2026-01-01 06:00:00	-91.7134	29.9604	0	-0.532	3.9	90.427	102.138	0.73	0	0.552	259.3	0	0	0.858	0.078	0	0.363	0.386	0.392	0.396	0.433	-1.5	-0.1	-0.1	1.471	3.058	2.833	3.587	4.049	11.912	12.95	15.188	17.938	19	NA
2026-01-01 07:00:00	-91.7134	29.9604	0	-0.55	3.8	91.722	102.095	0.736	0	0.677	249.5	0	0	0.882	0.065	0	0.363	0.386	0.392	0.396	0.433	-1.6	-0.1	-0.1	1.466	3.059	2.829	3.588	4.049	11.7	12.8	15.15	17.887	18.9	NA
2026-01-01 08:00:00	-91.7134	29.9604	0	-0.605	3.5	93.561	102.05	0.734	0	0.703	244.95	0	0	1.05	0.05	0	0.363	0.385	0.392	0.396	0.433	-1.675	-0.1	-0.1	1.464	3.055	2.828	3.59	4.059	11.525	12.65	15.137	17.85	18.9	NA
2026-01-01 09:00:00	-91.7134	29.9604	0	-0.715	3.275	92.079	102.022	0.711	0	0.405	284.175	0	0	0.655	0.058	0	0.363	0.385	0.392	0.396	0.433	-1.775	-0.1	-0.1	1.462	3.062	2.83	3.59	4.056	11.375	12.525	15.05	17.85	18.9	NA
2026-01-01 10:00:00	-91.7134	29.9604	0	-0.535	3.925	93.113	102.022	0.753	0	0.695	253.25	0	0	0.91	0.055	0	0.363	0.385	0.391	0.396	0.433	-1.8	-0.1	-0.1	1.458	3.06	2.83	3.591	4.054	11.225	12.375	15.038	17.85	18.9	NA
2026-01-01 11:00:00	-91.7134	29.9604	0	-0.562	3.825	93.176	102.002	0.748	0	0.66	256.425	0	0	0.855	0.055	0	0.363	0.385	0.392	0.396	0.433	-1.875	-0.1	-0.1	1.458	3.059	2.827	3.591	4.054	11.125	12.25	14.975	17.825	18.9	NA
2026-01-01 12:00:00	-91.7134	29.9604	0	-0.67	3.725	93.898	101.99	0.749	0	0.552	247.425	0	0	0.81	0.05	0	0.363	0.385	0.392	0.396	0.433	-2	-0.1	-0.1	1.457	3.06	2.825	3.593	4.049	11	12.15	14.925	17.775	18.9	NA
2026-01-01 13:00:00	-91.7134	29.9604	0	-0.167	3.775	96.078	102.007	0.769	10.1	0.483	261.425	0	0	0.77	0.032	0	0.363	0.384	0.392	0.396	0.433	-2	-0.1	-0.1	1.457	3.062	2.824	3.593	4.054	10.9	12.025	14.875	17.75	18.9	0.701
2026-01-01 14:00:00	-91.7134	29.9604	0	8.168	7.875	99.929	102.112	1.07	87.925	0.627	297.525	0	0	1.16	0	0	0.363	0.384	0.392	0.396	0.433	-2.125	-0.1	-0.1	1.454	3.058	2.82	3.593	4.056	10.85	11.975	14.8	17.75	18.9	0.799
2026-01-01 15:00:00	-91.7134	29.9604	0	15.848	12.95	96.251	102.192	1.437	253.775	1.77	319.825	0	0	3.115	0.06	0	0.363	0.384	0.392	0.396	0.433	-2.2	-0.1	-0.1	1.453	3.058	2.821	3.596	4.057	11.012	11.9	14.75	17.75	18.9	0.768
2026-01-01 16:00:00	-91.7134	29.9604	0	19.798	16.125	74.171	102.213	1.356	427.15	2.527	312.175	0	0	4.787	0.48	0	0.362	0.384	0.391	0.396	0.433	-2.3	-0.1	-0.1	1.459	3.063	2.818	3.594	4.05	11.438	12.05	14.7	17.738	18.875	0.731
2026-01-01 17:00:00	-91.7134	29.9604	0	21.845	18.125	57.144	102.142	1.187	530.075	3.143	302.725	0	0	5.918	0.892	0	0.362	0.384	0.391	0.396	0.433	-2.425	-0.1	-0.1	1.46	3.066	2.819	3.594	4.051	12.162	12.35	14.613	17.662	18.8	0.742
2026-01-01 18:00:00	-91.7134	29.9604	0	23.19	19.1	50.506	102.007	1.116	587.075	3.317	281.825	0	0	6.08	1.092	0	0.362	0.384	0.391	0.396	0.433	-2.575	-0.1	-0.1	1.46	3.066	2.821	3.598	4.051	13.075	12.775	14.6	17.65	18.8	0.745
2026-01-01 19:00:00	-91.7134	29.9604	0	22.792	19.675	43.649	101.878	1.001	547.35	3.332	289.125	0	0	6.518	1.292	0	0.361	0.384	0.391	0.396	0.433	-2.75	-0.1	-0.1	1.464	3.066	2.822	3.594	4.051	13.95	13.25	14.6	17.65	18.8	0.76
2026-01-01 20:00:00	-91.7134	29.9604	0	21.705	19.825	48.777	101.808	1.129	425.55	3.4	271.9	0	0	6.898	1.18	0	0.361	0.384	0.391	0.395	0.433	-3.025	-0.1	-0.1	1.47	3.063	2.828	3.596	4.049	14.625	13.675	14.575	17.65	18.8	0.773
2026-01-01 21:00:00	-91.7134	29.9604	0	18.812	19.15	48.969	101.775	1.086	279	3.898	261.5	0	0	6.923	1.13	0	0.36	0.384	0.391	0.395	0.433	-3.325	-0.1	-0.1	1.476	3.065	2.832	3.598	4.052	15	14.075	14.65	17.637	18.8	0.778
2026-01-01 22:00:00	-91.7134	29.9604	0	15.915	17.85	57.609	101.765	1.176	128.975	3.458	253.025	0	0	5.892	0.867	0	0.36	0.384	0.391	0.395	0.433	-3.575	-0.1	-0.1	1.473	3.063	2.833	3.599	4.052	15.038	14.35	14.688	17.562	18.8	0.784
2026-01-01 23:00:00	-91.7134	29.9604	0	12.488	15.75	70.6	101.77	1.262	14.175	2.49	259	0	0	4.108	0.53	0	0.36	0.384	0.391	0.395	0.433	-3.9	-0.1	-0.1	1.474	3.06	2.837	3.601	4.052	14.875	14.475	14.762	17.55	18.8	0.786
2026-01-02 00:00:00	-91.7134	29.9604	0	8.84	13.725	78.705	101.752	1.236	0	1.23	226.45	0	0	2.132	0.335	0	0.361	0.384	0.391	0.395	0.433	-4.025	-0.1	-0.1	1.472	3.061	2.84	3.601	4.055	14.587	14.5	14.825	17.55	18.8	NA
2026-01-02 01:00:00	-91.7134	29.9604	0	8.463	12.35	85.429	101.732	1.226	0	1.395	223.025	0	0	2.212	0.208	0	0.361	0.384	0.391	0.395	0.433	-4.35	-0.1	-0.1	1.467	3.06	2.842	3.6	4.054	14.262	14.425	14.912	17.55	18.725	NA
2026-01-02 02:00:00	-91.7134	29.9604	0	8.608	11.85	90.045	101.72	1.25	0	1.125	227.35	0	0	2.27	0.138	0	0.36	0.384	0.391	0.395	0.433	-4.575	-0.1	-0.1	1.462	3.06	2.842	3.602	4.055	13.975	14.325	14.962	17.525	18.7	NA
2026-01-02 03:00:00	-91.7134	29.9604	0	9.735	12.125	91.16	101.692	1.289	0	1.378	221.975	0	0	2.633	0.122	0	0.36	0.384	0.391	0.395	0.433	-4.925	-0.1	-0.1	1.46	3.06	2.84	3.604	4.056	13.75	14.175	15.025	17.45	18.7	NA
2026-01-02 04:00:00	-91.7134	29.9604	0	11.245	12.775	91.618	101.645	1.352	0	1.742	211.6	0	0	3.547	0.12	0	0.36	0.384	0.391	0.395	0.433	-5	-0.1	-0.1	1.458	3.061	2.842	3.605	4.05	13.625	14.1	15.05	17.45	18.7	NA
2026-01-02 05:00:00	-91.7134	29.9604	0	11.652	13.45	90.846	101.59	1.401	0	2.098	216.125	0	0	3.697	0.143	0	0.36	0.384	0.391	0.395	0.433	-5.1	-0.1	-0.1	1.455	3.064	2.835	3.597	4.055	13.6	14	15.088	17.45	18.7	NA
2026-01-02 06:00:00	-91.7134	29.9604	0	12.142	13.975	88.705	101.53	1.416	0	1.965	217.55	0	0	3.328	0.182	0	0.36	0.384	0.391	0.395	0.433	-5.2	-0.1	-0.1	1.452	3.065	2.835	3.602	4.055	13.6	14	15.1	17.45	18.7	NA
2026-01-02 07:00:00	-91.7134	29.9604	0	12.072	14.175	88.168	101.488	1.426	0	1.787	219.725	0	0	3.553	0.19	0	0.36	0.383	0.391	0.395	0.433	-5.275	-0.1	-0.1	1.453	3.064	2.835	3.603	4.056	13.65	14	15.1	17.425	18.7	NA
2026-01-02 08:00:00	-91.7134	29.9604	0	12.302	13.95	89.226	101.452	1.422	0	1.117	212.95	0	0	2.235	0.17	0	0.36	0.383	0.391	0.395	0.433	-5.3	-0.1	-0.1	1.451	3.067	2.835	3.609	4.056	13.65	14	15.1	17.363	18.7	NA
2026-01-02 09:00:00	-91.7134	29.9604	0	12.698	14.325	88.811	101.378	1.45	0	1.695	213.2	0	0	3.513	0.18	0	0.36	0.383	0.391	0.395	0.433	-5.375	-0.1	-0.1	1.453	3.067	2.835	3.609	4.056	13.7	14	15.1	17.35	18.7	NA
2026-01-02 10:00:00	-91.7134	29.9604	0	13.26	14.6	88.784	101.315	1.476	0	1.58	213.3	0	0	3.067	0.188	0	0.36	0.383	0.391	0.395	0.433	-5.5	-0.1	-0.1	1.452	3.067	2.835	3.607	4.057	13.738	14	15.1	17.35	18.65	NA
2026-01-02 11:00:00	-91.7134	29.9604	0	13.845	15	87.998	101.275	1.501	0	1.792	215.775	0	0	3.68	0.202	0	0.36	0.383	0.391	0.395	0.433	-5.5	-0.1	-0.1	1.449	3.066	2.835	3.61	4.058	13.825	14.075	15.1	17.35	18.6	NA
2026-01-02 12:00:00	-91.7134	29.9604	0	14.438	15.475	90.207	101.262	1.586	0	1.625	213.35	0	0	3.13	0.175	0	0.36	0.383	0.391	0.395	0.433	-5.6	-0.1	-0.1	1.448	3.068	2.834	3.609	4.058	13.925	14.1	15.1	17.35	18.6	NA
2026-01-02 13:00:00	-91.7134	29.9604	0	14.738	15.975	91.984	101.252	1.67	9.425	1.852	220.25	0	0	3.928	0.145	0	0.359	0.383	0.391	0.395	0.433	-5.65	-0.1	-0.1	1.445	3.067	2.833	3.606	4.059	14.025	14.2	15.125	17.35	18.6	0.769
2026-01-02 14:00:00	-91.7134	29.9604	0	17.955	18.075	92.45	101.232	1.918	84.85	3.002	228.75	0	0	5.558	0.158	0	0.359	0.383	0.391	0.394	0.433	-5.675	-0.1	-0.1	1.442	3.07	2.833	3.606	4.058	14.162	14.25	15.15	17.35	18.6	0.79
2026-01-02 15:00:00	-91.7134	29.9604	0	20.025	20.175	87.303	101.235	2.063	144.275	3.785	230.8	0	0	8.207	0.298	0	0.359	0.383	0.391	0.394	0.433	-5.775	-0.1	-0.1	1.442	3.069	2.833	3.606	4.058	14.463	14.375	15.15	17.35	18.6	0.782
2026-01-02 16:00:00	-91.7134	29.9604	0	21.698	21.45	84.089	101.248	2.15	201.9	4.295	235.4	0	0	8.498	0.405	0	0.358	0.383	0.391	0.394	0.433	-5.8	-0.1	-0.1	1.453	3.071	2.835	3.61	4.049	14.9	14.6	15.15	17.275	18.6	0.768
2026-01-02 17:00:00	-91.7134	29.9604	0	23.375	22.45	81.899	101.175	2.226	317.5	5.908	242.775	0	0	12.052	0.488	0	0.358	0.383	0.391	0.394	0.433	-5.9	-0.1	-0.1	1.453	3.07	2.834	3.609	4.049	15.475	14.9	15.2	17.25	18.6	0.746
2026-01-02 18:00:00	-91.7134	29.9604	0.832	22.567	21.75	85.343	101.055	2.216	259.775	6.558	242.875	0	0	12.543	0.392	0.008	0.358	0.383	0.391	0.394	0.433	-5.95	-0.1	-0.1	1.45	3.071	2.836	3.607	4.051	16	15.25	15.25	17.25	18.6	0.769
2026-01-02 19:00:00	-91.7134	29.9604	0.12	21.918	21.475	89.927	100.922	2.302	272.075	5.945	244.675	0	0	11.713	0.262	0	0.359	0.383	0.391	0.394	0.433	-6.025	-0.1	-0.1	1.449	3.083	2.839	3.607	4.059	16.438	15.6	15.262	17.25	18.6	0.784
2026-01-02 20:00:00	-91.7134	29.9604	0	23.392	22.875	86.677	100.848	2.417	395.175	6.987	245.25	0	0	12.582	0.368	0	0.359	0.384	0.391	0.394	0.433	-6.05	-0.1	-0.1	1.452	3.076	2.842	3.609	4.06	16.862	15.925	15.35	17.25	18.5	0.775
2026-01-02 21:00:00	-91.7134	29.9604	0	22.208	22.35	86.914	100.825	2.348	178.325	6.082	251.25	0	0	10.86	0.35	0	0.359	0.384	0.391	0.394	0.433	-6.2	-0.1	-0.1	1.456	3.073	2.844	3.609	4.056	17.237	16.2	15.412	17.25	18.5	0.775
2026-01-02 22:00:00	-91.7134	29.9604	0	20.928	21.375	89.526	100.81	2.278	95.6	5.065	249.15	0	0	9.445	0.265	0	0.359	0.384	0.391	0.394	0.433	-6.2	-0.1	-0.1	1.454	3.072	2.847	3.609	4.059	17.363	16.45	15.5	17.25	18.5	0.784
2026-01-02 23:00:00	-91.7134	29.9604	0	19.668	20.475	92.301	100.808	2.223	8.05	4.28	246.6	0	0	7.885	0.188	0	0.359	0.384	0.391	0.394	0.433	-6.275	-0.1	-0.1	1.452	3.069	2.847	3.609	4.053	17.338	16.6	15.6	17.25	18.5	0.786
2026-01-03 00:00:00	-91.7134	29.9604	0	19.278	20.45	93.607	100.812	2.251	0	4.365	249.125	0	0	8.283	0.153	0	0.359	0.385	0.391	0.394	0.433	-6.4	-0.1	-0.1	1.453	3.074	2.85	3.609	4.052	17.25	16.7	15.712	17.25	18.5	NA
2026-01-03 01:00:00	-91.7134	29.9604	0	19.5	20.65	94.791	100.808	2.307	0	4.668	249.225	0	0	9.055	0.13	0	0.358	0.385	0.391	0.394	0.433	-6.4	-0.1	-0.1	1.451	3.074	2.852	3.613	4.052	17.113	16.7	15.8	17.25	18.5	NA
2026-01-03 02:00:00	-91.7134	29.9604	0	19.528	20.65	95.572	100.832	2.326	0	4.095	247.025	0	0	7.963	0.108	0	0.359	0.385	0.391	0.394	0.432	-6.425	-0.1	-0.1	1.451	3.073	2.854	3.611	4.053	17.075	16.7	15.9	17.25	18.5	NA
2026-01-03 03:00:00	-91.7134	29.9604	0	19.733	20.5	96.825	100.87	2.335	0	4.355	252.65	0	0	8.31	0.075	0	0.358	0.385	0.391	0.394	0.432	-6.575	-0.1	-0.1	1.456	3.073	2.853	3.609	4.053	17.05	16.7	15.975	17.25	18.5	NA
2026-01-03 04:00:00	-91.7134	29.9604	0	19.548	19.75	98.742	100.927	2.273	0	3.538	267.325	0	0	6.438	0.028	0	0.358	0.385	0.391	0.394	0.432	-6.6	-0.1	-0.1	1.458	3.072	2.853	3.609	4.053	17.1	16.7	16.05	17.25	18.5	NA
2026-01-03 05:00:00	-91.7134	29.9604	0	19.29	19.35	99.362	100.932	2.232	0	2.648	267.65	0	0	4.585	0.015	0	0.358	0.385	0.391	0.394	0.432	-6.6	-0.1	-0.1	1.456	3.071	2.853	3.612	4.053	17.113	16.8	16.125	17.25	18.5	NA
2026-01-03 06:00:00	-91.7134	29.9604	0	19.108	19.175	99.621	100.918	2.213	0	2.672	264.975	0	0	4.835	0.007	0	0.359	0.385	0.391	0.394	0.432	-6.6	-0.1	-0.1	1.455	3.071	2.852	3.61	4.052	17.188	16.8	16.175	17.25	18.5	NA
2026-01-03 07:00:00	-91.7134	29.9604	0	19.282	19.25	99.935	100.892	2.232	0	2.385	258.775	0	0	4.148	0	0	0.359	0.385	0.391	0.394	0.432	-6.625	-0.1	-0.1	1.458	3.069	2.852	3.615	4.053	17.2	16.9	16.25	17.25	18.475	NA
2026-01-03 08:00:00	-91.7134	29.9604	0	19.14	19.2	99.857	100.9	2.223	0	1.89	253.475	0	0	3.542	0	0	0.359	0.385	0.391	0.394	0.432	-6.7	-0.1	-0.1	1.458	3.069	2.85	3.617	4.055	17.2	16.9	16.3	17.25	18.4	NA
2026-01-03 09:00:00	-91.7134	29.9604	0	19.305	19.4	99.915	100.89	2.253	0	1.555	265.375	0	0	2.955	0	0	0.359	0.385	0.392	0.394	0.432	-6.7	-0.1	-0.1	1.462	3.068	2.85	3.62	4.055	17.25	16.95	16.35	17.25	18.4	NA
2026-01-03 10:00:00	-91.7134	29.9604	0	19.443	19.925	99.494	100.878	2.316	0	2.445	254.025	0	0	4.945	0.007	0	0.358	0.385	0.392	0.394	0.432	-6.8	-0.1	-0.1	1.467	3.064	2.849	3.62	4.056	17.275	17	16.412	17.25	18.4	NA
2026-01-03 11:00:00	-91.7134	29.9604	0	19.442	20.05	99.028	100.898	2.323	0	2.46	256.4	0	0	4.558	0.02	0	0.359	0.385	0.392	0.394	0.432	-6.8	-0.1	-0.1	1.469	3.064	2.849	3.62	4.055	17.3	17	16.45	17.25	18.4	NA
2026-01-03 12:00:00	-91.7134	29.9604	0	19.29	19.825	98.883	100.932	2.287	0	2.812	259.475	0	0	5.135	0.02	0	0.359	0.385	0.392	0.394	0.432	-6.8	-0.1	-0.1	1.474	3.063	2.852	3.619	4.053	17.338	17.05	16.5	17.25	18.4	NA
2026-01-03 13:00:00	-91.7134	29.9604	0	19.525	19.85	99.012	100.965	2.294	4.075	2.93	259.075	0	0	5.343	0.022	0	0.359	0.385	0.392	0.394	0.432	-6.85	-0.1	-0.1	1.476	3.064	2.852	3.621	4.048	17.35	17.1	16.55	17.25	18.4	0.752
2026-01-03 14:00:00	-91.7134	29.9604	0	20.27	20.15	98.862	100.975	2.333	76.65	3.827	254.95	0	0	6.883	0.022	0	0.359	0.385	0.392	0.394	0.432	-6.9	-0.1	-0.1	1.475	3.069	2.849	3.621	4.055	17.412	17.1	16.575	17.25	18.4	0.781
2026-01-03 15:00:00	-91.7134	29.9604	0	20.668	20.675	95.936	101.075	2.338	70.425	3.862	289.975	0	0	7.217	0.098	0	0.36	0.385	0.392	0.394	0.432	-6.975	-0.1	-0.1	1.477	3.067	2.849	3.621	4.053	17.575	17.2	16.637	17.25	18.4	0.781
2026-01-03 16:00:00	-91.7134	29.9604	0	22.163	21.325	92.302	101.12	2.342	227.05	3.547	296.875	0	0	6.362	0.192	0	0.36	0.385	0.392	0.394	0.432	-7	-0.1	-0.1	1.477	3.065	2.85	3.622	4.046	17.762	17.325	16.662	17.25	18.4	0.774
2026-01-03 17:00:00	-91.7134	29.9604	0	23.695	21.95	86.15	101.085	2.271	358.575	3.668	293.1	0	0	6.785	0.368	0	0.36	0.385	0.392	0.394	0.432	-7.075	-0.1	-0.1	1.476	3.063	2.85	3.622	4.046	18.05	17.45	16.725	17.25	18.4	0.754
2026-01-03 18:00:00	-91.7134	29.9604	0	25.945	22.85	82.336	101	2.292	512.475	2.94	282	0	0	6.05	0.488	0	0.36	0.385	0.392	0.394	0.432	-7.225	-0.1	-0.1	1.47	3.061	2.85	3.622	4.048	18.5	17.7	16.75	17.25	18.4	0.76
2026-01-03 19:00:00	-91.7134	29.9604	0	26.365	24	76.115	100.938	2.271	509.125	2.618	311.65	0	0	5.475	0.715	0	0.36	0.385	0.392	0.394	0.432	-7.5	-0.1	-0.1	1.474	3.061	2.851	3.623	4.054	19.05	17.975	16.825	17.25	18.4	0.774
2026-01-03 20:00:00	-91.7134	29.9604	0	25.925	24.8	70.516	100.912	2.207	418.125	2.425	332.175	0	0	5.123	0.922	0	0.358	0.385	0.391	0.394	0.432	-7.8	-0.1	-0.1	1.476	3.054	2.851	3.623	4.056	19.5	18.275	16.863	17.3	18.4	0.788
2026-01-03 21:00:00	-91.7134	29.9604	0	23.28	24.35	65.428	100.952	1.992	262.025	3.61	256.6	0	0	7.92	1.055	0	0.358	0.385	0.391	0.394	0.432	-8.175	-0.1	-0.1	1.477	3.05	2.851	3.623	4.059	19.663	18.475	16.95	17.3	18.4	0.794
2026-01-03 22:00:00	-91.7134	29.9604	0	20.178	21.625	73.053	101.05	1.889	125.975	5.14	11.375	0	0	8.992	0.7	0	0.357	0.385	0.391	0.394	0.432	-8.525	-0.1	-0.1	1.474	3.044	2.855	3.624	4.061	19.463	18.6	17.025	17.3	18.4	0.806
2026-01-03 23:00:00	-91.7134	29.9604	0	16.375	18.25	77.518	101.152	1.626	11.675	4.737	7.25	0	0	9.54	0.472	0	0.357	0.385	0.391	0.394	0.432	-8.825	-0.1	-0.1	1.467	3.04	2.857	3.626	4.056	19.087	18.55	17.113	17.3	18.4	0.769
2026-01-04 00:00:00	-91.7134	29.9604	0	13.967	15.55	82.437	101.282	1.457	0	4.04	12.575	0	0	7.825	0.305	0	0.358	0.385	0.391	0.394	0.432	-9.05	-0.1	-0.1	1.462	3.038	2.857	3.625	4.056	18.587	18.4	17.188	17.312	18.4	NA
2026-01-04 01:00:00	-91.7134	29.9604	0	12.928	14.1	86.501	101.37	1.392	0	3.215	14.725	0	0	6.57	0.215	0	0.357	0.385	0.391	0.394	0.432	-9.375	-0.1	-0.1	1.458	3.035	2.857	3.623	4.051	18.113	18.175	17.275	17.35	18.4	NA
2026-01-04 02:00:00	-91.7134	29.9604	0	12.19	13.05	88.592	101.448	1.331	0	2.73	11.9	0	0	5.655	0.17	0	0.357	0.385	0.391	0.394	0.432	-9.65	-0.1	-0.1	1.452	3.037	2.856	3.625	4.057	17.725	17.925	17.325	17.35	18.4	NA
2026-01-04 03:00:00	-91.7134	29.9604	0	12.732	12.9	89.396	101.528	1.33	0	2.982	17.025	0	0	6.385	0.16	0	0.356	0.384	0.391	0.394	0.432	-9.85	-0.1	-0.1	1.449	3.034	2.85	3.628	4.058	17.387	17.7	17.35	17.35	18.325	NA
2026-01-04 04:00:00	-91.7134	29.9604	0	12	11.825	90.618	101.605	1.257	0	4.037	9.4	0	0	7.81	0.13	0	0.356	0.384	0.391	0.394	0.432	-10	-0.1	-0.1	1.449	3.035	2.851	3.628	4.058	17.125	17.475	17.35	17.375	18.3	NA
2026-01-04 05:00:00	-91.7134	29.9604	0	11.49	11.325	89.873	101.678	1.206	0	3.385	11.175	0	0	6.998	0.135	0	0.356	0.384	0.391	0.394	0.432	-10.05	-0.1	-0.1	1.449	3.037	2.849	3.628	4.057	16.85	17.25	17.35	17.4	18.3	NA
2026-01-04 06:00:00	-91.7134	29.9604	0	11.268	11.6	88.414	101.708	1.208	0	2.388	17.75	0	0	5.428	0.16	0	0.356	0.384	0.392	0.394	0.432	-10.1	-0.1	-0.1	1.451	3.034	2.844	3.629	4.057	16.637	17.075	17.35	17.4	18.3	NA
2026-01-04 07:00:00	-91.7134	29.9604	0	11.405	11.7	87.649	101.72	1.205	0	2.967	22.65	0	0	6.965	0.168	0	0.356	0.384	0.391	0.394	0.432	-10.175	-0.1	-0.1	1.447	3.032	2.844	3.628	4.057	16.45	16.925	17.35	17.4	18.3	NA
2026-01-04 08:00:00	-91.7134	29.9604	0	10.87	11.05	88.7	101.755	1.168	0	2.87	16.25	0	0	6.64	0.152	0	0.356	0.383	0.391	0.394	0.432	-10.225	-0.1	-0.1	1.446	3.034	2.838	3.628	4.057	16.275	16.75	17.325	17.4	18.3	NA
2026-01-04 09:00:00	-91.7134	29.9604	0	10.962	11.025	88.182	101.722	1.16	0	2.947	32.475	0	0	6.423	0.152	0	0.355	0.383	0.391	0.394	0.432	-10.3	-0.1	-0.1	1.443	3.036	2.839	3.627	4.057	16.113	16.625	17.3	17.438	18.3	NA
2026-01-04 10:00:00	-91.7134	29.9604	0	10.748	10.65	88.773	101.625	1.139	0	3.49	55.325	0	0	6.602	0.145	0	0.355	0.383	0.391	0.394	0.432	-10.325	-0.1	-0.1	1.433	3.034	2.833	3.627	4.057	15.963	16.475	17.3	17.475	18.3	NA
2026-01-04 11:00:00	-91.7134	29.9604	0	10.75	10.7	88.769	101.72	1.142	0	2.602	53.675	0	0	5.07	0.143	0	0.355	0.383	0.391	0.394	0.432	-10.4	-0.1	-0.1	1.426	3.034	2.834	3.629	4.057	15.85	16.35	17.212	17.5	18.3	NA
2026-01-04 12:00:00	-91.7134	29.9604	0	10.717	10.725	88.156	101.8	1.136	0	2.558	46.1	0	0	4.827	0.15	0	0.354	0.383	0.391	0.394	0.432	-10.45	-0.1	-0.1	1.42	3.028	2.833	3.627	4.056	15.738	16.25	17.2	17.5	18.3	NA
2026-01-04 13:00:00	-91.7134	29.9604	0	10.982	10.95	88.353	101.908	1.156	2.35	2.487	50.45	0	0	4.74	0.15	0	0.354	0.382	0.391	0.394	0.432	-10.5	-0.1	-0.1	1.426	3.031	2.835	3.629	4.057	15.65	16.15	17.15	17.5	18.3	0.811
2026-01-04 14:00:00	-91.7134	29.9604	0	11.703	11.3	88.805	102.005	1.189	29.225	2.058	60.025	0	0	4.043	0.15	0	0.354	0.382	0.391	0.394	0.432	-10.6	-0.1	-0.1	1.417	3.036	2.834	3.631	4.067	15.6	16.05	17.113	17.5	18.3	0.814
2026-01-04 15:00:00	-91.7134	29.9604	0	12.692	11.8	88.821	102.06	1.23	67.925	1.815	85.725	0	0	3.775	0.152	0	0.354	0.382	0.391	0.394	0.432	-10.625	-0.1	-0.1	1.41	3.031	2.832	3.627	4.068	15.588	16	17.05	17.5	18.3	0.802
2026-01-04 16:00:00	-91.7134	29.9604	0	13.455	12.175	88.452	102.098	1.255	94.325	1.658	64.4	0	0	3.115	0.16	0	0.354	0.382	0.391	0.394	0.432	-10.725	-0.1	-0.1	1.408	3.033	2.832	3.627	4.065	15.7	16	17.038	17.5	18.3	0.797
2026-01-04 17:00:00	-91.7134	29.9604	0	16.052	12.625	89.656	102.088	1.31	214.5	1.28	30.525	0	0	2.85	0.152	0	0.354	0.382	0.391	0.394	0.432	-10.8	-0.1	-0.1	1.409	3.027	2.832	3.627	4.067	15.863	16.025	16.95	17.512	18.3	0.794
2026-01-04 18:00:00	-91.7134	29.9604	0	17.185	13.3	87.813	102.002	1.341	241.725	1.148	45.825	0	0	3.508	0.182	0	0.354	0.382	0.391	0.394	0.432	-10.875	-0.1	-0.1	1.401	3.03	2.829	3.625	4.06	16.225	16.15	16.95	17.6	18.3	0.792
2026-01-04 19:00:00	-91.7134	29.9604	0	17.648	13.775	86.265	101.902	1.359	233.675	1.05	101.975	0	0	2.505	0.215	0	0.353	0.381	0.391	0.394	0.432	-10.925	-0.1	-0.1	1.391	3.026	2.83	3.628	4.065	16.6	16.325	16.95	17.6	18.3	0.793
2026-01-04 20:00:00	-91.7134	29.9604	0	17.64	14.5	83.143	101.83	1.373	198.075	0.965	167.4	0	0	2.178	0.275	0	0.353	0.381	0.391	0.394	0.432	-11.025	-0.1	-0.1	1.396	3.028	2.832	3.626	4.061	16.925	16.55	16.875	17.6	18.325	0.794
2026-01-04 21:00:00	-91.7134	29.9604	0	16.285	14.825	80.789	101.8	1.362	99.85	0.838	137.325	0	0	1.972	0.322	0	0.353	0.381	0.391	0.394	0.432	-11.125	-0.1	-0.1	1.403	3.033	2.832	3.632	4.056	17.125	16.725	16.875	17.6	18.4	0.8
2026-01-04 22:00:00	-91.7134	29.9604	0	15.062	14.825	79.986	101.805	1.349	32.55	0.792	236.025	0	0	1.598	0.338	0	0.353	0.381	0.391	0.394	0.432	-11.2	-0.1	-0.1	1.401	3.03	2.834	3.634	4.062	17.175	16.85	16.9	17.6	18.4	0.807
2026-01-04 23:00:00	-91.7134	29.9604	0	14.115	14.625	80.969	101.86	1.348	1.5	0.917	278.575	0	0	1.582	0.315	0	0.352	0.382	0.391	0.394	0.432	-11.35	-0.1	-0.1	1.403	3.03	2.838	3.634	4.064	17.062	16.9	16.9	17.6	18.4	0.872
2026-01-05 00:00:00	-91.7134	29.9604	0	13.758	14.275	82.759	101.905	1.347	0	0.772	233.175	0	0	1.25	0.28	0	0.352	0.382	0.391	0.394	0.432	-11.425	-0.1	-0.1	1.387	3.03	2.838	3.634	4.064	16.913	16.9	16.938	17.6	18.4	NA
2026-01-05 01:00:00	-91.7134	29.9604	0	13.387	13.925	85.215	101.858	1.356	0	0.99	263.35	0	0	1.602	0.238	0	0.352	0.382	0.391	0.394	0.432	-11.5	-0.1	-0.1	1.379	3.03	2.837	3.634	4.065	16.762	16.85	16.975	17.6	18.4	NA
2026-01-05 02:00:00	-91.7134	29.9604	0	13.098	14	84.907	101.865	1.357	0	0.84	249.3	0	0	1.562	0.24	0	0.352	0.382	0.391	0.394	0.432	-11.55	-0.1	-0.1	1.378	3.028	2.836	3.634	4.064	16.637	16.8	17	17.6	18.4	NA
2026-01-05 03:00:00	-91.7134	29.9604	0	13.26	13.9	85.09	101.915	1.351	0	0.66	301.575	0	0	1.352	0.238	0	0.352	0.381	0.391	0.394	0.432	-11.6	-0.1	-0.1	1.382	3.03	2.836	3.634	4.064	16.525	16.7	17	17.6	18.4	NA
2026-01-05 04:00:00	-91.7134	29.9604	0	13.338	13.825	87.282	101.91	1.38	0	0.948	301.6	0	0	1.63	0.198	0	0.352	0.381	0.391	0.394	0.432	-11.65	-0.1	-0.1	1.382	3.027	2.836	3.634	4.065	16.45	16.675	17	17.6	18.4	NA
2026-01-05 05:00:00	-91.7134	29.9604	0	12.875	13.15	90.121	101.868	1.363	0	0.93	334.325	0	0	1.972	0.15	0	0.352	0.381	0.391	0.394	0.432	-11.7	-0.1	-0.1	1.382	3.029	2.836	3.636	4.064	16.363	16.6	17	17.6	18.4	NA
2026-01-05 06:00:00	-91.7134	29.9604	0	11.232	12.325	90.228	101.782	1.293	0	0.902	293.75	0	0	1.527	0.143	0	0.352	0.381	0.391	0.394	0.432	-11.775	-0.1	-0.1	1.377	3.03	2.836	3.634	4.064	16.288	16.575	17	17.6	18.4	NA
2026-01-05 07:00:00	-91.7134	29.9604	0	10.088	11.375	92.513	101.76	1.245	0	1.082	316.375	0	0	1.72	0.102	0	0.352	0.381	0.391	0.394	0.432	-11.825	-0.1	-0.1	1.378	3.024	2.836	3.636	4.064	16.125	16.5	17	17.6	18.4	NA
2026-01-05 08:00:00	-91.7134	29.9604	0	6.12	10.35	92.172	101.748	1.159	0	1.087	311.05	0	0	1.688	0.095	0	0.352	0.381	0.391	0.394	0.432	-11.9	-0.1	-0.1	1.382	3.027	2.836	3.636	4.064	15.95	16.375	17	17.6	18.4	NA
2026-01-05 09:00:00	-91.7134	29.9604	0	4.772	9.375	93.428	101.685	1.1	0	1.562	272.2	0	0	2.14	0.075	0	0.351	0.381	0.391	0.394	0.432	-11.925	-0.1	-0.1	1.372	3.027	2.837	3.636	4.066	15.637	16.25	16.988	17.6	18.4	NA
2026-01-05 10:00:00	-91.7134	29.9604	0	5.122	8.8	95.986	101.675	1.087	0	1.23	293.7	0	0	2.03	0.048	0	0.351	0.381	0.391	0.394	0.432	-12	-0.1	-0.1	1.365	3.028	2.838	3.636	4.065	15.287	16.05	16.95	17.6	18.4	NA
2026-01-05 11:00:00	-91.7134	29.9604	0	5.015	7.875	94.937	101.68	1.01	0	1.018	293.35	0	0	1.71	0.055	0	0.351	0.381	0.391	0.394	0.432	-12.075	-0.1	-0.1	1.362	3.024	2.832	3.636	4.065	15.012	15.85	16.95	17.6	18.4	NA
2026-01-05 12:00:00	-91.7134	29.9604	0	4.783	7.925	95.849	101.7	1.023	0	0.895	260.425	0	0	1.772	0.043	0	0.351	0.381	0.391	0.394	0.432	-12.125	-0.1	-0.1	1.361	3.023	2.83	3.636	4.065	14.788	15.65	16.887	17.6	18.4	NA
2026-01-05 13:00:00	-91.7134	29.9604	0	5.275	7.225	97.024	101.74	0.987	10.65	1.025	316.625	0	0	1.552	0.032	0	0.351	0.38	0.391	0.394	0.432	-12.225	-0.1	-0.1	1.359	3.026	2.83	3.636	4.067	14.575	15.45	16.85	17.6	18.4	0.785
2026-01-05 14:00:00	-91.7134	29.9604	0	12.495	11.1	99.912	101.785	1.325	94.425	0.86	176.775	0	0	1.888	0	0	0.351	0.38	0.391	0.394	0.432	-12.3	-0.1	-0.1	1.352	3.023	2.828	3.636	4.069	14.45	15.325	16.825	17.6	18.4	0.8
2026-01-05 15:00:00	-91.7134	29.9604	0	16.01	13.825	99.752	101.868	1.578	145	1.388	151.7	0	0	2.788	0	0	0.351	0.38	0.391	0.394	0.433	-12.4	-0.1	-0.1	1.358	3.024	2.824	3.636	4.065	14.637	15.225	16.75	17.613	18.4	0.799
2026-01-05 16:00:00	-91.7134	29.9604	0	18.625	15.575	96.482	101.918	1.708	228.3	0.897	108.1	0	0	2.208	0.06	0	0.35	0.38	0.391	0.394	0.433	-12.5	-0.1	-0.1	1.366	3.024	2.822	3.627	4.071	15.162	15.35	16.713	17.65	18.4	0.795
2026-01-05 17:00:00	-91.7134	29.9604	0	23.5	18.675	88.783	101.853	1.91	503.725	1.405	163.425	0	0	3.415	0.245	0	0.35	0.38	0.391	0.393	0.433	-12.575	-0.1	-0.1	1.37	3.023	2.823	3.628	4.071	15.763	15.6	16.65	17.65	18.4	0.756
2026-01-05 18:00:00	-91.7134	29.9604	0	25.01	20.625	81.25	101.738	1.974	539.425	2.27	233.35	0	0	4.76	0.45	0	0.35	0.38	0.39	0.393	0.433	-12.7	-0.1	-0.1	1.368	3.022	2.826	3.63	4.064	16.575	15.95	16.613	17.65	18.4	0.771
2026-01-05 19:00:00	-91.7134	29.9604	0	24.508	21.25	78.972	101.638	1.994	496.25	2.6	242.225	0	0	4.992	0.532	0	0.349	0.38	0.39	0.393	0.433	-12.8	-0.1	-0.1	1.366	3.015	2.828	3.629	4.069	17.475	16.45	16.588	17.65	18.4	0.788
2026-01-05 20:00:00	-91.7134	29.9604	0	23.09	21.15	79.539	101.572	1.996	376.2	2.862	245.15	0	0	5.248	0.51	0	0.348	0.38	0.39	0.393	0.433	-12.95	-0.1	-0.1	1.365	3.003	2.831	3.629	4.071	18.062	16.85	16.587	17.65	18.4	0.802
2026-01-05 21:00:00	-91.7134	29.9604	0	21.2	20.7	79.847	101.562	1.95	246.175	2.282	229.75	0	0	4.28	0.482	0	0.348	0.38	0.39	0.393	0.433	-13.075	-0.1	-0.1	1.362	3.003	2.836	3.629	4.071	18.337	17.225	16.65	17.65	18.4	0.812
2026-01-05 22:00:00	-91.7134	29.9604	0	18.982	20.05	81.793	101.56	1.918	100.65	1.915	226.975	0	0	3.58	0.425	0	0.348	0.38	0.39	0.393	0.433	-13.175	-0.1	-0.1	1.361	2.998	2.837	3.63	4.062	18.312	17.45	16.688	17.65	18.4	0.817
2026-01-05 23:00:00	-91.7134	29.9604	0	15.307	18.4	86.542	101.56	1.832	13.275	1.25	232.325	0	0	2.3	0.285	0	0.348	0.38	0.39	0.393	0.433	-13.25	-0.1	-0.1	1.357	3.001	2.841	3.632	4.062	18.113	17.5	16.775	17.65	18.4	0.836
2026-01-06 00:00:00	-91.7134	29.9604	0	12.348	16.8	91.319	101.552	1.747	0	0.823	227.7	0	0	1.76	0.167	0	0.348	0.381	0.39	0.393	0.433	-13.375	-0.1	-0.1	1.353	2.996	2.843	3.636	4.069	17.725	17.5	16.825	17.65	18.4	NA
2026-01-06 01:00:00	-91.7134	29.9604	0	13.078	16.4	94.574	101.558	1.764	0	0.945	237.7	0	0	1.822	0.1	0	0.348	0.381	0.39	0.393	0.433	-13.425	-0.1	-0.1	1.35	2.997	2.844	3.629	4.065	17.325	17.35	16.912	17.65	18.4	NA
2026-01-06 02:00:00	-91.7134	29.9604	0	12.322	16.025	96.394	101.582	1.756	0	0.615	200.55	0	0	1.255	0.065	0	0.348	0.381	0.39	0.393	0.432	-13.5	-0.1	-0.1	1.345	2.992	2.843	3.63	4.073	16.975	17.175	16.962	17.65	18.4	NA
2026-01-06 03:00:00	-91.7134	29.9604	0	10.342	14.525	96.856	101.582	1.603	0	0.428	284.175	0	0	0.838	0.05	0	0.348	0.38	0.39	0.393	0.433	-13.575	-0.1	-0.1	1.341	2.992	2.842	3.632	4.073	16.675	17	17	17.613	18.4	NA
2026-01-06 04:00:00	-91.7134	29.9604	0	9.915	14.125	96.266	101.575	1.551	0	0.34	262.4	0	0	0.915	0.062	0	0.348	0.38	0.39	0.393	0.433	-13.65	-0.1	-0.1	1.336	2.994	2.842	3.63	4.073	16.425	16.85	17.012	17.6	18.4	NA
2026-01-06 06:00:00	-91.7134	29.9604	0	11.392	13.5	97.474	101.542	1.508	0	0.4	310.525	0	0	0.93	0.038	0	0.348	0.38	0.39	0.393	0.432	-13.85	-0.1	-0.1	1.332	2.996	2.838	3.632	4.071	16	16.525	17	17.6	18.4	NA
2026-01-06 07:00:00	-91.7134	29.9604	0	12.96	15.175	97.806	101.515	1.687	0	0.945	137.175	0	0	1.935	0.035	0	0.348	0.38	0.39	0.393	0.432	-13.95	-0.1	-0.1	1.332	2.996	2.834	3.632	4.072	15.912	16.4	17	17.6	18.4	NA
2026-01-06 08:00:00	-91.7134	29.9604	0	11.235	13.625	98.68	101.515	1.539	0	0.445	149.775	0	0	1.015	0.017	0	0.347	0.38	0.39	0.393	0.432	-14.025	-0.1	-0.1	1.33	3.001	2.831	3.637	4.074	15.825	16.3	17	17.6	18.4	NA
2026-01-06 09:00:00	-91.7134	29.9604	0	12.213	13.9	99.382	101.508	1.578	0	0.74	144.175	0	0	1.27	0.01	0	0.347	0.379	0.39	0.393	0.432	-14.1	-0.1	-0.1	1.324	3.005	2.828	3.632	4.078	15.762	16.2	17	17.613	18.4	NA
2026-01-06 10:00:00	-91.7134	29.9604	0	11.633	13.225	99.77	101.507	1.517	0	0.288	142.575	0	0	0.537	0.002	0	0.347	0.379	0.39	0.393	0.432	-14.225	-0.1	-0.1	1.317	3.002	2.829	3.632	4.073	15.7	16.15	16.962	17.65	18.4	NA
2026-01-06 11:00:00	-91.7134	29.9604	0	12.533	13.625	98.411	101.535	1.536	0	0.29	80.625	0	0	0.693	0.022	0	0.347	0.379	0.39	0.393	0.432	-14.3	-0.1	-0.1	1.317	3.003	2.83	3.636	4.074	15.65	16.1	16.95	17.65	18.4	NA
2026-01-06 12:00:00	-91.7134	29.9604	0	13.08	14.675	98.839	101.55	1.651	0	0.877	151.4	0	0	1.675	0.018	0	0.347	0.379	0.39	0.393	0.433	-14.4	-0.1	-0.1	1.327	3.005	2.83	3.629	4.073	15.65	16.075	16.9	17.65	18.4	NA
2026-01-06 13:00:00	-91.7134	29.9604	0	12.89	14.075	99.488	101.578	1.6	14.8	0.58	126.225	0	0	1.413	0.005	0	0.347	0.379	0.39	0.393	0.432	-14.475	-0.1	-0.1	1.324	3.005	2.829	3.631	4.074	15.638	16	16.863	17.65	18.4	0.777
2026-01-06 14:00:00	-91.7134	29.9604	0	17.442	16.4	99.18	101.61	1.855	94.2	0.675	188.5	0	0	1.452	0.013	0	0.347	0.379	0.39	0.393	0.432	-14.525	-0.1	-0.1	1.322	3.005	2.826	3.632	4.079	15.625	16	16.85	17.65	18.4	0.811
2026-01-06 15:00:00	-91.7134	29.9604	0	22.578	19.3	99.923	101.625	2.242	239.4	1.388	213.4	0	0	2.763	0	0	0.347	0.379	0.39	0.393	0.432	-14.6	-0.1	-0.1	1.319	3	2.824	3.63	4.077	15.85	16.025	16.85	17.65	18.4	0.809
2026-01-06 16:00:00	-91.7134	29.9604	0	24.538	22.75	95.989	101.64	2.655	349.625	3.547	266.3	0	0	6.228	0.11	0	0.346	0.379	0.39	0.393	0.432	-14.65	-0.1	-0.1	1.321	2.998	2.825	3.631	4.076	16.325	16.2	16.825	17.675	18.4	0.78
2026-01-06 17:00:00	-91.7134	29.9604	0	26.328	24.05	86.087	101.605	2.577	489.05	4.148	271.175	0	0	7.708	0.415	0	0.346	0.379	0.39	0.393	0.432	-14.8	-0.1	-0.1	1.324	2.989	2.824	3.631	4.076	17	16.55	16.8	17.7	18.4	0.764
2026-01-06 18:00:00	-91.7134	29.9604	0	25.86	24.05	82.951	101.52	2.482	426.3	4.112	265.025	0	0	7.797	0.51	0	0.345	0.379	0.39	0.393	0.432	-14.95	-0.1	-0.1	1.326	2.98	2.83	3.632	4.077	17.788	16.95	16.8	17.7	18.4	0.788
2026-01-06 19:00:00	-91.7134	29.9604	0	26.685	24.625	78.001	101.397	2.416	560.125	4.568	256.325	0	0	8.262	0.682	0	0.345	0.379	0.389	0.393	0.432	-15.15	-0.1	-0.1	1.321	2.966	2.832	3.632	4.077	18.438	17.35	16.8	17.7	18.4	0.796
2026-01-06 20:00:00	-91.7134	29.9604	0	25.35	24.425	75.857	101.34	2.322	408.5	4.798	260.175	0	0	8.865	0.738	0	0.344	0.379	0.389	0.393	0.432	-15.4	-0.1	-0.1	1.317	2.951	2.836	3.633	4.077	18.95	17.75	16.863	17.7	18.4	0.807
2026-01-06 21:00:00	-91.7134	29.9604	0	24.157	24	76.487	101.342	2.282	312.175	4.178	254.525	0	0	7.367	0.695	0	0.343	0.379	0.389	0.393	0.432	-15.65	-0.1	-0.1	1.314	2.943	2.838	3.633	4.078	19.2	18.025	16.912	17.7	18.4	0.813
2026-01-06 22:00:00	-91.7134	29.9604	0	21.675	23.05	78.858	101.378	2.222	129.7	3.652	254.825	0	0	6.702	0.59	0	0.342	0.379	0.389	0.393	0.432	-15.775	-0.1	-0.1	1.317	2.943	2.843	3.633	4.078	19.188	18.225	17	17.7	18.4	0.818
2026-01-06 23:00:00	-91.7134	29.9604	0	19.427	21.175	86.169	101.422	2.165	11.225	2.84	249.15	0	0	4.88	0.348	0	0.342	0.379	0.389	0.393	0.432	-15.925	-0.1	-0.1	1.314	2.938	2.846	3.633	4.078	19	18.3	17.087	17.7	18.4	0.804
2026-01-07 00:00:00	-91.7134	29.9604	0	18.202	19.9	91.554	101.45	2.128	0	2.15	250.275	0	0	3.925	0.195	0	0.342	0.379	0.389	0.393	0.432	-16	-0.1	-0.1	1.31	2.939	2.843	3.633	4.078	18.7	18.275	17.15	17.7	18.4	NA
2026-01-07 01:00:00	-91.7134	29.9604	0	17.352	19.05	94.534	101.482	2.084	0	1.595	254.025	0	0	2.812	0.12	0	0.341	0.38	0.389	0.393	0.432	-16.05	-0.1	-0.1	1.308	2.937	2.847	3.633	4.08	18.413	18.175	17.25	17.7	18.4	NA
2026-01-07 02:00:00	-91.7134	29.9604	0	17.032	18.675	97.266	101.498	2.094	0	1.34	232.4	0	0	3.1	0.058	0	0.341	0.379	0.389	0.393	0.432	-16.15	-0.1	-0.1	1.308	2.937	2.846	3.633	4.087	18.15	18.05	17.325	17.7	18.4	NA
2026-01-07 03:00:00	-91.7134	29.9604	0	16.305	18.25	97.679	101.498	2.048	0	1.202	230.05	0	0	2.458	0.05	0	0.341	0.379	0.389	0.393	0.432	-16.2	-0.1	-0.1	1.304	2.938	2.845	3.632	4.086	17.913	17.95	17.35	17.7	18.4	NA
2026-01-07 04:00:00	-91.7134	29.9604	0	17.933	19.35	96.857	101.488	2.175	0	1.913	237.175	0	0	3.882	0.065	0	0.341	0.379	0.389	0.393	0.432	-16.3	-0.1	-0.1	1.305	2.941	2.843	3.633	4.091	17.738	17.8	17.438	17.7	18.4	NA
2026-01-07 05:00:00	-91.7134	29.9604	0	18.298	19.575	96.884	101.482	2.207	0	2.56	245.15	0	0	4.745	0.07	0	0.341	0.379	0.389	0.393	0.432	-16.375	-0.1	-0.1	1.299	2.938	2.84	3.633	4.094	17.625	17.7	17.45	17.7	18.4	NA
2026-01-07 06:00:00	-91.7134	29.9604	0	17.705	18.85	98.458	101.498	2.144	0	2.24	276.675	0	0	4.205	0.032	0	0.341	0.379	0.389	0.393	0.432	-16.475	-0.1	-0.1	1.3	2.939	2.839	3.633	4.093	17.588	17.625	17.45	17.7	18.4	NA
2026-01-07 07:00:00	-91.7134	29.9604	0	18.238	18.45	99.583	101.478	2.114	0	2.215	262.375	0	0	3.953	0.005	0	0.341	0.379	0.389	0.393	0.432	-16.55	-0.1	-0.1	1.303	2.94	2.837	3.635	4.098	17.55	17.6	17.5	17.7	18.4	NA
2026-01-07 08:00:00	-91.7134	29.9604	0	18.282	18.225	99.804	101.488	2.09	0	1.817	261.8	0	0	3.325	0	0	0.341	0.379	0.389	0.393	0.432	-16.625	-0.1	-0.1	1.299	2.944	2.835	3.633	4.101	17.6	17.6	17.5	17.7	18.4	NA
2026-01-07 09:00:00	-91.7134	29.9604	0	17.86	17.85	99.848	101.51	2.044	0	1.275	260.55	0	0	2.365	0	0	0.341	0.379	0.389	0.393	0.432	-16.65	-0.1	-0.1	1.298	2.954	2.835	3.633	4.104	17.65	17.6	17.5	17.7	18.4	NA
2026-01-07 10:00:00	-91.7134	29.9604	0	17.542	17.675	99.83	101.502	2.019	0	0.44	200.35	0	0	1.022	0	0	0.341	0.379	0.39	0.393	0.432	-16.775	-0.1	-0.1	1.298	2.958	2.835	3.632	4.109	17.688	17.6	17.5	17.7	18.4	NA
2026-01-07 11:00:00	-91.7134	29.9604	0	17.378	17.375	99.77	101.52	1.981	0	0.348	265.925	0	0	1.052	0	0	0.341	0.379	0.39	0.393	0.432	-16.8	-0.1	-0.1	1.289	2.963	2.834	3.632	4.109	17.7	17.6	17.5	17.7	18.4	NA
2026-01-07 12:00:00	-91.7134	29.9604	0	17.82	17.625	99.806	101.56	2.013	0	0.575	236.65	0	0	1.265	0	0	0.341	0.378	0.39	0.393	0.432	-16.875	-0.1	-0.1	1.289	2.965	2.834	3.632	4.112	17.7	17.6	17.5	17.7	18.4	NA
2026-01-07 13:00:00	-91.7134	29.9604	0	18.135	17.7	99.946	101.595	2.025	11.225	0.603	245.7	0	0	1.383	0	0	0.341	0.378	0.389	0.393	0.432	-17	-0.1	-0.1	1.289	2.965	2.833	3.632	4.121	17.7	17.6	17.55	17.7	18.4	0.763
2026-01-07 14:00:00	-91.7134	29.9604	0	19.828	18.625	99.908	101.62	2.147	53.575	0.715	211.2	0	0	1.535	0	0	0.34	0.378	0.389	0.393	0.432	-17	-0.1	-0.1	1.289	2.965	2.833	3.632	4.12	17.775	17.675	17.55	17.7	18.4	0.81
2026-01-07 15:00:00	-91.7134	29.9604	0	21.082	19.4	99.892	101.67	2.252	99.75	0.853	289.175	0	0	2.035	0	0	0.34	0.379	0.39	0.393	0.432	-17	-0.1	-0.1	1.294	2.96	2.833	3.633	4.119	17.963	17.75	17.562	17.7	18.4	0.82
2026-01-07 16:00:00	-91.7134	29.9604	0	22.067	19.9	99.879	101.678	2.322	148.6	0.95	299.725	0	0	2.178	0	0	0.34	0.379	0.39	0.393	0.432	-17.1	-0.1	-0.1	1.295	2.958	2.835	3.633	4.12	18.25	17.875	17.6	17.7	18.4	0.816
2026-01-07 17:00:00	-91.7134	29.9604	0	22.62	20.6	99.901	101.67	2.425	183.9	1.33	323.4	0	0	3.14	0	0	0.34	0.379	0.39	0.393	0.432	-17.125	-0.1	-0.1	1.285	2.952	2.834	3.635	4.116	18.575	18.05	17.6	17.7	18.4	0.816
2026-01-07 18:00:00	-91.7134	29.9604	0	23.435	21.525	97.686	101.632	2.509	240.525	1.857	322.625	0	0	4.173	0.062	0	0.34	0.379	0.39	0.393	0.432	-17.2	-0.1	-0.1	1.286	2.943	2.836	3.633	4.106	18.9	18.275	17.6	17.75	18.4	0.819
2026-01-07 19:00:00	-91.7134	29.9604	0	23.907	22.35	92.93	101.528	2.51	246.425	2.248	286.325	0	0	4.142	0.188	0	0.339	0.379	0.389	0.393	0.432	-17.3	-0.1	-0.1	1.29	2.94	2.833	3.632	4.103	19.238	18.5	17.637	17.8	18.4	0.819
2026-01-07 20:00:00	-91.7134	29.9604	0	23.75	22.825	88.755	101.498	2.467	194.95	2.045	278.05	0	0	4.438	0.308	0	0.339	0.38	0.389	0.393	0.432	-17.425	-0.1	-0.1	1.3	2.941	2.84	3.632	4.102	19.575	18.75	17.675	17.8	18.4	0.824
2026-01-07 21:00:00	-91.7134	29.9604	0	23.385	23.35	85.142	101.438	2.443	214.325	2.74	261.4	0	0	5.055	0.428	0	0.339	0.38	0.389	0.393	0.432	-17.525	-0.1	-0.1	1.301	2.937	2.84	3.633	4.1	19.775	18.95	17.75	17.8	18.4	0.829
2026-01-07 22:00:00	-91.7134	29.9604	0	21.952	22.8	86.817	101.45	2.41	137.1	2.473	242.1	0	0	4.633	0.365	0	0.338	0.38	0.389	0.393	0.432	-17.65	-0.1	-0.1	1.301	2.934	2.845	3.632	4.098	19.837	19.1	17.788	17.8	18.4	0.829
2026-01-07 23:00:00	-91.7134	29.9604	0	19.29	21.325	90.484	101.46	2.295	12.15	1.532	233.425	0	0	3.085	0.242	0	0.338	0.38	0.389	0.393	0.432	-17.7	-0.1	-0.1	1.299	2.932	2.845	3.632	4.099	19.675	19.15	17.85	17.8	18.4	0.833
2026-01-08 00:00:00	-91.7134	29.9604	0	17.202	19.75	94.959	101.463	2.186	0	0.992	213.275	0	0	1.86	0.118	0	0.338	0.38	0.389	0.393	0.432	-17.7	-0.1	-0.1	1.286	2.932	2.843	3.636	4.099	19.4	19.1	17.925	17.8	18.4	NA
2026-01-08 01:00:00	-91.7134	29.9604	0	17.062	19.075	97.08	101.482	2.143	0	1.085	190.925	0	0	2.155	0.065	0	0.338	0.38	0.389	0.393	0.432	-17.8	-0.1	-0.1	1.278	2.934	2.847	3.636	4.098	19.075	18.95	17.975	17.8	18.4	NA
2026-01-08 02:00:00	-91.7134	29.9604	0	18.135	18.475	99.558	101.51	2.118	0	1.312	188.8	0	0	2.51	0.005	0	0.339	0.38	0.39	0.393	0.432	-17.9	-0.1	-0.1	1.274	2.93	2.846	3.638	4.096	18.775	18.8	18.038	17.8	18.4	NA
2026-01-08 03:00:00	-91.7134	29.9604	0	18.28	18.5	99.932	101.528	2.13	0	1.158	184.825	0	0	2.21	0	0	0.339	0.38	0.39	0.393	0.432	-17.9	-0.1	-0.1	1.272	2.939	2.839	3.634	4.103	18.637	18.675	18.062	17.8	18.4	NA
2026-01-08 04:00:00	-91.7134	29.9604	0	18.308	18.45	99.864	101.498	2.122	0	1.375	185.325	0	0	3.015	0	0	0.338	0.38	0.39	0.393	0.432	-17.975	-0.1	-0.1	1.27	2.946	2.837	3.638	4.103	18.55	18.6	18.1	17.8	18.4	NA
2026-01-08 05:00:00	-91.7134	29.9604	0	18.135	18.575	99.912	101.43	2.141	0	1.57	182.6	0	0	3.223	0	0	0.338	0.379	0.39	0.393	0.432	-18.1	-0.1	-0.1	1.277	2.95	2.837	3.631	4.103	18.488	18.5	18.15	17.8	18.4	NA
2026-01-08 06:00:00	-91.7134	29.9604	0	16.875	18.175	99.9	101.38	2.086	0	1.18	168.95	0	0	2.487	0	0	0.338	0.379	0.39	0.393	0.432	-18.15	-0.1	-0.1	1.275	2.948	2.837	3.633	4.11	18.4	18.475	18.15	17.825	18.4	NA
2026-01-08 07:00:00	-91.7134	29.9604	0	15.72	17.55	99.694	101.392	2	0	1.342	147.575	0	0	2.155	0	0	0.338	0.379	0.39	0.393	0.432	-18.225	-0.1	-0.1	1.274	2.949	2.837	3.635	4.115	18.237	18.375	18.15	17.875	18.4	NA
2026-01-08 08:00:00	-91.7134	29.9604	0	13.758	16.6	99.271	101.4	1.876	0	0.802	111.25	0	0	1.455	0.013	0	0.338	0.379	0.39	0.393	0.432	-18.325	-0.1	-0.1	1.267	2.95	2.834	3.636	4.115	18.05	18.275	18.15	17.9	18.4	NA
2026-01-08 09:00:00	-91.7134	29.9604	0	13.165	16	99.194	101.405	1.804	0	0.688	113.275	0	0	1.148	0.015	0	0.338	0.379	0.39	0.393	0.432	-18.4	-0.1	-0.1	1.268	2.953	2.834	3.638	4.108	17.837	18.15	18.15	17.9	18.4	NA
2026-01-08 10:00:00	-91.7134	29.9604	0	13.268	15.55	99.015	101.385	1.75	0	0.69	120.7	0	0	1.31	0.018	0	0.338	0.379	0.39	0.393	0.432	-18.475	-0.1	-0.1	1.254	2.952	2.832	3.638	4.107	17.675	18.025	18.15	17.9	18.5	NA
2026-01-08 11:00:00	-91.7134	29.9604	0	15.472	17.25	98.371	101.348	1.938	0	1.22	146.225	0	0	2.198	0.03	0	0.338	0.378	0.39	0.393	0.432	-18.6	-0.1	-0.1	1.252	2.952	2.831	3.637	4.103	17.525	17.9	18.125	17.9	18.5	NA
2026-01-08 12:00:00	-91.7134	29.9604	0	17.337	18.3	99.735	101.342	2.098	0	1.43	162.325	0	0	3.098	0.005	0	0.338	0.378	0.39	0.393	0.432	-18.7	-0.1	-0.1	1.255	2.951	2.832	3.638	4.101	17.425	17.8	18.1	17.9	18.5	NA
2026-01-08 13:00:00	-91.7134	29.9604	0	18.593	19	99.763	101.33	2.192	13.775	2.053	175.25	0	0	4.398	0	0	0.338	0.378	0.39	0.393	0.432	-18.725	-0.1	-0.1	1.256	2.953	2.832	3.638	4.096	17.438	17.725	18.1	17.9	18.5	0.796
2026-01-08 14:00:00	-91.7134	29.9604	0	20.902	21	99.81	101.33	2.485	108.925	2.705	182.35	0	0	6.522	0.007	0	0.338	0.378	0.39	0.393	0.432	-18.8	-0.1	-0.1	1.258	2.95	2.825	3.64	4.096	17.538	17.7	18.062	17.9	18.5	0.82
2026-01-08 15:00:00	-91.7134	29.9604	0	22.85	22.725	95.742	101.39	2.645	229.1	3.728	200.7	0	0	7.812	0.115	0	0.338	0.379	0.39	0.393	0.432	-18.85	-0.1	-0.1	1.26	2.938	2.826	3.638	4.093	17.812	17.775	18.012	17.938	18.5	0.818
2026-01-08 16:00:00	-91.7134	29.9604	0	23.84	23.45	88.835	101.438	2.565	292	4.53	203.675	0	0	9.172	0.32	0	0.337	0.378	0.39	0.393	0.432	-18.975	-0.1	-0.1	1.263	2.933	2.828	3.638	4.086	18.262	17.975	18	17.95	18.5	0.817
2026-01-08 17:00:00	-91.7134	29.9604	0	24.758	24.075	84.825	101.365	2.542	400.625	4.843	202.1	0	0	9.82	0.452	0	0.337	0.378	0.389	0.393	0.432	-19.175	-0.1	-0.1	1.266	2.929	2.83	3.635	4.083	18.837	18.25	18	17.988	18.5	0.802
2026-01-08 18:00:00	-91.7134	29.9604	0	25.925	24.775	80.424	101.295	2.514	511.85	5.318	199.075	0	0	11.8	0.607	0	0.336	0.378	0.389	0.393	0.433	-19.45	-0.1	-0.1	1.26	2.918	2.833	3.634	4.08	19.375	18.575	18	18	18.5	0.8
2026-01-08 19:00:00	-91.7134	29.9604	0	25.91	24.75	79.912	101.248	2.494	438.525	4.82	200.1	0	0	10.222	0.625	0	0.335	0.378	0.389	0.393	0.433	-19.8	-0.1	-0.1	1.252	2.906	2.834	3.633	4.074	19.925	18.925	18.012	18	18.5	0.815
2026-01-08 20:00:00	-91.7134	29.9604	0	25.508	24.875	76.636	101.218	2.41	410.425	5.048	198.575	0	0	10.79	0.738	0	0.334	0.378	0.388	0.393	0.433	-20.175	-0.1	-0.1	1.243	2.898	2.838	3.63	4.074	20.325	19.2	18.05	18	18.5	0.821
2026-01-08 21:00:00	-91.7134	29.9604	0	23.845	24.2	78.5	101.213	2.37	194.7	4.352	197.85	0	0	10.108	0.647	0	0.334	0.378	0.388	0.393	0.433	-20.575	-0.1	-0.1	1.234	2.89	2.84	3.631	4.077	20.488	19.45	18.125	18	18.5	0.827
2026-01-08 22:00:00	-91.7134	29.9604	0	22.582	23.6	80.63	101.218	2.349	49.3	3.692	195.35	0	0	8.14	0.565	0	0.333	0.378	0.388	0.393	0.433	-20.825	-0.1	-0.1	1.228	2.888	2.84	3.631	4.076	20.462	19.575	18.163	18	18.5	0.84
2026-01-08 23:00:00	-91.7134	29.9604	0	21.87	23.175	82.505	101.22	2.343	8.625	2.802	185.275	0	0	6.67	0.5	0	0.333	0.378	0.388	0.393	0.432	-20.975	-0.1	-0.1	1.232	2.886	2.844	3.631	4.078	20.262	19.6	18.25	18	18.5	0.82
2026-01-09 00:00:00	-91.7134	29.9604	0	20.733	22.525	84.727	101.245	2.313	0	2.337	180.3	0	0	5.72	0.415	0	0.333	0.378	0.388	0.393	0.433	-21.075	-0.1	-0.1	1.226	2.886	2.843	3.631	4.074	20.05	19.6	18.325	18	18.5	NA
2026-01-09 01:00:00	-91.7134	29.9604	0	20.6	22.225	86.695	101.28	2.324	0	2.405	180.05	0	0	5.39	0.358	0	0.333	0.378	0.388	0.393	0.433	-21.1	-0.1	-0.1	1.223	2.888	2.842	3.63	4.07	19.812	19.525	18.387	18	18.5	NA
2026-01-09 02:00:00	-91.7134	29.9604	0.97	20.81	21.85	90.659	101.312	2.375	0	2.335	180.5	0	0	5.468	0.245	0.037	0.334	0.378	0.388	0.393	0.433	-21.1	-0.1	-0.1	1.218	2.893	2.844	3.63	4.069	19.638	19.425	18.438	18.025	18.5	NA
2026-01-09 03:00:00	-91.7134	29.9604	0.034	20.918	21.8	94.3	101.32	2.463	0	2.37	176.55	0	0	4.918	0.145	0	0.334	0.378	0.388	0.393	0.433	-21.1	-0.1	-0.1	1.216	2.89	2.839	3.629	4.068	19.575	19.4	18.475	18.05	18.5	NA
2026-01-09 04:00:00	-91.7134	29.9604	0	20.585	21.775	95.817	101.312	2.499	0	2.407	176.6	0	0	5.608	0.108	0	0.334	0.378	0.389	0.393	0.433	-21.2	-0.1	-0.1	1.214	2.886	2.836	3.633	4.069	19.488	19.3	18.5	18.05	18.5	NA
2026-01-09 05:00:00	-91.7134	29.9604	0.017	20.98	21.875	96.345	101.325	2.528	0	2.03	187.875	0	0	5.122	0.092	0	0.334	0.378	0.389	0.393	0.433	-21.2	-0.1	-0.1	1.215	2.888	2.835	3.635	4.073	19.438	19.3	18.538	18.075	18.5	NA
2026-01-09 06:00:00	-91.7134	29.9604	0.374	21.382	21.95	97.757	101.312	2.577	0	2.098	181.175	0	0	5.13	0.062	0.028	0.334	0.378	0.389	0.393	0.433	-21.3	-0.1	-0.1	1.216	2.893	2.836	3.632	4.068	19.4	19.275	18.55	18.1	18.5	NA
2026-01-09 07:00:00	-91.7134	29.9604	14.668	20.825	20.775	99.33	101.31	2.44	0	2.852	218.95	0	0	6.548	0.015	0.012	0.338	0.38	0.39	0.393	0.433	-14.725	-0.1	-0.1	1.336	2.996	2.828	3.63	4.071	19.525	19.25	18.575	18.1	18.5	NA
2026-01-09 08:00:00	-91.7134	29.9604	0.579	20.43	20.15	99.809	101.335	2.356	0	1.462	234.375	0	0	3.695	0	0.001	0.354	0.386	0.395	0.396	0.434	-0.4	-0.1	-0.1	1.715	3.14	2.822	3.631	4.066	19.712	19.5	18.688	18.1	18.5	NA
2026-01-09 09:00:00	-91.7134	29.9604	4.37	20.82	20.6	99.821	101.338	2.422	0	0.845	198.175	0	0	2.385	0	0.007	0.365	0.387	0.395	0.398	0.434	-0.2	-0.1	-0.1	1.715	3.144	2.827	3.625	4.058	19.65	19.4	18.65	18.1	18.5	NA
2026-01-09 10:00:00	-91.7134	29.9604	8.655	21.175	20.925	99.967	101.352	2.478	0	1.883	172.15	0	0	3.19	0	0.007	0.412	0.389	0.396	0.4	0.435	-0.2	-0.1	-0.1	1.59	3.153	2.841	3.64	4.046	19.713	19.475	18.738	18.1	18.5	NA
2026-01-09 11:00:00	-91.7134	29.9604	5.217	21.523	21.25	99.877	101.388	2.523	0	NA	NA	0	0	NA	0	0.002	0.435	0.403	0.404	0.413	0.435	-0.2	-0.1	-0.1	1.55	3.089	2.882	3.704	4.036	20.225	19.825	19.338	18.15	18.5	NA
2026-01-09 12:00:00	-91.7134	29.9604	0.034	21.185	20.975	99.873	101.41	2.481	0	NA	NA	0	0	NA	0	0	0.44	0.409	0.405	0.414	0.435	-0.2	-0.1	-0.1	1.533	3.056	2.889	3.684	4.015	20.275	20	19.288	18.15	18.5	NA
2026-01-09 13:00:00	-91.7134	29.9604	0.731	21.562	21.25	99.963	101.445	2.529	13.425	NA	NA	0	0	NA	0	0.009	0.44	0.41	0.405	0.415	0.435	-0.2	-0.1	-0.1	1.517	3.056	2.897	3.665	3.991	20.225	20	19.225	18.162	18.5	0.27
2026-01-09 14:00:00	-91.7134	29.9604	0	22.738	21.825	99.973	101.482	2.618	117.175	NA	NA	0	0	NA	0	0	0.441	0.41	0.406	0.415	0.435	-0.2	-0.1	-0.1	1.506	3.06	2.901	3.662	3.989	20.25	20	19.188	18.2	18.5	0.737
2026-01-09 15:00:00	-91.7134	29.9604	0	23.523	22.35	99.86	101.537	2.699	145.725	NA	NA	0	0	NA	0	0	0.441	0.41	0.406	0.415	0.435	-0.175	-0.1	-0.1	1.494	3.056	2.902	3.653	3.978	20.375	20.05	19.15	18.2	18.5	0.722
2026-01-09 16:00:00	-91.7134	29.9604	0	25.212	23.325	99.869	101.568	2.864	299.425	3.543	197.433	0	0	6.743	0	0	0.442	0.41	0.407	0.415	0.435	-0.1	-0.1	-0.1	1.48	3.058	2.902	3.644	3.966	20.625	20.175	19.113	18.2	18.5	0.808
2026-01-09 17:00:00	-91.7134	29.9604	0	26.558	24.675	99.327	101.54	3.086	409.5	3.717	208.725	0	0	7.08	0.015	0	0.442	0.41	0.407	0.415	0.435	-0.1	-0.1	-0.1	1.47	3.061	2.9	3.642	3.962	20.975	20.35	19.125	18.225	18.5	0.811
2026-01-09 18:00:00	-91.7134	29.9604	0	26.098	24.7	96.622	101.45	3.006	316.825	3.735	204.4	5	0.25	7.137	0.1	0	0.442	0.409	0.407	0.415	0.435	-0.2	-0.1	-0.1	1.469	3.067	2.903	3.635	3.953	21.375	20.6	19.188	18.25	18.55	0.832
2026-01-09 19:00:00	-91.7134	29.9604	0	25.952	24.975	95.08	101.35	3.007	289.825	4.247	205.65	7.5	4.25	8.603	0.158	0	0.441	0.409	0.407	0.415	0.435	-0.15	-0.1	-0.1	1.467	3.074	2.902	3.635	3.953	21.75	20.875	19.2	18.25	18.6	0.834
2026-01-09 20:00:00	-91.7134	29.9604	0	24.82	24.45	95.082	101.34	2.915	176.75	4.49	208.375	18.25	1.75	8.775	0.152	0	0.441	0.409	0.407	0.415	0.435	-0.1	-0.1	-0.1	1.461	3.076	2.904	3.632	3.954	22.012	21.1	19.225	18.25	18.6	0.842
2026-01-09 21:00:00	-91.7134	29.9604	0	24.375	24.2	94.928	101.36	2.867	141.975	3.5	215.375	8.5	0.25	7.242	0.15	0	0.441	0.409	0.408	0.415	0.435	-0.1	-0.1	-0.1	1.445	3.084	2.906	3.627	3.949	22.075	21.25	19.312	18.25	18.6	0.845
2026-01-09 22:00:00	-91.7134	29.9604	0	23.69	23.575	97.633	101.382	2.84	60.375	3.64	217.375	12.75	0.75	6.89	0.07	0	0.441	0.409	0.408	0.415	0.435	-0.1	-0.1	-0.1	1.437	3.086	2.907	3.625	3.946	22.062	21.325	19.35	18.262	18.6	0.832
2026-01-09 23:00:00	-91.7134	29.9604	0	22.795	23.025	98.425	101.4	2.769	6.45	3.52	214.8	0	0	7.22	0.04	0	0.441	0.409	0.408	0.415	0.435	-0.1	-0.1	-0.1	1.43	3.087	2.909	3.624	3.944	21.938	21.4	19.438	18.3	18.6	0.703
2026-01-10 00:00:00	-91.7134	29.9604	0	22.52	22.85	99.2	101.458	2.762	0	3.06	208.7	0	0	5.545	0.022	0	0.441	0.409	0.408	0.415	0.435	-0.1	-0.1	-0.1	1.41	3.084	2.91	3.624	3.939	21.762	21.3	19.512	18.3	18.6	NA
2026-01-10 01:00:00	-91.7134	29.9604	0	22.475	22.75	99.775	101.502	2.761	0	2.395	203.1	0	0	4.645	0.005	0	0.44	0.409	0.408	0.415	0.435	-0.1	-0.1	-0.1	1.406	3.079	2.91	3.623	3.939	21.6	21.225	19.55	18.3	18.6	NA
2026-01-10 02:00:00	-91.7134	29.9604	0	22.368	22.65	99.816	101.545	2.746	0	2.498	204.75	0	0	5.058	0.005	0	0.436	0.41	0.409	0.415	0.435	-0.1	-0.1	-0.1	1.421	3.074	2.908	3.623	3.937	21.462	21.15	19.637	18.338	18.6	NA
2026-01-10 03:00:00	-91.7134	29.9604	0	22.75	22.9	99.884	101.55	2.789	0	2.575	201.225	0	0	4.953	0.002	0	0.435	0.41	0.409	0.415	0.435	-0.1	-0.1	-0.1	1.419	3.073	2.908	3.62	3.934	21.337	21.075	19.65	18.35	18.6	NA
2026-01-10 04:00:00	-91.7134	29.9604	0	22.61	22.925	99.825	101.54	2.794	0	2.832	205.45	0	0	5.648	0	0	0.435	0.41	0.409	0.415	0.435	-0.1	-0.1	-0.1	1.417	3.07	2.906	3.62	3.935	21.275	21	19.7	18.35	18.6	NA
2026-01-10 05:00:00	-91.7134	29.9604	0	22.575	22.7	100	101.512	2.766	0	2.995	202.375	0	0	5.62	0	0	0.435	0.41	0.409	0.415	0.435	-0.1	-0.1	-0.1	1.413	3.063	2.905	3.615	3.934	21.213	20.95	19.725	18.35	18.6	NA
2026-01-10 06:00:00	-91.7134	29.9604	0	22.567	22.65	99.948	101.468	2.753	0	2.857	203.275	0	0	5.32	0	0	0.435	0.41	0.409	0.415	0.435	-0.1	-0.1	-0.1	1.415	3.062	2.905	3.612	3.934	21.163	20.9	19.75	18.375	18.6	NA
2026-01-10 07:00:00	-91.7134	29.9604	0	22.627	22.7	99.987	101.442	2.762	0	3.39	206.85	0	0	6.625	0	0	0.435	0.41	0.409	0.415	0.435	-0.1	-0.1	-0.1	1.41	3.063	2.907	3.613	3.933	21.15	20.9	19.762	18.4	18.6	NA
2026-01-10 08:00:00	-91.7134	29.9604	0	22.725	22.775	99.885	101.442	2.77	0	3.922	213.2	0	0	7.62	0	0	0.435	0.41	0.41	0.415	0.435	-0.1	-0.1	-0.1	1.409	3.06	2.906	3.611	3.926	21.15	20.9	19.8	18.4	18.6	NA
2026-01-10 09:00:00	-91.7134	29.9604	0	22.712	22.85	99.91	101.42	2.782	0	4.11	217.25	8.5	0.25	7.787	0	0	0.435	0.411	0.41	0.415	0.435	-0.1	-0.1	-0.1	1.413	3.061	2.904	3.61	3.925	21.15	20.8	19.8	18.412	18.6	NA
2026-01-10 10:00:00	-91.7134	29.9604	5.149	22.72	22.825	99.654	101.405	2.772	0	4.475	224.85	2.5	1.5	8.252	0.007	0.005	0.436	0.411	0.41	0.415	0.435	-0.1	-0.1	-0.1	1.403	3.061	2.905	3.611	3.925	21.15	20.8	19.8	18.45	18.625	NA
2026-01-10 11:00:00	-91.7134	29.9604	8.247	21.965	21.625	99.798	101.452	2.581	0	3.938	251.175	0	0	7.997	0	0.001	0.445	0.414	0.409	0.415	0.435	-0.1	-0.1	-0.1	1.443	3.065	2.908	3.61	3.923	21.213	20.775	19.8	18.45	18.7	NA
2026-01-10 12:00:00	-91.7134	29.9604	0.017	22.372	22.625	99.612	101.532	2.736	0	2.475	279.25	0	0	6.435	0.01	0	0.445	0.413	0.409	0.415	0.435	-0.1	-0.1	-0.1	1.449	3.065	2.907	3.609	3.923	21.25	20.825	19.812	18.462	18.7	NA
2026-01-10 13:00:00	-91.7134	29.9604	0	20.053	21.2	96.975	101.622	2.445	1.35	2.25	319.75	7.75	0.25	5.732	0.072	0	0.445	0.413	0.41	0.415	0.436	-0.1	-0.1	-0.1	1.456	3.066	2.903	3.608	3.913	21.225	20.9	19.9	18.5	18.7	NA
2026-01-10 14:00:00	-91.7134	29.9604	0	19.808	20.05	97.163	101.765	2.279	41.575	3.08	179.475	5.25	0.5	5.97	0.065	0	0.445	0.413	0.41	0.416	0.435	-0.1	-0.1	-0.1	1.461	3.062	2.901	3.606	3.915	21.113	20.9	19.9	18.5	18.7	0.774
2026-01-10 15:00:00	-91.7134	29.9604	0	21.215	20.4	98.022	101.895	2.349	227.975	4.11	6.975	0	0	8.015	0.045	0	0.445	0.414	0.41	0.416	0.436	-0.1	-0.1	-0.1	1.461	3.059	2.898	3.606	3.907	20.988	20.85	19.9	18.55	18.7	0.842
2026-01-10 16:00:00	-91.7134	29.9604	0	20.278	20.125	91.417	101.968	2.155	197.85	4.675	15.8	0	0	9.315	0.198	0	0.445	0.414	0.41	0.416	0.435	-0.1	-0.1	-0.1	1.468	3.058	2.897	3.605	3.906	20.962	20.8	19.9	18.55	18.7	0.849
2026-01-10 17:00:00	-91.7134	29.9604	0	20.992	19.6	90.605	102.055	2.067	381.7	4.745	14.35	0	0	8.342	0.215	0	0.445	0.413	0.41	0.416	0.435	-0.1	-0.1	-0.1	1.474	3.062	2.896	3.605	3.906	20.988	20.8	19.9	18.55	18.7	0.833
2026-01-10 18:00:00	-91.7134	29.9604	0	20.14	18.95	90.217	102.025	1.977	300.575	4.43	19.325	0	0	8.552	0.21	0	0.444	0.413	0.41	0.416	0.435	-0.1	-0.1	-0.1	1.475	3.052	2.894	3.604	3.905	21.038	20.8	19.9	18.562	18.7	0.844
2026-01-10 19:00:00	-91.7134	29.9604	0	20.13	19.15	86.252	102.015	1.913	322.025	4.112	22.3	0	0	8.088	0.3	0	0.444	0.413	0.411	0.416	0.435	-0.1	-0.1	-0.1	1.477	3.055	2.893	3.605	3.905	21.05	20.8	19.9	18.6	18.7	0.847
2026-01-10 20:00:00	-91.7134	29.9604	0	19.465	18.65	84.599	102.06	1.819	308.425	4.678	16.175	0	0	8.75	0.33	0	0.444	0.412	0.411	0.416	0.436	-0.1	-0.1	-0.1	1.473	3.062	2.893	3.61	3.904	21.05	20.8	19.938	18.613	18.7	0.851
2026-01-10 21:00:00	-91.7134	29.9604	0	18.208	18.4	82.467	102.055	1.746	147.625	4.04	16.25	0	0	7.64	0.37	0	0.444	0.412	0.411	0.416	0.435	-0.1	-0.1	-0.1	1.469	3.067	2.894	3.604	3.903	20.95	20.75	19.95	18.65	18.7	0.853
2026-01-10 22:00:00	-91.7134	29.9604	0	17.075	18	80.883	102.102	1.67	38.85	3.635	11.475	0	0	6.593	0.392	0	0.444	0.412	0.411	0.416	0.435	-0.1	-0.1	-0.1	1.463	3.071	2.898	3.607	3.906	20.738	20.675	19.95	18.65	18.7	0.857
2026-01-10 23:00:00	-91.7134	29.9604	0	16.312	17.375	80.385	102.17	1.595	6.5	3.183	6.425	0	0	6.037	0.39	0	0.443	0.412	0.411	0.416	0.435	-0.1	-0.1	-0.1	1.459	3.068	2.897	3.609	3.903	20.475	20.55	19.95	18.65	18.725	0.862
2026-01-11 00:00:00	-91.7134	29.9604	0	15.412	16.225	83.812	102.292	1.546	0	4.48	179.825	0	0	7.888	0.295	0	0.443	0.411	0.411	0.416	0.435	-0.1	-0.1	-0.1	1.456	3.072	2.896	3.609	3.902	20.175	20.375	19.95	18.65	18.8	NA
2026-01-11 01:00:00	-91.7134	29.9604	0	13.65	14.3	82.648	102.435	1.348	0	5.38	93.65	0	0	9.65	0.282	0	0.444	0.411	0.411	0.416	0.435	-0.1	-0.1	-0.1	1.448	3.074	2.895	3.607	3.895	19.863	20.2	19.95	18.7	18.8	NA
2026-01-11 02:00:00	-91.7134	29.9604	0	12.27	12.7	82.747	102.553	1.216	0	4.895	4.233	0	0	9.365	0.255	0	0.444	0.411	0.411	0.416	0.435	-0.1	-0.1	-0.1	1.434	3.066	2.894	3.606	3.899	19.462	19.925	19.95	18.725	18.8	NA
2026-01-11 03:00:00	-91.7134	29.9604	0	11.363	11.675	82.967	102.61	1.139	0	5.098	92	0	0	9.488	0.235	0	0.444	0.411	0.411	0.416	0.435	-0.1	-0.1	-0.1	1.415	3.061	2.893	3.606	3.895	19.075	19.675	19.913	18.75	18.8	NA
2026-01-11 04:00:00	-91.7134	29.9604	0	10.72	11.125	83.528	102.663	1.106	0	4.565	2.5	0	0	8.162	0.218	0	0.444	0.411	0.411	0.416	0.435	-0.1	-0.1	-0.1	1.398	3.061	2.894	3.605	3.895	18.7	19.4	19.85	18.75	18.8	NA
2026-01-11 05:00:00	-91.7134	29.9604	0	9.785	10.325	84.206	102.665	1.057	0	3.585	4.85	0	0	7.178	0.195	0	0.444	0.411	0.411	0.416	0.435	-0.1	-0.1	-0.1	1.387	3.054	2.888	3.605	3.896	18.35	19.125	19.825	18.75	18.8	NA
2026-01-11 06:00:00	-91.7134	29.9604	0	9.198	10.05	83.72	102.675	1.031	0	3.04	8.625	0	0	6.093	0.198	0	0.444	0.411	0.411	0.416	0.435	-0.1	-0.1	-0.1	1.371	3.054	2.889	3.605	3.894	18.012	18.85	19.738	18.75	18.8	NA
2026-01-11 07:00:00	-91.7134	29.9604	0	8.865	9.85	82.867	102.695	1.008	0	3.328	13.95	0	0	6.988	0.208	0	0.444	0.41	0.411	0.416	0.435	-0.1	-0.1	-0.1	1.364	3.049	2.89	3.603	3.893	17.7	18.575	19.675	18.775	18.8	NA
2026-01-11 08:00:00	-91.7134	29.9604	0	7.892	9.275	79.28	102.755	0.927	0	2.805	20.25	0	0	6.217	0.242	0	0.44	0.41	0.411	0.416	0.435	-0.1	-0.1	-0.1	1.381	3.043	2.884	3.602	3.893	17.387	18.3	19.588	18.812	18.8	NA
2026-01-11 09:00:00	-91.7134	29.9604	0	6.858	8.525	77.239	102.812	0.859	0	2.39	19	0	0	5.89	0.252	0	0.437	0.41	0.412	0.416	0.435	-0.1	-0.1	-0.1	1.382	3.037	2.882	3.602	3.895	17.062	18.05	19.488	18.85	18.8	NA
2026-01-11 10:00:00	-91.7134	29.9604	0	6.185	7.9	78.037	102.83	0.831	0	2.775	14.875	0	0	5.772	0.232	0	0.437	0.41	0.412	0.416	0.435	-0.1	-0.1	-0.1	1.365	3.03	2.879	3.601	3.894	16.762	17.8	19.387	18.85	18.9	NA
2026-01-11 11:00:00	-91.7134	29.9604	0	5.013	7.025	79.037	102.87	0.793	0	1.52	12.275	0	0	3.845	0.21	0	0.437	0.41	0.412	0.416	0.435	-0.1	-0.1	-0.1	1.355	3.027	2.876	3.601	3.89	16.45	17.525	19.288	18.85	18.9	NA
2026-01-11 12:00:00	-91.7134	29.9604	0	4.19	6.175	80.453	102.935	0.762	0	1.265	11.375	0	0	3.395	0.185	0	0.437	0.41	0.412	0.416	0.435	-0.1	-0.1	-0.1	1.346	3.024	2.87	3.601	3.892	16.175	17.3	19.188	18.85	18.9	NA
2026-01-11 13:00:00	-91.7134	29.9604	0	4.35	5.75	83.327	103.022	0.766	11	1.515	95.875	0	0	3.837	0.153	0	0.437	0.41	0.412	0.416	0.435	-0.1	-0.1	-0.1	1.339	3.019	2.868	3.594	3.894	15.912	17.05	19.062	18.85	18.9	0.875
2026-01-11 14:00:00	-91.7134	29.9604	0	7.142	7	86.209	103.122	0.865	82.825	1.805	5.85	0	0	3.723	0.138	0	0.437	0.41	0.412	0.416	0.435	-0.1	-0.1	-0.1	1.333	3.018	2.866	3.6	3.888	15.675	16.8	18.95	18.85	18.9	0.845
2026-01-11 15:00:00	-91.7134	29.9604	0	11.01	9.6	75.763	103.208	0.904	261.65	2.263	19.85	0	0	5.31	0.292	0	0.436	0.41	0.412	0.416	0.435	-0.1	-0.1	-0.1	1.335	3.013	2.861	3.599	3.887	15.562	16.625	18.837	18.863	18.9	0.828
2026-01-11 16:00:00	-91.7134	29.9604	0	13.477	11.625	59.19	103.215	0.808	423.25	2.743	30.875	0	0	5.588	0.56	0	0.43	0.41	0.412	0.416	0.435	-0.1	-0.1	-0.1	1.358	3.012	2.858	3.598	3.889	15.537	16.5	18.7	18.9	18.9	0.8
2026-01-11 17:00:00	-91.7134	29.9604	0	15.613	13.25	49.545	103.165	0.754	573.525	3.035	25.225	0	0	6.04	0.77	0	0.427	0.409	0.412	0.416	0.435	-0.1	-0.1	-0.1	1.367	3.016	2.855	3.596	3.885	15.738	16.4	18.587	18.9	18.9	0.78
2026-01-11 18:00:00	-91.7134	29.9604	0	16.618	14.35	44.907	103.042	0.734	621.975	3.255	18.725	0	0	6.013	0.9	0	0.425	0.404	0.411	0.416	0.435	-0.1	-0.1	-0.1	1.367	3.058	2.856	3.592	3.885	16.087	16.475	18.475	18.9	18.9	0.815
2026-01-11 19:00:00	-91.7134	29.9604	0	17.155	15.175	44.311	102.952	0.764	606.175	3.28	10.05	0	0	6.332	0.958	0	0.424	0.4	0.411	0.416	0.435	-0.1	-0.1	-0.1	1.372	3.106	2.855	3.59	3.887	16.475	16.575	18.375	18.9	18.9	0.837
2026-01-11 20:00:00	-91.7134	29.9604	0	15.758	15.475	42.215	102.888	0.742	453.05	3.757	9.225	0	0	7.675	1.015	0	0.421	0.4	0.411	0.416	0.435	-0.1	-0.1	-0.1	1.381	3.109	2.854	3.59	3.885	16.75	16.675	18.312	18.9	18.925	0.849
2026-01-11 21:00:00	-91.7134	29.9604	0	14.32	15.425	41.15	102.885	0.721	320.975	4.602	6.275	0	0	8.078	1.03	0	0.42	0.4	0.411	0.416	0.435	-0.1	-0.1	-0.1	1.382	3.102	2.856	3.589	3.884	16.712	16.7	18.25	18.9	19	0.855
2026-01-11 22:00:00	-91.7134	29.9604	0	12.485	14.825	41.877	102.9	0.706	184.3	3.985	11.325	0	0	7.732	0.98	0	0.419	0.4	0.411	0.416	0.435	-0.1	-0.1	-0.1	1.375	3.1	2.857	3.589	3.886	16.488	16.7	18.2	18.9	19	0.857
2026-01-11 23:00:00	-91.7134	29.9604	0	9.25	13.025	46.299	102.932	0.694	20.25	2.355	12.6	0	0	5.162	0.807	0	0.418	0.4	0.411	0.416	0.435	-0.1	-0.1	-0.1	1.371	3.103	2.857	3.588	3.886	16.225	16.65	18.163	18.9	19	0.849
2026-01-12 00:00:00	-91.7134	29.9604	0	7.707	11.425	51.398	103.002	0.693	0	1.712	10.475	0	0	3.895	0.657	0	0.415	0.4	0.411	0.416	0.435	-0.1	-0.1	-0.1	1.375	3.102	2.856	3.588	3.884	15.938	16.525	18.113	18.9	19	NA
2026-01-12 01:00:00	-91.7134	29.9604	0	6.935	10.475	56.527	103.075	0.716	0	1.622	14.975	0	0	4.305	0.55	0	0.415	0.399	0.411	0.416	0.435	-0.1	-0.1	-0.1	1.369	3.103	2.854	3.588	3.885	15.7	16.375	18.087	18.9	19	NA
2026-01-12 02:00:00	-91.7134	29.9604	0	6.638	9.7	58.92	103.125	0.709	0	1.565	15.75	0	0	4.508	0.492	0	0.414	0.399	0.411	0.416	0.435	-0.1	-0.1	-0.1	1.367	3.101	2.854	3.589	3.885	15.425	16.225	18.037	18.887	19	NA
2026-01-12 03:00:00	-91.7134	29.9604	0	5.392	8.475	61.644	103.17	0.683	0	1.345	12.525	0	0	3.183	0.425	0	0.414	0.399	0.411	0.416	0.435	-0.1	-0.1	-0.1	1.365	3.102	2.851	3.59	3.883	15.2	16.05	17.988	18.85	19	NA
2026-01-12 04:00:00	-91.7134	29.9604	0	3.268	7.05	63.505	103.18	0.639	0	1	179.125	0	0	2.458	0.368	0	0.414	0.399	0.411	0.416	0.435	-0.1	-0.1	-0.1	1.36	3.105	2.851	3.59	3.875	14.95	15.85	17.938	18.85	19	NA
2026-01-12 05:00:00	-91.7134	29.9604	0	2.607	6.325	63.399	103.15	0.606	0	0.855	355.225	0	0	2.112	0.35	0	0.414	0.398	0.411	0.416	0.435	-0.1	-0.1	-0.1	1.358	3.105	2.85	3.59	3.882	14.7	15.7	17.875	18.85	19	NA
2026-01-12 06:00:00	-91.7134	29.9604	0	2.423	5.425	66.889	103.098	0.601	0	0.802	11.875	0	0	2.092	0.298	0	0.413	0.398	0.41	0.416	0.435	-0.1	-0.1	-0.1	1.355	3.104	2.852	3.588	3.885	14.45	15.5	17.812	18.825	19	NA
2026-01-12 07:00:00	-91.7134	29.9604	0	2.312	5.225	67.039	103.055	0.594	0	0.885	30.9	0	0	2.495	0.29	0	0.413	0.398	0.41	0.416	0.435	-0.1	-0.1	-0.1	1.352	3.107	2.848	3.583	3.885	14.238	15.325	17.738	18.8	19	NA
2026-01-12 08:00:00	-91.7134	29.9604	0	3.685	5.825	65.623	103.02	0.606	0	1.998	51.925	0	0	3.848	0.315	0	0.413	0.398	0.41	0.416	0.435	-0.1	-0.1	-0.1	1.347	3.106	2.848	3.582	3.885	14	15.15	17.65	18.8	19	NA
2026-01-12 09:00:00	-91.7134	29.9604	0	3.348	5.4	65.608	102.988	0.589	0	1.587	52.375	0	0	3.547	0.308	0	0.413	0.398	0.41	0.416	0.435	-0.1	-0.1	-0.1	1.345	3.102	2.845	3.582	3.883	13.812	14.95	17.562	18.8	19	NA
2026-01-12 10:00:00	-91.7134	29.9604	0	1.455	3.925	70.687	102.988	0.571	0	0.975	184.9	0	0	2.047	0.24	0	0.413	0.398	0.41	0.416	0.435	-0.1	-0.1	-0.1	1.343	3.104	2.845	3.582	3.883	13.638	14.775	17.488	18.8	19	NA
2026-01-12 11:00:00	-91.7134	29.9604	0	-0.458	2.55	76.617	103.015	0.562	0	0.958	322.425	0	0	1.415	0.172	0	0.412	0.397	0.41	0.416	0.435	-0.1	-0.1	-0.1	1.343	3.105	2.843	3.581	3.878	13.45	14.625	17.4	18.8	19	NA
2026-01-12 12:00:00	-91.7134	29.9604	0	-0.7	1.9	80.151	103.053	0.561	0	0.82	322.775	0	0	1.24	0.14	0	0.412	0.397	0.41	0.416	0.435	-0.1	-0.1	-0.1	1.341	3.103	2.843	3.583	3.881	13.213	14.45	17.3	18.762	19	NA
2026-01-12 13:00:00	-91.7134	29.9604	0	-0.283	1.6	84.238	103.09	0.578	9.35	0.853	325.175	0	0	1.413	0.11	0	0.411	0.397	0.41	0.416	0.435	-0.1	-0.1	-0.1	1.349	3.102	2.841	3.583	3.876	12.988	14.25	17.2	18.725	19	0.865
2026-01-12 14:00:00	-91.7134	29.9604	0	3.85	4.25	80.969	103.142	0.67	82.275	1.787	138	0	0	3.663	0.16	0	0.411	0.397	0.41	0.416	0.435	-0.1	-0.1	-0.1	1.349	3.099	2.836	3.583	3.876	12.838	14.075	17.1	18.7	19	0.853
2026-01-12 15:00:00	-91.7134	29.9604	0	7.96	5.8	72.352	103.205	0.667	229.05	2.292	78.35	0	0	4.577	0.255	0	0.411	0.397	0.41	0.416	0.435	-0.1	-0.1	-0.1	1.349	3.098	2.83	3.582	3.876	12.8	13.95	17.012	18.7	19	0.842
2026-01-12 16:00:00	-91.7134	29.9604	0	11.758	7.675	63.276	103.235	0.663	432.6	2.117	93.4	0	0	3.97	0.385	0	0.41	0.397	0.41	0.416	0.435	-0.1	-0.1	-0.1	1.352	3.102	2.827	3.577	3.876	12.95	13.9	16.925	18.7	19	0.816
2026-01-12 17:00:00	-91.7134	29.9604	0	13.615	9.4	53.962	103.15	0.636	527.55	2.053	97.15	0	0	4.577	0.542	0	0.41	0.396	0.409	0.416	0.435	-0.1	-0.1	-0.1	1.353	3.098	2.825	3.578	3.875	13.287	13.925	16.825	18.7	19	0.802
2026-01-12 18:00:00	-91.7134	29.9604	0	14.968	11.2	45.637	103.04	0.607	578.35	2.35	76.125	0	0	4.85	0.725	0	0.409	0.396	0.409	0.416	0.435	-0.1	-0.1	-0.1	1.353	3.099	2.824	3.575	3.875	13.825	14.1	16.738	18.7	19	0.813
2026-01-12 19:00:00	-91.7134	29.9604	0	14.938	12.125	42.457	102.925	0.6	531.9	1.998	86	0	0	4.482	0.815	0	0.408	0.396	0.41	0.416	0.435	-0.1	-0.1	-0.1	1.357	3.101	2.82	3.577	3.876	14.363	14.325	16.662	18.65	19	0.836
2026-01-12 20:00:00	-91.7134	29.9604	0	14.967	13.175	38.852	102.858	0.589	486.725	2.007	70.025	0	0	4.075	0.925	0	0.408	0.396	0.41	0.416	0.435	-0.1	-0.1	-0.1	1.361	3.104	2.819	3.577	3.875	14.812	14.55	16.6	18.6	19.025	0.846
2026-01-12 21:00:00	-91.7134	29.9604	0	13.508	13.625	36.161	102.808	0.564	336.075	1.46	43.45	0	0	3.382	0.995	0	0.407	0.396	0.409	0.416	0.435	-0.1	-0.1	-0.1	1.364	3.104	2.821	3.574	3.871	14.938	14.75	16.55	18.6	19.075	0.853
2026-01-12 22:00:00	-91.7134	29.9604	0	10.678	13.425	34.92	102.787	0.538	187.875	0.825	23.625	0	0	1.928	1	0	0.407	0.396	0.41	0.416	0.435	-0.1	-0.1	-0.1	1.36	3.102	2.822	3.574	3.872	14.862	14.825	16.55	18.6	19	0.852
2026-01-12 23:00:00	-91.7134	29.9604	0	4.735	11.6	37.105	102.782	0.504	24.725	0.82	213.875	0	0	1.285	0.865	0	0.406	0.396	0.41	0.416	0.435	-0.1	-0.1	-0.1	1.356	3.104	2.825	3.574	3.87	14.688	14.9	16.55	18.6	19	0.837
2026-01-13 00:00:00	-91.7134	29.9604	0	1.505	8.45	48.544	102.765	0.534	0	0.855	279	0	0	1.718	0.573	0	0.406	0.396	0.41	0.416	0.435	-0.1	-0.1	-0.1	1.351	3.102	2.825	3.571	3.869	14.388	14.8	16.55	18.562	19	NA
2026-01-13 01:00:00	-91.7134	29.9604	0	0.633	6.675	58.949	102.782	0.577	0	0.718	285.7	0	0	1.26	0.402	0	0.406	0.396	0.41	0.416	0.435	-0.1	-0.1	-0.1	1.344	3.103	2.828	3.571	3.873	14.025	14.7	16.55	18.512	19	NA
2026-01-13 02:00:00	-91.7134	29.9604	0	0.088	5.475	66.054	102.798	0.595	0	0.675	246.9	0	0	1.163	0.305	0	0.406	0.396	0.41	0.416	0.435	-0.1	-0.1	-0.1	1.339	3.101	2.826	3.571	3.875	13.675	14.5	16.488	18.5	19	NA
2026-01-13 03:00:00	-91.7134	29.9604	0	-0.1	4.8	69.905	102.782	0.601	0	0.515	247.525	0	0	0.912	0.26	0	0.406	0.396	0.41	0.416	0.435	-0.1	-0.1	-0.1	1.336	3.098	2.822	3.571	3.873	13.362	14.3	16.45	18.5	19	NA
2026-01-13 04:00:00	-91.7134	29.9604	0	-0.112	4.35	76.541	102.8	0.638	0	0.705	285.9	0	0	1.038	0.198	0	0.406	0.396	0.41	0.416	0.435	-0.1	-0.1	-0.1	1.333	3.097	2.82	3.571	3.869	13.075	14.1	16.45	18.488	19	NA
2026-01-13 05:00:00	-91.7134	29.9604	0	-0.415	3.7	73.181	102.732	0.583	0	0.58	273.875	0	0	1.03	0.21	0	0.406	0.395	0.41	0.416	0.435	-0.1	-0.1	-0.1	1.33	3.095	2.817	3.569	3.869	12.825	13.9	16.425	18.45	19	NA
2026-01-13 06:00:00	-91.7134	29.9604	0	-0.502	2.675	80.992	102.697	0.599	0	0.86	290.7	0	0	1.36	0.14	0	0.405	0.395	0.409	0.416	0.435	-0.1	-0.1	-0.1	1.328	3.096	2.813	3.572	3.868	12.625	13.75	16.35	18.412	19	NA
2026-01-13 07:00:00	-91.7134	29.9604	0	-0.767	2.9	77.01	102.662	0.579	0	0.608	253.75	0	0	0.758	0.17	0	0.405	0.395	0.409	0.416	0.435	-0.1	-0.1	-0.1	1.329	3.095	2.809	3.573	3.867	12.412	13.55	16.312	18.4	19	NA
2026-01-13 08:00:00	-91.7134	29.9604	0	-0.86	2.675	77.286	102.59	0.572	0	0.703	240.325	0	0	0.925	0.168	0	0.405	0.395	0.409	0.416	0.435	-0.1	-0.1	-0.1	1.326	3.098	2.8	3.573	3.869	12.225	13.375	16.225	18.4	19	NA
2026-01-13 09:00:00	-91.7134	29.9604	0	-0.655	2.025	80.497	102.535	0.569	0	0.598	254.825	0	0	0.973	0.138	0	0.405	0.395	0.409	0.416	0.435	-0.1	-0.1	-0.1	1.324	3.094	2.791	3.569	3.869	12.05	13.225	16.163	18.387	19	NA
2026-01-13 10:00:00	-91.7134	29.9604	0	-0.418	1.775	87.835	102.52	0.61	0	0.475	263.55	0	0	0.778	0.085	0	0.405	0.394	0.409	0.416	0.435	-0.1	-0.1	-0.1	1.323	3.098	2.767	3.571	3.869	11.912	13.05	16.088	18.35	19	NA
2026-01-13 11:00:00	-91.7134	29.9604	0	-0.2	2.05	88.141	102.492	0.624	0	0.73	259.65	0	0	1.008	0.082	0	0.405	0.394	0.409	0.416	0.435	-0.1	-0.1	-0.1	1.324	3.096	2.764	3.569	3.869	11.788	12.925	16	18.312	19	NA
2026-01-13 12:00:00	-91.7134	29.9604	0	-0.345	2.125	92.478	102.52	0.658	0	0.718	277.725	0	0	1.1	0.058	0	0.404	0.394	0.409	0.416	0.435	-0.1	-0.1	-0.1	1.328	3.091	2.756	3.569	3.869	11.688	12.825	15.912	18.3	19	NA
2026-01-13 13:00:00	-91.7134	29.9604	0	0.272	1.825	94.015	102.555	0.655	15.525	0.66	291.525	0	0	0.932	0.043	0	0.404	0.394	0.409	0.416	0.435	-0.1	-0.1	-0.1	1.323	3.097	2.742	3.57	3.869	11.562	12.7	15.825	18.3	19	0.815
2026-01-13 14:00:00	-91.7134	29.9604	0	3.582	3.225	96.071	102.568	0.741	84.975	0.573	284.55	0	0	0.945	0.03	0	0.404	0.394	0.409	0.416	0.435	-0.1	-0.1	-0.1	1.32	3.093	2.732	3.57	3.869	11.5	12.6	15.75	18.275	19	0.853
2026-01-13 15:00:00	-91.7134	29.9604	0	12.148	8.725	90.681	102.645	1.018	275.725	0.758	114.25	0	0	1.872	0.11	0	0.404	0.394	0.409	0.416	0.435	-0.1	-0.1	-0.1	1.322	3.094	2.728	3.568	3.869	11.637	12.6	15.662	18.25	19	0.839
2026-01-13 16:00:00	-91.7134	29.9604	0	15.477	11.7	60.861	102.658	0.834	420.475	0.78	211.475	0	0	1.893	0.54	0	0.403	0.394	0.409	0.416	0.435	-0.1	-0.1	-0.1	1.326	3.095	2.725	3.567	3.868	12	12.625	15.575	18.225	19	0.81
2026-01-13 17:00:00	-91.7134	29.9604	0	17.025	13	48.728	102.588	0.73	508.95	0.98	279.35	0	0	2.21	0.767	0	0.403	0.394	0.409	0.416	0.435	-0.1	-0.1	-0.1	1.329	3.094	2.727	3.563	3.869	12.512	12.825	15.512	18.2	19	0.795
2026-01-13 18:00:00	-91.7134	29.9604	0	16.748	13.575	44.464	102.463	0.691	459.625	1.888	277.475	0	0	3.832	0.865	0	0.402	0.394	0.408	0.416	0.435	-0.1	-0.1	-0.1	1.334	3.097	2.729	3.562	3.867	13.162	13.15	15.438	18.2	19	0.819
2026-01-13 19:00:00	-91.7134	29.9604	0	17.572	14.9	36.936	102.298	0.626	502.975	1.465	317	0	0	3.542	1.067	0	0.402	0.394	0.407	0.416	0.435	-0.1	-0.1	-0.1	1.337	3.1	2.74	3.563	3.865	13.775	13.475	15.4	18.15	19	0.834
2026-01-13 20:00:00	-91.7134	29.9604	0	16.878	15.075	37.631	102.195	0.645	373.05	1.482	273.6	0	0	3.418	1.068	0	0.401	0.394	0.406	0.416	0.435	-0.1	-0.1	-0.1	1.341	3.102	2.756	3.563	3.867	14.25	13.825	15.4	18.15	19	0.844
2026-01-13 21:00:00	-91.7134	29.9604	0	14.438	15	38.684	102.13	0.66	197.35	1.615	290.525	0	0	2.86	1.045	0	0.401	0.394	0.405	0.416	0.435	-0.1	-0.1	-0.1	1.348	3.103	2.759	3.564	3.861	14.537	14.1	15.4	18.113	19	0.849
2026-01-13 22:00:00	-91.7134	29.9604	0	13.26	15.075	34.836	102.078	0.597	173.7	1.77	304.175	0	0	3.35	1.117	0	0.401	0.394	0.405	0.416	0.435	-0.1	-0.1	-0.1	1.349	3.106	2.768	3.566	3.862	14.662	14.35	15.4	18.1	18.9	0.848
2026-01-13 23:00:00	-91.7134	29.9604	0	8.795	12.95	46.746	102.03	0.694	7.875	1.648	259.25	0	0	2.602	0.797	0	0.4	0.394	0.405	0.416	0.435	-0.1	-0.1	-0.1	1.348	3.106	2.771	3.565	3.862	14.612	14.475	15.45	18.062	18.9	0.887
2026-01-14 00:00:00	-91.7134	29.9604	0	9.67	11.85	60.338	102.005	0.838	0	1.842	257.8	0	0	2.935	0.547	0	0.4	0.394	0.404	0.416	0.435	-0.1	-0.1	-0.1	1.344	3.11	2.774	3.566	3.863	14.425	14.5	15.45	18.05	18.9	NA
2026-01-14 01:00:00	-91.7134	29.9604	0	9.33	11.275	64.332	101.99	0.86	0	1.93	262.125	0	0	3.067	0.475	0	0.4	0.394	0.404	0.416	0.435	-0.1	-0.1	-0.1	1.342	3.104	2.776	3.564	3.863	14.25	14.5	15.5	18.038	18.9	NA
2026-01-14 02:00:00	-91.7134	29.9604	0	9.912	11.175	69.803	101.977	0.927	0	1.612	266	0	0	2.303	0.4	0	0.4	0.394	0.404	0.416	0.435	-0.1	-0.1	-0.1	1.34	3.102	2.778	3.565	3.863	14.138	14.425	15.525	18	18.9	NA
2026-01-14 03:00:00	-91.7134	29.9604	0	9.4	11	73.264	101.948	0.962	0	1.7	264.75	0	0	2.572	0.35	0	0.4	0.394	0.404	0.416	0.435	-0.1	-0.1	-0.1	1.342	3.102	2.779	3.567	3.856	14.075	14.4	15.562	17.962	18.9	NA
2026-01-14 04:00:00	-91.7134	29.9604	0	10.22	11.15	72.539	101.912	0.962	0	2.022	278.375	0	0	2.88	0.362	0	0.4	0.394	0.404	0.416	0.435	-0.1	-0.1	-0.1	1.341	3.104	2.778	3.562	3.855	14	14.4	15.6	17.95	18.9	NA
2026-01-14 05:00:00	-91.7134	29.9604	0.885	9.608	10.5	75.855	101.882	0.962	0	1.847	278.75	0	0	2.69	0.305	0.008	0.401	0.394	0.404	0.416	0.435	-0.1	-0.1	-0.1	1.347	3.107	2.779	3.56	3.866	14	14.3	15.6	17.95	18.9	NA
2026-01-14 06:00:00	-91.7134	29.9604	0	8.955	9.45	80.638	101.823	0.954	0	1.718	248.2	0	0	2.73	0.228	0	0.403	0.395	0.404	0.416	0.435	-0.1	-0.1	-0.1	1.348	3.109	2.78	3.564	3.873	13.925	14.3	15.6	17.9	18.9	NA
2026-01-14 07:00:00	-91.7134	29.9604	0.051	8.755	9.175	82.802	101.77	0.962	0	1.38	242.625	0	0	2.393	0.198	0	0.403	0.395	0.404	0.416	0.435	-0.1	-0.1	-0.1	1.345	3.107	2.782	3.562	3.873	13.9	14.3	15.6	17.875	18.9	NA
2026-01-14 08:00:00	-91.7134	29.9604	0	8.975	9.1	85.663	101.682	0.99	0	1.117	255.075	0	0	1.518	0.162	0	0.403	0.395	0.405	0.416	0.435	-0.1	-0.1	-0.1	1.342	3.109	2.781	3.562	3.873	13.838	14.3	15.6	17.85	18.9	NA
2026-01-14 09:00:00	-91.7134	29.9604	0	9.822	9.65	88.117	101.648	1.057	0	1.018	261.825	0	0	1.473	0.145	0	0.403	0.395	0.405	0.416	0.435	-0.1	-0.1	-0.1	1.338	3.106	2.78	3.562	3.871	13.8	14.2	15.6	17.85	18.825	NA
2026-01-14 10:00:00	-91.7134	29.9604	0	9.805	10.175	87.39	101.632	1.086	0	1.532	279.85	0	0	2.32	0.158	0	0.403	0.395	0.405	0.416	0.435	-0.1	-0.1	-0.1	1.34	3.106	2.779	3.562	3.865	13.8	14.2	15.6	17.85	18.8	NA
2026-01-14 11:00:00	-91.7134	29.9604	0	9.59	10.175	86.906	101.61	1.08	0	1.547	278.25	0	0	2.337	0.16	0	0.403	0.395	0.405	0.416	0.435	-0.1	-0.1	-0.1	1.34	3.107	2.779	3.564	3.862	13.8	14.2	15.6	17.8	18.8	NA
2026-01-14 12:00:00	-91.7134	29.9604	0	9.94	10.15	89.227	101.612	1.107	0	1.458	265.625	0	0	2.26	0.135	0	0.402	0.395	0.405	0.416	0.435	-0.1	-0.1	-0.1	1.34	3.107	2.78	3.565	3.866	13.8	14.2	15.6	17.788	18.8	NA
2026-01-14 13:00:00	-91.7134	29.9604	0	8.183	9.75	89.287	101.618	1.078	10.875	1.258	278.425	0	0	1.7	0.13	0	0.402	0.395	0.404	0.416	0.435	-0.1	-0.1	-0.1	1.34	3.107	2.782	3.562	3.865	13.8	14.2	15.6	17.75	18.8	0.882
2026-01-14 14:00:00	-91.7134	29.9604	0	11.585	10.875	90.152	101.61	1.174	82.675	2.212	280.4	0	0	3.535	0.128	0	0.402	0.395	0.404	0.416	0.435	-0.1	-0.1	-0.1	1.339	3.101	2.78	3.556	3.866	13.738	14.2	15.575	17.75	18.8	0.863
2026-01-14 15:00:00	-91.7134	29.9604	0	14.11	12.975	83.084	101.592	1.241	225.4	3.78	289.975	0	0	6.328	0.255	0	0.402	0.395	0.404	0.416	0.435	-0.1	-0.1	-0.1	1.339	3.101	2.78	3.559	3.863	13.863	14.2	15.55	17.75	18.8	0.842
2026-01-14 16:00:00	-91.7134	29.9604	0	15.775	14.35	74.416	101.558	1.217	346.9	4.168	298.025	0	0	6.91	0.418	0	0.402	0.395	0.404	0.416	0.435	-0.1	-0.1	-0.1	1.341	3.1	2.778	3.565	3.864	14.1	14.275	15.525	17.75	18.8	0.827
2026-01-14 17:00:00	-91.7134	29.9604	0	18.632	16.325	66.117	101.425	1.227	572	5.18	288.425	0	0	8.84	0.627	0	0.401	0.395	0.404	0.416	0.435	-0.1	-0.1	-0.1	1.344	3.102	2.781	3.565	3.861	14.438	14.45	15.5	17.7	18.8	0.796
2026-01-14 18:00:00	-91.7134	29.9604	0	19.3	17.475	59.972	101.28	1.198	606.475	5.278	298.375	0	0	9.36	0.797	0	0.4	0.394	0.403	0.416	0.435	-0.1	-0.1	-0.1	1.347	3.106	2.785	3.559	3.866	14.887	14.675	15.5	17.7	18.775	0.819
2026-01-14 19:00:00	-91.7134	29.9604	0	19.628	18.3	59.068	101.162	1.242	576.85	4.975	303.575	0	0	9.625	0.857	0	0.399	0.394	0.403	0.416	0.435	-0.1	-0.1	-0.1	1.348	3.107	2.788	3.559	3.859	15.3	14.925	15.525	17.65	18.7	0.837
2026-01-14 20:00:00	-91.7134	29.9604	0	18.843	18.25	59.677	101.13	1.251	429.075	4.622	306.8	0	0	8.658	0.84	0	0.398	0.394	0.403	0.416	0.435	-0.1	-0.1	-0.1	1.353	3.106	2.792	3.56	3.86	15.637	15.15	15.562	17.65	18.7	0.848
2026-01-14 21:00:00	-91.7134	29.9604	0	17.995	18.45	59.308	101.092	1.259	321.175	3.695	309.475	0	0	7.215	0.867	0	0.398	0.394	0.403	0.416	0.435	-0.1	-0.1	-0.1	1.357	3.108	2.793	3.56	3.86	15.775	15.325	15.6	17.65	18.7	0.85
2026-01-14 22:00:00	-91.7134	29.9604	0	15.713	17.5	58.631	101.198	1.173	163.575	4.612	331.175	0	0	8.76	0.825	0	0.396	0.394	0.402	0.416	0.435	-0.1	-0.1	-0.1	1.358	3.109	2.795	3.56	3.86	15.725	15.425	15.637	17.65	18.7	0.852
2026-01-14 23:00:00	-91.7134	29.9604	0	13.035	15.475	59.407	101.32	1.045	25.65	5.135	93.525	0	0	9.402	0.713	0	0.396	0.395	0.402	0.416	0.435	-0.1	-0.1	-0.1	1.356	3.108	2.798	3.56	3.86	15.562	15.5	15.662	17.65	18.7	0.863
2026-01-15 00:00:00	-91.7134	29.9604	0	10.367	13.425	62.179	101.43	0.957	0	3.072	266.35	0	0	5.782	0.58	0	0.395	0.395	0.402	0.416	0.435	-0.1	-0.1	-0.1	1.353	3.104	2.801	3.562	3.862	15.25	15.4	15.75	17.6	18.7	NA
2026-01-15 01:00:00	-91.7134	29.9604	0	7.237	11.675	67.221	101.505	0.923	0	1.585	254.575	0	0	2.655	0.45	0	0.395	0.395	0.402	0.416	0.435	-0.1	-0.1	-0.1	1.35	3.102	2.802	3.562	3.861	14.925	15.275	15.75	17.6	18.7	NA
2026-01-15 02:00:00	-91.7134	29.9604	0	5.237	10.45	71.63	101.562	0.906	0	1.578	322.6	0	0	2.325	0.358	0	0.395	0.395	0.402	0.416	0.435	-0.1	-0.1	-0.1	1.35	3.1	2.801	3.561	3.86	14.625	15.15	15.838	17.575	18.7	NA
2026-01-15 03:00:00	-91.7134	29.9604	0	5.332	9.55	76.783	101.598	0.915	0	1.448	294.225	0	0	2.442	0.275	0	0.395	0.394	0.402	0.416	0.435	-0.1	-0.1	-0.1	1.347	3.099	2.801	3.561	3.86	14.35	14.975	15.85	17.55	18.7	NA
2026-01-15 04:00:00	-91.7134	29.9604	0	5.305	8.95	79.51	101.697	0.91	0	1.245	341.35	0	0	2.68	0.235	0	0.395	0.394	0.402	0.416	0.435	-0.1	-0.1	-0.1	1.346	3.097	2.801	3.561	3.86	14.087	14.8	15.85	17.55	18.7	NA
