2026-01-24 00:00:00	-92.8299	30.5104	0	14.095	14.725	82.419	101.825	1.381	0	3.072	45.425	0	0	6.04	0.292	0	0.344	0.298	0.296	0.308	0.23	-14.5	-12.225	-23.375	0.07	0.265	0.088	0.675	0.449	15.75	15.425	15.35	15.7	15.8	NA
2026-01-24 01:00:00	-92.8299	30.5104	0	12.81	13.7	83.152	101.852	1.304	0	3.305	29.05	0	0	6.463	0.262	0	0.345	0.298	0.296	0.308	0.23	-14.5	-12.05	-20.575	0.07	0.266	0.089	0.677	0.452	15.35	15.3	15.363	15.7	15.75	NA
2026-01-24 02:00:00	-92.8299	30.5104	0	12.18	12.225	85.082	101.915	1.212	0	3.845	42.5	0	0	6.82	0.212	0	0.345	0.298	0.296	0.308	0.23	-14.5	-11.975	-18.775	0.069	0.266	0.09	0.677	0.452	14.9	15.15	15.35	15.7	15.725	NA
2026-01-24 03:00:00	-92.8299	30.5104	0	10.865	10.725	84.234	101.935	1.086	0	3.765	40	0	0	6.84	0.202	0	0.346	0.299	0.296	0.309	0.231	-14.5	-11.9	-17.475	0.068	0.266	0.09	0.679	0.454	14.463	14.925	15.35	15.7	15.8	NA
2026-01-24 04:00:00	-92.8299	30.5104	0	10.24	9.675	83.687	101.945	1.006	0	3.135	34.425	0	0	6.008	0.195	0	0.347	0.299	0.296	0.309	0.231	-14.5	-11.825	-16.5	0.067	0.266	0.09	0.677	0.452	13.938	14.7	15.325	15.7	15.8	NA
2026-01-24 05:00:00	-92.8299	30.5104	0	9.76	9	83.576	101.872	0.96	0	3.008	35.9	0	0	5.98	0.188	0	0.347	0.299	0.297	0.309	0.231	-14.4	-11.75	-15.75	0.066	0.266	0.09	0.678	0.452	13.512	14.475	15.25	15.7	15.8	NA
2026-01-24 06:00:00	-92.8299	30.5104	0	9.42	8.55	83.577	101.8	0.931	0	2.92	39.25	0	0	5.38	0.18	0	0.348	0.3	0.297	0.309	0.231	-14.4	-11.7	-15.125	0.065	0.266	0.091	0.679	0.455	13.2	14.2	15.175	15.7	15.8	NA
2026-01-24 07:00:00	-92.8299	30.5104	0	9.005	8.35	82.193	101.69	0.903	0	2.743	45.1	0	0	4.72	0.195	0	0.348	0.3	0.297	0.309	0.232	-14.4	-11.6	-14.575	0.066	0.265	0.091	0.678	0.454	12.925	14	15.088	15.7	15.8	NA
2026-01-24 08:00:00	-92.8299	30.5104	0	7.26	7.825	81.238	101.648	0.861	0	2.112	29.675	0	0	3.67	0.198	0	0.349	0.3	0.297	0.309	0.232	-14.4	-11.6	-14.15	0.065	0.266	0.092	0.679	0.453	12.6	13.8	14.988	15.7	15.8	NA
2026-01-24 09:00:00	-92.8299	30.5104	0	8.052	7.625	81.095	101.65	0.848	0	2.5	24.9	0	0	4.593	0.198	0	0.349	0.301	0.297	0.309	0.232	-14.4	-11.525	-13.825	0.063	0.266	0.092	0.681	0.452	12.212	13.6	14.887	15.7	15.8	NA
2026-01-24 10:00:00	-92.8299	30.5104	0	8.098	7.4	79.8	101.655	0.822	0	2.827	29.625	0	0	4.995	0.21	0	0.349	0.301	0.297	0.309	0.232	-14.3	-11.5	-13.5	0.062	0.266	0.092	0.679	0.454	12.037	13.375	14.787	15.7	15.8	NA
2026-01-24 11:00:00	-92.8299	30.5104	0.374	7.438	6.675	82.554	101.638	0.808	0	2.692	25.2	0	0	4.74	0.17	0	0.351	0.301	0.298	0.31	0.232	-14.2	-11.5	-13.2	0.062	0.269	0.092	0.679	0.459	11.85	13.2	14.675	15.7	15.8	NA
2026-01-24 12:00:00	-92.8299	30.5104	0	6.825	6.025	85.959	101.57	0.805	0	3.5	41.775	0	0	7.11	0.132	0	0.351	0.301	0.298	0.31	0.232	-13.875	-11.425	-13	0.062	0.27	0.092	0.679	0.462	11.625	13.05	14.562	15.7	15.8	NA
2026-01-24 13:00:00	-92.8299	30.5104	0	6.662	5.675	86.517	101.592	0.791	4.9	2.907	38.975	0	0	5.1	0.122	0	0.351	0.301	0.298	0.31	0.232	-13.8	-11.4	-12.775	0.061	0.269	0.092	0.679	0.461	11.375	12.85	14.475	15.7	15.8	NA
2026-01-24 14:00:00	-92.8299	30.5104	0	6.918	5.775	86.354	101.642	0.795	12.95	2.835	22.15	0	0	5.165	0.125	0	0.351	0.302	0.298	0.31	0.232	-13.825	-11.4	-12.625	0.062	0.268	0.092	0.679	0.461	11.225	12.7	14.35	15.7	15.8	0.425
2026-01-24 15:00:00	-92.8299	30.5104	2.906	6.595	5.475	86.546	101.652	0.78	9.375	2.777	24.55	0	0	5.173	0.122	0.046	0.353	0.302	0.298	0.31	0.232	-13.75	-11.35	-12.5	0.062	0.269	0.092	0.679	0.462	11.1	12.575	14.262	15.7	15.8	NA
2026-01-24 16:00:00	-92.8299	30.5104	2.957	6.98	4.6	94.429	101.545	0.801	51.85	2.772	34.875	0	0	5.468	0.048	0.002	0.355	0.302	0.297	0.31	0.232	-8.975	-10.85	-12.325	0.11	0.274	0.097	0.679	0.459	10.863	12.425	14.138	15.675	15.8	0.416
2026-01-24 17:00:00	-92.8299	30.5104	1.991	7.053	4.6	95.433	101.545	0.81	31.125	2.232	33.3	0	0	4.947	0.038	0.002	0.355	0.305	0.3	0.311	0.232	-0.4	-6.75	-12.1	0.128	0.28	0.106	0.682	0.46	10.8	12.225	14.038	15.6	15.8	0.4
2026-01-24 18:00:00	-92.8299	30.5104	7.872	6.67	4.35	96.879	101.49	0.807	47.55	2.625	184.675	6.75	0.25	5.633	0.025	0.003	0.354	0.306	0.302	0.312	0.232	-0.2	-2.325	-11.85	0.168	0.29	0.118	0.687	0.462	10.65	12.05	13.925	15.6	15.8	0.396
2026-01-24 19:00:00	-92.8299	30.5104	3.961	7.02	3.975	98.575	101.412	0.8	98.875	3.628	95.15	0	0	7.268	0.013	0.002	0.363	0.346	0.318	0.312	0.232	-0.2	-0.425	-11.4	0.292	0.391	0.142	0.693	0.462	10.025	11.6	13.7	15.6	15.8	0.419
2026-01-24 20:00:00	-92.8299	30.5104	0	6.575	3.575	98.943	101.328	0.781	68.075	3.82	10.65	0	0	6.435	0.01	0	0.391	0.364	0.323	0.313	0.233	-0.2	-0.3	-10.75	0.236	0.441	0.162	0.704	0.462	10.2	11.5	13.55	15.55	15.8	0.418
2026-01-24 21:00:00	-92.8299	30.5104	0	6.062	3.375	97.312	101.212	0.757	57.375	3.408	32.675	0	0	6.028	0.02	0	0.387	0.364	0.324	0.314	0.233	-0.2	-0.3	-9.45	0.227	0.435	0.169	0.713	0.463	10.25	11.45	13.425	15.5	15.8	0.42
2026-01-24 22:00:00	-92.8299	30.5104	3.417	5.108	3.075	97.465	101.21	0.742	4.45	3.075	31	0	0	5.5	0.018	0.002	0.382	0.363	0.324	0.315	0.234	-0.2	-0.3	-7.225	0.217	0.431	0.175	0.727	0.465	9.975	11.35	13.312	15.462	15.8	NA
2026-01-24 23:00:00	-92.8299	30.5104	2.468	5.035	2.825	97.741	101.175	0.732	1.7	2.898	24.625	6.75	0.25	5.02	0.018	0.002	0.38	0.364	0.326	0.316	0.235	-0.2	-0.3	-5.25	0.264	0.428	0.191	0.738	0.471	9.35	11.125	13.2	15.425	15.8	NA
2026-01-25 00:00:00	-92.8299	30.5104	1.97	4.843	2.5	98.865	101.145	0.723	0	3.03	26.375	0	0	5.52	0.01	0	0.378	0.366	0.33	0.324	0.237	-0.2	-0.3	-1.3	0.249	0.425	0.221	0.77	0.473	8.688	10.7	12.912	15.363	15.8	NA
2026-01-25 01:00:00	-92.8299	30.5104	0.017	4.598	2.4	98.747	101.078	0.717	0	3.002	37.625	0	0	5.762	0.01	0	0.379	0.365	0.332	0.328	0.248	-0.175	-0.3	-0.4	0.225	0.423	0.235	0.773	0.476	8.363	10.35	12.8	15.3	15.8	NA
2026-01-25 02:00:00	-92.8299	30.5104	0.017	4.565	2.4	98.85	101.072	0.718	0	2.542	28.75	0	0	4.537	0.01	0	0.381	0.366	0.333	0.325	0.253	-0.2	-0.3	-0.425	0.202	0.423	0.236	0.77	0.471	8.262	10.175	12.712	15.275	15.8	NA
2026-01-25 03:00:00	-92.8299	30.5104	0.629	4.45	2.3	99.175	101.042	0.715	0	2.49	8.2	0	0	4.638	0.01	0.002	0.38	0.366	0.332	0.324	0.256	-0.1	-0.3	-0.5	0.168	0.421	0.236	0.763	0.47	8.188	10.025	12.613	15.2	15.8	NA
2026-01-25 04:00:00	-92.8299	30.5104	0.085	4.263	2.125	99.3	100.968	0.707	0	3.06	7.1	0	0	5.098	0.005	0	0.379	0.365	0.332	0.323	0.26	-0.175	-0.3	-0.5	0.156	0.419	0.235	0.761	0.472	8.062	9.925	12.475	15.162	15.8	NA
2026-01-25 05:00:00	-92.8299	30.5104	0.408	4.112	2.05	99.199	100.905	0.702	0	2.577	95.8	0	0	4.737	0.007	0.003	0.378	0.365	0.332	0.323	0.266	-0.175	-0.3	-0.5	0.149	0.42	0.235	0.759	0.47	7.9	9.775	12.35	15.1	15.7	NA
2026-01-25 06:00:00	-92.8299	30.5104	0.187	3.973	1.825	99.697	100.865	0.695	0	2.635	355.533	0	0	4.83	0.002	0.005	0.378	0.365	0.332	0.323	0.342	-0.2	-0.3	-0.5	0.146	0.418	0.235	0.755	0.398	7.812	9.65	12.238	15.05	15.7	NA
2026-01-25 07:00:00	-92.8299	30.5104	1.09	3.817	1.75	99.61	100.878	0.69	0	2.183	346.925	0	0	4.258	0.005	0.012	0.376	0.365	0.332	0.323	0.464	-0.125	-0.3	-0.5	0.15	0.412	0.234	0.757	0.381	7.675	9.55	12.112	14.975	15.8	NA
2026-01-25 08:00:00	-92.8299	30.5104	0.595	3.735	1.7	99.581	100.842	0.688	0	2.708	353.175	0	0	4.635	0	0.011	0.376	0.365	0.333	0.324	0.475	-0.1	-0.275	-0.5	0.156	0.41	0.234	0.756	0.559	7.538	9.4	12	14.912	15.775	NA
2026-01-25 09:00:00	-92.8299	30.5104	0.102	3.283	1.325	99.779	100.848	0.671	0	3.242	343.375	0	0	6.337	0	0	0.375	0.365	0.333	0.327	0.477	-0.1	-0.2	-0.4	0.154	0.408	0.234	0.755	0.564	7.35	9.275	11.888	14.85	15.7	NA
2026-01-25 10:00:00	-92.8299	30.5104	0.578	2.902	1	99.664	100.872	0.655	0	3.542	342.1	8.75	2	6.522	0	0.012	0.375	0.365	0.332	0.331	0.478	-0.1	-0.2	-0.3	0.141	0.406	0.235	0.751	0.564	7.112	9.15	11.762	14.75	15.7	NA
2026-01-25 11:00:00	-92.8299	30.5104	1.361	1.548	-0.075	99.78	100.968	0.607	0	3.73	345.525	0	0	7.535	0	0.012	0.376	0.366	0.333	0.346	0.478	-0.1	-0.2	-0.3	0.148	0.402	0.234	0.726	0.565	6.463	8.925	11.637	14.725	15.7	NA
2026-01-25 12:00:00	-92.8299	30.5104	3.536	2.087	-0.225	99.646	101.028	0.599	0	2.89	179.375	9.25	4	5.735	0	0.002	0.378	0.366	0.334	0.393	0.478	-0.1	-0.2	-0.3	0.15	0.401	0.236	0.677	0.565	6.312	8.7	11.512	14.688	15.675	NA
2026-01-25 13:00:00	-92.8299	30.5104	15.128	2.09	0.025	99.536	101.145	0.61	0	2.188	250.225	14.25	5.5	5.165	0	0.002	0.379	0.369	0.384	0.4	0.479	-0.1	-0.2	-0.3	0.194	0.402	0.274	0.682	0.519	5.312	8.05	10.25	14.238	15.3	NA
2026-01-25 14:00:00	-92.8299	30.5104	3.592	3.027	0.325	99.847	101.19	0.625	13.025	2.17	255.525	0	0	4.925	0	0.002	0.376	0.373	0.398	0.401	0.479	-0.1	-0.2	-0.3	0.206	0.391	0.298	0.678	0.498	5.638	7.475	10.488	14.262	15.325	0.489
2026-01-25 15:00:00	-92.8299	30.5104	1.532	3.765	0.625	99.778	101.355	0.638	70.65	2.105	322.65	0	0	3.9	0	0.002	0.377	0.373	0.397	0.401	0.479	-0.1	-0.2	-0.3	0.194	0.374	0.31	0.675	0.501	6.075	7.675	10.675	14.275	15.4	0.502
2026-01-25 16:00:00	-92.8299	30.5104	0.085	5.442	1.125	99.781	101.362	0.661	210.075	3.963	341.25	0	0	7.728	0	0	0.377	0.37	0.397	0.401	0.479	-0.1	-0.2	-0.3	0.186	0.376	0.311	0.672	0.491	6.625	7.8	10.6	14.25	15.4	0.494
2026-01-25 17:00:00	-92.8299	30.5104	0	5.307	1.25	99.901	101.415	0.669	216.2	5	345.9	0	0	9.043	0	0	0.38	0.37	0.397	0.401	0.479	-0.1	-0.2	-0.3	0.174	0.378	0.313	0.675	0.492	6.988	8	10.588	14.238	15.4	0.544
2026-01-25 18:00:00	-92.8299	30.5104	0	5.71	1.375	98.416	101.42	0.664	221.5	4.27	347.625	0	0	7.167	0.013	0	0.382	0.37	0.397	0.402	0.479	-0.1	-0.2	-0.3	0.152	0.379	0.317	0.676	0.496	7.338	8.225	10.6	14.188	15.4	0.618
2026-01-25 19:00:00	-92.8299	30.5104	0	6.25	1.725	96.977	101.385	0.671	259.65	4.242	340.625	0	0	8.385	0.02	0	0.383	0.37	0.397	0.402	0.479	-0.1	-0.2	-0.25	0.141	0.38	0.321	0.675	0.501	7.812	8.475	10.612	14.15	15.4	0.476
2026-01-25 20:00:00	-92.8299	30.5104	0	4.652	1.525	92.954	101.408	0.634	137.45	4.242	340.9	0	0	7.705	0.045	0	0.383	0.37	0.398	0.402	0.479	-0.1	-0.2	-0.2	0.136	0.38	0.324	0.673	0.503	7.475	8.6	10.65	14.1	15.375	0.428
2026-01-25 21:00:00	-92.8299	30.5104	0	3.53	1.1	91.464	101.475	0.605	72.2	4.19	342.325	0	0	7.735	0.055	0	0.384	0.37	0.398	0.402	0.479	-0.1	-0.2	-0.2	0.13	0.38	0.327	0.673	0.506	6.95	8.575	10.662	14.038	15.3	0.438
2026-01-25 22:00:00	-92.8299	30.5104	0	3.045	1.1	90.632	101.55	0.599	34.05	3.878	348.625	0	0	7.383	0.06	0	0.384	0.37	0.398	0.402	0.479	-0.1	-0.2	-0.2	0.126	0.38	0.329	0.673	0.508	6.6	8.45	10.7	13.988	15.3	0.447
2026-01-25 23:00:00	-92.8299	30.5104	0	2.473	0.775	91.083	101.672	0.589	3.3	3.372	340.4	0	0	6.2	0.055	0	0.382	0.369	0.398	0.402	0.479	-0.1	-0.2	-0.2	0.127	0.38	0.331	0.674	0.51	6.275	8.3	10.65	13.938	15.3	NA
2026-01-26 00:00:00	-92.8299	30.5104	0	1.76	0.2	91.276	101.778	0.566	0	3.867	340.925	0	0	7.608	0.055	0	0.379	0.37	0.398	0.402	0.479	-0.1	-0.2	-0.2	0.127	0.38	0.332	0.673	0.51	5.825	8.1	10.65	13.9	15.225	NA
2026-01-26 01:00:00	-92.8299	30.5104	0	0.997	-0.675	91.187	101.912	0.53	0	4.535	342.875	0	0	7.718	0.05	0	0.379	0.37	0.398	0.402	0.479	-0.1	-0.2	-0.2	0.121	0.379	0.333	0.673	0.512	5.363	7.9	10.575	13.838	15.2	NA
2026-01-26 02:00:00	-92.8299	30.5104	0	0.605	-1.25	91.492	102.01	0.51	0	4.055	341.325	0	0	7.348	0.048	0	0.38	0.37	0.398	0.402	0.479	-0.1	-0.125	-0.2	0.12	0.379	0.336	0.673	0.511	5	7.65	10.5	13.8	15.2	NA
2026-01-26 03:00:00	-92.8299	30.5104	0	0.152	-1.875	91.811	102.182	0.489	0	3.975	347.35	0	0	7.515	0.04	0	0.38	0.37	0.398	0.402	0.479	-0.1	-0.1	-0.2	0.118	0.378	0.337	0.672	0.509	4.675	7.4	10.387	13.75	15.175	NA
2026-01-26 04:00:00	-92.8299	30.5104	0	-0.52	-2.525	90.326	102.275	0.458	0	4.855	355.267	0	0	9.012	0.05	0	0.379	0.37	0.398	0.402	0.479	-0.1	-0.1	-0.2	0.116	0.377	0.338	0.672	0.51	4.175	7.175	10.287	13.7	15.1	NA
2026-01-26 05:00:00	-92.8299	30.5104	0	-0.818	-2.85	88.868	102.32	0.44	0	4.235	267.45	0	0	8.385	0.055	0	0.379	0.367	0.398	0.402	0.479	-0.1	-0.1	-0.2	0.114	0.38	0.339	0.673	0.51	3.862	6.9	10.175	13.662	15.1	NA
2026-01-26 06:00:00	-92.8299	30.5104	0	-0.98	-3.2	90.023	102.382	0.434	0	3.905	350.033	0	0	7.245	0.05	0	0.378	0.357	0.398	0.402	0.479	-0.1	-0.1	-0.2	0.112	0.38	0.338	0.669	0.512	3.75	6.7	10.038	13.6	15.1	NA
2026-01-26 07:00:00	-92.8299	30.5104	0	-1.112	-3.375	90.685	102.4	0.432	0	3.973	268.925	0	0	7.02	0.048	0	0.378	0.356	0.398	0.402	0.479	-0.1	-0.1	-0.2	0.107	0.362	0.339	0.669	0.513	3.538	6.525	9.9	13.575	15	NA
2026-01-26 08:00:00	-92.8299	30.5104	0	-1.192	-3.2	91.634	102.4	0.442	0	4.45	179.3	0	0	8.672	0.043	0	0.377	0.356	0.398	0.402	0.479	-0.1	-0.1	-0.2	0.101	0.363	0.338	0.671	0.513	3.413	6.35	9.762	13.512	15	NA
2026-01-26 09:00:00	-92.8299	30.5104	0	-2.822	-3.3	85.091	102.402	0.408	0	4.167	11.825	0	0	7.275	0.073	0	0.376	0.356	0.398	0.403	0.479	-0.1	-0.1	-0.2	0.095	0.362	0.328	0.671	0.512	2.962	6.175	9.65	13.462	15	NA
2026-01-26 10:00:00	-92.8299	30.5104	0	-3.23	-3.825	84.957	102.47	0.391	0	3.357	94.575	0	0	6.19	0.07	0	0.375	0.356	0.398	0.403	0.479	-0.1	-0.1	-0.2	0.089	0.361	0.312	0.67	0.513	2.825	5.975	9.525	13.4	14.925	NA
2026-01-26 11:00:00	-92.8299	30.5104	0	-2.155	-3.725	87.761	102.57	0.407	0	3.86	1.775	0	0	7.002	0.057	0	0.374	0.356	0.398	0.403	0.479	-0.1	-0.1	-0.2	0.082	0.36	0.31	0.671	0.514	2.812	5.85	9.412	13.338	14.9	NA
2026-01-26 12:00:00	-92.8299	30.5104	0	-1.695	-3.325	86.161	102.748	0.412	0	4.25	178.35	0	0	8.182	0.068	0	0.373	0.356	0.392	0.403	0.479	-0.1	-0.1	-0.2	0.079	0.359	0.306	0.669	0.514	2.812	5.75	9.288	13.288	14.9	NA
2026-01-26 13:00:00	-92.8299	30.5104	0	-1.65	-3.175	84.995	102.89	0.411	2.45	4.97	235.967	0	0	8.713	0.073	0	0.372	0.356	0.374	0.403	0.479	-0.1	-0.1	-0.2	0.075	0.358	0.32	0.668	0.514	2.688	5.625	9.162	13.212	14.825	0.401
2026-01-26 14:00:00	-92.8299	30.5104	0	-1.375	-3.275	83.904	103.03	0.402	39.625	4.553	354.4	0	0	8.668	0.075	0	0.371	0.356	0.371	0.403	0.479	-0.1	-0.1	-0.2	0.072	0.36	0.32	0.669	0.514	2.688	5.525	9.062	13.15	14.8	0.383
2026-01-26 15:00:00	-92.8299	30.5104	0	0	-3.225	81.775	103.202	0.394	242.85	4.588	13.15	0	0	8.875	0.088	0	0.371	0.356	0.37	0.403	0.479	-0.1	-0.1	-0.2	0.072	0.358	0.32	0.667	0.514	2.7	5.45	8.938	13.088	14.8	0.388
2026-01-26 16:00:00	-92.8299	30.5104	0	5.013	-1.75	76.232	103.298	0.41	494.725	3.987	11.275	0	0	7.432	0.128	0	0.372	0.355	0.37	0.403	0.479	-0.1	-0.1	-0.2	0.076	0.359	0.32	0.665	0.516	3.512	5.5	8.838	13.012	14.725	0.407
2026-01-26 17:00:00	-92.8299	30.5104	0	8.76	-0.4	70.472	103.322	0.418	659.525	3.635	10.5	0	0	6.787	0.175	0	0.372	0.355	0.37	0.403	0.479	-0.1	-0.1	-0.2	0.082	0.359	0.321	0.665	0.516	4.75	5.85	8.738	12.95	14.7	0.393
2026-01-26 18:00:00	-92.8299	30.5104	0	10.308	0.725	65.316	103.298	0.42	712.15	4.178	346.275	0	0	7.745	0.225	0	0.372	0.354	0.37	0.403	0.479	-0.1	-0.1	-0.2	0.086	0.361	0.321	0.665	0.514	6.05	6.375	8.7	12.888	14.7	0.412
2026-01-26 19:00:00	-92.8299	30.5104	0	9.74	1.2	63.11	103.262	0.42	683.875	4.963	178.75	0	0	8.858	0.248	0	0.37	0.354	0.369	0.403	0.479	-0.1	-0.1	-0.2	0.091	0.362	0.323	0.664	0.515	7.012	6.975	8.75	12.812	14.6	0.406
2026-01-26 20:00:00	-92.8299	30.5104	0	8.075	1.1	64.069	103.255	0.424	581.775	5.138	2.15	0	0	8.585	0.242	0	0.37	0.353	0.369	0.403	0.479	-0.1	-0.1	-0.2	0.092	0.362	0.324	0.661	0.514	6.8	7.3	8.85	12.75	14.6	0.418
2026-01-26 21:00:00	-92.8299	30.5104	0	6.425	0.7	66.921	103.295	0.43	404.575	4.175	266.875	0	0	7.602	0.212	0	0.37	0.353	0.368	0.403	0.479	-0.1	-0.1	-0.2	0.093	0.363	0.324	0.663	0.515	6.487	7.5	8.988	12.7	14.575	0.404
2026-01-26 22:00:00	-92.8299	30.5104	0	3.878	0.7	66.756	103.332	0.429	191.625	3.47	90.05	0	0	5.947	0.215	0	0.37	0.352	0.368	0.403	0.479	-0.1	-0.1	-0.2	0.092	0.362	0.326	0.663	0.516	6.088	7.6	9.125	12.625	14.5	0.424
2026-01-26 23:00:00	-92.8299	30.5104	0	0.122	0.225	65.061	103.335	0.404	34	2.998	357.15	0	0	5.495	0.215	0	0.37	0.352	0.368	0.403	0.479	-0.1	-0.1	-0.2	0.092	0.36	0.325	0.663	0.516	5.4	7.475	9.238	12.6	14.5	0.394
2026-01-27 00:00:00	-92.8299	30.5104	0	-2.102	-1.3	70.066	103.358	0.389	0	2.255	339.95	0	0	3.357	0.168	0	0.371	0.352	0.367	0.404	0.479	-0.1	-0.1	-0.2	0.09	0.358	0.326	0.663	0.516	4.725	7.25	9.288	12.55	14.425	NA
2026-01-27 01:00:00	-92.8299	30.5104	0	-2.567	-2.025	74.994	103.422	0.395	0	2.218	346.95	0	0	3.435	0.13	0	0.371	0.353	0.367	0.404	0.479	-0.1	-0.1	-0.2	0.09	0.357	0.325	0.661	0.515	4.225	6.925	9.3	12.5	14.4	NA
2026-01-27 02:00:00	-92.8299	30.5104	0	-2.875	-2.55	79.004	103.448	0.4	0	2.352	352.75	0	0	3.803	0.105	0	0.371	0.353	0.366	0.403	0.479	-0.1	-0.1	-0.2	0.088	0.357	0.324	0.66	0.514	3.85	6.6	9.262	12.5	14.4	NA
2026-01-27 03:00:00	-92.8299	30.5104	0	-3.553	-3.125	80.442	103.455	0.39	0	1.55	91.45	0	0	2.493	0.1	0	0.371	0.353	0.366	0.403	0.479	-0.1	-0.1	-0.2	0.087	0.353	0.324	0.661	0.515	3.625	6.35	9.162	12.475	14.3	NA
2026-01-27 04:00:00	-92.8299	30.5104	0	-3.867	-3.6	83.426	103.418	0.39	0	1.4	180.475	0	0	2.038	0.08	0	0.371	0.353	0.365	0.403	0.479	-0.1	-0.1	-0.2	0.102	0.354	0.324	0.662	0.516	3.538	6.15	9.088	12.45	14.3	NA
2026-01-27 05:00:00	-92.8299	30.5104	0	-4.39	-4.1	85.894	103.375	0.387	0	1.238	179.875	0	0	1.782	0.065	0	0.371	0.354	0.365	0.403	0.479	-0.1	-0.1	-0.2	0.101	0.355	0.323	0.661	0.517	3.325	5.975	8.975	12.4	14.275	NA
2026-01-27 06:00:00	-92.8299	30.5104	0	-4.91	-4.725	87.162	103.342	0.375	0	1.025	117.067	0	0	1.405	0.055	0	0.371	0.354	0.364	0.403	0.479	-0.1	-0.1	-0.2	0.101	0.354	0.325	0.661	0.518	3.175	5.8	8.875	12.4	14.2	NA
2026-01-27 07:00:00	-92.8299	30.5104	0	-5.31	-4.8	86.585	103.295	0.37	0	0.818	339.55	0	0	1.115	0.06	0	0.371	0.354	0.363	0.403	0.479	-0.1	-0.1	-0.2	0.1	0.353	0.326	0.658	0.517	3.013	5.65	8.775	12.375	14.2	NA
2026-01-27 08:00:00	-92.8299	30.5104	0	-5.438	-5.4	89.399	103.26	0.365	0	0.77	164.1	0	0	1.195	0.043	0	0.371	0.354	0.362	0.403	0.479	-0.1	-0.1	-0.2	0.098	0.354	0.325	0.66	0.518	2.9	5.525	8.662	12.3	14.2	NA
2026-01-27 09:00:00	-92.8299	30.5104	0	-5.633	-5.825	89.38	103.257	0.354	0	0.568	255.3	0	0	0.948	0.045	0	0.371	0.354	0.361	0.403	0.479	-0.1	-0.1	-0.2	0.098	0.352	0.326	0.661	0.518	2.725	5.375	8.562	12.3	14.1	NA
2026-01-27 10:00:00	-92.8299	30.5104	0	-5.732	-6.15	89.358	103.255	0.345	0	0.718	253.825	0	0	1.125	0.04	0	0.371	0.354	0.36	0.403	0.479	-0.1	-0.1	-0.2	0.094	0.353	0.324	0.661	0.519	2.55	5.25	8.462	12.25	14.1	NA
2026-01-27 11:00:00	-92.8299	30.5104	0	-5.963	-6.325	88.277	103.248	0.336	0	0.665	326.9	0	0	0.98	0.045	0	0.371	0.354	0.359	0.403	0.479	-0.1	-0.1	-0.175	0.093	0.35	0.324	0.661	0.519	2.413	5.125	8.35	12.2	14.1	NA
2026-01-27 12:00:00	-92.8299	30.5104	0	-6.308	-6.775	91.104	103.232	0.335	0	0.32	167.625	0	0	0.598	0.032	0	0.37	0.354	0.358	0.403	0.479	-0.1	-0.1	-0.1	0.091	0.352	0.324	0.66	0.519	2.3	4.975	8.238	12.175	14.05	NA
2026-01-27 13:00:00	-92.8299	30.5104	0	-5.39	-6.425	90.641	103.227	0.343	11.6	0.565	24.075	0	0	0.83	0.038	0	0.37	0.354	0.358	0.403	0.48	-0.1	-0.1	-0.1	0.087	0.351	0.323	0.66	0.521	2.138	4.85	8.138	12.1	14	0.228
2026-01-27 14:00:00	-92.8299	30.5104	0	-0.96	-3.75	99.857	103.305	0.463	112.225	0.405	176.975	0	0	1.045	0	0	0.369	0.354	0.357	0.403	0.48	-0.1	-0.1	-0.1	0.088	0.351	0.324	0.661	0.522	2.562	4.775	8.05	12.075	14	0.324
2026-01-27 15:00:00	-92.8299	30.5104	0	4.487	-2.125	99.88	103.375	0.523	262.95	0.642	144.05	0	0	1.423	0	0	0.37	0.354	0.357	0.403	0.48	-0.1	-0.1	-0.1	0.09	0.353	0.324	0.659	0.522	3.138	4.8	7.95	12	13.975	0.418
2026-01-27 16:00:00	-92.8299	30.5104	0	9.25	-0.3	92.43	103.4	0.551	490.775	0.693	85.8	0	0	1.912	0.045	0	0.37	0.354	0.357	0.403	0.48	-0.1	-0.1	-0.1	0.094	0.353	0.325	0.658	0.522	4.05	5.025	7.875	11.975	13.9	0.399
2026-01-27 17:00:00	-92.8299	30.5104	0	13.072	1.725	72.723	103.348	0.502	667.175	1.195	109.625	0	0	3.163	0.19	0	0.369	0.353	0.357	0.403	0.48	-0.1	-0.1	-0.1	0.099	0.354	0.326	0.658	0.522	5.438	5.475	7.787	11.912	13.9	0.376
2026-01-27 18:00:00	-92.8299	30.5104	0	14.678	4.025	53.468	103.225	0.436	717.3	2.352	196.45	0	0	5.287	0.38	0	0.367	0.352	0.357	0.403	0.48	-0.1	-0.1	-0.1	0.104	0.357	0.326	0.659	0.521	7.263	6.1	7.788	11.888	13.9	0.379
2026-01-27 19:00:00	-92.8299	30.5104	0	16.405	5.275	52.486	103.09	0.467	697.775	1.69	195.1	0	0	3.805	0.422	0	0.365	0.351	0.356	0.403	0.48	-0.1	-0.1	-0.1	0.109	0.361	0.33	0.659	0.524	9.3	7.05	7.9	11.8	13.8	0.352
2026-01-27 20:00:00	-92.8299	30.5104	0	13.265	5.85	48.206	102.97	0.446	497.075	1.845	187.65	0	0	3.805	0.48	0	0.364	0.35	0.356	0.403	0.48	-0.1	-0.1	-0.1	0.109	0.363	0.331	0.661	0.524	9.438	7.725	8.113	11.775	13.8	0.363
2026-01-27 21:00:00	-92.8299	30.5104	0	10.978	6.35	46.316	102.925	0.444	319.225	1.842	202.575	0	0	4.042	0.515	0	0.364	0.35	0.356	0.403	0.48	-0.1	-0.1	-0.1	0.119	0.363	0.332	0.661	0.524	9.338	8.175	8.375	11.7	13.8	0.388
2026-01-27 22:00:00	-92.8299	30.5104	0	8.57	6.675	46.848	102.915	0.459	199.5	1.98	191.375	0	0	3.797	0.52	0	0.364	0.349	0.355	0.403	0.48	-0.1	-0.1	-0.1	0.117	0.364	0.334	0.662	0.525	8.938	8.475	8.637	11.7	13.725	0.405
2026-01-27 23:00:00	-92.8299	30.5104	0	3.975	5.825	46.512	102.92	0.43	33	1.115	220	0	0	2.257	0.495	0	0.364	0.349	0.355	0.403	0.48	-0.1	-0.1	-0.1	0.122	0.362	0.334	0.661	0.525	8.05	8.45	8.862	11.65	13.7	0.407
2026-01-28 00:00:00	-92.8299	30.5104	0	1.048	3.5	61.284	102.88	0.478	0	0.787	204.9	0	0	1.292	0.312	0	0.366	0.349	0.355	0.403	0.48	-0.1	-0.1	-0.1	0.113	0.362	0.334	0.662	0.525	7.288	8.3	9.05	11.612	13.7	NA
2026-01-28 01:00:00	-92.8299	30.5104	0	0.002	1.575	72.134	102.818	0.494	0	0.735	345.85	0	0	1.27	0.192	0	0.366	0.35	0.355	0.403	0.48	-0.1	-0.1	-0.1	0.111	0.361	0.334	0.662	0.526	6.537	8	9.125	11.6	13.625	NA
2026-01-28 02:00:00	-92.8299	30.5104	0	-0.482	0.9	77.824	102.808	0.507	0	0.743	169.2	0	0	1.092	0.145	0	0.367	0.35	0.355	0.403	0.48	-0.1	-0.1	-0.1	0.11	0.36	0.332	0.662	0.526	6.025	7.725	9.15	11.6	13.6	NA
2026-01-28 03:00:00	-92.8299	30.5104	0	0.59	0.575	83.614	102.8	0.532	0	0.795	242.05	0	0	1.178	0.105	0	0.367	0.35	0.355	0.403	0.48	-0.1	-0.1	-0.1	0.107	0.358	0.332	0.662	0.528	5.763	7.45	9.188	11.637	13.6	NA
2026-01-28 04:00:00	-92.8299	30.5104	0	-0.245	0.375	86.709	102.762	0.544	0	0.82	254.6	0	0	1.415	0.082	0	0.367	0.35	0.355	0.403	0.48	-0.1	-0.1	-0.1	0.107	0.358	0.332	0.662	0.528	5.562	7.25	9.112	11.65	13.525	NA
2026-01-28 05:00:00	-92.8299	30.5104	0	-1.688	-0.3	86.758	102.713	0.518	0	0.897	257.325	0	0	1.47	0.078	0	0.368	0.35	0.355	0.403	0.48	-0.1	-0.1	-0.1	0.106	0.358	0.332	0.662	0.53	5.125	7.05	9.062	11.65	13.5	NA
2026-01-28 06:00:00	-92.8299	30.5104	0	-2.585	-1.4	89.702	102.713	0.494	0	0.74	326.025	0	0	1.133	0.06	0	0.368	0.351	0.355	0.403	0.48	-0.1	-0.1	-0.1	0.108	0.357	0.332	0.661	0.529	4.65	6.8	9.038	11.688	13.5	NA
2026-01-28 07:00:00	-92.8299	30.5104	0	-2.895	-2.15	90.827	102.727	0.474	0	0.818	332.9	0	0	1.435	0.05	0	0.368	0.351	0.355	0.403	0.48	-0.1	-0.1	-0.1	0.105	0.354	0.331	0.655	0.529	4.3	6.575	8.925	11.7	13.5	NA
2026-01-28 08:00:00	-92.8299	30.5104	0	-3.3	-2.475	90.84	102.71	0.462	0	0.82	180.1	0	0	1.215	0.048	0	0.369	0.351	0.355	0.403	0.48	-0.1	-0.1	-0.1	0.103	0.354	0.331	0.651	0.529	4.037	6.35	8.863	11.7	13.425	NA
2026-01-28 09:00:00	-92.8299	30.5104	0	-3.6	-3.075	91.246	102.697	0.444	0	0.583	258.65	0	0	0.847	0.043	0	0.369	0.351	0.355	0.403	0.48	-0.1	-0.1	-0.1	0.101	0.355	0.33	0.647	0.53	3.837	6.15	8.762	11.7	13.4	NA
2026-01-28 10:00:00	-92.8299	30.5104	0	-3.502	-3.05	91.121	102.67	0.444	0	0.895	262.325	0	0	1.11	0.045	0	0.369	0.351	0.355	0.402	0.48	-0.1	-0.1	-0.1	0.098	0.355	0.331	0.646	0.531	3.662	5.975	8.662	11.688	13.4	NA
2026-01-28 11:00:00	-92.8299	30.5104	0	-3.685	-3.1	90.546	102.7	0.44	0	0.738	341.125	0	0	1.15	0.048	0	0.369	0.352	0.355	0.402	0.48	-0.1	-0.1	-0.1	0.097	0.354	0.33	0.645	0.532	3.55	5.825	8.55	11.662	13.4	NA
2026-01-28 12:00:00	-92.8299	30.5104	0	-3.803	-2.7	89.822	102.732	0.45	0	0.61	310.3	0	0	1.34	0.05	0	0.369	0.352	0.355	0.4	0.48	-0.1	-0.1	-0.1	0.094	0.354	0.33	0.642	0.531	3.438	5.675	8.462	11.65	13.4	NA
2026-01-28 13:00:00	-92.8299	30.5104	0	-3.252	-2.6	93.739	102.768	0.474	15.65	0.285	330.925	0	0	0.91	0.035	0	0.369	0.352	0.355	0.398	0.48	-0.1	-0.1	-0.1	0.094	0.352	0.328	0.64	0.533	3.362	5.575	8.363	11.612	13.4	0.219
2026-01-28 14:00:00	-92.8299	30.5104	0	1.678	0.575	99.404	102.852	0.634	153.275	1.772	8.825	0	0	2.975	0.002	0	0.368	0.351	0.354	0.394	0.48	-0.1	-0.1	-0.1	0.096	0.353	0.328	0.64	0.535	3.737	5.5	8.275	11.6	13.3	0.382
2026-01-28 15:00:00	-92.8299	30.5104	0	7.855	3.75	89.829	102.948	0.715	330.075	2.133	99	0	0	3.978	0.085	0	0.368	0.351	0.354	0.392	0.48	-0.1	-0.1	-0.1	0.1	0.354	0.328	0.643	0.534	4.775	5.6	8.188	11.6	13.3	0.413
2026-01-28 16:00:00	-92.8299	30.5104	0	12.965	6.625	69.439	103.002	0.676	499.1	2.155	95.55	0	0	4.325	0.298	0	0.366	0.351	0.354	0.39	0.48	-0.1	-0.1	-0.1	0.101	0.356	0.329	0.642	0.535	6.588	6.1	8.112	11.55	13.3	0.38
2026-01-28 17:00:00	-92.8299	30.5104	0	17.727	8.25	59.311	102.935	0.647	665.9	1.845	182.1	0	0	4.36	0.448	0	0.364	0.35	0.354	0.392	0.48	-0.1	-0.1	-0.1	0.104	0.36	0.33	0.638	0.535	8.55	6.95	8.15	11.525	13.3	0.361
2026-01-28 18:00:00	-92.8299	30.5104	0	20.03	9.725	51.006	102.838	0.615	720.725	1.972	251.175	0	0	4.942	0.59	0	0.363	0.349	0.354	0.394	0.48	-0.1	-0.1	-0.1	0.106	0.363	0.331	0.636	0.534	10.162	7.85	8.238	11.5	13.3	0.382
2026-01-28 19:00:00	-92.8299	30.5104	0	20.37	10.85	45.935	102.713	0.597	690.25	2.237	330.85	0	0	5.22	0.7	0	0.362	0.348	0.354	0.395	0.48	-0.1	-0.1	-0.1	0.122	0.366	0.334	0.634	0.535	11.475	8.725	8.438	11.475	13.2	0.375
2026-01-28 20:00:00	-92.8299	30.5104	0	18.7	12.15	43.116	102.685	0.611	588.95	3.295	317.55	0	0	6.518	0.805	0	0.361	0.347	0.353	0.394	0.481	-0.1	-0.1	-0.1	0.131	0.367	0.336	0.635	0.534	11.5	9.3	8.725	11.425	13.2	0.394
2026-01-28 21:00:00	-92.8299	30.5104	0	16.425	12.8	40.659	102.628	0.601	414.375	3.49	314.55	0	0	6.197	0.875	0	0.361	0.346	0.353	0.39	0.481	-0.1	-0.1	-0.1	0.134	0.368	0.336	0.64	0.533	11.412	9.725	8.988	11.4	13.2	0.378
2026-01-28 22:00:00	-92.8299	30.5104	0	12.797	12.775	39.924	102.58	0.589	197.725	3.46	335.225	0	0	6.162	0.883	0	0.361	0.346	0.353	0.388	0.481	-0.1	-0.1	-0.1	0.134	0.366	0.337	0.643	0.532	10.9	9.975	9.3	11.4	13.2	0.396
2026-01-28 23:00:00	-92.8299	30.5104	0	7.213	12.1	40.289	102.568	0.568	36.9	1.738	313.275	0	0	3.122	0.845	0	0.362	0.346	0.352	0.384	0.481	-0.1	-0.1	-0.1	0.136	0.366	0.337	0.649	0.534	10.113	9.975	9.55	11.4	13.175	0.374
2026-01-29 00:00:00	-92.8299	30.5104	0	1.797	7.225	57.82	102.532	0.586	0	0.94	320.35	0	0	1.365	0.435	0	0.362	0.346	0.352	0.374	0.48	-0.1	-0.1	-0.1	0.13	0.365	0.338	0.663	0.535	9.05	9.75	9.738	11.4	13.1	NA
2026-01-29 01:00:00	-92.8299	30.5104	0	0.76	4.675	67.913	102.482	0.578	0	0.895	327.2	0	0	1.435	0.272	0	0.364	0.346	0.352	0.366	0.48	-0.1	-0.1	-0.1	0.126	0.363	0.336	0.679	0.536	8.062	9.4	9.875	11.412	13.1	NA
2026-01-29 02:00:00	-92.8299	30.5104	0	0.265	3.025	77.47	102.485	0.588	0	1.087	315.7	0	0	1.495	0.17	0	0.365	0.347	0.352	0.363	0.48	-0.1	-0.1	-0.1	0.124	0.361	0.336	0.681	0.536	7.338	8.95	9.912	11.45	13.1	NA
2026-01-29 03:00:00	-92.8299	30.5104	0	-0.05	1.975	82.593	102.508	0.582	0	0.785	181	0	0	1.328	0.122	0	0.365	0.347	0.352	0.362	0.48	-0.1	-0.1	-0.1	0.108	0.361	0.336	0.684	0.536	6.8	8.625	9.9	11.488	13.1	NA
2026-01-29 04:00:00	-92.8299	30.5104	0	-0.262	1.775	85.095	102.49	0.591	0	0.922	299.925	0	0	2.223	0.105	0	0.366	0.347	0.352	0.36	0.481	-0.1	-0.1	-0.1	0.106	0.36	0.335	0.685	0.538	6.312	8.25	9.838	11.525	13.1	NA
2026-01-29 05:00:00	-92.8299	30.5104	0	-0.818	1	86.781	102.405	0.57	0	1.03	264.675	0	0	1.385	0.09	0	0.366	0.348	0.352	0.359	0.48	-0.1	-0.1	-0.1	0.113	0.359	0.333	0.684	0.537	5.95	7.95	9.738	11.55	13.1	NA
2026-01-29 06:00:00	-92.8299	30.5104	0	-1.452	0	89.226	102.318	0.545	0	0.845	252.95	0	0	1.295	0.065	0	0.367	0.348	0.352	0.358	0.48	-0.1	-0.1	-0.1	0.111	0.358	0.334	0.685	0.538	5.537	7.675	9.637	11.588	13	NA
2026-01-29 07:00:00	-92.8299	30.5104	0	-1.855	-0.575	89.842	102.232	0.526	0	0.615	203.333	0	0	0.95	0.062	0	0.367	0.348	0.352	0.357	0.481	-0.1	-0.1	-0.1	0.106	0.357	0.332	0.685	0.535	5.188	7.4	9.55	11.6	13	NA
2026-01-29 08:00:00	-92.8299	30.5104	0	-2.132	-0.925	91.173	102.178	0.52	0	0.535	152.45	0	0	0.865	0.052	0	0.368	0.349	0.352	0.357	0.481	-0.1	-0.1	-0.1	0.104	0.357	0.332	0.686	0.536	4.9	7.125	9.425	11.637	13	NA
2026-01-29 09:00:00	-92.8299	30.5104	0	-2.375	-1.225	91.01	102.12	0.508	0	0.745	101.25	0	0	1.21	0.053	0	0.368	0.349	0.352	0.356	0.48	-0.1	-0.1	-0.1	0.103	0.357	0.332	0.686	0.538	4.65	6.9	9.3	11.65	13	NA
2026-01-29 10:00:00	-92.8299	30.5104	0	-2.29	-1.45	91.044	102.06	0.5	0	0.8	240.5	0	0	1.252	0.05	0	0.368	0.349	0.353	0.356	0.481	-0.1	-0.1	-0.1	0.102	0.354	0.333	0.685	0.536	4.463	6.7	9.175	11.65	13	NA
2026-01-29 11:00:00	-92.8299	30.5104	0	-1.762	-1.6	92.41	102.04	0.502	0	0.77	127.6	0	0	1.192	0.042	0	0.368	0.349	0.353	0.355	0.481	-0.1	-0.1	-0.1	0.1	0.355	0.33	0.685	0.536	4.362	6.525	9.088	11.65	13	NA
2026-01-29 12:00:00	-92.8299	30.5104	0	-1.32	-1.575	95.911	102.04	0.522	0	0.675	121.3	0	0	1.018	0.022	0	0.368	0.349	0.353	0.355	0.481	-0.1	-0.1	-0.1	0.101	0.356	0.331	0.685	0.536	4.4	6.4	8.975	11.65	13	NA
2026-01-29 13:00:00	-92.8299	30.5104	0	-1.602	-1.425	94.545	102.035	0.521	22.425	0.695	239.2	0	0	1.07	0.028	0	0.368	0.349	0.353	0.354	0.481	-0.1	-0.1	-0.1	0.107	0.356	0.332	0.685	0.537	4.225	6.275	8.875	11.637	13	0.258
2026-01-29 14:00:00	-92.8299	30.5104	0	4.44	1.35	99.938	102.135	0.677	195.05	0.482	258.675	0	0	0.997	0	0	0.368	0.349	0.352	0.354	0.481	-0.1	-0.1	-0.1	0.116	0.356	0.331	0.685	0.534	4.838	6.225	8.762	11.6	13	0.398
2026-01-29 15:00:00	-92.8299	30.5104	0	9.533	6.125	98.568	102.158	0.934	279.175	1.355	169.425	0	0	3.002	0.015	0	0.366	0.349	0.352	0.353	0.481	-0.1	-0.1	-0.1	0.118	0.357	0.332	0.685	0.534	6.463	6.45	8.688	11.6	13	0.408
2026-01-29 16:00:00	-92.8299	30.5104	0	14.008	9.975	69.559	102.205	0.849	483.9	2.572	179.525	0	0	5.088	0.378	0	0.364	0.349	0.352	0.353	0.481	-0.1	-0.1	-0.1	0.121	0.36	0.332	0.686	0.533	8.438	7.1	8.637	11.562	13	0.372
2026-01-29 17:00:00	-92.8299	30.5104	0	17.602	11.375	53.852	102.145	0.724	623.925	2.852	161.525	0	0	5.575	0.62	0	0.362	0.347	0.352	0.353	0.481	-0.1	-0.1	-0.1	0.118	0.364	0.333	0.685	0.532	10.238	7.975	8.675	11.55	13	0.353
2026-01-29 18:00:00	-92.8299	30.5104	0	20.407	12.6	50.148	102.025	0.732	718.575	3.237	178.225	0	0	6.66	0.728	0	0.362	0.346	0.352	0.353	0.481	-0.1	-0.1	-0.1	0.114	0.366	0.335	0.685	0.532	11.65	8.8	8.812	11.525	13	0.336
2026-01-29 19:00:00	-92.8299	30.5104	0	20.745	13.625	51.628	101.912	0.806	642.025	2.968	184.275	0	0	7.558	0.755	0	0.36	0.345	0.352	0.353	0.481	-0.1	-0.1	-0.1	0.117	0.369	0.337	0.684	0.53	12.925	9.65	9.025	11.5	13	0.351
2026-01-29 20:00:00	-92.8299	30.5104	0	19.368	14.625	54.414	101.812	0.906	516.475	3.378	192.75	0	0	7.18	0.76	0	0.36	0.344	0.351	0.353	0.481	-0.1	-0.1	-0.1	0.12	0.37	0.337	0.683	0.531	12.95	10.175	9.275	11.488	13	0.376
2026-01-29 21:00:00	-92.8299	30.5104	0	17.688	15.45	54.671	101.768	0.96	353.975	3.382	201.625	0	0	6.752	0.795	0	0.36	0.344	0.351	0.353	0.481	-0.1	-0.1	-0.1	0.121	0.371	0.338	0.683	0.53	12.875	10.6	9.55	11.45	13	0.37
2026-01-29 22:00:00	-92.8299	30.5104	0	15.472	15.625	54.763	101.73	0.972	200.7	3.577	197.475	0	0	6.627	0.8	0	0.36	0.343	0.35	0.352	0.481	-0.1	-0.1	-0.1	0.124	0.37	0.34	0.683	0.53	12.637	10.85	9.838	11.45	13	0.389
2026-01-29 23:00:00	-92.8299	30.5104	0	10.92	14.6	58.269	101.675	0.967	39.05	2.378	205.975	0	0	4.692	0.69	0	0.36	0.343	0.35	0.352	0.481	-0.1	-0.1	-0.1	0.134	0.369	0.34	0.683	0.532	11.825	10.9	10.1	11.45	13	0.37
2026-01-30 00:00:00	-92.8299	30.5104	0	5.872	11.95	69.703	101.678	0.973	0	0.96	166.375	0	0	2.23	0.425	0	0.361	0.343	0.35	0.351	0.481	-0.1	-0.1	-0.1	0.132	0.371	0.34	0.685	0.531	10.825	10.8	10.275	11.488	12.975	NA
2026-01-30 01:00:00	-92.8299	30.5104	0	5.577	10.575	77.652	101.698	0.992	0	1.208	249.85	0	0	2.105	0.285	0	0.362	0.343	0.35	0.35	0.481	-0.1	-0.1	-0.1	0.124	0.37	0.34	0.685	0.532	9.988	10.475	10.425	11.512	12.9	NA
2026-01-30 02:00:00	-92.8299	30.5104	0	5.72	10.5	80.712	101.762	1.025	0	1.372	221.675	0	0	2.553	0.242	0	0.362	0.343	0.35	0.35	0.481	-0.1	-0.1	-0.1	0.117	0.367	0.338	0.686	0.532	9.562	10.2	10.475	11.55	12.9	NA
2026-01-30 03:00:00	-92.8299	30.5104	0	4.93	9.45	83.843	101.778	0.992	0	1.15	166.3	0	0	2.168	0.19	0	0.363	0.344	0.35	0.349	0.481	-0.1	-0.1	-0.1	0.117	0.367	0.338	0.685	0.534	9.188	9.925	10.5	11.575	12.9	NA
2026-01-30 04:00:00	-92.8299	30.5104	0	3.602	7.95	87.721	101.755	0.938	0	0.53	121.45	0	0	1.06	0.13	0	0.363	0.344	0.35	0.349	0.481	-0.1	-0.1	-0.1	0.116	0.366	0.337	0.684	0.532	8.663	9.675	10.488	11.637	12.9	NA
2026-01-30 05:00:00	-92.8299	30.5104	0	3	6.675	89.744	101.738	0.879	0	0.428	18.6	0	0	0.7	0.098	0	0.364	0.344	0.35	0.349	0.481	-0.1	-0.1	-0.1	0.115	0.366	0.338	0.684	0.533	8.262	9.4	10.45	11.65	12.9	NA
2026-01-30 06:00:00	-92.8299	30.5104	0	3.098	5.925	91.613	101.718	0.852	0	0.44	99.975	0	0	0.718	0.078	0	0.364	0.344	0.35	0.348	0.481	-0.1	-0.1	-0.1	0.114	0.365	0.338	0.683	0.534	7.963	9.175	10.412	11.7	12.9	NA
2026-01-30 07:00:00	-92.8299	30.5104	0	3.62	5.775	93.557	101.69	0.861	0	0.583	245.85	0	0	0.948	0.058	0	0.364	0.344	0.35	0.348	0.481	-0.1	-0.1	-0.1	0.114	0.363	0.336	0.684	0.533	7.787	8.95	10.338	11.75	12.9	NA
2026-01-30 08:00:00	-92.8299	30.5104	0	6.502	6.9	95.574	101.725	0.953	0	1.972	324.25	0	0	4.335	0.043	0	0.364	0.345	0.35	0.348	0.481	-0.1	-0.1	-0.1	0.114	0.364	0.337	0.683	0.535	7.988	8.825	10.262	11.75	12.9	NA
2026-01-30 09:00:00	-92.8299	30.5104	0	5.875	7.675	96.293	101.738	1.011	0	2.192	327.95	0	0	4.07	0.038	0	0.364	0.345	0.35	0.347	0.481	-0.1	-0.1	-0.1	0.115	0.364	0.336	0.683	0.534	8.225	8.8	10.188	11.788	12.9	NA
2026-01-30 10:00:00	-92.8299	30.5104	0	4.617	7.05	88.906	101.743	0.894	0	2.732	325.625	0	0	5.447	0.11	0	0.364	0.345	0.35	0.347	0.481	-0.1	-0.1	-0.1	0.116	0.363	0.336	0.683	0.535	7.787	8.775	10.15	11.8	12.9	NA
2026-01-30 11:00:00	-92.8299	30.5104	0	4.52	6.575	83.101	101.788	0.809	0	2.592	324.1	0	0	5.175	0.16	0	0.364	0.345	0.35	0.347	0.481	-0.1	-0.1	-0.1	0.116	0.362	0.336	0.683	0.534	7.525	8.65	10.088	11.838	12.9	NA
2026-01-30 12:00:00	-92.8299	30.5104	0	3.815	5.875	80.935	101.832	0.75	0	2.88	324.4	0	0	5.207	0.178	0	0.365	0.345	0.35	0.347	0.481	-0.1	-0.1	-0.1	0.115	0.36	0.335	0.682	0.534	7.225	8.525	10.05	11.85	12.9	NA
2026-01-30 13:00:00	-92.8299	30.5104	0	3.31	5.075	80.739	101.888	0.708	16.175	2.49	327.8	0	0	4.467	0.168	0	0.365	0.345	0.35	0.346	0.481	-0.1	-0.1	-0.1	0.114	0.361	0.335	0.68	0.535	6.9	8.375	10	11.85	12.9	0.436
2026-01-30 14:00:00	-92.8299	30.5104	0	5.122	5.125	82.388	101.975	0.725	131.2	3.2	329.5	0	0	6.165	0.155	0	0.365	0.345	0.35	0.346	0.48	-0.1	-0.1	-0.1	0.114	0.361	0.333	0.681	0.536	7	8.225	9.938	11.85	12.9	0.399
2026-01-30 15:00:00	-92.8299	30.5104	0	9.405	6.9	76.916	102.11	0.765	330.325	4.125	337.925	0	0	7.333	0.23	0	0.364	0.345	0.35	0.346	0.48	-0.1	-0.1	-0.1	0.114	0.36	0.334	0.681	0.536	7.938	8.3	9.9	11.85	12.9	0.376
2026-01-30 16:00:00	-92.8299	30.5104	0	13.182	8.475	69.159	102.175	0.766	469.075	4.467	347.825	0	0	8.57	0.342	0	0.363	0.344	0.35	0.346	0.48	-0.1	-0.1	-0.1	0.114	0.361	0.334	0.682	0.536	9.338	8.65	9.812	11.85	12.9	0.364
2026-01-30 17:00:00	-92.8299	30.5104	0	16.43	9.625	64.837	102.202	0.776	583.025	3.852	342.475	0	0	6.997	0.422	0	0.362	0.344	0.35	0.345	0.48	-0.1	-0.1	-0.1	0.114	0.362	0.331	0.682	0.534	10.713	9.225	9.838	11.85	12.9	0.354
2026-01-30 18:00:00	-92.8299	30.5104	0	17.885	10.925	59.837	102.125	0.781	619.625	4.318	346.3	0	0	8.502	0.525	0	0.361	0.343	0.35	0.345	0.48	-0.1	-0.1	-0.1	0.115	0.366	0.329	0.682	0.535	11.7	9.8	9.912	11.85	12.9	0.352
2026-01-30 19:00:00	-92.8299	30.5104	0	17.535	11.75	54.898	102.02	0.757	586.625	5.657	345.125	0	0	11.175	0.623	0	0.36	0.342	0.349	0.344	0.48	-0.1	-0.1	-0.1	0.116	0.367	0.33	0.683	0.536	12.238	10.35	10.038	11.85	12.9	0.349
2026-01-30 20:00:00	-92.8299	30.5104	0	16.488	12.075	51.592	102.008	0.727	498.775	5.86	352.1	0	0	10.843	0.682	0	0.36	0.342	0.349	0.344	0.48	-0.1	-0.1	-0.1	0.115	0.367	0.33	0.681	0.534	12.188	10.65	10.225	11.85	12.9	0.357
2026-01-30 21:00:00	-92.8299	30.5104	0	13.648	11.625	49.543	102.032	0.678	320.125	5.455	267.95	0	0	10.328	0.69	0	0.36	0.341	0.349	0.344	0.48	-0.2	-0.1	-0.1	0.116	0.368	0.331	0.681	0.536	11.762	10.825	10.387	11.85	12.9	0.372
2026-01-30 22:00:00	-92.8299	30.5104	0	10.45	10.975	48.454	102.088	0.635	142.675	3.933	239.7	0	0	6.928	0.677	0	0.361	0.341	0.348	0.344	0.48	-0.2	-0.1	-0.1	0.114	0.367	0.33	0.681	0.536	10.988	10.825	10.575	11.85	12.9	0.38
2026-01-30 23:00:00	-92.8299	30.5104	0	7.402	10.05	47.628	102.145	0.587	37.05	3.375	356.175	0	0	6.542	0.643	0	0.362	0.341	0.348	0.344	0.48	-0.2	-0.1	-0.1	0.114	0.366	0.329	0.68	0.536	10.087	10.65	10.713	11.85	12.9	0.398
2026-01-31 00:00:00	-92.8299	30.5104	0	4.72	8.7	49.163	102.205	0.553	0	2.545	346.8	0	0	4.315	0.57	0	0.362	0.342	0.348	0.344	0.479	-0.1	-0.1	-0.1	0.113	0.365	0.33	0.68	0.536	9.137	10.35	10.788	11.85	12.9	NA
2026-01-31 01:00:00	-92.8299	30.5104	0	3.822	7.55	52.404	102.26	0.545	0	1.847	332.775	0	0	2.91	0.495	0	0.363	0.342	0.348	0.343	0.479	-0.1	-0.1	-0.1	0.111	0.364	0.33	0.68	0.536	8.575	9.95	10.8	11.888	12.9	NA
2026-01-31 02:00:00	-92.8299	30.5104	0	3.312	6.55	57.18	102.338	0.555	0	1.788	329.475	0	0	2.64	0.415	0	0.364	0.342	0.348	0.343	0.479	-0.1	-0.1	-0.1	0.11	0.363	0.328	0.68	0.536	8.163	9.65	10.762	11.925	12.9	NA
2026-01-31 03:00:00	-92.8299	30.5104	0	2.655	5.825	60.428	102.378	0.558	0	1.942	338.65	0	0	3.04	0.368	0	0.364	0.342	0.348	0.343	0.479	-0.1	-0.1	-0.1	0.112	0.361	0.327	0.68	0.536	7.737	9.375	10.712	11.95	12.9	NA
2026-01-31 04:00:00	-92.8299	30.5104	0	0.807	4.675	63.066	102.42	0.538	0	1.502	334.275	0	0	2.232	0.318	0	0.364	0.343	0.348	0.343	0.479	-0.1	-0.1	-0.1	0.112	0.362	0.328	0.681	0.537	7.263	9.075	10.65	11.95	12.9	NA
2026-01-31 05:00:00	-92.8299	30.5104	0	-0.242	3.275	68.451	102.39	0.528	0	1.24	331.625	0	0	1.875	0.242	0	0.365	0.343	0.348	0.342	0.479	-0.1	-0.1	-0.1	0.109	0.36	0.327	0.679	0.537	6.8	8.8	10.55	11.95	12.9	NA
2026-01-31 06:00:00	-92.8299	30.5104	0	-1.18	1	78.055	102.35	0.512	0	0.87	261.525	0	0	1.238	0.145	0	0.366	0.343	0.348	0.342	0.479	-0.1	-0.1	-0.1	0.108	0.361	0.326	0.678	0.538	6.35	8.525	10.45	12	12.9	NA
2026-01-31 07:00:00	-92.8299	30.5104	0	-1.645	0	83.579	102.335	0.51	0	0.662	319.475	0	0	1.3	0.1	0	0.366	0.343	0.348	0.342	0.479	-0.1	-0.1	-0.1	0.108	0.36	0.326	0.679	0.537	5.975	8.225	10.35	12	12.925	NA
2026-01-31 08:00:00	-92.8299	30.5104	0	-0.772	0.85	83.426	102.388	0.542	0	1.698	326.8	0	0	2.593	0.105	0	0.366	0.344	0.348	0.342	0.479	-0.1	-0.1	-0.1	0.106	0.36	0.325	0.677	0.537	5.613	7.975	10.212	12.025	12.9	NA
2026-01-31 09:00:00	-92.8299	30.5104	0	-0.9	0.475	83.431	102.468	0.528	0	1.93	333.8	0	0	3.005	0.103	0	0.367	0.344	0.348	0.342	0.479	-0.1	-0.1	-0.1	0.106	0.358	0.324	0.679	0.537	5.338	7.725	10.088	12.05	12.95	NA
2026-01-31 10:00:00	-92.8299	30.5104	0	-0.535	0.45	83.18	102.542	0.525	0	2.728	263.525	0	0	4.528	0.105	0	0.367	0.344	0.348	0.342	0.479	-0.1	-0.1	-0.1	0.107	0.358	0.324	0.679	0.536	4.963	7.475	9.95	12.05	13	NA
2026-01-31 11:00:00	-92.8299	30.5104	0	-1.39	-0.175	78.87	102.615	0.476	0	2.938	4.575	0	0	5.095	0.13	0	0.367	0.344	0.349	0.341	0.479	-0.1	-0.1	-0.1	0.106	0.356	0.323	0.678	0.536	4.463	7.225	9.825	12.025	13	NA
2026-01-31 12:00:00	-92.8299	30.5104	0	-1.4	-0.55	75.964	102.727	0.446	0	2.8	180.15	0	0	4.992	0.14	0	0.367	0.345	0.349	0.341	0.479	-0.1	-0.1	-0.1	0.103	0.356	0.322	0.678	0.537	4.225	6.975	9.7	12	13	NA
2026-01-31 13:00:00	-92.8299	30.5104	0	-1.002	-0.225	73.278	102.83	0.44	19.325	3.208	12.3	0	0	5.575	0.162	0	0.367	0.345	0.349	0.341	0.479	-0.1	-0.1	-0.1	0.102	0.356	0.321	0.676	0.537	4.137	6.775	9.562	12	13	0.302
2026-01-31 14:00:00	-92.8299	30.5104	0	1.11	0.475	69.322	102.932	0.438	179.5	4.028	7.25	0	0	6.98	0.198	0	0.367	0.345	0.349	0.341	0.478	-0.1	-0.1	-0.1	0.1	0.355	0.32	0.674	0.536	4.175	6.625	9.425	11.95	13	0.368
2026-01-31 15:00:00	-92.8299	30.5104	0	2.68	0.625	64.38	103.053	0.412	208.175	4.415	179.275	0	0	8.295	0.228	0	0.367	0.345	0.349	0.341	0.478	-0.1	-0.1	-0.1	0.101	0.353	0.32	0.674	0.536	4.638	6.6	9.312	11.95	13	0.382
2026-01-31 16:00:00	-92.8299	30.5104	0	7.213	1.55	60.272	103.148	0.412	493.825	4.92	177.3	0	0	8.557	0.272	0	0.366	0.345	0.349	0.341	0.478	-0.15	-0.1	-0.1	0.102	0.355	0.318	0.674	0.534	5.487	6.75	9.2	11.95	13	0.36
2026-01-31 17:00:00	-92.8299	30.5104	0	10.81	2.325	52.429	103.19	0.378	682.45	4.662	263	0	0	8.477	0.342	0	0.365	0.344	0.349	0.341	0.478	-0.2	-0.1	-0.1	0.104	0.357	0.318	0.672	0.533	6.812	7.225	9.137	11.912	13	0.344
2026-01-31 18:00:00	-92.8299	30.5104	0	12.265	2.7	46.718	103.125	0.346	742.15	4.815	347.75	0	0	9.025	0.395	0	0.364	0.344	0.348	0.341	0.478	-0.225	-0.1	-0.1	0.105	0.358	0.318	0.673	0.528	7.775	7.7	9.1	11.875	13	0.368
2026-01-31 19:00:00	-92.8299	30.5104	0	12.877	3.35	41.625	103.035	0.323	713.3	4.423	266.375	0	0	9.152	0.452	0	0.364	0.343	0.348	0.341	0.477	-0.3	-0.1	-0.1	0.106	0.361	0.319	0.671	0.525	8.5	8.2	9.162	11.85	13	0.361
2026-01-31 20:00:00	-92.8299	30.5104	0	10.975	3.75	36.608	103.018	0.292	612.575	4.565	179.4	0	0	8.137	0.508	0	0.364	0.342	0.348	0.341	0.477	-0.325	-0.1	-0.1	0.105	0.36	0.319	0.671	0.52	8.125	8.35	9.275	11.812	13	0.376
2026-01-31 21:00:00	-92.8299	30.5104	0	8.405	3.75	33.562	103.012	0.268	434.275	4.642	270.95	0	0	8.385	0.53	0	0.364	0.342	0.348	0.341	0.477	-0.4	-0.1	-0.1	0.105	0.36	0.321	0.671	0.509	7.537	8.5	9.4	11.775	13	0.367
2026-01-31 22:00:00	-92.8299	30.5104	0	4.968	3.35	31.531	103.02	0.245	212.575	4.675	177.15	0	0	7.97	0.532	0	0.364	0.342	0.348	0.34	0.477	-0.4	-0.1	-0.1	0.104	0.36	0.32	0.671	0.498	6.712	8.4	9.488	11.75	13	0.385
2026-01-31 23:00:00	-92.8299	30.5104	0	0.772	2.45	30.975	103.042	0.226	45.2	3.865	95.2	0	0	6.82	0.502	0	0.365	0.342	0.348	0.34	0.477	-0.4	-0.1	-0.1	0.102	0.36	0.32	0.671	0.484	5.675	8.15	9.562	11.75	13	0.363
2026-02-01 00:00:00	-92.8299	30.5104	0	-1.99	0.725	32.906	103.042	0.212	0	2.757	10.375	0	0	5.01	0.432	0	0.366	0.343	0.347	0.34	0.477	-0.4	-0.1	-0.1	0.102	0.358	0.32	0.668	0.453	4.8	7.75	9.6	11.75	13	NA
2026-02-01 01:00:00	-92.8299	30.5104	0	-2.67	-0.2	36.429	103.018	0.219	0	2.518	13	0	0	4.55	0.382	0	0.366	0.343	0.347	0.34	0.478	-0.4	-0.1	-0.1	0.096	0.356	0.318	0.667	0.399	4.275	7.35	9.575	11.7	13	NA
2026-02-02 06:00:00	-92.8299	30.5104	0	-3.32	-1.525	82.754	102.68	0.452	0	0.642	171.875	0	0	0.92	0.092	0	0.366	0.342	0.346	0.339	0.362	-0.5	-0.1	-0.1	0.1	0.366	0.319	0.663	0.391	4.487	6.725	8.962	11.15	12.5	NA
2026-02-02 07:00:00	-92.8299	30.5104	0	-3.232	-1.55	85.1	102.645	0.464	0	0.583	36.267	0	0	0.83	0.08	0	0.367	0.342	0.346	0.339	0.35	-0.5	-0.1	-0.1	0.098	0.364	0.319	0.661	0.402	4.275	6.5	8.863	11.15	12.5	NA
2026-02-02 08:00:00	-92.8299	30.5104	0	-3.39	-1.675	87.969	102.63	0.475	0	0.458	92.325	0	0	0.782	0.068	0	0.367	0.342	0.346	0.339	0.345	-0.5	-0.1	-0.1	0.097	0.365	0.319	0.661	0.407	4.125	6.35	8.75	11.15	12.5	NA
2026-02-02 09:00:00	-92.8299	30.5104	0	-3.422	-1.95	88.086	102.56	0.466	0	0.522	264.375	0	0	0.725	0.062	0	0.367	0.342	0.346	0.339	0.339	-0.5	-0.1	-0.1	0.097	0.365	0.318	0.661	0.414	3.975	6.175	8.637	11.15	12.5	NA
2026-02-02 10:00:00	-92.8299	30.5104	0	-3.482	-1.975	88.808	102.512	0.469	0	0.735	254	0	0	0.92	0.06	0	0.367	0.343	0.346	0.339	0.324	-0.5	-0.1	-0.1	0.098	0.365	0.319	0.663	0.429	3.837	6.025	8.55	11.15	12.5	NA
2026-02-02 11:00:00	-92.8299	30.5104	0	-3.42	-2.375	90.75	102.477	0.466	0	0.428	253.675	0	0	0.605	0.048	0	0.367	0.343	0.346	0.339	0.311	-0.5	-0.1	-0.1	0.096	0.364	0.318	0.662	0.442	3.763	5.875	8.45	11.15	12.5	NA
2026-02-02 12:00:00	-92.8299	30.5104	0	-3.165	-2.075	90.612	102.488	0.475	0	0.65	124.567	0	0	0.895	0.048	0	0.367	0.343	0.346	0.339	0.307	-0.5	-0.1	-0.1	0.096	0.363	0.318	0.662	0.446	3.662	5.775	8.363	11.15	12.5	NA
2026-02-02 13:00:00	-92.8299	30.5104	0	-2.01	-1.5	94.327	102.545	0.517	24.9	0.47	99.175	0	0	0.703	0.032	0	0.367	0.343	0.346	0.339	0.305	-0.5	-0.1	-0.1	0.097	0.364	0.318	0.662	0.448	3.712	5.7	8.262	11.112	12.5	0.238
2026-02-02 14:00:00	-92.8299	30.5104	0	4.472	1.625	99.848	102.64	0.69	187.075	0.56	65.475	0	0	0.943	0	0	0.367	0.342	0.346	0.339	0.302	-0.475	-0.1	-0.1	0.096	0.365	0.317	0.662	0.452	4.325	5.675	8.188	11.088	12.45	0.372
2026-02-02 15:00:00	-92.8299	30.5104	0	12.528	7.65	95.183	102.713	0.998	345.825	1.002	161.225	0	0	2.44	0.055	0	0.365	0.342	0.346	0.339	0.301	-0.4	-0.1	-0.1	0.1	0.366	0.317	0.662	0.452	5.963	5.925	8.112	11.05	12.4	0.374
2026-02-02 16:00:00	-92.8299	30.5104	0	18.132	12.65	74.838	102.743	1.094	494.325	2.553	211.175	0	0	5.81	0.372	0	0.363	0.342	0.345	0.338	0.3	-0.4	-0.1	-0.1	0.105	0.37	0.319	0.663	0.452	8.525	6.625	8.062	11.05	12.4	0.351
2026-02-02 17:00:00	-92.8299	30.5104	0	22.72	15.125	64.609	102.697	1.11	668.225	2.56	209.975	0	0	6.05	0.613	0	0.361	0.34	0.345	0.338	0.3	-0.5	-0.1	-0.1	0.107	0.374	0.32	0.663	0.453	11.137	7.75	8.125	11.012	12.4	0.338
2026-02-02 18:00:00	-92.8299	30.5104	0	24.863	17	56.586	102.572	1.095	722	3.228	211.8	0	0	7.488	0.84	0	0.359	0.339	0.345	0.338	0.298	-0.55	-0.1	-0.1	0.11	0.377	0.322	0.663	0.454	12.988	8.9	8.3	10.962	12.4	0.355
2026-02-02 19:00:00	-92.8299	30.5104	0	23.86	18	49.821	102.458	1.028	655.475	4.058	216.925	0	0	7.46	1.032	0	0.358	0.338	0.345	0.338	0.298	-0.75	-0.1	-0.1	0.112	0.381	0.325	0.663	0.454	14.188	9.9	8.6	10.95	12.4	0.343
2026-02-02 20:00:00	-92.8299	30.5104	0	22.452	18.3	49.994	102.388	1.051	546.875	4.423	215.7	0	0	7.697	1.05	0	0.357	0.337	0.344	0.338	0.297	-0.875	-0.1	-0.1	0.112	0.382	0.327	0.663	0.454	14	10.45	8.912	10.95	12.4	0.341
2026-02-02 21:00:00	-92.8299	30.5104	0	19.502	18.025	51.792	102.348	1.07	353.325	4.2	210.3	0	0	8.025	0.993	0	0.357	0.336	0.344	0.338	0.297	-1.025	-0.1	-0.1	0.114	0.383	0.329	0.661	0.456	14.012	10.925	9.262	10.938	12.4	0.36
2026-02-02 22:00:00	-92.8299	30.5104	0	16.722	16.9	59.517	102.34	1.146	203.5	4.348	207.8	0	0	7.942	0.775	0	0.357	0.336	0.344	0.338	0.296	-1.1	-0.1	-0.1	0.113	0.384	0.33	0.662	0.454	13.375	11.15	9.575	10.925	12.4	0.376
2026-02-02 23:00:00	-92.8299	30.5104	0	13.15	15.525	66.044	102.338	1.165	64.7	3.99	204.425	0	0	7.207	0.603	0	0.357	0.336	0.343	0.338	0.296	-1.075	-0.1	-0.1	0.114	0.384	0.33	0.663	0.455	12.7	11.2	9.863	10.95	12.3	0.375
2026-02-03 00:00:00	-92.8299	30.5104	0	9.83	13.7	73.201	102.335	1.147	0	2.792	213.8	0	0	4.818	0.418	0	0.358	0.336	0.343	0.338	0.295	-1	-0.1	-0.1	0.117	0.383	0.33	0.662	0.455	11.775	11.1	10.087	10.95	12.3	NA
2026-02-03 01:00:00	-92.8299	30.5104	0	8.602	12.475	79.738	102.33	1.154	0	2.14	198.4	0	0	3.98	0.295	0	0.358	0.336	0.343	0.338	0.294	-1.025	-0.1	-0.1	0.117	0.382	0.331	0.663	0.455	11.062	10.875	10.25	10.975	12.3	NA
2026-02-03 02:00:00	-92.8299	30.5104	0	9.487	11.9	83.29	102.36	1.16	0	1.835	186.1	0	0	3.7	0.235	0	0.359	0.336	0.343	0.338	0.294	-1	-0.1	-0.1	0.117	0.38	0.331	0.661	0.456	10.7	10.625	10.363	11.05	12.3	NA
2026-02-03 03:00:00	-92.8299	30.5104	0	10.152	11.8	82.52	102.36	1.142	0	2.085	169	0	0	3.96	0.242	0	0.359	0.337	0.343	0.338	0.294	-1	-0.1	-0.1	0.115	0.38	0.33	0.661	0.456	10.762	10.475	10.4	11.075	12.3	NA
2026-02-03 04:00:00	-92.8299	30.5104	0	8.842	11.175	83.451	102.31	1.108	0	1.57	151.375	0	0	3.47	0.22	0	0.359	0.337	0.343	0.338	0.294	-0.975	-0.1	-0.1	0.114	0.381	0.33	0.659	0.454	10.463	10.375	10.45	11.15	12.3	NA
2026-02-03 05:00:00	-92.8299	30.5104	0	8.642	10.825	86.184	102.275	1.118	0	1.232	160.525	0	0	2.908	0.18	0	0.359	0.337	0.343	0.338	0.293	-0.9	-0.1	-0.1	0.114	0.38	0.33	0.661	0.454	10.238	10.25	10.45	11.175	12.3	NA
2026-02-03 06:00:00	-92.8299	30.5104	0	7.472	10	88.867	102.25	1.091	0	0.675	112.725	0	0	1.393	0.135	0	0.36	0.337	0.343	0.338	0.29	-0.9	-0.1	-0.1	0.114	0.38	0.33	0.661	0.459	10.037	10.15	10.5	11.25	12.3	NA
2026-02-03 07:00:00	-92.8299	30.5104	0	7.6	9.55	91.28	102.19	1.087	0	0.54	93.15	0	0	1.1	0.105	0	0.36	0.337	0.343	0.338	0.289	-0.9	-0.1	-0.1	0.115	0.38	0.33	0.66	0.461	9.863	10.05	10.5	11.275	12.3	NA
2026-02-03 08:00:00	-92.8299	30.5104	0	7.252	9.35	92.878	102.165	1.092	0	0.58	145.225	0	0	1.485	0.082	0	0.36	0.337	0.343	0.338	0.288	-0.9	-0.1	-0.1	0.114	0.38	0.33	0.66	0.46	9.725	9.95	10.5	11.338	12.3	NA
2026-02-03 09:00:00	-92.8299	30.5104	0	7.81	9.1	93.717	102.1	1.083	0	0.752	127.775	0	0	1.745	0.07	0	0.36	0.337	0.343	0.338	0.287	-0.9	-0.1	-0.1	0.114	0.378	0.33	0.66	0.46	9.562	9.825	10.45	11.363	12.3	NA
2026-02-03 10:00:00	-92.8299	30.5104	0	8.865	10.225	93.869	102.058	1.17	0	0.545	123.4	0	0	1.38	0.073	0	0.36	0.337	0.343	0.338	0.287	-0.9	-0.1	-0.1	0.115	0.378	0.33	0.661	0.46	9.738	9.8	10.45	11.412	12.3	NA
2026-02-03 11:00:00	-92.8299	30.5104	0	9.877	10.95	94.102	102.02	1.231	0	0.54	132.525	0	0	1.54	0.075	0	0.36	0.337	0.343	0.338	0.286	-0.9	-0.1	-0.1	0.116	0.379	0.329	0.66	0.461	9.925	9.8	10.45	11.45	12.3	NA
2026-02-03 12:00:00	-92.8299	30.5104	0	10.29	11.175	94.179	102.035	1.251	0	0.552	91.125	0	0	1.27	0.075	0	0.36	0.337	0.343	0.338	0.286	-0.9	-0.1	-0.1	0.117	0.38	0.33	0.66	0.462	10.125	9.825	10.45	11.462	12.3	NA
2026-02-03 13:00:00	-92.8299	30.5104	0	10.967	11.8	93.568	102.055	1.295	3.65	0.65	99.9	0	0	1.582	0.088	0	0.36	0.337	0.343	0.337	0.285	-0.9	-0.1	-0.1	0.118	0.382	0.331	0.659	0.464	10.35	9.925	10.45	11.5	12.3	0.435
2026-02-03 14:00:00	-92.8299	30.5104	0	13.142	13.125	92.664	102.072	1.4	67.025	1.272	146.7	0	0	2.947	0.11	0	0.359	0.337	0.343	0.337	0.284	-0.9	-0.1	-0.1	0.118	0.382	0.33	0.659	0.464	10.863	10.05	10.45	11.55	12.3	0.426
2026-02-03 15:00:00	-92.8299	30.5104	0.272	14.52	14.5	90.808	102.105	1.5	96.1	1.755	181.1	0	0	3.652	0.152	0	0.359	0.336	0.343	0.338	0.284	-0.525	-0.1	-0.1	0.123	0.384	0.332	0.658	0.464	11.738	10.275	10.462	11.55	12.4	0.435
2026-02-03 16:00:00	-92.8299	30.5104	0.289	15.4	15.225	90.477	102.145	1.566	117.7	1.683	203.65	0	0	3.352	0.162	0	0.358	0.336	0.342	0.338	0.282	-0.475	-0.1	-0.1	0.128	0.383	0.331	0.657	0.466	12.463	10.65	10.538	11.55	12.4	0.431
2026-02-03 17:00:00	-92.8299	30.5104	0.034	17.348	15.775	92.999	102.11	1.667	200.55	1.782	172.175	0	0	3.442	0.125	0	0.358	0.336	0.342	0.338	0.282	-0.4	-0.1	-0.1	0.133	0.387	0.334	0.656	0.47	13.363	11.05	10.625	11.588	12.4	0.438
2026-02-03 18:00:00	-92.8299	30.5104	0	18.157	17.875	84.529	102.02	1.73	253.65	3.945	193.8	0	0	7.905	0.318	0	0.356	0.335	0.342	0.337	0.281	-0.4	-0.1	-0.1	0.136	0.388	0.335	0.659	0.468	14.537	11.575	10.75	11.612	12.4	0.416
2026-02-03 19:00:00	-92.8299	30.5104	0	18.48	18.825	76.307	101.932	1.658	224.45	4.222	200.35	0	0	7.97	0.512	0	0.355	0.335	0.342	0.337	0.281	-0.5	-0.1	-0.1	0.138	0.389	0.336	0.66	0.466	15.075	12.05	10.912	11.65	12.4	0.405
2026-02-03 20:00:00	-92.8299	30.5104	0.578	17.045	17.475	80.731	101.89	1.608	144.575	3.345	207.775	0	0	6.718	0.39	0.447	0.356	0.334	0.342	0.337	0.281	-0.325	-0.1	-0.1	0.141	0.39	0.337	0.659	0.468	15.025	12.4	11.075	11.65	12.4	0.432
2026-02-03 21:00:00	-92.8299	30.5104	0	16.932	17.05	88.059	101.855	1.712	105.6	2.203	187.875	0	0	3.945	0.232	0	0.356	0.334	0.342	0.338	0.281	-0.275	-0.1	-0.1	0.147	0.389	0.338	0.659	0.464	15	12.625	11.275	11.662	12.4	0.444
2026-02-03 22:00:00	-92.8299	30.5104	0	16.535	17.375	86.658	101.822	1.72	86.025	2.513	196.925	0	0	4.498	0.262	0	0.355	0.334	0.342	0.338	0.281	-0.3	-0.1	-0.1	0.148	0.389	0.339	0.659	0.462	14.975	12.8	11.45	11.712	12.4	0.439
2026-02-03 23:00:00	-92.8299	30.5104	0.017	15.165	16.75	87.504	101.812	1.669	9.5	1.788	193.375	0	0	3.18	0.238	0	0.356	0.334	0.341	0.337	0.281	-0.3	-0.1	-0.1	0.147	0.387	0.34	0.659	0.462	14.55	12.9	11.625	11.75	12.4	0.44
2026-02-04 00:00:00	-92.8299	30.5104	0	14.42	16.3	90.078	101.81	1.67	0	1.005	200.8	0	0	1.965	0.18	0	0.356	0.334	0.341	0.337	0.281	-0.3	-0.1	-0.1	0.147	0.387	0.338	0.659	0.463	14.137	12.85	11.762	11.775	12.4	NA
2026-02-04 01:00:00	-92.8299	30.5104	0.868	13.892	15.45	93.541	101.798	1.642	0	0.57	125.6	0	0	1.208	0.11	0.074	0.357	0.334	0.341	0.337	0.281	-0.15	-0.1	-0.1	0.152	0.39	0.34	0.659	0.465	13.825	12.8	11.875	11.85	12.425	NA
2026-02-04 02:00:00	-92.8299	30.5104	0.136	13.518	15.075	95.05	101.805	1.629	0	0.55	154.35	8.5	0.25	1.405	0.082	0.031	0.357	0.334	0.341	0.338	0.282	-0.15	-0.1	-0.1	0.156	0.39	0.341	0.66	0.466	13.612	12.7	11.963	11.875	12.5	NA
2026-02-04 03:00:00	-92.8299	30.5104	0.034	13.957	14.9	96.287	101.8	1.632	0	2.06	41.35	3.25	0.75	3.575	0.065	0	0.357	0.335	0.342	0.338	0.282	-0.2	-0.1	-0.1	0.156	0.391	0.342	0.661	0.466	13.562	12.625	12.012	11.938	12.5	NA
2026-02-04 04:00:00	-92.8299	30.5104	14.468	14.352	14.75	98.85	101.828	1.659	0	1.69	121.325	0	0	3.185	0.018	0.013	0.362	0.348	0.358	0.354	0.355	-0.1	-0.1	-0.1	0.255	0.39	0.323	0.666	0.445	13.938	12.675	12.15	11.975	12.425	NA
