2026-04-03 20:00:00	-91.5575	32.7911	0	39.09	30.25	48.778	101.362	2.099	721.5	5.605	157.575	0	0	9.722	2.203	0	0.248	0.274	0.321	0.309	0.223	-28.625	-26.2	-41.625	0.516	1.021	1.689	1.938	2.488	26.725	24.1	22.35	20.613	19.175	0.226
2026-04-03 21:00:00	-91.5575	32.7911	0	35.422	29.975	48.075	101.298	2.037	505.075	6.297	147.075	0	0	10.025	2.197	0	0.248	0.274	0.322	0.309	0.223	-30.675	-26.525	-34.45	0.518	1.026	1.698	1.945	2.498	27.35	24.225	22.25	20.363	18.975	0.228
2026-04-03 22:00:00	-91.5575	32.7911	0	30.132	29.225	48.107	101.28	1.952	159.45	5.7	150.35	0	0	9.065	2.102	0	0.247	0.274	0.322	0.309	0.223	-32.65	-26.575	-29.9	0.516	1.028	1.7	1.946	2.502	27.288	24.5	22.337	20.25	18.9	0.232
2026-04-03 23:00:00	-91.5575	32.7911	0	26.67	28.025	51.2	101.303	1.938	26.15	5.077	162.35	6	0.5	8.168	1.845	0	0.248	0.274	0.322	0.309	0.224	-35.375	-26.525	-27.05	0.511	1.027	1.703	1.948	2.503	26.3	24.575	22.5	20.2	18.85	0.24
2026-04-04 00:00:00	-91.5575	32.7911	0	23.123	23.65	70.603	101.422	2.046	0.15	5.308	168.4	10.75	1.5	8.858	0.885	0	0.248	0.274	0.322	0.31	0.224	-37.65	-26.45	-24.95	0.507	1.027	1.706	1.949	2.506	25.287	24.4	22.625	20.2	18.8	NA
2026-04-04 01:00:00	-91.5575	32.7911	0	21.438	21.825	80.12	101.415	2.096	0	2.86	144.95	0	0	4.57	0.518	0	0.248	0.274	0.322	0.31	0.224	-40.2	-26.375	-23.475	0.504	1.026	1.707	1.951	2.509	24.337	24.05	22.738	20.2	18.8	NA
2026-04-04 02:00:00	-91.5575	32.7911	0	21.145	21.675	80.915	101.425	2.097	0	2.998	169.5	0	0	4.818	0.495	0	0.248	0.274	0.322	0.31	0.224	-42.025	-26.3	-22.25	0.501	1.025	1.706	1.952	2.509	23.587	23.725	22.738	20.225	18.8	NA
2026-04-04 03:00:00	-91.5575	32.7911	0	21.005	21.675	82.669	101.472	2.143	0	2.777	180.15	0	0	4.872	0.448	0	0.248	0.274	0.322	0.31	0.224	-43.3	-26.275	-21.3	0.5	1.026	1.704	1.951	2.508	23.05	23.35	22.7	20.25	18.8	NA
2026-04-04 04:00:00	-91.5575	32.7911	0	20.387	21.775	83.795	101.42	2.185	0	3.71	172.175	0	0	6.395	0.42	0	0.248	0.274	0.322	0.31	0.224	-44.475	-26.2	-20.525	0.498	1.025	1.7	1.953	2.509	22.65	23.075	22.638	20.25	18.8	NA
2026-04-04 05:00:00	-91.5575	32.7911	0	20.885	22.075	82.02	101.41	2.179	0	4.173	171.525	0	0	7.402	0.47	0	0.248	0.274	0.322	0.31	0.225	-45.475	-26.2	-19.85	0.5	1.023	1.703	1.954	2.511	22.3	22.8	22.55	20.312	18.8	NA
2026-04-04 06:00:00	-91.5575	32.7911	0	20.815	21.85	82.44	101.42	2.16	0	3.805	169.975	0	0	6.842	0.455	0	0.248	0.274	0.322	0.31	0.225	-46.325	-26.15	-19.225	0.5	1.024	1.7	1.954	2.514	22.1	22.55	22.462	20.35	18.8	NA
2026-04-04 07:00:00	-91.5575	32.7911	0	20.135	21.375	85.095	101.39	2.165	0	3.777	168.375	0	0	6.095	0.378	0	0.248	0.274	0.322	0.31	0.225	-47.125	-26.1	-18.675	0.502	1.024	1.7	1.954	2.514	21.913	22.375	22.35	20.35	18.8	NA
2026-04-04 08:00:00	-91.5575	32.7911	0	19.91	21.05	87.369	101.365	2.18	0	3.48	169.65	0	0	5.787	0.312	0	0.248	0.274	0.322	0.31	0.225	-48.025	-26.025	-18.15	0.501	1.022	1.701	1.954	2.516	21.663	22.2	22.238	20.375	18.8	NA
2026-04-04 09:00:00	-91.5575	32.7911	0	20.767	20.975	89.069	101.43	2.212	0	2.248	178.25	0	0	4.142	0.272	0	0.248	0.274	0.322	0.31	0.225	-48.725	-26	-17.7	0.502	1.02	1.699	1.956	2.516	21.525	22.05	22.15	20.412	18.8	NA
2026-04-04 10:00:00	-91.5575	32.7911	0	20.025	20.7	90.325	101.432	2.205	0	2.88	158.175	0	0	4.373	0.23	0	0.248	0.275	0.322	0.31	0.225	-49.3	-25.975	-17.25	0.503	1.02	1.699	1.953	2.515	21.475	21.925	22.05	20.45	18.8	1
2026-04-04 11:00:00	-91.5575	32.7911	0	19.072	20.125	92.407	101.445	2.178	0	2.4	145.9	0	0	3.685	0.175	0	0.248	0.274	0.322	0.31	0.225	-50.175	-25.925	-16.8	0.504	1.02	1.699	1.955	2.517	21.275	21.8	21.975	20.45	18.875	1
2026-04-04 12:00:00	-91.5575	32.7911	0	20.395	20.275	93.557	101.505	2.225	11.625	0.892	145.675	0	0	1.69	0.148	0	0.248	0.274	0.322	0.311	0.225	-50.875	-25.9	-16.4	0.504	1.02	1.695	1.954	2.517	21.1	21.675	21.887	20.45	18.9	0.818
2026-04-04 13:00:00	-91.5575	32.7911	0.051	21.157	20.475	94.974	101.525	2.287	56.075	1.478	146.175	0	0	2.53	0.117	0	0.247	0.274	0.322	0.311	0.226	-51.175	-25.9	-16.05	0.506	1.021	1.697	1.956	2.521	21.163	21.575	21.8	20.45	18.9	0.708
2026-04-04 14:00:00	-91.5575	32.7911	0	23.28	21.275	95.828	101.542	2.424	184.475	2.535	146.225	0	0	3.925	0.103	0	0.247	0.274	0.322	0.311	0.226	-50.875	-25.9	-15.725	0.508	1.02	1.696	1.955	2.521	21.538	21.525	21.712	20.45	18.9	0.405
2026-04-04 15:00:00	-91.5575	32.7911	0	24.64	22.225	93.51	101.578	2.507	192.725	1.775	168.4	0	0	3.26	0.173	0	0.246	0.274	0.322	0.311	0.226	-50.45	-25.825	-15.45	0.512	1.02	1.692	1.954	2.521	22.113	21.65	21.688	20.45	18.9	0.338
2026-04-04 16:00:00	-91.5575	32.7911	0	26.375	23.325	89.02	101.562	2.55	270.65	3.535	165.775	0	0	5.752	0.312	0	0.246	0.274	0.322	0.311	0.226	-49.625	-25.65	-15.175	0.517	1.021	1.696	1.954	2.516	22.75	21.825	21.65	20.45	18.9	0.252
2026-04-04 17:00:00	-91.5575	32.7911	0	25.49	23.625	87.445	101.5	2.551	227.75	3.602	162.225	0	0	5.772	0.365	0	0.245	0.274	0.322	0.311	0.226	-49.425	-25.525	-14.95	0.52	1.024	1.694	1.954	2.518	23.188	22.075	21.65	20.45	18.9	0.264
2026-04-04 18:00:00	-91.5575	32.7911	0	28.59	24.55	83.996	101.418	2.59	311.7	4.14	171.625	0	0	7.47	0.498	0	0.245	0.274	0.322	0.311	0.226	-48.675	-25.3	-14.725	0.524	1.023	1.695	1.958	2.522	23.637	22.3	21.688	20.45	18.9	0.242
2026-04-04 19:00:00	-91.5575	32.7911	0	28.64	25.175	80.146	101.323	2.565	254	3.885	165.625	0	0	6.19	0.63	0	0.245	0.274	0.322	0.311	0.226	-48.25	-25.125	-14.525	0.526	1.024	1.699	1.956	2.523	24.062	22.525	21.75	20.4	18.95	0.241
2026-04-04 20:00:00	-91.5575	32.7911	0	25.765	25.55	75.09	101.262	2.458	70.8	3.15	186.125	10	5	5.818	0.805	0	0.245	0.274	0.322	0.311	0.226	-48.075	-24.9	-14.325	0.528	1.026	1.702	1.956	2.524	24.288	22.775	21.838	20.4	19	0.24
2026-04-04 21:00:00	-91.5575	32.7911	3.945	20.43	19.575	91.079	101.372	2.072	53.275	4.482	149.775	4.25	131.75	10.098	0.235	0.018	0.246	0.274	0.321	0.311	0.226	-49.1	-24.675	-14.15	0.527	1.028	1.705	1.957	2.525	23.688	22.9	21.938	20.4	19	0.478
2026-04-04 22:00:00	-91.5575	32.7911	2.434	18.278	16.775	95.943	101.43	1.833	15.35	3.54	26.775	15	6.5	7.237	0.078	0.01	0.247	0.274	0.321	0.311	0.226	-33.975	-24.525	-13.975	0.584	1.027	1.706	1.955	2.531	22.262	22.7	22	20.4	19	0.903
2026-04-04 23:00:00	-91.5575	32.7911	4.319	18.06	16.625	97.231	101.463	1.84	9.075	2.053	39.55	0	0	4.278	0.053	0.006	0.252	0.275	0.321	0.311	0.226	-11.4	-24.375	-13.85	1.343	1.025	1.701	1.953	2.536	21.163	22.225	22.05	20.4	19	NA
2026-04-05 00:00:00	-91.5575	32.7911	0	17.868	16.6	97.319	101.498	1.838	0.65	1.572	77.1	0	0	2.978	0.045	0	0.279	0.277	0.321	0.311	0.226	-2.325	-24.3	-13.7	2.131	1.02	1.699	1.953	2.535	20.488	21.75	21.95	20.4	19	NA
2026-04-05 01:00:00	-91.5575	32.7911	0.697	18.038	16.7	98.24	101.545	1.868	0	1.393	30.85	0	0	2.45	0.035	0.003	0.288	0.277	0.321	0.311	0.226	-0.625	-24.3	-13.575	2.201	1.03	1.699	1.952	2.533	20.137	21.35	21.837	20.45	19	NA
2026-04-05 02:00:00	-91.5575	32.7911	0.119	17.803	16.9	98.313	101.595	1.893	0	2.355	11.65	0	0	3.865	0.03	0	0.291	0.277	0.321	0.311	0.226	-0.3	-24.375	-13.425	2.249	1.066	1.697	1.952	2.534	19.875	21.075	21.688	20.45	19	NA
2026-04-05 03:00:00	-91.5575	32.7911	0	17.438	17.15	97.126	101.638	1.9	0	2.372	13.725	0	0	4.075	0.052	0	0.292	0.278	0.321	0.311	0.226	-0.3	-24.4	-13.35	2.191	1.123	1.695	1.952	2.535	19.625	20.8	21.55	20.45	19	NA
2026-04-05 04:00:00	-91.5575	32.7911	0	17.528	17.125	97.279	101.695	1.9	0	1.655	347.2	0	0	2.822	0.048	0	0.292	0.278	0.321	0.311	0.226	-0.3	-24.4	-13.25	2.129	1.176	1.693	1.952	2.535	19.375	20.6	21.4	20.45	19	NA
2026-04-05 05:00:00	-91.5575	32.7911	0	17.523	17.15	97.791	101.718	1.913	0	2.535	267.95	0	0	4.398	0.038	0	0.292	0.279	0.321	0.311	0.226	-0.3	-24.4	-13.125	2.083	1.218	1.693	1.953	2.533	19.25	20.375	21.238	20.45	19	NA
2026-04-05 06:00:00	-91.5575	32.7911	0	15.995	14.925	98.653	101.77	1.676	0	4.682	97.125	0	0	8.578	0.02	0	0.292	0.279	0.322	0.311	0.226	-0.3	-24.4	-13.025	2.037	1.247	1.694	1.952	2.536	18.988	20.2	21.1	20.412	19	NA
2026-04-05 07:00:00	-91.5575	32.7911	0	15.853	15.3	95.222	101.79	1.656	0	3.298	7.425	0	0	5.765	0.085	0	0.291	0.28	0.322	0.311	0.226	-0.35	-24.4	-12.95	1.997	1.268	1.692	1.951	2.535	18.512	19.975	20.962	20.4	19.075	NA
2026-04-05 08:00:00	-91.5575	32.7911	0	15.047	15.125	90.598	101.805	1.558	0	4.08	12.575	0	0	7.247	0.16	0	0.291	0.281	0.322	0.311	0.227	-0.4	-24.4	-12.875	1.962	1.282	1.692	1.952	2.536	18.15	19.7	20.812	20.4	19.1	NA
2026-04-05 09:00:00	-91.5575	32.7911	0	14.22	14.425	87.792	101.848	1.444	0	4.287	95.05	0	0	8.033	0.2	0	0.291	0.282	0.322	0.311	0.227	-0.5	-24.425	-12.75	1.928	1.294	1.692	1.953	2.534	17.688	19.425	20.675	20.363	19.1	NA
2026-04-05 10:00:00	-91.5575	32.7911	0	12.863	13.575	80.887	101.905	1.258	0	4.888	12.925	0	0	8.602	0.295	0	0.291	0.283	0.322	0.311	0.227	-0.625	-24.425	-12.675	1.895	1.301	1.692	1.953	2.531	17.125	19.125	20.5	20.325	19.1	NA
2026-04-05 11:00:00	-91.5575	32.7911	0	12.387	13.025	76.927	101.97	1.154	0	5.12	13.1	0	0	8.113	0.348	0	0.291	0.283	0.322	0.311	0.227	-0.8	-24.45	-12.6	1.864	1.308	1.69	1.95	2.532	16.462	18.75	20.325	20.3	19.1	NA
2026-04-05 12:00:00	-91.5575	32.7911	0	11.703	12.375	75.855	102.06	1.09	31.325	5.36	19.05	0	0	8.547	0.342	0	0.291	0.284	0.322	0.312	0.227	-1	-24.5	-12.525	1.836	1.315	1.688	1.948	2.532	15.9	18.35	20.125	20.287	19.1	0.286
2026-04-05 13:00:00	-91.5575	32.7911	0	12.175	12	77.75	102.133	1.09	225.975	5.308	22.35	0	0	8.552	0.31	0	0.29	0.284	0.322	0.311	0.227	-1.25	-24.5	-12.5	1.809	1.316	1.686	1.952	2.526	15.5	17.95	19.9	20.2	19.1	0.283
2026-04-05 14:00:00	-91.5575	32.7911	0	14.242	12.775	73.793	102.175	1.088	473.05	4.892	25.125	0	0	8.745	0.385	0	0.29	0.285	0.322	0.312	0.227	-1.65	-24.575	-12.425	1.784	1.318	1.684	1.949	2.526	15.55	17.675	19.7	20.188	19.1	0.277
2026-04-05 15:00:00	-91.5575	32.7911	0	16.345	13.475	66.061	102.21	1.02	660.825	5.128	21.55	0	0	8.942	0.522	0	0.289	0.285	0.322	0.312	0.227	-2.425	-24.625	-12.35	1.753	1.318	1.682	1.949	2.528	16.075	17.6	19.462	20.137	19.1	0.274
2026-04-05 16:00:00	-91.5575	32.7911	0	19.37	14.275	64.893	102.26	1.056	845.175	4.545	19.625	0	0	8.377	0.57	0	0.287	0.285	0.323	0.312	0.227	-4.075	-24.6	-12.3	1.716	1.32	1.681	1.949	2.528	16.938	17.675	19.312	20.087	19.1	0.265
2026-04-05 17:00:00	-91.5575	32.7911	0	20.8	15.05	61.499	102.225	1.052	937.1	5.36	11.5	0	0	8.915	0.655	0	0.285	0.285	0.323	0.312	0.227	-6	-24.525	-12.2	1.679	1.321	1.684	1.949	2.526	18.1	17.95	19.2	20.037	19.1	0.271
2026-04-05 18:00:00	-91.5575	32.7911	0	21.705	15.825	59.081	102.178	1.062	939.125	5.423	13.525	0	0	9.398	0.73	0	0.283	0.285	0.323	0.312	0.227	-8.05	-24.375	-12.175	1.634	1.32	1.684	1.948	2.531	18.988	18.425	19.15	19.975	19.1	0.265
2026-04-05 19:00:00	-91.5575	32.7911	0	21.62	16.45	57.459	102.115	1.075	903.775	5.87	9.875	0	0	10.39	0.792	0	0.281	0.284	0.323	0.312	0.227	-10.3	-24.15	-12.1	1.591	1.317	1.686	1.949	2.53	19.65	18.85	19.225	19.925	19.1	0.269
2026-04-05 20:00:00	-91.5575	32.7911	0	20.663	17	52.913	102.065	1.025	749	5.593	14.95	0	0	9.802	0.91	0	0.28	0.284	0.323	0.312	0.227	-11.6	-23.95	-12.075	1.554	1.315	1.69	1.951	2.529	19.887	19.2	19.312	19.85	19.1	0.261
2026-04-05 21:00:00	-91.5575	32.7911	0	19.358	17.25	51.127	102.045	1.006	597.925	5.462	13.65	0	0	9.043	0.962	0	0.278	0.284	0.323	0.312	0.227	-12.7	-23.675	-12	1.523	1.312	1.688	1.948	2.528	19.8	19.45	19.438	19.788	19.1	0.258
2026-04-05 22:00:00	-91.5575	32.7911	0	16.298	16.85	50.707	102.04	0.973	272.45	4.935	9.4	0	0	7.855	0.943	0	0.278	0.284	0.323	0.312	0.227	-13.75	-23.4	-11.95	1.493	1.309	1.692	1.95	2.528	19.4	19.5	19.55	19.75	19.1	0.256
2026-04-05 23:00:00	-91.5575	32.7911	0	14.768	16.9	47.647	102.048	0.918	186.175	4.75	11.475	0	0	7.502	1.008	0	0.278	0.284	0.323	0.312	0.227	-14.6	-23.175	-11.875	1.465	1.301	1.692	1.95	2.531	18.725	19.4	19.6	19.725	19.1	0.251
2026-04-06 00:00:00	-91.5575	32.7911	0	12.08	15.575	51.68	102.055	0.913	17.725	3.268	8.7	0	0	5.535	0.858	0	0.278	0.284	0.323	0.312	0.227	-15.5	-22.975	-11.8	1.437	1.298	1.689	1.948	2.529	17.85	19.15	19.6	19.65	19.1	0.264
2026-04-06 01:00:00	-91.5575	32.7911	0	11.14	13.925	59.839	102.085	0.951	0	1.655	19.7	0	0	2.74	0.637	0	0.278	0.284	0.323	0.312	0.227	-16.15	-22.85	-11.8	1.414	1.293	1.69	1.95	2.529	16.863	18.75	19.588	19.65	19.075	NA
2026-04-06 02:00:00	-91.5575	32.7911	0	10.495	12.6	64.932	102.135	0.946	0	1.413	25.175	0	0	2.41	0.515	0	0.278	0.284	0.323	0.312	0.227	-16.775	-22.8	-11.7	1.395	1.289	1.686	1.95	2.53	16.137	18.3	19.488	19.65	19	NA
2026-04-06 03:00:00	-91.5575	32.7911	0	10.168	11.625	70.237	102.14	0.961	0	1.332	18.575	0	0	2.63	0.405	0	0.279	0.285	0.323	0.312	0.228	-17.275	-22.8	-11.7	1.383	1.287	1.684	1.951	2.529	15.55	17.85	19.337	19.6	19	NA
2026-04-06 04:00:00	-91.5575	32.7911	0	10.002	11.625	69.69	102.13	0.954	0	1.492	21.95	0	0	2.428	0.415	0	0.279	0.285	0.323	0.312	0.228	-17.7	-22.8	-11.625	1.37	1.282	1.683	1.95	2.529	15.088	17.45	19.163	19.562	19	NA
2026-04-06 05:00:00	-91.5575	32.7911	0	9.758	11.775	67.513	102.122	0.932	0	1.605	32.625	0	0	3.082	0.45	0	0.279	0.285	0.324	0.312	0.228	-18.15	-22.825	-11.6	1.358	1.279	1.68	1.948	2.527	14.662	17.125	18.962	19.55	19	NA
2026-04-06 06:00:00	-91.5575	32.7911	0	9.363	10.475	74.17	102.102	0.94	0	0.835	59.575	0	0	1.635	0.325	0	0.279	0.285	0.324	0.312	0.228	-18.475	-22.875	-11.55	1.351	1.278	1.681	1.948	2.527	14.325	16.775	18.75	19.55	19	NA
2026-04-06 07:00:00	-91.5575	32.7911	0	9.285	9.85	78.174	102.072	0.95	0	0.44	46.775	0	0	0.968	0.268	0	0.279	0.286	0.324	0.312	0.228	-18.825	-22.9	-11.5	1.343	1.274	1.679	1.95	2.528	14.012	16.475	18.55	19.475	19	NA
2026-04-06 08:00:00	-91.5575	32.7911	0	8.768	8.9	84.266	102.07	0.961	0	0.41	51.25	0	0	0.745	0.178	0	0.279	0.286	0.324	0.312	0.228	-19.15	-22.925	-11.5	1.334	1.273	1.679	1.949	2.529	13.787	16.2	18.35	19.45	19	NA
2026-04-06 09:00:00	-91.5575	32.7911	0	8.652	8.625	86.889	102.095	0.972	0	0.545	108.925	0	0	0.96	0.148	0	0.279	0.286	0.324	0.312	0.228	-19.45	-22.975	-11.5	1.328	1.271	1.676	1.949	2.528	13.488	15.925	18.163	19.413	19	NA
2026-04-06 10:00:00	-91.5575	32.7911	0	8.265	8.975	85.442	102.102	0.979	0	0.93	12.75	0	0	1.527	0.165	0	0.279	0.286	0.324	0.312	0.228	-19.75	-23	-11.425	1.323	1.27	1.677	1.945	2.525	13.213	15.7	17.975	19.35	19	NA
2026-04-06 11:00:00	-91.5575	32.7911	0	7.787	8.575	85.875	102.148	0.958	0	0.98	11.45	0	0	1.522	0.158	0	0.279	0.287	0.324	0.312	0.228	-20	-23	-11.4	1.317	1.268	1.672	1.944	2.527	12.875	15.45	17.775	19.312	18.925	NA
2026-04-06 12:00:00	-91.5575	32.7911	0	8.205	8.125	87.554	102.21	0.948	45.1	0.912	20.4	0	0	1.382	0.135	0	0.279	0.287	0.324	0.312	0.228	-20.275	-23.075	-11.4	1.308	1.265	1.67	1.944	2.529	12.575	15.2	17.6	19.25	18.9	0.27
2026-04-06 13:00:00	-91.5575	32.7911	0	10.77	10.025	84.266	102.282	1.036	180	1.78	30.725	0	0	3.268	0.195	0	0.279	0.287	0.324	0.312	0.228	-20.425	-23.1	-11.4	1.306	1.264	1.669	1.944	2.526	12.613	14.975	17.4	19.188	18.9	0.277
2026-04-06 14:00:00	-91.5575	32.7911	0	13.217	11.975	73.309	102.3	1.025	331	2.73	54.875	0	0	5.098	0.375	0	0.278	0.287	0.324	0.312	0.228	-20.4	-23.1	-11.35	1.308	1.264	1.668	1.943	2.526	13.225	14.9	17.225	19.125	18.9	0.263
2026-04-06 15:00:00	-91.5575	32.7911	0	17.137	14.325	60.04	102.328	0.978	559.975	3.12	70.05	0	0	5.808	0.655	0	0.277	0.287	0.324	0.312	0.228	-20.35	-23.1	-11.3	1.31	1.264	1.666	1.942	2.522	14.213	15.075	17.087	19.05	18.9	0.251
2026-04-06 16:00:00	-91.5575	32.7911	0	19.57	15.85	47.672	102.34	0.858	747.3	4.01	62.225	0	0	8.188	0.943	0	0.276	0.287	0.325	0.312	0.228	-20.3	-22.975	-11.3	1.313	1.267	1.664	1.942	2.522	15.438	15.4	17.012	18.988	18.9	0.236
2026-04-06 17:00:00	-91.5575	32.7911	0	23.57	17.025	44.803	102.285	0.869	922.35	3.562	45.625	0	0	6.367	1.07	0	0.274	0.286	0.325	0.312	0.228	-20	-22.875	-11.275	1.316	1.272	1.67	1.943	2.522	16.925	15.925	17	18.9	18.9	0.222
2026-04-06 18:00:00	-91.5575	32.7911	0	26.425	18.425	39.617	102.182	0.838	990.15	3.817	32.475	0	0	7.278	1.275	0	0.272	0.286	0.325	0.312	0.228	-19.525	-22.675	-11.2	1.32	1.274	1.675	1.94	2.527	18.775	16.7	17.062	18.825	18.825	0.233
2026-04-06 19:00:00	-91.5575	32.7911	0	27.558	19.5	34.388	102.07	0.78	956.3	4.173	30.425	0	0	7.852	1.488	0	0.27	0.285	0.325	0.312	0.228	-19.225	-22.45	-11.2	1.322	1.281	1.677	1.943	2.526	20.512	17.55	17.238	18.762	18.8	0.226
2026-04-06 20:00:00	-91.5575	32.7911	0	27.07	20.325	31.698	101.975	0.756	798.65	3.997	33.075	0	0	6.938	1.635	0	0.269	0.284	0.325	0.312	0.228	-19.275	-22.075	-11.175	1.322	1.284	1.686	1.939	2.529	21.737	18.475	17.5	18.7	18.8	0.221
2026-04-06 21:00:00	-91.5575	32.7911	0	25.558	20.775	31.044	101.898	0.762	662.85	3.817	30.95	0	0	6.995	1.695	0	0.268	0.284	0.324	0.312	0.228	-19.65	-21.675	-11.1	1.32	1.284	1.69	1.94	2.529	22.275	19.25	17.837	18.625	18.8	0.226
2026-04-06 22:00:00	-91.5575	32.7911	0	22.798	20.9	30.495	101.862	0.754	404.05	3.908	26.675	0	0	7.392	1.712	0	0.268	0.284	0.324	0.312	0.228	-20.275	-21.25	-11.1	1.312	1.282	1.695	1.941	2.531	22.15	19.75	18.2	18.6	18.775	0.226
2026-04-06 23:00:00	-91.5575	32.7911	0	19.15	20.675	29.47	101.86	0.718	216.325	2.978	32.475	0	0	5.327	1.718	0	0.268	0.284	0.324	0.312	0.228	-20.925	-20.95	-11.1	1.298	1.28	1.697	1.941	2.529	21.65	19.975	18.5	18.575	18.7	0.225
2026-04-07 00:00:00	-91.5575	32.7911	0	14.348	19.25	31.379	101.872	0.699	24.2	1.102	47.05	0	0	2.29	1.535	0	0.268	0.284	0.324	0.312	0.228	-21.7	-20.625	-11.05	1.284	1.279	1.698	1.94	2.529	20.688	19.95	18.775	18.55	18.7	0.19
2026-04-07 01:00:00	-91.5575	32.7911	0	11.108	15.025	43.848	101.9	0.746	0	0.6	74.025	0	0	1.005	0.963	0	0.269	0.284	0.324	0.312	0.228	-22.45	-20.4	-11	1.267	1.277	1.699	1.941	2.531	19.25	19.65	18.95	18.55	18.7	NA
2026-04-07 02:00:00	-91.5575	32.7911	0	10.168	12.7	57.897	101.935	0.85	0	0.938	55.925	0	0	1.595	0.62	0	0.27	0.284	0.324	0.312	0.228	-22.975	-20.225	-11	1.25	1.274	1.694	1.945	2.529	17.95	19.175	19.038	18.55	18.7	NA
2026-04-07 03:00:00	-91.5575	32.7911	0	9.425	11.9	58.964	101.942	0.822	0	0.81	62.725	0	0	1.598	0.57	0	0.271	0.284	0.324	0.312	0.228	-23.35	-20.2	-11	1.236	1.27	1.692	1.946	2.528	16.887	18.6	18.988	18.55	18.6	NA
2026-04-07 04:00:00	-91.5575	32.7911	0	9.01	11.1	64.127	101.925	0.847	0	1.1	67.275	0	0	1.81	0.475	0	0.272	0.284	0.324	0.312	0.228	-23.675	-20.25	-11	1.226	1.269	1.69	1.946	2.529	16.05	18.075	18.863	18.55	18.6	NA
2026-04-07 05:00:00	-91.5575	32.7911	0	8.538	10.775	66.556	101.895	0.861	0	0.99	59.25	0	0	2.002	0.435	0	0.272	0.284	0.324	0.312	0.228	-24	-20.275	-10.9	1.218	1.267	1.689	1.944	2.526	15.35	17.575	18.712	18.55	18.6	NA
2026-04-07 06:00:00	-91.5575	32.7911	0	7.957	10.25	65.331	101.848	0.815	0	0.865	100.475	0	0	1.69	0.435	0	0.272	0.285	0.324	0.312	0.228	-24.25	-20.3	-10.9	1.21	1.264	1.685	1.945	2.528	14.738	17.1	18.512	18.575	18.6	NA
2026-04-07 07:00:00	-91.5575	32.7911	0	7.49	8.35	76.358	101.818	0.839	0	0.272	124.575	0	0	0.557	0.258	0	0.273	0.285	0.324	0.312	0.228	-24.525	-20.375	-10.9	1.204	1.261	1.684	1.941	2.525	14.213	16.65	18.312	18.65	18.6	NA
2026-04-07 08:00:00	-91.5575	32.7911	0	7.228	7.625	84.118	101.768	0.879	0	0.432	105.125	0	0	0.64	0.165	0	0.273	0.285	0.324	0.312	0.228	-24.75	-20.475	-10.9	1.197	1.261	1.683	1.944	2.528	13.713	16.25	18.087	18.637	18.525	NA
2026-04-07 09:00:00	-91.5575	32.7911	0	6.878	7.525	83.384	101.727	0.866	0	0.535	115.075	0	0	0.948	0.173	0	0.274	0.286	0.324	0.312	0.228	-25	-20.5	-10.9	1.19	1.258	1.68	1.945	2.529	13.3	15.85	17.875	18.562	18.5	NA
2026-04-07 10:00:00	-91.5575	32.7911	0	6.51	6.8	87.056	101.743	0.86	0	0.278	169.05	0	0	0.642	0.125	0	0.274	0.286	0.324	0.312	0.228	-25.2	-20.55	-10.85	1.184	1.255	1.679	1.945	2.527	12.887	15.525	17.65	18.55	18.5	NA
2026-04-07 11:00:00	-91.5575	32.7911	0	6.322	6.55	88.648	101.77	0.861	0	0.465	89.55	0	0	0.752	0.11	0	0.274	0.286	0.324	0.312	0.229	-25.425	-20.675	-10.8	1.179	1.254	1.676	1.941	2.526	12.5	15.2	17.438	18.55	18.5	NA
2026-04-07 12:00:00	-91.5575	32.7911	0	7.923	8.1	87.788	101.852	0.95	70.075	0.755	70.525	0	0	1.51	0.132	0	0.274	0.286	0.324	0.312	0.229	-25.575	-20.7	-10.8	1.174	1.25	1.674	1.942	2.523	12.2	14.875	17.212	18.55	18.5	0.209
2026-04-07 13:00:00	-91.5575	32.7911	0	12.287	12.175	76.554	101.938	1.084	263.725	1.698	66	0	0	3.197	0.335	0	0.274	0.287	0.325	0.312	0.229	-25.625	-20.725	-10.8	1.173	1.251	1.672	1.942	2.522	12.375	14.65	16.988	18.475	18.5	0.242
2026-04-07 14:00:00	-91.5575	32.7911	0	17.645	16	59.718	101.988	1.083	507.35	2.35	87.05	0	0	4.905	0.738	0	0.273	0.287	0.325	0.312	0.229	-25.45	-20.8	-10.8	1.177	1.252	1.669	1.942	2.522	13.35	14.65	16.8	18.45	18.5	0.226
2026-04-07 15:00:00	-91.5575	32.7911	0	23.078	19	46.819	102.01	1.027	670.05	3.345	98.1	0	0	6.46	1.173	0	0.271	0.287	0.325	0.312	0.229	-24.975	-20.825	-10.8	1.188	1.257	1.667	1.938	2.519	15.15	15	16.65	18.4	18.5	0.218
2026-04-07 16:00:00	-91.5575	32.7911	0	27.125	20.925	38.346	102.01	0.949	850.975	4.49	89.1	0	0	8.467	1.522	0	0.269	0.286	0.325	0.312	0.229	-24.125	-20.75	-10.8	1.197	1.263	1.672	1.938	2.522	17.275	15.7	16.6	18.338	18.5	0.208
2026-04-07 17:00:00	-91.5575	32.7911	0	30.972	22.25	33.972	101.95	0.911	947.2	4.172	85	0	0	7.905	1.77	0	0.267	0.285	0.325	0.312	0.229	-23.325	-20.675	-10.8	1.212	1.268	1.677	1.938	2.524	19.475	16.65	16.688	18.3	18.4	0.218
2026-04-07 18:00:00	-91.5575	32.7911	0	29.88	22.65	31.408	101.855	0.864	760.95	4.327	84.075	0	0	8.375	1.885	0	0.264	0.284	0.325	0.312	0.229	-22.875	-20.45	-10.8	1.222	1.272	1.684	1.934	2.524	21.538	17.725	16.9	18.212	18.4	0.206
2026-04-07 19:00:00	-91.5575	32.7911	0	30.31	23.1	32.026	101.778	0.905	714.575	3.395	69.35	0	0	6.633	1.925	0	0.264	0.284	0.325	0.313	0.229	-22.925	-20.2	-10.775	1.226	1.274	1.69	1.936	2.526	22.525	18.725	17.25	18.2	18.4	0.218
2026-04-07 20:00:00	-91.5575	32.7911	0	31.572	24.025	30.544	101.682	0.913	726.7	3.595	96.85	0	0	6.992	2.075	0	0.262	0.284	0.325	0.313	0.229	-22.875	-19.925	-10.7	1.226	1.276	1.696	1.936	2.527	23.413	19.525	17.6	18.1	18.4	0.218
2026-04-07 21:00:00	-91.5575	32.7911	0	28.595	24.45	28.038	101.608	0.859	529.175	3.827	91.5	0	0	6.725	2.205	0	0.262	0.283	0.324	0.313	0.229	-23.075	-19.65	-10.7	1.223	1.277	1.701	1.938	2.527	23.988	20.275	18.038	18.1	18.4	0.222
2026-04-07 22:00:00	-91.5575	32.7911	0	25.97	24.35	28.502	101.588	0.869	336.725	3.085	102.55	0	0	5.638	2.18	0	0.262	0.283	0.324	0.313	0.229	-23.6	-19.325	-10.7	1.218	1.277	1.706	1.937	2.528	23.825	20.75	18.438	18.087	18.4	0.222
2026-04-07 23:00:00	-91.5575	32.7911	0	23.157	24.225	28.859	101.592	0.873	215.2	2.5	109.475	0	0	4.712	2.152	0	0.262	0.283	0.324	0.313	0.229	-24.275	-19.075	-10.7	1.208	1.275	1.707	1.938	2.529	23.35	20.975	18.775	18.05	18.3	0.222
2026-04-08 00:00:00	-91.5575	32.7911	0	16.708	21.825	33.087	101.598	0.863	11.35	1.163	105	0	0	1.978	1.752	0	0.262	0.283	0.324	0.312	0.229	-25.15	-18.875	-10.7	1.195	1.274	1.707	1.94	2.529	22.413	20.975	19.062	18.05	18.3	0.231
2026-04-08 01:00:00	-91.5575	32.7911	0	14.142	17.675	48.091	101.62	0.965	0	0.532	117.95	0	0	1.052	1.062	0	0.263	0.283	0.324	0.312	0.229	-26.025	-18.725	-10.7	1.18	1.273	1.708	1.94	2.529	20.938	20.75	19.262	18.087	18.3	NA
2026-04-08 02:00:00	-91.5575	32.7911	0	12.992	15.3	59.982	101.675	1.042	0	0.315	190.45	0	0	0.618	0.695	0	0.264	0.283	0.324	0.312	0.229	-26.65	-18.7	-10.7	1.167	1.269	1.707	1.939	2.526	19.675	20.225	19.387	18.15	18.3	NA
2026-04-08 03:00:00	-91.5575	32.7911	0	11.96	13.75	66.592	101.708	1.047	0	0.598	93.15	0	0	0.835	0.525	0	0.265	0.283	0.324	0.312	0.229	-27.05	-18.7	-10.6	1.155	1.267	1.701	1.941	2.528	18.65	19.7	19.375	18.15	18.3	NA
2026-04-08 04:00:00	-91.5575	32.7911	0	11.3	14.425	59.748	101.71	0.981	0	0.86	94.2	0	0	1.352	0.662	0	0.266	0.283	0.324	0.312	0.229	-27.475	-18.7	-10.6	1.147	1.266	1.7	1.943	2.528	17.8	19.175	19.288	18.2	18.25	NA
2026-04-08 05:00:00	-91.5575	32.7911	0	10.84	14.475	59.251	101.708	0.976	0	0.91	87.1	0	0	1.53	0.672	0	0.266	0.283	0.324	0.312	0.229	-27.775	-18.7	-10.6	1.139	1.263	1.695	1.943	2.526	17.05	18.7	19.188	18.25	18.2	NA
2026-04-08 06:00:00	-91.5575	32.7911	0	11.08	15.5	56.49	101.708	0.995	0	1.39	89.325	0	0	2.178	0.765	0	0.267	0.283	0.324	0.312	0.229	-28.025	-18.725	-10.6	1.131	1.26	1.694	1.942	2.527	16.475	18.25	19.038	18.287	18.2	NA
2026-04-08 07:00:00	-91.5575	32.7911	0	10.367	14.4	59.627	101.71	0.978	0	0.935	87.275	0	0	1.532	0.66	0	0.267	0.284	0.324	0.312	0.229	-28.3	-18.85	-10.6	1.126	1.26	1.692	1.943	2.529	15.975	17.85	18.85	18.325	18.2	NA
2026-04-08 08:00:00	-91.5575	32.7911	0	10.078	14.2	60.672	101.708	0.982	0	1.332	86.1	0	0	2.092	0.637	0	0.268	0.284	0.324	0.312	0.229	-28.525	-18.9	-10.6	1.12	1.256	1.688	1.942	2.526	15.55	17.45	18.625	18.35	18.2	NA
2026-04-08 09:00:00	-91.5575	32.7911	0	9.818	13.85	61.763	101.718	0.978	0	1.518	85.6	0	0	2.4	0.603	0	0.268	0.284	0.324	0.312	0.229	-28.725	-18.975	-10.6	1.115	1.254	1.688	1.943	2.524	15.15	17.125	18.462	18.35	18.2	NA
2026-04-08 10:00:00	-91.5575	32.7911	0	9.898	13.45	63.229	101.728	0.975	0	1.845	93.525	0	0	2.78	0.562	0	0.268	0.284	0.324	0.312	0.229	-28.925	-19.075	-10.5	1.109	1.253	1.687	1.943	2.523	14.762	16.8	18.275	18.35	18.2	NA
2026-04-08 11:00:00	-91.5575	32.7911	0	9.77	12.975	64.855	101.755	0.97	0	1.617	91.9	0	0	2.61	0.528	0	0.268	0.285	0.324	0.312	0.229	-29.1	-19.1	-10.5	1.105	1.249	1.685	1.941	2.519	14.475	16.5	18.1	18.35	18.2	NA
2026-04-08 12:00:00	-91.5575	32.7911	0	11.088	13.275	65.251	101.792	0.995	62.55	2.138	102.375	0	0	3.263	0.528	0	0.268	0.285	0.324	0.312	0.229	-29.175	-19.125	-10.5	1.102	1.249	1.682	1.94	2.522	14.238	16.225	17.9	18.35	18.2	0.214
2026-04-08 13:00:00	-91.5575	32.7911	0	14.123	14.975	61.855	101.84	1.053	201.25	3.095	112.425	0	0	5.373	0.65	0	0.268	0.285	0.324	0.312	0.229	-29.175	-19.225	-10.5	1.103	1.248	1.681	1.941	2.523	14.413	16.025	17.725	18.35	18.2	0.226
2026-04-08 14:00:00	-91.5575	32.7911	0	19.532	17.225	56.036	101.878	1.1	474.425	3.585	123.575	0	0	6.57	0.87	0	0.268	0.285	0.324	0.312	0.229	-28.875	-19.25	-10.5	1.106	1.248	1.679	1.939	2.523	15.137	16.025	17.562	18.35	18.2	0.218
2026-04-08 15:00:00	-91.5575	32.7911	0	25.948	20.25	47.509	101.925	1.127	680.6	3.852	132.875	0	0	7.522	1.25	0	0.266	0.285	0.324	0.312	0.229	-28.1	-19.3	-10.5	1.117	1.253	1.68	1.941	2.522	16.875	16.325	17.438	18.3	18.2	0.213
2026-04-08 16:00:00	-91.5575	32.7911	0	30.52	22.975	38.536	101.945	1.079	866.125	4.892	146.4	0	0	8.302	1.728	0	0.264	0.284	0.325	0.312	0.229	-27	-19.225	-10.5	1.128	1.258	1.68	1.939	2.522	19.038	17	17.4	18.25	18.2	0.204
2026-04-08 17:00:00	-91.5575	32.7911	0	34.67	24.45	32.853	101.908	1.007	963.925	4.902	156.475	0	0	8.3	2.058	0	0.262	0.284	0.324	0.312	0.229	-25.9	-19.175	-10.5	1.142	1.264	1.685	1.938	2.527	21.4	17.975	17.488	18.25	18.2	0.26
2026-04-08 18:00:00	-91.5575	32.7911	0	36.185	25.475	29.307	101.855	0.955	987.475	5.212	142.825	0	0	9.475	2.3	0	0.26	0.283	0.324	0.312	0.229	-25.075	-18.975	-10.5	1.154	1.269	1.694	1.935	2.526	23.688	19.05	17.712	18.188	18.2	0.292
2026-04-08 19:00:00	-91.5575	32.7911	0	35.985	25.725	28.272	101.795	0.935	942.4	5.367	135.7	0	0	9.578	2.372	0	0.258	0.282	0.324	0.313	0.229	-24.65	-18.775	-10.5	1.163	1.273	1.697	1.939	2.527	25.413	20.25	18.05	18.15	18.125	0.218
2026-04-08 20:00:00	-91.5575	32.7911	0	34.102	25.925	26.545	101.732	0.888	768.125	4.842	128.425	0	0	9.568	2.46	0	0.257	0.282	0.324	0.313	0.229	-24.575	-18.575	-10.5	1.164	1.275	1.707	1.939	2.526	26.45	21.275	18.462	18.15	18.1	0.213
2026-04-08 21:00:00	-91.5575	32.7911	0	32.398	26.275	23.606	101.67	0.806	650.15	3.88	134.625	0	0	7.25	2.607	0	0.256	0.281	0.324	0.313	0.229	-25.025	-18.325	-10.5	1.162	1.277	1.711	1.936	2.529	26.688	22.05	18.962	18.15	18.1	0.219
2026-04-08 22:00:00	-91.5575	32.7911	0	28.778	26.1	24.829	101.625	0.839	397.4	3.82	122.975	0	0	6.608	2.542	0	0.256	0.281	0.324	0.313	0.229	-25.7	-18.1	-10.5	1.159	1.277	1.712	1.939	2.53	26.375	22.525	19.4	18.15	18.1	0.218
2026-04-08 23:00:00	-91.5575	32.7911	0	24.545	25.55	26.589	101.622	0.87	209.2	2.84	127.525	0	0	5.508	2.402	0	0.257	0.281	0.324	0.313	0.229	-26.475	-17.825	-10.5	1.147	1.273	1.718	1.939	2.528	25.637	22.7	19.8	18.15	18.1	0.216
2026-04-09 00:00:00	-91.5575	32.7911	0	19.095	23.75	30.742	101.645	0.902	24.25	2.138	123.35	0	0	3.97	2.04	0	0.258	0.281	0.323	0.312	0.229	-27.6	-17.65	-10.5	1.133	1.273	1.715	1.941	2.529	24.413	22.65	20.125	18.15	18.1	0.181
2026-04-09 01:00:00	-91.5575	32.7911	0	15.398	20.95	34.762	101.7	0.862	0	1.45	123.625	0	0	2.195	1.615	0	0.258	0.281	0.323	0.312	0.229	-28.725	-17.6	-10.4	1.118	1.269	1.715	1.942	2.529	22.725	22.3	20.337	18.188	18.1	NA
2026-04-09 02:00:00	-91.5575	32.7911	0	13.825	19.4	36.358	101.775	0.819	0	1.458	128	0	0	2.148	1.428	0	0.26	0.281	0.323	0.312	0.229	-29.55	-17.525	-10.4	1.102	1.267	1.71	1.941	2.528	21.212	21.7	20.438	18.262	18.1	NA
2026-04-09 03:00:00	-91.5575	32.7911	0	13.213	18.35	38.897	101.835	0.82	0	1.562	112.35	0	0	2.24	1.292	0	0.261	0.282	0.323	0.312	0.229	-30.2	-17.6	-10.4	1.09	1.264	1.709	1.939	2.529	20	21.075	20.425	18.3	18.1	NA
2026-04-09 04:00:00	-91.5575	32.7911	0	12.75	17.125	44.241	101.868	0.863	0	1.562	114.85	0	0	2.192	1.09	0	0.262	0.282	0.323	0.312	0.229	-30.65	-17.6	-10.4	1.082	1.262	1.706	1.938	2.526	19.1	20.475	20.325	18.387	18.1	NA
2026-04-09 05:00:00	-91.5575	32.7911	0	12.26	16.15	50.368	101.878	0.924	0	1.262	123.375	0	0	1.92	0.91	0	0.262	0.282	0.323	0.312	0.229	-30.975	-17.65	-10.4	1.073	1.26	1.704	1.944	2.524	18.375	19.9	20.163	18.425	18.1	NA
2026-04-09 06:00:00	-91.5575	32.7911	0	11.78	15.075	57.095	101.905	0.977	0	1.33	150.925	0	0	2.212	0.735	0	0.263	0.282	0.323	0.312	0.229	-31.3	-17.75	-10.4	1.066	1.259	1.7	1.946	2.527	17.775	19.45	19.975	18.5	18.1	NA
2026-04-09 07:00:00	-91.5575	32.7911	0	10.732	13.5	63.926	101.91	0.987	0	0.98	114.675	0	0	1.413	0.56	0	0.263	0.282	0.323	0.312	0.229	-31.575	-17.825	-10.4	1.059	1.258	1.698	1.946	2.528	17.225	19	19.775	18.512	18.1	NA
2026-04-09 08:00:00	-91.5575	32.7911	0	10.533	11.825	73.781	101.91	1.022	0	0.657	94.05	0	0	1.122	0.365	0	0.264	0.282	0.324	0.312	0.229	-31.8	-17.9	-10.4	1.055	1.254	1.695	1.945	2.529	16.712	18.55	19.587	18.588	18.1	NA
2026-04-09 09:00:00	-91.5575	32.7911	0	10.38	11.65	76.954	101.918	1.054	0	0.863	155.6	0	0	1.66	0.315	0	0.264	0.283	0.324	0.312	0.229	-32.05	-18	-10.4	1.048	1.253	1.692	1.946	2.529	16.263	18.225	19.375	18.6	18.1	NA
2026-04-09 10:00:00	-91.5575	32.7911	0	10.625	13.1	70.119	101.952	1.056	0	1.423	149.125	0	0	2.415	0.452	0	0.264	0.283	0.324	0.312	0.229	-32.225	-18.075	-10.4	1.046	1.251	1.692	1.945	2.529	15.887	17.85	19.163	18.6	18.1	NA
2026-04-09 11:00:00	-91.5575	32.7911	0	9.997	12.2	72.409	102.02	1.029	0	1.53	152.15	0	0	2.743	0.392	0	0.265	0.283	0.324	0.312	0.229	-32.45	-18.15	-10.4	1.04	1.247	1.689	1.946	2.527	15.537	17.55	18.95	18.6	18.1	NA
2026-04-09 12:00:00	-91.5575	32.7911	0	11.828	13.5	70.251	102.085	1.087	60.575	1.898	148.775	0	0	3.033	0.462	0	0.265	0.283	0.324	0.312	0.229	-32.625	-18.3	-10.4	1.037	1.248	1.686	1.944	2.52	15.25	17.25	18.75	18.6	18.1	0.189
2026-04-09 13:00:00	-91.5575	32.7911	0	16.78	16.375	65.088	102.13	1.211	247.5	2.587	139.15	0	0	4.565	0.65	0	0.265	0.284	0.324	0.312	0.229	-32.5	-18.3	-10.4	1.039	1.246	1.684	1.942	2.517	15.45	17.025	18.55	18.6	18.1	0.217
2026-04-09 14:00:00	-91.5575	32.7911	0	22.19	19.25	54.035	102.148	1.204	493.575	4.105	140.375	0	0	7.012	1.025	0	0.264	0.284	0.324	0.312	0.229	-31.9	-18.35	-10.4	1.044	1.248	1.684	1.941	2.518	16.475	17.05	18.387	18.6	18.1	0.214
2026-04-09 15:00:00	-91.5575	32.7911	0	27.34	21.35	47.982	102.152	1.22	700.15	4.92	144.375	0	0	8.477	1.322	0	0.262	0.283	0.324	0.312	0.229	-30.9	-18.4	-10.4	1.054	1.252	1.686	1.94	2.525	18.238	17.4	18.262	18.6	18.1	0.21
2026-04-09 16:00:00	-91.5575	32.7911	0	32.377	22.675	46.808	102.158	1.289	857.4	4.415	148.075	0	0	7.78	1.46	0	0.26	0.283	0.324	0.312	0.229	-29.625	-18.375	-10.375	1.065	1.258	1.687	1.941	2.527	20.275	18.1	18.25	18.562	18.1	0.202
2026-04-09 17:00:00	-91.5575	32.7911	0	37.295	23.975	45.095	102.132	1.343	955.4	3.393	147.95	0	0	7.3	1.635	0	0.258	0.282	0.324	0.312	0.229	-28.2	-18.3	-10.325	1.082	1.261	1.692	1.941	2.526	22.675	19	18.325	18.55	18.1	0.257
2026-04-09 18:00:00	-91.5575	32.7911	0	39.678	24.825	43.75	102.05	1.371	980.75	3.082	125.7	0	0	7.19	1.762	0	0.256	0.282	0.324	0.312	0.229	-27.025	-18.15	-10.3	1.097	1.267	1.696	1.938	2.527	25.05	20.15	18.525	18.5	18.1	0.277
2026-04-09 19:00:00	-91.5575	32.7911	0	39.835	26.1	39.745	101.958	1.343	920.3	3.428	108.7	0	0	8.547	2.04	0	0.254	0.281	0.324	0.312	0.229	-26.225	-17.925	-10.3	1.11	1.271	1.704	1.937	2.526	26.975	21.35	18.887	18.475	18.1	0.216
2026-04-09 20:00:00	-91.5575	32.7911	0	37.688	26.7	36.049	101.892	1.263	816.775	3.763	106.85	0	0	7.035	2.237	0	0.253	0.28	0.324	0.312	0.229	-26	-17.7	-10.3	1.113	1.275	1.71	1.938	2.529	28.2	22.5	19.325	18.45	18.1	0.211
2026-04-09 21:00:00	-91.5575	32.7911	0	34.415	26.7	35.441	101.84	1.242	627.225	3.58	120.575	0	0	7.218	2.268	0	0.252	0.28	0.324	0.312	0.229	-26.525	-17.45	-10.3	1.112	1.277	1.716	1.941	2.532	28.413	23.375	19.812	18.45	18.1	0.216
2026-04-09 22:00:00	-91.5575	32.7911	0	31.605	26.65	36.369	101.815	1.27	413.125	3.348	125.475	0	0	6.463	2.22	0	0.252	0.28	0.323	0.312	0.229	-27.25	-17.25	-10.3	1.107	1.277	1.72	1.941	2.532	28.075	23.875	20.312	18.45	18.1	0.215
2026-04-09 23:00:00	-91.5575	32.7911	0	26.657	26.075	37.726	101.81	1.274	216.35	3.415	130.475	0	0	6.072	2.102	0	0.253	0.279	0.323	0.312	0.229	-28.15	-17.05	-10.3	1.095	1.277	1.721	1.942	2.53	27.413	24.075	20.75	18.475	18.1	0.213
2026-04-10 00:00:00	-91.5575	32.7911	0	20.958	24.425	41.051	101.822	1.255	23.9	2	122.35	0	0	3.45	1.81	0	0.254	0.279	0.323	0.312	0.229	-29.55	-16.9	-10.3	1.082	1.273	1.723	1.944	2.533	26.087	24.025	21.062	18.5	18.1	0.186
2026-04-10 01:00:00	-91.5575	32.7911	0	17.852	21.95	48.267	101.86	1.271	0	1.46	105.8	0	0	1.898	1.365	0	0.255	0.279	0.323	0.312	0.229	-30.775	-16.825	-10.3	1.067	1.273	1.722	1.943	2.534	24.4	23.625	21.312	18.55	18.1	NA
2026-04-10 02:00:00	-91.5575	32.7911	0	17.122	20.575	54.766	101.922	1.327	0	1.575	125.85	0	0	2.438	1.095	0	0.256	0.28	0.323	0.312	0.229	-31.775	-16.775	-10.3	1.053	1.269	1.72	1.944	2.53	22.962	23.075	21.413	18.6	18.1	NA
2026-04-10 03:00:00	-91.5575	32.7911	0	16.882	20.25	57.982	101.952	1.377	0	2.01	133.775	0	0	3.258	0.998	0	0.257	0.28	0.323	0.312	0.229	-32.5	-16.8	-10.3	1.044	1.268	1.716	1.944	2.529	21.913	22.475	21.438	18.688	18.1	NA
2026-04-10 04:00:00	-91.5575	32.7911	0	16.102	19.325	61.91	101.942	1.388	0	1.817	137.05	0	0	3.002	0.853	0	0.258	0.28	0.323	0.312	0.229	-33.025	-16.9	-10.275	1.034	1.264	1.711	1.946	2.528	21.113	21.95	21.325	18.75	18.1	NA
2026-04-10 05:00:00	-91.5575	32.7911	0	15.395	18.425	65.848	101.922	1.396	0	1.795	139.475	0	0	2.94	0.72	0	0.258	0.28	0.323	0.312	0.229	-33.475	-16.9	-10.25	1.027	1.264	1.71	1.946	2.526	20.425	21.45	21.212	18.837	18.1	NA
2026-04-10 06:00:00	-91.5575	32.7911	0	14.398	17.25	70.441	101.898	1.386	0	1.38	156.675	0	0	2.235	0.58	0	0.259	0.28	0.323	0.312	0.229	-33.95	-16.95	-10.25	1.02	1.261	1.707	1.948	2.53	19.812	21.025	21.062	18.9	18.1	NA
2026-04-10 07:00:00	-91.5575	32.7911	0	13.422	15.8	76.55	101.888	1.374	0	0.958	145.775	0	0	1.297	0.422	0	0.259	0.281	0.323	0.312	0.229	-34.3	-17.05	-10.225	1.014	1.261	1.706	1.948	2.53	19.212	20.55	20.887	18.95	18.1	NA
2026-04-10 08:00:00	-91.5575	32.7911	0	12.812	14.25	83.055	101.91	1.349	0	0.388	166.8	0	0	0.62	0.275	0	0.26	0.281	0.323	0.312	0.229	-34.675	-17.125	-10.25	1.009	1.257	1.704	1.946	2.53	18.675	20.15	20.7	19.038	18.1	NA
2026-04-10 09:00:00	-91.5575	32.7911	0	12.455	13.375	87.597	101.938	1.344	0	0.422	125.55	0	0	0.833	0.19	0	0.26	0.281	0.323	0.312	0.229	-34.975	-17.2	-10.225	1.003	1.254	1.704	1.946	2.531	18.175	19.75	20.525	19.05	18.125	NA
2026-04-10 10:00:00	-91.5575	32.7911	0	12.03	12.7	91.022	101.98	1.337	0	0.478	125.775	0	0	0.867	0.132	0	0.26	0.281	0.323	0.312	0.229	-35.25	-17.275	-10.275	1	1.252	1.7	1.948	2.529	17.737	19.45	20.312	19.075	18.2	NA
2026-04-10 11:00:00	-91.5575	32.7911	0	11.735	12.225	92.127	102.025	1.312	0	0.288	92.05	0	0	0.705	0.112	0	0.261	0.281	0.323	0.312	0.229	-35.525	-17.4	-10.2	0.996	1.251	1.696	1.947	2.527	17.3	19.05	20.113	19.113	18.2	NA
2026-04-10 12:00:00	-91.5575	32.7911	0	13.25	12.825	92.53	102.085	1.371	59.75	0.478	169.325	0	0	0.895	0.11	0	0.261	0.282	0.323	0.312	0.229	-35.7	-17.475	-10.2	0.993	1.247	1.695	1.947	2.527	16.962	18.75	19.925	19.15	18.2	0.193
2026-04-10 13:00:00	-91.5575	32.7911	0	18.892	16.625	88.35	102.16	1.672	273.275	1.35	125.625	0	0	2.458	0.222	0	0.261	0.282	0.324	0.312	0.229	-35.475	-17.575	-10.2	0.993	1.246	1.694	1.946	2.527	17.1	18.525	19.725	19.15	18.2	0.218
2026-04-10 14:00:00	-91.5575	32.7911	0	23.898	19.575	77.663	102.195	1.767	424.5	1.765	121.2	0	0	3.198	0.51	0	0.26	0.282	0.324	0.312	0.229	-34.65	-17.65	-10.2	1	1.248	1.69	1.943	2.527	18.188	18.525	19.538	19.113	18.2	0.215
2026-04-10 15:00:00	-91.5575	32.7911	0	30.118	22.55	61.121	102.227	1.664	700	3.33	140.4	0	0	6.585	1.067	0	0.258	0.282	0.324	0.312	0.229	-33.4	-17.7	-10.2	1.01	1.252	1.691	1.944	2.527	19.85	18.875	19.425	19.1	18.2	0.209
2026-04-10 16:00:00	-91.5575	32.7911	0	33.812	24.075	50.912	102.235	1.526	785.3	4.028	153.05	0	0	7.812	1.472	0	0.256	0.281	0.324	0.312	0.229	-31.825	-17.7	-10.2	1.022	1.259	1.693	1.942	2.527	21.95	19.525	19.4	19.1	18.2	0.202
2026-04-10 17:00:00	-91.5575	32.7911	0	38.758	25.3	47.317	102.185	1.525	941.65	3.485	150.325	0	0	7.337	1.698	0	0.254	0.28	0.324	0.312	0.229	-30.25	-17.575	-10.2	1.035	1.263	1.697	1.942	2.527	24.1	20.45	19.475	19.1	18.225	0.256
2026-04-10 18:00:00	-91.5575	32.7911	0	41.08	26.2	45.642	102.108	1.552	954.975	3.08	156.2	0	0	6.47	1.85	0	0.252	0.28	0.324	0.312	0.229	-28.775	-17.475	-10.2	1.05	1.267	1.702	1.941	2.529	26.387	21.55	19.7	19.087	18.3	0.245
2026-04-10 19:00:00	-91.5575	32.7911	0	40.433	26.775	45.01	102.03	1.583	830.8	2.8	122.55	0	0	7.03	1.938	0	0.251	0.279	0.324	0.312	0.229	-27.95	-17.25	-10.2	1.06	1.273	1.71	1.941	2.528	28.163	22.7	20.025	19	18.3	0.214
2026-04-10 20:00:00	-91.5575	32.7911	0	39.18	27.35	41.293	101.95	1.502	742.9	3.332	145.975	0	0	7.3	2.135	0	0.25	0.278	0.323	0.312	0.229	-27.75	-17.05	-10.2	1.066	1.276	1.716	1.937	2.531	29.2	23.725	20.462	19	18.3	0.193
2026-04-10 21:00:00	-91.5575	32.7911	0	37.848	27.85	39.283	101.9	1.472	702.575	3.867	133.625	0	0	7.305	2.272	0	0.249	0.278	0.323	0.312	0.229	-27.9	-16.825	-10.25	1.067	1.276	1.721	1.938	2.532	29.788	24.55	20.925	19	18.3	0.214
2026-04-10 22:00:00	-91.5575	32.7911	0	30.675	27.2	38.733	101.872	1.398	290.4	2.777	128.475	0	0	5.91	2.212	0	0.249	0.277	0.323	0.312	0.229	-28.725	-16.675	-10.2	1.064	1.279	1.726	1.941	2.535	29.487	25.125	21.35	19	18.3	0.214
2026-04-10 23:00:00	-91.5575	32.7911	0	27.502	27	38.184	101.885	1.361	206.325	2.808	118.575	0	0	5.168	2.208	0	0.25	0.277	0.323	0.312	0.229	-30.175	-16.5	-10.2	1.051	1.276	1.731	1.943	2.538	28.375	25.275	21.762	19.05	18.3	0.212
2026-04-11 00:00:00	-91.5575	32.7911	0	22.04	25.275	42.026	101.945	1.352	26.625	1.63	108.95	0	0	2.505	1.87	0	0.251	0.277	0.323	0.312	0.229	-31.65	-16.375	-10.2	1.039	1.273	1.727	1.945	2.535	27.075	25.1	22.1	19.1	18.3	0.184
2026-04-11 01:00:00	-91.5575	32.7911	0	18.608	22.4	49.938	102.002	1.351	0	1.195	99.8	0	0	1.67	1.357	0	0.252	0.277	0.322	0.312	0.229	-33.025	-16.3	-10.2	1.024	1.271	1.728	1.945	2.534	25.4	24.7	22.325	19.137	18.3	NA
2026-04-11 02:00:00	-91.5575	32.7911	0	17.832	21.575	52.55	102.055	1.354	0	1.485	111.775	0	0	2.155	1.22	0	0.253	0.278	0.322	0.312	0.229	-34.1	-16.3	-10.2	1.01	1.268	1.723	1.946	2.532	24	24.125	22.4	19.225	18.3	NA
2026-04-11 03:00:00	-91.5575	32.7911	0	17.017	20.45	56.024	102.065	1.347	0	1.488	123.475	0	0	2.28	1.058	0	0.254	0.278	0.322	0.312	0.229	-35.025	-16.4	-10.2	1	1.265	1.721	1.946	2.531	22.875	23.5	22.375	19.288	18.3	NA
2026-04-11 04:00:00	-91.5575	32.7911	0	16.55	20.025	57.572	102.03	1.348	0	1.385	123.525	0	0	2.115	0.992	0	0.255	0.278	0.322	0.312	0.229	-35.825	-16.425	-10.2	0.991	1.262	1.72	1.947	2.531	22.012	22.9	22.3	19.35	18.3	NA
2026-04-11 05:00:00	-91.5575	32.7911	0	15.887	18.925	61.607	102.015	1.347	0	1.222	138.675	0	0	1.99	0.84	0	0.256	0.278	0.322	0.312	0.229	-36.45	-16.5	-10.125	0.984	1.261	1.716	1.945	2.532	21.312	22.375	22.15	19.45	18.3	NA
2026-04-11 06:00:00	-91.5575	32.7911	0	16.125	19.3	62.353	102.018	1.396	0	2.23	146.95	0	0	3.81	0.843	0	0.256	0.279	0.322	0.312	0.229	-36.95	-16.55	-10.1	0.976	1.259	1.713	1.949	2.532	20.725	21.95	21.975	19.5	18.325	NA
2026-04-11 07:00:00	-91.5575	32.7911	0	15.787	18.5	67.609	102.023	1.439	0	1.562	161.85	0	0	2.76	0.688	0	0.256	0.279	0.322	0.312	0.229	-37.25	-16.7	-10.1	0.972	1.257	1.711	1.949	2.53	20.25	21.55	21.8	19.55	18.4	NA
2026-04-11 08:00:00	-91.5575	32.7911	0	14.842	16.625	76.602	102.035	1.448	0	0.665	113.5	0	0	1.168	0.445	0	0.257	0.279	0.323	0.312	0.229	-37.925	-16.775	-10.1	0.969	1.256	1.708	1.949	2.531	19.85	21.15	21.6	19.625	18.4	NA
2026-04-11 09:00:00	-91.5575	32.7911	0	14.525	15.3	82.951	102.038	1.442	0	0.458	202.1	0	0	0.682	0.298	0	0.257	0.279	0.323	0.312	0.229	-38.775	-16.875	-10.1	0.964	1.256	1.708	1.948	2.531	19.45	20.8	21.413	19.65	18.4	NA
2026-04-11 10:00:00	-91.5575	32.7911	0	14.485	15	86.405	102.058	1.474	0	0.93	171.8	0	0	1.525	0.232	0	0.257	0.279	0.323	0.312	0.229	-38.975	-16.95	-10.1	0.961	1.253	1.707	1.949	2.53	19.05	20.5	21.212	19.65	18.4	NA
2026-04-11 11:00:00	-91.5575	32.7911	0	14.352	14.925	88.312	102.085	1.499	0.15	0.657	188	0	0	0.922	0.2	0	0.258	0.279	0.323	0.312	0.229	-39.275	-17.025	-10.1	0.957	1.25	1.703	1.948	2.529	18.775	20.2	21.025	19.712	18.4	NA
2026-04-11 12:00:00	-91.5575	32.7911	0	16.465	16.175	88.352	102.135	1.627	73.375	0.915	170.05	0	0	1.453	0.21	0	0.258	0.28	0.323	0.312	0.229	-39.275	-17.15	-10.1	0.955	1.248	1.7	1.947	2.53	18.55	19.925	20.85	19.75	18.4	0.195
2026-04-11 13:00:00	-91.5575	32.7911	0	20.722	18.675	87.374	102.175	1.883	227.95	1.508	137.025	0	0	2.502	0.275	0	0.258	0.28	0.323	0.312	0.229	-38.975	-17.2	-10.125	0.958	1.248	1.7	1.944	2.529	18.812	19.75	20.663	19.75	18.475	0.214
2026-04-11 14:00:00	-91.5575	32.7911	0	27.49	21.85	79.839	102.198	2.09	485.1	1.658	134.675	0	0	2.947	0.527	0	0.256	0.28	0.323	0.312	0.229	-37.55	-17.275	-10.15	0.965	1.25	1.696	1.945	2.528	19.825	19.8	20.538	19.738	18.5	0.211
2026-04-11 15:00:00	-91.5575	32.7911	0	33.73	24.4	61.809	102.235	1.884	704.425	1.748	184.35	0	0	4.128	1.173	0	0.255	0.28	0.323	0.312	0.229	-35.475	-17.3	-10.2	0.976	1.253	1.697	1.945	2.528	21.65	20.2	20.412	19.7	18.5	0.206
2026-04-11 16:00:00	-91.5575	32.7911	0	36.693	25.725	49.705	102.258	1.644	783.325	2.8	175.075	0	0	5.685	1.663	0	0.253	0.279	0.323	0.312	0.229	-33.575	-17.3	-10.2	0.99	1.26	1.701	1.943	2.53	23.725	20.95	20.4	19.7	18.5	0.201
2026-04-11 17:00:00	-91.5575	32.7911	0	40.957	26.725	46.771	102.21	1.64	943.2	3.248	155.725	0	0	7.553	1.867	0	0.251	0.278	0.323	0.312	0.229	-31.8	-17.2	-10.2	1.002	1.263	1.706	1.942	2.531	25.85	21.9	20.525	19.675	18.5	0.226
2026-04-11 18:00:00	-91.5575	32.7911	0	43.715	27.75	43.066	102.122	1.604	958.775	2.678	164.175	0	0	6.327	2.12	0	0.249	0.278	0.323	0.312	0.229	-30.1	-17.075	-10.2	1.016	1.268	1.712	1.943	2.532	28.05	22.95	20.775	19.65	18.5	0.206
2026-04-11 19:00:00	-91.5575	32.7911	0	42.64	28.275	41.364	102.042	1.588	870.675	2.825	141.625	0	0	6.157	2.248	0	0.248	0.277	0.323	0.312	0.229	-29.15	-16.85	-10.15	1.027	1.271	1.718	1.943	2.533	29.738	24.125	21.113	19.65	18.5	0.21
2026-04-11 20:00:00	-91.5575	32.7911	0	36.615	28.15	39.969	101.965	1.524	480.825	2.857	148.975	0	0	5.755	2.285	0	0.247	0.277	0.323	0.312	0.229	-28.925	-16.675	-10.15	1.029	1.275	1.724	1.943	2.533	30.675	25.1	21.55	19.6	18.55	0.212
2026-04-11 21:00:00	-91.5575	32.7911	0	34.355	28.4	37.653	101.878	1.457	407.625	2.685	142.475	0	0	5.142	2.41	0	0.247	0.276	0.323	0.312	0.229	-29.9	-16.425	-10.1	1.027	1.275	1.728	1.943	2.535	30.425	25.775	22.012	19.625	18.6	0.216
2026-04-11 22:00:00	-91.5575	32.7911	0	32.572	28.475	36.851	101.828	1.432	358	2.67	155.375	0	0	5.268	2.455	0	0.248	0.276	0.322	0.312	0.229	-31.4	-16.275	-10.1	1.017	1.274	1.731	1.945	2.536	29.487	26.075	22.45	19.65	18.6	0.212
2026-04-11 23:00:00	-91.5575	32.7911	0	28.75	28.275	36.613	101.802	1.406	206.8	2.95	150.95	0	0	5.315	2.43	0	0.248	0.276	0.322	0.312	0.229	-32.225	-16.175	-10.1	1.008	1.271	1.732	1.944	2.536	28.913	26.05	22.788	19.675	18.6	0.21
2026-04-12 00:00:00	-91.5575	32.7911	0	23.242	26.325	40.788	101.795	1.396	28.55	2.228	134.4	0	0	4.098	2.035	0	0.249	0.276	0.322	0.312	0.229	-33.75	-16.1	-10.1	0.999	1.271	1.733	1.943	2.538	27.762	25.9	23.05	19.738	18.6	0.165
2026-04-12 01:00:00	-91.5575	32.7911	0	19.825	23.45	47.923	101.795	1.382	0	1.47	115.7	0	0	2.282	1.505	0	0.25	0.276	0.322	0.312	0.229	-35.375	-16.1	-10.1	0.985	1.269	1.731	1.946	2.534	26.188	25.5	23.212	19.775	18.6	NA
2026-04-12 02:00:00	-91.5575	32.7911	0	18.77	22.45	51.207	101.845	1.391	0	1.365	149.25	0	0	2.245	1.322	0	0.251	0.277	0.322	0.312	0.229	-36.725	-16.1	-10.1	0.972	1.264	1.73	1.947	2.538	24.8	24.95	23.3	19.85	18.6	NA
2026-04-12 03:00:00	-91.5575	32.7911	0	17.55	20.975	55.994	101.86	1.39	0	1.005	155.75	0	0	1.755	1.095	0	0.252	0.277	0.322	0.311	0.229	-37.95	-16.15	-10.1	0.963	1.262	1.725	1.948	2.532	23.738	24.325	23.25	19.938	18.6	NA
2026-04-12 04:00:00	-91.5575	32.7911	0	16.775	20.275	58.615	101.85	1.394	0	1.433	164.025	0	0	2.21	0.985	0	0.253	0.277	0.322	0.311	0.229	-39.625	-16.2	-10.1	0.953	1.26	1.723	1.949	2.536	22.812	23.775	23.125	19.988	18.6	NA
2026-04-12 05:00:00	-91.5575	32.7911	0	16.63	20.15	59.457	101.832	1.403	0	2	165.825	0	0	3.143	0.955	0	0.253	0.278	0.322	0.311	0.229	-40.4	-16.3	-10.1	0.945	1.258	1.719	1.95	2.536	22.075	23.225	22.962	20.062	18.6	NA
2026-04-12 06:00:00	-91.5575	32.7911	0	16.038	19.25	64.124	101.815	1.431	0	1.668	176.5	0	0	2.542	0.802	0	0.254	0.278	0.322	0.311	0.229	-41	-16.375	-10.1	0.938	1.256	1.718	1.948	2.535	21.475	22.75	22.788	20.137	18.7	NA
2026-04-12 07:00:00	-91.5575	32.7911	0	15.83	18.775	68.219	101.787	1.478	0	2.235	177.4	0	0	3.737	0.685	0	0.254	0.278	0.322	0.311	0.229	-41.475	-16.5	-10.1	0.934	1.252	1.715	1.949	2.534	20.938	22.25	22.6	20.188	18.7	NA
2026-04-12 08:00:00	-91.5575	32.7911	0	15.365	18.025	72.71	101.758	1.503	0	2.09	174.325	0	0	3.577	0.565	0	0.255	0.278	0.322	0.311	0.229	-41.9	-16.575	-10.1	0.93	1.252	1.712	1.95	2.535	20.462	21.875	22.4	20.238	18.7	NA
2026-04-12 09:00:00	-91.5575	32.7911	0	14.773	16.975	77.845	101.78	1.506	0	1.683	177.35	0	0	2.42	0.43	0	0.255	0.278	0.322	0.311	0.229	-42.35	-16.725	-10.1	0.925	1.25	1.709	1.95	2.534	20.05	21.55	22.175	20.288	18.7	NA
2026-04-12 10:00:00	-91.5575	32.7911	0	14.213	16.225	82.135	101.765	1.515	0	1.87	165	0	0	2.665	0.325	0	0.255	0.278	0.322	0.311	0.229	-42.775	-16.8	-10.1	0.922	1.248	1.708	1.95	2.538	19.575	21.2	21.975	20.3	18.7	NA
2026-04-12 11:00:00	-91.5575	32.7911	0	13.732	15.75	85.618	101.79	1.532	0.05	1.7	165.95	0	0	2.348	0.252	0	0.256	0.279	0.322	0.311	0.229	-43.15	-16.875	-10.1	0.917	1.247	1.706	1.949	2.533	19.15	20.85	21.762	20.35	18.75	NA
2026-04-12 12:00:00	-91.5575	32.7911	0	15.275	16.175	86.825	101.912	1.597	71.1	1.94	167.5	0	0	2.822	0.242	0	0.256	0.279	0.322	0.311	0.229	-43.45	-17.025	-10.1	0.914	1.242	1.704	1.949	2.534	18.812	20.525	21.575	20.35	18.8	0.182
2026-04-12 13:00:00	-91.5575	32.7911	0	20.163	18.8	82.306	101.955	1.786	256.95	3.25	170.675	0	0	5.957	0.385	0	0.256	0.279	0.323	0.311	0.229	-43.125	-17.1	-10.1	0.916	1.242	1.7	1.946	2.532	18.975	20.3	21.375	20.35	18.8	0.217
2026-04-12 14:00:00	-91.5575	32.7911	0	25.803	21.925	71.547	101.955	1.879	504.55	3.973	190.9	0	0	7.352	0.75	0	0.255	0.279	0.323	0.311	0.229	-42.075	-17.175	-10.1	0.923	1.244	1.702	1.948	2.533	19.925	20.3	21.175	20.35	18.8	0.212
2026-04-12 15:00:00	-91.5575	32.7911	0	30.36	24.475	54.578	101.928	1.672	646.825	5.102	178.725	0	0	9.72	1.402	0	0.254	0.279	0.323	0.311	0.229	-40.375	-17.275	-10.1	0.934	1.248	1.702	1.945	2.536	21.562	20.625	21.05	20.35	18.8	0.208
2026-04-12 16:00:00	-91.5575	32.7911	0	32.798	25.825	44.952	101.908	1.495	743.575	6.463	172.125	0	0	12.305	1.83	0	0.252	0.278	0.323	0.311	0.229	-38.05	-17.225	-10.1	0.946	1.252	1.704	1.944	2.535	23.312	21.225	21	20.287	18.9	0.202
2026-04-12 17:00:00	-91.5575	32.7911	0	37.212	27.25	38.869	101.845	1.406	934.8	7.02	163.25	0	0	12.015	2.215	0	0.25	0.278	0.323	0.311	0.229	-35.7	-17.175	-10.1	0.957	1.254	1.709	1.945	2.538	25.163	21.95	21.075	20.25	18.9	0.207
2026-04-12 18:00:00	-91.5575	32.7911	0	39.83	28.2	36.9	101.798	1.411	966.625	6.003	173.45	0	0	10.5	2.415	0	0.248	0.277	0.323	0.311	0.229	-33.8	-17.075	-10.1	0.966	1.257	1.712	1.944	2.537	27.113	22.85	21.238	20.25	18.9	0.235
2026-04-12 19:00:00	-91.5575	32.7911	0	38.858	28.675	39.105	101.748	1.537	834.575	5.088	194.1	0	0	10.332	2.398	0	0.247	0.277	0.323	0.311	0.229	-32.525	-16.9	-10.1	0.974	1.261	1.722	1.944	2.538	28.7	23.85	21.512	20.2	18.9	0.21
2026-04-12 20:00:00	-91.5575	32.7911	0	34.707	28.4	40.858	101.68	1.581	489	4.828	183.45	0	0	9.44	2.287	0	0.247	0.276	0.322	0.311	0.229	-32.625	-16.725	-10.1	0.976	1.264	1.725	1.943	2.538	29.3	24.7	21.85	20.2	18.9	0.21
2026-04-12 21:00:00	-91.5575	32.7911	0	32.32	28.275	41.657	101.618	1.6	349.675	4.633	185.4	0	0	8.297	2.237	0	0.247	0.276	0.322	0.311	0.229	-33.6	-16.5	-10.1	0.973	1.265	1.731	1.945	2.537	29.025	25.25	22.225	20.2	18.9	0.211
2026-04-12 22:00:00	-91.5575	32.7911	0	29.19	27.725	44.164	101.59	1.643	202.5	4.86	172.775	0	0	8.557	2.078	0	0.247	0.275	0.322	0.311	0.229	-35.025	-16.375	-10.1	0.966	1.267	1.731	1.944	2.542	28.35	25.5	22.575	20.2	18.925	0.21
2026-04-12 23:00:00	-91.5575	32.7911	0	26.375	26.9	47.599	101.545	1.687	77.15	5.092	162.775	0	0	8.627	1.847	0	0.248	0.275	0.322	0.311	0.229	-36.7	-16.25	-10.1	0.957	1.265	1.732	1.944	2.54	27.413	25.45	22.875	20.2	19	0.215
2026-04-13 00:00:00	-91.5575	32.7911	0	24.163	25.975	51.073	101.54	1.714	14.025	3.93	165.65	0	0	7.423	1.638	0	0.248	0.275	0.322	0.311	0.229	-38.5	-16.2	-10.1	0.95	1.262	1.732	1.945	2.54	26.375	25.225	23.062	20.238	19	0.229
2026-04-13 01:00:00	-91.5575	32.7911	0	22.675	25.15	53.424	101.553	1.708	0	3.645	166.375	0	0	6.685	1.485	0	0.249	0.276	0.322	0.311	0.229	-40.425	-16.2	-10.1	0.942	1.261	1.732	1.946	2.537	25.4	24.875	23.162	20.25	19	NA
2026-04-13 02:00:00	-91.5575	32.7911	0	22.238	24.575	54.47	101.647	1.682	0	3.375	171	0	0	5.935	1.41	0	0.25	0.276	0.322	0.311	0.229	-41.5	-16.275	-10.1	0.935	1.258	1.728	1.945	2.542	24.6	24.45	23.2	20.35	19	NA
2026-04-13 03:00:00	-91.5575	32.7911	0	22.292	24.25	55.98	101.742	1.696	0	4.022	176.475	0	0	8.015	1.332	0	0.25	0.276	0.322	0.311	0.229	-42.125	-16.325	-10.1	0.93	1.255	1.724	1.949	2.54	24.012	24.125	23.15	20.363	19	NA
2026-04-13 04:00:00	-91.5575	32.7911	0	21.488	23.6	57.8	101.672	1.684	0	5.58	168.625	0	0	9.287	1.23	0	0.25	0.276	0.322	0.311	0.229	-42.8	-16.4	-10.1	0.925	1.255	1.723	1.949	2.539	23.562	23.75	23.1	20.438	19	NA
2026-04-13 05:00:00	-91.5575	32.7911	0	21.758	23.25	58.749	101.675	1.676	0	5.318	177.925	0	0	9.258	1.18	0	0.251	0.276	0.322	0.311	0.229	-43.4	-16.4	-10.1	0.921	1.253	1.72	1.948	2.539	23.163	23.475	22.988	20.475	19	NA
2026-04-13 06:00:00	-91.5575	32.7911	0	21.565	22.925	62.47	101.715	1.747	0	4.18	178.725	0	0	7.435	1.048	0	0.251	0.277	0.322	0.311	0.229	-43.825	-16.525	-10.1	0.919	1.251	1.722	1.948	2.537	22.863	23.2	22.887	20.525	19	NA
2026-04-13 07:00:00	-91.5575	32.7911	0	21.155	22.4	66.579	101.602	1.804	0	4.405	159	0	0	7.67	0.905	0	0.251	0.277	0.322	0.311	0.229	-44.175	-16.6	-10.1	0.915	1.25	1.72	1.949	2.54	22.625	22.95	22.788	20.55	19	NA
2026-04-13 08:00:00	-91.5575	32.7911	0	20.57	21.95	70.332	101.612	1.853	0	4.038	184.7	0	0	7.338	0.777	0	0.251	0.277	0.322	0.311	0.229	-44.525	-16.675	-10.1	0.915	1.25	1.718	1.948	2.543	22.363	22.75	22.675	20.6	19.075	NA
2026-04-13 09:00:00	-91.5575	32.7911	0	21.028	21.85	72.495	101.715	1.899	0	2.607	223.575	0	0	4.352	0.72	0	0.251	0.277	0.322	0.311	0.229	-44.95	-16.7	-10.1	0.911	1.25	1.718	1.948	2.542	22.087	22.55	22.575	20.637	19.1	NA
2026-04-13 10:00:00	-91.5575	32.7911	0	20.902	21.8	72.229	101.728	1.887	0	1.322	212.6	0	0	2.418	0.72	0	0.251	0.277	0.322	0.311	0.229	-45.1	-16.775	-10.1	0.909	1.248	1.715	1.948	2.542	21.975	22.375	22.45	20.65	19.1	NA
2026-04-13 11:00:00	-91.5575	32.7911	0	20.77	21.375	75.539	101.778	1.922	0	1.238	196.5	0	0	2.098	0.62	0	0.251	0.277	0.322	0.311	0.229	-45.35	-16.875	-10.1	0.907	1.248	1.714	1.948	2.538	21.837	22.225	22.363	20.65	19.1	NA
2026-04-13 12:00:00	-91.5575	32.7911	0	20.925	20.975	78.588	101.862	1.952	19.95	1.61	159.9	0	0	2.527	0.53	0	0.251	0.277	0.322	0.311	0.229	-45.4	-16.925	-10.1	0.906	1.247	1.713	1.948	2.537	21.712	22.075	22.238	20.65	19.1	0.222
2026-04-13 13:00:00	-91.5575	32.7911	0	23.267	21.5	78.956	101.922	2.025	136.2	2.545	154.825	0	0	4.325	0.54	0	0.251	0.277	0.322	0.311	0.229	-45.325	-17	-10.1	0.905	1.246	1.711	1.948	2.537	21.75	22	22.15	20.65	19.1	0.218
2026-04-13 14:00:00	-91.5575	32.7911	0	27.812	23.325	74.168	101.912	2.125	422.775	4.293	177.275	0	0	8.035	0.74	0	0.251	0.277	0.322	0.311	0.229	-44.45	-17	-10.1	0.911	1.244	1.71	1.947	2.537	22.363	22	22.062	20.65	19.15	0.207
2026-04-13 15:00:00	-91.5575	32.7911	0	30.858	24.7	66.602	101.9	2.072	529.2	4.638	192.675	0	0	8.335	1.035	0	0.25	0.277	0.322	0.311	0.229	-42.875	-17	-10.1	0.916	1.249	1.712	1.946	2.54	23.6	22.25	22	20.65	19.2	0.206
2026-04-13 16:00:00	-91.5575	32.7911	0	32.42	25.4	63.088	101.895	2.046	547.075	4.76	197.225	0	0	8.51	1.198	0	0.249	0.276	0.322	0.311	0.229	-41.65	-17	-10.1	0.924	1.25	1.714	1.945	2.536	24.75	22.7	22.012	20.65	19.2	0.203
2026-04-13 17:00:00	-91.5575	32.7911	0	32.805	25.725	61.546	101.838	2.035	490.35	4.758	178.8	0	0	8.955	1.27	0	0.248	0.276	0.322	0.311	0.229	-40.525	-17	-10.1	0.929	1.251	1.717	1.944	2.542	25.863	23.225	22.075	20.65	19.2	0.202
2026-04-13 18:00:00	-91.5575	32.7911	0	30.468	25.525	59.776	101.808	1.954	346.85	4.395	181.175	0	0	7.838	1.312	0	0.247	0.276	0.322	0.311	0.229	-40.2	-16.925	-10.1	0.933	1.253	1.72	1.946	2.542	26.538	23.775	22.225	20.65	19.2	0.205
2026-04-13 19:00:00	-91.5575	32.7911	0	33.415	26.575	58.517	101.765	2.034	467.8	4.285	161.875	0	0	7.675	1.438	0	0.247	0.276	0.322	0.311	0.229	-40.525	-16.8	-10.1	0.933	1.253	1.721	1.945	2.543	26.675	24.175	22.4	20.65	19.2	0.207
2026-04-13 20:00:00	-91.5575	32.7911	0	33.922	27.65	54.377	101.682	2.013	449.575	4.492	179.975	0	0	8.572	1.685	0	0.246	0.275	0.322	0.311	0.229	-40.025	-16.725	-10.1	0.934	1.255	1.726	1.946	2.542	27.35	24.5	22.6	20.65	19.2	0.21
2026-04-13 21:00:00	-91.5575	32.7911	0	35.895	28.85	48.694	101.58	1.933	578.675	4.63	171.875	0	0	8.24	2.035	0	0.246	0.275	0.322	0.311	0.229	-39.825	-16.675	-10.1	0.935	1.257	1.726	1.943	2.54	27.963	24.85	22.775	20.65	19.225	0.211
2026-04-13 22:00:00	-91.5575	32.7911	0	30.2	28.4	46.88	101.54	1.814	203.65	3.895	186.3	0	0	6.892	2.055	0	0.246	0.275	0.322	0.311	0.229	-40.175	-16.55	-10.1	0.933	1.257	1.728	1.943	2.545	28.262	25.25	22.987	20.65	19.3	0.213
2026-04-13 23:00:00	-91.5575	32.7911	0	28.402	28.275	47.646	101.52	1.83	128.15	2.832	199.025	0	0	5.225	2.007	0	0.246	0.275	0.322	0.311	0.229	-41.6	-16.475	-10.1	0.928	1.257	1.731	1.943	2.544	27.625	25.4	23.2	20.663	19.3	0.212
2026-04-14 00:00:00	-91.5575	32.7911	0	25.26	27.175	51.396	101.525	1.85	15	3.657	183.9	0	0	6.825	1.752	0	0.246	0.275	0.322	0.311	0.229	-43.05	-16.4	-10.1	0.92	1.257	1.732	1.943	2.544	26.85	25.375	23.388	20.75	19.3	0.224
2026-04-14 01:00:00	-91.5575	32.7911	0	23.155	25.625	57.445	101.558	1.888	0	2.987	175.6	0	0	5.468	1.403	0	0.247	0.275	0.321	0.311	0.229	-44.525	-16.4	-10.1	0.913	1.257	1.729	1.944	2.542	25.925	25.15	23.5	20.75	19.3	NA
2026-04-14 02:00:00	-91.5575	32.7911	0	21.25	24.275	59.659	101.6	1.81	0	2.407	166.375	0	0	4.072	1.228	0	0.248	0.275	0.321	0.311	0.229	-46.075	-16.4	-10.1	0.905	1.253	1.729	1.948	2.54	24.988	24.85	23.55	20.762	19.3	NA
2026-04-14 03:00:00	-91.5575	32.7911	0	20.295	23.35	62.494	101.595	1.793	0	2.1	155.725	0	0	3.395	1.08	0	0.248	0.275	0.321	0.311	0.229	-47.425	-16.475	-10.1	0.897	1.25	1.727	1.95	2.542	24.175	24.45	23.525	20.838	19.3	NA
2026-04-14 04:00:00	-91.5575	32.7911	0	19.422	22.35	66.854	101.59	1.806	0	1.815	175.775	0	0	3.237	0.892	0	0.249	0.275	0.321	0.311	0.229	-48.5	-16.5	-10.1	0.891	1.249	1.725	1.951	2.548	23.488	24.05	23.475	20.85	19.3	NA
2026-04-14 05:00:00	-91.5575	32.7911	0	19.71	22.375	69.501	101.58	1.88	0	2.885	181.025	0	0	5.558	0.828	0	0.249	0.275	0.321	0.311	0.229	-49.4	-16.625	-10.1	0.884	1.247	1.723	1.95	2.545	22.95	23.65	23.362	20.912	19.3	NA
2026-04-14 06:00:00	-91.5575	32.7911	0	19.452	22.075	72.298	101.582	1.92	0	3.035	184.975	0	0	5.522	0.732	0	0.25	0.276	0.322	0.311	0.229	-50.075	-16.7	-10.1	0.883	1.246	1.719	1.947	2.542	22.55	23.3	23.225	20.95	19.375	NA
2026-04-14 07:00:00	-91.5575	32.7911	0	19.08	21.65	74.288	101.59	1.923	0	2.593	198.575	0	0	4.642	0.667	0	0.25	0.276	0.322	0.31	0.229	-50.55	-16.775	-10.1	0.879	1.245	1.718	1.947	2.541	22.2	23	23.087	20.975	19.4	NA
2026-04-14 08:00:00	-91.5575	32.7911	0	18.46	20.9	76.571	101.558	1.893	0	2.538	190.1	0	0	4.508	0.58	0	0.25	0.276	0.322	0.31	0.229	-51.125	-16.875	-10.1	0.876	1.243	1.718	1.948	2.542	21.9	22.725	22.95	21	19.4	NA
2026-04-14 09:00:00	-91.5575	32.7911	0	17.675	19.9	80.728	101.545	1.876	0	2.288	173.35	0	0	4.138	0.448	0	0.25	0.276	0.322	0.31	0.229	-51.625	-17	-10.1	0.872	1.243	1.716	1.946	2.542	21.5	22.475	22.812	21.05	19.4	NA
2026-04-14 10:00:00	-91.5575	32.7911	0	16.863	18.875	84.133	101.562	1.834	0	1.615	176.05	0	0	2.675	0.342	0	0.251	0.276	0.322	0.31	0.229	-52.3	-17.025	-10.1	0.869	1.24	1.715	1.948	2.544	21.137	22.2	22.663	21.05	19.4	NA
2026-04-14 11:00:00	-91.5575	32.7911	0	16.372	18.05	87.667	101.59	1.815	0.375	1.648	169.75	0	0	2.545	0.252	0	0.251	0.276	0.322	0.31	0.229	-52.95	-17.15	-10.1	0.865	1.239	1.712	1.946	2.544	20.738	21.925	22.525	21.05	19.4	NA
2026-04-14 12:00:00	-91.5575	32.7911	0	18.898	18.55	89.949	101.635	1.923	60.125	1.835	173.725	0	0	3.143	0.215	0	0.251	0.276	0.322	0.31	0.229	-53.225	-17.25	-10.1	0.863	1.236	1.712	1.948	2.545	20.462	21.675	22.363	21.05	19.4	0.202
2026-04-14 13:00:00	-91.5575	32.7911	0	22.505	20.25	88.514	101.672	2.102	175.1	3.542	188.025	0	0	6.44	0.272	0	0.251	0.277	0.322	0.31	0.229	-52.625	-17.325	-10.1	0.865	1.238	1.709	1.946	2.54	20.75	21.5	22.212	21.05	19.5	0.214
2026-04-14 14:00:00	-91.5575	32.7911	0	25.998	21.525	83.92	101.682	2.154	382.625	4.185	194.8	0	0	7.865	0.41	0	0.25	0.277	0.322	0.31	0.229	-51.3	-17.425	-10.1	0.871	1.236	1.709	1.946	2.54	21.613	21.55	22.062	21.05	19.5	0.212
2026-04-14 15:00:00	-91.5575	32.7911	0	29.91	23.475	74.063	101.678	2.14	556.275	4.648	193.475	0	0	8.297	0.748	0	0.249	0.276	0.322	0.31	0.229	-49.35	-17.5	-10.1	0.879	1.24	1.709	1.946	2.543	22.85	21.825	21.988	21.05	19.5	0.206
2026-04-14 16:00:00	-91.5575	32.7911	0	30.51	24.3	70.012	101.695	2.127	462.9	4.11	210.875	0	0	7.303	0.91	0	0.248	0.276	0.322	0.311	0.229	-47.625	-17.5	-10.1	0.887	1.243	1.711	1.946	2.54	24.062	22.3	21.925	21.038	19.5	0.206
2026-04-14 17:00:00	-91.5575	32.7911	0	37.755	26.1	63.746	101.645	2.154	807.35	3.585	209.75	0	0	6.902	1.23	0	0.247	0.276	0.322	0.311	0.228	-45.575	-17.375	-10.1	0.897	1.244	1.714	1.946	2.542	25.45	22.85	22.012	21	19.5	0.188
2026-04-14 18:00:00	-91.5575	32.7911	0	35.005	27.075	55.973	101.56	2.004	527.925	3.975	205.7	0	0	8.108	1.578	0	0.246	0.275	0.322	0.311	0.228	-43.4	-17.3	-10.1	0.905	1.247	1.718	1.945	2.545	27.137	23.6	22.15	20.962	19.5	0.195
2026-04-14 19:00:00	-91.5575	32.7911	0	35.502	28.1	50.415	101.502	1.916	553.125	4.15	191.05	0	0	7.475	1.883	0	0.245	0.275	0.322	0.311	0.228	-43	-17.175	-10.1	0.909	1.25	1.722	1.945	2.546	27.8	24.325	22.375	20.95	19.5	0.208
2026-04-14 20:00:00	-91.5575	32.7911	0	37.49	28.95	46.99	101.422	1.876	647.275	4.375	179.35	0	0	8.302	2.115	0	0.244	0.274	0.322	0.311	0.228	-42.45	-16.975	-10.1	0.912	1.252	1.725	1.944	2.54	28.512	24.9	22.638	20.95	19.55	0.209
2026-04-14 21:00:00	-91.5575	32.7911	0	36.618	29.65	43.647	101.368	1.815	605.675	4.51	182.85	0	0	8.72	2.345	0	0.244	0.274	0.322	0.311	0.228	-42.2	-16.875	-10.1	0.914	1.252	1.726	1.942	2.547	29.288	25.425	22.925	20.95	19.6	0.211
2026-04-14 22:00:00	-91.5575	32.7911	0	33.945	29.675	42.429	101.34	1.767	421.95	4.293	197.075	0	0	8.008	2.39	0	0.244	0.274	0.322	0.311	0.228	-42.65	-16.7	-10.1	0.912	1.253	1.73	1.945	2.547	29.438	25.925	23.188	20.95	19.6	0.211
2026-04-14 23:00:00	-91.5575	32.7911	0	29.34	28.925	42.734	101.325	1.704	204.15	4.093	188.625	0	0	7.45	2.288	0	0.244	0.274	0.322	0.311	0.228	-43.95	-16.6	-10.1	0.907	1.254	1.732	1.947	2.545	29.087	26.175	23.475	20.95	19.6	0.21
2026-04-15 00:00:00	-91.5575	32.7911	0	24.712	27.3	47.08	101.298	1.706	30.075	2.985	169.575	0	0	5.502	1.922	0	0.244	0.273	0.321	0.31	0.228	-46.35	-16.5	-10.1	0.899	1.251	1.734	1.947	2.543	28.075	26.175	23.725	20.95	19.6	0.199
2026-04-15 01:00:00	-91.5575	32.7911	0	21.37	24.6	56	101.322	1.731	0	1.378	162.975	0	0	2.145	1.362	0	0.245	0.273	0.321	0.31	0.228	-49	-16.4	-10.1	0.887	1.248	1.734	1.947	2.547	26.675	25.875	23.9	21.012	19.6	NA
2026-04-15 02:00:00	-91.5575	32.7911	0	19.925	23	62.325	101.355	1.751	0	1.4	142.725	0	0	2	1.058	0	0.246	0.274	0.321	0.31	0.228	-51.15	-16.4	-10.1	0.876	1.248	1.732	1.947	2.548	25.425	25.425	23.988	21.05	19.6	NA
2026-04-15 03:00:00	-91.5575	32.7911	0	19.565	22.375	64.724	101.365	1.751	0	1.518	154.2	0	0	2.485	0.955	0	0.247	0.274	0.321	0.31	0.228	-52.825	-16.5	-10.1	0.867	1.243	1.728	1.948	2.545	24.45	24.9	23.95	21.087	19.6	NA
2026-04-15 04:00:00	-91.5575	32.7911	0	19.447	22.2	65.69	101.382	1.758	0	1.77	155.025	0	0	3.075	0.917	0	0.248	0.274	0.321	0.31	0.228	-54.325	-16.6	-10.1	0.859	1.243	1.727	1.948	2.545	23.712	24.425	23.887	21.15	19.6	NA
2026-04-15 05:00:00	-91.5575	32.7911	0	19.04	21.775	67.942	101.36	1.772	0	2.195	168.875	0	0	4.095	0.84	0	0.248	0.275	0.321	0.31	0.228	-55.55	-16.675	-10.1	0.853	1.241	1.724	1.949	2.547	23.125	23.975	23.762	21.188	19.6	NA
2026-04-15 06:00:00	-91.5575	32.7911	0	18.788	21.225	71.864	101.358	1.812	0	2.37	180.675	0	0	4.472	0.71	0	0.248	0.275	0.321	0.31	0.228	-56.45	-16.775	-10.1	0.849	1.239	1.721	1.947	2.544	22.65	23.6	23.613	21.238	19.6	NA
2026-04-15 07:00:00	-91.5575	32.7911	0	18.567	20.85	74.936	101.362	1.846	0	2.215	184.725	0	0	3.918	0.613	0	0.249	0.275	0.321	0.31	0.228	-57.3	-16.9	-10.1	0.847	1.237	1.722	1.948	2.545	22.25	23.25	23.438	21.262	19.625	NA
2026-04-15 08:00:00	-91.5575	32.7911	0	18.545	20.4	77.995	101.38	1.869	0	1.992	183.75	0	0	3.678	0.522	0	0.249	0.275	0.321	0.31	0.228	-58	-17	-10.1	0.843	1.236	1.716	1.949	2.544	21.925	22.925	23.288	21.312	19.7	NA
2026-04-15 09:00:00	-91.5575	32.7911	0	17.23	19.125	83.389	101.355	1.846	0	1.842	172	0	0	3.255	0.365	0	0.249	0.275	0.322	0.31	0.228	-58.625	-17.125	-10.1	0.841	1.235	1.716	1.949	2.544	21.6	22.675	23.113	21.35	19.7	NA
2026-04-15 10:00:00	-91.5575	32.7911	0	16.375	17.975	88.234	101.38	1.818	0	1.555	160.325	0	0	2.29	0.245	0	0.249	0.275	0.322	0.31	0.228	-59.5	-17.225	-10.1	0.838	1.234	1.715	1.947	2.545	21.175	22.4	22.962	21.35	19.7	NA
2026-04-15 11:00:00	-91.5575	32.7911	0	16.012	17.5	90.754	101.405	1.815	0.35	1.968	150.775	0	0	3.18	0.182	0	0.25	0.276	0.322	0.31	0.228	-60.225	-17.325	-10.1	0.835	1.233	1.713	1.945	2.546	20.75	22.1	22.788	21.35	19.7	NA
2026-04-15 12:00:00	-91.5575	32.7911	0	17.415	17.925	91.239	101.428	1.875	85.85	2.585	155.775	0	0	4.128	0.18	0	0.25	0.276	0.322	0.31	0.228	-60.75	-17.4	-10.1	0.831	1.231	1.709	1.945	2.544	20.4	21.8	22.637	21.35	19.7	0.196
2026-04-15 13:00:00	-91.5575	32.7911	0	22.03	20.2	85.425	101.438	2.021	274.475	3.815	173.25	0	0	6.843	0.352	0	0.25	0.276	0.322	0.31	0.228	-60.35	-17.55	-10.1	0.831	1.227	1.708	1.945	2.544	20.575	21.625	22.45	21.35	19.7	0.215
2026-04-15 14:00:00	-91.5575	32.7911	0	27.202	22.925	69.937	101.428	1.952	505.175	4.43	179.325	0	0	8.268	0.85	0	0.249	0.276	0.322	0.31	0.228	-58.625	-17.6	-10.1	0.839	1.23	1.709	1.945	2.544	21.5	21.625	22.3	21.35	19.725	0.211
2026-04-15 15:00:00	-91.5575	32.7911	0	31.562	25.125	57.859	101.442	1.845	686.55	4.822	198.7	0	0	8.488	1.345	0	0.248	0.276	0.322	0.31	0.228	-55.775	-17.7	-10.1	0.847	1.234	1.709	1.946	2.543	23.012	21.95	22.188	21.35	19.8	0.206
2026-04-15 16:00:00	-91.5575	32.7911	0	35.347	26.275	50.876	101.432	1.737	774.075	4.702	199.85	0	0	9.04	1.678	0	0.246	0.275	0.322	0.31	0.228	-52.85	-17.7	-10.1	0.859	1.238	1.711	1.945	2.542	24.637	22.525	22.175	21.325	19.8	0.202
2026-04-15 17:00:00	-91.5575	32.7911	0	38.855	27.25	47.113	101.392	1.704	913.5	4.94	202.225	0	0	9.215	1.915	0	0.245	0.275	0.322	0.31	0.228	-49.45	-17.625	-10.1	0.871	1.24	1.713	1.942	2.543	26.613	23.3	22.238	21.3	19.8	0.188
2026-04-15 18:00:00	-91.5575	32.7911	0	40.142	28.2	44.074	101.353	1.685	902.575	4.555	199.675	0	0	8.225	2.135	0	0.244	0.274	0.322	0.31	0.228	-46.775	-17.5	-10.1	0.881	1.243	1.72	1.943	2.543	28.337	24.2	22.413	21.262	19.8	0.19
2026-04-15 19:00:00	-91.5575	32.7911	0	40.475	28.925	42.005	101.3	1.675	864.15	4.438	197.775	0	0	9.17	2.308	0	0.242	0.274	0.322	0.31	0.228	-45	-17.325	-10.1	0.889	1.247	1.722	1.941	2.548	29.75	25.125	22.7	21.25	19.8	0.208
2026-04-15 20:00:00	-91.5575	32.7911	0	39.543	29.625	39.751	101.245	1.651	749.375	4.715	194.625	0	0	9.085	2.505	0	0.241	0.273	0.322	0.31	0.228	-44.15	-17.125	-10.1	0.892	1.249	1.729	1.945	2.547	30.8	26	23.038	21.25	19.8	0.208
2026-04-15 21:00:00	-91.5575	32.7911	0	37.325	29.725	39.539	101.2	1.652	616.7	4.285	203.975	0	0	8.055	2.53	0	0.241	0.272	0.322	0.31	0.228	-45.125	-16.925	-10.1	0.891	1.253	1.733	1.944	2.548	30.9	26.625	23.4	21.225	19.8	0.212
2026-04-15 22:00:00	-91.5575	32.7911	0	30.927	29	41.065	101.165	1.645	228.675	4.018	200.975	0	0	7.785	2.36	0	0.241	0.272	0.321	0.31	0.228	-46.55	-16.7	-10.1	0.887	1.252	1.736	1.945	2.55	30.562	27.025	23.775	21.25	19.8	0.212
2026-04-15 23:00:00	-91.5575	32.7911	0	28.193	28.45	42.3	101.145	1.641	160.9	3.712	199.2	0	0	6.672	2.24	0	0.242	0.272	0.321	0.31	0.228	-49.5	-16.525	-10.1	0.876	1.25	1.738	1.946	2.55	29.413	27.075	24.125	21.25	19.8	0.21
2026-04-16 00:00:00	-91.5575	32.7911	0	24.598	27.25	44.922	101.142	1.624	32.875	2.505	183.725	0	0	5.278	2	0	0.243	0.272	0.321	0.31	0.228	-52.275	-16.5	-10.1	0.867	1.248	1.738	1.946	2.549	28.3	26.85	24.35	21.25	19.85	0.21
2026-04-16 01:00:00	-91.5575	32.7911	0	21.58	24.75	51.933	101.155	1.62	0	1.648	166.85	0	0	2.54	1.495	0	0.244	0.273	0.32	0.31	0.228	-55.35	-16.5	-10.1	0.856	1.246	1.737	1.946	2.544	26.95	26.45	24.488	21.337	19.9	NA
2026-04-16 02:00:00	-91.5575	32.7911	0	20.652	23.5	56.723	101.195	1.642	0	1.648	170.075	0	0	2.567	1.25	0	0.245	0.273	0.32	0.31	0.228	-57.975	-16.5	-10.1	0.847	1.244	1.735	1.946	2.548	25.787	25.95	24.55	21.363	19.9	NA
2026-04-16 03:00:00	-91.5575	32.7911	0	19.59	22.45	61.916	101.208	1.683	0	1.885	156.475	0	0	3.252	1.032	0	0.245	0.273	0.32	0.31	0.228	-59.925	-16.525	-10.1	0.838	1.242	1.731	1.949	2.548	24.85	25.4	24.5	21.438	19.9	NA
2026-04-16 04:00:00	-91.5575	32.7911	0	20.312	23.025	66.862	101.192	1.881	0	3.407	171.7	0	0	6.58	0.927	0	0.246	0.274	0.32	0.31	0.228	-61.125	-16.675	-10.1	0.831	1.237	1.728	1.949	2.546	24.125	24.9	24.387	21.488	19.9	NA
2026-04-16 05:00:00	-91.5575	32.7911	0	19.975	22.625	72.448	101.25	1.99	0	2.947	183.65	0	0	5.528	0.752	0	0.246	0.274	0.32	0.31	0.228	-61.85	-16.775	-10.1	0.826	1.236	1.728	1.95	2.545	23.663	24.45	24.25	21.538	19.9	NA
2026-04-16 06:00:00	-91.5575	32.7911	0	19.05	21.6	75.708	101.345	1.953	0	1.66	208.8	0	0	2.942	0.625	0	0.246	0.274	0.32	0.31	0.228	-62.45	-16.925	-10.1	0.825	1.234	1.725	1.95	2.548	23.225	24.125	24.087	21.6	19.9	NA
2026-04-16 07:00:00	-91.5575	32.7911	0	18.15	20.475	78.284	101.375	1.885	0	1.337	191.3	0	0	2.357	0.52	0	0.247	0.274	0.32	0.31	0.228	-63.25	-17.025	-10.1	0.821	1.233	1.724	1.95	2.548	22.775	23.75	23.9	21.625	19.9	NA
2026-04-16 08:00:00	-91.5575	32.7911	0	17.792	20.075	79.081	101.34	1.858	0	2.14	183.3	0	0	4.032	0.488	0	0.247	0.274	0.32	0.31	0.228	-63.9	-17.2	-10.1	0.817	1.23	1.723	1.949	2.543	22.275	23.45	23.75	21.662	19.9	NA
2026-04-16 09:00:00	-91.5575	32.7911	0	17.887	19.425	82.379	101.348	1.858	0	1.708	169.2	0	0	2.848	0.395	0	0.247	0.274	0.32	0.309	0.228	-64.475	-17.275	-10.1	0.813	1.229	1.72	1.95	2.544	21.913	23.1	23.575	21.7	19.9	NA
2026-04-16 10:00:00	-91.5575	32.7911	0	17.165	18.3	86.925	101.382	1.828	0	0.858	106.6	0	0	1.492	0.28	0	0.248	0.275	0.321	0.309	0.228	-65.025	-17.4	-10.1	0.81	1.228	1.718	1.95	2.547	21.55	22.8	23.413	21.7	19.975	NA
2026-04-16 11:00:00	-91.5575	32.7911	0	19.698	19.05	87.898	101.432	1.938	0	0.83	125.35	0	0	1.388	0.265	0	0.248	0.275	0.321	0.309	0.228	-65.25	-17.525	-10.1	0.808	1.227	1.715	1.949	2.546	21.338	22.525	23.238	21.738	20	NA
2026-04-16 12:00:00	-91.5575	32.7911	0	19.928	19.5	88.467	101.495	2.006	32.875	1.155	126.5	0	0	2.143	0.262	0	0.248	0.275	0.321	0.309	0.228	-65.075	-17.65	-10.1	0.81	1.227	1.712	1.947	2.545	21.412	22.35	23.05	21.75	20	0.217
