2026-01-22 01:00:00	-93.1632	30.8017	0.051	14.58	15.45	95.634	101.415	1.679	0	0.583	164.975	0	0	1.945	0.078	0	0.289	0.249	0.213	0.31	0.227	-15.95	-16.075	-10.35	0.474	0.611	1.086	0.683	0.808	14.238	13.8	12.95	13.575	15.3	NA
2026-01-22 02:00:00	-93.1632	30.8017	0.953	14.593	15.275	96.767	101.428	1.68	0	1.172	139.175	0	0	2.925	0.055	0.005	0.291	0.249	0.214	0.31	0.227	-13.55	-16.75	-11.3	0.476	0.615	1.088	0.686	0.807	14.2	13.8	12.988	13.525	15.3	NA
2026-01-22 03:00:00	-93.1632	30.8017	0.408	14.415	14.9	96.775	101.458	1.64	0	1.012	152.7	0	0	2.248	0.05	0.002	0.293	0.25	0.214	0.31	0.226	-11.675	-17.45	-12.35	0.475	0.622	1.089	0.686	0.808	14.2	13.8	13.05	13.5	15.275	NA
2026-01-22 04:00:00	-93.1632	30.8017	0.017	14.302	14.825	97.511	101.47	1.644	0	0.522	152.875	0	0	1.525	0.043	0	0.296	0.25	0.215	0.309	0.226	-6.5	-18.125	-13.55	0.474	0.627	1.09	0.675	0.811	14.15	13.8	13.062	13.5	15.2	NA
2026-01-22 05:00:00	-93.1632	30.8017	0	14.343	14.775	98.123	101.468	1.649	0	0.91	122.6	0	0	2.018	0.035	0	0.297	0.251	0.215	0.309	0.226	-2.25	-18.7	-14.6	0.474	0.634	1.091	0.668	0.811	14.1	13.8	13.137	13.5	15.2	NA
2026-01-22 06:00:00	-93.1632	30.8017	0	14.27	14.6	98.606	101.455	1.639	0	0.76	122.375	0	0	1.915	0.025	0	0.298	0.252	0.216	0.309	0.226	-1.3	-19.275	-15.55	0.47	0.641	1.093	0.663	0.81	14.1	13.825	13.15	13.5	15.2	NA
2026-01-22 07:00:00	-93.1632	30.8017	0	14.16	14.475	98.799	101.43	1.629	0	0.532	98.375	0	0	1.042	0.018	0	0.299	0.253	0.216	0.308	0.226	-0.625	-19.75	-16.4	0.466	0.644	1.095	0.661	0.81	14.1	13.9	13.238	13.525	15.2	NA
2026-01-22 08:00:00	-93.1632	30.8017	0	14.117	14.4	98.776	101.412	1.62	0	0.657	72.225	0	0	1.138	0.02	0	0.299	0.253	0.216	0.308	0.226	-0.5	-20.2	-17.125	0.463	0.65	1.096	0.659	0.81	14.1	13.9	13.25	13.55	15.2	NA
2026-01-22 09:00:00	-93.1632	30.8017	0	14.1	14.4	98.746	101.388	1.62	0	0.613	125.475	0	0	1.102	0.02	0	0.3	0.254	0.216	0.308	0.226	-0.5	-20.65	-17.775	0.46	0.653	1.097	0.659	0.811	14	13.9	13.312	13.55	15.2	NA
2026-01-22 10:00:00	-93.1632	30.8017	0	14.108	14.4	98.99	101.395	1.624	0	0.6	36.475	0	0	1.335	0.015	0	0.3	0.254	0.217	0.308	0.226	-0.5	-21.175	-18.225	0.459	0.655	1.1	0.654	0.812	14	13.9	13.35	13.6	15.2	NA
2026-01-22 11:00:00	-93.1632	30.8017	0	14.13	14.425	99.438	101.412	1.634	0	0.632	31.2	0	0	1.522	0.01	0	0.301	0.255	0.217	0.307	0.226	-0.5	-21.65	-18.7	0.458	0.658	1.1	0.653	0.813	14	13.9	13.35	13.625	15.2	NA
2026-01-22 12:00:00	-93.1632	30.8017	0.034	14.047	14.125	99.911	101.44	1.613	0	1.468	46.85	0	0	3.317	0	0	0.301	0.256	0.217	0.307	0.227	-0.5	-21.975	-19.25	0.456	0.658	1.101	0.653	0.811	14	13.9	13.412	13.65	15.2	NA
2026-01-22 13:00:00	-93.1632	30.8017	0	13.703	13.425	99.919	101.475	1.539	3.975	1.075	32.575	0	0	2.947	0	0	0.301	0.257	0.217	0.307	0.227	-0.5	-22.325	-19.775	0.455	0.658	1.102	0.652	0.811	14	13.9	13.45	13.675	15.2	NA
2026-01-22 14:00:00	-93.1632	30.8017	0	13.887	12.9	99.798	101.498	1.485	44.75	1.41	59.975	0	0	4.037	0	0	0.301	0.258	0.217	0.307	0.227	-0.5	-22.625	-20.25	0.454	0.661	1.106	0.651	0.811	13.95	13.9	13.45	13.725	15.2	0.39
2026-01-22 15:00:00	-93.1632	30.8017	0	14.49	12.65	99.972	101.5	1.465	101.275	1.708	53.225	0	0	4.225	0	0	0.301	0.259	0.217	0.306	0.227	-0.5	-22.975	-20.65	0.454	0.664	1.106	0.65	0.811	14.05	13.9	13.488	13.75	15.2	0.4
2026-01-22 16:00:00	-93.1632	30.8017	0	14.608	12.475	99.896	101.575	1.446	102.425	1.433	54.05	0	0	3.663	0	0	0.301	0.26	0.217	0.306	0.227	-0.5	-23.225	-21.05	0.453	0.663	1.106	0.651	0.811	14.238	13.975	13.525	13.75	15.2	0.433
2026-01-22 17:00:00	-93.1632	30.8017	0	16.052	12.775	99.757	101.537	1.473	204.75	1.53	52.875	0	0	4	0	0	0.301	0.26	0.217	0.306	0.227	-0.5	-23.5	-21.425	0.454	0.665	1.107	0.647	0.811	14.463	14.075	13.55	13.788	15.2	0.446
2026-01-22 18:00:00	-93.1632	30.8017	0	16.85	13.4	99.805	101.48	1.536	208.7	1.402	52.2	0	0	3.23	0	0	0.301	0.26	0.217	0.306	0.227	-0.5	-23.725	-21.725	0.454	0.667	1.111	0.646	0.811	14.963	14.275	13.575	13.85	15.2	0.455
2026-01-22 19:00:00	-93.1632	30.8017	0	16.938	13.75	99.811	101.395	1.571	192.225	1.565	91.8	0	0	3.322	0	0	0.3	0.261	0.218	0.306	0.227	-0.5	-23.95	-22.075	0.451	0.669	1.11	0.647	0.808	15.488	14.55	13.65	13.85	15.225	0.462
2026-01-22 20:00:00	-93.1632	30.8017	0	17.477	13.9	99.926	101.318	1.588	228.15	1.748	72.275	0	0	3.66	0	0	0.3	0.261	0.218	0.305	0.227	-0.5	-24.175	-22.325	0.451	0.669	1.113	0.646	0.806	15.762	14.825	13.75	13.863	15.3	0.461
2026-01-22 21:00:00	-93.1632	30.8017	0	16.645	14.1	100	101.298	1.611	125.075	1.515	76.975	0	0	3.657	0	0	0.3	0.261	0.218	0.305	0.227	-0.5	-24.375	-22.6	0.448	0.667	1.115	0.645	0.804	16.038	15.075	13.863	13.912	15.3	0.463
2026-01-22 22:00:00	-93.1632	30.8017	0	15.505	13.875	99.625	101.308	1.58	49.325	1.087	104.05	0	0	2.31	0	0	0.3	0.262	0.218	0.305	0.227	-0.5	-24.575	-22.9	0.445	0.664	1.114	0.644	0.802	15.95	15.25	13.988	13.95	15.3	0.472
2026-01-22 23:00:00	-93.1632	30.8017	0	14.6	13.475	99.801	101.335	1.542	4.425	0.82	30.675	0	0	1.718	0	0	0.3	0.263	0.218	0.305	0.227	-0.5	-24.75	-23.15	0.442	0.664	1.117	0.644	0.8	15.613	15.3	14.112	13.95	15.3	0.456
2026-01-23 00:00:00	-93.1632	30.8017	0	14.098	13.125	99.744	101.362	1.507	0	1.133	93.575	0	0	2.415	0	0	0.301	0.263	0.218	0.305	0.227	-0.5	-24.975	-23.45	0.441	0.663	1.117	0.643	0.8	15.262	15.2	14.212	14	15.3	NA
2026-01-23 01:00:00	-93.1632	30.8017	0	13.74	12.825	99.904	101.39	1.48	0	1.812	81.5	0	0	3.67	0	0	0.301	0.264	0.218	0.305	0.227	-0.5	-25.2	-23.725	0.44	0.661	1.118	0.643	0.799	14.963	15.075	14.275	14.05	15.3	NA
2026-01-23 02:00:00	-93.1632	30.8017	0	12.965	12.475	99.558	101.412	1.441	0	1.48	79.175	0	0	2.852	0.005	0	0.301	0.265	0.219	0.304	0.227	-0.5	-25.375	-23.975	0.438	0.66	1.119	0.643	0.798	14.675	14.95	14.35	14.05	15.3	NA
2026-01-23 03:00:00	-93.1632	30.8017	0	13.17	12.325	99.712	101.42	1.43	0	1.975	96.7	0	0	4.358	0.002	0	0.302	0.265	0.219	0.304	0.227	-0.5	-25.55	-24.15	0.438	0.659	1.118	0.641	0.796	14.35	14.75	14.35	14.137	15.3	NA
2026-01-23 04:00:00	-93.1632	30.8017	0	13.115	12.15	99.909	101.408	1.415	0	1.378	96.075	0	0	3.275	0	0	0.302	0.266	0.219	0.304	0.227	-0.5	-25.775	-24.375	0.436	0.657	1.116	0.641	0.796	14.175	14.625	14.35	14.15	15.3	NA
2026-01-23 05:00:00	-93.1632	30.8017	0	13.092	12.15	99.926	101.4	1.416	0	1.042	79.125	0	0	2.368	0	0	0.302	0.267	0.219	0.304	0.227	-0.5	-26	-24.6	0.436	0.655	1.118	0.641	0.798	14.038	14.475	14.312	14.2	15.3	NA
2026-01-23 06:00:00	-93.1632	30.8017	0	12.965	12.1	99.848	101.345	1.41	0	1.438	84.7	0	0	2.795	0	0	0.302	0.267	0.219	0.304	0.227	-0.475	-26.175	-24.8	0.435	0.655	1.117	0.641	0.798	13.95	14.375	14.262	14.25	15.35	NA
2026-01-23 07:00:00	-93.1632	30.8017	0	12.878	12	99.835	101.308	1.4	0	1.35	78.55	0	0	2.89	0	0	0.302	0.268	0.219	0.304	0.227	-0.4	-26.375	-25	0.435	0.654	1.117	0.639	0.796	13.838	14.275	14.25	14.25	15.4	NA
2026-01-23 08:00:00	-93.1632	30.8017	0	12.815	11.925	99.87	101.31	1.394	0	1.275	106.95	0	0	2.592	0	0	0.302	0.268	0.219	0.303	0.227	-0.4	-26.475	-25.275	0.433	0.655	1.117	0.639	0.796	13.75	14.2	14.212	14.312	15.4	NA
2026-01-23 09:00:00	-93.1632	30.8017	0	12.75	11.875	99.838	101.312	1.39	0	1.102	106.8	0	0	2.212	0	0	0.302	0.269	0.219	0.303	0.227	-0.4	-26.675	-25.5	0.433	0.655	1.118	0.638	0.796	13.675	14.1	14.162	14.35	15.4	NA
2026-01-23 10:00:00	-93.1632	30.8017	0	12.727	11.8	99.828	101.325	1.383	0	1.03	99.75	0	0	2.02	0	0	0.302	0.269	0.219	0.303	0.227	-0.4	-26.85	-25.725	0.432	0.652	1.119	0.638	0.796	13.6	14.05	14.15	14.35	15.4	NA
2026-01-23 11:00:00	-93.1632	30.8017	0	12.645	11.75	99.812	101.35	1.378	0	1.14	62.825	0	0	2.698	0	0	0.302	0.27	0.219	0.303	0.227	-0.4	-26.95	-25.975	0.432	0.653	1.117	0.637	0.795	13.525	14	14.1	14.35	15.4	NA
2026-01-23 12:00:00	-93.1632	30.8017	0	12.547	11.7	99.668	101.417	1.37	0	1.332	68.725	0	0	3.308	0	0	0.303	0.27	0.219	0.303	0.227	-0.4	-27.125	-26.1	0.43	0.653	1.116	0.636	0.796	13.475	13.9	14.062	14.425	15.4	NA
2026-01-23 13:00:00	-93.1632	30.8017	0	12.567	11.7	99.741	101.52	1.372	1.075	1.178	64.675	0	0	3.12	0	0	0.303	0.27	0.219	0.303	0.227	-0.4	-27.25	-26.375	0.43	0.651	1.118	0.635	0.796	13.412	13.875	14.038	14.45	15.4	NA
2026-01-23 14:00:00	-93.1632	30.8017	0	12.822	11.75	99.903	101.575	1.38	19.125	1.607	71.575	0	0	4.85	0	0	0.303	0.271	0.219	0.302	0.227	-0.4	-27.35	-26.575	0.43	0.651	1.119	0.633	0.793	13.4	13.8	14	14.45	15.425	0.49
2026-01-23 15:00:00	-93.1632	30.8017	0	13.425	11.875	99.798	101.6	1.388	69.675	2.672	80.4	0	0	5.787	0	0	0.303	0.271	0.219	0.302	0.227	-0.4	-27.5	-26.725	0.43	0.651	1.119	0.635	0.792	13.45	13.8	13.962	14.45	15.5	0.472
2026-01-23 16:00:00	-93.1632	30.8017	0	14.39	12.35	99.889	101.648	1.435	123.7	2.785	83.45	0	0	6.123	0	0	0.302	0.271	0.219	0.302	0.227	-0.4	-27.55	-26.95	0.432	0.652	1.12	0.633	0.791	13.713	13.8	13.95	14.45	15.5	0.462
2026-01-23 17:00:00	-93.1632	30.8017	0	15.455	13.05	99.894	101.63	1.502	181.025	2.473	85.975	0	0	5.392	0	0	0.302	0.272	0.219	0.302	0.227	-0.4	-27.675	-27.1	0.432	0.653	1.119	0.634	0.792	14.075	13.95	13.95	14.45	15.5	0.462
2026-01-23 18:00:00	-93.1632	30.8017	0	17.925	14.55	98.266	101.518	1.629	341.7	2.795	94.075	0	0	5.495	0.025	0	0.301	0.271	0.219	0.302	0.227	-0.4	-27.8	-27.3	0.434	0.654	1.123	0.633	0.791	14.662	14.125	13.95	14.45	15.5	0.448
2026-01-23 19:00:00	-93.1632	30.8017	0	19.055	16	92.213	101.355	1.676	328.85	2.803	84.7	0	0	5.77	0.14	0	0.3	0.271	0.219	0.302	0.227	-0.4	-27.8	-27.425	0.438	0.656	1.125	0.633	0.787	15.6	14.5	13.95	14.45	15.5	0.438
2026-01-23 20:00:00	-93.1632	30.8017	0	18.555	16.55	86.542	101.308	1.63	229.175	2.658	88.525	0	0	5.558	0.25	0	0.3	0.27	0.219	0.302	0.227	-0.4	-27.85	-27.625	0.432	0.657	1.127	0.633	0.786	16.337	14.975	14.05	14.45	15.5	0.437
2026-01-23 21:00:00	-93.1632	30.8017	0	16.613	15.85	85.898	101.322	1.547	89.35	2.385	83.025	0	0	4.728	0.25	0	0.3	0.27	0.219	0.302	0.227	-0.4	-27.9	-27.825	0.428	0.656	1.128	0.631	0.784	16.375	15.35	14.188	14.5	15.5	0.442
2026-01-23 22:00:00	-93.1632	30.8017	0	15.593	15.175	87.422	101.352	1.508	41.8	2.495	81.625	0	0	5.2	0.218	0	0.3	0.27	0.219	0.301	0.227	-0.5	-27.95	-28	0.424	0.654	1.132	0.63	0.786	16.05	15.5	14.325	14.5	15.5	0.444
2026-01-23 23:00:00	-93.1632	30.8017	0	14.25	14	88.861	101.352	1.421	14.95	2.71	74.85	0	0	6.662	0.178	0	0.3	0.27	0.22	0.301	0.227	-0.5	-28.05	-28.2	0.421	0.652	1.134	0.63	0.786	15.662	15.475	14.475	14.512	15.55	0.447
2026-01-24 00:00:00	-93.1632	30.8017	0	13.57	13.625	87.572	101.418	1.366	0	2.425	79.55	0	0	5.66	0.192	0	0.301	0.271	0.22	0.301	0.227	-0.5	-28.1	-28.425	0.419	0.651	1.133	0.629	0.785	15.175	15.35	14.575	14.55	15.6	NA
2026-01-24 01:00:00	-93.1632	30.8017	0	13.018	12.975	88.302	101.468	1.32	0	2.945	79.475	0	0	6.285	0.172	0	0.301	0.271	0.22	0.301	0.227	-0.5	-28.1	-28.55	0.417	0.648	1.13	0.629	0.786	14.738	15.15	14.65	14.55	15.6	NA
2026-01-24 02:00:00	-93.1632	30.8017	0	12.205	11.775	89.442	101.52	1.236	0	3.342	83.025	0	0	6.412	0.145	0	0.301	0.271	0.22	0.301	0.227	-0.5	-28.25	-28.775	0.414	0.646	1.129	0.629	0.784	14.3	14.95	14.65	14.55	15.6	NA
2026-01-24 03:00:00	-93.1632	30.8017	0	11.19	10.275	89.989	101.535	1.126	0	2.872	68.65	0	0	5.985	0.125	0	0.302	0.272	0.22	0.301	0.227	-0.5	-28.375	-28.9	0.412	0.643	1.13	0.629	0.782	13.812	14.7	14.65	14.637	15.6	NA
2026-01-24 04:00:00	-93.1632	30.8017	0	10.225	8.825	90.434	101.535	1.026	0	2.415	79.825	0	0	5.328	0.11	0	0.302	0.272	0.22	0.301	0.227	-0.5	-28.425	-29.075	0.409	0.641	1.13	0.628	0.783	13.287	14.4	14.612	14.65	15.6	NA
2026-01-24 05:00:00	-93.1632	30.8017	0	9.528	8.15	88.525	101.478	0.96	0	2.48	85.35	0	0	5.028	0.12	0	0.302	0.272	0.22	0.301	0.227	-0.5	-28.575	-29.225	0.406	0.639	1.125	0.627	0.782	12.713	14.075	14.538	14.65	15.6	NA
2026-01-24 06:00:00	-93.1632	30.8017	0	9.165	7.65	87.996	101.383	0.922	0	2.41	90.575	0	0	4.68	0.122	0	0.303	0.273	0.22	0.3	0.227	-0.525	-28.725	-29.35	0.404	0.638	1.126	0.626	0.78	12.2	13.75	14.438	14.675	15.6	NA
2026-01-24 07:00:00	-93.1632	30.8017	0	8.965	7.4	87.112	101.287	0.897	0	2.422	85.875	0	0	4.865	0.135	0	0.303	0.273	0.22	0.3	0.227	-0.6	-28.75	-29.525	0.402	0.635	1.124	0.625	0.779	11.75	13.4	14.325	14.75	15.6	NA
2026-01-24 08:00:00	-93.1632	30.8017	0	8.715	7.05	85.812	101.303	0.863	0	1.842	66.125	0	0	4.26	0.143	0	0.303	0.274	0.22	0.3	0.227	-0.6	-28.85	-29.675	0.401	0.635	1.123	0.623	0.78	11.438	13.075	14.175	14.75	15.6	NA
2026-01-24 09:00:00	-93.1632	30.8017	0	8.337	6.725	83.941	101.272	0.825	0	1.87	70.175	0	0	4.098	0.16	0	0.303	0.274	0.22	0.3	0.227	-0.6	-28.975	-29.9	0.4	0.633	1.122	0.623	0.78	11.163	12.8	14.05	14.75	15.6	NA
2026-01-24 10:00:00	-93.1632	30.8017	0	7.872	6.275	82.249	101.278	0.784	0	1.875	67.525	0	0	4.705	0.168	0	0.304	0.274	0.22	0.3	0.227	-0.65	-29.075	-29.975	0.397	0.631	1.122	0.624	0.78	10.85	12.55	13.9	14.75	15.7	NA
2026-01-24 11:00:00	-93.1632	30.8017	0	7.07	5.5	81.919	101.245	0.74	0	2.452	68.45	0	0	5.47	0.162	0	0.304	0.274	0.22	0.3	0.227	-0.7	-29.075	-30.175	0.395	0.63	1.12	0.624	0.781	10.5	12.275	13.75	14.75	15.7	NA
2026-01-24 12:00:00	-93.1632	30.8017	0	6.57	5	81.707	101.19	0.713	0	2.81	77.425	0	0	5.758	0.16	0	0.304	0.275	0.22	0.3	0.227	-0.75	-29.1	-30.4	0.392	0.629	1.12	0.624	0.779	10.037	12	13.587	14.75	15.7	NA
2026-01-24 13:00:00	-93.1632	30.8017	0	6.528	4.9	81.963	101.22	0.71	1.975	2.322	77.075	0	0	5.503	0.158	0	0.304	0.275	0.22	0.3	0.227	-0.8	-29.2	-30.6	0.391	0.627	1.118	0.623	0.778	9.637	11.675	13.438	14.75	15.7	NA
2026-01-24 14:00:00	-93.1632	30.8017	0	6.455	4.925	82.252	101.278	0.714	2.075	2.315	79.3	0	0	4.9	0.152	0	0.304	0.275	0.22	0.3	0.227	-0.875	-29.375	-30.725	0.389	0.624	1.116	0.622	0.78	9.363	11.4	13.275	14.738	15.7	NA
2026-01-24 15:00:00	-93.1632	30.8017	4.171	6.072	3.775	90.63	101.265	0.725	8.925	2.152	77.05	0	0	5.098	0.075	0.009	0.305	0.278	0.221	0.299	0.227	-0.8	-29.375	-30.925	0.397	0.625	1.114	0.622	0.782	9.137	11.125	13.075	14.7	15.7	0.488
2026-01-24 16:00:00	-93.1632	30.8017	3.064	6.33	3.225	95.951	101.15	0.739	51.05	2.765	79.1	0	0	6.86	0.032	0.003	0.306	0.278	0.221	0.299	0.227	-0.55	-29.425	-31.125	0.405	0.626	1.112	0.62	0.782	8.925	10.9	12.912	14.662	15.7	0.448
2026-01-24 17:00:00	-93.1632	30.8017	0.986	6.46	2.925	98.146	101.22	0.74	35.525	1.33	39.95	0	0	3.168	0.015	0.003	0.308	0.278	0.221	0.299	0.227	-0.3	-29.5	-31.25	0.408	0.627	1.11	0.621	0.782	8.85	10.7	12.738	14.65	15.7	0.466
2026-01-24 18:00:00	-93.1632	30.8017	0.034	6.867	2.375	99.826	101.16	0.724	114.15	1.67	43.475	0	0	4.345	0	0	0.309	0.279	0.221	0.299	0.227	-0.2	-29.575	-31.425	0.412	0.63	1.111	0.618	0.781	8.875	10.55	12.588	14.6	15.7	0.45
2026-01-24 19:00:00	-93.1632	30.8017	0	6.482	1.825	99.3	101.082	0.692	92.975	1.878	51.45	0	0	4.797	0.005	0	0.31	0.28	0.221	0.299	0.227	-0.2	-29.625	-31.6	0.411	0.634	1.113	0.618	0.783	8.938	10.475	12.412	14.562	15.7	0.462
2026-01-24 20:00:00	-93.1632	30.8017	0	5.985	1.575	98.544	100.96	0.675	72.625	2.067	61.875	0	0	5.518	0.01	0	0.311	0.28	0.221	0.299	0.227	-0.2	-29.7	-31.725	0.408	0.637	1.115	0.616	0.782	8.825	10.4	12.288	14.5	15.7	0.472
2026-01-24 21:00:00	-93.1632	30.8017	1.6	5.46	1.45	98.765	100.85	0.67	45.7	2.07	61.575	0	0	5.465	0.01	0.004	0.311	0.281	0.221	0.299	0.227	-0.2	-29.725	-31.9	0.405	0.641	1.115	0.616	0.783	8.613	10.25	12.15	14.488	15.7	0.473
2026-01-24 22:00:00	-93.1632	30.8017	1.175	4.862	1.2	99.025	100.828	0.66	12.075	1.648	61.1	0	0	4.487	0.005	0.004	0.313	0.282	0.221	0.298	0.227	-0.2	-29.8	-32.025	0.404	0.643	1.113	0.615	0.782	8.287	10.1	12.05	14.412	15.7	0.483
2026-01-24 23:00:00	-93.1632	30.8017	3.945	4.47	0.975	99.575	100.815	0.653	0.325	1.24	56.5	0	0	3.91	0	0.003	0.315	0.284	0.221	0.298	0.227	-0.2	-29.8	-32.275	0.402	0.645	1.114	0.615	0.783	7.862	9.875	11.912	14.388	15.7	NA
2026-01-25 00:00:00	-93.1632	30.8017	1.783	4.412	0.85	99.825	100.762	0.649	0	1.715	62.05	3	0.25	4.205	0	0.001	0.317	0.285	0.221	0.298	0.227	-0.2	-29.875	-32.35	0.4	0.647	1.114	0.615	0.782	7.55	9.6	11.8	14.3	15.7	NA
2026-01-25 01:00:00	-93.1632	30.8017	0.272	4.305	0.925	99.554	100.713	0.65	0	1.745	64.925	0	0	3.955	0.002	0	0.317	0.286	0.221	0.298	0.227	-0.2	-29.9	-32.6	0.398	0.652	1.109	0.614	0.783	7.312	9.35	11.662	14.275	15.7	NA
2026-01-25 02:00:00	-93.1632	30.8017	0.017	4.318	1.05	99.624	100.718	0.657	0	1.215	55.225	0	0	3.26	0	0	0.318	0.287	0.222	0.298	0.227	-0.2	-29.9	-32.7	0.395	0.656	1.112	0.613	0.784	7.125	9.15	11.5	14.2	15.7	NA
2026-01-25 03:00:00	-93.1632	30.8017	0.408	4.197	1.1	99.805	100.688	0.661	0	1.21	44.575	0	0	2.958	0	0	0.318	0.289	0.221	0.298	0.227	-0.2	-29.95	-32.8	0.392	0.659	1.111	0.612	0.783	7.037	8.95	11.338	14.15	15.7	NA
2026-01-25 04:00:00	-93.1632	30.8017	0.017	4.075	1.075	99.785	100.625	0.661	0	1.342	54.575	0	0	3.49	0	0	0.318	0.29	0.222	0.298	0.227	-0.2	-29.9	-33.025	0.392	0.66	1.108	0.612	0.784	6.9	8.8	11.188	14.1	15.7	NA
2026-01-25 05:00:00	-93.1632	30.8017	0.017	3.993	1.125	99.637	100.565	0.66	0	1.252	38.7	0	0	3.052	0	0	0.319	0.292	0.222	0.298	0.227	-0.2	-29.875	-33.15	0.391	0.661	1.11	0.612	0.782	6.775	8.65	11.025	14.025	15.7	NA
2026-01-25 06:00:00	-93.1632	30.8017	0.068	3.85	1	100	100.525	0.659	0	1.215	25.075	0	0	3.48	0	0	0.319	0.293	0.222	0.298	0.227	-0.2	-29.675	-33.375	0.39	0.661	1.11	0.611	0.783	6.688	8.525	10.9	13.988	15.7	NA
2026-01-25 07:00:00	-93.1632	30.8017	0.936	3.802	1	100	100.528	0.659	0	1.165	12.875	0	0	3.29	0	0.004	0.319	0.294	0.221	0.298	0.227	-0.2	-29.375	-33.425	0.388	0.66	1.111	0.609	0.781	6.562	8.375	10.762	13.9	15.7	NA
2026-01-25 08:00:00	-93.1632	30.8017	1.992	3.458	0.825	99.973	100.532	0.649	0	1.63	262.375	5	0.25	4.7	0	0.011	0.32	0.296	0.221	0.298	0.227	-0.2	-29.225	-33.6	0.386	0.659	1.111	0.61	0.782	6.45	8.25	10.612	13.85	15.7	NA
2026-01-25 09:00:00	-93.1632	30.8017	0.204	2.575	-0.15	99.793	100.498	0.603	0	1.933	236.267	7.75	0.25	5.29	0	0.004	0.32	0.298	0.222	0.297	0.227	-0.2	-28.925	-33.8	0.382	0.658	1.109	0.61	0.78	6.2	8.1	10.488	13.788	15.7	NA
2026-01-25 10:00:00	-93.1632	30.8017	1.004	1.185	-0.75	99.805	100.6	0.578	0	2.078	352.925	16.5	0.75	5.185	0	0.005	0.322	0.299	0.221	0.297	0.227	-0.2	-28.55	-33.95	0.375	0.656	1.113	0.607	0.776	5.7	7.9	10.375	13.712	15.7	NA
2026-01-25 11:00:00	-93.1632	30.8017	12.073	1.692	-0.475	99.186	100.578	0.586	0	1.682	129.2	7	4.25	4.583	0.005	0.008	0.323	0.3	0.221	0.297	0.227	-0.2	-28.175	-34.175	0.374	0.654	1.115	0.607	0.776	5.162	7.55	10.225	13.637	15.7	NA
2026-01-25 12:00:00	-93.1632	30.8017	4.455	2.485	-0.15	99.918	100.65	0.605	0	1.163	178.85	6.75	1.25	3.138	0	0.002	0.323	0.302	0.221	0.297	0.227	-0.2	-27.725	-34.225	0.372	0.659	1.112	0.606	0.776	5	7.275	10.075	13.588	15.675	NA
2026-01-25 13:00:00	-93.1632	30.8017	8.306	2.448	-0.05	99.935	100.79	0.61	0	1.728	330.925	6.75	0.25	4.457	0	0.002	0.324	0.303	0.221	0.297	0.227	-0.2	-27.25	-34.45	0.371	0.661	1.112	0.604	0.775	5	7.125	9.888	13.512	15.6	NA
2026-01-25 14:00:00	-93.1632	30.8017	2.229	2.743	0.025	99.688	100.825	0.61	15.325	1.78	334.4	0	0	4.975	0	0.001	0.323	0.304	0.221	0.297	0.227	-0.2	-26.65	-34.6	0.37	0.662	1.112	0.605	0.775	5.013	7	9.725	13.438	15.6	0.417
2026-01-25 15:00:00	-93.1632	30.8017	1.293	3.498	-0.025	99.861	100.993	0.609	95.65	2.047	340.025	0	0	4.935	0	0.002	0.323	0.306	0.222	0.297	0.227	-0.2	-26	-34.75	0.37	0.665	1.111	0.606	0.773	5.15	6.9	9.55	13.363	15.6	0.416
2026-01-25 16:00:00	-93.1632	30.8017	0.408	3.958	-0.1	99.886	101.03	0.606	123.225	2.288	335.725	0	0	5.922	0	0.001	0.323	0.307	0.222	0.297	0.227	-0.2	-25.15	-34.975	0.37	0.666	1.109	0.604	0.772	5.487	6.925	9.412	13.287	15.6	0.408
2026-01-25 17:00:00	-93.1632	30.8017	0.51	4.605	-0.15	99.96	101.095	0.605	174.675	2.223	342.325	0	0	6.38	0	0.002	0.322	0.308	0.222	0.297	0.227	-0.2	-24.1	-35.075	0.371	0.668	1.111	0.602	0.772	5.812	7	9.312	13.213	15.6	0.412
2026-01-25 18:00:00	-93.1632	30.8017	0.34	5.182	0.075	99.929	101.078	0.615	206.475	2.378	348.2	0	0	6.797	0	0.001	0.322	0.308	0.222	0.296	0.227	-0.2	-22.9	-35.15	0.37	0.668	1.112	0.605	0.772	6.225	7.15	9.238	13.137	15.55	0.428
2026-01-25 19:00:00	-93.1632	30.8017	0.085	4.965	0.075	99.875	101.048	0.615	176.975	2.263	349.075	0	0	6.377	0	0	0.322	0.309	0.222	0.296	0.227	-0.2	-21.625	-35.375	0.366	0.669	1.118	0.603	0.772	6.45	7.325	9.15	13.062	15.5	0.425
2026-01-25 20:00:00	-93.1632	30.8017	0.051	4.832	0.225	99.899	101.062	0.621	136.425	2.002	263.05	0	0	5.395	0	0	0.321	0.31	0.222	0.296	0.227	-0.2	-20.175	-35.5	0.366	0.668	1.121	0.603	0.772	6.625	7.45	9.15	12.988	15.5	0.407
2026-01-25 21:00:00	-93.1632	30.8017	0.238	3.81	-0.025	99.809	101.115	0.609	77.025	2.215	342.925	0	0	6.48	0	0	0.321	0.31	0.222	0.296	0.227	-0.2	-19.125	-35.675	0.362	0.666	1.122	0.601	0.771	6.575	7.5	9.15	12.912	15.5	0.374
2026-01-25 22:00:00	-93.1632	30.8017	0	3.015	-0.525	98.957	101.195	0.582	43.975	1.98	255.65	0	0	5.252	0.007	0	0.321	0.31	0.222	0.296	0.227	-0.2	-18.175	-35.85	0.358	0.662	1.122	0.603	0.77	6.275	7.5	9.15	12.85	15.5	0.421
2026-01-25 23:00:00	-93.1632	30.8017	0	1.962	-1.15	98.293	101.315	0.552	5.15	2.107	259.8	0	0	5.858	0.01	0	0.321	0.311	0.222	0.296	0.227	-0.2	-17.3	-35.925	0.354	0.658	1.122	0.6	0.772	5.875	7.425	9.112	12.762	15.4	0.477
2026-01-26 00:00:00	-93.1632	30.8017	0	1.105	-1.875	97.722	101.44	0.52	0	2.115	93.6	0	0	5.715	0.01	0	0.322	0.311	0.222	0.296	0.227	-0.1	-16.575	-36.125	0.35	0.655	1.124	0.599	0.772	5.387	7.2	9.088	12.713	15.4	NA
2026-01-26 01:00:00	-93.1632	30.8017	0	0.462	-2.7	97.752	101.57	0.49	0	2.157	171.6	0	0	5.68	0.01	0	0.322	0.312	0.222	0.296	0.227	-0.1	-15.975	-36.325	0.347	0.648	1.124	0.6	0.769	4.838	6.95	9.038	12.65	15.4	NA
2026-01-26 02:00:00	-93.1632	30.8017	0	0.045	-3.25	97.224	101.695	0.467	0	2.072	339.2	0	0	6.475	0.013	0	0.322	0.312	0.223	0.296	0.227	-0.1	-15.45	-36.775	0.345	0.645	1.123	0.599	0.77	4.412	6.675	8.938	12.588	15.375	NA
2026-01-26 03:00:00	-93.1632	30.8017	0	-0.532	-3.85	97.132	101.84	0.446	0	2.085	343.7	0	0	6.195	0.013	0	0.322	0.312	0.223	0.296	0.227	-0.1	-15.025	-37.175	0.342	0.643	1.123	0.598	0.768	4.013	6.375	8.825	12.55	15.3	NA
2026-01-26 04:00:00	-93.1632	30.8017	0	-0.782	-4.25	96.461	101.928	0.43	0	1.633	344.067	0	0	4.877	0.015	0	0.322	0.312	0.223	0.296	0.227	-0.1	-14.725	-37.275	0.341	0.641	1.123	0.599	0.766	3.688	6.075	8.7	12.475	15.3	NA
2026-01-26 05:00:00	-93.1632	30.8017	0	-1.102	-4.65	95.663	101.975	0.414	0	1.435	173.475	0	0	4.963	0.02	0	0.322	0.313	0.223	0.296	0.226	-0.1	-14.475	-37.5	0.34	0.639	1.122	0.597	0.766	3.425	5.825	8.55	12.45	15.3	NA
2026-01-26 06:00:00	-93.1632	30.8017	0	-1.13	-4.6	96.742	102.05	0.42	0	1.405	178.15	0	0	4.622	0.013	0	0.322	0.313	0.224	0.296	0.226	-0.1	-14.25	-37.6	0.339	0.637	1.121	0.598	0.767	3.213	5.6	8.388	12.35	15.25	NA
2026-01-26 07:00:00	-93.1632	30.8017	0	-1.07	-4.4	96.307	102.062	0.424	0	1.383	26.425	0	0	5.305	0.018	0	0.323	0.313	0.224	0.296	0.226	-0.1	-14.1	-37.675	0.338	0.634	1.121	0.597	0.766	3.05	5.35	8.238	12.325	15.2	NA
2026-01-26 08:00:00	-93.1632	30.8017	0	-1.948	-4.2	94.075	102.045	0.421	0	1.038	55.4	0	0	2.99	0.025	0	0.323	0.313	0.224	0.296	0.226	-0.1	-13.975	-37.825	0.336	0.634	1.123	0.597	0.765	2.925	5.2	8.075	12.25	15.2	NA
2026-01-26 09:00:00	-93.1632	30.8017	0	-2.362	-4.55	94.083	102.035	0.41	0	0.873	40.525	0	0	2.498	0.03	0	0.323	0.313	0.224	0.296	0.226	-0.1	-13.9	-38.05	0.333	0.632	1.12	0.595	0.766	2.8	5.025	7.925	12.188	15.2	NA
2026-01-26 10:00:00	-93.1632	30.8017	0	-1.795	-4.35	94.705	102.128	0.419	0	1.12	38.225	0	0	3.772	0.022	0	0.323	0.312	0.225	0.296	0.226	-0.1	-13.8	-38.1	0.331	0.63	1.121	0.596	0.764	2.675	4.875	7.763	12.125	15.125	NA
2026-01-26 11:00:00	-93.1632	30.8017	0	-1.385	-4	94.605	102.218	0.43	0	1.388	25.775	0	0	4.13	0.025	0	0.323	0.312	0.225	0.296	0.226	-0.1	-13.8	-38.275	0.332	0.627	1.123	0.594	0.764	2.575	4.725	7.637	12.05	15.1	NA
2026-01-26 12:00:00	-93.1632	30.8017	0	-1.335	-3.825	93.422	102.392	0.43	0	1.512	13.9	0	0	4.585	0.03	0	0.323	0.312	0.225	0.295	0.226	-0.1	-13.775	-38.525	0.329	0.627	1.122	0.593	0.764	2.487	4.6	7.463	11.975	15.1	NA
2026-01-26 13:00:00	-93.1632	30.8017	0	-1.398	-3.9	92.308	102.532	0.422	1.725	1.685	28.6	0	0	5.56	0.038	0	0.323	0.312	0.225	0.295	0.226	-0.1	-13.7	-38.6	0.329	0.624	1.121	0.592	0.763	2.438	4.475	7.338	11.912	15.075	NA
2026-01-26 14:00:00	-93.1632	30.8017	0	-1.268	-4	91.633	102.67	0.416	22.55	1.663	39.15	0	0	4.855	0.04	0	0.323	0.312	0.226	0.295	0.226	-0.1	-13.7	-38.825	0.327	0.624	1.119	0.591	0.764	2.363	4.375	7.213	11.838	15	0.43
2026-01-26 15:00:00	-93.1632	30.8017	0	-0.81	-3.925	92.43	102.798	0.422	62.975	1.305	18.35	0	0	3.83	0.038	0	0.323	0.312	0.226	0.295	0.226	-0.1	-13.75	-39.025	0.326	0.619	1.121	0.589	0.761	2.3	4.275	7.1	11.762	15	0.416
2026-01-26 16:00:00	-93.1632	30.8017	0	0.54	-3.6	94.3	102.895	0.442	167.75	1.138	103.9	0	0	2.918	0.03	0	0.323	0.312	0.226	0.295	0.226	-0.1	-13.8	-39.125	0.328	0.619	1.12	0.589	0.76	2.3	4.2	6.963	11.688	15	0.437
2026-01-26 17:00:00	-93.1632	30.8017	0	2.547	-2.975	94.077	102.942	0.462	266.575	1.462	177.375	0	0	3.725	0.032	0	0.323	0.313	0.226	0.295	0.226	-0.1	-13.8	-39.375	0.332	0.621	1.12	0.587	0.764	2.312	4.125	6.85	11.6	14.925	0.453
2026-01-26 18:00:00	-93.1632	30.8017	0	4.735	-2.375	93.86	102.95	0.482	379.325	1.57	95.675	0	0	4.697	0.032	0	0.322	0.314	0.226	0.295	0.226	-0.1	-13.8	-39.55	0.346	0.627	1.122	0.587	0.762	2.6	4.2	6.763	11.525	14.9	0.44
2026-01-26 19:00:00	-93.1632	30.8017	0	5.803	-1.775	90.452	102.928	0.485	439.475	1.802	12.55	0	0	4.782	0.053	0	0.321	0.314	0.226	0.295	0.226	-0.1	-13.8	-39.575	0.35	0.633	1.127	0.589	0.761	3.5	4.45	6.688	11.45	14.9	0.419
2026-01-26 20:00:00	-93.1632	30.8017	0	6.952	-0.875	86.63	102.902	0.496	504.85	1.958	198.45	0	0	5.195	0.078	0	0.32	0.313	0.226	0.295	0.226	-0.1	-13.85	-39.65	0.351	0.637	1.129	0.587	0.762	4.775	4.975	6.65	11.375	14.825	0.409
2026-01-26 21:00:00	-93.1632	30.8017	0	3.717	-0.45	80.526	102.9	0.476	305.625	1.597	27.675	0	0	4.362	0.118	0	0.319	0.312	0.226	0.295	0.226	-0.1	-13.9	-39.85	0.347	0.64	1.135	0.585	0.762	5.662	5.5	6.725	11.3	14.8	0.424
2026-01-26 22:00:00	-93.1632	30.8017	0	0.608	-0.75	75.959	102.912	0.439	62.25	1.4	46.75	0	0	3.41	0.14	0	0.319	0.312	0.227	0.294	0.226	-0.1	-13.9	-40.025	0.336	0.636	1.139	0.585	0.76	5.312	5.85	6.838	11.225	14.8	0.444
2026-01-26 23:00:00	-93.1632	30.8017	0	-0.08	-1.425	78.195	102.922	0.43	29.7	0.923	36	0	0	2.245	0.12	0	0.32	0.311	0.227	0.294	0.226	-0.1	-13.9	-40.1	0.333	0.631	1.14	0.588	0.761	4.6	5.775	6.963	11.162	14.725	0.47
2026-01-27 00:00:00	-93.1632	30.8017	0	-0.633	-2.125	80.556	102.958	0.421	0	0.618	61.85	0	0	1.592	0.103	0	0.32	0.311	0.227	0.294	0.226	-0.1	-13.9	-40.15	0.33	0.628	1.138	0.587	0.761	3.988	5.6	7.05	11.088	14.7	NA
2026-01-27 01:00:00	-93.1632	30.8017	0	-0.27	-2.175	82.834	103.03	0.431	0	0.975	57.175	0	0	2.59	0.09	0	0.32	0.311	0.227	0.294	0.226	-0.1	-13.975	-40.4	0.331	0.626	1.137	0.585	0.76	3.538	5.35	7.1	11.05	14.7	NA
2026-01-27 02:00:00	-93.1632	30.8017	0	-0.103	-2.225	82.902	103.065	0.43	0	1.035	74.8	0	0	3.015	0.09	0	0.321	0.311	0.227	0.294	0.226	-0.1	-14	-40.5	0.329	0.623	1.141	0.585	0.76	3.275	5.15	7.05	11	14.6	NA
2026-01-27 03:00:00	-93.1632	30.8017	0	-0.625	-2.575	83.401	103.058	0.422	0	0.843	66.9	0	0	2.297	0.085	0	0.321	0.311	0.227	0.294	0.226	-0.1	-14.05	-40.525	0.328	0.623	1.14	0.583	0.759	3.1	4.975	7.013	10.95	14.6	NA
2026-01-27 04:00:00	-93.1632	30.8017	0	-0.575	-2.75	84.296	103.025	0.42	0	0.63	42.2	0	0	1.8	0.08	0	0.321	0.311	0.227	0.294	0.226	-0.1	-14.1	-40.65	0.329	0.622	1.139	0.585	0.758	2.913	4.825	6.95	10.938	14.575	NA
2026-01-27 05:00:00	-93.1632	30.8017	0	-0.53	-2.9	86.155	102.99	0.425	0	0.66	33.275	0	0	2.01	0.07	0	0.321	0.311	0.228	0.294	0.226	-0.1	-14.1	-40.85	0.328	0.62	1.139	0.586	0.76	2.812	4.675	6.875	10.862	14.5	NA
2026-01-27 06:00:00	-93.1632	30.8017	0	-2.19	-3.575	85.003	102.945	0.399	0	0.738	62.45	0	0	1.685	0.07	0	0.321	0.311	0.228	0.294	0.226	-0.1	-14.2	-40.925	0.326	0.621	1.138	0.585	0.76	2.688	4.575	6.8	10.85	14.5	NA
2026-01-27 07:00:00	-93.1632	30.8017	0	-1.9	-3.975	87.437	102.892	0.398	0	0.465	73.25	0	0	1.112	0.057	0	0.321	0.311	0.228	0.294	0.226	-0.1	-14.2	-41.025	0.326	0.617	1.138	0.584	0.758	2.537	4.45	6.713	10.825	14.475	NA
2026-01-27 08:00:00	-93.1632	30.8017	0	-1.98	-4	90.312	102.865	0.41	0	0.378	57.125	0	0	0.893	0.045	0	0.321	0.311	0.228	0.294	0.226	-0.1	-14.225	-41.25	0.325	0.617	1.138	0.584	0.754	2.438	4.275	6.625	10.75	14.4	NA
2026-01-27 09:00:00	-93.1632	30.8017	0	-3.398	-5.325	90.451	102.85	0.372	0	0.432	134.325	0	0	0.725	0.043	0	0.322	0.311	0.228	0.294	0.226	-0.1	-14.3	-41.35	0.324	0.616	1.137	0.584	0.754	2.337	4.175	6.537	10.738	14.4	NA
2026-01-27 10:00:00	-93.1632	30.8017	0	-3.76	-6.4	91.095	102.832	0.345	0	0.23	84.875	0	0	0.49	0.035	0	0.322	0.311	0.228	0.294	0.226	-0.1	-14.3	-41.4	0.322	0.613	1.139	0.584	0.756	2.25	4.05	6.45	10.675	14.35	NA
2026-01-27 11:00:00	-93.1632	30.8017	0	-3.963	-6.95	93.665	102.81	0.34	0	0.33	134.225	0	0	0.705	0.025	0	0.321	0.311	0.229	0.294	0.226	-0.1	-14.4	-41.6	0.32	0.613	1.14	0.584	0.756	2.15	3.95	6.362	10.638	14.3	NA
2026-01-27 12:00:00	-93.1632	30.8017	0	-4.225	-7.45	92.912	102.79	0.324	0	0.378	107.9	0	0	0.6	0.025	0	0.321	0.31	0.229	0.293	0.226	-0.175	-14.475	-41.75	0.315	0.611	1.139	0.582	0.755	2.062	3.85	6.263	10.588	14.3	NA
2026-01-27 13:00:00	-93.1632	30.8017	0	-3.998	-7.45	95.005	102.787	0.332	7.875	0.495	139	0	0	0.845	0.015	0	0.32	0.31	0.229	0.293	0.226	-0.2	-14.5	-41.8	0.309	0.61	1.139	0.582	0.754	1.988	3.75	6.175	10.55	14.25	0.342
2026-01-27 14:00:00	-93.1632	30.8017	0	-1.965	-4.875	96.958	102.84	0.412	35.025	0.44	143.4	0	0	1.042	0.015	0	0.32	0.31	0.229	0.293	0.226	-0.2	-14.55	-41.9	0.304	0.608	1.137	0.584	0.754	1.9	3.65	6.075	10.5	14.2	0.422
2026-01-27 15:00:00	-93.1632	30.8017	0	-0.975	-2.375	97.25	102.905	0.5	185	0.5	206.05	0	0	1.415	0.013	0	0.32	0.31	0.229	0.293	0.226	-0.2	-14.6	-42.125	0.305	0.605	1.136	0.583	0.755	1.85	3.575	5.987	10.45	14.2	0.396
2026-01-27 16:00:00	-93.1632	30.8017	0	4.968	1.2	85.167	102.952	0.565	496.95	0.958	172.125	0	0	2.725	0.103	0	0.319	0.311	0.229	0.293	0.226	-0.2	-14.7	-42.3	0.308	0.606	1.137	0.581	0.758	1.85	3.5	5.9	10.387	14.175	0.451
2026-01-27 17:00:00	-93.1632	30.8017	0	9.783	3.575	63.119	102.895	0.498	627.625	1.195	221.025	0	0	3.593	0.292	0	0.32	0.311	0.229	0.293	0.226	-0.2	-14.7	-42.3	0.33	0.611	1.14	0.581	0.757	2.062	3.525	5.825	10.35	14.1	0.43
2026-01-27 18:00:00	-93.1632	30.8017	0	12.492	5.65	52.002	102.77	0.474	697.175	1.577	188.75	0	0	3.958	0.44	0	0.319	0.311	0.229	0.293	0.226	-0.175	-14.775	-42.4	0.353	0.621	1.142	0.582	0.756	3.55	3.925	5.75	10.288	14.1	0.362
2026-01-27 19:00:00	-93.1632	30.8017	0	13.018	6.85	45.755	102.615	0.454	529.375	1.232	202.85	0	0	3.27	0.537	0	0.316	0.31	0.229	0.293	0.226	-0.125	-14.8	-42.5	0.353	0.631	1.147	0.582	0.755	6.188	4.775	5.75	10.238	14.1	0.39
2026-01-27 20:00:00	-93.1632	30.8017	0	13.912	7.6	42.371	102.498	0.442	541.375	1.085	222.25	0	0	3.115	0.603	0	0.315	0.309	0.229	0.293	0.226	-0.175	-14.85	-42.65	0.352	0.634	1.154	0.581	0.754	7.838	5.775	5.888	10.188	14	0.39
2026-01-27 21:00:00	-93.1632	30.8017	0	9.49	7.825	40.64	102.448	0.431	253.625	0.912	230.05	0	0	2.567	0.63	0	0.314	0.308	0.229	0.293	0.226	-0.2	-14.9	-42.75	0.347	0.636	1.161	0.579	0.751	8.725	6.7	6.112	10.138	14	0.413
2026-01-27 22:00:00	-93.1632	30.8017	0	6.553	8.075	39.878	102.432	0.43	105.65	1.112	253.825	0	0	2.712	0.65	0	0.314	0.307	0.229	0.293	0.226	-0.2	-14.925	-42.825	0.339	0.631	1.166	0.58	0.75	8.425	7.225	6.425	10.075	14	0.425
2026-01-27 23:00:00	-93.1632	30.8017	0	4.83	6.6	45.017	102.445	0.438	31.375	0.63	190.95	0	0	1.305	0.537	0	0.315	0.307	0.229	0.293	0.226	-0.2	-15	-42.975	0.336	0.627	1.169	0.58	0.75	7.688	7.3	6.725	10.05	13.925	0.431
2026-01-28 00:00:00	-93.1632	30.8017	0	2.502	4.6	50.985	102.42	0.432	0	0.392	147.8	0	0	0.922	0.418	0	0.316	0.307	0.23	0.293	0.226	-0.2	-15.05	-43.225	0.333	0.623	1.168	0.579	0.749	6.987	7.25	6.975	10.012	13.9	NA
2026-01-28 01:00:00	-93.1632	30.8017	0	1.335	2.125	62.604	102.38	0.445	0	0.45	117.45	0	0	1.175	0.265	0	0.316	0.307	0.23	0.293	0.226	-0.2	-15.1	-43.3	0.33	0.619	1.168	0.579	0.749	6.188	7	7.162	10	13.9	NA
2026-01-28 02:00:00	-93.1632	30.8017	0	1.388	0.75	73.619	102.382	0.475	0	0.418	148.275	0	0	0.875	0.17	0	0.317	0.308	0.23	0.292	0.226	-0.2	-15.2	-43.325	0.328	0.615	1.164	0.579	0.749	5.525	6.725	7.263	10	13.825	NA
2026-01-28 03:00:00	-93.1632	30.8017	0	0.958	0.275	80.047	102.372	0.499	0	0.415	178.875	0	0	0.88	0.122	0	0.317	0.308	0.23	0.292	0.226	-0.2	-15.275	-43.5	0.328	0.613	1.164	0.579	0.748	5.1	6.425	7.3	10.012	13.8	NA
2026-01-28 04:00:00	-93.1632	30.8017	0	-0.105	-0.675	84.403	102.315	0.491	0	0.445	65.8	0	0	0.815	0.092	0	0.318	0.308	0.23	0.292	0.226	-0.2	-15.35	-43.675	0.326	0.611	1.164	0.579	0.748	4.7	6.2	7.3	10.05	13.8	NA
2026-01-28 05:00:00	-93.1632	30.8017	0	-1.182	-1.75	87.431	102.287	0.47	0	0.27	172.15	0	0	0.635	0.068	0	0.318	0.308	0.23	0.292	0.226	-0.2	-15.45	-43.7	0.324	0.609	1.164	0.58	0.746	4.225	5.925	7.275	10.05	13.75	NA
2026-01-28 06:00:00	-93.1632	30.8017	0	-1.705	-2.5	89.579	102.298	0.455	0	0.292	231.625	0	0	0.74	0.053	0	0.318	0.308	0.23	0.292	0.226	-0.2	-15.525	-43.825	0.321	0.607	1.161	0.579	0.75	3.737	5.65	7.2	10.05	13.7	NA
2026-01-28 07:00:00	-93.1632	30.8017	0	-2.065	-3.025	91.415	102.292	0.447	0	0.573	90.85	0	0	1.125	0.043	0	0.319	0.309	0.23	0.292	0.226	-0.2	-15.6	-44.05	0.32	0.604	1.159	0.58	0.748	3.35	5.325	7.112	10.05	13.7	NA
2026-01-28 08:00:00	-93.1632	30.8017	0	-1.433	-3.1	92.48	102.302	0.45	0	0.305	97.625	0	0	0.465	0.038	0	0.319	0.309	0.231	0.292	0.226	-0.2	-15.65	-44.1	0.321	0.604	1.155	0.579	0.747	3.075	5.075	7.013	10.05	13.7	NA
2026-01-28 09:00:00	-93.1632	30.8017	0	-1.795	-3.05	93.477	102.28	0.456	0	0.258	104.3	0	0	0.43	0.03	0	0.319	0.309	0.231	0.292	0.226	-0.2	-15.725	-44.25	0.32	0.603	1.156	0.581	0.746	2.9	4.85	6.9	10.05	13.625	NA
2026-01-28 10:00:00	-93.1632	30.8017	0	-2.487	-3.425	92.507	102.26	0.439	0	0.285	106.75	0	0	0.475	0.038	0	0.32	0.309	0.231	0.292	0.226	-0.2	-15.85	-44.475	0.319	0.602	1.156	0.579	0.745	2.737	4.675	6.787	10.05	13.6	NA
2026-01-28 11:00:00	-93.1632	30.8017	0	-2.668	-3.275	93.399	102.302	0.448	0	0.235	39.9	0	0	0.458	0.03	0	0.32	0.309	0.231	0.292	0.226	-0.2	-15.9	-44.575	0.318	0.6	1.151	0.578	0.745	2.587	4.5	6.675	10.05	13.6	NA
2026-01-28 12:00:00	-93.1632	30.8017	0	-2.925	-3.55	93.642	102.322	0.44	0	0.312	56.025	0	0	0.627	0.03	0	0.32	0.309	0.231	0.292	0.225	-0.2	-15.925	-44.75	0.316	0.599	1.148	0.579	0.743	2.463	4.35	6.525	10.05	13.6	NA
2026-01-28 13:00:00	-93.1632	30.8017	0	-2.712	-3.6	94.429	102.345	0.442	11.15	0.345	105	0	0	0.757	0.025	0	0.32	0.309	0.231	0.292	0.225	-0.2	-16	-44.975	0.313	0.597	1.147	0.576	0.74	2.35	4.175	6.425	10.05	13.525	0.338
2026-01-28 14:00:00	-93.1632	30.8017	0	-0.248	-0.825	94.781	102.405	0.545	37.1	0.322	135.175	0	0	0.95	0.03	0	0.32	0.31	0.231	0.292	0.226	-0.2	-16.075	-45.025	0.313	0.595	1.144	0.576	0.74	2.275	4.05	6.325	9.988	13.5	0.44
2026-01-28 15:00:00	-93.1632	30.8017	0	2.172	3.55	90.76	102.498	0.719	200.675	0.823	100.375	0	0	2.208	0.075	0	0.32	0.31	0.231	0.292	0.226	-0.2	-16.175	-45.2	0.316	0.595	1.145	0.575	0.741	2.237	3.95	6.2	9.95	13.5	0.458
2026-01-28 16:00:00	-93.1632	30.8017	0	9.76	6.75	75.431	102.565	0.741	488	1.133	30.3	0	0	3.078	0.24	0	0.319	0.31	0.231	0.291	0.226	-0.2	-16.2	-45.45	0.332	0.598	1.146	0.574	0.742	2.625	3.95	6.1	9.95	13.5	0.432
2026-01-28 17:00:00	-93.1632	30.8017	0	13.688	8.475	61.596	102.523	0.682	626.275	1.428	25.575	0	0	3.742	0.428	0	0.317	0.309	0.232	0.291	0.226	-0.2	-16.225	-45.575	0.345	0.609	1.151	0.575	0.738	4.625	4.4	6.037	9.925	13.5	0.398
2026-01-28 18:00:00	-93.1632	30.8017	0	16.17	9.65	55.029	102.402	0.66	694.575	1.63	241.525	0	0	4.468	0.542	0	0.315	0.308	0.231	0.291	0.226	-0.2	-16.3	-45.6	0.35	0.619	1.16	0.575	0.741	6.863	5.275	6.025	9.85	13.425	0.332
2026-01-28 19:00:00	-93.1632	30.8017	0	17.008	10.775	51.001	102.305	0.659	625.375	1.788	252.7	0	0	4.765	0.633	0	0.313	0.307	0.231	0.291	0.225	-0.2	-16.3	-45.675	0.35	0.626	1.165	0.575	0.741	8.838	6.35	6.15	9.85	13.4	0.338
2026-01-28 20:00:00	-93.1632	30.8017	0	16.555	11.8	48.084	102.245	0.665	544.975	1.847	334.875	0	0	4.932	0.72	0	0.312	0.306	0.232	0.291	0.225	-0.2	-16.3	-45.85	0.351	0.629	1.174	0.575	0.742	9.975	7.325	6.388	9.812	13.4	0.356
2026-01-28 21:00:00	-93.1632	30.8017	0	11	12.25	45.601	102.185	0.65	290.025	1.413	173.65	0	0	4.188	0.775	0	0.311	0.305	0.231	0.291	0.225	-0.2	-16.3	-46.05	0.344	0.629	1.18	0.577	0.746	10.5	8.125	6.7	9.75	13.4	0.384
2026-01-28 22:00:00	-93.1632	30.8017	0	7.545	12	42.568	102.132	0.597	41.175	1.192	257.125	0	0	2.96	0.805	0	0.312	0.304	0.231	0.291	0.225	-0.275	-16.325	-46.1	0.336	0.625	1.187	0.576	0.744	9.787	8.525	7.088	9.75	13.4	0.429
2026-01-28 23:00:00	-93.1632	30.8017	0	6.338	10.8	45.441	102.122	0.589	17.7	1.128	312.35	0	0	2.5	0.708	0	0.312	0.304	0.231	0.291	0.225	-0.3	-16.4	-46.15	0.334	0.62	1.187	0.577	0.743	8.912	8.525	7.4	9.75	13.35	0.47
2026-01-29 00:00:00	-93.1632	30.8017	0	3.07	7.225	53.442	102.1	0.542	0	0.552	153.3	0	0	1.008	0.478	0	0.313	0.304	0.232	0.291	0.225	-0.3	-16.4	-46.4	0.33	0.615	1.183	0.577	0.745	8.15	8.325	7.65	9.75	13.3	NA
2026-01-29 01:00:00	-93.1632	30.8017	0	1.9	4.275	66.82	102.055	0.554	0	0.445	61.05	0	0	0.88	0.277	0	0.314	0.305	0.232	0.291	0.225	-0.3	-16.5	-46.525	0.328	0.612	1.18	0.577	0.743	7.263	8.05	7.812	9.75	13.3	NA
2026-01-29 02:00:00	-93.1632	30.8017	0	1.052	2.25	75.557	102.042	0.542	0	0.218	174.45	0	0	0.432	0.175	0	0.314	0.305	0.232	0.291	0.225	-0.3	-16.55	-46.6	0.326	0.608	1.178	0.578	0.742	6.487	7.65	7.9	9.75	13.3	NA
2026-01-29 03:00:00	-93.1632	30.8017	0	0.45	0.625	83.008	102.055	0.53	0	0.37	167.85	0	0	0.742	0.108	0	0.315	0.305	0.232	0.291	0.225	-0.3	-16.625	-46.825	0.325	0.605	1.174	0.575	0.741	5.85	7.325	7.9	9.8	13.275	NA
2026-01-29 04:00:00	-93.1632	30.8017	0	-0.117	-0.375	86.614	102.03	0.515	0	0.43	102.975	0	0	0.873	0.08	0	0.315	0.306	0.232	0.291	0.225	-0.3	-16.7	-47	0.323	0.602	1.17	0.575	0.738	5.3	6.95	7.9	9.85	13.2	NA
2026-01-29 05:00:00	-93.1632	30.8017	0	-0.54	-1.05	88.355	101.942	0.5	0	0.442	73.4	0	0	0.76	0.068	0	0.316	0.306	0.232	0.291	0.225	-0.3	-16.75	-47	0.322	0.602	1.174	0.576	0.738	4.838	6.65	7.85	9.863	13.2	NA
2026-01-29 06:00:00	-93.1632	30.8017	0	-0.89	-1.7	90.741	101.862	0.489	0	0.352	140.625	0	0	0.71	0.05	0	0.316	0.306	0.232	0.291	0.225	-0.3	-16.825	-47.05	0.322	0.6	1.173	0.576	0.74	4.4	6.325	7.763	9.9	13.2	NA
2026-01-29 07:00:00	-93.1632	30.8017	0	-1.297	-2.175	91.095	101.78	0.474	0	0.325	145.55	0	0	0.67	0.048	0	0.316	0.306	0.232	0.291	0.225	-0.3	-16.9	-47.25	0.32	0.597	1.171	0.578	0.742	4	6	7.662	9.95	13.2	NA
2026-01-29 08:00:00	-93.1632	30.8017	0	-1.55	-2.325	92.307	101.732	0.475	0	0.568	81.475	0	0	0.968	0.04	0	0.317	0.307	0.233	0.291	0.225	-0.3	-16.975	-47.4	0.318	0.597	1.171	0.577	0.742	3.662	5.725	7.537	9.95	13.2	NA
2026-01-29 09:00:00	-93.1632	30.8017	0	-1.782	-2.65	93.623	101.682	0.47	0	0.4	92.875	0	0	0.708	0.032	0	0.317	0.307	0.233	0.291	0.225	-0.3	-17.075	-47.45	0.319	0.597	1.171	0.577	0.742	3.388	5.475	7.4	9.962	13.2	NA
2026-01-29 10:00:00	-93.1632	30.8017	0	-1.705	-2.825	94.951	101.615	0.471	0	0.408	98.7	0	0	0.693	0.028	0	0.317	0.307	0.233	0.291	0.225	-0.3	-17.1	-47.675	0.318	0.597	1.169	0.578	0.74	3.2	5.25	7.275	10	13.15	NA
2026-01-29 11:00:00	-93.1632	30.8017	0	-1.295	-2.675	95.838	101.615	0.481	0	0.49	128.275	0	0	0.825	0.02	0	0.317	0.307	0.233	0.291	0.225	-0.4	-17.2	-47.9	0.318	0.594	1.166	0.577	0.74	3.013	5.05	7.125	10	13.1	NA
2026-01-29 12:00:00	-93.1632	30.8017	0	-2.02	-2.975	94.689	101.592	0.464	0	0.422	103.95	0	0	0.797	0.028	0	0.318	0.307	0.233	0.29	0.225	-0.4	-17.25	-47.95	0.317	0.595	1.163	0.575	0.74	2.913	4.875	6.987	9.975	13.1	NA
2026-01-29 13:00:00	-93.1632	30.8017	0	-1.85	-2.975	95.303	101.588	0.468	12.4	0.38	142.225	0	0	0.788	0.022	0	0.318	0.307	0.233	0.29	0.225	-0.4	-17.325	-48.075	0.316	0.593	1.164	0.575	0.74	2.75	4.7	6.85	9.95	13.1	0.351
2026-01-29 14:00:00	-93.1632	30.8017	0	0.912	-0.6	97.715	101.655	0.572	73.6	0.625	149.35	0	0	1.375	0.015	0	0.318	0.308	0.233	0.29	0.225	-0.4	-17.4	-48.325	0.32	0.591	1.162	0.573	0.738	2.713	4.55	6.725	9.95	13.1	0.456
2026-01-29 15:00:00	-93.1632	30.8017	0	4.55	3.9	96.176	101.692	0.784	216.675	0.885	171.325	0	0	2.062	0.03	0	0.317	0.308	0.233	0.29	0.225	-0.4	-17.45	-48.5	0.324	0.594	1.164	0.573	0.739	2.95	4.5	6.612	9.95	13.1	0.473
2026-01-29 16:00:00	-93.1632	30.8017	0	11.67	9.525	82.041	101.743	0.971	436.525	1.448	178.3	0	0	3.51	0.22	0	0.316	0.308	0.233	0.29	0.225	-0.4	-17.5	-48.675	0.338	0.599	1.165	0.574	0.738	4.112	4.675	6.513	9.925	13.1	0.414
2026-01-29 17:00:00	-93.1632	30.8017	0	14.972	11.9	60.139	101.655	0.837	530.95	2.115	179.05	0	0	5.148	0.555	0	0.314	0.307	0.233	0.29	0.225	-0.4	-17.525	-48.9	0.344	0.609	1.168	0.574	0.738	6.35	5.3	6.45	9.85	13.1	0.383
2026-01-29 18:00:00	-93.1632	30.8017	0	19.06	13.975	52.878	101.532	0.843	669.225	1.898	206.075	0	0	4.915	0.752	0	0.312	0.306	0.233	0.29	0.225	-0.4	-17.575	-49.025	0.351	0.616	1.173	0.573	0.74	8.338	6.2	6.487	9.85	13.1	0.338
2026-01-29 19:00:00	-93.1632	30.8017	0	19.927	14.975	52.502	101.402	0.894	622.6	2.047	214.325	0	0	6.005	0.805	0	0.31	0.304	0.233	0.29	0.225	-0.4	-17.6	-49.1	0.352	0.623	1.183	0.573	0.738	10.113	7.225	6.662	9.85	13.1	0.34
2026-01-29 20:00:00	-93.1632	30.8017	0	19.065	15.625	52.529	101.318	0.932	503.725	1.812	221.925	0	0	5.282	0.84	0	0.308	0.304	0.233	0.29	0.225	-0.5	-17.6	-49.125	0.352	0.625	1.191	0.574	0.736	11.3	8.2	6.912	9.8	13.075	0.365
2026-01-29 21:00:00	-93.1632	30.8017	0	13.725	15.75	51.066	101.29	0.914	284.1	1.99	239.075	0	0	4.972	0.877	0	0.308	0.302	0.233	0.29	0.225	-0.55	-17.525	-49.375	0.346	0.626	1.195	0.572	0.739	11.85	9.025	7.275	9.75	13	0.368
2026-01-29 22:00:00	-93.1632	30.8017	0	10.732	15.5	51.168	101.232	0.901	46.525	1.633	220.8	0	0	4.093	0.857	0	0.308	0.302	0.233	0.29	0.225	-0.675	-17.525	-49.55	0.339	0.622	1.2	0.571	0.739	11.262	9.45	7.637	9.75	13	0.408
2026-01-29 23:00:00	-93.1632	30.8017	0	9.4	14.45	55.611	101.192	0.915	19.65	1.175	182.45	0	0	3.378	0.733	0	0.308	0.302	0.233	0.29	0.225	-0.75	-17.6	-49.65	0.337	0.62	1.202	0.572	0.74	10.525	9.5	7.975	9.75	13	0.47
2026-01-30 00:00:00	-93.1632	30.8017	0	6.498	12.175	62.998	101.222	0.893	0	0.77	173.975	0	0	1.52	0.522	0	0.309	0.302	0.233	0.29	0.225	-0.8	-17.6	-49.775	0.333	0.612	1.193	0.573	0.736	9.887	9.45	8.275	9.75	13	NA
2026-01-30 01:00:00	-93.1632	30.8017	0	5.602	10.125	71.687	101.24	0.887	0	0.61	202.175	0	0	1.268	0.355	0	0.31	0.302	0.233	0.29	0.225	-0.8	-17.65	-50.05	0.33	0.611	1.195	0.573	0.735	9.175	9.275	8.475	9.762	13	NA
2026-01-30 02:00:00	-93.1632	30.8017	0	4.795	8.025	80.416	101.3	0.863	0	0.185	105.475	0	0	0.39	0.213	0	0.31	0.302	0.234	0.29	0.225	-0.875	-17.7	-50.125	0.328	0.609	1.183	0.567	0.732	8.537	9	8.612	9.812	13	NA
2026-01-30 03:00:00	-93.1632	30.8017	0	4.327	7.1	86.082	101.298	0.868	0	0.245	52.4	0	0	0.575	0.138	0	0.311	0.302	0.234	0.29	0.225	-0.9	-17.775	-50.325	0.328	0.605	1.183	0.568	0.732	8.012	8.75	8.65	9.85	12.975	NA
2026-01-30 04:00:00	-93.1632	30.8017	0	4.148	7.2	88.372	101.303	0.898	0	0.252	177.75	0	0	0.752	0.118	0	0.311	0.303	0.234	0.289	0.225	-0.9	-17.85	-50.55	0.328	0.603	1.185	0.569	0.734	7.562	8.5	8.65	9.9	12.9	NA
2026-01-30 05:00:00	-93.1632	30.8017	0	4.148	7.4	91.971	101.308	0.947	0	0.365	213.925	0	0	0.952	0.082	0	0.312	0.303	0.234	0.289	0.225	-0.9	-17.95	-50.625	0.325	0.602	1.185	0.57	0.735	7.225	8.275	8.65	9.95	12.9	NA
2026-01-30 06:00:00	-93.1632	30.8017	0	3.197	4.975	94.903	101.3	0.827	0	0.272	58.2	0	0	0.575	0.045	0	0.312	0.303	0.234	0.289	0.225	-0.9	-18	-50.875	0.325	0.599	1.183	0.571	0.736	6.938	8.05	8.637	10	12.9	NA
2026-01-30 07:00:00	-93.1632	30.8017	0	6.752	6.95	93.332	101.365	0.936	0	1.34	328.725	0	0	3.635	0.068	0	0.312	0.303	0.234	0.289	0.225	-0.9	-18.075	-51	0.327	0.599	1.177	0.567	0.734	6.763	7.85	8.6	10.025	12.9	NA
2026-01-30 08:00:00	-93.1632	30.8017	0	4.053	7	92.352	101.37	0.926	0	0.805	322.6	0	0	2.122	0.075	0	0.312	0.303	0.234	0.289	0.225	-0.9	-18.125	-51.05	0.326	0.599	1.176	0.567	0.732	6.925	7.75	8.525	10.1	12.9	NA
2026-01-30 09:00:00	-93.1632	30.8017	0	3.292	6.075	86.924	101.352	0.817	0	0.562	320.7	0	0	1.782	0.122	0	0.312	0.303	0.234	0.289	0.225	-0.9	-18.2	-51.3	0.324	0.599	1.177	0.568	0.733	6.7	7.675	8.5	10.1	12.9	NA
2026-01-30 10:00:00	-93.1632	30.8017	0	3.212	5.875	83.537	101.37	0.774	0	1.485	324.125	0	0	3.752	0.15	0	0.312	0.303	0.234	0.289	0.225	-0.9	-18.25	-51.5	0.324	0.598	1.176	0.568	0.733	6.375	7.55	8.425	10.113	12.9	NA
2026-01-30 11:00:00	-93.1632	30.8017	0	2.905	4.75	84.827	101.405	0.727	0	1.14	315.875	0	0	2.49	0.13	0	0.312	0.304	0.235	0.289	0.225	-0.9	-18.3	-51.55	0.322	0.596	1.172	0.567	0.73	6.05	7.35	8.388	10.188	12.9	NA
2026-01-30 12:00:00	-93.1632	30.8017	0	2.422	4	84.627	101.452	0.688	0	1.178	321.575	0	0	2.845	0.125	0	0.313	0.304	0.235	0.289	0.225	-0.9	-18.4	-51.675	0.321	0.595	1.168	0.564	0.728	5.787	7.2	8.312	10.2	12.9	NA
2026-01-30 13:00:00	-93.1632	30.8017	0	2.04	3.375	85.424	101.51	0.665	8.55	1.122	329.45	0	0	2.837	0.115	0	0.313	0.304	0.235	0.289	0.225	-0.9	-18.475	-52	0.321	0.595	1.166	0.564	0.726	5.5	7	8.238	10.2	12.9	0.487
2026-01-30 14:00:00	-93.1632	30.8017	0	3.58	4.2	83.499	101.62	0.689	57.4	1.668	333.45	0	0	4.71	0.138	0	0.313	0.304	0.235	0.289	0.225	-0.9	-18.5	-52.25	0.322	0.592	1.165	0.562	0.722	5.338	6.825	8.15	10.2	12.9	0.498
2026-01-30 15:00:00	-93.1632	30.8017	0	6.028	5.35	81.537	101.77	0.729	225.4	1.825	337.925	0	0	4.8	0.165	0	0.313	0.304	0.235	0.289	0.225	-0.9	-18.6	-52.575	0.326	0.594	1.164	0.559	0.722	5.562	6.7	8.05	10.2	12.9	0.435
2026-01-30 16:00:00	-93.1632	30.8017	0	9.595	6.875	75.459	101.832	0.75	362.025	1.698	342.125	0	0	4.358	0.245	0	0.312	0.304	0.235	0.288	0.225	-0.9	-18.7	-52.725	0.331	0.597	1.163	0.558	0.72	6.337	6.8	7.975	10.2	12.9	0.402
2026-01-30 17:00:00	-93.1632	30.8017	0	13.088	9.05	66.213	101.85	0.762	503.85	2.663	338.8	0	0	6.955	0.39	0	0.31	0.303	0.235	0.288	0.225	-0.975	-18.7	-53	0.337	0.602	1.168	0.56	0.721	7.663	7.175	7.913	10.2	12.9	0.387
2026-01-30 18:00:00	-93.1632	30.8017	0	15.235	10.5	59.134	101.778	0.75	557.7	2.438	263.55	0	0	6.755	0.518	0	0.309	0.302	0.235	0.288	0.225	-1.05	-18.7	-53.25	0.341	0.607	1.173	0.562	0.724	8.938	7.75	7.938	10.2	12.9	0.364
2026-01-30 19:00:00	-93.1632	30.8017	0	16.073	11.35	53.705	101.68	0.721	554.4	2.865	341.675	0	0	7.8	0.623	0	0.308	0.302	0.235	0.288	0.225	-1.2	-18.7	-53.3	0.341	0.611	1.182	0.563	0.725	10	8.45	8.037	10.2	12.9	0.374
2026-01-30 20:00:00	-93.1632	30.8017	0	14.887	11.4	49.14	101.658	0.663	446.375	2.772	347.25	0	0	7.495	0.685	0	0.306	0.301	0.235	0.288	0.225	-1.4	-18.7	-53.375	0.338	0.613	1.187	0.562	0.726	10.762	9.025	8.212	10.2	12.9	0.366
2026-01-30 21:00:00	-93.1632	30.8017	0	11.86	10.95	47.289	101.668	0.619	246.9	2.445	339.25	0	0	6.923	0.69	0	0.306	0.3	0.235	0.288	0.225	-1.65	-18.725	-53.55	0.332	0.613	1.186	0.563	0.726	10.925	9.525	8.4	10.2	12.9	0.378
2026-01-30 22:00:00	-93.1632	30.8017	0	9.73	10.525	45.565	101.713	0.579	140.625	1.86	184.3	0	0	5.355	0.69	0	0.306	0.3	0.235	0.288	0.225	-1.95	-18.8	-53.825	0.327	0.609	1.188	0.562	0.726	10.537	9.75	8.65	10.2	12.9	0.382
2026-01-30 23:00:00	-93.1632	30.8017	0	7.083	9.75	46.32	101.755	0.559	40.5	1.688	338.95	0	0	4.595	0.643	0	0.306	0.3	0.235	0.288	0.225	-2.35	-18.8	-53.9	0.324	0.605	1.185	0.561	0.724	9.875	9.75	8.85	10.2	12.9	0.402
2026-01-31 00:00:00	-93.1632	30.8017	0	4.325	7.375	52.56	101.79	0.539	0	0.518	184.1	0	0	1.685	0.49	0	0.307	0.3	0.235	0.288	0.225	-2.775	-18.8	-54.15	0.321	0.602	1.185	0.56	0.722	9.075	9.525	9.012	10.2	12.9	NA
2026-01-31 01:00:00	-93.1632	30.8017	0	3.54	5.325	62.365	101.848	0.556	0	0.392	47.975	0	0	1.022	0.338	0	0.307	0.3	0.235	0.288	0.225	-3.05	-18.9	-54.4	0.319	0.597	1.182	0.559	0.72	8.275	9.25	9.112	10.212	12.9	NA
2026-01-31 02:00:00	-93.1632	30.8017	0	3.315	5.675	60.675	101.915	0.555	0	0.49	96.025	0	0	1.708	0.36	0	0.308	0.301	0.235	0.288	0.225	-3.225	-18.9	-54.45	0.318	0.593	1.18	0.56	0.719	7.675	8.875	9.15	10.288	12.9	NA
2026-01-31 03:00:00	-93.1632	30.8017	0	2.135	4.775	61.193	101.97	0.526	0	0.422	271.725	0	0	1.405	0.332	0	0.308	0.301	0.236	0.288	0.225	-3.325	-18.975	-54.65	0.317	0.592	1.177	0.558	0.718	7.113	8.55	9.137	10.3	12.9	NA
2026-01-31 04:00:00	-93.1632	30.8017	0	1.648	4.3	62.456	102.007	0.519	0	0.48	174.775	0	0	1.455	0.31	0	0.309	0.301	0.236	0.288	0.225	-3.45	-19.075	-54.975	0.316	0.589	1.173	0.557	0.719	6.6	8.25	9.075	10.3	12.8	NA
2026-01-31 05:00:00	-93.1632	30.8017	0	0.652	2.6	67.679	101.965	0.498	0	0.29	141.367	0	0	0.72	0.24	0	0.309	0.301	0.236	0.288	0.225	-3.525	-19.1	-55.05	0.314	0.588	1.173	0.558	0.72	6.112	7.925	8.988	10.387	12.9	NA
2026-01-31 06:00:00	-93.1632	30.8017	0	-0.01	0.5	76.162	101.942	0.482	0	0.328	328.7	0	0	0.665	0.148	0	0.31	0.302	0.236	0.288	0.225	-3.6	-19.175	-55.2	0.312	0.586	1.175	0.561	0.722	5.675	7.6	8.875	10.4	12.9	NA
2026-01-31 07:00:00	-93.1632	30.8017	0	-0.298	-0.125	79.801	101.952	0.483	0	0.412	146.875	0	0	1.31	0.122	0	0.31	0.302	0.236	0.288	0.225	-3.6	-19.3	-55.525	0.312	0.583	1.171	0.559	0.72	5.25	7.275	8.762	10.4	12.9	NA
2026-01-31 08:00:00	-93.1632	30.8017	0	0.135	1.35	77.076	102.023	0.519	0	1.06	255.15	0	0	3.282	0.155	0	0.31	0.302	0.236	0.287	0.225	-3.625	-19.3	-55.6	0.31	0.581	1.166	0.558	0.72	4.85	6.95	8.637	10.4	12.825	NA
2026-01-31 09:00:00	-93.1632	30.8017	0	-0.017	1.55	73.357	102.112	0.501	0	0.823	257.075	0	0	2.17	0.185	0	0.311	0.303	0.236	0.287	0.225	-3.7	-19.4	-55.75	0.31	0.58	1.166	0.556	0.717	4.487	6.675	8.488	10.425	12.8	NA
2026-01-31 10:00:00	-93.1632	30.8017	0	0.723	1.425	73.319	102.175	0.496	0	1.002	44.45	0	0	2.982	0.182	0	0.311	0.303	0.236	0.287	0.225	-3.7	-19.5	-56.125	0.31	0.581	1.163	0.553	0.714	4.263	6.4	8.325	10.45	12.8	NA
2026-01-31 11:00:00	-93.1632	30.8017	0	0.175	0.825	70.74	102.24	0.459	0	1.357	59.85	0	0	3.697	0.19	0	0.311	0.303	0.236	0.287	0.225	-3.775	-19.525	-56.25	0.31	0.579	1.162	0.554	0.711	4.087	6.2	8.188	10.45	12.8	NA
2026-01-31 12:00:00	-93.1632	30.8017	0	1.022	0.825	67.928	102.36	0.44	0	1.582	53.125	0	0	4.308	0.21	0	0.311	0.303	0.236	0.287	0.225	-3.9	-19.625	-56.45	0.31	0.58	1.161	0.55	0.714	3.95	5.975	8.013	10.438	12.8	NA
2026-01-31 13:00:00	-93.1632	30.8017	0	-0.09	0.275	65.591	102.455	0.409	8.1	1.585	113.75	0	0	4.608	0.212	0	0.311	0.303	0.236	0.287	0.225	-4.075	-19.7	-56.85	0.308	0.577	1.158	0.551	0.714	3.863	5.825	7.875	10.4	12.8	0.407
2026-01-31 14:00:00	-93.1632	30.8017	0	-0.228	-0.525	63.112	102.578	0.371	47.825	1.867	178.55	0	0	5.23	0.215	0	0.311	0.303	0.237	0.287	0.225	-4.325	-19.725	-56.95	0.308	0.576	1.158	0.55	0.712	3.538	5.65	7.725	10.4	12.8	0.453
2026-01-31 15:00:00	-93.1632	30.8017	0	0.625	0.075	61.719	102.7	0.379	214.7	2.082	112.275	0	0	5.755	0.235	0	0.311	0.304	0.237	0.287	0.225	-4.75	-19.8	-57.275	0.307	0.576	1.156	0.55	0.712	3.337	5.5	7.6	10.4	12.825	0.405
2026-01-31 16:00:00	-93.1632	30.8017	0	6.247	0.75	56.257	102.818	0.362	504.875	2.087	30.275	0	0	5.62	0.28	0	0.31	0.304	0.237	0.287	0.225	-5.15	-19.85	-57.55	0.314	0.575	1.151	0.55	0.71	3.712	5.35	7.475	10.35	12.825	0.383
2026-01-31 17:00:00	-93.1632	30.8017	0	9.695	1.9	46.554	102.852	0.326	647.525	2.038	98.525	0	0	5.725	0.375	0	0.309	0.303	0.237	0.287	0.225	-5.6	-19.9	-57.675	0.32	0.582	1.152	0.55	0.712	5.075	5.575	7.35	10.312	12.9	0.377
2026-01-31 18:00:00	-93.1632	30.8017	0	11.855	2.6	41.412	102.76	0.305	715.675	2.013	276.1	0	0	5.398	0.43	0	0.307	0.303	0.237	0.287	0.225	-6.2	-19.9	-57.85	0.325	0.587	1.162	0.552	0.711	6.362	6.15	7.3	10.3	12.9	0.332
2026-01-31 19:00:00	-93.1632	30.8017	0	12.7	3.45	37.325	102.668	0.292	646.55	1.89	20.075	0	0	5.402	0.49	0	0.306	0.302	0.237	0.287	0.225	-6.95	-19.9	-58.15	0.323	0.592	1.169	0.553	0.716	7.6	6.775	7.312	10.275	12.9	0.333
2026-01-31 20:00:00	-93.1632	30.8017	0	11.508	3.725	34.418	102.645	0.274	566.45	2.01	263.575	0	0	5.602	0.522	0	0.304	0.301	0.237	0.287	0.225	-7.925	-19.9	-58.4	0.323	0.594	1.173	0.554	0.716	8.3	7.375	7.425	10.25	12.9	0.35
2026-01-31 21:00:00	-93.1632	30.8017	0	5.46	3.775	32.255	102.61	0.258	323.525	1.865	263.825	0	0	5.36	0.54	0	0.304	0.3	0.237	0.287	0.225	-9.275	-19.9	-58.525	0.315	0.594	1.179	0.556	0.718	8.425	7.825	7.575	10.2	12.9	0.366
2026-01-31 22:00:00	-93.1632	30.8017	0	1.918	3.3	29.685	102.602	0.23	45.65	1.652	108.575	0	0	4.44	0.545	0	0.305	0.3	0.237	0.287	0.225	-10.175	-19.9	-58.625	0.304	0.587	1.178	0.555	0.718	7.312	7.9	7.775	10.162	12.9	0.4
2026-01-31 23:00:00	-93.1632	30.8017	0	0.862	2.375	32.784	102.62	0.238	19.875	1.27	100.65	0	0	4.457	0.49	0	0.305	0.3	0.237	0.287	0.225	-10.35	-19.9	-58.95	0.301	0.581	1.177	0.553	0.719	6.138	7.55	7.912	10.15	12.825	0.468
2026-02-01 00:00:00	-93.1632	30.8017	0	-1.502	0.5	36.33	102.625	0.23	0	0.76	50.775	0	0	2.21	0.405	0	0.306	0.301	0.237	0.287	0.225	-10.55	-19.925	-59.175	0.298	0.577	1.172	0.553	0.712	5.275	7.15	8	10.137	12.8	NA
2026-02-01 01:00:00	-93.1632	30.8017	0	-2.337	-0.75	39.266	102.582	0.227	0	0.828	58.075	0	0	1.995	0.353	0	0.306	0.301	0.237	0.287	0.225	-10.7	-20	-59.25	0.296	0.575	1.171	0.554	0.713	4.5	6.75	8	10.1	12.8	NA
2026-02-02 06:00:00	-93.1632	30.8017	0	-1.92	-0.7	73.285	102.252	0.425	0	0.355	140.875	0	0	0.578	0.153	0	0.303	0.3	0.239	0.285	0.224	-13.4	-21.05	-63.75	0.289	0.563	1.18	0.552	0.72	3.337	5.3	6.987	9.45	12.5	NA
2026-02-02 07:00:00	-93.1632	30.8017	0	-2.195	-1.6	77.152	102.215	0.419	0	0.312	90.275	0	0	0.828	0.122	0	0.303	0.3	0.239	0.285	0.224	-13.4	-21.2	-63.9	0.288	0.562	1.179	0.553	0.718	3.125	5.1	6.888	9.45	12.5	NA
2026-02-02 08:00:00	-93.1632	30.8017	0	-2.225	-1.625	81.932	102.178	0.444	0	0.5	126.85	0	0	0.94	0.098	0	0.303	0.301	0.239	0.285	0.224	-13.45	-21.275	-63.925	0.287	0.562	1.177	0.554	0.72	2.938	4.9	6.775	9.45	12.5	NA
2026-02-02 09:00:00	-93.1632	30.8017	0	-2.303	-1.525	84.122	102.12	0.46	0	0.445	123.825	0	0	0.723	0.085	0	0.303	0.301	0.239	0.285	0.224	-13.525	-21.3	-64.075	0.287	0.561	1.179	0.554	0.72	2.8	4.7	6.65	9.45	12.5	NA
2026-02-02 10:00:00	-93.1632	30.8017	0	-2.487	-2.6	87.071	102.072	0.439	0	0.22	110.25	0	0	0.405	0.068	0	0.303	0.301	0.239	0.285	0.224	-13.625	-21.3	-64.3	0.287	0.562	1.18	0.555	0.721	2.65	4.55	6.55	9.45	12.475	NA
2026-02-02 11:00:00	-93.1632	30.8017	0	-2.43	-2.675	88.013	102.032	0.442	0	0.305	70.325	0	0	0.568	0.06	0	0.303	0.301	0.239	0.285	0.224	-13.725	-21.4	-64.4	0.287	0.561	1.18	0.554	0.722	2.537	4.375	6.425	9.45	12.4	NA
2026-02-02 12:00:00	-93.1632	30.8017	0	-2.428	-2.75	90.46	102.05	0.451	0	0.428	88.35	0	0	0.66	0.05	0	0.302	0.301	0.239	0.285	0.224	-13.875	-21.425	-64.575	0.284	0.56	1.175	0.556	0.721	2.425	4.25	6.312	9.45	12.4	NA
2026-02-02 13:00:00	-93.1632	30.8017	0	-1.868	-2.525	93.324	102.09	0.474	9.875	0.445	125.3	0	0	0.703	0.035	0	0.302	0.301	0.239	0.285	0.224	-14.025	-21.5	-64.825	0.284	0.557	1.171	0.554	0.72	2.312	4.125	6.188	9.4	12.4	0.333
2026-02-02 14:00:00	-93.1632	30.8017	0	1.758	0.875	94.846	102.172	0.617	54.675	0.23	130.1	0	0	0.54	0.038	0	0.302	0.301	0.239	0.285	0.224	-14.15	-21.575	-64.925	0.285	0.557	1.165	0.55	0.716	2.25	4	6.062	9.363	12.4	0.433
2026-02-02 15:00:00	-93.1632	30.8017	0	5.912	7.225	87.357	102.232	0.898	211.875	0.905	221.775	0	0	2.688	0.128	0	0.303	0.301	0.239	0.284	0.224	-14.2	-21.6	-65.125	0.294	0.558	1.167	0.55	0.716	2.438	4	5.975	9.35	12.4	0.442
2026-02-02 16:00:00	-93.1632	30.8017	0	13.817	12.45	78.384	102.278	1.13	465.625	2.145	248.8	0	0	4.96	0.312	0	0.302	0.301	0.239	0.284	0.224	-14.1	-21.6	-65.425	0.31	0.564	1.168	0.551	0.716	3.675	4.15	5.888	9.325	12.4	0.382
2026-02-02 17:00:00	-93.1632	30.8017	0	18.317	14.975	66.095	102.23	1.125	622.15	2.735	254.05	0	0	6.528	0.578	0	0.299	0.3	0.239	0.284	0.224	-13.875	-21.6	-65.5	0.32	0.576	1.178	0.55	0.718	6.35	4.9	5.862	9.25	12.4	0.372
2026-02-02 18:00:00	-93.1632	30.8017	0	21.332	16.575	59.359	102.105	1.119	692.3	2.55	253.2	0	0	5.62	0.765	0	0.297	0.299	0.239	0.284	0.224	-13.65	-21.6	-65.775	0.326	0.587	1.184	0.551	0.72	8.625	5.975	5.95	9.25	12.4	0.337
2026-02-02 19:00:00	-93.1632	30.8017	0	21.9	17.925	53.25	101.968	1.093	602.575	2.732	249.7	0	0	6.487	0.958	0	0.295	0.298	0.239	0.284	0.224	-13.575	-21.6	-65.975	0.325	0.593	1.193	0.555	0.721	10.512	7.175	6.138	9.25	12.4	0.37
2026-02-02 20:00:00	-93.1632	30.8017	0	20.59	18.525	50.229	101.892	1.071	485.6	2.578	240.425	0	0	6	1.068	0	0.294	0.296	0.239	0.284	0.224	-13.65	-21.525	-66.075	0.325	0.596	1.202	0.556	0.716	11.713	8.275	6.45	9.175	12.325	0.377
2026-02-02 21:00:00	-93.1632	30.8017	0	15.748	18.3	49.815	101.845	1.048	274.725	2.545	230.95	0	0	5.908	1.055	0	0.293	0.295	0.239	0.284	0.224	-13.875	-21.5	-66.075	0.318	0.597	1.208	0.556	0.718	12.137	9.1	6.85	9.15	12.3	0.346
2026-02-02 22:00:00	-93.1632	30.8017	0	13.698	17.775	52.019	101.828	1.058	108.925	1.722	221.65	0	0	4.16	0.97	0	0.293	0.294	0.239	0.284	0.224	-14.15	-21.425	-66.225	0.314	0.596	1.211	0.556	0.72	11.775	9.575	7.275	9.15	12.3	0.376
2026-02-02 23:00:00	-93.1632	30.8017	0	11.523	16.125	60.341	101.828	1.105	41.55	1.238	209.425	0	0	3.087	0.73	0	0.293	0.294	0.239	0.284	0.224	-14.375	-21.4	-66.475	0.312	0.593	1.212	0.557	0.718	11.312	9.75	7.65	9.15	12.3	0.396
2026-02-03 00:00:00	-93.1632	30.8017	0	9.302	14.3	69.721	101.845	1.136	0	1.21	193.2	0	0	3.272	0.498	0	0.294	0.294	0.239	0.284	0.224	-14.6	-21.4	-66.575	0.31	0.589	1.213	0.557	0.717	10.762	9.775	7.987	9.15	12.3	NA
2026-02-03 01:00:00	-93.1632	30.8017	0	8.672	13.05	76.647	101.852	1.152	0	1.098	205.325	0	0	2.62	0.35	0	0.294	0.294	0.239	0.284	0.224	-14.825	-21.475	-66.65	0.308	0.584	1.209	0.558	0.715	10.113	9.65	8.262	9.175	12.3	NA
2026-02-03 02:00:00	-93.1632	30.8017	0	9.17	12.325	81.552	101.88	1.169	0	1.085	196.925	0	0	2.223	0.262	0	0.294	0.294	0.239	0.284	0.224	-15.025	-21.5	-66.925	0.306	0.583	1.205	0.557	0.717	9.637	9.45	8.412	9.238	12.275	NA
2026-02-03 03:00:00	-93.1632	30.8017	0	9.52	12.525	82.738	101.87	1.201	0	1.572	181.625	0	0	3.172	0.245	0	0.294	0.294	0.239	0.284	0.224	-15.1	-21.5	-67	0.308	0.581	1.203	0.557	0.717	9.5	9.325	8.55	9.275	12.2	NA
2026-02-03 04:00:00	-93.1632	30.8017	0	8.775	11.825	84.859	101.83	1.176	0	1.942	155.9	0	0	3.76	0.208	0	0.294	0.294	0.239	0.283	0.224	-15.1	-21.55	-67.025	0.307	0.583	1.208	0.556	0.717	9.375	9.275	8.65	9.338	12.2	NA
2026-02-03 05:00:00	-93.1632	30.8017	0	8.785	11.4	86.236	101.832	1.163	0	1.49	180.625	0	0	4.37	0.185	0	0.295	0.294	0.239	0.283	0.224	-15.1	-21.625	-67.25	0.307	0.581	1.207	0.556	0.717	9.188	9.2	8.688	9.4	12.2	NA
2026-02-03 06:00:00	-93.1632	30.8017	0	8.877	11.3	86.399	101.805	1.157	0	1.498	184.425	0	0	3.368	0.182	0	0.295	0.294	0.239	0.283	0.224	-15	-21.675	-67.4	0.309	0.58	1.204	0.56	0.719	9.125	9.125	8.75	9.475	12.2	NA
2026-02-03 07:00:00	-93.1632	30.8017	0	9.052	11.1	87.195	101.762	1.152	0	1.288	196.025	0	0	2.765	0.168	0	0.295	0.294	0.239	0.283	0.224	-15	-21.7	-67.4	0.309	0.582	1.206	0.559	0.718	9.05	9.1	8.75	9.512	12.2	NA
2026-02-03 08:00:00	-93.1632	30.8017	0	8.315	10.6	88.149	101.725	1.127	0	1	168.925	0	0	2.212	0.152	0	0.295	0.294	0.239	0.283	0.224	-14.925	-21.7	-67.625	0.31	0.581	1.206	0.557	0.718	9.038	9.1	8.838	9.6	12.2	NA
2026-02-03 09:00:00	-93.1632	30.8017	0	9.232	10.6	89.905	101.675	1.149	0	0.777	154.05	0	0	1.742	0.13	0	0.295	0.294	0.239	0.283	0.224	-14.9	-21.7	-67.8	0.31	0.581	1.208	0.557	0.717	8.95	9.025	8.85	9.625	12.2	NA
2026-02-03 10:00:00	-93.1632	30.8017	0	9.695	11.075	89.707	101.62	1.184	0	0.98	179.4	0	0	2.165	0.135	0	0.295	0.294	0.239	0.283	0.224	-14.9	-21.725	-67.825	0.311	0.582	1.208	0.557	0.718	9.025	9	8.85	9.7	12.2	NA
2026-02-03 11:00:00	-93.1632	30.8017	0	9.96	11.475	89.315	101.585	1.21	0	1.022	160.7	0	0	2.212	0.143	0	0.295	0.294	0.239	0.283	0.224	-14.9	-21.8	-67.95	0.312	0.582	1.208	0.559	0.718	9.162	9.075	8.875	9.712	12.2	NA
2026-02-03 12:00:00	-93.1632	30.8017	0	10.472	12.325	88.345	101.592	1.266	0	1.658	158.275	0	0	3.407	0.167	0	0.295	0.294	0.239	0.283	0.224	-14.825	-21.85	-68.2	0.312	0.583	1.207	0.559	0.718	9.312	9.125	8.938	9.8	12.2	NA
2026-02-03 13:00:00	-93.1632	30.8017	0	10.87	13	87.779	101.61	1.315	2.775	1.26	180.75	0	0	2.993	0.18	0	0.295	0.294	0.239	0.283	0.224	-14.8	-21.9	-68.35	0.312	0.583	1.205	0.56	0.72	9.512	9.225	8.95	9.8	12.2	NA
2026-02-03 14:00:00	-93.1632	30.8017	0	11.745	13.25	89.631	101.632	1.365	34.95	1.07	181.55	0	0	2.875	0.158	0	0.295	0.294	0.239	0.283	0.224	-14.7	-21.9	-68.575	0.315	0.585	1.203	0.558	0.718	9.75	9.35	8.988	9.888	12.2	0.452
2026-02-03 15:00:00	-93.1632	30.8017	0	13.63	14.25	89.569	101.663	1.456	105.45	1.062	193.75	0	0	2.862	0.17	0	0.295	0.293	0.239	0.283	0.224	-14.575	-21.95	-68.775	0.317	0.585	1.201	0.556	0.718	10.2	9.5	9.05	9.9	12.2	0.424
2026-02-03 16:00:00	-93.1632	30.8017	0.051	14.735	15	90.292	101.7	1.54	127.425	1.282	194.575	0	0	3.602	0.165	0	0.294	0.293	0.239	0.283	0.224	-14.425	-22	-68.875	0.321	0.588	1.2	0.556	0.716	10.95	9.75	9.125	9.912	12.2	0.423
2026-02-03 17:00:00	-93.1632	30.8017	0	17.55	15.9	93.347	101.652	1.687	273.875	1.193	199.475	0	0	3.393	0.12	0	0.294	0.292	0.239	0.282	0.224	-14.2	-22	-69.2	0.328	0.593	1.206	0.556	0.718	11.8	10.15	9.212	9.988	12.2	0.423
2026-02-03 18:00:00	-93.1632	30.8017	0	18.07	17.7	84.674	101.552	1.714	233.2	2.12	220.775	0	0	5.995	0.312	0	0.293	0.292	0.239	0.282	0.224	-13.975	-22	-69.3	0.332	0.598	1.213	0.556	0.72	12.863	10.675	9.338	10	12.2	0.386
2026-02-03 19:00:00	-93.1632	30.8017	0	18.442	18.575	76.313	101.455	1.633	244.25	3.215	226.875	0	0	8.525	0.508	0	0.292	0.291	0.239	0.282	0.224	-13.8	-22	-69.3	0.332	0.599	1.217	0.557	0.721	13.625	11.25	9.525	10.062	12.2	0.385
2026-02-03 20:00:00	-93.1632	30.8017	0	18.12	18.025	80.069	101.412	1.655	180.075	1.988	221.2	0	0	4.605	0.408	0	0.292	0.291	0.239	0.282	0.224	-13.75	-22	-69.4	0.331	0.603	1.221	0.557	0.719	14.037	11.75	9.725	10.1	12.2	0.383
2026-02-03 21:00:00	-93.1632	30.8017	0	18.472	18.6	78.393	101.368	1.68	162.3	2.08	216.775	0	0	5.168	0.462	0	0.292	0.29	0.239	0.282	0.224	-13.8	-22	-69.675	0.333	0.603	1.223	0.555	0.721	14.387	12.15	9.988	10.125	12.2	0.381
2026-02-03 22:00:00	-93.1632	30.8017	0	17.358	18.525	76.32	101.355	1.628	98.475	2.297	223.05	0	0	5.612	0.508	0	0.291	0.29	0.239	0.282	0.224	-13.825	-21.925	-69.825	0.331	0.603	1.225	0.555	0.72	14.512	12.5	10.238	10.175	12.2	0.381
2026-02-03 23:00:00	-93.1632	30.8017	0	15.762	17.825	78.051	101.375	1.593	21.65	1.468	228.35	0	0	4.037	0.45	0	0.291	0.29	0.239	0.282	0.224	-13.925	-21.9	-70.05	0.328	0.602	1.224	0.558	0.722	14.387	12.7	10.5	10.225	12.2	0.374
2026-02-04 00:00:00	-93.1632	30.8017	0	14.207	16.525	84.692	101.383	1.592	0	0.665	206.05	0	0	1.678	0.285	0	0.292	0.29	0.239	0.282	0.224	-14	-21.9	-70.275	0.326	0.6	1.221	0.558	0.723	14.062	12.8	10.713	10.275	12.25	NA
2026-02-04 01:00:00	-93.1632	30.8017	0	13.892	15.725	89.238	101.38	1.594	0	0.728	144.125	10.75	1	2.02	0.19	0	0.292	0.29	0.239	0.282	0.224	-14	-21.9	-70.325	0.325	0.599	1.222	0.56	0.722	13.688	12.775	10.913	10.338	12.3	NA
2026-02-04 02:00:00	-93.1632	30.8017	2.093	14.305	15.875	90.163	101.4	1.626	0	1.22	73.55	2.75	1	2.965	0.178	0.031	0.294	0.291	0.24	0.281	0.224	-13.975	-21.95	-70.575	0.328	0.597	1.218	0.558	0.724	13.45	12.7	11.062	10.425	12.3	NA
2026-02-04 03:00:00	-93.1632	30.8017	4.405	13.652	14.25	95.57	101.392	1.553	0	0.792	215.55	4.25	0.25	2.322	0.07	0.012	0.295	0.293	0.24	0.281	0.224	-13.675	-21.975	-70.725	0.364	0.598	1.22	0.56	0.724	13.387	12.7	11.175	10.475	12.3	NA
2026-02-04 04:00:00	-93.1632	30.8017	1.634	13.488	14.2	96.496	101.372	1.563	0	0.785	126.425	0	0	1.683	0.055	0.007	0.298	0.294	0.24	0.281	0.224	-12.7	-22.025	-70.775	0.382	0.605	1.222	0.559	0.726	13.238	12.625	11.275	10.562	12.3	NA
