2026-01-01 06:00:00	-91.1593	32.4444	0	2.008	6.925	54.094	101.648	0.539	0	0.617	240.9	0	0	1.345	0.458	0	0.313	0.382	0.428	0.468	0.463	-45.65	-18.5	-1.8	1.862	3.471	3.265	3.433	3.774	9.825	11.925	13.3	15.55	17.3	NA
2026-01-01 07:00:00	-91.1593	32.4444	0	1.62	6.15	58.03	101.638	0.548	0	0.597	158.625	0	0	1.128	0.397	0	0.313	0.382	0.428	0.468	0.463	-45.875	-18.5	-1.8	1.86	3.47	3.26	3.434	3.774	9.625	11.825	13.3	15.512	17.3	NA
2026-01-01 08:00:00	-91.1593	32.4444	0	1	4.5	64.955	101.62	0.547	0	0.71	116.975	0	0	1.128	0.298	0	0.313	0.381	0.428	0.468	0.463	-46.075	-18.5	-1.8	1.856	3.468	3.262	3.434	3.775	9.438	11.725	13.238	15.5	17.3	NA
2026-01-01 09:00:00	-91.1593	32.4444	0	0.527	4.025	68.466	101.612	0.558	0	0.657	117.7	0	0	0.985	0.258	0	0.313	0.381	0.428	0.468	0.463	-46.35	-18.5	-1.8	1.852	3.469	3.261	3.434	3.775	9.225	11.6	13.2	15.488	17.3	NA
2026-01-01 10:00:00	-91.1593	32.4444	0	0.282	3.825	69.836	101.602	0.561	0	0.723	121.725	0	0	1.068	0.242	0	0.313	0.381	0.428	0.468	0.463	-47.225	-18.475	-1.8	1.848	3.466	3.26	3.437	3.777	9.012	11.475	13.188	15.45	17.2	NA
2026-01-01 11:00:00	-91.1593	32.4444	0	0.365	3.5	71.916	101.56	0.565	0	0.935	118.075	0	0	1.31	0.22	0	0.313	0.381	0.428	0.468	0.463	-47.75	-18.425	-1.8	1.846	3.459	3.258	3.438	3.777	8.825	11.375	13.15	15.45	17.2	NA
2026-01-01 12:00:00	-91.1593	32.4444	0	0.038	2.475	75.723	101.558	0.553	0	0.745	103.225	0	0	1.34	0.178	0	0.312	0.381	0.428	0.468	0.463	-47.95	-18.4	-1.8	1.842	3.462	3.26	3.438	3.776	8.662	11.25	13.125	15.4	17.2	NA
2026-01-01 13:00:00	-91.1593	32.4444	0	0.975	3.15	76.72	101.592	0.588	8.15	0.785	103.6	0	0	1.405	0.18	0	0.312	0.381	0.428	0.468	0.463	-48.3	-18.4	-1.8	1.84	3.466	3.254	3.438	3.778	8.488	11.15	13.05	15.4	17.2	0.324
2026-01-01 14:00:00	-91.1593	32.4444	0	6.78	6.9	73.579	101.648	0.731	77.6	0.77	157.05	0	0	1.59	0.268	0	0.312	0.381	0.428	0.468	0.463	-48.475	-18.4	-1.8	1.838	3.458	3.254	3.436	3.778	8.412	11.05	13.025	15.4	17.2	0.388
2026-01-01 15:00:00	-91.1593	32.4444	0	12.348	11.375	57.527	101.71	0.772	245.125	2.817	247.175	0	0	4.678	0.575	0	0.312	0.381	0.428	0.468	0.463	-48.725	-18.35	-1.8	1.839	3.458	3.254	3.441	3.773	8.588	11	12.95	15.35	17.2	0.468
2026-01-01 16:00:00	-91.1593	32.4444	0	18.61	14.575	45.264	101.71	0.75	396	3.257	255.85	0	0	5.245	0.91	0	0.312	0.38	0.428	0.468	0.463	-48.775	-18.35	-1.8	1.849	3.462	3.25	3.439	3.778	9.088	11	12.925	15.35	17.2	0.438
2026-01-01 17:00:00	-91.1593	32.4444	0	23.262	17	37.37	101.615	0.723	481.825	3.55	255.125	0	0	6.062	1.212	0	0.312	0.38	0.428	0.468	0.463	-48.575	-18.3	-1.8	1.864	3.466	3.25	3.436	3.776	10.012	11.05	12.85	15.3	17.2	0.354
2026-01-01 18:00:00	-91.1593	32.4444	0	26.082	19.05	31.453	101.488	0.693	484.175	4.008	253.5	0	0	7.883	1.51	0	0.312	0.38	0.428	0.468	0.463	-48.475	-18.325	-1.8	1.88	3.474	3.251	3.439	3.775	11.113	11.25	12.838	15.3	17.2	0.314
2026-01-01 19:00:00	-91.1593	32.4444	0	26.375	20.2	29.233	101.375	0.692	420.2	3.8	246.725	0	0	7.222	1.68	0	0.313	0.38	0.428	0.468	0.463	-48.25	-18.3	-1.8	1.892	3.487	3.254	3.438	3.773	12.113	11.525	12.762	15.3	17.2	0.326
2026-01-01 20:00:00	-91.1593	32.4444	0	24.63	20.925	27.63	101.305	0.684	359.375	3.688	229.5	0	0	7.472	1.79	0	0.313	0.381	0.428	0.468	0.463	-48.2	-18.3	-1.8	1.897	3.498	3.26	3.439	3.775	12.963	11.825	12.762	15.25	17.2	0.33
2026-01-01 21:00:00	-91.1593	32.4444	0	20.69	20.675	27.829	101.265	0.678	209.25	4.305	234.725	0	0	7.545	1.758	0	0.314	0.381	0.428	0.467	0.463	-48.15	-18.3	-1.8	1.893	3.511	3.26	3.441	3.778	13.425	12.125	12.8	15.238	17.175	0.329
2026-01-01 22:00:00	-91.1593	32.4444	0	15.928	19.3	30.023	101.235	0.671	64.325	2.455	229.525	0	0	5.12	1.567	0	0.314	0.381	0.428	0.467	0.462	-48.35	-18.3	-1.8	1.883	3.515	3.27	3.441	3.779	13.6	12.4	12.812	15.2	17.1	0.326
2026-01-01 23:00:00	-91.1593	32.4444	0	12.322	17.6	32.276	101.24	0.649	3.025	1.268	208.7	0	0	2.663	1.365	0	0.314	0.382	0.428	0.467	0.462	-48.7	-18.3	-1.8	1.871	3.515	3.277	3.443	3.777	13.475	12.6	12.85	15.2	17.1	NA
2026-01-02 00:00:00	-91.1593	32.4444	0	9.01	14.375	38.432	101.243	0.629	0	0.743	148.45	0	0	1.398	1.012	0	0.314	0.382	0.428	0.467	0.462	-49.225	-18.3	-1.8	1.857	3.508	3.279	3.442	3.777	13.175	12.725	12.95	15.2	17.1	NA
2026-01-02 01:00:00	-91.1593	32.4444	0	7.88	12.6	43.439	101.232	0.633	0	0.74	133.225	0	0	1.46	0.823	0	0.314	0.382	0.428	0.467	0.462	-49.7	-18.3	-1.8	1.845	3.505	3.28	3.444	3.779	12.8	12.8	12.988	15.162	17.1	NA
2026-01-02 02:00:00	-91.1593	32.4444	0	9.023	12.425	46.19	101.213	0.666	0	0.893	135.725	0	0	1.652	0.772	0	0.314	0.382	0.428	0.467	0.462	-50.15	-18.3	-1.8	1.834	3.503	3.281	3.445	3.775	12.413	12.8	13.062	15.15	17.1	NA
2026-01-02 03:00:00	-91.1593	32.4444	0	10.117	13.55	45.136	101.192	0.701	0	0.867	195.4	0	0	1.973	0.85	0	0.314	0.382	0.428	0.467	0.462	-50.575	-18.3	-1.8	1.83	3.494	3.279	3.446	3.777	12.15	12.8	13.1	15.1	17.1	NA
2026-01-02 04:00:00	-91.1593	32.4444	0	10.55	14.05	46.44	101.198	0.745	0	0.978	203.15	0	0	2.573	0.857	0	0.314	0.382	0.428	0.467	0.462	-50.95	-18.275	-1.8	1.824	3.493	3.277	3.447	3.776	12.012	12.725	13.175	15.1	17.1	NA
2026-01-02 05:00:00	-91.1593	32.4444	0	10.42	13.4	51.569	101.165	0.793	0	1.05	205.3	0	0	2.668	0.745	0	0.314	0.382	0.428	0.467	0.462	-51.2	-18.225	-1.8	1.822	3.496	3.276	3.446	3.778	11.95	12.7	13.2	15.1	17.1	NA
2026-01-02 06:00:00	-91.1593	32.4444	0	11.065	13.225	57.482	101.115	0.873	0	1.065	193.175	0	0	2.545	0.645	0	0.314	0.382	0.428	0.467	0.462	-51.55	-18.2	-1.8	1.821	3.49	3.276	3.441	3.778	11.85	12.7	13.212	15.1	17.1	NA
2026-01-02 07:00:00	-91.1593	32.4444	0	11.06	13.275	61.851	101.078	0.943	0	0.83	208.325	0	0	1.948	0.58	0	0.314	0.382	0.428	0.467	0.462	-51.725	-18.2	-1.8	1.823	3.489	3.275	3.446	3.776	11.85	12.7	13.275	15.075	17.1	NA
2026-01-02 08:00:00	-91.1593	32.4444	0	10.412	12.8	68.738	101.028	1.016	0	0.902	161.975	0	0	1.872	0.462	0	0.314	0.382	0.428	0.467	0.462	-52.05	-18.2	-1.8	1.819	3.488	3.274	3.45	3.778	11.85	12.65	13.3	15.05	17.075	NA
2026-01-02 09:00:00	-91.1593	32.4444	0	11.325	12.9	74.531	100.95	1.109	0	0.84	150.975	0	0	1.547	0.38	0	0.314	0.382	0.428	0.467	0.462	-52.3	-18.15	-1.8	1.816	3.483	3.274	3.448	3.779	11.85	12.6	13.3	15.05	17	NA
2026-01-02 10:00:00	-91.1593	32.4444	0	12.525	13.75	77.657	100.892	1.222	0	1.388	201.5	0	0	2.837	0.352	0	0.314	0.382	0.428	0.467	0.462	-52.475	-18.125	-1.8	1.82	3.483	3.273	3.45	3.779	11.912	12.6	13.3	15.05	17	NA
2026-01-02 11:00:00	-91.1593	32.4444	0	12.707	14.05	78.655	100.84	1.261	0	1.257	191.5	0	0	2.585	0.342	0	0.314	0.382	0.428	0.467	0.462	-52.675	-18.1	-1.775	1.821	3.484	3.273	3.452	3.779	12	12.675	13.3	15.05	17	NA
2026-01-02 12:00:00	-91.1593	32.4444	0	12.172	13.425	82.747	100.8	1.274	0	1.153	137.1	0	0	2.21	0.265	0	0.314	0.382	0.428	0.467	0.462	-52.675	-18.1	-1.7	1.82	3.495	3.273	3.453	3.782	12.112	12.7	13.3	15.012	17	NA
2026-01-02 13:00:00	-91.1593	32.4444	0	12.445	13.3	85.436	100.752	1.305	3.35	1.725	130.25	0	0	3.015	0.22	0	0.314	0.382	0.428	0.467	0.462	-52.75	-18.1	-1.7	1.818	3.497	3.273	3.453	3.784	12.2	12.7	13.3	15	17	NA
2026-01-02 14:00:00	-91.1593	32.4444	0	14.62	14.7	83.026	100.732	1.389	56.325	2.075	150.9	0	0	3.772	0.28	0	0.314	0.382	0.428	0.467	0.462	-52.85	-18.1	-1.7	1.822	3.496	3.273	3.453	3.785	12.288	12.725	13.312	15	17	0.334
2026-01-02 15:00:00	-91.1593	32.4444	0	18.492	16.875	80.049	100.702	1.539	173.15	2.33	173.3	0	0	4.36	0.385	0	0.314	0.382	0.428	0.467	0.462	-53.05	-18.1	-1.7	1.824	3.494	3.273	3.451	3.78	12.525	12.8	13.35	15	17	0.328
2026-01-02 16:00:00	-91.1593	32.4444	0	23.048	19.575	76.661	100.662	1.746	274.875	2.923	197.5	0	0	5.705	0.527	0	0.314	0.383	0.428	0.467	0.462	-52.875	-18.1	-1.7	1.832	3.493	3.27	3.453	3.779	13.05	12.9	13.35	15	17	0.334
2026-01-02 17:00:00	-91.1593	32.4444	0	24.15	20.6	74.808	100.56	1.815	235.625	3.195	205.05	0	0	8.062	0.607	0	0.314	0.383	0.428	0.467	0.462	-52.575	-18.1	-1.7	1.841	3.499	3.27	3.451	3.78	13.762	13.05	13.4	15	17	0.317
2026-01-02 18:00:00	-91.1593	32.4444	0	25.89	22.05	70.616	100.402	1.872	285.85	4.68	218.2	0	0	9.883	0.777	0	0.314	0.383	0.429	0.467	0.462	-52.3	-18.1	-1.7	1.846	3.506	3.267	3.448	3.781	14.475	13.275	13.4	15	17	0.318
2026-01-02 19:00:00	-91.1593	32.4444	0	25.61	22.95	66.491	100.25	1.862	226.675	4.815	221.3	0	0	9.088	0.938	0	0.315	0.383	0.429	0.467	0.462	-51.95	-18.1	-1.7	1.848	3.51	3.274	3.449	3.775	15.125	13.525	13.425	15	16.975	0.321
2026-01-02 20:00:00	-91.1593	32.4444	0	25.193	23.775	63.099	100.175	1.857	181.55	5.67	226.625	0	0	11.095	1.087	0	0.315	0.384	0.429	0.467	0.462	-51.675	-18.1	-1.7	1.85	3.511	3.272	3.45	3.777	15.6	13.8	13.462	15	16.9	0.324
2026-01-02 21:00:00	-91.1593	32.4444	0	24.663	24.4	60.882	100.14	1.861	135.525	4.41	224.925	0	0	8.695	1.192	0	0.316	0.384	0.429	0.467	0.462	-51.6	-18.1	-1.7	1.849	3.516	3.275	3.448	3.783	16	14.075	13.55	15	16.9	0.324
2026-01-02 22:00:00	-91.1593	32.4444	0	23.002	24.525	59.947	100.128	1.846	66.6	3.35	224.4	0	0	6.65	1.235	0	0.316	0.384	0.429	0.467	0.462	-51.6	-18.1	-1.7	1.846	3.518	3.28	3.451	3.779	16.262	14.3	13.612	15	16.9	0.324
