2026-02-02 21:00:00	-91.3478	30.9812	0.34	19.255	16.525	39.104	101.402	0.735	420.15	3.115	226.3	0	0	6.54	1.145	0	0.374	0.355	0.348	0.343	0.241	-40.325	-68.775	-61.55	0.41	0.447	0.502	0.288	0.178	13.45	11.7	11.062	11.225	13.8	0.29
2026-02-02 22:00:00	-91.3478	30.9812	0	15.098	16.25	40.312	101.368	0.745	210.325	2.765	224.025	0	0	5.658	1.102	0	0.374	0.355	0.35	0.343	0.242	-34.475	-61.575	-56.425	0.413	0.463	0.522	0.293	0.18	12.312	10.65	9.45	10.213	13.275	0.248
2026-02-02 23:00:00	-91.3478	30.9812	0	8.605	14.325	44.193	101.36	0.721	15.175	1.462	226	0	0	2.878	0.912	0	0.376	0.355	0.35	0.344	0.242	-34.5	-58.775	-54.025	0.407	0.464	0.529	0.295	0.181	11.363	10.35	9.05	9.912	13.075	0.304
2026-02-03 00:00:00	-91.3478	30.9812	0	5.52	11.525	52.029	101.348	0.706	0	0.69	227.2	10	0.25	1.435	0.652	0	0.378	0.355	0.351	0.344	0.243	-34.875	-56.8	-51.75	0.4	0.464	0.532	0.295	0.18	10.35	10.15	9	9.775	13	NA
2026-02-03 01:00:00	-91.3478	30.9812	0	6.21	11.625	56.798	101.358	0.777	0	2.185	223.65	0	0	3.812	0.59	0	0.378	0.356	0.351	0.344	0.243	-35.25	-55.15	-50.1	0.394	0.463	0.533	0.296	0.18	9.512	9.925	9.012	9.712	12.95	NA
2026-02-03 02:00:00	-91.3478	30.9812	0	6.07	10.6	65.026	101.368	0.831	0	2.525	222.775	0	0	4.348	0.448	0	0.379	0.356	0.351	0.345	0.243	-35.375	-53.65	-48.55	0.391	0.462	0.533	0.296	0.18	8.963	9.675	9.062	9.7	12.9	NA
2026-02-03 03:00:00	-91.3478	30.9812	0	5.742	9.675	70.865	101.368	0.851	0	2.487	214.475	0	0	4.082	0.35	0	0.379	0.356	0.351	0.345	0.243	-35.375	-52.325	-47.025	0.386	0.46	0.532	0.296	0.18	8.613	9.45	9.1	9.712	12.9	NA
2026-02-03 04:00:00	-91.3478	30.9812	0	5.735	8.9	74.676	101.365	0.851	0	1.938	221.8	0	0	3.447	0.29	0	0.38	0.357	0.351	0.345	0.244	-35.25	-51.075	-45.65	0.383	0.459	0.53	0.297	0.179	8.363	9.25	9.1	9.8	12.9	NA
2026-02-03 05:00:00	-91.3478	30.9812	0	5.148	8.425	76.387	101.35	0.843	0	1.81	220.075	0	0	3.415	0.26	0	0.38	0.357	0.352	0.345	0.244	-35.075	-49.95	-44.325	0.379	0.458	0.529	0.298	0.179	8.188	9.1	9.112	9.8	12.8	NA
2026-02-03 06:00:00	-91.3478	30.9812	0	4.935	7.925	77.041	101.305	0.822	0	1.888	212.6	0	0	3.093	0.242	0	0.38	0.357	0.352	0.345	0.244	-34.85	-48.95	-43.175	0.376	0.458	0.529	0.297	0.18	7.925	8.95	9.125	9.838	12.8	NA
2026-02-03 07:00:00	-91.3478	30.9812	0	4.987	8	75.459	101.235	0.81	0	1.812	210.7	0	0	2.918	0.26	0	0.38	0.357	0.352	0.345	0.244	-34.8	-47.925	-42.075	0.372	0.457	0.529	0.298	0.18	7.75	8.825	9.1	9.9	12.8	NA
2026-02-03 08:00:00	-91.3478	30.9812	0	5.26	7.975	76.078	101.22	0.815	0	1.557	215.3	0	0	2.332	0.255	0	0.38	0.357	0.352	0.345	0.244	-34.7	-47	-41.025	0.366	0.458	0.53	0.299	0.18	7.612	8.725	9.1	9.9	12.8	NA
2026-02-03 09:00:00	-91.3478	30.9812	0	5.442	8	77.644	101.19	0.833	0	1.525	212.625	0	0	2.69	0.24	0	0.38	0.358	0.352	0.345	0.244	-34.375	-46.075	-40	0.365	0.459	0.531	0.298	0.182	7.562	8.6	9.037	9.925	12.8	NA
2026-02-03 10:00:00	-91.3478	30.9812	0	5.432	8.25	79.476	101.147	0.867	0	1.562	203.475	0	0	2.777	0.222	0	0.38	0.358	0.352	0.345	0.244	-34.2	-45.2	-39	0.362	0.458	0.53	0.298	0.182	7.525	8.525	9	9.975	12.8	NA
2026-02-03 11:00:00	-91.3478	30.9812	0	5.105	8.25	81.589	101.128	0.89	0	1.645	204	0	0	3.22	0.202	0	0.38	0.358	0.352	0.345	0.244	-33.95	-44.35	-38	0.358	0.457	0.53	0.298	0.182	7.463	8.5	9	10	12.775	NA
2026-02-03 12:00:00	-91.3478	30.9812	0	5.442	7.525	84.156	101.117	0.874	0	1.367	196.3	0	0	2.743	0.165	0	0.38	0.358	0.352	0.346	0.245	-33.7	-43.425	-37.025	0.355	0.456	0.531	0.297	0.182	7.4	8.4	8.962	10	12.7	NA
2026-02-03 13:00:00	-91.3478	30.9812	0	6.78	7.475	85.667	101.138	0.887	26.45	1.112	190.525	0	0	2.322	0.148	0	0.38	0.358	0.352	0.346	0.245	-33.575	-42.7	-36.15	0.354	0.457	0.529	0.298	0.182	7.413	8.375	8.95	10	12.7	0.304
2026-02-03 14:00:00	-91.3478	30.9812	0	10.535	10.15	83.186	101.178	1.032	104.8	2.143	203.125	0	0	3.975	0.208	0	0.38	0.358	0.352	0.346	0.245	-33.25	-41.875	-35.25	0.352	0.456	0.527	0.298	0.182	7.825	8.35	8.95	10	12.7	0.275
2026-02-03 15:00:00	-91.3478	30.9812	0.051	12.867	12.65	79.242	101.205	1.161	170.4	2.692	214	8.75	1.25	5.505	0.302	0	0.379	0.358	0.352	0.346	0.245	-32.85	-41.075	-34.375	0.354	0.46	0.527	0.296	0.182	8.7	8.45	8.887	10	12.7	0.28
2026-02-03 16:00:00	-91.3478	30.9812	0.034	14.867	14.425	79.001	101.202	1.298	230.95	2.835	218.425	0	0	5.407	0.342	0	0.379	0.358	0.352	0.345	0.245	-32.225	-40.325	-33.625	0.358	0.465	0.527	0.296	0.183	9.688	8.7	8.887	10	12.7	0.277
2026-02-03 17:00:00	-91.3478	30.9812	0	15.203	15.6	72.057	101.168	1.277	164.325	2.952	223.2	0	0	6.185	0.498	0	0.378	0.358	0.352	0.346	0.245	-31.45	-39.575	-32.95	0.362	0.462	0.53	0.298	0.182	10.713	9.05	8.9	10	12.7	0.273
2026-02-03 18:00:00	-91.3478	30.9812	0.017	16.265	15.85	73.082	101.078	1.316	192.975	1.683	232.55	0	0	3.85	0.485	0	0.378	0.358	0.352	0.346	0.245	-30.975	-38.925	-32.3	0.366	0.465	0.533	0.297	0.184	11.238	9.45	8.988	10	12.7	0.273
2026-02-03 19:00:00	-91.3478	30.9812	0.034	16.935	15.95	77.22	101.018	1.4	237.225	1.872	228.475	0	0	4.022	0.41	0	0.377	0.357	0.352	0.346	0.245	-30.325	-38.275	-31.65	0.376	0.469	0.532	0.298	0.184	11.812	9.85	9.05	10	12.7	0.28
2026-02-03 20:00:00	-91.3478	30.9812	0.476	15.928	15.825	80.795	100.94	1.452	164.775	2.388	223.3	0	0	4.265	0.348	0	0.378	0.357	0.352	0.346	0.245	-29.625	-37.575	-31.1	0.384	0.475	0.534	0.3	0.185	12.463	10.225	9.175	10.038	12.7	0.307
2026-02-03 21:00:00	-91.3478	30.9812	0	15.652	15.725	86.211	100.888	1.54	119.675	1.78	229.65	0	0	3.72	0.248	0	0.377	0.357	0.352	0.346	0.245	-29	-36.95	-30.475	0.385	0.478	0.536	0.3	0.184	12.738	10.55	9.312	10.088	12.7	0.326
2026-02-03 22:00:00	-91.3478	30.9812	0	14.552	16.125	82.801	100.87	1.518	46.4	2.107	223.675	0	0	4.02	0.315	0	0.377	0.357	0.352	0.346	0.246	-28.025	-36.275	-29.95	0.387	0.475	0.538	0.3	0.184	12.788	10.875	9.45	10.1	12.7	0.32
2026-02-03 23:00:00	-91.3478	30.9812	0.085	13.29	15.225	84.626	100.87	1.463	5.1	1	246.2	0	0	2.015	0.268	0	0.377	0.357	0.352	0.346	0.246	-27.025	-35.7	-29.425	0.386	0.477	0.537	0.3	0.185	12.575	11.05	9.612	10.125	12.7	0.347
2026-02-04 00:00:00	-91.3478	30.9812	0	12.7	14.775	86.642	100.85	1.456	0	1.425	221.425	0	0	2.502	0.227	0	0.377	0.357	0.352	0.346	0.246	-25.95	-35.075	-28.85	0.386	0.476	0.538	0.299	0.184	12.275	11.175	9.775	10.15	12.7	NA
2026-02-04 01:00:00	-91.3478	30.9812	0	12.72	15.05	85.208	100.832	1.458	0	1.708	220.875	0	0	2.94	0.25	0	0.377	0.357	0.352	0.346	0.246	-24.725	-34.5	-28.375	0.384	0.472	0.536	0.298	0.184	12.075	11.2	9.912	10.238	12.7	NA
2026-02-04 02:00:00	-91.3478	30.9812	0.119	12.602	14.9	85.476	100.798	1.448	0	1.855	220.45	0	0	3.295	0.245	0	0.377	0.357	0.352	0.346	0.246	-23.475	-33.925	-27.875	0.372	0.471	0.538	0.298	0.184	11.95	11.225	10.038	10.262	12.7	NA
2026-02-04 03:00:00	-91.3478	30.9812	0	12.788	15	85.469	100.812	1.458	0	1.985	229.075	0	0	3.913	0.248	0	0.377	0.357	0.352	0.346	0.246	-22.35	-33.35	-27.375	0.375	0.471	0.537	0.299	0.184	11.9	11.3	10.15	10.35	12.7	NA
2026-02-04 04:00:00	-91.3478	30.9812	0	12.562	14.7	86.945	100.8	1.454	0	1.99	225.075	0	0	3.745	0.218	0	0.377	0.357	0.352	0.346	0.246	-21.075	-32.8	-26.9	0.375	0.469	0.538	0.3	0.184	11.9	11.3	10.25	10.388	12.7	NA
2026-02-04 05:00:00	-91.3478	30.9812	1.703	12.94	14.175	92.187	100.812	1.49	0	2.078	228	0	0	4.547	0.125	0.082	0.378	0.357	0.352	0.346	0.246	-19.675	-32.3	-26.425	0.381	0.478	0.537	0.3	0.187	11.9	11.3	10.325	10.45	12.7	NA
2026-02-04 06:00:00	-91.3478	30.9812	6.222	12.905	13.6	96.373	100.83	1.501	0	1.393	235.075	0	0	3.46	0.055	0.016	0.389	0.362	0.354	0.345	0.246	-16.15	-26.65	-25.225	0.488	0.493	0.54	0.3	0.187	12.062	11.425	10.388	10.512	12.7	NA
2026-02-04 07:00:00	-91.3478	30.9812	3.847	12.537	13.225	97.93	100.803	1.489	0	1.292	223.475	0	0	2.837	0.032	0.003	0.412	0.369	0.367	0.38	0.334	-13.475	-1.725	-2.8	0.638	0.505	0.559	0.416	0.238	12.35	11.825	10.9	10.588	12.5	NA
2026-02-04 08:00:00	-91.3478	30.9812	0.953	12.113	13.05	98.374	100.768	1.478	0	0.675	233.175	0	0	1.498	0.022	0.002	0.414	0.392	0.419	0.408	0.425	-11.75	-1.625	-1.1	0.673	0.49	0.573	0.462	0.294	12.312	12.05	11.35	10.875	12.425	NA
2026-02-04 09:00:00	-91.3478	30.9812	0.425	12.078	12.975	98.608	100.77	1.474	0	0.485	302.275	0	0	1.292	0.02	0	0.416	0.405	0.434	0.41	0.428	-10.575	-1.6	-1.1	0.713	0.486	0.599	0.464	0.303	12.137	12.025	11.25	10.863	12.525	NA
2026-02-04 10:00:00	-91.3478	30.9812	0.034	12.258	12.875	99.524	100.785	1.479	0	1.165	12.1	0	0	3.42	0.007	0	0.416	0.405	0.435	0.412	0.428	-8.95	-1.525	-1.1	0.748	0.488	0.62	0.465	0.311	12.125	11.95	11.2	10.95	12.6	NA
2026-02-04 11:00:00	-91.3478	30.9812	0	11.755	11.975	99.753	100.858	1.398	0	1.242	13.35	0	0	4.098	0	0	0.416	0.405	0.435	0.412	0.428	-7.05	-1.5	-1.1	0.783	0.492	0.641	0.466	0.318	12.1	11.9	11.2	10.95	12.6	NA
2026-02-04 12:00:00	-91.3478	30.9812	0	9.892	9.175	99.831	100.942	1.161	0	1.223	42	0	0	4.207	0	0	0.417	0.405	0.435	0.412	0.427	-5.825	-1.475	-1.1	0.816	0.493	0.653	0.472	0.322	11.887	11.9	11.2	11.05	12.6	NA
2026-02-04 13:00:00	-91.3478	30.9812	0	7.237	7.025	96.514	101.02	0.969	15.975	0.795	18.45	0	0	3	0.038	0	0.418	0.405	0.434	0.412	0.427	-4.925	-1.375	-1.1	0.839	0.496	0.654	0.483	0.328	11.213	11.725	11.175	11.05	12.6	0.337
2026-02-04 14:00:00	-91.3478	30.9812	0	8.802	6.25	99.258	101.115	0.945	197.2	0.807	101.325	0	0	3.87	0.005	0	0.419	0.406	0.435	0.412	0.427	-3.9	-1.3	-1.1	0.857	0.497	0.665	0.491	0.334	10.475	11.45	11.1	11.05	12.6	0.341
2026-02-04 15:00:00	-91.3478	30.9812	0	11.912	7.275	93.769	101.245	0.957	392.925	0.953	31.2	0	0	3.53	0.068	0	0.419	0.406	0.434	0.412	0.427	-3.25	-1.225	-1.1	0.87	0.498	0.677	0.498	0.339	10.775	11.125	10.962	11.1	12.6	0.33
2026-02-04 16:00:00	-91.3478	30.9812	0	14.78	8.875	80.247	101.29	0.913	569.225	1.185	103.55	0	0	4.412	0.228	0	0.418	0.405	0.434	0.412	0.427	-2.575	-1.2	-1.1	0.859	0.498	0.67	0.506	0.346	11.9	11.175	10.95	11.112	12.625	0.32
2026-02-04 17:00:00	-91.3478	30.9812	0	17.465	10.725	68.047	101.273	0.876	692.35	1.188	111.425	0	0	4.083	0.412	0	0.416	0.405	0.435	0.412	0.427	-2.15	-1.175	-1.1	0.765	0.496	0.663	0.511	0.352	13.262	11.575	10.962	11.15	12.7	0.326
2026-02-04 18:00:00	-91.3478	30.9812	0	18.623	11.5	61.201	101.208	0.831	736.95	1.288	174.65	0	0	4.688	0.525	0	0.411	0.404	0.435	0.412	0.426	-1.775	-1.1	-1	0.661	0.494	0.658	0.515	0.36	14.675	12.2	11.062	11.15	12.7	0.318
2026-02-04 19:00:00	-91.3478	30.9812	0	18.433	11.85	55.063	101.132	0.764	684.975	1.485	13.975	0	0	5.33	0.623	0	0.408	0.402	0.435	0.412	0.426	-1.575	-1.1	-1	0.611	0.49	0.655	0.519	0.366	15.55	12.825	11.213	11.15	12.7	0.325
2026-02-04 20:00:00	-91.3478	30.9812	0	17.637	11.975	52.663	101.12	0.738	531.25	1.372	180.2	0	0	4.81	0.66	0	0.404	0.391	0.433	0.412	0.426	-1.375	-1.1	-1	0.592	0.478	0.663	0.522	0.372	16.25	13.325	11.362	11.175	12.7	0.3
2026-02-04 21:00:00	-91.3478	30.9812	0	15.322	11.3	53.571	101.17	0.718	423.525	1.38	13.35	0	0	5.152	0.623	0	0.398	0.371	0.426	0.412	0.426	-1.275	-1.1	-1	0.584	0.488	0.588	0.522	0.377	16.137	13.6	11.438	11.238	12.7	0.293
2026-02-04 22:00:00	-91.3478	30.9812	0	12.062	10.425	54.969	101.218	0.695	220.95	1.302	176.05	0	0	4.753	0.565	0	0.397	0.368	0.386	0.411	0.426	-1.2	-1.05	-1	0.565	0.491	0.586	0.522	0.383	15.275	13.775	11.575	11.25	12.725	0.282
2026-02-04 23:00:00	-91.3478	30.9812	0	7.953	8.95	57.54	101.265	0.659	22.225	1.028	279.575	0	0	3.82	0.488	0	0.398	0.367	0.374	0.411	0.426	-1.175	-1	-1	0.555	0.488	0.603	0.52	0.385	13.988	13.7	11.713	11.288	12.8	0.304
2026-02-05 00:00:00	-91.3478	30.9812	0	5.978	7.35	59.133	101.32	0.607	0	0.7	268.575	0	0	2.98	0.42	0	0.399	0.367	0.372	0.411	0.426	-1.075	-1	-1	0.548	0.487	0.604	0.521	0.39	12.637	13.375	11.838	11.35	12.8	NA
2026-02-05 01:00:00	-91.3478	30.9812	0	4.945	6.075	63.629	101.352	0.598	0	0.49	211.65	10	0.25	2.192	0.342	0	0.4	0.367	0.371	0.41	0.425	-1	-1	-1	0.54	0.485	0.602	0.523	0.394	11.5	12.95	11.938	11.4	12.8	NA
2026-02-05 02:00:00	-91.3478	30.9812	0	4.082	4.675	70.35	101.332	0.6	0	0.495	212.725	38	2	1.138	0.252	0	0.401	0.367	0.371	0.409	0.425	-0.975	-0.925	-1	0.537	0.484	0.601	0.525	0.397	10.65	12.5	11.975	11.45	12.8	NA
2026-02-05 03:00:00	-91.3478	30.9812	0	3.485	3.65	75.624	101.338	0.6	0	0.485	224.375	19.25	0.75	1.047	0.195	0	0.402	0.368	0.37	0.408	0.425	-0.9	-0.9	-1	0.535	0.481	0.599	0.527	0.401	9.938	12.05	11.95	11.525	12.8	NA
2026-02-05 04:00:00	-91.3478	30.9812	0	3.107	3.4	79.429	101.388	0.619	0	0.608	248.075	0	0	1.482	0.162	0	0.403	0.368	0.37	0.407	0.425	-0.9	-0.9	-0.925	0.532	0.48	0.599	0.528	0.405	9.338	11.65	11.863	11.575	12.8	NA
2026-02-05 05:00:00	-91.3478	30.9812	0	2.79	3.2	79.441	101.38	0.611	0	0.552	221.075	0	0	2.118	0.158	0	0.404	0.368	0.37	0.407	0.425	-0.9	-0.9	-0.9	0.53	0.48	0.599	0.526	0.407	8.787	11.25	11.775	11.637	12.85	NA
2026-02-05 06:00:00	-91.3478	30.9812	0	2.34	3.225	74.471	101.4	0.574	0	0.552	264.275	0	0	2.475	0.195	0	0.404	0.368	0.37	0.407	0.425	-0.9	-0.85	-0.9	0.526	0.478	0.597	0.526	0.41	8.287	10.85	11.637	11.662	12.9	NA
2026-02-05 07:00:00	-91.3478	30.9812	0	1.567	2.15	75.683	101.395	0.54	0	0.485	214.025	0	0	1.22	0.172	0	0.405	0.369	0.37	0.406	0.425	-0.8	-0.8	-0.9	0.522	0.476	0.595	0.521	0.414	7.85	10.475	11.5	11.725	12.9	NA
2026-02-05 08:00:00	-91.3478	30.9812	0	0.897	0.85	80.404	101.367	0.522	0	0.605	239.775	0	0	1.058	0.128	0	0.405	0.369	0.37	0.405	0.425	-0.8	-0.8	-0.9	0.52	0.476	0.594	0.515	0.414	7.375	10.15	11.35	11.75	12.9	NA
2026-02-05 09:00:00	-91.3478	30.9812	0	0.498	0.025	84.871	101.338	0.519	0	0.61	237.85	0	0	1.115	0.095	0	0.406	0.369	0.37	0.405	0.425	-0.8	-0.8	-0.9	0.516	0.475	0.591	0.502	0.418	6.95	9.775	11.2	11.75	12.9	NA
2026-02-05 10:00:00	-91.3478	30.9812	0	0.152	-0.45	86.198	101.328	0.51	0	0.42	207.1	0	0	0.87	0.082	0	0.406	0.37	0.37	0.406	0.424	-0.8	-0.8	-0.9	0.513	0.476	0.591	0.482	0.42	6.55	9.45	11.025	11.75	12.9	NA
2026-02-05 11:00:00	-91.3478	30.9812	0	-0.27	-1.125	88.474	101.362	0.498	0	0.79	242.125	0	0	1.133	0.065	0	0.407	0.37	0.37	0.394	0.424	-0.8	-0.725	-0.9	0.511	0.475	0.591	0.446	0.422	6.15	9.15	10.85	11.75	12.9	NA
2026-02-05 12:00:00	-91.3478	30.9812	0	-0.675	-1.7	89.336	101.388	0.482	0	0.637	237.75	0	0	1.025	0.06	0	0.407	0.37	0.37	0.378	0.424	-0.725	-0.7	-0.9	0.508	0.474	0.591	0.449	0.423	5.775	8.825	10.675	11.75	12.95	NA
2026-02-05 13:00:00	-91.3478	30.9812	0	-0.5	-1.675	91.013	101.388	0.492	14.375	0.6	228.6	0	0	0.992	0.05	0	0.407	0.37	0.37	0.372	0.424	-0.7	-0.7	-0.9	0.503	0.475	0.591	0.448	0.424	5.463	8.525	10.5	11.712	13	0.256
2026-02-05 14:00:00	-91.3478	30.9812	0	3.312	1.025	97.262	101.468	0.642	186.825	0.537	234.7	0	0	1.622	0.018	0	0.407	0.37	0.37	0.369	0.424	-0.7	-0.7	-0.9	0.506	0.471	0.591	0.449	0.426	5.4	8.275	10.325	11.662	13	0.288
2026-02-05 15:00:00	-91.3478	30.9812	0	8.615	3.925	78.199	101.568	0.631	409.05	0.75	194.775	0	0	2.212	0.18	0	0.407	0.371	0.37	0.367	0.424	-0.625	-0.7	-0.9	0.514	0.472	0.591	0.448	0.425	6.387	8.125	10.138	11.65	13	0.286
2026-02-05 16:00:00	-91.3478	30.9812	0	12.387	6.075	60.626	101.61	0.569	585.8	0.917	240.75	0	0	3.407	0.372	0	0.405	0.371	0.37	0.366	0.424	-0.6	-0.7	-0.9	0.52	0.475	0.59	0.446	0.425	8.012	8.275	9.988	11.588	13	0.276
2026-02-05 17:00:00	-91.3478	30.9812	0	14.793	7.775	53.664	101.54	0.567	707.2	1.347	184.65	0	0	4.468	0.49	0	0.404	0.37	0.37	0.366	0.423	-0.6	-0.7	-0.85	0.52	0.478	0.591	0.447	0.427	9.7	8.625	9.862	11.55	13	0.286
2026-02-05 18:00:00	-91.3478	30.9812	0	16.63	8.925	51.521	101.447	0.589	754.4	1.39	270.875	0	0	4.95	0.552	0	0.402	0.37	0.37	0.365	0.423	-0.6	-0.65	-0.875	0.515	0.483	0.592	0.448	0.428	11.2	9.15	9.762	11.488	13	0.269
2026-02-05 19:00:00	-91.3478	30.9812	0	17.61	9.925	49.441	101.323	0.604	698.5	1.282	247.25	10	0.25	4.61	0.617	0	0.4	0.369	0.37	0.365	0.423	-0.525	-0.6	-0.9	0.513	0.484	0.594	0.45	0.428	12.363	9.775	9.788	11.438	13.05	0.287
2026-02-05 20:00:00	-91.3478	30.9812	0	16.672	10.875	46.991	101.23	0.612	540.65	1.515	240.65	0	0	4.92	0.688	0	0.398	0.369	0.37	0.365	0.423	-0.6	-0.6	-0.875	0.504	0.488	0.596	0.45	0.429	13.412	10.45	9.85	11.388	13.1	0.268
2026-02-05 21:00:00	-91.3478	30.9812	0	15.552	11.625	46.007	101.152	0.629	437.05	1.203	220.325	0	0	4.362	0.735	0	0.397	0.368	0.37	0.364	0.423	-0.6	-0.6	-0.825	0.496	0.489	0.597	0.446	0.428	13.637	11.025	9.988	11.35	13.1	0.263
2026-02-05 22:00:00	-91.3478	30.9812	0	12.33	11.9	44.922	101.12	0.626	232	1.112	282.8	0	0	3.525	0.762	0	0.396	0.368	0.37	0.364	0.422	-0.6	-0.6	-0.875	0.486	0.486	0.597	0.446	0.429	13.25	11.45	10.162	11.35	13.1	0.256
2026-02-05 23:00:00	-91.3478	30.9812	0	7.762	10.95	45.659	101.075	0.597	27.7	0.795	274.8	0	0	2.047	0.71	0	0.396	0.367	0.37	0.364	0.422	-0.5	-0.6	-0.9	0.475	0.485	0.599	0.447	0.429	12.287	11.6	10.35	11.35	13.1	0.265
2026-02-06 00:00:00	-91.3478	30.9812	0	5.255	8.375	53.996	101.018	0.593	0	0.765	228.775	0	0	1.183	0.508	0	0.397	0.367	0.37	0.364	0.422	-0.5	-0.6	-0.9	0.466	0.485	0.595	0.449	0.43	11.3	11.575	10.537	11.35	13.1	NA
2026-02-06 01:00:00	-91.3478	30.9812	0	4.32	6.75	61.121	100.977	0.601	0	0.73	224.525	10	0.25	1.16	0.385	0	0.398	0.367	0.37	0.364	0.419	-0.5	-0.6	-0.9	0.457	0.484	0.596	0.448	0.435	10.375	11.325	10.675	11.35	13.1	NA
2026-02-06 02:00:00	-91.3478	30.9812	0	3.673	5.3	68.812	100.972	0.613	0	0.718	207.075	0	0	0.985	0.277	0	0.398	0.367	0.369	0.364	0.418	-0.5	-0.6	-0.9	0.452	0.481	0.596	0.446	0.436	9.65	11.05	10.788	11.35	13.1	NA
2026-02-06 03:00:00	-91.3478	30.9812	0	3.3	4.45	75.292	100.948	0.632	0	0.887	221.675	0	0	1.42	0.208	0	0.399	0.367	0.369	0.364	0.418	-0.5	-0.6	-0.9	0.448	0.482	0.597	0.444	0.436	9.037	10.75	10.8	11.388	13.1	NA
2026-02-06 04:00:00	-91.3478	30.9812	0	3.445	5.825	71.276	100.95	0.658	0	1.48	221.775	0	0	2.27	0.268	0	0.398	0.367	0.369	0.363	0.417	-0.5	-0.5	-0.9	0.445	0.478	0.595	0.445	0.436	8.525	10.45	10.825	11.45	13.1	NA
2026-02-06 05:00:00	-91.3478	30.9812	0	3.325	6.1	69.349	100.942	0.653	0	1.638	219.875	0	0	2.775	0.288	0	0.397	0.368	0.369	0.363	0.417	-0.5	-0.5	-0.9	0.445	0.477	0.594	0.445	0.438	8.113	10.125	10.75	11.45	13.1	NA
2026-02-06 06:00:00	-91.3478	30.9812	0	3.28	5.775	71.859	100.868	0.661	0	1.508	216.275	0	0	2.728	0.26	0	0.397	0.368	0.369	0.363	0.417	-0.5	-0.5	-0.9	0.442	0.476	0.593	0.445	0.438	7.812	9.875	10.688	11.45	13.1	NA
2026-02-06 07:00:00	-91.3478	30.9812	0	3.378	5.55	77.338	100.808	0.701	0	1.44	219.075	0	0	3.04	0.205	0	0.397	0.368	0.369	0.362	0.416	-0.5	-0.5	-0.9	0.438	0.476	0.591	0.442	0.436	7.537	9.6	10.613	11.475	13.1	NA
2026-02-06 08:00:00	-91.3478	30.9812	0	3.558	5.6	83.32	100.765	0.758	0	1.468	222.075	0	0	2.708	0.15	0	0.397	0.368	0.369	0.362	0.416	-0.5	-0.5	-0.9	0.438	0.476	0.59	0.441	0.434	7.362	9.4	10.525	11.5	13.125	NA
2026-02-06 09:00:00	-91.3478	30.9812	0	3.445	5.5	87.189	100.72	0.788	0	1.3	220.325	0	0	2.635	0.115	0	0.397	0.368	0.368	0.362	0.416	-0.5	-0.5	-0.9	0.434	0.474	0.589	0.438	0.434	7.213	9.225	10.425	11.5	13.2	NA
2026-02-06 10:00:00	-91.3478	30.9812	0	3.518	5.475	90.504	100.698	0.816	0	1.31	223.825	0	0	2.565	0.085	0	0.397	0.368	0.368	0.362	0.415	-0.5	-0.5	-0.9	0.432	0.474	0.588	0.433	0.416	7.05	9.05	10.312	11.5	13.2	NA
2026-02-06 11:00:00	-91.3478	30.9812	0	3.7	5.6	92.693	100.692	0.843	0	1.265	226.95	0	0	2.577	0.065	0	0.397	0.368	0.368	0.361	0.411	-0.5	-0.5	-0.9	0.431	0.476	0.587	0.432	0.368	6.95	8.9	10.212	11.45	13.2	NA
2026-02-06 12:00:00	-91.3478	30.9812	0	3.86	5.95	92.687	100.69	0.864	0	1.075	224.15	0	0	2.272	0.068	0	0.397	0.368	0.368	0.361	0.409	-0.5	-0.5	-0.9	0.429	0.476	0.585	0.431	0.362	6.888	8.775	10.125	11.45	13.2	NA
2026-02-06 13:00:00	-91.3478	30.9812	0	3.83	5.7	93.71	100.72	0.858	13.75	0.955	229.65	0	0	2.163	0.055	0	0.397	0.368	0.368	0.361	0.409	-0.5	-0.5	-0.9	0.43	0.474	0.578	0.431	0.359	6.8	8.65	10.012	11.45	13.2	0.378
2026-02-06 14:00:00	-91.3478	30.9812	0	8.778	8.5	93.814	100.782	1.042	192.575	1.175	228.35	0	0	2.968	0.068	0	0.397	0.368	0.368	0.36	0.408	-0.5	-0.425	-0.95	0.431	0.473	0.573	0.43	0.354	6.963	8.55	9.925	11.4	13.2	0.301
2026-02-06 15:00:00	-91.3478	30.9812	0	13.457	11.675	74.829	100.832	1.024	406.675	1.61	238.8	0	0	4.383	0.35	0	0.396	0.368	0.368	0.36	0.407	-0.5	-0.4	-1	0.439	0.474	0.569	0.429	0.349	8.262	8.6	9.838	11.388	13.2	0.25
2026-02-06 16:00:00	-91.3478	30.9812	0	18.615	14.85	57.277	100.83	0.965	580.525	1.228	244.55	0	0	3.562	0.728	0	0.394	0.368	0.368	0.36	0.406	-0.5	-0.4	-1	0.446	0.48	0.567	0.428	0.344	10.125	8.925	9.762	11.35	13.2	0.224
2026-02-06 17:00:00	-91.3478	30.9812	0	22.64	17.95	45.679	100.782	0.939	705.35	1.76	225.575	0	0	4.258	1.122	0	0.393	0.368	0.367	0.36	0.406	-0.5	-0.4	-1	0.455	0.483	0.569	0.427	0.34	12.025	9.45	9.725	11.312	13.2	0.215
2026-02-06 18:00:00	-91.3478	30.9812	0	25.517	20.75	37.769	100.665	0.923	754.025	1.68	245.275	0	0	5.06	1.522	0	0.391	0.367	0.367	0.359	0.404	-0.5	-0.4	-1	0.462	0.484	0.569	0.426	0.335	13.812	10.2	9.75	11.3	13.2	0.21
2026-02-06 19:00:00	-91.3478	30.9812	0	26.04	22.4	32.906	100.57	0.891	700.525	2.013	242.825	0	0	6.84	1.815	0	0.39	0.367	0.367	0.359	0.404	-0.5	-0.4	-1	0.465	0.489	0.573	0.427	0.331	15.175	11	9.875	11.25	13.2	0.258
2026-02-06 20:00:00	-91.3478	30.9812	0	25.262	22.95	31.926	100.518	0.894	542.8	2.022	243.45	0	0	6.49	1.902	0	0.388	0.366	0.367	0.359	0.402	-0.5	-0.4	-1	0.463	0.492	0.575	0.425	0.328	16.15	11.8	10.025	11.25	13.2	0.258
2026-02-06 21:00:00	-91.3478	30.9812	0	23.532	23.3	32.056	100.493	0.917	440.225	1.718	247.4	0	0	5.825	1.942	0	0.387	0.366	0.367	0.359	0.401	-0.5	-0.4	-1	0.458	0.493	0.577	0.424	0.325	16.45	12.475	10.262	11.25	13.2	0.256
2026-02-06 22:00:00	-91.3478	30.9812	0	20.065	23.375	32.049	100.493	0.921	236.25	1.232	243.65	0	0	4.495	1.95	0	0.387	0.366	0.367	0.359	0.4	-0.5	-0.4	-1	0.452	0.492	0.579	0.425	0.322	16.075	12.975	10.537	11.25	13.2	0.262
2026-02-06 23:00:00	-91.3478	30.9812	0	13.995	21.875	33.012	100.515	0.866	23.975	0.7	266.2	0	0	2.5	1.758	0	0.387	0.365	0.367	0.359	0.4	-0.5	-0.4	-1	0.446	0.493	0.58	0.424	0.32	15.35	13.275	10.825	11.25	13.2	0.277
2026-02-07 00:00:00	-91.3478	30.9812	0	11.348	19.275	39.36	100.565	0.879	0	1.06	233.375	0	0	2.605	1.357	0	0.388	0.365	0.367	0.359	0.399	-0.5	-0.4	-1	0.438	0.489	0.579	0.424	0.317	14.363	13.3	11.088	11.312	13.2	NA
2026-02-07 01:00:00	-91.3478	30.9812	0	10.465	17.875	45.909	100.61	0.94	0	1.067	226.525	0	0	2.963	1.107	0	0.388	0.365	0.367	0.359	0.399	-0.5	-0.4	-1	0.432	0.488	0.579	0.424	0.314	13.5	13.2	11.337	11.35	13.2	NA
2026-02-07 02:00:00	-91.3478	30.9812	0	9.443	16.575	51.065	100.665	0.962	0	0.478	231.5	0	0	1.468	0.922	0	0.388	0.365	0.367	0.358	0.398	-0.6	-0.4	-1	0.428	0.486	0.577	0.424	0.312	12.825	13	11.5	11.45	13.2	NA
2026-02-07 03:00:00	-91.3478	30.9812	0	8.575	14.675	57.958	100.695	0.967	0	0.693	237.45	0	0	1.288	0.705	0	0.389	0.365	0.367	0.358	0.398	-0.6	-0.4	-1	0.423	0.484	0.577	0.424	0.311	12.25	12.775	11.637	11.5	13.2	NA
2026-02-07 04:00:00	-91.3478	30.9812	0	8.09	13.925	61.329	100.725	0.976	0	0.79	222.025	0	0	1.418	0.613	0	0.389	0.365	0.367	0.358	0.397	-0.6	-0.4	-1.05	0.42	0.484	0.576	0.424	0.309	11.762	12.525	11.7	11.55	13.2	NA
2026-02-07 05:00:00	-91.3478	30.9812	0	7.675	13.25	64.966	100.752	0.989	0	0.633	239.45	0	0	1.552	0.535	0	0.389	0.365	0.366	0.358	0.396	-0.6	-0.4	-1.1	0.415	0.484	0.574	0.423	0.307	11.35	12.3	11.75	11.637	13.2	NA
2026-02-07 06:00:00	-91.3478	30.9812	0	7.338	12.2	69.15	100.75	0.982	0	0.818	253.05	0	0	2.002	0.438	0	0.389	0.365	0.366	0.358	0.396	-0.6	-0.4	-1.1	0.412	0.482	0.573	0.423	0.306	10.975	12.05	11.75	11.675	13.2	NA
2026-02-07 07:00:00	-91.3478	30.9812	0	7.02	11.65	70.787	100.798	0.97	0	0.8	288.15	0	0	1.847	0.4	0	0.389	0.365	0.366	0.358	0.395	-0.6	-0.4	-1.1	0.408	0.482	0.573	0.422	0.304	10.662	11.85	11.7	11.75	13.2	NA
2026-02-07 08:00:00	-91.3478	30.9812	0	6.475	10.725	72.378	100.808	0.933	0	0.488	242.7	0	0	1.355	0.358	0	0.39	0.365	0.366	0.358	0.395	-0.6	-0.4	-1.1	0.405	0.481	0.571	0.422	0.302	10.338	11.65	11.688	11.762	13.2	NA
2026-02-07 09:00:00	-91.3478	30.9812	0	6.43	11.425	66.783	100.858	0.902	0	0.458	325.225	0	0	1.982	0.445	0	0.39	0.365	0.366	0.358	0.394	-0.6	-0.4	-1.1	0.401	0.48	0.571	0.422	0.3	10.037	11.45	11.65	11.85	13.2	NA
2026-02-07 10:00:00	-91.3478	30.9812	0	6.315	11.4	64.811	100.922	0.874	0	0.603	184.05	0	0	2.562	0.475	0	0.39	0.365	0.366	0.358	0.394	-0.6	-0.4	-1.1	0.398	0.478	0.569	0.421	0.297	9.762	11.25	11.562	11.85	13.2	NA
2026-02-07 11:00:00	-91.3478	30.9812	0	5.665	10.575	64.915	100.998	0.829	0	0.598	333.25	0	0	2.445	0.448	0	0.39	0.365	0.366	0.357	0.393	-0.6	-0.4	-1.1	0.395	0.478	0.569	0.422	0.296	9.512	11.05	11.512	11.863	13.2	NA
2026-02-07 12:00:00	-91.3478	30.9812	0	5.072	9.575	66.116	101.112	0.789	0	0.452	216.6	0	0	1.99	0.405	0	0.39	0.366	0.366	0.357	0.393	-0.7	-0.4	-1.1	0.391	0.479	0.567	0.422	0.296	9.225	10.85	11.425	11.9	13.2	NA
2026-02-07 13:00:00	-91.3478	30.9812	0	5.14	8.775	69.074	101.225	0.781	13.5	0.348	235.15	0	0	1.705	0.348	0	0.39	0.366	0.366	0.357	0.393	-0.7	-0.4	-1.1	0.389	0.478	0.567	0.421	0.292	8.912	10.65	11.363	11.9	13.2	0.339
2026-02-07 14:00:00	-91.3478	30.9812	0	9.637	10.275	70.175	101.328	0.877	181.3	0.902	54.5	0	0	3.71	0.372	0	0.39	0.366	0.366	0.357	0.392	-0.7	-0.4	-1.1	0.387	0.478	0.566	0.42	0.292	8.938	10.475	11.275	11.9	13.2	0.275
2026-02-07 15:00:00	-91.3478	30.9812	0	14.748	12.475	56.694	101.397	0.819	411.425	1.308	39.875	0	0	4.932	0.627	0	0.39	0.366	0.366	0.357	0.392	-0.7	-0.4	-1.1	0.391	0.478	0.565	0.42	0.291	9.988	10.425	11.175	11.9	13.2	0.235
2026-02-07 16:00:00	-91.3478	30.9812	0	20.265	14.65	48.823	101.445	0.814	598.6	1.288	49.275	0	0	3.752	0.853	0	0.388	0.366	0.366	0.357	0.392	-0.7	-0.4	-1.1	0.397	0.48	0.564	0.42	0.288	11.613	10.65	11.1	11.9	13.2	0.215
2026-02-07 17:00:00	-91.3478	30.9812	0	23.788	16.125	44.927	101.425	0.823	721.7	1.362	59.1	0	0	3.905	1.008	0	0.387	0.365	0.366	0.357	0.391	-0.7	-0.4	-1.125	0.405	0.483	0.566	0.42	0.287	13.275	11.075	11.05	11.9	13.2	0.207
2026-02-07 18:00:00	-91.3478	30.9812	0	26.265	17.5	40.359	101.33	0.807	771.175	1.26	50.125	0	0	3.97	1.192	0	0.386	0.365	0.365	0.356	0.391	-0.7	-0.4	-1.2	0.408	0.486	0.568	0.418	0.286	14.738	11.675	11.075	11.9	13.3	0.201
2026-02-07 19:00:00	-91.3478	30.9812	0	26.913	18.7	34.878	101.273	0.752	715.55	1.235	62.75	0	0	3.21	1.398	0	0.384	0.364	0.365	0.356	0.391	-0.7	-0.4	-1.2	0.414	0.488	0.569	0.418	0.286	15.912	12.3	11.125	11.9	13.3	0.252
2026-02-07 20:00:00	-91.3478	30.9812	0	25.745	19.5	31.849	101.208	0.722	541.075	1.16	130.35	0	0	2.828	1.545	0	0.383	0.364	0.365	0.356	0.39	-0.75	-0.4	-1.2	0.417	0.491	0.573	0.418	0.284	16.95	13.025	11.25	11.9	13.3	0.252
2026-02-07 21:00:00	-91.3478	30.9812	0	22.7	19.525	31.216	101.2	0.709	410.525	0.95	247.1	0	0	2.628	1.562	0	0.382	0.364	0.365	0.356	0.39	-0.8	-0.4	-1.2	0.415	0.493	0.575	0.417	0.284	17.125	13.625	11.45	11.9	13.3	0.246
2026-02-07 22:00:00	-91.3478	30.9812	0	18.095	18.825	32.676	101.227	0.71	214.325	0.7	265.2	0	0	2.055	1.462	0	0.382	0.364	0.365	0.356	0.39	-0.9	-0.4	-1.2	0.41	0.492	0.576	0.417	0.284	16.6	14.075	11.675	11.9	13.3	0.232
2026-02-07 23:00:00	-91.3478	30.9812	0	11.562	16.575	34.377	101.25	0.648	30.375	0.442	326.55	0	0	0.758	1.24	0	0.383	0.363	0.365	0.356	0.39	-1.025	-0.4	-1.2	0.404	0.491	0.577	0.418	0.282	15.675	14.25	11.938	11.95	13.3	0.262
2026-02-08 00:00:00	-91.3478	30.9812	0	8.73	14.375	39.012	101.248	0.638	0	0.53	302.3	0	0	1.012	1	0	0.384	0.363	0.365	0.356	0.389	-1.1	-0.4	-1.2	0.398	0.49	0.577	0.42	0.281	14.55	14.175	12.125	11.95	13.3	NA
2026-02-08 01:00:00	-91.3478	30.9812	0	7.432	12.4	46.96	101.255	0.676	0	0.49	288.875	0	0	0.985	0.76	0	0.384	0.363	0.365	0.356	0.389	-1.2	-0.4	-1.2	0.391	0.487	0.575	0.418	0.281	13.463	13.95	12.312	12.038	13.3	NA
2026-02-08 02:00:00	-91.3478	30.9812	0	6.64	10.9	53.089	101.257	0.692	0	0.478	249.8	0	0	1.158	0.613	0	0.385	0.364	0.365	0.356	0.389	-1.275	-0.325	-1.2	0.384	0.486	0.575	0.418	0.28	12.613	13.65	12.438	12.062	13.3	NA
2026-02-08 03:00:00	-91.3478	30.9812	0	5.955	9.85	55.32	101.248	0.673	0	0.478	234	0	0	0.988	0.542	0	0.385	0.364	0.365	0.356	0.389	-1.325	-0.3	-1.2	0.378	0.483	0.574	0.418	0.279	11.9	13.25	12.5	12.15	13.3	NA
2026-02-08 04:00:00	-91.3478	30.9812	0	5.308	8.45	61.086	101.252	0.675	0	0.408	177.875	0	0	0.88	0.43	0	0.386	0.364	0.365	0.356	0.388	-1.4	-0.3	-1.2	0.371	0.482	0.573	0.418	0.278	11.312	12.925	12.5	12.188	13.3	NA
2026-02-08 05:00:00	-91.3478	30.9812	0	4.905	7.45	66.13	101.23	0.683	0	0.402	165.15	0	0	0.945	0.348	0	0.386	0.364	0.365	0.356	0.388	-1.45	-0.3	-1.2	0.365	0.48	0.571	0.418	0.277	10.75	12.55	12.45	12.25	13.3	NA
2026-02-08 06:00:00	-91.3478	30.9812	0	4.363	6.925	65.815	101.182	0.656	0	0.372	206.475	0	0	0.623	0.34	0	0.386	0.364	0.365	0.356	0.388	-1.5	-0.3	-1.25	0.359	0.482	0.569	0.417	0.278	10.275	12.25	12.412	12.312	13.3	NA
2026-02-08 07:00:00	-91.3478	30.9812	0	4	6.75	63.29	101.19	0.623	0	0.492	221.525	0	0	1	0.36	0	0.387	0.364	0.365	0.356	0.388	-1.575	-0.3	-1.3	0.356	0.48	0.57	0.418	0.276	9.85	11.925	12.35	12.35	13.3	NA
2026-02-08 08:00:00	-91.3478	30.9812	0	3.72	6.625	62.701	101.192	0.612	0	0.575	220.475	0	0	1.117	0.365	0	0.387	0.364	0.365	0.356	0.388	-1.65	-0.3	-1.3	0.352	0.478	0.569	0.418	0.276	9.463	11.625	12.225	12.35	13.3	NA
2026-02-08 09:00:00	-91.3478	30.9812	0	3.462	6.675	61.107	101.205	0.599	0	0.732	219.625	0	0	1.405	0.382	0	0.387	0.364	0.365	0.355	0.387	-1.725	-0.3	-1.3	0.348	0.477	0.567	0.416	0.275	9.113	11.325	12.125	12.425	13.375	NA
2026-02-08 10:00:00	-91.3478	30.9812	0	3.25	6.15	63.239	101.182	0.597	0	0.682	212.45	0	0	1.79	0.348	0	0.388	0.364	0.365	0.355	0.387	-1.8	-0.3	-1.3	0.344	0.478	0.567	0.417	0.275	8.787	11.075	12	12.45	13.4	NA
2026-02-08 11:00:00	-91.3478	30.9812	0	2.952	6.125	62.404	101.245	0.589	0	0.755	209	0	0	1.762	0.353	0	0.388	0.364	0.365	0.355	0.387	-1.9	-0.3	-1.3	0.34	0.478	0.566	0.417	0.274	8.512	10.8	11.875	12.45	13.4	NA
2026-02-08 12:00:00	-91.3478	30.9812	0	2.535	4.825	67.373	101.252	0.581	0	0.55	194.625	0	0	1.332	0.282	0	0.388	0.364	0.365	0.355	0.387	-1.975	-0.3	-1.3	0.336	0.476	0.565	0.417	0.274	8.25	10.575	11.762	12.45	13.4	NA
2026-02-08 13:00:00	-91.3478	30.9812	0	3.328	5	68.782	101.31	0.6	15.475	0.627	200.525	0	0	1.35	0.272	0	0.388	0.365	0.365	0.355	0.387	-2.025	-0.3	-1.3	0.333	0.477	0.563	0.416	0.273	7.988	10.325	11.625	12.425	13.4	0.328
2026-02-08 14:00:00	-91.3478	30.9812	0	8.672	8.2	67.09	101.415	0.731	172.1	1.077	208.2	0	0	2.605	0.36	0	0.388	0.365	0.365	0.355	0.386	-2.1	-0.3	-1.3	0.333	0.476	0.563	0.417	0.273	8.1	10.15	11.5	12.4	13.4	0.284
2026-02-08 15:00:00	-91.3478	30.9812	0	13.602	11.875	60.432	101.48	0.84	386.4	2.578	203.6	0	0	4.87	0.555	0	0.387	0.365	0.365	0.355	0.386	-2.2	-0.3	-1.3	0.338	0.477	0.562	0.416	0.271	9.287	10.1	11.375	12.35	13.4	0.236
2026-02-08 16:00:00	-91.3478	30.9812	0	19.135	15.725	47.856	101.502	0.853	578.125	3.372	214.375	0	0	5.985	0.935	0	0.386	0.365	0.364	0.355	0.386	-2.2	-0.3	-1.3	0.346	0.479	0.563	0.416	0.272	10.963	10.325	11.25	12.35	13.4	0.234
2026-02-08 17:00:00	-91.3478	30.9812	0	23.428	18.125	39.179	101.44	0.815	685.2	3.223	221.95	0	0	5.935	1.262	0	0.384	0.364	0.364	0.355	0.386	-2.2	-0.3	-1.3	0.352	0.482	0.564	0.418	0.271	12.6	10.775	11.175	12.325	13.4	0.303
2026-02-08 18:00:00	-91.3478	30.9812	0	26.2	19.575	36.029	101.348	0.821	735.675	2.9	221.625	0	0	5.515	1.452	0	0.383	0.364	0.364	0.354	0.386	-2.25	-0.3	-1.35	0.36	0.484	0.566	0.418	0.271	14	11.325	11.15	12.275	13.4	0.291
2026-02-08 19:00:00	-91.3478	30.9812	0	27.712	21.075	34.413	101.227	0.86	691.3	2.725	214.325	0	0	5.41	1.638	0	0.382	0.364	0.364	0.354	0.386	-2.425	-0.3	-1.4	0.366	0.488	0.568	0.416	0.272	15.363	11.95	11.188	12.25	13.4	0.268
2026-02-08 20:00:00	-91.3478	30.9812	0	26.755	21.9	32.955	101.14	0.866	537.3	2.705	219.9	0	0	6.67	1.76	0	0.38	0.363	0.364	0.354	0.385	-2.675	-0.3	-1.4	0.371	0.49	0.57	0.416	0.27	16.587	12.7	11.312	12.225	13.425	0.248
2026-02-08 21:00:00	-91.3478	30.9812	0	24.958	22.55	31.66	101.12	0.865	434.95	2.087	224.3	0	0	4.695	1.868	0	0.38	0.363	0.364	0.354	0.385	-3.05	-0.3	-1.4	0.371	0.491	0.572	0.416	0.271	17.038	13.35	11.475	12.2	13.5	0.246
2026-02-08 22:00:00	-91.3478	30.9812	0	20.622	22.2	31.665	101.1	0.847	241.35	1.737	232.3	0	0	4.588	1.828	0	0.38	0.363	0.364	0.354	0.385	-3.6	-0.3	-1.4	0.368	0.492	0.574	0.416	0.27	16.775	13.85	11.688	12.2	13.5	0.244
2026-02-08 23:00:00	-91.3478	30.9812	0	13.908	20.4	36.25	101.118	0.868	25.725	0.58	250.475	0	0	1.875	1.532	0	0.38	0.362	0.364	0.354	0.385	-4.3	-0.3	-1.4	0.363	0.49	0.576	0.415	0.27	16.012	14.15	11.925	12.225	13.5	0.279
2026-02-09 00:00:00	-91.3478	30.9812	0	10.945	17.1	45.6	101.07	0.888	0	0.672	212.375	0	0	1.38	1.065	0	0.38	0.362	0.364	0.354	0.385	-5.2	-0.3	-1.4	0.356	0.49	0.576	0.416	0.27	15.012	14.175	12.137	12.25	13.5	NA
2026-02-09 01:00:00	-91.3478	30.9812	0	12.465	17.925	48.39	101.045	0.994	0	1.882	217.75	0	0	3.372	1.06	0	0.381	0.362	0.364	0.354	0.385	-6	-0.3	-1.4	0.351	0.488	0.577	0.414	0.269	14.175	14.05	12.338	12.262	13.5	NA
2026-02-09 02:00:00	-91.3478	30.9812	0	11.14	16.8	55.524	101.078	1.062	0	1.478	226.275	0	0	2.92	0.85	0	0.381	0.362	0.364	0.354	0.384	-6.8	-0.3	-1.4	0.346	0.486	0.575	0.416	0.267	13.688	13.85	12.488	12.35	13.5	NA
2026-02-09 03:00:00	-91.3478	30.9812	0	12.892	16.475	64.484	101.098	1.208	0	2.07	228.75	0	0	3.84	0.665	0	0.382	0.362	0.364	0.354	0.384	-7.675	-0.3	-1.4	0.342	0.486	0.575	0.417	0.266	13.35	13.65	12.588	12.363	13.5	NA
2026-02-09 04:00:00	-91.3478	30.9812	0	12.178	15.475	72.989	101.098	1.283	0	1.615	228.95	0	0	3.065	0.478	0	0.382	0.362	0.364	0.354	0.384	-8.625	-0.3	-1.4	0.341	0.485	0.574	0.416	0.267	13.262	13.475	12.625	12.45	13.5	NA
2026-02-09 05:00:00	-91.3478	30.9812	0	12.727	15.15	80.011	101.09	1.378	0	1.94	228.95	0	0	3.495	0.34	0	0.382	0.362	0.364	0.354	0.384	-9.6	-0.3	-1.45	0.338	0.484	0.571	0.417	0.267	13.162	13.375	12.65	12.462	13.5	NA
2026-02-09 06:00:00	-91.3478	30.9812	0	11.045	14.375	85.313	101.092	1.397	0	1.365	231.675	0	0	2.612	0.243	0	0.382	0.362	0.364	0.354	0.384	-10.15	-0.3	-1.5	0.338	0.482	0.571	0.417	0.267	13.125	13.3	12.65	12.55	13.5	NA
2026-02-09 07:00:00	-91.3478	30.9812	0	10.595	13.575	90.432	101.095	1.406	0	1.035	219.3	0	0	1.985	0.148	0	0.382	0.362	0.363	0.354	0.384	-10.35	-0.3	-1.5	0.333	0.485	0.571	0.416	0.266	12.762	13.225	12.65	12.55	13.5	NA
2026-02-09 08:00:00	-91.3478	30.9812	0	13.207	14.05	94.59	101.08	1.517	0	1.59	228.475	0	0	3.332	0.085	0	0.382	0.363	0.363	0.354	0.384	-10.55	-0.3	-1.5	0.331	0.483	0.57	0.415	0.266	12.725	13.1	12.7	12.637	13.5	NA
2026-02-09 09:00:00	-91.3478	30.9812	0	13.213	13.65	95.734	101.06	1.496	0	1.607	229.25	0	0	3.3	0.062	0	0.382	0.362	0.363	0.354	0.383	-10.725	-0.3	-1.5	0.332	0.484	0.569	0.416	0.266	12.938	13.025	12.7	12.65	13.5	NA
2026-02-09 10:00:00	-91.3478	30.9812	0	13.293	13.375	97.58	101.037	1.498	0	1.34	230.675	0	0	2.768	0.038	0	0.382	0.362	0.363	0.354	0.383	-10.85	-0.3	-1.5	0.332	0.485	0.569	0.415	0.266	13.062	13.05	12.637	12.65	13.5	NA
2026-02-09 11:00:00	-91.3478	30.9812	0	13.225	13.2	98.684	101.03	1.498	0	1.832	237.3	0	0	3.732	0.02	0	0.382	0.362	0.363	0.354	0.383	-10.95	-0.3	-1.5	0.331	0.485	0.571	0.414	0.265	13.15	13.1	12.6	12.7	13.5	NA
2026-02-09 12:00:00	-91.3478	30.9812	0	13.22	13.2	98.947	101.103	1.502	0	1.62	249	0	0	3.188	0.015	0	0.382	0.362	0.363	0.354	0.383	-11.05	-0.3	-1.5	0.331	0.486	0.571	0.414	0.264	13.15	13.1	12.6	12.75	13.525	NA
2026-02-09 13:00:00	-91.3478	30.9812	0	13.49	13.325	99.335	101.168	1.52	7.35	1.182	241.425	0	0	2.515	0.007	0	0.382	0.362	0.363	0.354	0.383	-11.1	-0.3	-1.5	0.33	0.486	0.571	0.415	0.263	13.2	13.1	12.6	12.75	13.6	0.357
2026-02-09 14:00:00	-91.3478	30.9812	0	14.703	13.55	99.944	101.232	1.552	64.175	0.83	227.925	0	0	1.752	0	0	0.382	0.362	0.363	0.354	0.383	-11.2	-0.3	-1.5	0.33	0.486	0.571	0.414	0.262	13.338	13.1	12.6	12.75	13.6	0.338
2026-02-09 15:00:00	-91.3478	30.9812	0	16.63	14.425	99.849	101.252	1.641	136.775	1.112	225.95	0	0	2.825	0	0	0.382	0.362	0.363	0.353	0.383	-11.15	-0.3	-1.525	0.332	0.489	0.57	0.414	0.262	13.85	13.2	12.662	12.75	13.6	0.309
2026-02-09 16:00:00	-91.3478	30.9812	0	18.515	15.6	99.488	101.275	1.765	215.95	1.4	228.175	0	0	3.54	0.01	0	0.381	0.362	0.363	0.353	0.382	-11.075	-0.3	-1.6	0.335	0.49	0.57	0.414	0.26	14.562	13.35	12.7	12.788	13.6	0.27
2026-02-09 17:00:00	-91.3478	30.9812	0	24.968	18.3	90.302	101.213	1.898	561.975	2.345	229.025	0	0	5.633	0.202	0	0.38	0.362	0.363	0.353	0.382	-10.95	-0.3	-1.6	0.341	0.488	0.57	0.414	0.261	15.75	13.65	12.7	12.85	13.6	0.226
2026-02-09 18:00:00	-91.3478	30.9812	0	23.855	18.725	81.457	101.135	1.76	337.975	1.99	234	0	0	4.315	0.395	0	0.378	0.362	0.363	0.353	0.382	-10.825	-0.3	-1.6	0.346	0.49	0.571	0.415	0.262	17.012	14.1	12.75	12.85	13.6	0.24
2026-02-09 19:00:00	-91.3478	30.9812	0	22.748	18.55	81.141	101.037	1.734	286	2.48	224	0	0	5.01	0.402	0	0.378	0.362	0.363	0.353	0.382	-10.8	-0.3	-1.6	0.346	0.492	0.572	0.415	0.263	17.2	14.55	12.85	12.85	13.6	0.249
2026-02-09 20:00:00	-91.3478	30.9812	0	24.602	20.125	74.659	100.955	1.759	317.925	1.645	225.575	0	0	4.122	0.598	0	0.377	0.361	0.362	0.353	0.382	-10.725	-0.4	-1.6	0.349	0.489	0.574	0.415	0.262	17.637	14.925	12.963	12.85	13.6	0.25
2026-02-09 21:00:00	-91.3478	30.9812	0	26.22	21.75	66.718	100.92	1.735	408.5	1.653	219.875	0	0	4.135	0.865	0	0.377	0.361	0.362	0.353	0.382	-10.725	-0.4	-1.6	0.35	0.492	0.576	0.416	0.262	18.112	15.25	13.137	12.9	13.6	0.25
2026-02-09 22:00:00	-91.3478	30.9812	0	22.398	21.875	62.625	100.898	1.643	204.2	1.605	216.25	0	0	3.763	0.98	0	0.376	0.361	0.362	0.353	0.382	-10.85	-0.4	-1.6	0.349	0.494	0.575	0.417	0.262	18.387	15.625	13.3	12.95	13.6	0.253
2026-02-09 23:00:00	-91.3478	30.9812	0	16.412	20.825	63.784	100.91	1.569	23.15	1.1	204.5	0	0	2.393	0.892	0	0.377	0.361	0.363	0.353	0.382	-11.15	-0.4	-1.6	0.345	0.493	0.576	0.417	0.261	17.875	15.875	13.475	12.95	13.6	0.267
2026-02-10 00:00:00	-91.3478	30.9812	0	13.307	18.175	72.051	100.91	1.503	0	0.2	220.025	0	0	0.465	0.58	0	0.377	0.361	0.363	0.353	0.382	-11.55	-0.4	-1.65	0.339	0.493	0.577	0.416	0.26	16.925	15.9	13.662	13.038	13.7	NA
2026-02-10 01:00:00	-91.3478	30.9812	0	12.53	16.85	78.426	100.918	1.505	0	0.655	220.1	0	0	1.418	0.415	0	0.378	0.361	0.363	0.353	0.381	-12.05	-0.375	-1.7	0.334	0.49	0.577	0.415	0.259	16.1	15.8	13.825	13.05	13.7	NA
2026-02-10 02:00:00	-91.3478	30.9812	0	12.772	17.3	78.425	100.93	1.549	0	1.255	222	0	0	2.71	0.425	0	0.378	0.361	0.363	0.353	0.381	-12.45	-0.4	-1.7	0.328	0.488	0.575	0.414	0.26	15.412	15.575	13.95	13.15	13.7	NA
2026-02-10 03:00:00	-91.3478	30.9812	0	13.03	16.8	82.71	100.952	1.582	0	1.633	226.8	0	0	3.255	0.332	0	0.379	0.361	0.363	0.353	0.381	-12.8	-0.4	-1.7	0.325	0.488	0.574	0.416	0.259	15.025	15.35	14.038	13.188	13.7	NA
2026-02-10 04:00:00	-91.3478	30.9812	0	12.467	15.875	87.265	100.972	1.574	0	1.49	224.275	0	0	2.832	0.23	0	0.379	0.361	0.363	0.353	0.381	-13.1	-0.4	-1.7	0.323	0.488	0.573	0.417	0.26	14.738	15.15	14.05	13.25	13.7	NA
2026-02-10 05:00:00	-91.3478	30.9812	0	11.933	15.15	91.04	100.962	1.567	0	1.55	219.1	0	0	2.728	0.152	0	0.379	0.361	0.363	0.353	0.381	-13.35	-0.4	-1.7	0.319	0.488	0.572	0.416	0.26	14.425	14.95	14.075	13.338	13.7	NA
2026-02-10 06:00:00	-91.3478	30.9812	0	12.322	14.775	94.183	100.945	1.583	0	1.47	217.225	0	0	2.75	0.098	0	0.379	0.361	0.363	0.353	0.381	-13.55	-0.4	-1.7	0.316	0.488	0.572	0.417	0.26	14.15	14.775	14.075	13.363	13.7	NA
2026-02-10 07:00:00	-91.3478	30.9812	0	12.43	14.625	96.087	100.928	1.599	0	1.465	224.675	0	0	2.852	0.062	0	0.38	0.361	0.363	0.353	0.381	-13.725	-0.4	-1.75	0.314	0.488	0.572	0.418	0.259	13.95	14.625	14.05	13.45	13.7	NA
2026-02-10 08:00:00	-91.3478	30.9812	0	12.902	14.6	97.808	100.888	1.626	0	1.415	220.6	0	0	2.725	0.038	0	0.38	0.361	0.363	0.353	0.381	-13.825	-0.4	-1.8	0.312	0.486	0.571	0.418	0.259	13.912	14.475	13.975	13.45	13.7	NA
2026-02-10 09:00:00	-91.3478	30.9812	0	14.43	15.2	98.186	100.878	1.696	0	2.072	223.75	0	0	3.987	0.03	0	0.38	0.361	0.362	0.352	0.381	-13.9	-0.4	-1.8	0.311	0.486	0.571	0.416	0.259	13.975	14.375	13.95	13.525	13.7	NA
2026-02-10 10:00:00	-91.3478	30.9812	0	14.915	15.125	99.687	100.915	1.714	0	2.697	225.125	0	0	5.425	0.002	0	0.379	0.361	0.362	0.352	0.381	-13.9	-0.4	-1.8	0.313	0.486	0.571	0.416	0.258	14.262	14.3	13.912	13.55	13.75	NA
2026-02-10 11:00:00	-91.3478	30.9812	0	15.015	15.15	99.765	100.935	1.718	0	2.223	220	0	0	4.648	0	0	0.379	0.361	0.362	0.352	0.38	-13.9	-0.4	-1.8	0.314	0.487	0.571	0.416	0.258	14.5	14.35	13.888	13.55	13.8	NA
2026-02-10 12:00:00	-91.3478	30.9812	0	14.887	15.15	99.808	100.985	1.719	0	2.067	217.225	0	0	4.36	0.002	0	0.379	0.361	0.362	0.352	0.38	-13.9	-0.4	-1.8	0.314	0.487	0.569	0.416	0.257	14.612	14.4	13.85	13.575	13.8	NA
2026-02-10 13:00:00	-91.3478	30.9812	0	14.87	14.925	99.27	101.025	1.685	29.275	2.07	208.775	0	0	4.19	0.01	0	0.379	0.361	0.362	0.352	0.38	-13.85	-0.4	-1.8	0.314	0.488	0.567	0.416	0.258	14.65	14.4	13.85	13.637	13.8	0.353
2026-02-10 14:00:00	-91.3478	30.9812	0	16.495	15.45	99.946	101.072	1.756	162.6	2.183	218.1	0	0	4.035	0	0	0.379	0.361	0.362	0.352	0.38	-13.8	-0.4	-1.8	0.313	0.488	0.569	0.414	0.256	14.838	14.475	13.85	13.65	13.8	0.301
2026-02-10 15:00:00	-91.3478	30.9812	0	20.657	17.95	93.153	101.09	1.914	404.95	2.77	213.7	0	0	5.165	0.143	0	0.378	0.361	0.362	0.352	0.38	-13.65	-0.4	-1.875	0.317	0.488	0.569	0.414	0.256	15.625	14.55	13.85	13.65	13.8	0.232
2026-02-10 16:00:00	-91.3478	30.9812	0	24.92	20.15	78.017	101.08	1.84	532.6	3.415	216.2	0	0	7.367	0.522	0	0.377	0.361	0.362	0.352	0.38	-13.425	-0.4	-1.9	0.324	0.489	0.57	0.413	0.255	16.863	14.85	13.85	13.65	13.8	0.226
2026-02-10 17:00:00	-91.3478	30.9812	0	28.96	21.85	69.846	101.02	1.829	640.575	3.393	214.225	0	0	7.885	0.785	0	0.376	0.361	0.362	0.352	0.38	-13.25	-0.4	-1.9	0.33	0.49	0.57	0.414	0.256	18.15	15.25	13.85	13.65	13.8	0.232
2026-02-10 18:00:00	-91.3478	30.9812	0	28.52	22.575	62.887	100.945	1.722	530.475	3.433	221.8	0	0	7.625	1.012	0	0.375	0.36	0.362	0.352	0.38	-13.1	-0.4	-1.9	0.335	0.492	0.573	0.414	0.256	19.212	15.725	13.962	13.675	13.875	0.224
2026-02-10 19:00:00	-91.3478	30.9812	0	26.733	22.875	59.701	100.845	1.664	413.975	3.37	223.525	0	0	7.765	1.122	0	0.374	0.36	0.362	0.352	0.38	-13.25	-0.4	-1.9	0.336	0.495	0.573	0.415	0.256	19.462	16.25	14.05	13.725	13.9	0.252
2026-02-10 20:00:00	-91.3478	30.9812	0	29.357	24.025	54.635	100.757	1.633	507.1	3.042	227.25	0	0	7.755	1.357	0	0.374	0.36	0.362	0.352	0.379	-13.575	-0.4	-1.9	0.34	0.494	0.573	0.417	0.256	20.1	16.65	14.2	13.75	13.9	0.246
2026-02-10 21:00:00	-91.3478	30.9812	0	25.09	23.65	52.314	100.728	1.528	276.75	3.635	220.05	0	0	7.478	1.39	0	0.373	0.36	0.361	0.352	0.379	-14.075	-0.4	-2	0.338	0.495	0.575	0.416	0.256	20.45	17.05	14.412	13.75	13.9	0.246
2026-02-10 22:00:00	-91.3478	30.9812	0	21.872	23.075	52.78	100.745	1.49	117.2	2.923	226.025	0	0	5.95	1.332	0	0.373	0.36	0.361	0.352	0.379	-14.725	-0.4	-2	0.335	0.496	0.577	0.416	0.256	19.913	17.35	14.588	13.788	13.9	0.26
2026-02-10 23:00:00	-91.3478	30.9812	0	19.84	22.3	56.008	100.798	1.508	36.125	1.352	227.85	0	0	3.622	1.19	0	0.374	0.36	0.361	0.352	0.379	-15.575	-0.4	-2	0.33	0.495	0.576	0.416	0.256	19.225	17.475	14.787	13.85	13.9	0.292
2026-02-11 00:00:00	-91.3478	30.9812	0	18.028	21.225	60.836	100.795	1.534	0	1.655	209.55	0	0	3.507	0.988	0	0.374	0.36	0.361	0.351	0.379	-16.475	-0.4	-2	0.327	0.492	0.577	0.415	0.256	18.587	17.4	14.975	13.888	13.9	NA
2026-02-11 01:00:00	-91.3478	30.9812	0	17.672	20.625	66.258	100.828	1.61	0	2.13	218.125	0	0	4.217	0.815	0	0.374	0.36	0.361	0.351	0.379	-17.35	-0.4	-2	0.322	0.492	0.577	0.417	0.256	18.038	17.3	15.125	13.95	13.95	NA
2026-02-11 02:00:00	-91.3478	30.9812	0	17.208	19.85	71.496	100.848	1.656	0	2.26	221.05	0	0	4.19	0.657	0	0.375	0.36	0.361	0.351	0.379	-18.075	-0.4	-2	0.32	0.491	0.575	0.416	0.256	17.637	17.15	15.225	14.038	14	NA
2026-02-11 03:00:00	-91.3478	30.9812	0	16.918	19.15	76.261	100.865	1.691	0	2.225	218.65	0	0	4.225	0.527	0	0.375	0.36	0.361	0.351	0.379	-18.625	-0.4	-2	0.317	0.49	0.575	0.415	0.255	17.35	17.025	15.3	14.088	14	NA
2026-02-11 04:00:00	-91.3478	30.9812	0	16.657	18.675	79.29	100.805	1.707	0	2.09	209.425	0	0	4.02	0.445	0	0.375	0.36	0.361	0.351	0.379	-19.05	-0.4	-2.075	0.314	0.49	0.575	0.415	0.255	17.125	16.875	15.35	14.15	14	NA
2026-02-11 05:00:00	-91.3478	30.9812	0	16.618	18.45	81.333	100.95	1.727	0	1.878	230.275	0	0	4.008	0.397	0	0.375	0.36	0.361	0.351	0.379	-19.325	-0.4	-2.1	0.311	0.489	0.573	0.416	0.254	16.938	16.775	15.35	14.238	14	NA
2026-02-11 06:00:00	-91.3478	30.9812	0	16.078	17.975	84.248	100.995	1.736	0	1.46	224.975	0	0	3.165	0.322	0	0.375	0.36	0.361	0.351	0.379	-19.525	-0.4	-2.1	0.309	0.49	0.572	0.416	0.255	16.8	16.65	15.35	14.275	14	NA
2026-02-11 07:00:00	-91.3478	30.9812	0	15.137	17.175	87.6	100.972	1.716	0	0.588	173.35	0	0	1.26	0.245	0	0.375	0.36	0.361	0.351	0.378	-19.65	-0.4	-2.1	0.308	0.488	0.573	0.416	0.254	16.6	16.575	15.4	14.35	14	NA
2026-02-11 08:00:00	-91.3478	30.9812	0	14.848	16.7	90.671	100.947	1.724	0	0.738	210.175	0	0	1.448	0.175	0	0.375	0.36	0.361	0.351	0.378	-19.8	-0.4	-2.1	0.306	0.489	0.571	0.416	0.253	16.375	16.45	15.4	14.363	14.025	NA
2026-02-11 09:00:00	-91.3478	30.9812	0	14.665	16.275	92.735	100.882	1.716	0	0.57	211.025	0	0	1.12	0.135	0	0.375	0.36	0.361	0.351	0.378	-19.825	-0.4	-2.1	0.302	0.49	0.571	0.417	0.253	16.137	16.35	15.4	14.45	14.1	NA
2026-02-11 10:00:00	-91.3478	30.9812	0	14.433	15.975	94.419	100.898	1.714	0	0.66	285.325	0	0	1.312	0.1	0	0.375	0.36	0.361	0.351	0.378	-19.85	-0.4	-2.1	0.3	0.489	0.572	0.416	0.254	15.963	16.225	15.363	14.462	14.1	NA
2026-02-11 11:00:00	-91.3478	30.9812	0	13.787	15.275	96.591	100.892	1.676	0	0.328	226.875	0	0	0.662	0.057	0	0.376	0.36	0.361	0.351	0.378	-19.9	-0.4	-2.175	0.298	0.49	0.571	0.416	0.254	15.762	16.075	15.3	14.55	14.1	NA
2026-02-11 12:00:00	-91.3478	30.9812	0	12.77	14.625	96.612	100.922	1.608	0	0.525	215.15	0	0	1.067	0.055	0	0.376	0.36	0.361	0.351	0.378	-19.9	-0.4	-2.2	0.296	0.489	0.571	0.415	0.254	15.5	15.975	15.288	14.55	14.1	NA
2026-02-11 13:00:00	-91.3478	30.9812	0	13.93	15.15	97.773	101.005	1.684	21.9	0.488	216.5	0	0	1.035	0.035	0	0.376	0.36	0.361	0.351	0.378	-19.9	-0.4	-2.2	0.293	0.488	0.569	0.416	0.254	15.25	15.825	15.25	14.55	14.1	0.311
2026-02-11 14:00:00	-91.3478	30.9812	0	18.048	17.2	99.817	101.028	1.963	186.2	1.325	211.725	0	0	2.982	0.002	0	0.376	0.36	0.361	0.351	0.378	-19.775	-0.4	-2.2	0.294	0.487	0.569	0.416	0.254	15.425	15.7	15.238	14.625	14.1	0.25
2026-02-11 15:00:00	-91.3478	30.9812	0	22.97	19.95	90.178	101.05	2.098	347.875	1.442	233.8	0	0	3.995	0.24	0	0.375	0.36	0.361	0.351	0.378	-19.475	-0.4	-2.2	0.297	0.487	0.57	0.415	0.254	16.488	15.725	15.162	14.65	14.2	0.228
2026-02-11 16:00:00	-91.3478	30.9812	0	29.985	23.1	71.321	101.05	2.013	585.475	1.287	195.875	0	0	3.715	0.815	0	0.374	0.36	0.361	0.351	0.378	-19.05	-0.4	-2.2	0.304	0.489	0.57	0.414	0.253	18.05	15.95	15.15	14.65	14.2	0.214
2026-02-11 17:00:00	-91.3478	30.9812	0	30.372	23.75	63.779	101.01	1.875	504.375	1.337	204	17.75	0.5	4.178	1.062	0	0.372	0.359	0.361	0.351	0.378	-18.65	-0.4	-2.25	0.312	0.492	0.57	0.414	0.253	19.688	16.45	15.15	14.65	14.2	0.227
2026-02-11 18:00:00	-91.3478	30.9812	0	31.413	24.35	58.486	100.888	1.782	548.775	1.575	233.45	17.75	0.75	4.627	1.262	0	0.372	0.359	0.36	0.351	0.378	-18.525	-0.4	-2.3	0.316	0.494	0.573	0.414	0.252	20.525	17.025	15.162	14.65	14.2	0.234
2026-02-11 19:00:00	-91.3478	30.9812	0	28.795	24.725	54.87	100.765	1.71	301.975	1.2	175.675	8.5	1	3.835	1.408	0	0.371	0.359	0.36	0.351	0.378	-18.875	-0.4	-2.3	0.318	0.496	0.573	0.414	0.252	21.075	17.55	15.262	14.65	14.2	0.249
2026-02-11 20:00:00	-91.3478	30.9812	0	29.175	24.1	59.557	100.727	1.787	374.65	1.03	146.675	0	0	3.058	1.212	0	0.371	0.359	0.36	0.351	0.378	-19.575	-0.45	-2.3	0.317	0.496	0.576	0.414	0.252	21.212	17.95	15.4	14.7	14.225	0.243
2026-02-11 21:00:00	-91.3478	30.9812	0	31.058	25.35	56.308	100.682	1.821	433.6	1.047	164.25	9.25	0.5	3.237	1.41	0	0.37	0.359	0.36	0.35	0.378	-20.225	-0.5	-2.3	0.32	0.496	0.576	0.415	0.252	21.925	18.35	15.588	14.75	14.3	0.222
2026-02-11 22:00:00	-91.3478	30.9812	0	24.508	24.35	57.784	100.715	1.761	127.65	0.708	152.425	0	0	2.082	1.282	0	0.37	0.358	0.36	0.35	0.377	-21.15	-0.5	-2.3	0.318	0.497	0.577	0.415	0.252	21.888	18.75	15.775	14.75	14.3	0.212
2026-02-11 23:00:00	-91.3478	30.9812	0	19.8	22.925	61.164	100.762	1.71	29.025	0.41	314.95	9.25	0.25	1.14	1.085	0	0.37	0.358	0.36	0.35	0.377	-22.275	-0.5	-2.3	0.313	0.495	0.577	0.414	0.252	21.087	18.975	15.975	14.8	14.3	0.291
2026-02-12 00:00:00	-91.3478	30.9812	0	18.695	21.375	67.591	100.8	1.719	0	0.488	252.4	0	0	1.07	0.825	0	0.371	0.358	0.36	0.35	0.377	-23.325	-0.475	-2.3	0.308	0.496	0.577	0.415	0.252	20.137	18.95	16.175	14.85	14.3	NA
2026-02-12 01:00:00	-91.3478	30.9812	0.664	19.057	20.525	76.721	100.87	1.848	0	0.945	196.1	19.25	0.5	3.107	0.565	0	0.371	0.358	0.36	0.35	0.377	-23.95	-0.5	-2.375	0.304	0.496	0.577	0.414	0.251	19.55	18.775	16.325	14.925	14.3	NA
2026-02-12 02:00:00	-91.3478	30.9812	0	17.065	18.1	91.103	100.942	1.892	0	0.503	169.1	0	0	1.318	0.185	0	0.373	0.358	0.36	0.35	0.377	-24.325	-0.5	-2.4	0.302	0.502	0.576	0.415	0.252	19.15	18.6	16.45	14.962	14.35	NA
2026-02-12 03:00:00	-91.3478	30.9812	0.017	16.808	17.4	94.17	100.97	1.872	0	0.575	25.675	0	0	1.96	0.115	0	0.373	0.358	0.36	0.35	0.377	-24.275	-0.5	-2.4	0.299	0.502	0.575	0.414	0.252	18.625	18.45	16.538	15.05	14.4	NA
2026-02-12 04:00:00	-91.3478	30.9812	0	16.572	16.925	94.554	100.963	1.824	0	0.47	254.225	0	0	1.493	0.105	0	0.373	0.358	0.36	0.35	0.377	-24.05	-0.5	-2.4	0.297	0.501	0.576	0.414	0.252	18.25	18.25	16.588	15.112	14.4	NA
2026-02-12 05:00:00	-91.3478	30.9812	0	16.235	16.475	95.347	100.952	1.787	0	0.465	236.3	0	0	1.26	0.088	0	0.373	0.358	0.359	0.35	0.377	-23.725	-0.5	-2.5	0.296	0.5	0.575	0.413	0.252	17.962	18.05	16.6	15.15	14.4	NA
2026-02-12 06:00:00	-91.3478	30.9812	0	16.188	15.9	95.002	100.945	1.717	0	0.557	104.6	0	0	1.567	0.09	0	0.374	0.358	0.359	0.35	0.377	-23.475	-0.5	-2.5	0.293	0.498	0.574	0.412	0.252	17.7	17.85	16.587	15.238	14.4	NA
2026-02-12 07:00:00	-91.3478	30.9812	0.34	15.562	15.375	94.735	100.938	1.655	0	0.583	11.725	0	0	1.728	0.09	0.014	0.374	0.358	0.359	0.35	0.377	-23.175	-0.5	-2.5	0.291	0.499	0.575	0.412	0.252	17.438	17.7	16.55	15.262	14.425	NA
2026-02-12 08:00:00	-91.3478	30.9812	0	15.402	14.875	94.577	100.922	1.6	0	0.652	17.325	0	0	2.235	0.09	0	0.374	0.358	0.36	0.35	0.377	-22.975	-0.5	-2.5	0.29	0.498	0.573	0.414	0.251	17.2	17.55	16.55	15.338	14.5	NA
2026-02-12 09:00:00	-91.3478	30.9812	0	14.98	14.375	95.379	100.91	1.562	0	0.72	18.6	0	0	2.467	0.07	0	0.374	0.358	0.36	0.35	0.376	-22.775	-0.5	-2.5	0.288	0.498	0.573	0.414	0.252	16.975	17.375	16.5	15.35	14.5	NA
2026-02-12 10:00:00	-91.3478	30.9812	0	14.74	14	96.02	100.912	1.535	0	0.54	30.925	0	0	1.692	0.06	0	0.374	0.359	0.36	0.35	0.376	-22.575	-0.5	-2.5	0.289	0.497	0.573	0.414	0.25	16.75	17.25	16.475	15.4	14.5	NA
2026-02-12 11:00:00	-91.3478	30.9812	0	14.34	13.725	96.447	100.94	1.514	0	0.482	28.85	0	0	1.428	0.055	0	0.374	0.359	0.36	0.35	0.376	-22.4	-0.5	-2.6	0.287	0.496	0.571	0.414	0.251	16.512	17.075	16.4	15.45	14.5	NA
2026-02-12 12:00:00	-91.3478	30.9812	0	14.57	13.75	96.927	100.993	1.524	0	0.5	22.825	0	0	1.835	0.045	0	0.375	0.359	0.36	0.35	0.376	-22.225	-0.5	-2.6	0.284	0.496	0.573	0.413	0.251	16.337	16.95	16.363	15.45	14.5	NA
2026-02-12 13:00:00	-91.3478	30.9812	0	14.928	13.675	98.358	101.035	1.539	14.4	0.58	42.4	0	0	1.65	0.025	0	0.375	0.359	0.36	0.35	0.376	-22.1	-0.5	-2.6	0.283	0.496	0.571	0.413	0.252	16.212	16.775	16.3	15.45	14.6	0.36
2026-02-12 14:00:00	-91.3478	30.9812	0	16.115	13.9	99.774	101.052	1.585	72.45	0.67	87.75	0	0	1.972	0	0	0.375	0.359	0.36	0.35	0.376	-21.9	-0.5	-2.6	0.284	0.494	0.57	0.413	0.251	16.312	16.7	16.25	15.5	14.6	0.328
2026-02-12 15:00:00	-91.3478	30.9812	0	17.77	14.375	99.786	101.082	1.635	142.875	0.608	122.1	0	0	1.635	0	0	0.374	0.359	0.36	0.35	0.376	-21.75	-0.5	-2.6	0.286	0.494	0.57	0.413	0.251	16.663	16.6	16.162	15.538	14.6	0.298
2026-02-12 16:00:00	-91.3478	30.9812	0	18.875	15.15	99.362	101.08	1.711	173.725	0.752	166.55	0	0	2.23	0.005	0	0.374	0.359	0.36	0.35	0.376	-21.475	-0.5	-2.6	0.287	0.494	0.569	0.412	0.25	17.25	16.7	16.137	15.55	14.6	0.274
2026-02-12 17:00:00	-91.3478	30.9812	0	20.53	16.1	97.938	101.06	1.792	215.575	0.682	93.55	0	0	2.095	0.04	0	0.374	0.359	0.36	0.35	0.376	-21.175	-0.5	-2.65	0.29	0.495	0.569	0.412	0.25	17.8	16.85	16.075	15.55	14.6	0.262
2026-02-12 18:00:00	-91.3478	30.9812	0	23.048	17.175	94.254	100.982	1.846	318.05	0.955	179.15	0	0	2.332	0.11	0	0.373	0.359	0.36	0.35	0.376	-20.85	-0.5	-2.7	0.292	0.495	0.571	0.412	0.249	18.45	17.05	16.05	15.55	14.7	0.255
2026-02-12 19:00:00	-91.3478	30.9812	0	27.972	19.725	84.354	100.862	1.937	537.775	0.932	157.15	0	0	2.57	0.36	0	0.372	0.358	0.359	0.35	0.376	-20.35	-0.5	-2.7	0.299	0.498	0.572	0.413	0.249	19.663	17.35	16.075	15.55	14.7	0.26
2026-02-12 20:00:00	-91.3478	30.9812	0	27.04	21.45	72.972	100.78	1.864	357.225	1.107	174.375	0	0	2.95	0.69	0	0.371	0.358	0.359	0.35	0.376	-19.95	-0.5	-2.7	0.303	0.498	0.572	0.412	0.249	20.613	17.825	16.125	15.55	14.7	0.248
2026-02-12 21:00:00	-91.3478	30.9812	0	22.932	21.425	70.19	100.743	1.792	136	0.675	153.1	0	0	2.005	0.76	0	0.37	0.358	0.359	0.35	0.376	-19.7	-0.5	-2.7	0.303	0.497	0.574	0.412	0.248	20.8	18.25	16.213	15.55	14.7	0.266
2026-02-12 22:00:00	-91.3478	30.9812	0	21.61	21.125	71.785	100.74	1.799	111.325	0.38	322.425	0	0	0.965	0.708	0	0.37	0.358	0.359	0.35	0.376	-19.65	-0.5	-2.7	0.299	0.496	0.577	0.413	0.25	20.35	18.475	16.325	15.55	14.7	0.255
2026-02-12 23:00:00	-91.3478	30.9812	0	17.515	20.325	72.026	100.72	1.718	31.575	0.452	332	0	0	0.958	0.667	0	0.371	0.358	0.359	0.35	0.376	-19.725	-0.5	-2.8	0.297	0.497	0.577	0.412	0.249	19.825	18.6	16.45	15.55	14.8	0.265
2026-02-13 00:00:00	-91.3478	30.9812	0	14.922	18.375	78.297	100.743	1.654	0	0.3	260.775	27.75	1	0.54	0.46	0	0.371	0.358	0.359	0.35	0.376	-19.9	-0.5	-2.8	0.293	0.495	0.576	0.412	0.248	18.963	18.525	16.575	15.625	14.8	NA
2026-02-13 01:00:00	-91.3478	30.9812	0	14.01	16.8	85.211	100.765	1.63	0	0.28	183	26.75	2	0.502	0.283	0	0.372	0.358	0.359	0.35	0.376	-20.15	-0.5	-2.8	0.289	0.494	0.575	0.412	0.248	18.137	18.325	16.675	15.65	14.8	NA
2026-02-13 02:00:00	-91.3478	30.9812	0	13.508	15.625	90.502	100.775	1.606	0	0.215	86.55	0	0	0.46	0.173	0	0.372	0.358	0.359	0.35	0.376	-20.375	-0.5	-2.8	0.286	0.495	0.574	0.412	0.249	17.512	18.075	16.75	15.65	14.8	NA
2026-02-13 03:00:00	-91.3478	30.9812	0	13.637	15.225	93.101	100.768	1.611	0	0.408	255.5	9.25	0.25	0.767	0.118	0	0.373	0.358	0.359	0.35	0.376	-20.625	-0.5	-2.8	0.284	0.493	0.573	0.412	0.249	17.012	17.8	16.75	15.738	14.8	NA
2026-02-13 04:00:00	-91.3478	30.9812	0	13.293	14.7	94.953	100.758	1.588	0	0.478	47.1	0	0	0.867	0.082	0	0.373	0.358	0.359	0.35	0.375	-20.8	-0.5	-2.9	0.282	0.492	0.573	0.413	0.249	16.663	17.525	16.725	15.75	14.85	NA
2026-02-13 05:00:00	-91.3478	30.9812	0	13.16	14.175	96.578	100.743	1.562	0	0.405	143.475	0	0	0.818	0.055	0	0.373	0.358	0.359	0.35	0.375	-21.025	-0.525	-2.9	0.279	0.492	0.571	0.413	0.25	16.35	17.3	16.7	15.762	14.9	NA
2026-02-13 06:00:00	-91.3478	30.9812	0	12.28	13.45	97.353	100.75	1.502	0	0.362	139.425	0	0	0.895	0.038	0	0.374	0.358	0.359	0.35	0.375	-21.225	-0.6	-2.9	0.276	0.493	0.57	0.413	0.25	16.062	17.1	16.65	15.838	14.9	NA
2026-02-13 07:00:00	-91.3478	30.9812	0	12.162	13.275	96.414	100.735	1.47	0	0.298	56.267	0	0	0.917	0.057	0	0.374	0.359	0.36	0.35	0.375	-21.3	-0.6	-2.9	0.273	0.493	0.569	0.413	0.25	15.7	16.875	16.562	15.85	14.9	NA
2026-02-13 08:00:00	-91.3478	30.9812	0	11.845	13.075	98.337	100.72	1.48	0	0.488	35.275	0	0	1.153	0.025	0	0.374	0.359	0.359	0.35	0.375	-21.45	-0.6	-2.975	0.272	0.492	0.571	0.412	0.25	15.475	16.65	16.5	15.85	14.9	NA
2026-02-13 09:00:00	-91.3478	30.9812	0	13.33	13.025	97.945	100.708	1.47	0	0.458	139.425	0	0	1.028	0.03	0	0.374	0.359	0.359	0.35	0.375	-21.525	-0.6	-3	0.268	0.491	0.569	0.412	0.25	15.238	16.45	16.412	15.85	14.9	NA
2026-02-13 10:00:00	-91.3478	30.9812	0	14.73	14.25	99.17	100.722	1.613	0	0.695	200.95	0	0	1.788	0.013	0	0.374	0.359	0.359	0.35	0.375	-21.5	-0.6	-3	0.27	0.492	0.57	0.412	0.25	15.375	16.3	16.325	15.85	15	NA
2026-02-13 11:00:00	-91.3478	30.9812	0	14.953	14.5	99.971	100.778	1.652	0	0.917	209.75	0	0	1.658	0	0	0.374	0.359	0.359	0.35	0.375	-21.5	-0.6	-3	0.27	0.493	0.569	0.412	0.25	15.575	16.2	16.238	15.85	15	NA
2026-02-13 12:00:00	-91.3478	30.9812	0	15.115	14.7	99.85	100.822	1.671	0	1.108	209.25	0	0	2.23	0	0	0.375	0.359	0.359	0.35	0.375	-21.425	-0.6	-3	0.269	0.496	0.568	0.411	0.25	15.712	16.2	16.15	15.85	15	NA
2026-02-13 13:00:00	-91.3478	30.9812	0	15.45	14.625	99.846	100.895	1.663	18.05	1.183	222.225	0	0	2.252	0	0	0.374	0.359	0.359	0.35	0.375	-21.4	-0.6	-3.075	0.27	0.496	0.567	0.411	0.249	15.788	16.2	16.075	15.85	15	0.36
2026-02-13 14:00:00	-91.3478	30.9812	0	16.77	14.7	99.863	100.96	1.671	90.85	1.402	211.625	0	0	2.47	0	0	0.374	0.359	0.359	0.349	0.375	-21.275	-0.6	-3.1	0.27	0.497	0.566	0.411	0.249	16	16.2	16.025	15.85	15	0.35
2026-02-13 15:00:00	-91.3478	30.9812	0	18.483	15.05	99.87	100.978	1.71	154.225	0.932	190.95	0	0	2.32	0	0	0.374	0.359	0.359	0.349	0.375	-21.125	-0.6	-3.1	0.274	0.498	0.566	0.411	0.249	16.562	16.225	15.975	15.85	15.025	0.332
2026-02-13 16:00:00	-91.3478	30.9812	0	20.438	15.425	99.823	101.015	1.75	238.1	0.775	190.575	0	0	1.845	0	0	0.373	0.359	0.359	0.349	0.375	-20.85	-0.6	-3.1	0.277	0.497	0.569	0.41	0.249	17.288	16.4	15.938	15.85	15.1	0.281
2026-02-13 17:00:00	-91.3478	30.9812	0	26.497	16.45	99.924	100.993	1.872	558	1.143	210.15	0	0	2.93	0	0	0.372	0.358	0.359	0.349	0.375	-20.425	-0.6	-3.175	0.282	0.498	0.568	0.409	0.248	18.363	16.65	15.9	15.85	15.1	0.254
2026-02-13 18:00:00	-91.3478	30.9812	0	30.032	20.125	86.87	100.895	2.038	573.775	0.96	198.4	0	0	2.205	0.325	0	0.371	0.358	0.359	0.349	0.375	-19.925	-0.6	-3.2	0.29	0.498	0.571	0.41	0.248	20.025	17.1	15.925	15.85	15.1	0.272
2026-02-13 19:00:00	-91.3478	30.9812	0	33.19	23.1	61.565	100.782	1.739	678.1	1.482	177.275	0	0	3.98	1.087	0	0.37	0.358	0.359	0.349	0.375	-19.525	-0.6	-3.2	0.297	0.498	0.572	0.411	0.248	21.138	17.65	16	15.812	15.1	0.244
2026-02-13 20:00:00	-91.3478	30.9812	0	27.148	23.075	54.522	100.72	1.539	282	0.872	182.925	0	0	2.388	1.282	0	0.368	0.358	0.358	0.349	0.375	-19.25	-0.6	-3.2	0.3	0.499	0.573	0.41	0.246	22.025	18.275	16.113	15.8	15.1	0.228
2026-02-13 21:00:00	-91.3478	30.9812	0	28.688	24	49.827	100.675	1.486	428.725	1.205	168.225	0	0	3.038	1.498	0	0.369	0.358	0.358	0.349	0.375	-19.3	-0.6	-3.2	0.298	0.5	0.575	0.41	0.246	21.7	18.75	16.275	15.8	15.1	0.227
2026-02-13 22:00:00	-91.3478	30.9812	0	24.682	23.875	47.713	100.675	1.413	231.85	0.897	122.825	9.25	0.75	2.625	1.55	0	0.369	0.357	0.358	0.349	0.375	-19.45	-0.6	-3.275	0.298	0.498	0.577	0.41	0.246	21.575	19.05	16.475	15.85	15.2	0.208
2026-02-13 23:00:00	-91.3478	30.9812	0	18.405	22.175	50.381	100.682	1.345	35.9	0.358	106.25	0	0	1.25	1.327	0	0.368	0.357	0.358	0.349	0.375	-20.125	-0.6	-3.3	0.294	0.497	0.576	0.41	0.246	20.9	19.2	16.65	15.85	15.2	0.176
2026-02-14 00:00:00	-91.3478	30.9812	0	15.515	19.625	59.349	100.718	1.355	0	0.288	69.25	0	0	0.713	0.93	0	0.37	0.357	0.358	0.349	0.374	-21.175	-0.6	-3.3	0.291	0.497	0.576	0.412	0.246	19.863	19.175	16.837	15.85	15.2	NA
2026-02-14 01:00:00	-91.3478	30.9812	0	15.047	18.35	65.377	100.76	1.379	0	0.402	106.325	0	0	1.02	0.728	0	0.371	0.358	0.358	0.349	0.374	-22.325	-0.6	-3.3	0.288	0.496	0.577	0.411	0.246	18.95	18.975	16.988	15.925	15.2	NA
2026-02-14 02:00:00	-91.3478	30.9812	0	15.305	18.425	70.596	100.808	1.496	0	0.812	206.3	0	0	2.628	0.623	0	0.371	0.358	0.358	0.349	0.374	-23.15	-0.6	-3.3	0.28	0.494	0.575	0.412	0.246	18.312	18.675	17.088	15.95	15.2	NA
2026-02-14 03:00:00	-91.3478	30.9812	0	15.405	17.85	78.206	100.825	1.599	0	1.098	195.15	0	0	2.915	0.445	0	0.371	0.358	0.358	0.349	0.374	-23.75	-0.6	-3.3	0.279	0.493	0.573	0.411	0.247	17.913	18.4	17.125	16.025	15.2	NA
2026-02-14 04:00:00	-91.3478	30.9812	0	15.045	17.5	82.576	100.782	1.651	0	1.518	191.825	0	0	3.295	0.348	0	0.371	0.358	0.358	0.349	0.374	-24.075	-0.6	-3.375	0.276	0.495	0.572	0.41	0.247	17.613	18.2	17.15	16.05	15.2	NA
2026-02-14 05:00:00	-91.3478	30.9812	0	14.34	16.775	86.997	100.765	1.662	0	0.69	195.375	0	0	1.495	0.242	0	0.371	0.358	0.358	0.349	0.374	-24.3	-0.6	-3.4	0.27	0.494	0.572	0.41	0.247	17.3	17.95	17.113	16.113	15.225	NA
2026-02-14 06:00:00	-91.3478	30.9812	0	13.89	16.025	91.472	100.76	1.666	0	0.86	191.1	0	0	1.768	0.155	0	0.371	0.358	0.358	0.349	0.374	-24.45	-0.7	-3.4	0.268	0.493	0.571	0.41	0.248	16.988	17.75	17.1	16.15	15.3	NA
2026-02-14 07:00:00	-91.3478	30.9812	0	13.925	15	95.407	100.727	1.627	0	0.49	161.45	0	0	1.235	0.078	0	0.372	0.358	0.359	0.349	0.374	-24.6	-0.7	-3.5	0.268	0.494	0.573	0.41	0.247	16.675	17.55	17.025	16.175	15.3	NA
2026-02-14 08:00:00	-91.3478	30.9812	0	15.817	15.5	97.019	100.692	1.709	0	1.168	192.975	0	0	2.66	0.048	0	0.372	0.358	0.358	0.349	0.374	-24.6	-0.7	-3.5	0.266	0.493	0.571	0.41	0.247	16.6	17.375	16.962	16.225	15.3	NA
2026-02-14 09:00:00	-91.3478	30.9812	0	15.988	15.825	98.161	100.648	1.765	0	2.055	201.325	0	0	4.17	0.038	0	0.371	0.358	0.358	0.349	0.374	-24.5	-0.7	-3.5	0.265	0.494	0.57	0.411	0.247	16.75	17.25	16.9	16.25	15.3	NA
2026-02-14 10:00:00	-91.3478	30.9812	0	15.683	15.65	95.763	100.642	1.703	0	2.427	200.5	0	0	5.41	0.073	0	0.371	0.358	0.358	0.349	0.374	-24.475	-0.7	-3.5	0.264	0.494	0.569	0.41	0.247	16.788	17.2	16.838	16.25	15.3	NA
2026-02-14 11:00:00	-91.3478	30.9812	0	15.785	15.65	95.485	100.677	1.698	0	1.082	209.8	0	0	2.1	0.078	0	0.371	0.358	0.358	0.349	0.374	-24.375	-0.7	-3.525	0.262	0.494	0.569	0.409	0.246	16.7	17.1	16.775	16.25	15.3	NA
2026-02-14 12:00:00	-91.3478	30.9812	0	15.832	15.65	95.612	100.77	1.7	0	0.315	263.15	0	0	0.738	0.075	0	0.371	0.358	0.358	0.349	0.374	-24.275	-0.7	-3.6	0.261	0.493	0.569	0.409	0.247	16.7	17.075	16.712	16.25	15.3	NA
2026-02-14 13:00:00	-91.3478	30.9812	0	15.8	15.575	96.51	100.677	1.708	14.5	1.285	186.85	0	0	2.862	0.06	0	0.371	0.358	0.358	0.349	0.374	-24.2	-0.7	-3.6	0.263	0.494	0.57	0.41	0.246	16.7	17	16.675	16.25	15.375	0.258
2026-02-14 14:00:00	-91.3478	30.9812	0	16.508	16.1	96.489	100.555	1.766	53.3	2.44	194.35	0	0	5.728	0.062	0	0.371	0.358	0.358	0.349	0.374	-24.175	-0.7	-3.6	0.262	0.495	0.572	0.41	0.246	16.725	17	16.6	16.25	15.4	0.257
2026-02-14 15:00:00	-91.3478	30.9812	0	17.488	16.725	95.629	100.588	1.821	58.9	2.157	196.4	0	0	4.537	0.085	0	0.371	0.358	0.358	0.349	0.374	-24	-0.7	-3.6	0.262	0.495	0.57	0.41	0.246	16.913	16.95	16.6	16.25	15.4	0.242
2026-02-14 16:00:00	-91.3478	30.9812	0	18.35	17.15	94.62	100.588	1.851	89.7	2.4	194.875	0	0	5.245	0.103	0	0.371	0.358	0.358	0.349	0.374	-23.825	-0.7	-3.625	0.262	0.494	0.57	0.409	0.246	17.15	17	16.525	16.25	15.4	0.243
2026-02-14 17:00:00	-91.3478	30.9812	0	19.525	18.1	91.532	100.523	1.901	108.45	2.178	192.8	0	0	4.537	0.173	0	0.37	0.358	0.358	0.348	0.374	-23.725	-0.7	-3.7	0.264	0.496	0.571	0.41	0.246	17.462	17.025	16.5	16.25	15.4	0.238
2026-02-14 18:00:00	-91.3478	30.9812	0	20.48	19.125	87.606	100.417	1.94	125.75	2.39	209.475	0	0	4.402	0.27	0	0.37	0.358	0.358	0.348	0.374	-23.5	-0.7	-3.7	0.264	0.496	0.571	0.408	0.246	17.837	17.15	16.5	16.25	15.4	0.239
2026-02-14 19:00:00	-91.3478	30.9812	0	22.35	19.95	83.614	100.262	1.949	233.95	2.913	208.25	0	0	5.885	0.385	0	0.37	0.358	0.358	0.348	0.374	-23.375	-0.7	-3.7	0.268	0.496	0.573	0.41	0.246	18.175	17.275	16.5	16.25	15.4	0.243
2026-02-14 20:00:00	-91.3478	30.9812	0	23.242	21.375	74.275	100.128	1.89	233.425	3.643	198.7	0	0	7.265	0.652	0	0.37	0.358	0.358	0.348	0.374	-23.1	-0.7	-3.7	0.274	0.498	0.572	0.41	0.246	18.863	17.475	16.512	16.25	15.5	0.234
2026-02-14 21:00:00	-91.3478	30.9812	0	23.57	21.85	71.185	100.042	1.865	229.7	2.893	192.8	17.75	0.5	6.87	0.75	0	0.369	0.358	0.358	0.348	0.374	-23.15	-0.7	-3.7	0.272	0.499	0.571	0.41	0.246	19.188	17.7	16.55	16.25	15.5	0.233
2026-02-14 22:00:00	-91.3478	30.9812	0	22.792	21.975	69.909	100.002	1.845	232.125	3.22	189.75	6.75	0.5	7.42	0.792	0	0.369	0.358	0.358	0.348	0.374	-23.525	-0.7	-3.775	0.272	0.499	0.575	0.409	0.246	19.413	17.9	16.575	16.25	15.5	0.217
2026-02-14 23:00:00	-91.3478	30.9812	0	18.78	21.025	71.741	99.945	1.787	28.325	1.985	186.2	0	0	5.732	0.705	0	0.368	0.357	0.358	0.348	0.373	-24.475	-0.7	-3.8	0.271	0.498	0.574	0.408	0.246	19.225	18.075	16.663	16.25	15.5	0.175
2026-02-15 00:00:00	-91.3478	30.9812	0	17.4	20.275	75.057	99.815	1.785	1.2	2.228	192.65	0	0	5.487	0.593	0	0.368	0.357	0.358	0.348	0.373	-25.725	-0.7	-3.8	0.265	0.498	0.575	0.41	0.245	18.663	18.1	16.725	16.25	15.5	NA
2026-02-15 01:00:00	-91.3478	30.9812	0	17.682	19.925	76.66	99.838	1.784	0	2.502	199.225	0	0	4.808	0.545	0	0.369	0.357	0.358	0.348	0.373	-26.775	-0.7	-3.9	0.262	0.498	0.575	0.409	0.246	18.2	18.05	16.8	16.25	15.5	NA
2026-02-15 02:00:00	-91.3478	30.9812	0	18.918	20.3	76.504	99.875	1.822	0	3.615	204.3	0	0	6.938	0.56	0	0.369	0.357	0.358	0.348	0.373	-27.375	-0.75	-3.9	0.262	0.497	0.574	0.41	0.246	18.05	17.95	16.837	16.262	15.5	NA
2026-02-15 03:00:00	-91.3478	30.9812	0	18.773	20	81.602	99.757	1.908	0	3.955	194.725	8.5	0.25	9.02	0.428	0	0.369	0.357	0.358	0.348	0.373	-27.8	-0.75	-3.9	0.26	0.498	0.574	0.41	0.245	18.1	17.9	16.9	16.312	15.55	NA
2026-02-15 04:00:00	-91.3478	30.9812	5.017	18.855	19.75	87.015	99.648	2.002	0	5.127	200.225	16.25	9.5	12.095	0.302	0.007	0.37	0.357	0.358	0.348	0.373	-28.025	-0.8	-3.9	0.258	0.499	0.574	0.41	0.246	18.137	17.825	16.9	16.35	15.6	NA
2026-02-15 05:00:00	-91.3478	30.9812	10.522	15.672	14.85	97.25	99.805	1.643	0	2.652	217.425	5.25	23	10.845	0.045	0.004	0.411	0.37	0.374	0.381	0.406	-20.35	-0.275	-1.325	0.594	0.521	0.582	0.47	0.373	17.638	17.85	17.075	16.6	15.625	NA
2026-02-15 06:00:00	-91.3478	30.9812	2.841	15.46	14.675	98.31	99.68	1.642	0	1.395	200.05	3	1.25	3.643	0.03	0.002	0.414	0.37	0.384	0.406	0.423	-13.3	-0.2	-0.675	0.628	0.524	0.576	0.496	0.411	16.913	17.675	16.962	16.8	15.75	NA
2026-02-15 07:00:00	-91.3478	30.9812	0.102	15.2	14.525	99.547	99.38	1.647	0	1.822	174.075	0	0	5.845	0.005	0	0.414	0.371	0.417	0.409	0.424	-10.7	-0.2	-0.7	0.653	0.524	0.533	0.494	0.41	16.587	17.4	16.788	16.8	15.85	NA
2026-02-15 08:00:00	-91.3478	30.9812	0	14.892	14.4	99.919	99.463	1.639	0	1.82	199.35	0	0	3.572	0	0	0.415	0.371	0.38	0.409	0.424	-7.5	-0.2	-0.7	0.689	0.524	0.585	0.495	0.411	16.363	17.15	16.7	16.75	15.9	NA
2026-02-15 09:00:00	-91.3478	30.9812	0	13.898	14.2	99.428	99.505	1.61	0	2.157	235.725	0	0	4.628	0.007	0	0.415	0.371	0.378	0.408	0.424	-4.825	-0.2	-0.8	0.715	0.523	0.589	0.498	0.414	16.05	16.975	16.637	16.7	15.9	NA
2026-02-15 10:00:00	-91.3478	30.9812	0.017	14.195	14.15	99.701	99.602	1.61	0	1.572	239.275	0	0	4.957	0.005	0	0.416	0.371	0.376	0.405	0.424	-2.975	-0.2	-0.8	0.733	0.52	0.591	0.503	0.42	15.625	16.8	16.562	16.65	15.9	NA
2026-02-15 11:00:00	-91.3478	30.9812	0.034	14.82	14.375	99.791	99.702	1.635	0	1.317	246.075	0	0	4.037	0	0	0.416	0.372	0.376	0.403	0.424	-2	-0.2	-0.8	0.748	0.519	0.59	0.499	0.422	15.625	16.575	16.512	16.65	15.9	NA
2026-02-15 12:00:00	-91.3478	30.9812	0	14.287	14.1	99.867	99.738	1.607	0	1.555	237.65	0	0	3.675	0	0	0.416	0.372	0.376	0.388	0.424	-1.4	-0.2	-0.8	0.762	0.518	0.591	0.487	0.428	15.65	16.45	16.412	16.587	15.9	NA
2026-02-15 13:00:00	-91.3478	30.9812	0	14.525	14	99.831	99.77	1.596	23.825	2.095	236.575	0	0	5.367	0	0	0.416	0.371	0.376	0.38	0.424	-1.075	-0.2	-0.8	0.772	0.517	0.592	0.497	0.428	15.55	16.375	16.387	16.55	15.8	0.33
2026-02-15 14:00:00	-91.3478	30.9812	0	15.963	14.175	99.744	99.87	1.613	130.825	2.335	241.125	0	0	6.615	0	0	0.416	0.371	0.375	0.379	0.424	-0.925	-0.2	-0.8	0.784	0.516	0.591	0.497	0.43	15.662	16.3	16.325	16.55	15.8	0.334
2026-02-15 15:00:00	-91.3478	30.9812	0	19.145	16.2	99.387	99.912	1.832	377.325	2.29	244.3	10	0.25	6.42	0.007	0	0.415	0.371	0.375	0.378	0.423	-0.775	-0.2	-0.8	0.798	0.515	0.591	0.497	0.428	16.438	16.3	16.288	16.525	15.8	0.314
2026-02-15 16:00:00	-91.3478	30.9812	0	21.525	17.775	94.64	99.928	1.926	511.775	1.882	245.825	0	0	6.25	0.108	0	0.414	0.371	0.374	0.375	0.423	-0.7	-0.2	-0.8	0.768	0.516	0.592	0.495	0.428	17.75	16.5	16.25	16.45	15.8	0.281
2026-02-15 17:00:00	-91.3478	30.9812	0	19.837	17.775	85.637	99.96	1.743	248.05	1.885	245.4	0	0	6.535	0.29	0	0.412	0.371	0.374	0.373	0.423	-0.65	-0.2	-0.8	0.739	0.513	0.592	0.498	0.425	18.762	16.875	16.262	16.45	15.8	0.298
2026-02-15 18:00:00	-91.3478	30.9812	0	18.53	17.55	82.753	99.96	1.66	156.775	1.835	247.15	10	0.25	6.2	0.345	0	0.411	0.37	0.373	0.372	0.422	-0.6	-0.2	-0.8	0.713	0.511	0.595	0.5	0.426	18.65	17.25	16.3	16.45	15.8	0.298
2026-02-15 19:00:00	-91.3478	30.9812	0	20.215	17.8	83.833	99.932	1.709	303.35	1.548	258.7	0	0	5.728	0.328	0	0.411	0.37	0.372	0.371	0.422	-0.6	-0.2	-0.8	0.686	0.51	0.595	0.498	0.427	18.55	17.45	16.387	16.438	15.8	0.302
2026-02-15 20:00:00	-91.3478	30.9812	0	20.375	18.575	79.409	99.932	1.699	249.175	1.572	281.55	0	0	5.935	0.44	0	0.41	0.37	0.372	0.37	0.421	-0.6	-0.2	-0.8	0.669	0.508	0.596	0.498	0.416	19.05	17.625	16.45	16.4	15.8	0.294
2026-02-15 21:00:00	-91.3478	30.9812	0	18.72	18.5	77.216	99.982	1.644	91.4	1.11	262.375	0	0	4.5	0.482	0	0.409	0.369	0.371	0.369	0.419	-0.6	-0.2	-0.775	0.66	0.507	0.598	0.496	0.358	19.087	17.85	16.55	16.363	15.8	0.288
2026-02-15 22:00:00	-91.3478	30.9812	0	18.727	18.775	77.549	100.032	1.68	87.575	0.975	293.85	10	0.25	3.297	0.485	0	0.409	0.369	0.37	0.369	0.415	-0.6	-0.2	-0.7	0.657	0.509	0.599	0.494	0.329	18.863	17.975	16.637	16.35	15.8	0.288
2026-02-15 23:00:00	-91.3478	30.9812	0	17.29	18.6	76.85	100.138	1.647	7.75	1.13	247.45	0	0	4.235	0.492	0	0.409	0.369	0.369	0.368	0.412	-0.6	-0.2	-0.7	0.637	0.508	0.599	0.493	0.322	18.562	18	16.713	16.4	15.8	NA
2026-02-16 00:00:00	-91.3478	30.9812	0	16.795	18.025	79.361	100.238	1.641	0	0.933	107.125	0	0	3.065	0.422	0	0.41	0.369	0.369	0.368	0.403	-0.6	-0.2	-0.7	0.63	0.509	0.599	0.492	0.33	18.15	17.975	16.8	16.412	15.8	NA
2026-02-16 01:00:00	-91.3478	30.9812	0	14.88	16.925	78.584	100.278	1.516	0	1.045	39.95	0	0	4.482	0.415	0	0.41	0.369	0.369	0.366	0.401	-0.6	-0.2	-0.7	0.624	0.508	0.599	0.492	0.331	17.738	17.875	16.837	16.45	15.8	NA
2026-02-16 02:00:00	-91.3478	30.9812	0	13.23	15.2	82.29	100.342	1.421	0	0.655	29.775	0	0	2.56	0.305	0	0.41	0.369	0.369	0.365	0.398	-0.525	-0.2	-0.7	0.617	0.504	0.6	0.494	0.33	17.087	17.725	16.9	16.45	15.8	NA
2026-02-16 03:00:00	-91.3478	30.9812	0	13.495	14.375	85.963	100.43	1.408	0	0.865	13.05	0	0	3.265	0.228	0	0.411	0.369	0.368	0.364	0.397	-0.5	-0.2	-0.7	0.612	0.504	0.598	0.494	0.327	16.462	17.475	16.9	16.45	15.8	NA
2026-02-16 04:00:00	-91.3478	30.9812	0	13.957	14.275	85.718	100.48	1.395	0	1.038	27.175	20	0.5	3.648	0.23	0	0.411	0.369	0.368	0.363	0.396	-0.5	-0.2	-0.7	0.606	0.504	0.599	0.49	0.326	16.15	17.2	16.85	16.45	15.9	NA
2026-02-16 05:00:00	-91.3478	30.9812	0	13.793	13.875	84.676	100.502	1.343	0	0.975	24.75	0	0	4.14	0.242	0	0.411	0.369	0.368	0.362	0.394	-0.5	-0.2	-0.7	0.601	0.504	0.597	0.492	0.323	15.963	17	16.825	16.475	15.9	NA
2026-02-16 06:00:00	-91.3478	30.9812	0	13.52	13.325	85.084	100.49	1.302	0	0.887	40.05	0	0	3.095	0.228	0	0.411	0.369	0.368	0.362	0.393	-0.5	-0.2	-0.7	0.594	0.502	0.597	0.491	0.32	15.788	16.825	16.788	16.5	15.9	NA
2026-02-16 07:00:00	-91.3478	30.9812	0	13.113	12.675	85.267	100.505	1.25	0	0.988	42.025	10	0.25	2.852	0.212	0	0.411	0.369	0.368	0.362	0.393	-0.45	-0.2	-0.7	0.589	0.503	0.596	0.49	0.318	15.575	16.65	16.7	16.512	15.9	NA
2026-02-16 08:00:00	-91.3478	30.9812	0	12.948	12.125	86.43	100.528	1.222	0	0.595	35.825	0	0	2.282	0.192	0	0.41	0.369	0.368	0.362	0.392	-0.4	-0.2	-0.7	0.581	0.505	0.597	0.49	0.309	15.375	16.5	16.637	16.55	15.9	NA
2026-02-16 09:00:00	-91.3478	30.9812	0	12.873	11.9	87.651	100.507	1.221	0	0.56	179.475	0	0	1.995	0.17	0	0.41	0.369	0.368	0.361	0.391	-0.4	-0.2	-0.7	0.58	0.504	0.596	0.488	0.304	15.2	16.35	16.562	16.55	15.9	NA
2026-02-16 10:00:00	-91.3478	30.9812	0	12.72	11.625	89.019	100.528	1.218	0	0.792	309.95	10	0.25	2.168	0.15	0	0.41	0.37	0.368	0.361	0.39	-0.4	-0.2	-0.7	0.575	0.504	0.595	0.488	0.302	15.062	16.225	16.475	16.512	15.9	NA
2026-02-16 11:00:00	-91.3478	30.9812	0	12.637	11.5	90.31	100.573	1.226	0	0.652	253.4	0	0	2.18	0.132	0	0.405	0.37	0.368	0.361	0.39	-0.4	-0.2	-0.7	0.579	0.502	0.595	0.488	0.299	14.912	16.05	16.387	16.5	15.9	NA
2026-02-16 12:00:00	-91.3478	30.9812	0	12.562	11.375	91.417	100.648	1.23	0	0.545	93.225	0	0	1.935	0.115	0	0.405	0.37	0.368	0.36	0.389	-0.4	-0.2	-0.7	0.571	0.504	0.594	0.487	0.296	14.788	15.925	16.325	16.475	15.9	NA
2026-02-16 13:00:00	-91.3478	30.9812	0	12.56	11.125	92.736	100.725	1.228	7.1	0.632	186.825	0	0	2.478	0.095	0	0.405	0.37	0.368	0.36	0.389	-0.4	-0.2	-0.7	0.568	0.504	0.595	0.486	0.291	14.675	15.8	16.225	16.45	15.9	NA
2026-02-16 14:00:00	-91.3478	30.9812	0	12.957	11	94.118	100.762	1.236	37.875	0.85	121.85	0	0	3.39	0.075	0	0.405	0.37	0.367	0.36	0.388	-0.4	-0.2	-0.7	0.564	0.504	0.596	0.486	0.29	14.65	15.7	16.15	16.45	15.9	0.303
2026-02-16 15:00:00	-91.3478	30.9812	0	13.783	11.2	94.807	100.82	1.261	79.7	0.873	160.3	0	0	2.692	0.068	0	0.404	0.37	0.367	0.36	0.387	-0.4	-0.2	-0.7	0.562	0.505	0.595	0.486	0.287	14.7	15.6	16.075	16.45	15.9	0.313
2026-02-16 16:00:00	-91.3478	30.9812	0	14.637	11.625	94.314	100.87	1.29	127.35	1.462	195.425	0	0	3.165	0.073	0	0.404	0.37	0.367	0.36	0.387	-0.4	-0.2	-0.7	0.56	0.504	0.596	0.484	0.286	14.975	15.6	16	16.425	15.975	0.303
2026-02-16 17:00:00	-91.3478	30.9812	0	15.73	12.05	93.845	100.865	1.32	167	1.172	194.9	0	0	2.703	0.082	0	0.404	0.37	0.367	0.36	0.387	-0.4	-0.2	-0.7	0.558	0.506	0.595	0.486	0.284	15.338	15.6	15.9	16.363	16	0.301
2026-02-16 18:00:00	-91.3478	30.9812	0	16.828	12.625	91.969	100.828	1.344	218.025	1.295	201.675	0	0	2.755	0.115	0	0.403	0.37	0.367	0.36	0.386	-0.4	-0.2	-0.65	0.556	0.505	0.595	0.485	0.282	15.838	15.725	15.888	16.35	16	0.296
2026-02-16 19:00:00	-91.3478	30.9812	0	18.315	13.45	89.643	100.792	1.383	270.6	1.15	204.275	0	0	2.837	0.16	0	0.402	0.369	0.367	0.359	0.386	-0.4	-0.2	-0.6	0.552	0.507	0.596	0.485	0.282	16.425	15.85	15.825	16.35	16	0.289
2026-02-16 20:00:00	-91.3478	30.9812	0	21.8	15.075	84.693	100.75	1.451	535.675	1.257	166.9	0	0	3.385	0.265	0	0.401	0.369	0.367	0.359	0.386	-0.4	-0.2	-0.6	0.551	0.508	0.597	0.485	0.28	17.337	16.1	15.838	16.312	16	0.285
2026-02-16 21:00:00	-91.3478	30.9812	0	21.69	16.625	77.07	100.718	1.458	489.6	1.288	184.375	0	0	3.852	0.432	0	0.4	0.369	0.367	0.359	0.386	-0.4	-0.2	-0.6	0.543	0.51	0.597	0.485	0.279	18.562	16.5	15.85	16.25	16	0.273
2026-02-16 22:00:00	-91.3478	30.9812	0	19.483	17.225	72.709	100.722	1.429	292.125	1.107	187.075	26.25	0.75	2.865	0.535	0	0.399	0.368	0.367	0.359	0.385	-0.4	-0.2	-0.6	0.529	0.512	0.598	0.484	0.277	18.725	16.95	15.888	16.25	16	0.264
2026-02-16 23:00:00	-91.3478	30.9812	0	14.545	16.65	71.107	100.728	1.348	27.85	1.21	194.275	0	0	2.458	0.552	0	0.399	0.368	0.367	0.359	0.385	-0.4	-0.2	-0.6	0.514	0.512	0.599	0.484	0.276	18.25	17.25	16	16.25	16	0.236
2026-02-17 00:00:00	-91.3478	30.9812	0	12.06	14.1	79.441	100.725	1.277	0.35	0.345	252.55	0	0	0.882	0.328	0	0.399	0.368	0.367	0.359	0.385	-0.4	-0.2	-0.6	0.502	0.511	0.598	0.483	0.276	17.25	17.275	16.1	16.25	16	NA
2026-02-17 01:00:00	-91.3478	30.9812	0	11.04	12.475	85.97	100.748	1.244	0	0.23	144.35	0	0	0.522	0.202	0	0.399	0.368	0.367	0.359	0.384	-0.4	-0.2	-0.6	0.491	0.508	0.598	0.483	0.274	16.35	17.1	16.212	16.25	16	NA
2026-02-17 02:00:00	-91.3478	30.9812	0	10.435	11.3	90.988	100.78	1.218	0	0.465	103.375	0	0	1.268	0.122	0	0.4	0.368	0.367	0.36	0.384	-0.4	-0.2	-0.6	0.48	0.506	0.597	0.484	0.273	15.562	16.8	16.25	16.25	16	NA
2026-02-17 03:00:00	-91.3478	30.9812	0	10.22	11.5	92.183	100.815	1.251	0	0.625	151.45	0	0	2.185	0.105	0	0.4	0.368	0.367	0.359	0.384	-0.35	-0.2	-0.6	0.472	0.505	0.595	0.482	0.274	14.938	16.5	16.3	16.25	16	NA
2026-02-17 04:00:00	-91.3478	30.9812	0	9.745	11.075	94.105	100.825	1.242	0	0.422	170.725	0	0	1.612	0.075	0	0.4	0.368	0.366	0.359	0.384	-0.3	-0.2	-0.6	0.466	0.504	0.594	0.481	0.272	14.4	16.175	16.275	16.25	16	NA
2026-02-17 05:00:00	-91.3478	30.9812	0	9.56	10.625	95.015	100.798	1.217	0	0.688	206.8	0	0	2.12	0.065	0	0.401	0.368	0.366	0.359	0.383	-0.3	-0.2	-0.6	0.462	0.505	0.592	0.476	0.272	13.95	15.85	16.188	16.25	16	NA
2026-02-17 06:00:00	-91.3478	30.9812	0	9.783	10.775	96.294	100.778	1.245	0	1.918	193.7	0	0	4.215	0.048	0	0.401	0.368	0.366	0.359	0.383	-0.3	-0.2	-0.6	0.458	0.504	0.593	0.472	0.271	13.575	15.55	16.113	16.25	16	NA
2026-02-17 07:00:00	-91.3478	30.9812	0	10.295	10.525	97.665	100.73	1.242	0	1.418	190.775	0	0	3.325	0.03	0	0.397	0.368	0.366	0.359	0.383	-0.3	-0.2	-0.6	0.46	0.502	0.591	0.472	0.271	13.275	15.3	16.012	16.25	16.025	NA
2026-02-17 08:00:00	-91.3478	30.9812	0	11.828	11.05	98.683	100.735	1.3	0	0.902	177.7	0	0	2.14	0.015	0	0.395	0.368	0.366	0.359	0.383	-0.3	-0.2	-0.6	0.464	0.504	0.59	0.47	0.27	13.312	15.05	15.887	16.25	16.1	NA
2026-02-17 09:00:00	-91.3478	30.9812	0	12.16	11.4	98.216	100.75	1.324	0	0.897	180.9	0	0	2.28	0.022	0	0.394	0.368	0.366	0.358	0.383	-0.3	-0.2	-0.6	0.463	0.504	0.59	0.469	0.27	13.537	14.925	15.762	16.25	16.1	NA
2026-02-17 10:00:00	-91.3478	30.9812	0	12.44	11.65	98.466	100.845	1.349	0	0.647	247.425	0	0	1.433	0.018	0	0.394	0.368	0.366	0.358	0.382	-0.3	-0.2	-0.6	0.462	0.504	0.589	0.468	0.268	13.7	14.85	15.65	16.25	16.1	NA
2026-02-17 11:00:00	-91.3478	30.9812	0	12.435	11.525	99.137	100.828	1.348	0	0.585	153.225	0	0	1.262	0.01	0	0.394	0.368	0.366	0.358	0.382	-0.3	-0.1	-0.6	0.461	0.506	0.589	0.466	0.268	13.788	14.8	15.55	16.225	16.1	NA
2026-02-17 12:00:00	-91.3478	30.9812	0	12.325	11.5	99.19	100.825	1.346	0	0.887	164.625	0	0	1.82	0.013	0	0.394	0.368	0.366	0.358	0.382	-0.3	-0.1	-0.6	0.46	0.506	0.588	0.464	0.266	13.85	14.8	15.462	16.162	16.1	NA
2026-02-17 13:00:00	-91.3478	30.9812	0	12.807	11.875	98.553	100.798	1.371	15.475	1.082	193.7	0	0	2.598	0.02	0	0.394	0.368	0.366	0.357	0.382	-0.3	-0.1	-0.65	0.459	0.506	0.586	0.46	0.266	13.85	14.8	15.375	16.15	16.1	0.329
2026-02-17 14:00:00	-91.3478	30.9812	0	14.383	12.875	97.288	100.77	1.445	96.6	1.418	198.375	0	0	3.305	0.043	0	0.394	0.368	0.366	0.357	0.382	-0.3	-0.1	-0.7	0.46	0.506	0.584	0.458	0.267	14.062	14.8	15.325	16.137	16.1	0.341
2026-02-17 15:00:00	-91.3478	30.9812	0	16.032	14.45	91.677	100.842	1.509	157.55	1.84	208.725	0	0	3.558	0.135	0	0.393	0.368	0.366	0.357	0.381	-0.3	-0.1	-0.7	0.462	0.506	0.582	0.455	0.266	14.613	14.8	15.275	16.062	16.1	0.304
2026-02-17 16:00:00	-91.3478	30.9812	0	17.348	15.75	85.368	100.865	1.527	208.5	2.128	217.675	0	0	3.97	0.262	0	0.392	0.368	0.366	0.356	0.381	-0.3	-0.1	-0.7	0.465	0.506	0.581	0.455	0.266	15.312	14.95	15.225	16.05	16.1	0.281
2026-02-17 17:00:00	-91.3478	30.9812	0	18.51	16.85	79.212	100.842	1.52	276.325	3.378	215.075	0	0	6.358	0.398	0	0.392	0.368	0.366	0.356	0.381	-0.3	-0.1	-0.7	0.465	0.508	0.581	0.454	0.265	15.975	15.2	15.2	16.038	16.1	0.271
2026-02-17 18:00:00	-91.3478	30.9812	0	19.115	17.875	73.303	100.762	1.501	281.85	4.022	214.95	0	0	8.172	0.547	0	0.391	0.368	0.366	0.356	0.381	-0.3	-0.1	-0.7	0.464	0.51	0.581	0.454	0.264	16.525	15.475	15.2	15.962	16.1	0.262
2026-02-17 19:00:00	-91.3478	30.9812	0	19.765	18.5	71.051	100.678	1.513	258.2	2.96	220.575	0	0	6.705	0.615	0	0.39	0.367	0.366	0.356	0.381	-0.3	-0.1	-0.7	0.464	0.511	0.58	0.452	0.264	16.875	15.725	15.25	15.95	16.1	0.259
2026-02-17 20:00:00	-91.3478	30.9812	0	19.945	19.2	68.547	100.62	1.525	218.975	2.748	220.575	0	0	5.455	0.698	0	0.39	0.367	0.366	0.356	0.381	-0.3	-0.1	-0.7	0.464	0.512	0.581	0.451	0.264	17.25	16	15.3	15.95	16.1	0.257
2026-02-17 21:00:00	-91.3478	30.9812	0	20.108	19.8	66.792	100.565	1.542	211	2.948	222.85	0	0	5.63	0.765	0	0.389	0.367	0.365	0.356	0.381	-0.3	-0.1	-0.7	0.461	0.512	0.582	0.45	0.264	17.462	16.2	15.375	15.95	16.1	0.256
2026-02-17 22:00:00	-91.3478	30.9812	0	19.328	20.225	65.046	100.51	1.542	147.075	3.102	216.825	0	0	5.945	0.833	0	0.389	0.367	0.365	0.355	0.381	-0.3	-0.1	-0.7	0.457	0.514	0.581	0.45	0.264	17.575	16.425	15.463	15.95	16.1	0.252
2026-02-17 23:00:00	-91.3478	30.9812	0	17.598	20.125	65.234	100.49	1.537	51.675	2.325	202.7	0	0	4.482	0.818	0	0.389	0.366	0.365	0.355	0.381	-0.3	-0.1	-0.7	0.452	0.512	0.582	0.451	0.264	17.387	16.55	15.55	15.95	16.1	0.237
2026-02-18 00:00:00	-91.3478	30.9812	0	14.268	18.575	69.792	100.49	1.493	0.4	1.388	204	0	0	2.51	0.645	0	0.389	0.366	0.365	0.355	0.38	-0.3	-0.1	-0.7	0.447	0.512	0.583	0.448	0.263	16.913	16.6	15.637	15.95	16.1	NA
2026-02-18 01:00:00	-91.3478	30.9812	0	13.53	17.45	74.047	100.48	1.476	0	1.708	199.525	0	0	3.375	0.518	0	0.389	0.366	0.365	0.355	0.38	-0.3	-0.1	-0.7	0.44	0.511	0.584	0.448	0.262	16.288	16.55	15.725	15.95	16.1	NA
2026-02-18 02:00:00	-91.3478	30.9812	0	14.078	16.85	78.814	100.47	1.512	0	1.82	195.475	0	0	3.633	0.405	0	0.389	0.366	0.365	0.355	0.38	-0.3	-0.1	-0.725	0.436	0.51	0.582	0.448	0.261	15.812	16.4	15.788	15.95	16.1	NA
2026-02-18 03:00:00	-91.3478	30.9812	0	13.572	16.3	85.087	100.418	1.577	0	1.715	196.95	0	0	3.405	0.272	0	0.389	0.366	0.365	0.355	0.38	-0.3	-0.1	-0.8	0.433	0.509	0.582	0.448	0.262	15.6	16.25	15.8	15.95	16.1	NA
2026-02-18 04:00:00	-91.3478	30.9812	0	13.48	15.9	88.846	100.4	1.605	0	2.285	200.225	0	0	4.375	0.202	0	0.389	0.366	0.365	0.355	0.38	-0.3	-0.1	-0.8	0.429	0.509	0.58	0.448	0.261	15.35	16.125	15.8	15.95	16.1	NA
2026-02-18 05:00:00	-91.3478	30.9812	0	15.078	16.825	90.985	100.38	1.744	0	2.93	203.05	0	0	5.713	0.173	0	0.389	0.366	0.365	0.355	0.38	-0.3	-0.1	-0.8	0.427	0.51	0.579	0.448	0.261	15.225	15.975	15.8	15.95	16.1	NA
2026-02-18 06:00:00	-91.3478	30.9812	0	15.262	17.45	90.886	100.292	1.812	0	3.428	198.675	0	0	6.35	0.182	0	0.389	0.366	0.365	0.355	0.38	-0.3	-0.1	-0.8	0.428	0.51	0.58	0.447	0.262	15.488	15.9	15.8	15.95	16.1	NA
2026-02-18 07:00:00	-91.3478	30.9812	0	15.955	17.725	91.574	100.273	1.858	0	3.217	204.475	0	0	6.34	0.17	0	0.389	0.366	0.365	0.355	0.38	-0.3	-0.1	-0.8	0.427	0.511	0.581	0.448	0.26	15.6	15.9	15.75	15.95	16.1	NA
2026-02-18 08:00:00	-91.3478	30.9812	0	16.675	18.025	92.76	100.27	1.918	0	4.11	209.95	0	0	8.885	0.148	0	0.389	0.366	0.365	0.355	0.379	-0.4	-0.1	-0.8	0.427	0.511	0.579	0.448	0.26	15.863	15.9	15.75	15.95	16.1	NA
2026-02-18 09:00:00	-91.3478	30.9812	0	16.91	17.45	95.93	100.26	1.913	0	3.343	222.4	0	0	7.028	0.082	0	0.389	0.366	0.365	0.354	0.379	-0.325	-0.1	-0.8	0.426	0.51	0.579	0.446	0.259	16.125	15.975	15.75	15.988	16.1	NA
2026-02-18 10:00:00	-91.3478	30.9812	0	16.788	17.375	96.975	100.248	1.924	0	2.625	222.925	0	0	5.95	0.065	0	0.388	0.366	0.365	0.354	0.379	-0.35	-0.1	-0.8	0.426	0.51	0.579	0.447	0.26	16.3	16.05	15.75	16	16.1	NA
2026-02-18 11:00:00	-91.3478	30.9812	0	15.922	17.25	96.613	100.235	1.902	0	1.705	214.425	0	0	3.585	0.06	0	0.388	0.366	0.365	0.354	0.379	-0.4	-0.1	-0.825	0.425	0.511	0.579	0.445	0.26	16.337	16.15	15.75	16	16.1	NA
2026-02-18 12:00:00	-91.3478	30.9812	0	15.62	17.075	97.355	100.25	1.896	0	1.65	206.5	0	0	2.97	0.05	0	0.388	0.366	0.365	0.354	0.379	-0.4	-0.1	-0.9	0.423	0.511	0.579	0.446	0.259	16.2	16.2	15.75	16	16.1	NA
2026-02-18 13:00:00	-91.3478	30.9812	0	16.705	17.325	98.834	100.275	1.955	34.25	1.622	209.975	0	0	3.12	0.022	0	0.388	0.366	0.365	0.354	0.379	-0.4	-0.1	-0.9	0.423	0.51	0.579	0.446	0.259	16.175	16.2	15.75	16	16.1	0.299
2026-02-18 14:00:00	-91.3478	30.9812	0	18.358	18.125	98.825	100.282	2.056	105.45	2.697	211.5	18	2.25	5.108	0.02	0	0.388	0.365	0.365	0.354	0.379	-0.35	-0.1	-0.9	0.424	0.511	0.579	0.446	0.258	16.5	16.2	15.788	16	16.1	0.285
2026-02-18 15:00:00	-91.3478	30.9812	0	20.46	19.025	97.064	100.302	2.136	211.825	3.18	221.675	9.25	0.25	6.295	0.06	0	0.387	0.365	0.365	0.354	0.379	-0.375	-0.1	-0.9	0.427	0.512	0.578	0.445	0.257	17.15	16.325	15.8	16.012	16.1	0.264
2026-02-18 16:00:00	-91.3478	30.9812	0	23.208	20.675	89.233	100.262	2.173	360.275	3.02	220.875	0	0	6.57	0.265	0	0.386	0.365	0.364	0.354	0.379	-0.375	-0.1	-0.9	0.432	0.513	0.579	0.444	0.256	18.062	16.55	15.8	16.05	16.1	0.247
2026-02-18 17:00:00	-91.3478	30.9812	0	23.935	22.125	77.236	100.208	2.057	332.425	3.507	220.375	0	0	7.308	0.608	0	0.385	0.365	0.364	0.354	0.379	-0.4	-0.1	-0.9	0.434	0.514	0.578	0.444	0.256	18.913	16.875	15.838	16.05	16.1	0.256
2026-02-18 18:00:00	-91.3478	30.9812	0	25.94	23.35	68.974	100.12	1.979	446.7	3.607	221.45	0	0	7.932	0.885	0	0.384	0.365	0.364	0.354	0.379	-0.4	-0.1	-0.9	0.437	0.516	0.582	0.445	0.256	19.525	17.25	15.925	16.05	16.1	0.242
2026-02-18 19:00:00	-91.3478	30.9812	0	25.095	23.45	64.249	100.018	1.854	352.25	3.445	225.3	0	0	7.315	1.032	0	0.384	0.364	0.364	0.354	0.379	-0.4	-0.1	-0.9	0.436	0.518	0.584	0.445	0.256	19.938	17.65	16.025	16.05	16.1	0.249
2026-02-18 20:00:00	-91.3478	30.9812	0	24.688	23.8	61.344	99.938	1.808	276.825	3.015	217.575	9.25	0.25	6.142	1.143	0	0.383	0.364	0.364	0.354	0.378	-0.4	-0.1	-0.9	0.433	0.519	0.584	0.445	0.256	20.15	17.95	16.163	16.05	16.1	0.255
2026-02-18 21:00:00	-91.3478	30.9812	0	23.455	23.8	60.206	99.875	1.775	229.125	3.355	217	0	0	6.795	1.168	0	0.383	0.364	0.364	0.354	0.378	-0.4	-0.1	-0.9	0.428	0.519	0.584	0.444	0.256	20.15	18.2	16.288	16.05	16.1	0.263
2026-02-18 22:00:00	-91.3478	30.9812	0	21.752	23.2	63.062	99.845	1.793	150.675	3.24	217.45	8.5	0.25	6.467	1.048	0	0.383	0.364	0.364	0.353	0.378	-0.4	-0.1	-0.925	0.423	0.519	0.586	0.444	0.256	19.912	18.375	16.45	16.05	16.1	0.274
2026-02-18 23:00:00	-91.3478	30.9812	0	19.663	22.475	65.577	99.862	1.784	39.075	3.298	212.95	17.5	0.75	6.263	0.935	0	0.382	0.364	0.364	0.354	0.378	-0.4	-0.1	-1	0.415	0.518	0.584	0.443	0.256	19.5	18.475	16.587	16.137	16.1	0.252
2026-02-19 00:00:00	-91.3478	30.9812	0	18.012	21.325	70.41	99.845	1.786	0	2.51	211.3	0	0	4.8	0.745	0	0.383	0.364	0.364	0.353	0.378	-0.4	-0.1	-1	0.41	0.516	0.585	0.443	0.256	18.925	18.425	16.712	16.15	16.1	NA
2026-02-19 01:00:00	-91.3478	30.9812	0	17.215	20.475	75.077	99.865	1.808	0	1.775	224.9	0	0	3.91	0.6	0	0.383	0.364	0.364	0.353	0.378	-0.4	-0.1	-1	0.406	0.516	0.583	0.443	0.257	18.45	18.325	16.825	16.175	16.1	NA
2026-02-19 02:00:00	-91.3478	30.9812	0	16.67	19.775	78.109	99.848	1.801	0	2.075	222.125	0	0	3.872	0.505	0	0.383	0.364	0.364	0.353	0.378	-0.475	-0.1	-1	0.402	0.513	0.583	0.444	0.256	18.1	18.175	16.887	16.25	16.1	NA
2026-02-19 03:00:00	-91.3478	30.9812	0	17.442	19.4	81.214	99.835	1.83	0	2.11	223.2	0	0	4.165	0.422	0	0.383	0.364	0.364	0.353	0.378	-0.5	-0.1	-1	0.398	0.514	0.582	0.444	0.257	17.825	18.025	16.938	16.262	16.1	NA
2026-02-19 04:00:00	-91.3478	30.9812	0	17.25	19.275	83.537	99.79	1.867	0	3.035	216.8	0	0	5.867	0.365	0	0.383	0.364	0.364	0.353	0.378	-0.5	-0.1	-1	0.396	0.515	0.583	0.444	0.257	17.788	17.9	17	16.338	16.1	NA
