2026-01-01 06:00:00	-93.639	32.4113	0	0.01	3	83.617	101.428	0.633	0	0.843	71.825	0	0	1.272	0.125	0	0.299	0.285	0.375	0.4	0.246	-20.075	-6.9	-0.2	1.393	1.093	3.564	3.292	1.688	10.363	11.1	13.238	15.175	17.1	NA
2026-01-01 07:00:00	-93.639	32.4113	0	-0.068	2.45	86.832	101.378	0.633	0	0.992	75.8	0	0	1.445	0.098	0	0.299	0.285	0.375	0.4	0.246	-20.1	-6.9	-0.2	1.393	1.088	3.56	3.292	1.689	10.075	10.875	13.2	15.15	17.1	NA
2026-01-01 08:00:00	-93.639	32.4113	0	-0.062	2.4	86.591	101.378	0.629	0	1.085	75.4	0	0	1.663	0.098	0	0.299	0.285	0.375	0.4	0.246	-20.125	-6.9	-0.2	1.392	1.086	3.558	3.29	1.688	9.825	10.65	13.138	15.113	17.1	NA
2026-01-01 09:00:00	-93.639	32.4113	0	0.1	3.15	84.447	101.365	0.647	0	0.593	128.2	0	0	1.27	0.122	0	0.299	0.285	0.375	0.4	0.246	-20.2	-6.9	-0.2	1.393	1.083	3.557	3.293	1.688	9.6	10.45	13.062	15.113	17.1	NA
2026-01-01 10:00:00	-93.639	32.4113	0	-0.242	4.275	77.205	101.338	0.64	0	0.68	112.25	0	0	1.365	0.19	0	0.299	0.285	0.375	0.4	0.247	-20.2	-6.9	-0.2	1.392	1.082	3.56	3.29	1.687	9.4	10.3	12.962	15.1	17.1	NA
2026-01-01 11:00:00	-93.639	32.4113	0	-0.545	3.7	78.378	101.287	0.624	0	0.47	108.95	0	0	1.12	0.17	0	0.299	0.285	0.375	0.4	0.246	-20.2	-6.9	-0.2	1.391	1.079	3.559	3.292	1.688	9.213	10.125	12.9	15.088	17.1	NA
2026-01-01 12:00:00	-93.639	32.4113	0	-0.993	2.35	81.151	101.257	0.587	0	0.985	83.85	0	0	1.558	0.135	0	0.299	0.285	0.375	0.4	0.247	-20.225	-6.9	-0.2	1.392	1.078	3.557	3.288	1.688	9.05	9.95	12.862	15.012	17.1	NA
2026-01-01 13:00:00	-93.639	32.4113	0	-1.062	0.85	88.729	101.268	0.577	6.825	0.917	78.725	0	0	1.342	0.075	0	0.299	0.285	0.375	0.4	0.247	-20.275	-6.875	-0.2	1.392	1.075	3.553	3.292	1.688	8.862	9.775	12.787	15	17.1	0.539
2026-01-01 14:00:00	-93.639	32.4113	0	5.72	5.85	81.369	101.34	0.751	103.7	1.198	150.175	0	0	2.418	0.188	0	0.299	0.285	0.375	0.4	0.246	-20.3	-6.9	-0.2	1.39	1.072	3.552	3.288	1.687	8.775	9.65	12.712	15	17.1	0.567
2026-01-01 15:00:00	-93.639	32.4113	0	13.39	11.65	60.428	101.4	0.825	260.325	1.675	221.375	0	0	3.237	0.55	0	0.298	0.285	0.375	0.4	0.246	-20.3	-6.9	-0.2	1.396	1.073	3.548	3.288	1.688	8.925	9.625	12.625	15	17.1	0.621
2026-01-01 16:00:00	-93.639	32.4113	0	18.635	15.325	46.972	101.41	0.817	404.5	2.635	261.65	0	0	4.805	0.925	0	0.298	0.284	0.375	0.4	0.246	-20.275	-6.95	-0.2	1.402	1.074	3.546	3.289	1.684	9.512	9.85	12.575	14.95	17.1	0.634
2026-01-01 17:00:00	-93.639	32.4113	0	22.215	18.225	39.462	101.352	0.825	467.225	3.217	269.325	0	0	5.86	1.265	0	0.297	0.284	0.375	0.4	0.246	-20.2	-7.1	-0.2	1.412	1.076	3.548	3.29	1.684	10.562	10.45	12.5	14.9	17.1	0.632
2026-01-01 18:00:00	-93.639	32.4113	0	24.64	20.425	35.438	101.23	0.851	476.75	3.183	257.9	0	0	5.588	1.547	0	0.297	0.283	0.374	0.4	0.246	-20.2	-7.225	-0.2	1.423	1.078	3.548	3.284	1.687	11.713	11.175	12.55	14.925	17.1	0.605
2026-01-01 19:00:00	-93.639	32.4113	0	22.462	20.925	33.79	101.11	0.837	369.275	3.172	257.85	0	0	5.822	1.632	0	0.297	0.283	0.374	0.4	0.246	-20.125	-7.375	-0.2	1.426	1.075	3.548	3.283	1.688	12.613	11.825	12.613	14.925	17.1	0.622
2026-01-01 20:00:00	-93.639	32.4113	0	22.068	21.25	33.291	101.023	0.841	346.3	3.015	242.125	0	0	5.555	1.685	0	0.296	0.283	0.374	0.4	0.246	-20.1	-7.525	-0.2	1.423	1.073	3.552	3.279	1.687	13.15	12.35	12.675	14.887	17.1	0.628
2026-01-01 21:00:00	-93.639	32.4113	0	19.648	20.825	34.771	100.98	0.855	201.375	2.688	239.375	0	0	5.01	1.605	0	0.296	0.283	0.374	0.4	0.246	-20.1	-7.65	-0.2	1.42	1.07	3.556	3.278	1.688	13.538	12.825	12.775	14.85	17	0.643
2026-01-01 22:00:00	-93.639	32.4113	0	17.722	20.2	36.208	100.935	0.857	119.1	2.38	222.225	0	0	4.665	1.512	0	0.296	0.283	0.374	0.4	0.247	-20.2	-7.75	-0.2	1.417	1.068	3.563	3.279	1.689	13.762	13.125	12.875	14.812	17	0.647
2026-01-01 23:00:00	-93.639	32.4113	0	13.907	18.05	40.959	100.91	0.847	7.75	1.933	211.35	0	0	4.232	1.223	0	0.296	0.283	0.374	0.4	0.246	-20.325	-7.8	-0.2	1.412	1.065	3.566	3.282	1.689	13.725	13.3	12.975	14.8	17	0.73
2026-01-02 00:00:00	-93.639	32.4113	0	12.317	16.325	46.834	100.898	0.869	0	1.758	202.75	0	0	2.987	0.983	0	0.296	0.283	0.375	0.4	0.247	-20.475	-7.9	-0.2	1.406	1.063	3.566	3.282	1.687	13.45	13.275	13.05	14.825	17	NA
2026-01-02 01:00:00	-93.639	32.4113	0	11.705	15.175	52.304	100.89	0.902	0	1.4	192.6	0	0	2.442	0.823	0	0.296	0.283	0.375	0.399	0.246	-20.625	-7.9	-0.2	1.401	1.063	3.569	3.279	1.689	13.125	13.125	13.125	14.85	17	NA
2026-01-02 02:00:00	-93.639	32.4113	0	10.6	14.175	57.65	100.865	0.932	0	1.107	162.075	0	0	2.332	0.682	0	0.296	0.283	0.375	0.399	0.247	-20.825	-7.925	-0.2	1.399	1.062	3.567	3.281	1.688	12.838	12.95	13.2	14.85	17	NA
2026-01-02 03:00:00	-93.639	32.4113	0	10.802	13.625	62.399	100.822	0.974	0	1.08	158.625	0	0	2.085	0.59	0	0.296	0.283	0.375	0.399	0.246	-20.95	-8	-0.2	1.398	1.06	3.567	3.284	1.687	12.588	12.775	13.2	14.85	17	NA
2026-01-02 04:00:00	-93.639	32.4113	0	11.09	13.4	65.267	100.798	1.003	0	0.89	139.3	0	0	1.86	0.53	0	0.296	0.283	0.375	0.399	0.246	-21.075	-8	-0.2	1.397	1.059	3.564	3.284	1.688	12.425	12.65	13.2	14.825	17	NA
2026-01-02 05:00:00	-93.639	32.4113	0	11.352	13.025	67.609	100.773	1.014	0	0.828	136.35	0	0	1.383	0.482	0	0.296	0.283	0.375	0.399	0.247	-21.175	-8	-0.2	1.397	1.059	3.567	3.284	1.688	12.325	12.55	13.25	14.8	17	NA
2026-01-02 06:00:00	-93.639	32.4113	0	12.502	13.65	69.024	100.705	1.079	0	1.597	165.7	0	0	2.803	0.48	0	0.296	0.283	0.375	0.399	0.247	-21.25	-8.1	-0.225	1.397	1.058	3.561	3.286	1.686	12.25	12.5	13.25	14.75	17	NA
2026-01-02 07:00:00	-93.639	32.4113	0	12.787	13.825	75.032	100.62	1.186	0	1.49	158.05	0	0	2.77	0.392	0	0.296	0.283	0.375	0.399	0.247	-21.35	-8.125	-0.225	1.4	1.057	3.559	3.286	1.688	12.275	12.4	13.25	14.788	17	NA
2026-01-02 08:00:00	-93.639	32.4113	0	13.13	14.075	82.39	100.537	1.324	0	1.35	161.125	0	0	2.883	0.285	0	0.296	0.283	0.375	0.399	0.247	-21.4	-8.175	-0.2	1.401	1.058	3.558	3.286	1.687	12.312	12.425	13.25	14.8	17	NA
2026-01-02 09:00:00	-93.639	32.4113	0	14.305	15.125	85.295	100.445	1.466	0	2.498	175.925	0	0	4.485	0.252	0	0.296	0.283	0.375	0.399	0.247	-21.425	-8.2	-0.25	1.402	1.056	3.559	3.286	1.685	12.375	12.5	13.25	14.8	17	NA
2026-01-02 10:00:00	-93.639	32.4113	0	14.795	15.5	86.88	100.323	1.53	0	3.165	182.8	0	0	5.533	0.228	0	0.296	0.283	0.375	0.399	0.247	-21.5	-8.275	-0.275	1.402	1.056	3.559	3.283	1.688	12.5	12.55	13.25	14.788	16.9	NA
2026-01-02 11:00:00	-93.639	32.4113	0	14.715	15.5	88.599	100.235	1.56	0	2.547	179.55	0	0	4.627	0.198	0	0.296	0.283	0.375	0.399	0.247	-21.55	-8.3	-0.3	1.404	1.056	3.557	3.278	1.688	12.65	12.65	13.3	14.75	16.9	NA
2026-01-02 12:00:00	-93.639	32.4113	0	14.547	15.45	90.096	100.195	1.582	0	2.225	176.675	0	0	4.07	0.172	0	0.296	0.283	0.375	0.399	0.247	-21.625	-8.375	-0.3	1.404	1.056	3.55	3.279	1.689	12.788	12.775	13.3	14.75	16.9	NA
2026-01-02 13:00:00	-93.639	32.4113	0	14.383	15.1	92.212	100.172	1.583	2.15	1.472	162.1	0	0	3.085	0.13	0	0.296	0.283	0.375	0.399	0.247	-21.675	-8.4	-0.3	1.404	1.056	3.556	3.279	1.689	12.875	12.85	13.325	14.75	16.9	NA
2026-01-02 14:00:00	-93.639	32.4113	0	16.05	15.95	94.088	100.15	1.707	88.575	1.765	174.875	0	0	2.973	0.108	0	0.296	0.283	0.375	0.399	0.247	-21.75	-8.5	-0.3	1.402	1.057	3.554	3.279	1.689	12.95	12.9	13.363	14.775	16.9	0.622
2026-01-02 15:00:00	-93.639	32.4113	0	20.735	19.2	86.623	100.135	1.926	249.325	3.08	214.125	0	0	6.013	0.305	0	0.296	0.283	0.375	0.399	0.247	-21.8	-8.5	-0.3	1.404	1.056	3.554	3.278	1.689	13.15	13.025	13.4	14.8	16.9	0.624
2026-01-02 16:00:00	-93.639	32.4113	0	23.96	21.6	74.553	100.15	1.922	378.2	3.843	238.125	0	0	7.4	0.662	0	0.296	0.282	0.375	0.399	0.247	-21.875	-8.6	-0.3	1.406	1.058	3.551	3.278	1.688	13.688	13.275	13.412	14.788	16.9	0.647
2026-01-02 17:00:00	-93.639	32.4113	0	26.692	23.225	63.612	100.09	1.81	456.275	3.958	248.8	0	0	6.57	1.038	0	0.295	0.282	0.375	0.399	0.247	-21.85	-8.65	-0.3	1.413	1.057	3.544	3.277	1.688	14.525	13.775	13.45	14.75	16.9	0.665
2026-01-02 18:00:00	-93.639	32.4113	0	28.292	24.375	57.65	99.995	1.759	455.8	3.455	241.75	0	0	6.377	1.288	0	0.295	0.282	0.375	0.399	0.247	-21.8	-8.7	-0.3	1.418	1.054	3.545	3.273	1.687	15.488	14.4	13.538	14.75	16.9	0.655
2026-01-02 19:00:00	-93.639	32.4113	0	28.758	25.325	53.088	99.905	1.714	468.275	3.198	244.7	0	0	5.968	1.512	0	0.295	0.282	0.375	0.399	0.247	-21.725	-8.8	-0.3	1.422	1.05	3.551	3.272	1.688	16.212	15.025	13.625	14.8	16.9	0.661
2026-01-02 20:00:00	-93.639	32.4113	0	27.808	25.9	49.699	99.835	1.661	420.1	3.18	247.275	0	0	5.955	1.682	0	0.294	0.282	0.375	0.399	0.247	-21.8	-8.875	-0.3	1.419	1.048	3.554	3.267	1.688	16.625	15.45	13.738	14.8	16.9	0.61
2026-01-02 21:00:00	-93.639	32.4113	0	26.067	26	48.199	99.832	1.62	290.9	2.935	260.875	0	0	5.362	1.742	0	0.294	0.281	0.375	0.399	0.247	-21.8	-9	-0.3	1.414	1.045	3.554	3.266	1.688	16.988	15.85	13.863	14.8	16.9	0.604
2026-01-02 22:00:00	-93.639	32.4113	0	22.548	25.075	48.93	99.868	1.557	138.875	2.185	269.7	0	0	4.218	1.63	0	0.294	0.281	0.376	0.399	0.247	-21.925	-9	-0.3	1.415	1.045	3.556	3.266	1.688	17.225	16.2	13.988	14.8	16.9	0.571
2026-01-02 23:00:00	-93.639	32.4113	0	15.268	21.8	55.741	99.952	1.454	13.225	0.98	308.375	0	0	1.765	1.165	0	0.294	0.282	0.375	0.399	0.247	-22.075	-9	-0.3	1.41	1.044	3.562	3.268	1.689	17.062	16.3	14.113	14.8	16.85	0.544
2026-01-03 00:00:00	-93.639	32.4113	0	11.287	16.9	69.14	100.005	1.33	0	0.415	137.725	0	0	0.708	0.595	0	0.294	0.282	0.376	0.399	0.247	-22.325	-9.025	-0.3	1.401	1.041	3.561	3.272	1.689	16.587	16.2	14.225	14.8	16.8	NA
2026-01-03 01:00:00	-93.639	32.4113	0	10.102	14.375	76.882	100.058	1.259	0	0.505	85.225	0	0	1.538	0.38	0	0.294	0.282	0.376	0.399	0.247	-22.575	-9.075	-0.3	1.394	1.039	3.562	3.276	1.688	16.012	15.85	14.35	14.838	16.8	NA
2026-01-03 02:00:00	-93.639	32.4113	0	8.838	12.5	84.183	100.078	1.22	0	0.55	59.775	0	0	0.833	0.228	0	0.294	0.282	0.376	0.399	0.247	-22.875	-9.075	-0.3	1.388	1.038	3.557	3.276	1.689	15.425	15.525	14.412	14.85	16.8	NA
2026-01-03 03:00:00	-93.639	32.4113	0	8.082	11.1	88.368	100.1	1.168	0	0.535	185.325	0	0	0.917	0.15	0	0.294	0.282	0.376	0.399	0.247	-23.05	-9.1	-0.3	1.384	1.036	3.553	3.277	1.689	14.938	15.15	14.45	14.85	16.8	NA
2026-01-03 04:00:00	-93.639	32.4113	0	8.383	10.8	89.2	100.152	1.157	0	0.807	52.6	0	0	1.775	0.14	0	0.294	0.282	0.376	0.399	0.247	-23.225	-9.1	-0.3	1.379	1.032	3.548	3.28	1.688	14.5	14.75	14.475	14.85	16.8	NA
2026-01-03 05:00:00	-93.639	32.4113	0	11.863	13.9	90.656	100.182	1.44	0	1.352	83.775	0	0	2.852	0.148	0	0.293	0.282	0.376	0.399	0.247	-23.325	-9.1	-0.3	1.38	1.03	3.545	3.284	1.688	14.113	14.45	14.45	14.862	16.8	NA
2026-01-03 06:00:00	-93.639	32.4113	0	10.683	13.525	92.495	100.2	1.434	0	1.32	82.375	0	0	2.522	0.115	0	0.293	0.282	0.376	0.399	0.247	-23.4	-9.1	-0.3	1.38	1.03	3.541	3.285	1.687	13.85	14.2	14.475	14.9	16.8	NA
2026-01-03 07:00:00	-93.639	32.4113	0	11.248	13.075	94.406	100.188	1.421	0	1.77	60.125	0	0	3.438	0.082	0	0.293	0.282	0.376	0.399	0.247	-23.45	-9.1	-0.3	1.378	1.027	3.536	3.286	1.687	13.638	14	14.45	14.95	16.8	NA
2026-01-03 08:00:00	-93.639	32.4113	0	12.895	13.4	96.465	100.192	1.483	0	1.825	91.775	0	0	3.605	0.053	0	0.293	0.282	0.376	0.399	0.247	-23.5	-9.2	-0.3	1.38	1.025	3.533	3.289	1.689	13.488	13.825	14.4	14.95	16.8	NA
2026-01-03 09:00:00	-93.639	32.4113	0	13.892	13.875	96.914	100.238	1.537	0	2.212	77.925	0	0	4.31	0.05	0	0.293	0.282	0.376	0.399	0.247	-23.5	-9.2	-0.3	1.386	1.024	3.53	3.285	1.689	13.5	13.725	14.375	14.95	16.8	NA
2026-01-03 10:00:00	-93.639	32.4113	0	13.838	13.825	96.96	100.273	1.532	0	2.64	62.05	0	0	5.65	0.048	0	0.293	0.282	0.376	0.399	0.247	-23.5	-9.25	-0.3	1.388	1.022	3.529	3.284	1.688	13.588	13.725	14.35	14.95	16.8	NA
2026-01-03 11:00:00	-93.639	32.4113	0	13.525	13.45	97.555	100.362	1.505	0	2.735	46.725	0	0	5.222	0.04	0	0.293	0.282	0.375	0.399	0.247	-23.525	-9.3	-0.3	1.39	1.023	3.526	3.283	1.691	13.688	13.8	14.338	14.95	16.8	NA
2026-01-03 12:00:00	-93.639	32.4113	0	13.07	12.975	97.984	100.455	1.465	0	3.14	45.075	0	0	5.992	0.03	0	0.294	0.281	0.375	0.399	0.247	-23.575	-9.3	-0.3	1.389	1.029	3.528	3.28	1.693	13.75	13.8	14.3	14.962	16.8	NA
2026-01-03 13:00:00	-93.639	32.4113	0	12.828	12.675	97.887	100.545	1.435	0.025	2.737	35.35	0	0	4.85	0.03	0	0.294	0.281	0.375	0.399	0.247	-23.6	-9.4	-0.3	1.387	1.028	3.53	3.283	1.693	13.8	13.875	14.3	15	16.75	NA
2026-01-03 14:00:00	-93.639	32.4113	0	12.975	12.475	98.593	100.638	1.427	23.525	2.362	35.225	0	0	4.39	0.02	0	0.294	0.281	0.375	0.399	0.247	-23.65	-9.425	-0.3	1.387	1.028	3.529	3.288	1.692	13.8	13.9	14.3	15	16.7	0.76
2026-01-03 15:00:00	-93.639	32.4113	0	13.588	12.775	97.708	100.74	1.442	71.525	3.235	21.45	0	0	5.305	0.035	0	0.294	0.28	0.375	0.399	0.247	-23.7	-9.5	-0.3	1.387	1.027	3.524	3.284	1.692	13.825	13.9	14.3	15	16.7	0.701
2026-01-03 16:00:00	-93.639	32.4113	0	12.302	11.825	96.695	100.91	1.341	47	4.835	10.8	0	0	7.7	0.04	0	0.294	0.281	0.375	0.399	0.247	-23.8	-9.5	-0.3	1.39	1.024	3.519	3.287	1.689	13.938	13.9	14.3	15	16.7	0.736
2026-01-03 17:00:00	-93.639	32.4113	0	11.422	10.475	97.374	100.982	1.234	71.125	4.68	184.925	0	0	7.598	0.035	0	0.293	0.281	0.375	0.399	0.247	-23.8	-9.6	-0.3	1.386	1.02	3.519	3.281	1.689	13.938	14	14.3	15	16.7	0.714
2026-01-03 18:00:00	-93.639	32.4113	0	11.752	10.275	96.761	100.978	1.21	98.875	4.01	353	0	0	6.752	0.038	0	0.293	0.281	0.375	0.399	0.247	-23.85	-9.65	-0.3	1.386	1.02	3.519	3.281	1.689	13.9	14	14.3	15.012	16.7	0.706
2026-01-03 19:00:00	-93.639	32.4113	0	12.498	10.7	93.416	100.947	1.202	138.2	4.173	7.15	0	0	6.205	0.082	0	0.293	0.281	0.375	0.399	0.247	-23.925	-9.7	-0.3	1.385	1.017	3.514	3.282	1.689	13.95	14	14.3	15.05	16.7	0.696
2026-01-03 20:00:00	-93.639	32.4113	0	13.582	11.3	90.673	100.955	1.214	152.7	3.16	16.033	0	0	4.712	0.122	0	0.293	0.281	0.375	0.399	0.247	-23.975	-9.8	-0.3	1.389	1.015	3.513	3.283	1.687	14.062	14	14.3	15.05	16.7	0.692
2026-01-03 21:00:00	-93.639	32.4113	0	13.598	11.95	87.74	100.988	1.227	100.75	2.39	122.733	0	0	3.857	0.168	0	0.293	0.281	0.375	0.399	0.247	-24	-9.85	-0.3	1.39	1.016	3.514	3.281	1.686	14.225	14.075	14.3	15.05	16.7	0.694
2026-01-03 22:00:00	-93.639	32.4113	0	12.633	12.25	85.511	101.042	1.219	29.55	2.56	13.25	0	0	4.053	0.205	0	0.293	0.281	0.375	0.399	0.247	-24.05	-9.9	-0.3	1.391	1.016	3.514	3.282	1.687	14.312	14.2	14.325	15.05	16.7	0.745
2026-01-03 23:00:00	-93.639	32.4113	0	12.062	12.175	85.353	101.078	1.211	1.525	1.778	20.525	0	0	2.745	0.208	0	0.293	0.281	0.375	0.399	0.247	-24.1	-10	-0.3	1.388	1.016	3.514	3.281	1.686	14.262	14.2	14.35	15.088	16.7	NA
2026-01-04 00:00:00	-93.639	32.4113	0	11.665	11.925	86.431	101.12	1.206	0	0.99	44.025	0	0	1.852	0.188	0	0.293	0.281	0.375	0.399	0.247	-24.2	-10	-0.3	1.387	1.017	3.513	3.281	1.686	14.113	14.175	14.35	15.1	16.7	NA
2026-01-04 01:00:00	-93.639	32.4113	0	11.488	11.7	87.288	101.165	1.2	0	1.002	51.225	0	0	1.798	0.173	0	0.293	0.281	0.375	0.398	0.247	-24.275	-10	-0.3	1.386	1.016	3.514	3.281	1.686	13.962	14.075	14.35	15.1	16.7	NA
2026-01-04 02:00:00	-93.639	32.4113	0	11.358	11.6	88.123	101.212	1.204	0	0.69	74.6	0	0	1.24	0.16	0	0.293	0.281	0.375	0.398	0.247	-24.35	-10	-0.3	1.388	1.016	3.514	3.281	1.689	13.838	14	14.35	15.1	16.7	NA
2026-01-04 03:00:00	-93.639	32.4113	0	11.217	11.425	88.612	101.292	1.197	0	0.775	13.8	0	0	1.28	0.155	0	0.293	0.281	0.375	0.398	0.247	-24.425	-10.1	-0.3	1.389	1.017	3.514	3.281	1.688	13.725	13.9	14.35	15.1	16.7	NA
2026-01-04 04:00:00	-93.639	32.4113	0	11.185	11.425	88.742	101.358	1.198	0	0.88	25.5	0	0	1.327	0.15	0	0.293	0.281	0.375	0.398	0.247	-24.475	-10.1	-0.3	1.389	1.018	3.513	3.281	1.687	13.638	13.8	14.4	15.1	16.7	NA
2026-01-04 05:00:00	-93.639	32.4113	0	11.11	11.375	88.61	101.41	1.193	0	1.212	26.125	0	0	1.83	0.152	0	0.293	0.281	0.375	0.398	0.247	-24.55	-10.1	-0.3	1.388	1.016	3.513	3.287	1.686	13.562	13.75	14.362	15.1	16.7	NA
2026-01-04 06:00:00	-93.639	32.4113	0	10.912	11.175	87.683	101.45	1.164	0	1.37	36.425	0	0	2.425	0.165	0	0.293	0.281	0.375	0.398	0.247	-24.6	-10.1	-0.3	1.389	1.016	3.514	3.284	1.685	13.488	13.7	14.35	15.1	16.7	NA
2026-01-04 07:00:00	-93.639	32.4113	0	10.465	10.8	88.099	101.4	1.141	0	1.508	67.775	0	0	2.942	0.152	0	0.293	0.281	0.375	0.398	0.247	-24.7	-10.125	-0.3	1.385	1.014	3.513	3.282	1.688	13.425	13.6	14.325	15.1	16.7	NA
2026-01-04 08:00:00	-93.639	32.4113	0	9.815	10.325	87.89	101.315	1.103	0	1.595	84.375	0	0	3.122	0.15	0	0.293	0.281	0.374	0.398	0.247	-24.75	-10.2	-0.3	1.386	1.013	3.511	3.282	1.689	13.325	13.55	14.3	15.1	16.7	NA
2026-01-04 09:00:00	-93.639	32.4113	0	8.19	9.25	89.433	101.367	1.044	0	1.18	127.825	0	0	2.21	0.122	0	0.293	0.281	0.374	0.398	0.247	-24.8	-10.2	-0.3	1.385	1.012	3.512	3.282	1.688	13.188	13.475	14.275	15.1	16.7	NA
2026-01-04 10:00:00	-93.639	32.4113	0	6.785	8.4	91.446	101.39	1.008	0	0.865	37.5	0	0	1.64	0.092	0	0.293	0.282	0.374	0.398	0.247	-24.9	-10.2	-0.3	1.382	1.01	3.513	3.279	1.689	13.025	13.35	14.25	15.1	16.7	NA
2026-01-04 11:00:00	-93.639	32.4113	0	4.1	6.525	94.355	101.45	0.915	0	0.948	179.425	0	0	1.492	0.058	0	0.293	0.282	0.374	0.398	0.247	-24.925	-10.2	-0.3	1.381	1.01	3.511	3.281	1.689	12.762	13.2	14.25	15.1	16.7	NA
2026-01-04 12:00:00	-93.639	32.4113	0	5.768	6.075	96.425	101.535	0.907	0	1.172	195.3	0	0	1.832	0.032	0	0.293	0.281	0.374	0.398	0.247	-25.025	-10.275	-0.3	1.376	1.008	3.509	3.279	1.688	12.475	13	14.2	15.1	16.7	NA
2026-01-04 13:00:00	-93.639	32.4113	0	7.712	7.225	97.225	101.582	0.989	2.325	1.893	15.4	0	0	2.815	0.03	0	0.293	0.281	0.374	0.398	0.247	-25.1	-10.3	-0.3	1.379	1.002	3.507	3.275	1.687	12.275	12.75	14.2	15.1	16.7	NA
2026-01-04 14:00:00	-93.639	32.4113	0	8.8	7.85	96.617	101.64	1.026	22.1	1.14	24.8	0	0	1.85	0.032	0	0.293	0.281	0.374	0.398	0.247	-25.1	-10.3	-0.3	1.38	1.001	3.501	3.275	1.683	12.2	12.625	14.15	15.1	16.7	0.744
2026-01-04 15:00:00	-93.639	32.4113	0	10.57	9.45	92.626	101.692	1.096	71.25	1.93	71.975	0	0	3.567	0.085	0	0.292	0.281	0.374	0.398	0.247	-25.1	-10.325	-0.3	1.383	1	3.503	3.275	1.683	12.287	12.6	14.088	15.1	16.7	0.715
2026-01-04 16:00:00	-93.639	32.4113	0	11.683	10.3	86.427	101.722	1.083	119.7	1.998	71.6	0	0	4.105	0.165	0	0.292	0.281	0.374	0.398	0.247	-25.1	-10.4	-0.3	1.388	0.999	3.502	3.276	1.683	12.463	12.65	14.05	15.1	16.65	0.696
2026-01-04 17:00:00	-93.639	32.4113	0	13.678	11.2	82.513	101.672	1.098	202.475	1.365	108.675	0	0	3.02	0.232	0	0.292	0.281	0.374	0.398	0.247	-25.1	-10.4	-0.3	1.389	0.999	3.499	3.27	1.683	12.75	12.8	14.05	15.1	16.6	0.693
2026-01-04 18:00:00	-93.639	32.4113	0	16.298	12.4	78.981	101.552	1.138	327.55	1.435	139.875	0	0	3.445	0.3	0	0.292	0.28	0.374	0.398	0.247	-25.1	-10.45	-0.3	1.393	1	3.502	3.268	1.685	13.15	13	14	15.1	16.6	0.673
2026-01-04 19:00:00	-93.639	32.4113	0	19.155	14.45	72.395	101.422	1.191	466.725	1.37	180.9	0	0	2.92	0.452	0	0.292	0.28	0.374	0.398	0.247	-25.075	-10.5	-0.3	1.396	1.002	3.501	3.263	1.686	13.688	13.35	14.012	15.1	16.6	0.651
2026-01-04 20:00:00	-93.639	32.4113	0	19.477	15.6	67.329	101.345	1.193	447.75	1.16	179	0	0	3.022	0.578	0	0.291	0.28	0.374	0.398	0.247	-25.075	-10.525	-0.3	1.397	1.001	3.501	3.258	1.686	14.2	13.75	14	15.1	16.6	0.638
2026-01-04 21:00:00	-93.639	32.4113	0	16.242	15.25	65.927	101.358	1.143	213.2	1.062	188.9	0	0	2.538	0.588	0	0.291	0.28	0.374	0.398	0.247	-25.025	-10.6	-0.3	1.392	1.002	3.499	3.253	1.685	14.7	14.15	14.038	15.1	16.6	0.665
2026-01-04 22:00:00	-93.639	32.4113	0	13.188	13.9	68.953	101.31	1.095	64.375	1.012	81.075	0	0	1.972	0.49	0	0.292	0.28	0.374	0.398	0.247	-25.025	-10.625	-0.3	1.388	1.002	3.499	3.249	1.687	14.95	14.5	14.125	15.1	16.6	0.696
2026-01-04 23:00:00	-93.639	32.4113	0	10.165	12.45	73.368	101.282	1.06	10.05	1.28	77.625	0	0	2.008	0.385	0	0.292	0.28	0.374	0.398	0.247	-25.175	-10.7	-0.3	1.384	1.002	3.504	3.25	1.685	14.838	14.6	14.188	15.1	16.6	0.703
2026-01-05 00:00:00	-93.639	32.4113	0	6.805	9.95	81.246	101.31	0.994	0	0.73	195.275	0	0	1.153	0.232	0	0.292	0.28	0.374	0.398	0.247	-25.375	-10.7	-0.3	1.376	1.001	3.51	3.25	1.687	14.475	14.5	14.238	15.1	16.6	NA
2026-01-05 01:00:00	-93.639	32.4113	0	6.338	8.4	87.951	101.34	0.97	0	0.833	202.425	0	0	1.818	0.13	0	0.292	0.28	0.374	0.398	0.247	-25.575	-10.7	-0.3	1.372	0.998	3.511	3.251	1.685	13.988	14.25	14.25	15.1	16.6	NA
2026-01-05 02:00:00	-93.639	32.4113	0	4.495	7.325	91.137	101.33	0.934	0	0.7	178.175	0	0	1.21	0.09	0	0.292	0.28	0.374	0.398	0.247	-25.8	-10.8	-0.3	1.369	0.998	3.511	3.251	1.689	13.55	13.925	14.262	15.1	16.6	NA
2026-01-05 03:00:00	-93.639	32.4113	0	5.395	6.8	94.261	101.295	0.932	0	0.73	73.475	0	0	1.22	0.057	0	0.291	0.28	0.374	0.398	0.247	-25.925	-10.8	-0.3	1.366	0.995	3.503	3.251	1.688	13.125	13.6	14.3	15.1	16.6	NA
2026-01-05 04:00:00	-93.639	32.4113	0	4.652	6.7	95.712	101.235	0.94	0	0.51	161.025	0	0	0.897	0.043	0	0.291	0.28	0.374	0.398	0.247	-26.05	-10.8	-0.3	1.367	0.993	3.504	3.252	1.688	12.8	13.3	14.288	15.1	16.6	NA
2026-01-05 05:00:00	-93.639	32.4113	0	3.015	6.275	95.807	101.182	0.913	0	0.595	59.775	0	0	0.912	0.04	0	0.291	0.28	0.374	0.398	0.247	-26.125	-10.85	-0.3	1.365	0.989	3.498	3.252	1.687	12.488	13.075	14.25	15.1	16.6	NA
2026-01-05 06:00:00	-93.639	32.4113	0	2.422	5.275	97.285	101.145	0.865	0	0.84	84.875	0	0	1.367	0.022	0	0.291	0.28	0.374	0.398	0.247	-26.2	-10.9	-0.3	1.363	0.988	3.499	3.25	1.686	12.162	12.8	14.188	15.1	16.6	NA
2026-01-05 07:00:00	-93.639	32.4113	0	4.967	6.8	96.599	101.112	0.955	0	1.278	139	0	0	2.705	0.032	0	0.291	0.28	0.374	0.398	0.247	-26.2	-10.9	-0.3	1.362	0.985	3.494	3.251	1.688	11.875	12.525	14.125	15.1	16.6	NA
2026-01-05 08:00:00	-93.639	32.4113	0	6.578	8.25	95.701	101.14	1.044	0	1.855	178.6	0	0	3.322	0.045	0	0.291	0.28	0.374	0.398	0.247	-26.25	-10.975	-0.3	1.363	0.98	3.491	3.248	1.687	11.65	12.3	14.075	15.1	16.6	NA
2026-01-05 09:00:00	-93.639	32.4113	0	5.915	7.775	96.548	101.135	1.02	0	1.335	195.075	0	0	2.638	0.038	0	0.291	0.28	0.373	0.398	0.247	-26.3	-11	-0.3	1.364	0.98	3.489	3.247	1.688	11.537	12.15	14.025	15.1	16.6	NA
2026-01-05 10:00:00	-93.639	32.4113	0	5.282	7.3	97.488	101.098	0.997	0	1.15	182.525	0	0	2.005	0.025	0	0.291	0.28	0.373	0.398	0.247	-26.3	-11	-0.3	1.364	0.978	3.486	3.245	1.688	11.438	12.025	13.925	15.1	16.6	NA
2026-01-05 11:00:00	-93.639	32.4113	0.016	3.275	5.875	98.52	101.07	0.915	0	1.005	106	0	0	1.652	0.015	0	0.291	0.28	0.373	0.398	0.247	-26.3	-11.075	-0.3	1.361	0.977	3.488	3.245	1.687	11.3	11.9	13.875	15.1	16.6	NA
2026-01-05 12:00:00	-93.639	32.4113	0.016	1.445	3.05	97.59	101.068	0.742	0	0.873	63.3	0	0	1.312	0.018	0	0.291	0.28	0.373	0.398	0.247	-26.3	-11.1	-0.3	1.361	0.977	3.482	3.245	1.688	11.137	11.775	13.838	15.1	16.6	NA
2026-01-05 13:00:00	-93.639	32.4113	0.016	6.185	5.5	98.942	101.075	0.896	3.65	1.222	133.95	0	0	2.232	0.01	0	0.291	0.28	0.373	0.398	0.247	-26.3	-11.15	-0.3	1.358	0.975	3.482	3.243	1.687	10.962	11.6	13.75	15.1	16.6	NA
2026-01-05 14:00:00	-93.639	32.4113	0	7.707	6.575	99.853	101.122	0.972	49.675	1.85	185.65	0	0	2.9	0	0	0.292	0.279	0.373	0.398	0.247	-26.325	-11.2	-0.3	1.361	0.976	3.481	3.238	1.69	10.95	11.5	13.7	15.075	16.6	0.731
2026-01-05 15:00:00	-93.639	32.4113	0.016	9.102	7.2	99.878	101.15	1.015	117.775	2.42	192.225	0	0	4.255	0	0	0.291	0.279	0.373	0.398	0.247	-26.325	-11.2	-0.3	1.364	0.975	3.479	3.237	1.689	11.1	11.5	13.625	15.038	16.6	0.718
2026-01-05 16:00:00	-93.639	32.4113	0	10.912	8.525	99.817	101.2	1.11	162.5	2.185	192.675	0	0	3.755	0	0	0.291	0.279	0.373	0.398	0.247	-26.3	-11.3	-0.3	1.368	0.975	3.479	3.236	1.689	11.35	11.625	13.575	15	16.6	0.706
2026-01-05 17:00:00	-93.639	32.4113	0	13.287	10.45	98.967	101.188	1.253	216.575	2.648	198.125	0	0	5.303	0.01	0	0.291	0.279	0.373	0.398	0.247	-26.3	-11.3	-0.3	1.369	0.972	3.475	3.231	1.686	11.738	11.875	13.55	15	16.6	0.691
2026-01-05 18:00:00	-93.639	32.4113	0	15.47	12.525	91.873	101.088	1.333	278.325	2.822	208.725	0	0	5.185	0.118	0	0.291	0.279	0.373	0.398	0.247	-26.275	-11.35	-0.3	1.371	0.971	3.476	3.231	1.682	12.25	12.15	13.5	15	16.6	0.677
2026-01-05 19:00:00	-93.639	32.4113	0	18.198	14.15	86.067	100.963	1.389	419.075	2.88	194.45	0	0	4.9	0.225	0	0.29	0.279	0.372	0.397	0.247	-26.275	-11.4	-0.3	1.372	0.969	3.476	3.219	1.684	12.762	12.525	13.5	15	16.6	0.659
2026-01-05 20:00:00	-93.639	32.4113	0	19.315	15.95	78.085	100.892	1.415	406.9	2.45	167.05	0	0	4.438	0.398	0	0.29	0.279	0.373	0.397	0.247	-26.3	-11.45	-0.3	1.372	0.969	3.474	3.209	1.684	13.262	12.9	13.55	15	16.6	0.632
2026-01-05 21:00:00	-93.639	32.4113	0	18.058	16.9	72.841	100.852	1.403	257.8	2.172	165.65	0	0	3.907	0.52	0	0.29	0.278	0.373	0.397	0.247	-26.3	-11.5	-0.3	1.368	0.968	3.472	3.192	1.682	13.762	13.325	13.55	15	16.6	0.629
2026-01-05 22:00:00	-93.639	32.4113	0	15.312	16.6	71.759	100.82	1.356	88.15	2.465	176	0	0	4.74	0.532	0	0.29	0.278	0.373	0.397	0.247	-26.375	-11.55	-0.3	1.364	0.968	3.472	3.184	1.681	14.1	13.675	13.637	15	16.6	0.639
2026-01-05 23:00:00	-93.639	32.4113	0	13.445	15.6	75.578	100.795	1.339	16.875	2.242	163.7	0	0	4.018	0.428	0	0.29	0.278	0.373	0.397	0.247	-26.475	-11.6	-0.3	1.357	0.969	3.477	3.178	1.682	14.05	13.8	13.7	15	16.6	0.682
2026-01-06 00:00:00	-93.639	32.4113	0	11.84	14.25	82.73	100.8	1.344	0	1.438	156.575	0	0	3	0.278	0	0.29	0.279	0.372	0.397	0.247	-26.65	-11.675	-0.3	1.352	0.968	3.48	3.175	1.682	13.838	13.775	13.75	15	16.6	NA
2026-01-06 01:00:00	-93.639	32.4113	0	10.987	13.125	88.31	100.782	1.333	0	1.06	143.325	0	0	2.095	0.175	0	0.29	0.279	0.372	0.397	0.247	-26.85	-11.7	-0.3	1.349	0.968	3.483	3.173	1.683	13.575	13.65	13.812	15	16.6	NA
2026-01-06 02:00:00	-93.639	32.4113	0	12.485	13.725	88.963	100.742	1.397	0	1.968	171.2	0	0	3.645	0.17	0	0.29	0.279	0.372	0.397	0.247	-27.075	-11.7	-0.3	1.346	0.967	3.483	3.175	1.684	13.387	13.525	13.85	14.962	16.6	NA
2026-01-06 03:00:00	-93.639	32.4113	0	12.455	13.775	89.183	100.72	1.405	0	1.695	165.975	0	0	3.165	0.165	0	0.29	0.279	0.372	0.397	0.247	-27.225	-11.8	-0.3	1.349	0.968	3.479	3.17	1.682	13.25	13.4	13.85	14.95	16.6	NA
2026-01-06 04:00:00	-93.639	32.4113	0	12.25	13.525	90.697	100.705	1.406	0	1.205	161.2	0	0	2.172	0.145	0	0.29	0.279	0.372	0.397	0.247	-27.3	-11.8	-0.3	1.347	0.967	3.476	3.17	1.683	13.2	13.325	13.85	14.95	16.6	NA
2026-01-06 06:00:00	-93.639	32.4113	0	12.845	13.55	94.557	100.71	1.468	0	1.475	171.2	0	0	2.59	0.082	0	0.29	0.279	0.372	0.397	0.247	-27.5	-11.875	-0.3	1.348	0.968	3.476	3.173	1.684	13.1	13.275	13.85	14.95	16.6	NA
2026-01-06 07:00:00	-93.639	32.4113	0	12.565	13.55	95.781	100.69	1.487	0	1.587	167.95	0	0	2.657	0.062	0	0.29	0.279	0.372	0.397	0.247	-27.575	-11.9	-0.3	1.349	0.969	3.476	3.169	1.684	13.15	13.2	13.85	14.95	16.6	NA
2026-01-06 08:00:00	-93.639	32.4113	0	12.758	13.65	97.194	100.688	1.519	0	1.488	172.225	0	0	2.538	0.043	0	0.29	0.278	0.372	0.397	0.247	-27.6	-11.9	-0.3	1.345	0.97	3.476	3.17	1.685	13.113	13.2	13.85	14.95	16.6	NA
2026-01-06 09:00:00	-93.639	32.4113	0	16.218	16.25	96.929	100.672	1.793	0	2.527	205.675	0	0	5.06	0.058	0	0.29	0.278	0.372	0.397	0.247	-27.675	-11.9	-0.3	1.348	0.969	3.476	3.169	1.685	13.15	13.2	13.887	14.95	16.6	NA
2026-01-06 10:00:00	-93.639	32.4113	0	17.3	17.775	94.587	100.645	1.925	0	2.848	218.775	0	0	6.49	0.11	0	0.29	0.278	0.372	0.397	0.247	-27.725	-12	-0.3	1.35	0.968	3.472	3.165	1.685	13.375	13.325	13.912	14.95	16.6	NA
2026-01-06 11:00:00	-93.639	32.4113	0	17.738	18.3	92.678	100.648	1.949	0	2.295	219.375	0	0	4.76	0.153	0	0.29	0.278	0.372	0.397	0.247	-27.8	-12	-0.3	1.353	0.968	3.469	3.162	1.682	13.662	13.5	13.95	14.95	16.6	NA
2026-01-06 12:00:00	-93.639	32.4113	0	18.132	18.85	91.323	100.68	1.988	0	2.502	229.2	0	0	4.71	0.188	0	0.29	0.278	0.372	0.397	0.247	-27.8	-12	-0.3	1.353	0.969	3.469	3.162	1.684	13.925	13.7	13.95	14.95	16.6	NA
2026-01-06 13:00:00	-93.639	32.4113	0	16.582	18.25	91.774	100.688	1.925	2.725	1.688	192.625	0	0	3.122	0.17	0	0.29	0.278	0.372	0.397	0.247	-27.825	-12.1	-0.3	1.352	0.97	3.472	3.16	1.685	14.137	13.85	13.95	14.95	16.6	NA
2026-01-06 14:00:00	-93.639	32.4113	0	17.615	17.975	94.107	100.72	1.94	38.2	1.818	203.4	0	0	3.513	0.122	0	0.291	0.278	0.372	0.397	0.247	-27.9	-12.1	-0.3	1.35	0.969	3.471	3.155	1.685	14.25	14	14	14.95	16.6	0.741
2026-01-06 15:00:00	-93.639	32.4113	0	20.26	19.55	92.482	100.743	2.103	119.5	2.7	220.5	0	0	5.65	0.17	0	0.291	0.278	0.373	0.397	0.247	-28	-12.1	-0.3	1.35	0.97	3.469	3.155	1.685	14.438	14.125	14.025	14.95	16.6	0.71
2026-01-06 16:00:00	-93.639	32.4113	0	22.03	20.925	87.949	100.768	2.177	210.5	3.053	237.725	0	0	6.423	0.3	0	0.29	0.278	0.373	0.397	0.247	-28.1	-12.125	-0.3	1.353	0.971	3.468	3.151	1.685	14.812	14.325	14.05	14.95	16.6	0.691
2026-01-06 17:00:00	-93.639	32.4113	0	24.765	22.375	83.391	100.738	2.255	361.2	3.355	250.075	0	0	5.875	0.45	0	0.29	0.278	0.373	0.397	0.247	-28.1	-12.2	-0.3	1.355	0.972	3.467	3.138	1.685	15.4	14.675	14.125	14.95	16.6	0.663
2026-01-06 18:00:00	-93.639	32.4113	0	27.458	24.175	74.646	100.6	2.249	452.725	3.082	238.8	0	0	5.672	0.77	0	0.29	0.278	0.373	0.396	0.247	-28.1	-12.2	-0.3	1.358	0.972	3.466	3.131	1.685	16.137	15.175	14.188	14.95	16.6	0.653
2026-01-06 19:00:00	-93.639	32.4113	0	27.77	25.4	67.739	100.528	2.197	421.7	2.675	235.625	0	0	5.248	1.042	0	0.29	0.278	0.373	0.396	0.247	-28.1	-12.2	-0.3	1.359	0.97	3.466	3.114	1.685	16.938	15.75	14.25	14.95	16.6	0.668
2026-01-06 20:00:00	-93.639	32.4113	0	25.638	25.15	66.227	100.528	2.117	286.975	2.708	227.575	0	0	5.28	1.078	0	0.29	0.277	0.373	0.396	0.247	-28.075	-12.2	-0.3	1.357	0.968	3.469	3.1	1.685	17.413	16.3	14.375	14.95	16.6	0.651
2026-01-06 21:00:00	-93.639	32.4113	0	25.882	25.7	63.608	100.55	2.101	279.575	2.415	251.5	0	0	4.325	1.202	0	0.289	0.278	0.373	0.396	0.247	-28.15	-12.3	-0.3	1.355	0.966	3.468	3.093	1.685	17.762	16.675	14.5	14.95	16.6	0.631
2026-01-06 22:00:00	-93.639	32.4113	0	23.145	25.45	63.86	100.55	2.078	125.225	1.268	214.5	0	0	2.62	1.175	0	0.289	0.278	0.373	0.396	0.247	-28.3	-12.3	-0.3	1.355	0.968	3.471	3.085	1.685	17.975	16.95	14.625	14.975	16.6	0.612
2026-01-06 23:00:00	-93.639	32.4113	0	16.945	22.625	70.72	100.582	1.94	17.025	0.627	214.5	0	0	1.13	0.815	0	0.289	0.278	0.373	0.396	0.247	-28.525	-12.3	-0.3	1.351	0.967	3.472	3.086	1.686	17.863	17.1	14.75	15	16.6	0.661
2026-01-07 00:00:00	-93.639	32.4113	0	13.178	18.425	81.86	100.648	1.734	0	0.485	168.125	0	0	0.985	0.39	0	0.289	0.278	0.373	0.395	0.247	-28.9	-12.3	-0.3	1.34	0.966	3.475	3.087	1.685	17.438	16.975	14.875	15	16.6	NA
2026-01-07 01:00:00	-93.639	32.4113	0	12.855	17.975	85.784	100.682	1.768	0	0.848	197.3	0	0	1.617	0.288	0	0.289	0.278	0.373	0.395	0.247	-29.275	-12.3	-0.3	1.333	0.966	3.476	3.088	1.685	16.875	16.675	14.95	15	16.6	NA
2026-01-07 02:00:00	-93.639	32.4113	0	11.463	15.55	90.305	100.718	1.596	0	0.877	294.7	0	0	1.812	0.17	0	0.289	0.278	0.373	0.395	0.247	-29.65	-12.325	-0.3	1.328	0.963	3.474	3.09	1.686	16.375	16.35	15.012	15.05	16.6	NA
2026-01-07 03:00:00	-93.639	32.4113	0	10.055	14.5	94.538	100.75	1.561	0	0.618	189.875	0	0	1.045	0.085	0	0.289	0.278	0.373	0.395	0.247	-29.9	-12.4	-0.3	1.323	0.962	3.466	3.093	1.687	15.9	16	15.088	15.05	16.6	NA
2026-01-07 04:00:00	-93.639	32.4113	0	7.73	12.775	96.88	100.768	1.432	0	0.338	218.375	0	0	0.635	0.045	0	0.289	0.278	0.373	0.395	0.247	-30.15	-12.4	-0.3	1.318	0.962	3.465	3.096	1.689	15.463	15.65	15.075	15.05	16.575	NA
2026-01-07 05:00:00	-93.639	32.4113	0	6.303	10.3	96.636	100.78	1.213	0	0.502	93.8	0	0	1.058	0.04	0	0.289	0.278	0.373	0.395	0.247	-30.325	-12.4	-0.3	1.315	0.961	3.461	3.095	1.688	14.988	15.325	15.1	15.088	16.5	NA
2026-01-07 06:00:00	-93.639	32.4113	0	5.818	9.375	96.951	100.788	1.142	0	0.94	132.733	0	0	2.122	0.032	0	0.289	0.278	0.373	0.395	0.247	-30.425	-12.4	-0.3	1.314	0.959	3.458	3.094	1.689	14.525	14.95	15.075	15.1	16.5	NA
2026-01-07 07:00:00	-93.639	32.4113	0	4.515	7.65	97.251	100.773	1.02	0	0.475	50.125	0	0	0.82	0.025	0	0.289	0.278	0.373	0.395	0.247	-30.5	-12.4	-0.3	1.312	0.956	3.454	3.094	1.69	14.088	14.55	15.038	15.1	16.5	NA
2026-01-07 08:00:00	-93.639	32.4113	0	3.85	6.325	98.527	100.795	0.943	0	0.623	79.525	0	0	0.94	0.013	0	0.289	0.278	0.373	0.395	0.247	-30.525	-12.4	-0.3	1.31	0.954	3.449	3.095	1.691	13.65	14.25	14.988	15.1	16.5	NA
2026-01-07 09:00:00	-93.639	32.4113	0.017	3.282	5.6	97.959	100.785	0.891	0	0.51	138.875	0	0	0.922	0.02	0	0.289	0.278	0.373	0.395	0.247	-30.575	-12.4	-0.3	1.308	0.953	3.447	3.1	1.689	13.287	13.925	14.925	15.1	16.5	NA
2026-01-07 10:00:00	-93.639	32.4113	0.017	3.282	4.95	96.945	100.81	0.843	0	0.807	98.25	0	0	1.087	0.025	0	0.289	0.277	0.373	0.395	0.247	-30.525	-12.4	-0.3	1.308	0.951	3.446	3.1	1.689	12.963	13.6	14.862	15.188	16.5	NA
2026-01-07 11:00:00	-93.639	32.4113	0.017	2.435	5	98.446	100.818	0.859	0	0.552	158.1	0	0	0.988	0.01	0	0.289	0.277	0.372	0.395	0.247	-30.5	-12.5	-0.3	1.308	0.95	3.446	3.099	1.69	12.637	13.325	14.8	15.2	16.5	NA
2026-01-07 12:00:00	-93.639	32.4113	0.017	2.157	4.025	98.221	100.842	0.8	0	0.645	76.15	0	0	1.165	0.015	0	0.289	0.278	0.372	0.395	0.247	-30.5	-12.5	-0.3	1.307	0.948	3.449	3.101	1.691	12.363	13.075	14.688	15.2	16.5	NA
2026-01-07 13:00:00	-93.639	32.4113	0.017	3.393	3.775	99.55	100.9	0.797	10.575	0.545	115.25	0	0	1.037	0.002	0	0.289	0.278	0.372	0.395	0.247	-30.425	-12.5	-0.3	1.304	0.944	3.445	3.097	1.692	12.1	12.8	14.625	15.2	16.5	0.71
2026-01-07 14:00:00	-93.639	32.4113	0.017	8.482	6.7	99.927	100.982	0.986	124.85	0.583	118.425	0	0	1.148	0	0	0.289	0.278	0.372	0.395	0.247	-30.425	-12.6	-0.3	1.306	0.942	3.442	3.093	1.691	11.938	12.6	14.537	15.2	16.5	0.68
2026-01-07 15:00:00	-93.639	32.4113	0	14.92	11.5	99.81	101.052	1.358	309	1.508	163.9	0	0	2.737	0	0	0.288	0.278	0.372	0.395	0.247	-30.375	-12.6	-0.3	1.308	0.94	3.439	3.09	1.689	12.037	12.5	14.45	15.2	16.5	0.683
2026-01-07 16:00:00	-93.639	32.4113	0	19.778	15.8	91.48	101.058	1.639	439.75	1.312	172.5	0	0	2.768	0.162	0	0.288	0.278	0.372	0.395	0.247	-30.25	-12.6	-0.3	1.311	0.936	3.433	3.083	1.683	12.588	12.675	14.4	15.2	16.5	0.702
2026-01-07 17:00:00	-93.639	32.4113	0	23.028	18.725	72.595	101.058	1.567	489.75	1.762	159.825	0	0	3.075	0.59	0	0.287	0.278	0.372	0.395	0.247	-30.075	-12.675	-0.3	1.313	0.935	3.435	3.074	1.684	13.537	13.2	14.325	15.2	16.5	0.69
2026-01-07 18:00:00	-93.639	32.4113	0	24.378	20.175	68.781	100.95	1.626	473.35	2.438	165.3	0	0	4.17	0.738	0	0.287	0.278	0.372	0.395	0.247	-29.95	-12.7	-0.3	1.321	0.935	3.433	3.058	1.683	14.663	13.9	14.338	15.2	16.5	0.725
2026-01-07 19:00:00	-93.639	32.4113	0	24.78	21.325	66.332	100.848	1.683	479.075	2.718	148.475	0	0	4.533	0.858	0	0.287	0.278	0.372	0.395	0.247	-29.825	-12.75	-0.3	1.325	0.933	3.435	3.032	1.682	15.525	14.6	14.375	15.2	16.5	0.717
2026-01-07 20:00:00	-93.639	32.4113	0	24.795	22.15	66.734	100.782	1.782	440.025	2.878	168.4	0	0	4.967	0.887	0	0.287	0.278	0.372	0.394	0.247	-29.875	-12.8	-0.35	1.325	0.931	3.434	3.012	1.683	16.012	15.05	14.425	15.2	16.5	0.693
2026-01-07 21:00:00	-93.639	32.4113	0	20.98	20.65	76.77	100.792	1.867	177.175	2.947	211.675	0	0	5.278	0.568	0	0.287	0.278	0.372	0.394	0.247	-29.975	-12.8	-0.4	1.321	0.93	3.438	2.99	1.685	16.425	15.55	14.488	15.2	16.5	0.708
2026-01-07 22:00:00	-93.639	32.4113	0	19.315	19.5	83.505	100.775	1.893	47.4	1.832	185.825	0	0	3.408	0.37	0	0.287	0.278	0.372	0.393	0.247	-30.075	-12.9	-0.4	1.318	0.931	3.44	2.98	1.685	16.625	15.85	14.575	15.2	16.5	0.729
2026-01-07 23:00:00	-93.639	32.4113	0	15.5	18.25	88.221	100.732	1.849	9.775	0.902	167.95	0	0	1.708	0.245	0	0.287	0.278	0.372	0.393	0.247	-30.3	-12.9	-0.4	1.313	0.935	3.445	2.977	1.684	16.55	16	14.638	15.2	16.5	0.804
2026-01-08 00:00:00	-93.639	32.4113	0	12.64	16.375	94.888	100.73	1.767	0	0.6	142.35	0	0	0.975	0.092	0	0.287	0.278	0.372	0.393	0.247	-30.625	-12.9	-0.4	1.306	0.936	3.446	2.978	1.686	16.262	15.975	14.75	15.2	16.5	NA
2026-01-08 01:00:00	-93.639	32.4113	0	11.552	15.2	96.632	100.743	1.669	0	0.332	76.55	0	0	0.685	0.058	0	0.287	0.278	0.372	0.393	0.247	-30.975	-13	-0.4	1.3	0.935	3.447	2.978	1.688	15.85	15.75	14.8	15.2	16.5	NA
2026-01-08 02:00:00	-93.639	32.4113	0	11.278	14.175	98.027	100.75	1.585	0	0.425	117.975	0	0	0.755	0.025	0	0.287	0.279	0.372	0.393	0.247	-31.3	-13	-0.4	1.297	0.932	3.445	2.979	1.69	15.438	15.5	14.863	15.2	16.5	NA
2026-01-08 03:00:00	-93.639	32.4113	0	12.273	14.8	98.562	100.692	1.66	0	0.772	141.7	0	0	1.4	0.022	0	0.286	0.279	0.372	0.393	0.247	-31.525	-13	-0.4	1.297	0.931	3.441	2.979	1.689	15.075	15.225	14.9	15.2	16.5	NA
2026-01-08 04:00:00	-93.639	32.4113	0	13.418	15.4	99.026	100.642	1.733	0	0.795	144.575	0	0	1.528	0.013	0	0.286	0.279	0.372	0.393	0.247	-31.675	-13	-0.4	1.294	0.956	3.44	2.982	1.692	14.825	15	14.9	15.2	16.5	NA
