2026-01-01 06:00:00	-91.7081	32.0999	0	2.152	7.35	58.924	101.72	0.604	0	0.713	219.125	0	0	1.933	0.42	0	0.331	0.309	0.368	0.379	0.38	-19.7	-0.4	-0.1	0.144	0.136	0.321	0.34	0.575	10.562	11.525	13.5	15.912	17.2	NA
2026-01-01 07:00:00	-91.7081	32.0999	0	0.76	5.825	64.774	101.69	0.598	0	0.318	166.6	0	0	0.875	0.328	0	0.331	0.309	0.368	0.379	0.38	-19.7	-0.4	-0.1	0.144	0.136	0.318	0.339	0.575	10.363	11.375	13.5	15.863	17.2	NA
2026-01-01 08:00:00	-91.7081	32.0999	0	0.148	4.4	70.542	101.668	0.59	0	0.408	125.075	0	0	0.797	0.248	0	0.331	0.309	0.368	0.379	0.38	-19.725	-0.4	-0.1	0.142	0.135	0.318	0.34	0.574	10.125	11.225	13.45	15.85	17.1	NA
2026-01-01 09:00:00	-91.7081	32.0999	0	-0.028	4.1	71.255	101.655	0.583	0	0.422	115.575	0	0	0.73	0.235	0	0.331	0.309	0.368	0.379	0.38	-19.8	-0.4	-0.1	0.144	0.134	0.319	0.34	0.574	9.925	11.075	13.425	15.85	17.1	NA
2026-01-01 10:00:00	-91.7081	32.0999	0	-0.238	3.15	75.856	101.63	0.581	0	0.482	120.925	0	0	0.728	0.185	0	0.332	0.309	0.368	0.379	0.38	-19.8	-0.4	-0.1	0.142	0.134	0.32	0.341	0.573	9.775	10.95	13.35	15.85	17.1	NA
2026-01-01 11:00:00	-91.7081	32.0999	0	-0.39	2.575	78.894	101.595	0.58	0	0.625	140.475	0	0	0.953	0.152	0	0.332	0.309	0.368	0.379	0.38	-19.85	-0.4	-0.1	0.142	0.134	0.32	0.34	0.573	9.662	10.825	13.338	15.838	17.1	NA
2026-01-01 12:00:00	-91.7081	32.0999	0	-0.52	2.1	81.616	101.585	0.58	0	0.695	123.75	0	0	1.042	0.135	0	0.332	0.309	0.368	0.379	0.38	-19.9	-0.4	-0.1	0.141	0.134	0.319	0.34	0.573	9.512	10.675	13.3	15.788	17.1	NA
2026-01-01 13:00:00	-91.7081	32.0999	0	-0.135	2.425	83.455	101.588	0.607	11.175	0.462	101.375	0	0	0.73	0.122	0	0.332	0.309	0.368	0.379	0.38	-19.9	-0.5	-0.1	0.142	0.134	0.318	0.34	0.574	9.363	10.55	13.225	15.75	17.1	0.883
2026-01-01 14:00:00	-91.7081	32.0999	0	5.842	6.65	84.108	101.67	0.823	128.825	0.675	127.05	0	0	1.462	0.162	0	0.332	0.309	0.368	0.379	0.38	-19.9	-0.5	-0.1	0.141	0.134	0.318	0.34	0.575	9.525	10.5	13.175	15.75	17.1	0.873
2026-01-01 15:00:00	-91.7081	32.0999	0	11.395	10.975	66.613	101.758	0.872	293.95	1.595	234.35	0	0	3.507	0.435	0	0.331	0.309	0.368	0.379	0.38	-19.875	-0.5	-0.1	0.141	0.134	0.318	0.338	0.575	10.025	10.625	13.15	15.75	17.1	0.867
2026-01-01 16:00:00	-91.7081	32.0999	0	14.885	14.475	53.578	101.765	0.881	416.8	2.378	246.85	0	0	4.822	0.77	0	0.33	0.309	0.368	0.379	0.38	-19.875	-0.5	-0.1	0.142	0.133	0.318	0.339	0.574	10.65	10.875	13.062	15.713	17.1	0.857
2026-01-01 17:00:00	-91.7081	32.0999	0	17.168	17.125	43.181	101.672	0.842	465.525	2.6	252.275	0	0	5.902	1.107	0	0.329	0.309	0.368	0.379	0.38	-19.925	-0.55	-0.1	0.144	0.134	0.32	0.337	0.573	11.213	11.15	13.05	15.7	17.1	0.851
2026-01-01 18:00:00	-91.7081	32.0999	0	18.858	19.175	36.96	101.545	0.821	529.65	3.022	242.575	0	0	6.462	1.398	0	0.328	0.308	0.368	0.379	0.38	-20.025	-0.6	-0.1	0.145	0.136	0.319	0.337	0.571	11.675	11.525	13.05	15.7	17.075	0.872
2026-01-01 19:00:00	-91.7081	32.0999	0	19.43	20.15	35.587	101.435	0.84	517.6	3.475	236.75	0	0	6.497	1.52	0	0.327	0.308	0.368	0.379	0.38	-20.2	-0.6	-0.1	0.146	0.136	0.32	0.338	0.572	12.125	11.85	13.012	15.637	17	0.88
2026-01-01 20:00:00	-91.7081	32.0999	0	17.97	20.425	34.646	101.37	0.832	370.15	3.538	242.5	0	0	7.06	1.57	0	0.326	0.307	0.367	0.379	0.38	-20.375	-0.675	-0.1	0.146	0.138	0.322	0.339	0.572	12.713	12.25	13.05	15.6	17	0.885
2026-01-01 21:00:00	-91.7081	32.0999	0	15.412	19.95	34.813	101.33	0.811	187.95	2.79	239.1	0	0	5.478	1.518	0	0.325	0.307	0.367	0.379	0.38	-20.55	-0.7	-0.1	0.147	0.139	0.322	0.338	0.572	12.963	12.6	13.1	15.6	17	0.89
2026-01-01 22:00:00	-91.7081	32.0999	0	12.69	18.725	37.085	101.31	0.801	68.675	1.36	232.2	0	0	2.893	1.36	0	0.325	0.306	0.367	0.379	0.38	-20.675	-0.75	-0.1	0.147	0.138	0.32	0.338	0.573	12.975	12.775	13.15	15.6	17	0.907
2026-01-01 23:00:00	-91.7081	32.0999	0	8.175	16.375	40.802	101.303	0.759	4.15	0.605	197.6	0	0	1.085	1.105	0	0.325	0.306	0.367	0.379	0.379	-20.7	-0.8	-0.1	0.147	0.138	0.318	0.337	0.572	12.787	12.85	13.212	15.588	17	0.945
2026-01-02 00:00:00	-91.7081	32.0999	0	6.915	12.725	50.595	101.28	0.743	0	0.495	108.3	0	0	0.938	0.728	0	0.325	0.306	0.367	0.379	0.379	-20.8	-0.8	-0.1	0.146	0.137	0.319	0.338	0.572	12.388	12.75	13.262	15.55	17	NA
2026-01-02 01:00:00	-91.7081	32.0999	0	8.225	13.35	50.21	101.272	0.769	0	1.13	158.6	0	0	2.157	0.762	0	0.325	0.306	0.367	0.379	0.379	-20.8	-0.825	-0.1	0.145	0.136	0.319	0.337	0.571	12.225	12.675	13.3	15.512	17	NA
2026-01-02 02:00:00	-91.7081	32.0999	0	11.32	15.525	49.497	101.25	0.873	0	2.23	187.25	0	0	4.76	0.89	0	0.325	0.306	0.367	0.379	0.379	-20.8	-0.9	-0.1	0.144	0.137	0.32	0.337	0.572	12.238	12.6	13.325	15.5	17	NA
2026-01-02 03:00:00	-91.7081	32.0999	0	10.787	14.925	53.378	101.232	0.906	0	1.705	184.8	0	0	3.5	0.792	0	0.325	0.306	0.367	0.379	0.379	-20.8	-0.9	-0.1	0.144	0.136	0.32	0.337	0.573	12.25	12.6	13.35	15.5	17	NA
2026-01-02 04:00:00	-91.7081	32.0999	0	11.19	14.825	58.46	101.225	0.986	0	1.842	188.475	0	0	3.755	0.695	0	0.325	0.306	0.367	0.379	0.379	-20.825	-0.975	-0.1	0.144	0.136	0.32	0.337	0.572	12.25	12.6	13.363	15.5	16.975	NA
2026-01-02 05:00:00	-91.7081	32.0999	0	11.735	14.6	64.366	101.192	1.07	0	1.625	191.525	0	0	3.223	0.59	0	0.325	0.306	0.367	0.379	0.379	-20.825	-1	-0.1	0.144	0.136	0.32	0.337	0.572	12.25	12.6	13.4	15.5	16.9	NA
2026-01-02 06:00:00	-91.7081	32.0999	0	11.815	14.275	70.466	101.142	1.147	0	1.61	199.5	0	0	3.39	0.482	0	0.325	0.305	0.367	0.379	0.379	-20.8	-1	-0.1	0.144	0.136	0.32	0.336	0.573	12.325	12.6	13.4	15.5	16.9	NA
2026-01-02 07:00:00	-91.7081	32.0999	0	11.772	14	76.39	101.095	1.221	0	1.852	195.325	0	0	3.532	0.38	0	0.325	0.305	0.367	0.379	0.379	-20.8	-1.1	-0.1	0.145	0.136	0.321	0.336	0.572	12.35	12.6	13.4	15.488	16.9	NA
2026-01-02 08:00:00	-91.7081	32.0999	0	12.043	13.85	80.619	101.018	1.276	0	2.655	189.125	0	0	5.165	0.31	0	0.325	0.305	0.367	0.379	0.379	-20.8	-1.1	-0.1	0.144	0.136	0.321	0.336	0.572	12.388	12.6	13.412	15.45	16.9	NA
2026-01-02 09:00:00	-91.7081	32.0999	0	12.145	13.825	82.945	100.938	1.311	0	2.407	187.3	0	0	4.52	0.268	0	0.325	0.305	0.367	0.379	0.379	-20.8	-1.2	-0.1	0.144	0.136	0.322	0.336	0.572	12.425	12.7	13.45	15.45	16.9	NA
2026-01-02 10:00:00	-91.7081	32.0999	0	12.375	13.5	85.048	100.878	1.316	0	2.047	159.125	0	0	3.82	0.23	0	0.325	0.305	0.367	0.379	0.379	-20.8	-1.2	-0.1	0.146	0.136	0.322	0.335	0.572	12.488	12.7	13.45	15.45	16.9	NA
2026-01-02 11:00:00	-91.7081	32.0999	0	11.948	12.825	87.273	100.81	1.292	0	1.718	136.7	0	0	2.845	0.188	0	0.325	0.305	0.367	0.379	0.379	-20.8	-1.225	-0.1	0.146	0.136	0.322	0.335	0.572	12.562	12.75	13.45	15.45	16.9	NA
2026-01-02 12:00:00	-91.7081	32.0999	0	12.332	13.25	87.423	100.757	1.331	0	2.492	150.9	0	0	4.21	0.188	0	0.325	0.305	0.367	0.379	0.379	-20.7	-1.3	-0.1	0.146	0.137	0.322	0.336	0.571	12.6	12.8	13.45	15.45	16.9	NA
2026-01-02 13:00:00	-91.7081	32.0999	0	12.905	14.075	85.805	100.718	1.379	5	2.562	165.775	0	0	4.752	0.225	0	0.325	0.305	0.367	0.379	0.379	-20.725	-1.325	-0.1	0.146	0.137	0.322	0.335	0.571	12.675	12.825	13.45	15.45	16.9	0.974
2026-01-02 14:00:00	-91.7081	32.0999	0	14.785	15.375	85.169	100.7	1.488	84.775	2.94	178.775	0	0	5.418	0.258	0	0.325	0.305	0.367	0.379	0.379	-20.75	-1.4	-0.1	0.146	0.137	0.322	0.334	0.57	12.8	12.9	13.488	15.45	16.85	0.908
2026-01-02 15:00:00	-91.7081	32.0999	0	17.11	17.275	83.741	100.67	1.652	143.9	3.84	184.9	0	0	6.84	0.325	0	0.324	0.305	0.367	0.379	0.379	-20.8	-1.475	-0.1	0.147	0.137	0.321	0.335	0.57	13.088	13.025	13.5	15.45	16.8	0.902
2026-01-02 16:00:00	-91.7081	32.0999	0	19.36	19.1	83.389	100.633	1.844	238.875	4.022	195.5	0	0	7.605	0.365	0	0.324	0.305	0.367	0.379	0.379	-20.825	-1.525	-0.1	0.147	0.138	0.321	0.334	0.57	13.488	13.275	13.55	15.4	16.8	0.893
2026-01-02 17:00:00	-91.7081	32.0999	0	20.843	20.8	79.81	100.53	1.961	287.75	4.438	208.875	0	0	8.982	0.49	0	0.323	0.304	0.367	0.379	0.379	-20.95	-1.6	-0.1	0.148	0.138	0.321	0.335	0.571	14.025	13.55	13.575	15.4	16.8	0.887
2026-01-02 18:00:00	-91.7081	32.0999	0	21.945	22.4	74.711	100.37	2.024	328.375	4.322	216.525	0	0	9.538	0.68	0	0.322	0.304	0.367	0.379	0.379	-21.05	-1.7	-0.1	0.15	0.139	0.322	0.335	0.569	14.537	13.925	13.613	15.4	16.8	0.885
2026-01-02 19:00:00	-91.7081	32.0999	0	23.048	23.8	69.855	100.232	2.059	385.45	4.162	220.35	0	0	8.6	0.887	0	0.32	0.303	0.366	0.379	0.379	-21.25	-1.8	-0.1	0.15	0.139	0.323	0.335	0.569	15	14.25	13.662	15.4	16.8	0.886
2026-01-02 20:00:00	-91.7081	32.0999	0	22.66	24.6	65.434	100.165	2.023	289.35	4.18	220.525	0	0	8.405	1.067	0	0.319	0.303	0.366	0.379	0.379	-21.475	-1.9	-0.1	0.151	0.138	0.324	0.335	0.569	15.388	14.65	13.712	15.4	16.8	0.889
2026-01-02 21:00:00	-91.7081	32.0999	0	22.008	24.925	63.035	100.128	1.988	196.25	3.547	214.15	0	0	7.197	1.165	0	0.319	0.302	0.366	0.379	0.379	-21.675	-2.025	-0.1	0.151	0.139	0.323	0.335	0.569	15.613	14.925	13.775	15.4	16.8	0.89
2026-01-02 22:00:00	-91.7081	32.0999	0	20.648	24.75	61.769	100.132	1.928	67.075	3.11	218.45	0	0	6.992	1.192	0	0.318	0.302	0.366	0.379	0.379	-21.85	-2.15	-0.1	0.15	0.139	0.324	0.334	0.57	15.688	15.125	13.9	15.4	16.8	0.903
2026-01-02 23:00:00	-91.7081	32.0999	0	19.788	24.025	63.969	100.195	1.911	4.35	1.532	205.8	0	0	3.55	1.075	0	0.318	0.302	0.366	0.379	0.379	-21.9	-2.275	-0.1	0.15	0.138	0.324	0.335	0.569	15.637	15.2	13.975	15.4	16.8	0.911
2026-01-03 00:00:00	-91.7081	32.0999	0	18.9	22.55	70.832	100.243	1.936	0	2.302	181.825	0	0	3.983	0.797	0	0.318	0.301	0.366	0.379	0.379	-22	-2.375	-0.1	0.15	0.138	0.322	0.335	0.569	15.55	15.3	14.05	15.45	16.8	NA
2026-01-03 01:00:00	-91.7081	32.0999	0	18.195	21.8	73.887	100.312	1.93	0	2.102	207.175	0	0	4.218	0.682	0	0.318	0.301	0.366	0.379	0.379	-21.975	-2.475	-0.1	0.149	0.137	0.321	0.334	0.569	15.462	15.3	14.15	15.45	16.775	NA
2026-01-03 02:00:00	-91.7081	32.0999	0	15.775	20.325	77.487	100.358	1.848	0	1.312	221.975	0	0	2.902	0.54	0	0.318	0.301	0.366	0.379	0.379	-22	-2.575	-0.1	0.149	0.137	0.321	0.335	0.569	15.325	15.275	14.212	15.45	16.7	NA
2026-01-03 03:00:00	-91.7081	32.0999	0	14.525	19	81.365	100.388	1.788	0	1.115	217.275	0	0	2.175	0.408	0	0.318	0.301	0.366	0.379	0.379	-22	-2.675	-0.1	0.149	0.136	0.32	0.334	0.569	15.175	15.2	14.288	15.425	16.7	NA
2026-01-03 04:00:00	-91.7081	32.0999	0	14.383	18.25	83.715	100.442	1.755	0	1.315	282.85	0	0	2.763	0.345	0	0.319	0.301	0.366	0.378	0.379	-22	-2.775	-0.1	0.148	0.136	0.32	0.333	0.569	15.025	15.125	14.338	15.413	16.7	NA
2026-01-03 05:00:00	-91.7081	32.0999	0	12.48	16.575	87.22	100.498	1.645	0	1.112	164.7	0	0	2.288	0.242	0	0.319	0.301	0.366	0.378	0.379	-22	-2.85	-0.1	0.148	0.136	0.32	0.333	0.569	14.85	15.025	14.4	15.45	16.7	NA
2026-01-03 06:00:00	-91.7081	32.0999	0	10.707	15.1	88.978	100.507	1.527	0	0.993	41.85	0	0	2.118	0.185	0	0.319	0.301	0.366	0.378	0.379	-22	-2.925	-0.1	0.148	0.137	0.319	0.332	0.57	14.625	14.925	14.425	15.45	16.7	NA
2026-01-03 07:00:00	-91.7081	32.0999	0	12.26	14.65	90.806	100.5	1.514	0	1.77	35.825	0	0	3.165	0.155	0	0.319	0.301	0.366	0.378	0.379	-22.05	-3.05	-0.1	0.146	0.136	0.319	0.332	0.569	14.45	14.8	14.45	15.45	16.7	NA
2026-01-03 08:00:00	-91.7081	32.0999	0	13.25	14.075	93.502	100.523	1.502	0	2.648	39.475	0	0	5.047	0.1	0	0.319	0.301	0.366	0.378	0.379	-22.075	-3.125	-0.1	0.149	0.136	0.319	0.333	0.569	14.412	14.7	14.462	15.488	16.7	NA
2026-01-03 09:00:00	-91.7081	32.0999	0	13.297	13.125	96.021	100.52	1.45	0	2.17	57.125	0	0	3.97	0.06	0	0.319	0.301	0.366	0.378	0.379	-22.075	-3.25	-0.1	0.156	0.136	0.319	0.333	0.569	14.4	14.7	14.5	15.5	16.7	NA
2026-01-03 10:00:00	-91.7081	32.0999	0	13.442	13.2	96.359	100.528	1.462	0	1.6	23.55	0	0	3.078	0.053	0	0.319	0.301	0.366	0.378	0.379	-22.025	-3.4	-0.1	0.151	0.136	0.32	0.331	0.569	14.438	14.675	14.5	15.5	16.7	NA
2026-01-03 11:00:00	-91.7081	32.0999	0	13.595	13.4	96.867	100.542	1.489	0	2.04	36.45	0	0	3.705	0.048	0	0.319	0.301	0.366	0.378	0.379	-22	-3.55	-0.1	0.144	0.137	0.32	0.332	0.57	14.45	14.6	14.5	15.5	16.7	NA
2026-01-03 12:00:00	-91.7081	32.0999	0.052	13.297	13.075	97.813	100.642	1.472	0	2.518	27.6	0	0	5.145	0.032	0	0.319	0.301	0.365	0.378	0.379	-22	-3.675	-0.1	0.144	0.138	0.318	0.332	0.571	14.45	14.6	14.55	15.55	16.7	NA
2026-01-03 13:00:00	-91.7081	32.0999	0.016	12.617	12.35	97.468	100.743	1.399	0.65	2.69	31.675	0	0	5.61	0.04	0	0.319	0.301	0.365	0.378	0.379	-22	-3.825	-0.1	0.143	0.139	0.316	0.332	0.571	14.425	14.6	14.55	15.55	16.7	1
2026-01-03 14:00:00	-91.7081	32.0999	0.036	12.035	11.225	98.268	100.838	1.31	26.85	2.29	25.6	0	0	4.24	0.022	0	0.319	0.301	0.365	0.378	0.379	-22	-3.925	-0.1	0.144	0.138	0.316	0.331	0.571	14.4	14.6	14.55	15.55	16.7	0.952
2026-01-03 15:00:00	-91.7081	32.0999	0	12.492	11.125	98.65	100.918	1.306	62.55	2.082	192.175	0	0	4.605	0.02	0	0.319	0.301	0.365	0.378	0.379	-22	-4.15	-0.1	0.146	0.138	0.317	0.331	0.571	14.425	14.6	14.55	15.55	16.7	0.918
2026-01-03 16:00:00	-91.7081	32.0999	0	12.192	10.475	98.04	100.988	1.243	105.5	2.745	10.775	0	0	6.735	0.022	0	0.319	0.301	0.365	0.378	0.379	-22	-4.35	-0.1	0.157	0.139	0.316	0.331	0.572	14.45	14.6	14.55	15.55	16.7	0.912
2026-01-03 17:00:00	-91.7081	32.0999	0	12.383	10.7	96.872	101.032	1.246	125.225	3.022	92.925	0	0	6.963	0.04	0	0.32	0.301	0.365	0.378	0.379	-22	-4.55	-0.1	0.149	0.138	0.316	0.331	0.572	14.525	14.6	14.55	15.588	16.625	0.908
2026-01-03 18:00:00	-91.7081	32.0999	0	11.698	10.075	97.087	101.058	1.198	106.75	4.14	5.95	0	0	7.965	0.035	0	0.32	0.301	0.365	0.378	0.379	-22	-4.725	-0.1	0.14	0.138	0.316	0.33	0.571	14.562	14.625	14.588	15.6	16.6	0.911
2026-01-03 19:00:00	-91.7081	32.0999	0	11.762	10.15	95.839	101.062	1.189	122.575	4.442	11.175	0	0	7.553	0.053	0	0.32	0.301	0.365	0.378	0.379	-22	-4.95	-0.1	0.139	0.137	0.316	0.331	0.571	14.55	14.7	14.6	15.6	16.6	0.91
2026-01-03 20:00:00	-91.7081	32.0999	0	11.068	9.725	95.393	101.11	1.15	84.575	3.827	5.367	0	0	7.275	0.055	0	0.32	0.301	0.365	0.378	0.379	-22.1	-5.075	-0.1	0.138	0.136	0.316	0.33	0.569	14.488	14.65	14.637	15.6	16.6	0.916
2026-01-03 21:00:00	-91.7081	32.0999	0	11.343	10.1	92.947	101.172	1.149	88.7	3.745	8.6	0	0	7.127	0.088	0	0.32	0.301	0.365	0.378	0.379	-22.1	-5.15	-0.1	0.139	0.136	0.316	0.33	0.57	14.45	14.6	14.65	15.6	16.6	0.913
2026-01-03 22:00:00	-91.7081	32.0999	0	10.955	10.525	89.735	101.205	1.141	31.2	2.688	9.85	0	0	5.515	0.13	0	0.32	0.301	0.365	0.378	0.379	-22.1	-5.25	-0.1	0.139	0.136	0.316	0.33	0.569	14.388	14.6	14.65	15.6	16.6	0.946
2026-01-03 23:00:00	-91.7081	32.0999	0	10.528	10.575	88.474	101.26	1.129	1.6	2.038	20	0	0	4.602	0.148	0	0.32	0.301	0.365	0.378	0.379	-22.1	-5.3	-0.1	0.139	0.135	0.316	0.329	0.567	14.25	14.525	14.65	15.6	16.6	1
2026-01-04 00:00:00	-91.7081	32.0999	0	10.133	10.125	89.07	101.315	1.103	0	3.148	22.5	0	0	5.195	0.138	0	0.32	0.301	0.365	0.378	0.379	-22.15	-5.4	-0.1	0.139	0.134	0.315	0.328	0.567	14.125	14.475	14.65	15.6	16.6	NA
2026-01-04 01:00:00	-91.7081	32.0999	0	9.802	9.725	89.008	101.365	1.073	0	2.893	23.8	0	0	6.08	0.13	0	0.32	0.301	0.365	0.378	0.379	-22.2	-5.4	-0.1	0.141	0.135	0.315	0.329	0.567	14	14.375	14.65	15.613	16.6	NA
2026-01-04 02:00:00	-91.7081	32.0999	0	9.765	9.7	88.908	101.405	1.07	0	2.058	25.925	0	0	4.372	0.13	0	0.32	0.301	0.365	0.378	0.379	-22.2	-5.5	-0.1	0.138	0.135	0.315	0.328	0.567	13.875	14.3	14.6	15.65	16.6	NA
2026-01-04 03:00:00	-91.7081	32.0999	0	9.755	9.7	88.908	101.48	1.07	0	1.867	13.025	0	0	4.303	0.13	0	0.321	0.301	0.365	0.378	0.379	-22.2	-5.525	-0.1	0.138	0.135	0.315	0.326	0.568	13.8	14.2	14.6	15.65	16.6	NA
2026-01-04 04:00:00	-91.7081	32.0999	0	9.817	9.775	88.73	101.562	1.073	0	1.878	9.425	0	0	3.758	0.135	0	0.32	0.301	0.365	0.378	0.379	-22.2	-5.6	-0.1	0.138	0.134	0.314	0.327	0.567	13.725	14.15	14.6	15.65	16.6	NA
2026-01-04 05:00:00	-91.7081	32.0999	0	9.808	9.875	88.198	101.6	1.074	0	2.612	13.25	0	0	5.255	0.14	0	0.321	0.301	0.365	0.378	0.379	-22.2	-5.7	-0.1	0.138	0.134	0.314	0.327	0.567	13.688	14.1	14.6	15.662	16.6	NA
2026-01-04 06:00:00	-91.7081	32.0999	0	9.377	9.675	84.946	101.632	1.021	0	3.022	15.15	0	0	6.045	0.182	0	0.321	0.301	0.365	0.378	0.379	-22.2	-5.8	-0.1	0.138	0.134	0.314	0.327	0.567	13.588	14.025	14.562	15.7	16.6	NA
2026-01-04 07:00:00	-91.7081	32.0999	0	9.018	9.25	83.504	101.655	0.975	0	2.625	28.5	0	0	6.412	0.195	0	0.321	0.301	0.365	0.378	0.379	-22.2	-5.9	-0.1	0.139	0.133	0.314	0.327	0.567	13.488	13.95	14.55	15.7	16.6	NA
2026-01-04 08:00:00	-91.7081	32.0999	0	8.425	8.8	80.156	101.713	0.908	0	2.225	36.4	0	0	4.42	0.222	0	0.321	0.301	0.365	0.378	0.379	-22.2	-5.975	-0.1	0.138	0.133	0.314	0.327	0.566	13.363	13.875	14.55	15.7	16.6	NA
2026-01-04 09:00:00	-91.7081	32.0999	0	6.895	8.05	79.052	101.59	0.851	0	2.135	53.425	0	0	3.697	0.225	0	0.321	0.301	0.365	0.378	0.379	-22.2	-6.075	-0.1	0.138	0.135	0.314	0.328	0.567	13.213	13.775	14.525	15.7	16.6	NA
2026-01-04 10:00:00	-91.7081	32.0999	0	3.808	6.525	80.541	101.532	0.781	0	1.132	39.325	0	0	1.948	0.192	0	0.321	0.301	0.365	0.378	0.379	-22.275	-6.15	-0.1	0.138	0.134	0.315	0.327	0.566	12.875	13.65	14.5	15.7	16.6	NA
2026-01-04 11:00:00	-91.7081	32.0999	0	2.428	5.025	85	101.635	0.743	0	0.863	257.5	0	0	1.498	0.13	0	0.322	0.302	0.365	0.378	0.379	-22.3	-6.225	-0.1	0.137	0.132	0.314	0.327	0.566	12.438	13.4	14.5	15.7	16.6	NA
2026-01-04 12:00:00	-91.7081	32.0999	0	2.31	5	84.66	101.748	0.738	0	1.082	21.125	0	0	2.087	0.13	0	0.322	0.302	0.365	0.378	0.379	-22.375	-6.3	-0.1	0.136	0.133	0.312	0.327	0.566	12.125	13.15	14.45	15.7	16.6	NA
2026-01-04 13:00:00	-91.7081	32.0999	0	2.513	4.9	85.157	101.845	0.738	10.525	1.098	27.475	0	0	2.078	0.125	0	0.322	0.302	0.365	0.377	0.379	-22.4	-6.4	-0.1	0.136	0.132	0.311	0.326	0.566	11.9	12.95	14.425	15.7	16.6	0.898
2026-01-04 14:00:00	-91.7081	32.0999	0	6.33	6.175	89.011	101.928	0.843	128.7	2.047	40.7	0	0	3.812	0.105	0	0.322	0.302	0.365	0.378	0.379	-22.5	-6.475	-0.1	0.134	0.13	0.311	0.326	0.566	11.925	12.85	14.4	15.7	16.6	0.873
2026-01-04 15:00:00	-91.7081	32.0999	0	8.23	7.125	80.325	101.96	0.811	228.75	2.418	42.325	0	0	4.255	0.198	0	0.322	0.302	0.365	0.378	0.379	-22.5	-6.575	-0.1	0.134	0.13	0.312	0.326	0.566	12.188	12.8	14.35	15.7	16.6	0.879
2026-01-04 16:00:00	-91.7081	32.0999	0	11.3	8.55	79.483	102.002	0.885	380.5	2.715	48.8	0	0	5	0.228	0	0.321	0.302	0.365	0.378	0.379	-22.55	-6.725	-0.1	0.134	0.13	0.311	0.324	0.567	12.512	12.925	14.275	15.7	16.6	0.865
2026-01-04 17:00:00	-91.7081	32.0999	0	13.555	10.375	73.221	101.982	0.922	463.875	2.352	39.85	0	0	4.633	0.335	0	0.32	0.302	0.365	0.378	0.379	-22.725	-6.875	-0.1	0.136	0.132	0.311	0.325	0.567	12.9	13.05	14.25	15.7	16.6	0.861
2026-01-04 18:00:00	-91.7081	32.0999	0	14.815	11.775	68.843	101.84	0.951	505.825	2.427	55.15	0	0	4.985	0.428	0	0.32	0.301	0.365	0.378	0.379	-22.875	-7	-0.1	0.136	0.134	0.312	0.326	0.566	13.175	13.25	14.212	15.7	16.6	0.876
2026-01-04 19:00:00	-91.7081	32.0999	0	15.265	12.925	64.685	101.708	0.964	469.975	1.935	54.25	0	0	4.213	0.52	0	0.319	0.301	0.365	0.377	0.379	-23	-7.15	-0.1	0.136	0.132	0.312	0.326	0.567	13.425	13.45	14.2	15.688	16.6	0.885
2026-01-04 20:00:00	-91.7081	32.0999	0	14.27	13.325	61.075	101.65	0.934	279.125	1.06	71.45	0	0	2.612	0.595	0	0.318	0.3	0.365	0.377	0.379	-23.175	-7.275	-0.1	0.137	0.134	0.312	0.326	0.565	13.825	13.675	14.162	15.65	16.6	0.895
2026-01-04 21:00:00	-91.7081	32.0999	0	13.413	13.675	59.114	101.622	0.925	197.05	0.805	65.575	0	0	1.995	0.64	0	0.317	0.3	0.365	0.377	0.379	-23.25	-7.45	-0.1	0.137	0.134	0.312	0.325	0.566	14.038	13.9	14.2	15.65	16.6	0.9
2026-01-04 22:00:00	-91.7081	32.0999	0	10.825	13.4	57.855	101.675	0.889	73.45	1.268	20.2	0	0	2.817	0.647	0	0.317	0.3	0.365	0.377	0.379	-23.3	-7.575	-0.1	0.137	0.134	0.312	0.325	0.565	14.012	14	14.2	15.65	16.6	0.913
2026-01-04 23:00:00	-91.7081	32.0999	0	8.25	11.825	62.795	101.628	0.869	4.5	0.748	133.325	0	0	1.165	0.52	0	0.318	0.3	0.365	0.377	0.379	-23.35	-7.65	-0.1	0.138	0.134	0.312	0.325	0.565	13.762	14	14.238	15.65	16.6	0.947
2026-01-05 00:00:00	-91.7081	32.0999	0	7.312	10.325	69.158	101.595	0.868	0	0.8	189.675	0	0	1.6	0.385	0	0.318	0.3	0.364	0.377	0.378	-23.375	-7.8	-0.1	0.138	0.134	0.314	0.325	0.565	13.4	13.875	14.25	15.65	16.6	NA
2026-01-05 01:00:00	-91.7081	32.0999	0	6.982	9.225	74.083	101.622	0.863	0	0.728	105.05	0	0	1.883	0.302	0	0.318	0.3	0.364	0.377	0.378	-23.4	-7.95	-0.1	0.136	0.132	0.313	0.325	0.565	13.188	13.75	14.25	15.65	16.6	NA
2026-01-05 02:00:00	-91.7081	32.0999	0	6.385	8.525	78.001	101.645	0.867	0	0.402	131.925	0	0	0.762	0.245	0	0.318	0.3	0.364	0.377	0.378	-23.4	-8.025	-0.1	0.135	0.132	0.312	0.324	0.565	12.975	13.625	14.3	15.65	16.6	NA
2026-01-05 03:00:00	-91.7081	32.0999	0	5.58	7.725	82.02	101.618	0.863	0	0.355	128.5	0	0	0.695	0.188	0	0.318	0.3	0.364	0.377	0.378	-23.425	-8.1	-0.1	0.135	0.133	0.312	0.324	0.566	12.762	13.475	14.262	15.65	16.6	NA
2026-01-05 04:00:00	-91.7081	32.0999	0	4.04	6.525	84.879	101.58	0.823	0	0.67	96.025	0	0	1.25	0.148	0	0.318	0.3	0.364	0.377	0.378	-23.5	-8.15	-0.1	0.136	0.132	0.312	0.325	0.566	12.475	13.3	14.25	15.65	16.6	NA
2026-01-05 05:00:00	-91.7081	32.0999	0	3.788	5.825	86.824	101.552	0.802	0	0.693	161.375	0	0	1.302	0.12	0	0.319	0.3	0.364	0.377	0.378	-23.5	-8.275	-0.1	0.134	0.131	0.312	0.325	0.566	12.262	13.15	14.25	15.65	16.6	NA
2026-01-05 06:00:00	-91.7081	32.0999	0	3.493	5.275	88.06	101.488	0.783	0	0.608	70.675	0	0	1.045	0.103	0	0.319	0.3	0.364	0.377	0.378	-23.55	-8.35	-0.1	0.134	0.131	0.312	0.325	0.567	12.025	12.95	14.225	15.65	16.6	NA
2026-01-05 07:00:00	-91.7081	32.0999	0	3.297	4.975	89.486	101.463	0.779	0	0.785	42.875	0	0	1.175	0.092	0	0.319	0.3	0.364	0.377	0.378	-23.6	-8.45	-0.1	0.134	0.13	0.314	0.325	0.567	11.825	12.8	14.2	15.65	16.6	NA
2026-01-05 08:00:00	-91.7081	32.0999	0	2.06	4.075	92.136	101.465	0.753	0	0.713	103.9	0	0	1.332	0.065	0	0.319	0.3	0.364	0.377	0.378	-23.6	-8.55	-0.1	0.133	0.129	0.313	0.324	0.567	11.637	12.65	14.162	15.65	16.6	NA
2026-01-05 09:00:00	-91.7081	32.0999	0	1.335	4.2	90.029	101.435	0.742	0	0.598	66.15	0	0	0.885	0.08	0	0.319	0.3	0.364	0.377	0.378	-23.675	-8.675	-0.1	0.133	0.13	0.312	0.324	0.567	11.375	12.45	14.125	15.65	16.6	NA
2026-01-05 10:00:00	-91.7081	32.0999	0	3.212	4.575	93.943	101.408	0.796	0	0.742	84.175	0	0	1.26	0.053	0	0.319	0.3	0.364	0.377	0.378	-23.7	-8.775	-0.1	0.131	0.13	0.311	0.324	0.567	11.288	12.325	14.05	15.612	16.6	NA
2026-01-05 11:00:00	-91.7081	32.0999	0	1.415	4.575	91.035	101.372	0.771	0	0.79	52.625	0	0	0.97	0.075	0	0.319	0.3	0.364	0.377	0.378	-23.725	-8.85	-0.1	0.131	0.13	0.311	0.324	0.567	11.113	12.175	14.012	15.6	16.6	NA
2026-01-05 12:00:00	-91.7081	32.0999	0	1.262	4.4	91.33	101.422	0.764	0	0.82	52.8	0	0	1.06	0.075	0	0.319	0.3	0.364	0.377	0.378	-23.8	-8.975	-0.1	0.131	0.129	0.311	0.324	0.567	10.9	12.025	13.975	15.6	16.6	NA
2026-01-05 13:00:00	-91.7081	32.0999	0	1.94	4.4	95.166	101.412	0.796	12.725	0.755	80.6	0	0	1.022	0.038	0	0.32	0.3	0.364	0.377	0.378	-23.8	-9.075	-0.1	0.131	0.13	0.311	0.324	0.567	10.75	11.875	13.938	15.6	16.6	0.887
2026-01-05 14:00:00	-91.7081	32.0999	0	8.19	7.175	99.832	101.458	1.018	142.25	0.8	84	0	0	1.433	0	0	0.319	0.3	0.364	0.377	0.378	-23.8	-9.25	-0.1	0.13	0.129	0.31	0.323	0.566	10.925	11.8	13.863	15.6	16.6	0.853
2026-01-05 15:00:00	-91.7081	32.0999	0	13.59	11.675	98.858	101.53	1.359	280.35	1.708	156.775	0	0	3.455	0.015	0	0.319	0.3	0.364	0.377	0.378	-23.8	-9.375	-0.1	0.13	0.129	0.31	0.322	0.566	11.4	11.925	13.8	15.575	16.6	0.865
2026-01-05 16:00:00	-91.7081	32.0999	0	16.247	14.475	88.417	101.562	1.457	405.525	2.922	179.725	0	0	5.235	0.19	0	0.318	0.3	0.365	0.377	0.378	-23.8	-9.475	-0.1	0.132	0.128	0.309	0.323	0.566	12.012	12.125	13.762	15.55	16.6	0.868
2026-01-05 17:00:00	-91.7081	32.0999	0	17.913	15.825	83.192	101.532	1.496	460.2	3.288	186.875	0	0	6.623	0.3	0	0.317	0.3	0.365	0.377	0.378	-23.85	-9.7	-0.1	0.133	0.13	0.31	0.322	0.565	12.625	12.45	13.7	15.55	16.6	0.862
2026-01-05 18:00:00	-91.7081	32.0999	0	18.938	16.75	78.727	101.44	1.501	512.5	3.5	187.275	0	0	7.157	0.408	0	0.316	0.299	0.364	0.377	0.378	-23.95	-9.85	-0.1	0.135	0.129	0.31	0.322	0.565	13.125	12.85	13.7	15.5	16.6	0.879
2026-01-05 19:00:00	-91.7081	32.0999	0	19.232	17.525	76.032	101.328	1.523	498.5	3.445	174.975	0	0	6.928	0.478	0	0.316	0.299	0.364	0.377	0.378	-24.125	-10	-0.1	0.136	0.131	0.312	0.322	0.564	13.55	13.15	13.712	15.5	16.6	0.88
2026-01-05 20:00:00	-91.7081	32.0999	0	18.172	17.4	76.233	101.25	1.515	392.775	3.812	180.55	0	0	6.883	0.47	0	0.314	0.298	0.364	0.377	0.378	-24.3	-10.05	-0.1	0.136	0.132	0.314	0.322	0.563	14.062	13.55	13.712	15.5	16.6	0.883
2026-01-05 21:00:00	-91.7081	32.0999	0	17.01	17.75	73.781	101.235	1.499	257.575	2.94	182.8	0	0	5.755	0.532	0	0.314	0.298	0.364	0.377	0.378	-24.45	-10.1	-0.1	0.136	0.132	0.312	0.322	0.563	14.3	13.85	13.75	15.5	16.6	0.882
2026-01-05 22:00:00	-91.7081	32.0999	0	14.953	17.7	72.257	101.21	1.464	102.95	2.2	173.95	0	0	3.89	0.558	0	0.314	0.298	0.364	0.377	0.378	-24.5	-10.1	-0.1	0.136	0.132	0.312	0.322	0.563	14.312	14.05	13.8	15.5	16.6	0.886
2026-01-05 23:00:00	-91.7081	32.0999	0	10.238	15.975	75.744	101.198	1.375	9.85	0.99	135.775	0	0	1.925	0.445	0	0.314	0.298	0.364	0.377	0.378	-24.5	-10.175	-0.1	0.137	0.132	0.314	0.322	0.564	14.113	14.1	13.862	15.463	16.6	0.949
2026-01-06 00:00:00	-91.7081	32.0999	0	7.72	13.525	81.666	101.195	1.266	0	0.58	102.1	0	0	1.098	0.283	0	0.314	0.298	0.364	0.377	0.378	-24.5	-10.2	-0.1	0.136	0.131	0.315	0.322	0.564	13.725	13.975	13.9	15.45	16.6	NA
2026-01-06 01:00:00	-91.7081	32.0999	0	9.125	14.1	81.711	101.215	1.315	0	1.202	162.55	0	0	2.487	0.292	0	0.314	0.297	0.364	0.377	0.378	-24.575	-10.2	-0.1	0.134	0.131	0.314	0.322	0.563	13.412	13.85	13.962	15.45	16.6	NA
2026-01-06 02:00:00	-91.7081	32.0999	0	12.953	15.75	82.975	101.215	1.485	0	2.275	206.625	0	0	4.537	0.305	0	0.314	0.297	0.364	0.377	0.378	-24.575	-10.2	-0.1	0.133	0.13	0.314	0.323	0.563	13.4	13.75	14	15.45	16.575	NA
2026-01-06 03:00:00	-91.7081	32.0999	0	12.402	15.2	85.507	101.178	1.477	0	2.058	169.525	0	0	3.693	0.248	0	0.314	0.297	0.364	0.377	0.378	-24.5	-10.2	-0.1	0.133	0.13	0.314	0.322	0.564	13.438	13.7	14.025	15.45	16.5	NA
2026-01-06 04:00:00	-91.7081	32.0999	0	12.36	15.125	86.615	101.13	1.489	0	1.982	162.575	0	0	3.527	0.227	0	0.314	0.297	0.364	0.377	0.378	-24.5	-10.2	-0.1	0.134	0.13	0.314	0.322	0.564	13.35	13.7	14.05	15.45	16.5	NA
2026-01-06 06:00:00	-91.7081	32.0999	0	12.675	14.325	91.03	101.09	1.486	0	1.488	168.475	0	0	2.572	0.145	0	0.314	0.297	0.364	0.377	0.378	-24.5	-10.3	-0.1	0.134	0.13	0.314	0.321	0.565	13.35	13.7	14.05	15.45	16.5	NA
2026-01-06 07:00:00	-91.7081	32.0999	0	15.363	16.05	92.321	101.085	1.685	0	2.032	203.6	0	0	4.282	0.14	0	0.314	0.297	0.364	0.377	0.378	-24.45	-10.3	-0.1	0.134	0.13	0.314	0.323	0.564	13.463	13.7	14.075	15.45	16.5	NA
2026-01-06 08:00:00	-91.7081	32.0999	0	16.11	16.95	92.771	101.115	1.792	0	2.29	214.9	0	0	5.11	0.14	0	0.314	0.297	0.364	0.377	0.378	-24.4	-10.3	-0.1	0.134	0.131	0.314	0.324	0.564	13.613	13.75	14.1	15.45	16.5	NA
2026-01-06 09:00:00	-91.7081	32.0999	0	16.242	17.05	92.984	101.122	1.808	0	2.075	210.9	0	0	4.205	0.138	0	0.314	0.297	0.364	0.377	0.378	-24.4	-10.3	-0.1	0.135	0.131	0.314	0.323	0.564	13.775	13.825	14.1	15.488	16.5	NA
2026-01-06 10:00:00	-91.7081	32.0999	0	15.422	16.775	93.347	101.07	1.783	0	2.062	188.5	0	0	3.815	0.128	0	0.314	0.297	0.364	0.377	0.378	-24.35	-10.3	-0.1	0.136	0.131	0.314	0.324	0.564	13.875	13.925	14.1	15.5	16.5	NA
2026-01-06 11:00:00	-91.7081	32.0999	0	15.637	16.825	94.019	101.072	1.802	0	1.75	194.7	0	0	3.473	0.11	0	0.314	0.297	0.364	0.377	0.378	-24.35	-10.325	-0.1	0.136	0.131	0.313	0.323	0.563	13.938	14	14.1	15.5	16.5	NA
2026-01-06 12:00:00	-91.7081	32.0999	0	15.948	17.25	94.213	101.082	1.855	0	2.203	208.625	0	0	4.627	0.112	0	0.314	0.297	0.364	0.377	0.378	-24.3	-10.4	-0.1	0.136	0.131	0.313	0.323	0.564	14.012	14.075	14.138	15.5	16.5	NA
2026-01-06 13:00:00	-91.7081	32.0999	0	16.075	17.375	94.259	101.098	1.87	7.1	1.62	207.425	0	0	3.38	0.11	0	0.314	0.297	0.364	0.377	0.378	-24.3	-10.4	-0.1	0.136	0.131	0.312	0.322	0.564	14.062	14.1	14.15	15.5	16.5	0.948
2026-01-06 14:00:00	-91.7081	32.0999	0	17.702	17.95	95.599	101.122	1.967	62.425	1.948	200.5	0	0	3.708	0.095	0	0.314	0.296	0.364	0.377	0.378	-24.3	-10.4	-0.1	0.136	0.132	0.312	0.324	0.564	14.2	14.2	14.15	15.488	16.5	0.917
2026-01-06 15:00:00	-91.7081	32.0999	0	18.35	18.725	94.029	101.135	2.031	89.75	2.21	193.95	0	0	4.622	0.125	0	0.314	0.296	0.364	0.377	0.378	-24.3	-10.4	-0.1	0.136	0.132	0.312	0.323	0.563	14.438	14.325	14.188	15.45	16.5	0.912
2026-01-06 16:00:00	-91.7081	32.0999	0	19.692	19.6	92.048	101.135	2.099	151.175	2.513	211.825	0	0	5.278	0.18	0	0.313	0.296	0.364	0.377	0.378	-24.3	-10.475	-0.1	0.136	0.132	0.312	0.324	0.563	14.725	14.5	14.2	15.45	16.5	0.903
2026-01-06 17:00:00	-91.7081	32.0999	0	20.27	20.575	88.533	101.105	2.145	134	2.705	237.1	0	0	5.957	0.278	0	0.313	0.296	0.364	0.377	0.378	-24.3	-10.5	-0.1	0.137	0.132	0.312	0.324	0.562	15.062	14.7	14.262	15.45	16.5	0.909
2026-01-06 18:00:00	-91.7081	32.0999	0	22.192	21.7	85.724	100.993	2.226	307.45	3.248	231.45	0	0	6.407	0.368	0	0.312	0.296	0.364	0.377	0.378	-24.425	-10.5	-0.1	0.137	0.133	0.314	0.325	0.563	15.425	14.975	14.3	15.45	16.5	0.898
2026-01-06 19:00:00	-91.7081	32.0999	0	22.6	22.575	80.901	100.895	2.215	303.375	3.38	236.875	0	0	6.782	0.525	0	0.312	0.296	0.364	0.377	0.378	-24.575	-10.5	-0.1	0.14	0.134	0.315	0.325	0.562	15.887	15.25	14.35	15.45	16.5	0.894
2026-01-06 20:00:00	-91.7081	32.0999	0	22.79	23.35	77.811	100.83	2.233	297.85	2.87	218.75	0	0	5.718	0.63	0	0.311	0.295	0.364	0.376	0.378	-24.75	-10.6	-0.1	0.14	0.134	0.315	0.324	0.563	16.288	15.55	14.388	15.45	16.5	0.893
2026-01-06 21:00:00	-91.7081	32.0999	0	21.46	23.15	76.457	100.848	2.168	156.9	2.92	213.275	0	0	6.09	0.663	0	0.31	0.295	0.363	0.376	0.378	-24.95	-10.6	-0.1	0.14	0.135	0.316	0.324	0.562	16.513	15.85	14.462	15.45	16.5	0.901
2026-01-06 22:00:00	-91.7081	32.0999	0	20.253	22.7	77.343	100.888	2.134	71.55	2.072	214.675	0	0	4.108	0.627	0	0.31	0.295	0.363	0.376	0.378	-25.05	-10.6	-0.1	0.14	0.135	0.316	0.324	0.561	16.55	16.05	14.562	15.45	16.5	0.915
2026-01-06 23:00:00	-91.7081	32.0999	0	18.27	21.95	78.187	100.9	2.061	8	1.64	208.8	0	0	3.535	0.573	0	0.31	0.295	0.363	0.376	0.377	-25.05	-10.7	-0.1	0.14	0.134	0.315	0.324	0.562	16.438	16.1	14.625	15.488	16.5	0.966
2026-01-07 00:00:00	-91.7081	32.0999	0	16.742	20.75	81.311	100.93	1.991	0	1.445	204.95	0	0	3.645	0.45	0	0.31	0.294	0.363	0.376	0.377	-25	-10.7	-0.1	0.14	0.134	0.315	0.324	0.562	16.262	16.1	14.725	15.5	16.5	NA
2026-01-07 01:00:00	-91.7081	32.0999	0	14.35	19.4	84.928	100.982	1.913	0	0.76	226.075	0	0	1.775	0.338	0	0.31	0.294	0.363	0.376	0.377	-25	-10.7	-0.1	0.139	0.134	0.315	0.324	0.562	16	16.025	14.788	15.5	16.5	NA
2026-01-07 02:00:00	-91.7081	32.0999	0	12.358	17.825	89.278	101.015	1.823	0	0.598	172.125	0	0	1.228	0.22	0	0.31	0.294	0.363	0.376	0.377	-25	-10.7	-0.1	0.142	0.132	0.314	0.324	0.562	15.775	15.9	14.85	15.5	16.5	NA
2026-01-07 03:00:00	-91.7081	32.0999	0	14.012	17.85	92.134	101.042	1.884	0	0.945	209.6	0	0	2.125	0.16	0	0.31	0.294	0.363	0.376	0.377	-25.025	-10.7	-0.1	0.153	0.133	0.314	0.324	0.562	15.512	15.75	14.9	15.512	16.5	NA
2026-01-07 04:00:00	-91.7081	32.0999	0	13.17	17.375	94.623	101.062	1.878	0	0.883	194.35	0	0	1.62	0.105	0	0.31	0.294	0.363	0.376	0.377	-25.05	-10.725	-0.1	0.151	0.132	0.313	0.324	0.561	15.325	15.625	14.938	15.55	16.5	NA
2026-01-07 05:00:00	-91.7081	32.0999	0	13.42	17.05	95.899	101.075	1.864	0	0.995	193.95	0	0	1.765	0.078	0	0.311	0.294	0.363	0.376	0.377	-25.075	-10.8	-0.1	0.15	0.131	0.314	0.323	0.561	15.188	15.475	14.95	15.55	16.5	NA
2026-01-07 06:00:00	-91.7081	32.0999	0.051	14.91	17.4	96.859	101.042	1.925	0	1.178	204.575	0	0	2.197	0.062	0	0.311	0.294	0.363	0.376	0.377	-25	-10.8	-0.1	0.154	0.132	0.313	0.322	0.562	15.137	15.4	14.962	15.55	16.5	NA
2026-01-07 07:00:00	-91.7081	32.0999	0.017	17.282	17.85	98.324	101.04	2.01	0	1.692	229.1	0	0	3.383	0.035	0	0.311	0.295	0.363	0.376	0.377	-25	-10.8	-0.1	0.153	0.132	0.314	0.324	0.561	15.112	15.3	15	15.575	16.5	NA
2026-01-07 08:00:00	-91.7081	32.0999	0.017	18.035	18.275	98.775	101.04	2.074	0	2.118	237.25	0	0	4.27	0.022	0	0.31	0.295	0.363	0.376	0.377	-25	-10.8	-0.1	0.155	0.135	0.313	0.325	0.566	15.25	15.35	15	15.6	16.5	NA
2026-01-07 09:00:00	-91.7081	32.0999	0	18.078	18.375	99.2	101.06	2.096	0	1.95	254.275	0	0	4.058	0.018	0	0.31	0.295	0.363	0.376	0.377	-25	-10.8	-0.1	0.154	0.135	0.314	0.324	0.565	15.387	15.4	15	15.6	16.5	NA
2026-01-07 10:00:00	-91.7081	32.0999	0	17.573	18.375	96.694	101.052	2.043	0	1.605	256.225	0	0	4.082	0.068	0	0.31	0.294	0.363	0.376	0.377	-24.975	-10.825	-0.1	0.156	0.136	0.314	0.325	0.565	15.475	15.5	15.025	15.6	16.5	NA
2026-01-07 11:00:00	-91.7081	32.0999	0	16.368	17.95	95.437	101.085	1.964	0	0.753	263.1	0	0	1.95	0.088	0	0.31	0.294	0.363	0.376	0.377	-24.925	-10.9	-0.1	0.154	0.136	0.313	0.326	0.564	15.538	15.525	15.05	15.625	16.5	NA
2026-01-07 12:00:00	-91.7081	32.0999	0	16.25	17.45	95.905	101.158	1.912	0	0.7	272.55	0	0	1.752	0.078	0	0.31	0.294	0.363	0.376	0.377	-24.95	-10.9	-0.1	0.153	0.135	0.313	0.324	0.562	15.5	15.6	15.05	15.663	16.5	NA
2026-01-07 13:00:00	-91.7081	32.0999	0	16.335	17.1	95.689	101.2	1.866	2.95	0.61	278.95	0	0	1.56	0.082	0	0.31	0.294	0.363	0.376	0.377	-24.925	-10.9	-0.1	0.151	0.134	0.314	0.324	0.562	15.5	15.6	15.088	15.7	16.5	0.934
2026-01-07 14:00:00	-91.7081	32.0999	0	17.005	17.1	96.267	101.257	1.878	96.85	1.163	271.7	0	0	2.622	0.07	0	0.31	0.294	0.363	0.376	0.377	-24.95	-10.9	-0.1	0.152	0.134	0.313	0.324	0.562	15.538	15.6	15.1	15.7	16.5	0.894
2026-01-07 15:00:00	-91.7081	32.0999	0	18.735	17.975	96.21	101.323	1.983	233.675	1.328	306.7	0	0	3.225	0.073	0	0.31	0.294	0.363	0.376	0.377	-24.9	-10.925	-0.1	0.15	0.132	0.312	0.324	0.561	15.675	15.625	15.1	15.7	16.5	0.878
2026-01-07 16:00:00	-91.7081	32.0999	0	21.11	19.65	90.98	101.328	2.082	395.65	1.923	246.275	0	0	4.278	0.208	0	0.31	0.294	0.363	0.376	0.377	-24.95	-11	-0.1	0.147	0.132	0.312	0.324	0.559	16.025	15.75	15.137	15.7	16.5	0.87
2026-01-07 17:00:00	-91.7081	32.0999	0	22.51	21.25	82.303	101.298	2.078	463.925	2.107	258.075	0	0	4.982	0.442	0	0.309	0.294	0.363	0.376	0.377	-25.15	-11	-0.1	0.148	0.132	0.312	0.324	0.559	16.413	16	15.15	15.7	16.5	0.867
2026-01-07 18:00:00	-91.7081	32.0999	0	23.415	22.725	73.344	101.235	2.026	524.325	1.922	250.45	0	0	4.855	0.738	0	0.309	0.293	0.363	0.376	0.377	-25.25	-11.025	-0.1	0.149	0.133	0.312	0.325	0.559	16.738	16.25	15.2	15.75	16.5	0.882
2026-01-07 19:00:00	-91.7081	32.0999	0	23.938	23.85	63.43	101.15	1.875	538.375	1.728	235.575	0	0	4.428	1.082	0	0.308	0.293	0.363	0.376	0.377	-25.475	-11.1	-0.1	0.148	0.134	0.313	0.325	0.558	17	16.475	15.225	15.75	16.5	0.88
2026-01-07 20:00:00	-91.7081	32.0999	0	22.885	24.525	56.795	101.075	1.749	430.825	2.177	209.85	0	0	4.633	1.328	0	0.306	0.292	0.363	0.376	0.377	-25.725	-11.1	-0.1	0.155	0.134	0.313	0.326	0.559	17.45	16.775	15.262	15.75	16.5	0.883
2026-01-07 21:00:00	-91.7081	32.0999	0	21.51	24.525	57.418	101.048	1.768	275.475	2.102	191.075	0	0	4.44	1.305	0	0.306	0.292	0.362	0.376	0.377	-26	-11.2	-0.1	0.16	0.133	0.314	0.326	0.559	17.587	17	15.362	15.75	16.5	0.883
2026-01-07 22:00:00	-91.7081	32.0999	0	19.918	23.775	63.296	101.062	1.861	115.6	2.385	179.95	0	0	4.662	1.082	0	0.306	0.292	0.362	0.376	0.377	-26.175	-11.2	-0.1	0.154	0.133	0.315	0.326	0.559	17.6	17.175	15.425	15.75	16.5	0.895
2026-01-07 23:00:00	-91.7081	32.0999	0	17.922	21.95	71.68	101.08	1.888	7.1	2.03	180.325	0	0	3.75	0.75	0	0.306	0.291	0.362	0.376	0.377	-26.25	-11.2	-0.1	0.153	0.133	0.314	0.326	0.559	17.425	17.2	15.475	15.762	16.5	0.969
2026-01-08 00:00:00	-91.7081	32.0999	0	16.398	20.6	75.82	101.098	1.84	0	1.46	176.65	0	0	2.668	0.585	0	0.306	0.291	0.362	0.376	0.377	-26.2	-11.275	-0.1	0.156	0.132	0.315	0.326	0.559	17.2	17.125	15.562	15.8	16.5	NA
2026-01-08 01:00:00	-91.7081	32.0999	0	15.492	18.775	81.81	101.128	1.772	0	1.575	152.55	0	0	2.78	0.39	0	0.306	0.291	0.362	0.376	0.377	-26.2	-11.3	-0.1	0.156	0.132	0.315	0.326	0.559	16.983	17.033	15.6	15.8	16.5	NA
2026-01-08 02:00:00	-91.7081	32.0999	0	13.043	17.775	86.172	101.128	1.753	0	0.978	130.9	0	0	1.547	0.28	0	NA	NA	NA	NA	NA	NA	NA	NA	NA	NA	NA	NA	NA	NA	NA	NA	NA	NA	NA
2026-01-08 03:00:00	-91.7081	32.0999	0	11.762	16.3	91.351	101.105	1.693	0	0.83	123.45	0	0	1.28	0.16	0	NA	NA	NA	NA	NA	NA	NA	NA	NA	NA	NA	NA	NA	NA	NA	NA	NA	NA	NA
2026-01-08 04:00:00	-91.7081	32.0999	0	12.668	16.15	93.658	101.092	1.719	0	1.095	141.55	0	0	1.633	0.117	0	NA	NA	NA	NA	NA	NA	NA	NA	NA	NA	NA	NA	NA	NA	NA	NA	NA	NA	NA
