2026-01-01 06:00:00	-92.3536	30.1784	0	0.96	5.1	87.781	102.095	0.771	0	0.573	346.275	0	0	0.88	0.108	0	0.332	0.352	0.361	0.405	0.43	-0.1	-0.1	-0.1	0.802	1.101	1.03	1.154	2.575	10.537	12.65	14.412	17.012	19.1	NA
2026-01-01 07:00:00	-92.3536	30.1784	0	1.01	5.075	90.414	102.053	0.793	0	0.56	247.825	0	0	0.77	0.082	0	0.332	0.352	0.361	0.405	0.43	-0.1	-0.1	-0.1	0.795	1.102	1.03	1.153	2.574	10.3	12.5	14.362	17	19.1	NA
2026-01-01 08:00:00	-92.3536	30.1784	0	1.102	5.35	91.349	102.025	0.817	0	0.772	296.475	0	0	1.14	0.078	0	0.332	0.352	0.361	0.405	0.43	-0.1	-0.1	-0.1	0.784	1.098	1.028	1.152	2.576	10.125	12.35	14.3	17	19.1	NA
2026-01-01 09:00:00	-92.3536	30.1784	0	1.055	4.725	91.811	101.992	0.786	0	1.18	327.8	0	0	1.395	0.07	0	0.332	0.352	0.361	0.405	0.43	-0.1	-0.1	-0.1	0.783	1.099	1.025	1.152	2.575	9.975	12.175	14.2	16.975	19.1	NA
2026-01-01 10:00:00	-92.3536	30.1784	0	0.833	4.6	90.068	101.985	0.764	0	0.64	267.85	0	0	0.833	0.085	0	0.332	0.352	0.361	0.405	0.43	-0.1	-0.1	-0.1	0.786	1.098	1.026	1.151	2.574	9.812	12.05	14.138	16.938	19.05	NA
2026-01-01 11:00:00	-92.3536	30.1784	0	0.713	4.05	93.714	101.955	0.765	0	0.568	301.7	0	0	0.738	0.05	0	0.332	0.352	0.361	0.405	0.43	-0.1	-0.1	-0.1	0.786	1.096	1.024	1.154	2.578	9.675	11.95	14.062	16.9	19	NA
2026-01-01 12:00:00	-92.3536	30.1784	0	0.745	3.95	92.152	101.95	0.747	0	0.775	315.775	0	0	1.038	0.062	0	0.332	0.352	0.361	0.405	0.43	-0.1	-0.1	-0.1	0.787	1.097	1.026	1.154	2.579	9.538	11.825	13.988	16.9	19	NA
2026-01-01 13:00:00	-92.3536	30.1784	0	1.912	4.5	94.395	101.965	0.796	17.4	0.708	323.075	0	0	0.973	0.045	0	0.332	0.352	0.361	0.405	0.43	-0.1	-0.1	-0.1	0.787	1.094	1.024	1.153	2.582	9.45	11.7	13.912	16.875	19	0.693
2026-01-01 14:00:00	-92.3536	30.1784	0	8.95	7.325	99.852	102.04	1.027	157.375	0.593	177.375	0	0	1.12	0	0	0.332	0.352	0.362	0.405	0.43	-0.1	-0.1	-0.1	0.78	1.094	1.023	1.152	2.583	9.6	11.6	13.825	16.85	19	0.692
2026-01-01 15:00:00	-92.3536	30.1784	0	14.63	11.25	99.289	102.118	1.326	323.95	1.49	271.025	0	0	2.777	0.007	0	0.331	0.352	0.362	0.405	0.43	-0.1	-0.1	-0.1	0.766	1.093	1.023	1.152	2.582	10.213	11.625	13.75	16.8	19	0.673
2026-01-01 16:00:00	-92.3536	30.1784	0	18.608	14.525	82.536	102.142	1.362	459.9	2.737	264.525	0	0	4.672	0.292	0	0.331	0.352	0.362	0.405	0.43	-0.1	-0.1	-0.1	0.751	1.098	1.022	1.152	2.578	11.3	11.85	13.688	16.8	18.975	0.653
2026-01-01 17:00:00	-92.3536	30.1784	0	21.722	16.85	67.038	102.088	1.283	527.2	3.498	258.3	0	0	6.075	0.637	0	0.33	0.352	0.362	0.405	0.43	-0.1	-0.1	-0.1	0.734	1.099	1.023	1.152	2.577	12.637	12.3	13.65	16.75	18.9	0.63
2026-01-01 18:00:00	-92.3536	30.1784	0	22.878	18.275	50.424	101.955	1.059	522.075	3.668	261.525	0	0	6.688	1.035	0	0.328	0.352	0.362	0.405	0.43	-0.1	-0.1	-0.1	0.726	1.103	1.024	1.153	2.576	13.95	12.925	13.688	16.725	18.9	0.615
2026-01-01 19:00:00	-92.3536	30.1784	0	23.843	19.2	47.571	101.823	1.058	550.575	2.692	248.725	0	0	5.232	1.165	0	0.326	0.351	0.361	0.405	0.43	-0.1	-0.1	-0.1	0.725	1.107	1.026	1.153	2.578	14.975	13.55	13.738	16.7	18.9	0.604
2026-01-01 20:00:00	-92.3536	30.1784	0	21.635	19.625	45.282	101.765	1.034	434.425	3.265	247.825	0	0	5.942	1.248	0	0.325	0.351	0.361	0.405	0.43	-0.1	-0.1	-0.1	0.733	1.111	1.027	1.154	2.575	15.363	14.05	13.863	16.65	18.9	0.618
2026-01-01 21:00:00	-92.3536	30.1784	0	19.55	19.475	52.286	101.708	1.183	266.575	3.352	227.325	0	0	5.935	1.078	0	0.324	0.35	0.361	0.405	0.43	-0.1	-0.1	-0.1	0.74	1.112	1.029	1.153	2.577	15.538	14.4	14.012	16.625	18.9	0.646
2026-01-01 22:00:00	-92.3536	30.1784	0	16.868	18.475	63.205	101.69	1.343	118.05	3.77	226.225	0	0	6.39	0.78	0	0.323	0.351	0.361	0.405	0.43	-0.1	-0.1	-0.1	0.758	1.111	1.031	1.153	2.577	15.262	14.575	14.137	16.6	18.9	0.648
2026-01-01 23:00:00	-92.3536	30.1784	0	13.228	16.525	71.779	101.675	1.348	13.15	2.43	216.025	0	0	4.062	0.532	0	0.323	0.351	0.361	0.405	0.43	-0.1	-0.1	-0.1	0.774	1.109	1.032	1.154	2.579	14.775	14.6	14.3	16.562	18.8	0.645
2026-01-02 00:00:00	-92.3536	30.1784	0	10.398	14.125	80.471	101.658	1.296	0	1.472	202	0	0	2.498	0.312	0	0.323	0.351	0.36	0.405	0.43	-0.1	-0.1	-0.1	0.786	1.11	1.032	1.154	2.58	14.225	14.55	14.412	16.55	18.8	NA
2026-01-02 01:00:00	-92.3536	30.1784	0	10.125	12.825	85.844	101.648	1.271	0	1.435	176.075	0	0	2.285	0.21	0	0.323	0.35	0.36	0.405	0.43	-0.1	-0.1	-0.1	0.791	1.108	1.03	1.154	2.58	13.8	14.425	14.538	16.525	18.8	NA
2026-01-02 02:00:00	-92.3536	30.1784	0	11.142	13.025	89.728	101.615	1.346	0	1.855	166.4	0	0	2.922	0.155	0	0.323	0.35	0.36	0.405	0.43	-0.1	-0.1	-0.1	0.792	1.106	1.032	1.154	2.58	13.538	14.275	14.612	16.5	18.8	NA
2026-01-02 03:00:00	-92.3536	30.1784	0	12.258	13.55	92.234	101.572	1.432	0	1.995	145.275	0	0	3.175	0.12	0	0.323	0.35	0.36	0.405	0.43	-0.1	-0.1	-0.1	0.79	1.107	1.031	1.154	2.582	13.462	14.2	14.662	16.5	18.8	NA
2026-01-02 04:00:00	-92.3536	30.1784	0	12.135	13.7	92.202	101.537	1.446	0	1.96	144.35	0	0	3.425	0.122	0	0.323	0.35	0.36	0.405	0.43	-0.1	-0.1	-0.1	0.788	1.106	1.029	1.154	2.577	13.488	14.1	14.7	16.5	18.8	NA
2026-01-02 05:00:00	-92.3536	30.1784	0	12.67	14.05	91.453	101.46	1.467	0	2.418	148.875	0	0	4.108	0.14	0	0.323	0.35	0.36	0.405	0.43	-0.1	-0.1	-0.1	0.786	1.106	1.028	1.154	2.578	13.462	14.1	14.7	16.5	18.7	NA
2026-01-02 06:00:00	-92.3536	30.1784	0	13.113	14.275	91.806	101.42	1.494	0	2.195	167.225	0	0	3.632	0.132	0	0.322	0.35	0.36	0.405	0.43	-0.1	-0.1	-0.1	0.784	1.104	1.027	1.155	2.581	13.575	14.1	14.7	16.5	18.7	NA
2026-01-02 07:00:00	-92.3536	30.1784	0	13.39	14.35	92.324	101.375	1.51	0	1.495	167.625	0	0	2.702	0.125	0	0.322	0.35	0.36	0.405	0.43	-0.1	-0.1	-0.1	0.786	1.104	1.027	1.154	2.586	13.662	14.1	14.7	16.5	18.7	NA
2026-01-02 08:00:00	-92.3536	30.1784	0	13.97	15.05	91.15	101.318	1.559	0	1.55	145.35	0	0	2.71	0.15	0	0.322	0.35	0.36	0.405	0.43	-0.1	-0.1	-0.1	0.784	1.106	1.027	1.154	2.583	13.788	14.125	14.7	16.5	18.7	NA
2026-01-02 09:00:00	-92.3536	30.1784	0	14.585	15.725	90.827	101.255	1.623	0	2.345	158.225	0	0	4.487	0.162	0	0.322	0.35	0.36	0.405	0.43	-0.1	-0.1	-0.1	0.782	1.105	1.026	1.155	2.582	13.925	14.2	14.738	16.5	18.7	NA
2026-01-02 10:00:00	-92.3536	30.1784	0	14.602	15.7	92.054	101.182	1.642	0	2.257	170.95	0	0	3.56	0.14	0	0.322	0.35	0.36	0.405	0.43	-0.1	-0.1	-0.1	0.782	1.106	1.027	1.154	2.58	14.062	14.25	14.8	16.5	18.7	NA
2026-01-02 11:00:00	-92.3536	30.1784	0	15.295	16.175	92.672	101.142	1.704	0	2.143	188.675	0	0	3.86	0.132	0	0.322	0.35	0.36	0.405	0.43	-0.1	-0.1	-0.1	0.782	1.104	1.027	1.156	2.583	14.225	14.325	14.8	16.5	18.675	NA
2026-01-02 12:00:00	-92.3536	30.1784	0	15.883	17.025	92.989	101.115	1.805	0	2.535	190.95	0	0	4.38	0.132	0	0.322	0.35	0.36	0.405	0.43	-0.1	-0.1	-0.1	0.779	1.104	1.027	1.155	2.583	14.375	14.4	14.8	16.5	18.6	1
2026-01-02 13:00:00	-92.3536	30.1784	0	16.683	18	92.84	101.085	1.916	11.225	4.148	196.65	0	0	7.058	0.143	0	0.321	0.35	0.36	0.405	0.43	-0.1	-0.1	-0.1	0.778	1.104	1.027	1.154	2.581	14.625	14.525	14.85	16.5	18.6	0.869
2026-01-02 14:00:00	-92.3536	30.1784	0	17.865	18.55	93.677	101.07	2.002	65.25	4.998	206.95	0	0	8.305	0.135	0	0.321	0.35	0.36	0.405	0.43	-0.1	-0.1	-0.1	0.775	1.105	1.027	1.155	2.583	14.938	14.65	14.9	16.5	18.6	0.717
2026-01-02 15:00:00	-92.3536	30.1784	0	20.548	20.15	91.913	101.085	2.169	202.35	6.06	205.375	0	0	9.707	0.19	0	0.321	0.349	0.36	0.405	0.43	-0.1	-0.1	-0.1	0.769	1.106	1.026	1.154	2.581	15.425	14.8	14.925	16.5	18.6	0.664
2026-01-02 16:00:00	-92.3536	30.1784	0	23.712	22.1	86.822	101.072	2.309	338.75	7.053	212.275	0	0	11.005	0.353	0	0.32	0.349	0.36	0.405	0.43	-0.1	-0.1	-0.1	0.759	1.107	1.029	1.154	2.582	16.3	15.075	14.988	16.5	18.6	0.657
2026-01-02 17:00:00	-92.3536	30.1784	0	23.378	22.525	83.91	101.035	2.291	239.725	7.652	219.55	0	0	12.545	0.438	0	0.319	0.349	0.36	0.405	0.43	-0.1	-0.1	-0.1	0.755	1.11	1.03	1.156	2.58	17.137	15.45	15.05	16.5	18.6	0.659
2026-01-02 18:00:00	-92.3536	30.1784	0	25.06	23.275	82.54	100.91	2.358	382.85	8.412	220.6	0	0	13.682	0.495	0	0.318	0.349	0.36	0.405	0.43	-0.1	-0.1	-0.1	0.756	1.11	1.03	1.157	2.582	17.837	15.85	15.162	16.5	18.6	0.631
2026-01-02 19:00:00	-92.3536	30.1784	0	25.185	23.425	81.655	100.765	2.354	372.825	8.758	220.025	0	0	14.57	0.528	0	0.317	0.349	0.359	0.405	0.431	-0.1	-0.1	-0.1	0.754	1.115	1.032	1.156	2.578	18.525	16.25	15.262	16.537	18.55	0.621
2026-01-02 20:00:00	-92.3536	30.1784	0	24.095	23.1	81.223	100.72	2.296	289.3	8.555	221.05	0	0	13.943	0.53	0	0.316	0.348	0.359	0.405	0.43	-0.1	-0.1	-0.1	0.763	1.116	1.035	1.157	2.575	18.738	16.65	15.413	16.55	18.5	0.632
2026-01-02 21:00:00	-92.3536	30.1784	0	23.505	23.1	78.347	100.675	2.215	275.825	8.35	223.325	0	0	14.005	0.61	0	0.315	0.348	0.359	0.405	0.43	-0.1	-0.1	-0.1	0.765	1.115	1.034	1.155	2.576	18.9	16.925	15.587	16.55	18.5	0.645
2026-01-02 22:00:00	-92.3536	30.1784	0	21.578	22.55	80.191	100.66	2.192	106.4	7.59	226.025	0	0	12.627	0.54	0	0.314	0.348	0.359	0.405	0.431	-0.1	-0.1	-0.1	0.777	1.117	1.036	1.155	2.576	18.6	17.1	15.75	16.55	18.5	0.64
