2026-01-01 06:00:00	-90.4313	30.701	0	4.62	4.675	75.946	101.523	0.647	0	0.49	211.425	0	0	0.78	0.202	0	0.302	0.301	0.318	0.359	0.307	-15.7	-3.9	-0.1	0.096	0.079	0.058	0.047	0.15	11.912	12.875	14.65	16.6	18.2	NA
2026-01-01 07:00:00	-90.4313	30.701	0	4.152	2.75	85.93	101.475	0.639	0	0.218	253.275	0	0	0.395	0.105	0	0.302	0.301	0.318	0.359	0.307	-15.65	-3.95	-0.1	0.096	0.078	0.058	0.047	0.15	11.762	12.75	14.575	16.6	18.2	NA
2026-01-01 08:00:00	-90.4313	30.701	0	3.822	2.325	89.557	101.46	0.647	0	0.21	328.625	0	0	0.418	0.078	0	0.302	0.301	0.318	0.359	0.307	-15.625	-4.075	-0.1	0.096	0.078	0.058	0.046	0.149	11.6	12.625	14.525	16.6	18.2	NA
2026-01-01 09:00:00	-90.4313	30.701	0	3.225	1.275	93.073	101.425	0.623	0	0.178	257.375	0	0	0.322	0.048	0	0.302	0.301	0.318	0.359	0.306	-15.6	-4.15	-0.1	0.096	0.079	0.058	0.047	0.15	11.425	12.475	14.475	16.6	18.2	NA
2026-01-01 10:00:00	-90.4313	30.701	0	3.002	0.775	94.376	101.405	0.61	0	0.252	254.125	0	0	0.372	0.035	0	0.303	0.302	0.318	0.359	0.306	-15.6	-4.2	-0.1	0.095	0.078	0.058	0.047	0.15	11.262	12.35	14.4	16.587	18.2	NA
2026-01-01 11:00:00	-90.4313	30.701	0	3.132	0.95	94.938	101.388	0.621	0	0.288	278.425	0	0	0.485	0.032	0	0.303	0.302	0.318	0.359	0.306	-15.6	-4.225	-0.1	0.095	0.078	0.058	0.047	0.15	11.088	12.225	14.338	16.5	18.125	NA
2026-01-01 12:00:00	-90.4313	30.701	0	2.852	0.625	96.805	101.382	0.619	0	0.23	237.075	0	0	0.372	0.02	0	0.303	0.302	0.318	0.359	0.306	-15.65	-4.325	-0.1	0.095	0.077	0.058	0.047	0.15	10.95	12.125	14.275	16.5	18.1	NA
2026-01-01 13:00:00	-90.4313	30.701	0	2.965	0.45	96.533	101.385	0.609	3.8	0.248	240.275	0	0	0.402	0.022	0	0.303	0.302	0.318	0.359	0.306	-15.65	-4.425	-0.1	0.094	0.077	0.058	0.047	0.15	10.838	12	14.2	16.5	18.1	0.761
2026-01-01 14:00:00	-90.4313	30.701	0	5.678	2.85	95.017	101.432	0.715	36.7	0.188	216.925	0	0	0.45	0.038	0	0.303	0.302	0.318	0.359	0.306	-15.6	-4.525	-0.1	0.094	0.077	0.058	0.047	0.15	10.75	11.9	14.125	16.5	18.1	0.71
2026-01-01 15:00:00	-90.4313	30.701	0	11.96	10.1	82.109	101.578	1.014	99.2	0.99	252.275	0	0	2.905	0.225	0	0.303	0.302	0.318	0.359	0.306	-15.6	-4.6	-0.1	0.094	0.077	0.058	0.047	0.15	10.888	11.9	14.062	16.413	18.1	0.59
2026-01-01 16:00:00	-90.4313	30.701	0	14.665	13.775	65.802	101.62	1.035	163.925	1.275	247.575	0	0	3.605	0.542	0	0.302	0.302	0.318	0.359	0.306	-15.6	-4.6	-0.1	0.096	0.078	0.058	0.047	0.15	11.35	12	14	16.4	18.1	0.639
2026-01-01 17:00:00	-90.4313	30.701	0	16.865	16.55	50.739	101.545	0.953	171.875	1.357	269.3	0	0	3.23	0.927	0	0.302	0.301	0.318	0.359	0.306	-15.55	-4.65	-0.1	0.096	0.08	0.058	0.047	0.149	12.075	12.35	13.962	16.4	18.1	0.61
2026-01-01 18:00:00	-90.4313	30.701	0	22.613	18.475	43.664	101.4	0.929	305.925	1.522	255.675	0	0	3.593	1.198	0	0.301	0.301	0.318	0.358	0.306	-15.6	-4.7	-0.1	0.099	0.08	0.058	0.047	0.148	12.863	12.75	13.95	16.375	18.025	0.242
2026-01-01 19:00:00	-90.4313	30.701	0	25.575	19.475	40.493	101.275	0.916	297.125	1.995	228.4	0	0	4.325	1.347	0	0.3	0.301	0.318	0.358	0.306	-15.6	-4.825	-0.1	0.101	0.081	0.057	0.047	0.149	13.762	13.25	13.962	16.3	18	0.192
2026-01-01 20:00:00	-90.4313	30.701	0	21.86	19.875	38.018	101.222	0.882	189.775	1.805	236.125	0	0	4.51	1.438	0	0.299	0.3	0.318	0.358	0.306	-15.675	-4.925	-0.1	0.102	0.082	0.058	0.047	0.149	14.75	13.85	14.05	16.3	18	0.303
2026-01-01 21:00:00	-90.4313	30.701	0	18.598	19.4	36.796	101.19	0.829	84.7	1.515	235.55	0	0	3.585	1.418	0	0.298	0.3	0.317	0.358	0.306	-15.95	-4.975	-0.1	0.103	0.08	0.058	0.047	0.15	15.075	14.3	14.162	16.287	18	0.579
2026-01-01 22:00:00	-90.4313	30.701	0	16.393	18.475	39.742	101.16	0.845	46.475	1.21	226.975	0	0	2.598	1.275	0	0.298	0.3	0.317	0.358	0.306	-16.25	-5.025	-0.175	0.103	0.08	0.058	0.047	0.149	15.025	14.45	14.3	16.225	18	0.645
2026-01-01 23:00:00	-90.4313	30.701	0	11.355	14.4	51.683	101.165	0.842	1.125	0.46	137.425	0	0	1.1	0.802	0	0.297	0.3	0.317	0.358	0.306	-16.5	-5.1	-0.2	0.102	0.08	0.058	0.047	0.148	14.887	14.5	14.425	16.2	18	0.713
2026-01-02 00:00:00	-90.4313	30.701	0	10.047	10.6	66.703	101.152	0.852	0	0.365	175.825	0	0	0.938	0.428	0	0.297	0.3	0.317	0.358	0.306	-16.675	-5.1	-0.2	0.1	0.079	0.058	0.047	0.149	14.55	14.45	14.575	16.2	18	NA
2026-01-02 01:00:00	-90.4313	30.701	0	9.635	9.4	73.17	101.132	0.863	0	0.188	199.2	0	0	0.445	0.318	0	0.298	0.3	0.317	0.358	0.306	-16.725	-5.175	-0.2	0.101	0.08	0.058	0.047	0.149	14.262	14.325	14.662	16.2	17.925	NA
2026-01-02 02:00:00	-90.4313	30.701	0	9.725	10.3	70.332	101.118	0.879	0	0.537	188.4	0	0	1.732	0.378	0	0.298	0.3	0.317	0.358	0.306	-16.8	-5.275	-0.2	0.101	0.081	0.058	0.047	0.148	13.963	14.175	14.725	16.2	17.9	NA
2026-01-02 03:00:00	-90.4313	30.701	0	10.457	12.45	66.21	101.112	0.957	0	0.968	218.6	0	0	2.212	0.488	0	0.298	0.3	0.317	0.358	0.306	-16.8	-5.3	-0.2	0.1	0.08	0.058	0.047	0.148	13.762	14.05	14.775	16.2	17.9	NA
2026-01-02 04:00:00	-90.4313	30.701	0	10.955	12.575	70.816	101.11	1.031	0	1.018	221.775	0	0	1.978	0.425	0	0.298	0.3	0.317	0.358	0.306	-16.8	-5.35	-0.2	0.1	0.081	0.058	0.046	0.148	13.637	13.975	14.8	16.2	17.9	NA
2026-01-02 05:00:00	-90.4313	30.701	0	10.613	10.85	80.377	101.06	1.044	0	0.318	213.7	0	0	0.863	0.258	0	0.298	0.3	0.317	0.358	0.306	-16.8	-5.475	-0.2	0.1	0.081	0.058	0.047	0.148	13.588	13.9	14.8	16.2	17.9	NA
2026-01-02 06:00:00	-90.4313	30.701	0	10.498	10.05	85.208	101.015	1.05	0	0.24	125.25	0	0	0.48	0.18	0	0.298	0.3	0.317	0.358	0.306	-16.8	-5.5	-0.2	0.1	0.08	0.058	0.047	0.148	13.5	13.875	14.8	16.2	17.9	NA
2026-01-02 07:00:00	-90.4313	30.701	0	9.258	9.1	88.836	100.95	1.027	0	0.228	115.075	0	0	0.498	0.13	0	0.298	0.3	0.317	0.358	0.306	-16.8	-5.5	-0.2	0.1	0.08	0.058	0.047	0.148	13.488	13.8	14.788	16.2	17.9	NA
2026-01-02 08:00:00	-90.4313	30.701	0	8.735	8.275	91.172	100.918	0.996	0	0.228	98.6	0	0	0.652	0.095	0	0.298	0.3	0.317	0.358	0.306	-16.8	-5.55	-0.2	0.1	0.08	0.058	0.047	0.148	13.363	13.775	14.75	16.2	17.85	NA
2026-01-02 09:00:00	-90.4313	30.701	0	8.672	7.975	93.168	100.858	0.998	0	0.292	121.975	0	0	0.8	0.075	0	0.298	0.3	0.317	0.358	0.306	-16.8	-5.6	-0.2	0.1	0.08	0.058	0.047	0.148	13.238	13.7	14.75	16.2	17.8	NA
2026-01-02 10:00:00	-90.4313	30.701	0	8.23	7.6	93.86	100.792	0.98	0	0.282	107.975	0	0	0.66	0.062	0	0.298	0.3	0.317	0.358	0.306	-16.8	-5.675	-0.2	0.099	0.08	0.058	0.047	0.148	13.125	13.625	14.75	16.2	17.8	NA
2026-01-02 11:00:00	-90.4313	30.701	0	9.742	8.2	94.612	100.762	1.029	0	0.35	100.5	0	0	0.887	0.055	0	0.298	0.3	0.317	0.358	0.306	-16.8	-5.75	-0.2	0.1	0.08	0.058	0.046	0.148	13	13.525	14.712	16.2	17.8	NA
2026-01-02 12:00:00	-90.4313	30.701	0	10.622	9.5	94.213	100.76	1.119	0	0.492	89.925	0	0	0.988	0.065	0	0.298	0.3	0.317	0.358	0.306	-16.7	-5.8	-0.2	0.1	0.08	0.058	0.047	0.147	13	13.5	14.688	16.2	17.8	NA
2026-01-02 13:00:00	-90.4313	30.701	0	11.685	10.65	92.465	100.76	1.186	2.175	0.42	115.725	0	0	0.93	0.098	0	0.298	0.3	0.317	0.358	0.306	-16.7	-5.8	-0.2	0.099	0.08	0.058	0.047	0.148	13.05	13.5	14.65	16.2	17.8	0.712
2026-01-02 14:00:00	-90.4313	30.701	0	13.55	12.55	89.932	100.75	1.308	25.975	0.63	180.525	0	0	2.26	0.148	0	0.298	0.3	0.317	0.358	0.306	-16.7	-5.8	-0.2	0.1	0.08	0.058	0.047	0.15	13.2	13.525	14.65	16.2	17.8	0.665
2026-01-02 15:00:00	-90.4313	30.701	0	16.003	14.875	86.287	100.748	1.46	73.525	1.048	200.075	0	0	2.507	0.232	0	0.298	0.3	0.317	0.358	0.306	-16.6	-5.9	-0.2	0.1	0.08	0.058	0.047	0.148	13.463	13.625	14.65	16.2	17.8	0.644
2026-01-02 16:00:00	-90.4313	30.701	0	18.922	18	81.147	100.74	1.676	118.4	1.865	208.625	0	0	4.755	0.385	0	0.298	0.3	0.317	0.357	0.306	-16.6	-6	-0.2	0.102	0.08	0.058	0.047	0.147	13.912	13.825	14.65	16.2	17.8	0.629
2026-01-02 17:00:00	-90.4313	30.701	0	20.245	20.1	77.461	100.638	1.822	91.5	1.935	208.225	0	0	4.673	0.528	0	0.297	0.3	0.317	0.357	0.306	-16.6	-6	-0.2	0.102	0.081	0.058	0.047	0.148	14.537	14.15	14.65	16.2	17.725	0.638
2026-01-02 18:00:00	-90.4313	30.701	0	20.413	20.775	76.894	100.505	1.886	70.5	2.143	207.325	0	0	5.865	0.565	0	0.296	0.299	0.317	0.357	0.306	-16.6	-6	-0.2	0.103	0.08	0.058	0.047	0.148	15.088	14.475	14.7	16.2	17.7	0.646
2026-01-02 19:00:00	-90.4313	30.701	0	19.483	20.625	79.626	100.365	1.935	50.55	2.183	210.575	0	0	5.17	0.493	0	0.296	0.299	0.317	0.357	0.306	-16.6	-6	-0.2	0.102	0.08	0.058	0.047	0.149	15.475	14.8	14.75	16.175	17.7	0.655
2026-01-02 20:00:00	-90.4313	30.701	0	20.475	21.35	79.421	100.268	2.018	66.55	2.933	212.35	0	0	7.282	0.522	0	0.296	0.299	0.317	0.357	0.306	-16.6	-6.075	-0.2	0.104	0.081	0.058	0.047	0.148	15.762	15.05	14.838	16.15	17.7	0.639
2026-01-02 21:00:00	-90.4313	30.701	0	20.532	21.525	79.178	100.232	2.034	30.65	2.812	213.7	0	0	6.22	0.535	0	0.295	0.299	0.317	0.357	0.306	-16.6	-6.2	-0.2	0.104	0.082	0.058	0.047	0.147	16.075	15.275	14.938	16.15	17.7	0.657
2026-01-02 22:00:00	-90.4313	30.701	0	20.312	21.5	80.136	100.208	2.055	17.95	2.505	212.425	0	0	5.99	0.5	0	0.295	0.299	0.316	0.357	0.306	-16.6	-6.2	-0.2	0.104	0.084	0.06	0.047	0.147	16.312	15.5	15.062	16.15	17.7	0.643
2026-01-02 23:00:00	-90.4313	30.701	0	19.548	21.175	81.987	100.198	2.061	0.325	2.19	212.975	0	0	5.028	0.452	0	0.295	0.299	0.316	0.357	0.306	-16.6	-6.225	-0.2	0.104	0.084	0.06	0.047	0.147	16.412	15.65	15.162	16.15	17.7	NA
2026-01-03 00:00:00	-90.4313	30.701	0	19.727	21.1	83.402	100.22	2.087	0	2.402	215.05	0	0	5.545	0.412	0	0.295	0.299	0.316	0.357	0.306	-16.6	-6.325	-0.2	0.104	0.084	0.059	0.047	0.147	16.5	15.775	15.25	16.15	17.7	NA
2026-01-03 01:00:00	-90.4313	30.701	0	19.568	20.9	85.548	100.24	2.114	0	2.168	216.725	0	0	4.89	0.358	0	0.295	0.299	0.316	0.357	0.306	-16.6	-6.4	-0.2	0.105	0.084	0.058	0.048	0.147	16.562	15.85	15.363	16.15	17.7	NA
2026-01-03 02:00:00	-90.4313	30.701	0	19.567	20.775	87.021	100.27	2.135	0	1.92	222.175	0	0	4.432	0.312	0	0.295	0.299	0.316	0.357	0.306	-16.5	-6.4	-0.2	0.105	0.083	0.059	0.047	0.147	16.637	15.975	15.45	16.188	17.7	NA
2026-01-03 03:00:00	-90.4313	30.701	0	19.578	20.725	88.434	100.322	2.162	0	1.653	225.05	0	0	4.312	0.283	0	0.295	0.299	0.316	0.357	0.306	-16.5	-6.475	-0.2	0.105	0.083	0.059	0.047	0.148	16.725	16.05	15.55	16.2	17.7	NA
2026-01-03 04:00:00	-90.4313	30.701	0	19.657	20.975	88.052	100.365	2.187	0	2.038	230.425	0	0	5.045	0.292	0	0.295	0.299	0.316	0.357	0.306	-16.5	-6.55	-0.2	0.104	0.084	0.059	0.047	0.148	16.8	16.15	15.625	16.2	17.6	NA
2026-01-03 05:00:00	-90.4313	30.701	0	19.085	20.75	88.699	100.365	2.172	0	2.117	231.125	0	0	4.558	0.275	0	0.295	0.298	0.316	0.357	0.306	-16.5	-6.6	-0.2	0.104	0.084	0.059	0.048	0.148	16.9	16.225	15.712	16.25	17.6	NA
2026-01-03 06:00:00	-90.4313	30.701	0	18.52	20.125	91.252	100.348	2.15	0	1.375	224.75	0	0	2.852	0.205	0	0.295	0.298	0.316	0.357	0.306	-16.5	-6.625	-0.2	0.104	0.084	0.06	0.047	0.148	16.9	16.3	15.788	16.25	17.6	NA
2026-01-03 07:00:00	-90.4313	30.701	0	19.123	20.275	91.972	100.328	2.188	0	1.547	225.7	0	0	3.18	0.192	0	0.295	0.298	0.316	0.357	0.306	-16.4	-6.7	-0.2	0.104	0.084	0.06	0.047	0.149	16.9	16.325	15.863	16.25	17.6	NA
2026-01-03 08:00:00	-90.4313	30.701	0	19.47	20.55	91.574	100.32	2.215	0	1.908	226.125	0	0	4.657	0.208	0	0.295	0.298	0.316	0.356	0.306	-16.4	-6.75	-0.2	0.104	0.084	0.06	0.047	0.148	16.988	16.4	15.938	16.275	17.6	NA
2026-01-03 09:00:00	-90.4313	30.701	0	18.803	20.175	92.1	100.3	2.177	0	1.742	231.125	0	0	3.612	0.182	0	0.295	0.298	0.316	0.356	0.306	-16.375	-6.85	-0.2	0.105	0.084	0.06	0.048	0.148	17.075	16.475	15.988	16.35	17.6	NA
2026-01-03 10:00:00	-90.4313	30.701	0	18.483	19.875	93.236	100.27	2.163	0	1.518	223.25	0	0	3.498	0.158	0	0.294	0.298	0.316	0.356	0.306	-16.3	-6.9	-0.2	0.105	0.084	0.061	0.047	0.148	17.1	16.5	16.062	16.35	17.6	NA
2026-01-03 11:00:00	-90.4313	30.701	0	18.575	19.725	94.604	100.303	2.175	0	1.383	232.3	0	0	3.045	0.122	0	0.295	0.298	0.316	0.356	0.305	-16.3	-6.9	-0.2	0.104	0.084	0.06	0.047	0.148	17.1	16.575	16.125	16.35	17.6	NA
2026-01-03 12:00:00	-90.4313	30.701	0	18.247	19.475	96.095	100.372	2.175	0	0.8	225.425	0	0	1.67	0.085	0	0.295	0.298	0.316	0.356	0.305	-16.2	-6.9	-0.2	0.104	0.084	0.06	0.047	0.148	17.1	16.6	16.175	16.363	17.6	NA
2026-01-03 13:00:00	-90.4313	30.701	0	18.378	19.625	95.117	100.385	2.173	4.875	1.282	218.5	0	0	2.605	0.11	0	0.295	0.298	0.316	0.356	0.305	-16.2	-6.9	-0.2	0.105	0.084	0.06	0.048	0.148	17.1	16.6	16.238	16.45	17.6	0.717
2026-01-03 14:00:00	-90.4313	30.701	0	19.695	20.525	92.892	100.388	2.244	31.625	1.715	225.1	0	0	3.85	0.172	0	0.294	0.298	0.316	0.356	0.305	-16.2	-7.025	-0.2	0.105	0.084	0.06	0.048	0.148	17.137	16.625	16.275	16.45	17.6	0.663
2026-01-03 15:00:00	-90.4313	30.701	0	20.632	21.05	90.994	100.485	2.27	29.5	1.485	242.35	0	0	3.622	0.222	0	0.294	0.298	0.315	0.356	0.305	-16.2	-7.125	-0.2	0.105	0.084	0.06	0.048	0.147	17.3	16.725	16.325	16.45	17.6	0.683
2026-01-03 16:00:00	-90.4313	30.701	0	22.95	22.05	87.722	100.518	2.327	141.425	1.452	250.95	0	0	3.462	0.325	0	0.294	0.298	0.315	0.356	0.305	-16.175	-7.175	-0.225	0.106	0.084	0.06	0.048	0.147	17.538	16.85	16.363	16.488	17.6	0.645
2026-01-03 17:00:00	-90.4313	30.701	0	24.98	23.55	77.499	100.452	2.249	191.225	2.005	236.9	0	0	4.763	0.655	0	0.294	0.298	0.315	0.356	0.305	-16.125	-7.2	-0.275	0.106	0.085	0.061	0.047	0.147	17.988	17.075	16.425	16.538	17.6	0.626
2026-01-03 18:00:00	-90.4313	30.701	0	27.802	24.4	72.153	100.388	2.205	242.975	1.37	252.175	0	0	3.455	0.845	0	0.293	0.298	0.315	0.356	0.305	-16.15	-7.25	-0.275	0.106	0.085	0.061	0.047	0.146	18.55	17.4	16.488	16.55	17.6	0.479
2026-01-03 19:00:00	-90.4313	30.701	0	28.04	24.675	68.74	100.345	2.136	217.925	1.423	245.1	0	0	3.725	0.973	0	0.292	0.298	0.315	0.356	0.305	-16.25	-7.4	-0.3	0.108	0.085	0.062	0.047	0.146	19.125	17.75	16.588	16.55	17.6	0.509
2026-01-03 20:00:00	-90.4313	30.701	0	25.258	24.575	66.393	100.335	2.05	123.05	0.818	282.75	0	0	2.493	1.038	0	0.292	0.298	0.315	0.356	0.305	-16.4	-7.4	-0.3	0.108	0.085	0.061	0.048	0.146	19.587	18.125	16.688	16.6	17.6	0.556
2026-01-03 21:00:00	-90.4313	30.701	0	22.292	23.5	68.939	100.385	1.996	47.8	0.855	336.6	0	0	2.418	0.903	0	0.292	0.297	0.315	0.356	0.305	-16.575	-7.45	-0.3	0.108	0.085	0.061	0.047	0.146	19.65	18.35	16.812	16.625	17.6	0.627
2026-01-03 22:00:00	-90.4313	30.701	0	20.375	21.75	71.537	100.5	1.863	30.65	0.96	347.2	0	0	2.573	0.74	0	0.292	0.297	0.315	0.356	0.305	-16.7	-7.625	-0.3	0.107	0.085	0.062	0.048	0.146	19.425	18.4	16.95	16.65	17.6	0.655
2026-01-03 23:00:00	-90.4313	30.701	0	16.89	18.775	77	100.585	1.668	1.85	0.91	351.225	0	0	2.6	0.498	0	0.292	0.297	0.315	0.356	0.305	-16.85	-7.7	-0.3	0.106	0.084	0.062	0.048	0.146	19.062	18.275	17.087	16.688	17.6	0.633
2026-01-04 00:00:00	-90.4313	30.701	0	15.072	15.525	83.176	100.718	1.467	0	1.485	98.225	0	0	4.093	0.295	0	0.292	0.297	0.315	0.356	0.305	-17	-7.85	-0.3	0.106	0.085	0.062	0.048	0.146	18.6	18.125	17.175	16.7	17.6	NA
2026-01-04 01:00:00	-90.4313	30.701	0	14.192	14.175	85.906	100.795	1.389	0	1.15	97.5	0	0	3.268	0.228	0	0.292	0.297	0.315	0.356	0.305	-17.1	-8	-0.3	0.105	0.085	0.062	0.047	0.146	18.1	17.875	17.238	16.75	17.6	NA
2026-01-04 02:00:00	-90.4313	30.701	0	14.345	13.725	86.811	100.858	1.363	0	1.045	186.85	0	0	3.132	0.208	0	0.292	0.298	0.315	0.355	0.305	-17.25	-8	-0.3	0.105	0.085	0.062	0.048	0.146	17.7	17.6	17.3	16.8	17.6	NA
2026-01-04 03:00:00	-90.4313	30.701	0	13.53	12.65	87.489	100.935	1.281	0	1.143	23	0	0	3.07	0.182	0	0.292	0.298	0.315	0.355	0.305	-17.3	-8.175	-0.3	0.104	0.085	0.061	0.047	0.146	17.337	17.4	17.288	16.8	17.6	NA
2026-01-04 04:00:00	-90.4313	30.701	0	13.227	12.275	87.311	101.02	1.247	0	1.388	46	0	0	2.66	0.178	0	0.293	0.298	0.315	0.355	0.305	-17.3	-8.325	-0.3	0.103	0.084	0.061	0.048	0.146	17.038	17.175	17.25	16.875	17.6	NA
2026-01-04 05:00:00	-90.4313	30.701	0	13.028	12.125	87.048	101.078	1.231	0	1.538	52.05	0	0	3.35	0.182	0	0.293	0.298	0.315	0.355	0.305	-17.375	-8.425	-0.3	0.102	0.084	0.061	0.048	0.147	16.788	17	17.25	16.9	17.6	NA
2026-01-04 06:00:00	-90.4313	30.701	0	12.898	11.925	87.505	101.138	1.221	0	0.863	18.95	0	0	2.82	0.175	0	0.293	0.298	0.315	0.355	0.305	-17.4	-8.625	-0.3	0.102	0.084	0.06	0.048	0.148	16.562	16.825	17.175	16.9	17.6	NA
2026-01-04 07:00:00	-90.4313	30.701	0	12.838	11.775	88.303	101.152	1.22	0	0.77	21.15	0	0	2.478	0.16	0	0.293	0.298	0.315	0.355	0.305	-17.425	-8.725	-0.3	0.101	0.084	0.061	0.048	0.148	16.375	16.65	17.137	16.988	17.6	NA
2026-01-04 08:00:00	-90.4313	30.701	0	12.608	11.475	90.261	101.192	1.223	0	0.897	98.825	0	0	2.775	0.128	0	0.293	0.298	0.315	0.355	0.305	-17.5	-8.775	-0.3	0.101	0.082	0.06	0.048	0.147	16.238	16.55	17.088	17	17.6	NA
2026-01-04 09:00:00	-90.4313	30.701	0	12.182	10.975	91.258	101.195	1.196	0	0.713	94.875	0	0	1.982	0.115	0	0.293	0.298	0.315	0.355	0.305	-17.5	-8.875	-0.3	0.102	0.082	0.06	0.047	0.147	16.075	16.425	17.012	17	17.6	NA
2026-01-04 10:00:00	-90.4313	30.701	0	11.922	10.675	90.725	101.115	1.166	0	0.722	26.675	0	0	2.082	0.12	0	0.293	0.298	0.315	0.355	0.305	-17.5	-9.025	-0.3	0.102	0.082	0.06	0.048	0.148	15.938	16.3	16.988	17	17.6	NA
2026-01-04 11:00:00	-90.4313	30.701	0	11.82	10.525	90.066	101.102	1.146	0	0.588	23	0	0	1.513	0.122	0	0.293	0.298	0.315	0.355	0.305	-17.55	-9.15	-0.3	0.101	0.083	0.06	0.047	0.148	15.775	16.175	16.9	17.062	17.6	NA
2026-01-04 12:00:00	-90.4313	30.701	0	11.808	10.5	89.803	101.232	1.14	0	0.448	182.4	0	0	1.107	0.13	0	0.293	0.298	0.315	0.355	0.305	-17.6	-9.2	-0.3	0.101	0.082	0.06	0.047	0.148	15.65	16.075	16.875	17.1	17.6	NA
2026-01-04 13:00:00	-90.4313	30.701	0	11.855	10.5	89.548	101.362	1.137	1.6	0.503	13.733	0	0	1.45	0.13	0	0.293	0.298	0.315	0.355	0.305	-17.6	-9.325	-0.3	0.101	0.082	0.06	0.047	0.148	15.55	15.975	16.8	17.1	17.6	0.65
2026-01-04 14:00:00	-90.4313	30.701	0	12.39	10.625	89.038	101.442	1.14	22.675	0.73	22.675	0	0	1.958	0.143	0	0.293	0.298	0.315	0.355	0.305	-17.6	-9.5	-0.3	0.101	0.082	0.06	0.048	0.148	15.488	15.9	16.75	17.1	17.6	0.672
2026-01-04 15:00:00	-90.4313	30.701	0	13.152	10.95	88.641	101.532	1.16	45.775	0.75	13.767	0	0	2.11	0.145	0	0.293	0.298	0.315	0.354	0.305	-17.6	-9.6	-0.325	0.1	0.082	0.06	0.048	0.148	15.45	15.8	16.7	17.1	17.6	0.659
2026-01-04 16:00:00	-90.4313	30.701	0	13.822	11	90.271	101.553	1.185	68.225	0.79	8.875	0	0	2.42	0.13	0	0.293	0.298	0.315	0.355	0.305	-17.6	-9.675	-0.375	0.101	0.081	0.06	0.048	0.149	15.5	15.8	16.65	17.1	17.6	0.661
2026-01-04 17:00:00	-90.4313	30.701	0	15.302	11.6	90.151	101.498	1.232	104.175	0.895	41.35	0	0	2.43	0.135	0	0.293	0.298	0.315	0.354	0.305	-17.6	-9.725	-0.4	0.101	0.082	0.059	0.047	0.148	15.6	15.8	16.6	17.1	17.6	0.651
2026-01-04 18:00:00	-90.4313	30.701	0	15.558	12.325	88.266	101.462	1.265	85.175	0.71	48.625	0	0	1.998	0.165	0	0.293	0.298	0.315	0.354	0.305	-17.675	-9.925	-0.4	0.101	0.082	0.059	0.048	0.148	15.825	15.875	16.6	17.1	17.6	0.656
2026-01-04 19:00:00	-90.4313	30.701	0	14.998	12.275	88.38	101.37	1.262	60.6	0.488	45.75	0	0	1.462	0.168	0	0.293	0.298	0.315	0.354	0.304	-17.7	-10	-0.4	0.102	0.082	0.059	0.047	0.148	15.962	16	16.512	17.1	17.65	0.663
2026-01-04 20:00:00	-90.4313	30.701	0	14.91	12.525	88.764	101.312	1.289	46.5	0.462	19.033	0	0	1.328	0.162	0	0.292	0.298	0.315	0.354	0.304	-17.8	-10	-0.4	0.101	0.082	0.059	0.047	0.148	16.05	16.025	16.5	17.1	17.7	0.662
2026-01-04 21:00:00	-90.4313	30.701	0	14.428	12.575	88.835	101.292	1.294	29.15	0.465	22.15	0	0	1.153	0.16	0	0.292	0.298	0.315	0.354	0.304	-17.9	-10	-0.4	0.101	0.083	0.06	0.047	0.147	16.05	16.1	16.5	17.1	17.7	0.664
2026-01-04 22:00:00	-90.4313	30.701	0	13.922	12.625	89.023	101.295	1.301	12.1	0.452	38.7	0	0	1.042	0.158	0	0.292	0.298	0.315	0.354	0.304	-17.9	-10.075	-0.4	0.102	0.082	0.059	0.047	0.148	16.025	16.1	16.5	17.1	17.7	0.691
2026-01-04 23:00:00	-90.4313	30.701	0	13.463	12.475	90.304	101.312	1.307	0.725	0.405	197.05	0	0	0.953	0.138	0	0.292	0.298	0.315	0.354	0.304	-17.925	-10.1	-0.4	0.101	0.082	0.059	0.047	0.148	15.963	16.075	16.538	17.1	17.7	NA
2026-01-05 00:00:00	-90.4313	30.701	0	13.192	12.25	91.489	101.367	1.304	0	0.748	64.525	0	0	1.658	0.12	0	0.292	0.298	0.315	0.354	0.304	-18	-10.1	-0.4	0.101	0.082	0.058	0.047	0.148	15.875	16	16.512	17.1	17.7	NA
2026-01-05 01:00:00	-90.4313	30.701	0	13.102	12.025	92.945	101.32	1.306	0	0.275	167.975	0	0	0.94	0.098	0	0.292	0.298	0.315	0.354	0.304	-18	-10.1	-0.4	0.101	0.081	0.059	0.047	0.148	15.788	15.975	16.5	17.1	17.7	NA
2026-01-05 02:00:00	-90.4313	30.701	0	13.06	11.875	94.624	101.318	1.316	0	0.268	225.325	0	0	0.635	0.073	0	0.292	0.298	0.315	0.354	0.304	-18	-10.1	-0.4	0.101	0.082	0.059	0.047	0.148	15.7	15.9	16.5	17.1	17.7	NA
2026-01-05 03:00:00	-90.4313	30.701	0	13.005	11.8	95.436	101.365	1.321	0	0.78	197.5	0	0	1.372	0.06	0	0.292	0.298	0.315	0.354	0.304	-18	-10.2	-0.4	0.101	0.081	0.058	0.048	0.147	15.625	15.875	16.5	17.1	17.7	NA
2026-01-05 04:00:00	-90.4313	30.701	0	12.985	11.8	95.725	101.37	1.325	0	0.77	168.975	0	0	1.337	0.057	0	0.293	0.298	0.315	0.354	0.304	-17.95	-10.2	-0.4	0.101	0.081	0.059	0.047	0.148	15.588	15.8	16.5	17.1	17.7	NA
2026-01-05 05:00:00	-90.4313	30.701	0	12.942	11.8	96.05	101.34	1.329	0	0.765	201.85	0	0	1.532	0.053	0	0.292	0.298	0.315	0.354	0.304	-17.9	-10.2	-0.4	0.101	0.081	0.058	0.047	0.147	15.525	15.8	16.5	17.1	17.7	NA
2026-01-05 06:00:00	-90.4313	30.701	0	12.93	11.8	96.411	101.27	1.334	0	0.392	139.3	0	0	1.138	0.048	0	0.293	0.298	0.315	0.354	0.304	-17.9	-10.2	-0.4	0.102	0.08	0.058	0.047	0.148	15.488	15.7	16.412	17.05	17.7	NA
2026-01-05 07:00:00	-90.4313	30.701	0	12.957	11.8	96.917	101.243	1.341	0	0.358	262.175	0	0	0.818	0.04	0	0.293	0.298	0.315	0.354	0.304	-17.9	-10.2	-0.4	0.101	0.08	0.058	0.047	0.148	15.45	15.7	16.4	17.05	17.7	NA
2026-01-05 08:00:00	-90.4313	30.701	0	11.7	11.4	97.03	101.238	1.308	0	0.49	269.625	0	0	1.33	0.04	0	0.293	0.298	0.315	0.354	0.304	-17.9	-10.2	-0.4	0.101	0.08	0.058	0.047	0.148	15.412	15.675	16.4	17.05	17.7	NA
2026-01-05 09:00:00	-90.4313	30.701	0	9.948	10.2	97.62	101.208	1.215	0	0.467	143.325	0	0	0.843	0.032	0	0.293	0.298	0.315	0.354	0.304	-17.9	-10.3	-0.4	0.101	0.08	0.058	0.047	0.147	15.288	15.6	16.4	17.05	17.7	NA
2026-01-05 10:00:00	-90.4313	30.701	0	9.095	8.675	98.456	101.168	1.106	0	0.5	73.1	0	0	0.865	0.02	0	0.293	0.298	0.315	0.354	0.304	-17.925	-10.3	-0.425	0.099	0.08	0.058	0.047	0.147	15.088	15.475	16.362	17.05	17.7	NA
2026-01-05 11:00:00	-90.4313	30.701	0	8.555	7.95	98.388	101.172	1.052	0	0.405	50.15	0	0	0.975	0.018	0	0.293	0.298	0.315	0.354	0.304	-18	-10.3	-0.5	0.1	0.079	0.058	0.047	0.147	14.825	15.35	16.3	17.05	17.7	NA
2026-01-05 12:00:00	-90.4313	30.701	0	8.12	7.3	98.915	101.18	1.012	0	0.3	183.65	0	0	0.762	0.01	0	0.293	0.298	0.315	0.354	0.304	-18	-10.3	-0.5	0.101	0.078	0.058	0.048	0.147	14.588	15.175	16.287	17.05	17.7	NA
2026-01-05 13:00:00	-90.4313	30.701	0	8.355	6.975	98.575	101.222	0.986	6.225	0.268	109.7	0	0	0.605	0.015	0	0.293	0.298	0.315	0.354	0.304	-18	-10.3	-0.5	0.099	0.078	0.058	0.048	0.147	14.35	15.05	16.238	17.05	17.7	0.718
2026-01-05 14:00:00	-90.4313	30.701	0	11.01	8.75	98.589	101.27	1.115	31.825	0.465	48.15	0	0	0.94	0.015	0	0.293	0.298	0.315	0.354	0.304	-17.925	-10.3	-0.5	0.1	0.079	0.058	0.047	0.147	14.2	14.925	16.175	17.05	17.7	0.702
2026-01-05 15:00:00	-90.4313	30.701	0	15.043	11.975	99.596	101.355	1.397	95.1	0.557	74.025	0	0	1.6	0.007	0	0.293	0.298	0.315	0.354	0.304	-17.9	-10.35	-0.5	0.101	0.079	0.058	0.047	0.147	14.312	14.875	16.113	17.05	17.7	0.662
2026-01-05 16:00:00	-90.4313	30.701	0	18.262	15	94.136	101.385	1.606	167.25	0.89	141.7	0	0	2.442	0.1	0	0.293	0.298	0.315	0.353	0.304	-17.8	-10.4	-0.5	0.1	0.078	0.058	0.047	0.147	14.762	14.975	16.05	17.05	17.7	0.649
2026-01-05 17:00:00	-90.4313	30.701	0	20.672	17.175	85.678	101.34	1.678	210.7	1.307	189.775	0	0	2.89	0.282	0	0.292	0.298	0.315	0.353	0.304	-17.8	-10.4	-0.5	0.1	0.079	0.057	0.047	0.148	15.438	15.25	16.025	17.05	17.7	0.619
2026-01-05 18:00:00	-90.4313	30.701	0	22.02	18.425	80.414	101.248	1.705	247.575	1.78	221.1	0	0	4.22	0.41	0	0.292	0.298	0.315	0.353	0.304	-17.8	-10.4	-0.5	0.102	0.081	0.058	0.047	0.148	16.138	15.65	16	17.025	17.7	0.577
2026-01-05 19:00:00	-90.4313	30.701	0	22.582	19.075	75.829	101.155	1.674	165.3	1.527	220.85	0	0	3.817	0.535	0	0.291	0.298	0.315	0.353	0.304	-17.875	-10.4	-0.5	0.104	0.081	0.058	0.047	0.148	16.712	16	16.012	17	17.7	0.523
2026-01-05 20:00:00	-90.4313	30.701	0	23.585	20.325	70.948	101.08	1.692	198.05	1.292	219.4	0	0	3.1	0.69	0	0.291	0.297	0.315	0.353	0.304	-17.9	-10.4	-0.5	0.104	0.082	0.058	0.047	0.148	17.238	16.35	16.113	16.975	17.7	0.425
2026-01-05 21:00:00	-90.4313	30.701	0	20.502	20.45	67.713	101.048	1.628	72.125	1.297	210.45	0	0	2.965	0.772	0	0.29	0.297	0.315	0.353	0.304	-18.1	-10.4	-0.5	0.104	0.081	0.059	0.047	0.147	17.562	16.65	16.188	16.95	17.7	0.527
2026-01-05 22:00:00	-90.4313	30.701	0	19.065	19.825	70.739	101.045	1.636	49.45	0.875	196.775	0	0	1.998	0.68	0	0.29	0.297	0.315	0.353	0.304	-18.35	-10.4	-0.5	0.104	0.082	0.058	0.047	0.148	17.488	16.775	16.288	16.95	17.7	0.661
2026-01-05 23:00:00	-90.4313	30.701	0	14.15	16.35	81.908	101.048	1.522	1.475	0.397	70.2	0	0	0.792	0.342	0	0.29	0.297	0.315	0.353	0.304	-18.575	-10.475	-0.525	0.104	0.082	0.058	0.047	0.147	17.375	16.8	16.4	16.95	17.7	0.66
2026-01-06 00:00:00	-90.4313	30.701	0	12.78	13.725	90.452	101.045	1.42	0	0.338	112.7	0	0	1.102	0.148	0	0.29	0.297	0.315	0.353	0.304	-18.775	-10.5	-0.6	0.104	0.081	0.058	0.047	0.147	17.038	16.75	16.475	16.95	17.7	NA
2026-01-06 01:00:00	-90.4313	30.701	0	12.445	12.925	92.738	101.068	1.382	0	0.498	101.2	0	0	1.327	0.105	0	0.29	0.297	0.315	0.353	0.304	-18.9	-10.5	-0.6	0.103	0.082	0.059	0.048	0.148	16.7	16.6	16.55	16.95	17.7	NA
2026-01-06 02:00:00	-90.4313	30.701	0	12.278	12.75	94.916	101.075	1.399	0	0.422	91.425	0	0	1.208	0.075	0	0.29	0.297	0.315	0.353	0.304	-18.9	-10.525	-0.6	0.102	0.082	0.058	0.047	0.148	16.375	16.45	16.55	16.95	17.7	NA
2026-01-06 03:00:00	-90.4313	30.701	0	12.128	12.5	96.19	101.06	1.394	0	0.412	96.5	0	0	1.31	0.053	0	0.291	0.297	0.315	0.353	0.304	-18.9	-10.6	-0.6	0.102	0.081	0.059	0.047	0.148	16.125	16.275	16.6	16.95	17.7	NA
2026-01-06 04:00:00	-90.4313	30.701	0	13.155	12.65	97.132	101.065	1.422	0	0.342	174.425	0	0	1.367	0.04	0	0.291	0.297	0.315	0.353	0.304	-18.925	-10.6	-0.6	0.102	0.081	0.059	0.047	0.147	15.938	16.15	16.6	16.962	17.7	NA
2026-01-06 06:00:00	-90.4313	30.701	0	14.535	14.275	99.577	101.038	1.62	0	0.39	175.325	0	0	1.1	0.007	0	0.291	0.297	0.315	0.353	0.304	-18.9	-10.6	-0.6	0.102	0.08	0.059	0.048	0.148	15.85	16	16.55	17	17.7	NA
2026-01-06 07:00:00	-90.4313	30.701	0	14.47	14.175	99.899	101.023	1.616	0	0.308	153.775	0	0	0.74	0	0	0.291	0.297	0.315	0.353	0.304	-18.9	-10.675	-0.6	0.102	0.08	0.058	0.047	0.147	15.875	16	16.5	17	17.7	NA
2026-01-06 08:00:00	-90.4313	30.701	0	14.302	13.775	99.811	101	1.574	0	0.363	79.45	0	0	0.912	0	0	0.291	0.297	0.315	0.353	0.304	-18.9	-10.7	-0.6	0.102	0.081	0.058	0.048	0.148	15.9	16	16.5	17.012	17.7	NA
2026-01-06 09:00:00	-90.4313	30.701	0	14.412	13.7	99.94	101	1.568	0	0.382	140.925	0	0	1.085	0	0	0.291	0.297	0.315	0.353	0.304	-18.875	-10.7	-0.6	0.102	0.08	0.058	0.047	0.148	15.9	16	16.5	17.05	17.7	NA
2026-01-06 10:00:00	-90.4313	30.701	0	14.863	14.225	99.676	100.988	1.617	0	0.385	206.425	0	0	0.9	0	0	0.291	0.297	0.315	0.353	0.304	-18.825	-10.7	-0.6	0.102	0.08	0.058	0.048	0.149	15.9	16	16.5	17.05	17.7	NA
2026-01-06 11:00:00	-90.4313	30.701	0	14.948	14.525	99.948	101	1.655	0	0.63	211	0	0	1.655	0	0	0.291	0.297	0.315	0.353	0.304	-18.8	-10.7	-0.6	0.102	0.081	0.058	0.048	0.15	15.925	16	16.5	17.05	17.7	NA
2026-01-06 12:00:00	-90.4313	30.701	0	14.948	14.625	99.945	101.038	1.665	0	0.585	203.575	0	0	1.388	0	0	0.291	0.297	0.315	0.353	0.304	-18.7	-10.7	-0.7	0.102	0.08	0.058	0.048	0.15	15.95	16	16.5	17.05	17.7	NA
2026-01-06 13:00:00	-90.4313	30.701	0	15.383	14.875	99.842	101.058	1.689	5.35	0.735	211.975	0	0	1.888	0	0	0.291	0.297	0.315	0.353	0.303	-18.7	-10.7	-0.7	0.102	0.081	0.058	0.048	0.15	15.95	16	16.462	17.05	17.7	0.754
2026-01-06 14:00:00	-90.4313	30.701	0	16.958	15.225	99.9	101.078	1.73	62.275	1.06	211.175	0	0	2.625	0	0	0.291	0.297	0.315	0.353	0.303	-18.7	-10.8	-0.7	0.103	0.08	0.058	0.048	0.149	16.025	16	16.45	17.05	17.7	0.708
2026-01-06 15:00:00	-90.4313	30.701	0	19.808	17	99.895	101.095	1.938	148.25	1.515	216.225	0	0	3.288	0	0	0.291	0.297	0.314	0.352	0.303	-18.65	-10.775	-0.7	0.103	0.081	0.058	0.048	0.149	16.312	16.1	16.45	17.05	17.7	0.679
2026-01-06 16:00:00	-90.4313	30.701	0	22.102	20.25	96.198	101.1	2.284	132.15	1.398	232.275	0	0	2.915	0.088	0	0.29	0.297	0.314	0.352	0.303	-18.5	-10.8	-0.7	0.104	0.082	0.058	0.048	0.149	16.837	16.35	16.45	17.05	17.7	0.659
2026-01-06 17:00:00	-90.4313	30.701	0	24.038	22.575	86.819	101.042	2.375	186.4	2.12	238.4	0	0	4.862	0.362	0	0.29	0.297	0.314	0.352	0.303	-18.4	-10.8	-0.7	0.105	0.082	0.058	0.048	0.148	17.45	16.675	16.5	17.05	17.7	0.649
2026-01-06 18:00:00	-90.4313	30.701	0	27.195	23.95	77.217	100.915	2.296	316.95	2.717	233.375	0	0	5.768	0.677	0	0.289	0.296	0.314	0.352	0.303	-18.475	-10.75	-0.7	0.107	0.082	0.058	0.048	0.146	18.012	17.05	16.55	17.05	17.7	0.516
2026-01-06 19:00:00	-90.4313	30.701	0	25.61	23.975	71.735	100.808	2.138	199.175	2.44	235.725	0	0	5.977	0.838	0	0.288	0.296	0.314	0.352	0.303	-18.55	-10.8	-0.7	0.107	0.083	0.059	0.048	0.146	18.675	17.45	16.613	17.05	17.7	0.567
2026-01-06 20:00:00	-90.4313	30.701	0	23.028	23.625	71.597	100.773	2.088	70.15	1.415	237.7	0	0	3.478	0.828	0	0.288	0.296	0.314	0.352	0.303	-18.7	-10.8	-0.7	0.107	0.084	0.058	0.048	0.146	18.95	17.8	16.738	17.05	17.7	0.641
2026-01-06 21:00:00	-90.4313	30.701	0	22.848	23.775	72.38	100.76	2.13	56.875	1.238	227.425	0	0	2.312	0.812	0	0.288	0.296	0.314	0.352	0.303	-18.875	-10.8	-0.775	0.107	0.084	0.058	0.048	0.146	18.962	17.925	16.85	17.05	17.7	0.615
2026-01-06 22:00:00	-90.4313	30.701	0	22.152	23.725	72.689	100.758	2.133	42.4	0.917	224	0	0	1.84	0.797	0	0.287	0.296	0.314	0.352	0.303	-19.025	-10.95	-0.8	0.107	0.083	0.06	0.048	0.146	18.95	18	16.975	17.05	17.7	0.662
2026-01-06 23:00:00	-90.4313	30.701	0	18.43	21.25	79.041	100.77	1.993	3.1	0.515	143.425	0	0	1.085	0.537	0	0.287	0.296	0.314	0.352	0.303	-19.2	-11	-0.8	0.107	0.085	0.06	0.048	0.146	18.875	18	17.088	17.05	17.7	0.673
2026-01-07 00:00:00	-90.4313	30.701	0	17.725	20.225	81.611	100.798	1.934	0	0.955	193.775	0	0	1.742	0.432	0	0.287	0.296	0.314	0.352	0.303	-19.4	-11.1	-0.8	0.107	0.084	0.06	0.048	0.146	18.613	18	17.188	17.088	17.7	NA
2026-01-07 01:00:00	-90.4313	30.701	0	18.92	20.825	80.556	100.828	1.982	0	1.505	225.825	0	0	3.542	0.478	0	0.287	0.296	0.314	0.352	0.303	-19.5	-11.1	-0.8	0.106	0.084	0.06	0.048	0.146	18.362	17.9	17.262	17.1	17.7	NA
2026-01-07 02:00:00	-90.4313	30.701	0	17.803	20.05	83.26	100.867	1.953	0	1.172	216.375	0	0	2.808	0.39	0	0.287	0.296	0.314	0.352	0.303	-19.5	-11.1	-0.8	0.106	0.083	0.06	0.048	0.146	18.238	17.8	17.3	17.1	17.7	NA
2026-01-07 03:00:00	-90.4313	30.701	0	17.915	19.35	86.954	100.905	1.953	0	1.21	219.375	0	0	2.683	0.292	0	0.287	0.296	0.314	0.352	0.303	-19.55	-11.125	-0.8	0.106	0.083	0.06	0.048	0.147	18.062	17.75	17.35	17.137	17.7	NA
2026-01-07 04:00:00	-90.4313	30.701	0	17.178	18.65	90.817	100.912	1.952	0	1.085	217.275	0	0	2.025	0.198	0	0.287	0.296	0.314	0.352	0.303	-19.525	-11.2	-0.8	0.106	0.082	0.06	0.048	0.146	17.962	17.7	17.387	17.175	17.7	NA
2026-01-07 05:00:00	-90.4313	30.701	0	16.618	18	94.046	100.93	1.941	0	0.917	211.1	0	0	1.723	0.122	0	0.288	0.296	0.314	0.351	0.303	-19.5	-11.2	-0.8	0.106	0.082	0.06	0.048	0.147	17.837	17.6	17.4	17.2	17.7	NA
2026-01-07 06:00:00	-90.4313	30.701	0	16.227	16.95	97.099	100.96	1.876	0	0.455	208.775	0	0	0.76	0.057	0	0.288	0.296	0.314	0.351	0.303	-19.5	-11.2	-0.9	0.105	0.083	0.06	0.048	0.146	17.7	17.525	17.45	17.2	17.7	NA
2026-01-07 07:00:00	-90.4313	30.701	0	17.31	17.325	97.271	100.958	1.924	0	0.517	194.225	0	0	0.97	0.052	0	0.288	0.296	0.314	0.351	0.303	-19.5	-11.275	-0.9	0.104	0.082	0.06	0.048	0.146	17.6	17.45	17.45	17.212	17.725	NA
2026-01-07 08:00:00	-90.4313	30.701	0	16.945	17.4	98.33	100.938	1.954	0	0.708	230.625	0	0	1.442	0.032	0	0.288	0.297	0.314	0.351	0.303	-19.475	-11.3	-0.9	0.104	0.083	0.06	0.047	0.146	17.55	17.4	17.45	17.275	17.775	NA
2026-01-07 09:00:00	-90.4313	30.701	0	18.028	17.975	99.099	100.945	2.042	0	0.98	240.375	0	0	1.968	0.018	0	0.288	0.297	0.314	0.351	0.303	-19.4	-11.3	-0.9	0.104	0.083	0.06	0.048	0.146	17.55	17.4	17.412	17.3	17.8	NA
2026-01-07 10:00:00	-90.4313	30.701	0	18.355	18.35	99.437	100.942	2.098	0	1.242	234.825	0	0	2.652	0.013	0	0.288	0.297	0.314	0.351	0.303	-19.35	-11.3	-0.9	0.105	0.082	0.06	0.048	0.146	17.613	17.4	17.4	17.3	17.8	NA
2026-01-07 11:00:00	-90.4313	30.701	0	18.517	18.675	98.736	100.947	2.126	0	1.218	233.325	0	0	2.428	0.025	0	0.288	0.297	0.314	0.351	0.303	-19.3	-11.3	-0.9	0.106	0.082	0.06	0.048	0.146	17.688	17.4	17.4	17.3	17.8	NA
2026-01-07 12:00:00	-90.4313	30.701	0	18.52	18.625	98.928	101.005	2.123	0	1.143	228.425	0	0	2.435	0.025	0	0.288	0.297	0.314	0.351	0.303	-19.3	-11.4	-0.925	0.106	0.082	0.06	0.048	0.146	17.75	17.475	17.4	17.3	17.8	NA
2026-01-07 13:00:00	-90.4313	30.701	0	18.58	18.5	99.656	101.048	2.122	1.6	0.818	231.875	0	0	1.68	0.007	0	0.288	0.297	0.314	0.351	0.303	-19.3	-11.4	-1	0.106	0.083	0.06	0.048	0.148	17.825	17.5	17.425	17.375	17.8	0.791
2026-01-07 14:00:00	-90.4313	30.701	0	19.23	18.65	99.808	101.095	2.146	21.5	0.725	214.65	0	0	1.595	0	0	0.288	0.297	0.314	0.351	0.303	-19.25	-11.4	-1	0.106	0.082	0.06	0.048	0.148	17.863	17.525	17.45	17.4	17.8	0.724
2026-01-07 15:00:00	-90.4313	30.701	0	20.812	19.35	99.624	101.13	2.238	77.975	0.82	225.575	0	0	1.61	0.007	0	0.288	0.297	0.314	0.351	0.303	-19.1	-11.4	-1	0.106	0.083	0.06	0.048	0.148	18.012	17.6	17.45	17.4	17.8	0.694
2026-01-07 16:00:00	-90.4313	30.701	0	21.705	20.375	95.917	101.142	2.295	106.725	1.317	221.75	0	0	2.975	0.1	0	0.287	0.297	0.314	0.35	0.303	-19.1	-11.4	-1	0.106	0.083	0.06	0.048	0.147	18.288	17.75	17.45	17.4	17.8	0.674
2026-01-07 17:00:00	-90.4313	30.701	0	24.148	21.925	88.699	101.108	2.333	214.95	1.668	227.95	0	0	3.812	0.302	0	0.287	0.297	0.314	0.35	0.303	-19.025	-11.4	-1	0.106	0.083	0.06	0.048	0.146	18.675	17.925	17.462	17.4	17.8	0.638
2026-01-07 18:00:00	-90.4313	30.701	0	24.815	22.625	85.146	101.037	2.338	188.375	0.948	279.65	0	0	2.498	0.408	0	0.286	0.297	0.314	0.35	0.303	-19.025	-11.4	-1.025	0.107	0.084	0.06	0.048	0.147	19.137	18.2	17.55	17.4	17.8	0.585
2026-01-07 19:00:00	-90.4313	30.701	0	24.972	23.275	79.416	100.96	2.268	149.75	1.245	237.375	0	0	2.615	0.58	0	0.286	0.297	0.314	0.35	0.303	-19.15	-11.4	-1.1	0.108	0.083	0.06	0.048	0.147	19.475	18.45	17.588	17.4	17.8	0.562
2026-01-07 20:00:00	-90.4313	30.701	0	23.258	23.225	77.178	100.92	2.198	78.225	0.752	259.825	0	0	2.03	0.65	0	0.286	0.297	0.314	0.35	0.303	-19.225	-11.475	-1.1	0.108	0.083	0.06	0.048	0.147	19.712	18.65	17.675	17.475	17.8	0.603
2026-01-07 21:00:00	-90.4313	30.701	0	23.485	24.2	71.488	100.892	2.159	77.375	1.712	231.475	0	0	4.028	0.86	0	0.285	0.297	0.314	0.35	0.303	-19.375	-11.5	-1.1	0.108	0.084	0.06	0.048	0.147	19.7	18.775	17.775	17.5	17.8	0.599
2026-01-07 22:00:00	-90.4313	30.701	0	22.123	23.275	75.222	100.895	2.149	38.6	0.905	227.125	0	0	1.998	0.703	0	0.285	0.297	0.314	0.35	0.303	-19.525	-11.5	-1.1	0.108	0.083	0.061	0.048	0.146	19.662	18.8	17.85	17.5	17.8	0.671
2026-01-07 23:00:00	-90.4313	30.701	0	18.175	20.725	82.801	100.925	2.022	2.375	0.455	114.525	0	0	1.11	0.425	0	0.285	0.297	0.314	0.35	0.303	-19.625	-11.55	-1.125	0.108	0.083	0.061	0.048	0.146	19.575	18.8	17.925	17.5	17.8	0.688
2026-01-08 00:00:00	-90.4313	30.701	0	16.47	17.925	91.766	100.94	1.885	0	0.202	120.275	0	0	0.49	0.17	0	0.285	0.297	0.314	0.35	0.303	-19.775	-11.6	-1.2	0.107	0.083	0.061	0.048	0.146	19.275	18.75	18	17.5	17.8	NA
2026-01-08 01:00:00	-90.4313	30.701	0	16.005	16.675	94.932	100.952	1.802	0	0.222	137.325	0	0	0.537	0.095	0	0.285	0.297	0.314	0.35	0.303	-19.85	-11.6	-1.2	0.107	0.082	0.06	0.048	0.146	18.962	18.6	18.062	17.525	17.8	NA
2026-01-08 02:00:00	-90.4313	30.701	0	16.233	16.675	95.54	100.975	1.813	0	0.342	145.775	0	0	0.84	0.085	0	0.285	0.297	0.314	0.35	0.303	-19.9	-11.675	-1.2	0.107	0.083	0.06	0.048	0.147	18.65	18.45	18.1	17.588	17.8	NA
2026-01-08 03:00:00	-90.4313	30.701	0	15.863	16.75	96.671	100.982	1.844	0	0.305	153.5	0	0	0.782	0.062	0	0.286	0.297	0.314	0.35	0.302	-19.9	-11.7	-1.2	0.106	0.083	0.06	0.048	0.146	18.438	18.3	18.1	17.6	17.8	NA
2026-01-08 04:00:00	-90.4313	30.701	0	15.45	16.425	97.9	100.972	1.829	0	0.278	128.675	0	0	0.718	0.04	0	0.286	0.297	0.314	0.35	0.302	-19.9	-11.7	-1.25	0.107	0.083	0.06	0.048	0.146	18.225	18.175	18.088	17.6	17.8	NA
2026-01-08 05:00:00	-90.4313	30.701	0	15.16	15.7	98.864	100.945	1.764	0	0.388	146.925	0	0	1.27	0.02	0	0.286	0.297	0.314	0.35	0.302	-19.9	-11.725	-1.3	0.107	0.083	0.06	0.048	0.147	18.062	18.05	18.05	17.637	17.8	NA
2026-01-08 06:00:00	-90.4313	30.701	0	14.965	15.325	99.031	100.905	1.725	0	0.445	157.975	0	0	1.258	0.018	0	0.286	0.297	0.314	0.35	0.302	-19.9	-11.8	-1.3	0.106	0.082	0.059	0.048	0.147	17.887	17.925	18.05	17.675	17.8	NA
2026-01-08 07:00:00	-90.4313	30.701	0	14.852	14.95	98.92	100.91	1.682	0	0.305	195.75	0	0	0.912	0.02	0	0.286	0.297	0.314	0.35	0.302	-19.9	-11.8	-1.3	0.105	0.082	0.059	0.048	0.146	17.738	17.825	18.038	17.7	17.9	NA
2026-01-08 08:00:00	-90.4313	30.701	0	16.407	15.775	98.844	100.927	1.772	0	0.363	152.675	0	0	1.37	0.02	0	0.286	0.297	0.314	0.35	0.302	-19.875	-11.8	-1.3	0.105	0.082	0.06	0.048	0.147	17.613	17.7	17.988	17.7	17.9	NA
2026-01-08 09:00:00	-90.4313	30.701	0	17.273	16.925	99.681	100.94	1.924	0	0.547	225.5	0	0	1.155	0.005	0	0.286	0.298	0.314	0.35	0.302	-19.8	-11.8	-1.4	0.105	0.082	0.059	0.048	0.147	17.625	17.625	17.95	17.7	17.9	NA
2026-01-08 10:00:00	-90.4313	30.701	0	16.843	16.8	99.734	100.947	1.909	0	0.305	135.35	0	0	0.925	0	0	0.287	0.298	0.314	0.35	0.302	-19.725	-11.85	-1.4	0.106	0.082	0.06	0.048	0.147	17.65	17.6	17.9	17.75	17.9	NA
2026-01-08 11:00:00	-90.4313	30.701	0	16.57	16.175	99.967	100.932	1.84	0	0.342	167.675	0	0	1.082	0	0	0.287	0.298	0.314	0.35	0.302	-19.7	-11.9	-1.4	0.106	0.083	0.06	0.048	0.148	17.65	17.6	17.9	17.75	17.9	NA
2026-01-08 12:00:00	-90.4313	30.701	0	17.02	16.55	99.895	100.938	1.882	0	0.335	141.75	0	0	0.775	0	0	0.287	0.298	0.313	0.35	0.302	-19.7	-11.9	-1.4	0.106	0.082	0.06	0.048	0.148	17.65	17.6	17.863	17.788	17.9	NA
2026-01-08 13:00:00	-90.4313	30.701	0	18.11	17.725	99.782	100.925	2.025	3.075	0.445	149.25	0	0	1.21	0.002	0	0.287	0.298	0.313	0.349	0.302	-19.7	-11.9	-1.425	0.106	0.082	0.06	0.048	0.147	17.675	17.6	17.85	17.8	17.9	0.828
2026-01-08 14:00:00	-90.4313	30.701	0	19.48	18.725	99.951	100.935	2.16	26.75	0.71	199.2	0	0	3.23	0	0	0.287	0.298	0.313	0.349	0.302	-19.6	-11.9	-1.5	0.107	0.083	0.06	0.048	0.147	17.788	17.625	17.812	17.8	17.9	0.757
2026-01-08 15:00:00	-90.4313	30.701	0	20.945	19.75	99.872	101	2.301	63.1	1.005	214.025	0	0	3.248	0	0	0.286	0.298	0.313	0.349	0.302	-19.5	-11.9	-1.5	0.107	0.082	0.06	0.048	0.148	18.05	17.725	17.8	17.8	17.9	0.71
2026-01-08 16:00:00	-90.4313	30.701	0	22.725	21.6	96.869	101.002	2.499	126.475	1.547	207.5	0	0	4.928	0.08	0	0.286	0.298	0.313	0.349	0.302	-19.4	-11.9	-1.525	0.107	0.083	0.06	0.048	0.148	18.4	17.9	17.8	17.8	17.9	0.668
2026-01-08 17:00:00	-90.4313	30.701	0	24.715	23.7	84.469	100.963	2.473	180.075	1.908	201.025	0	0	5.36	0.455	0	0.285	0.298	0.313	0.349	0.302	-19.4	-11.9	-1.6	0.107	0.083	0.06	0.048	0.147	18.875	18.125	17.85	17.8	17.9	0.636
2026-01-08 18:00:00	-90.4313	30.701	0	24.773	24.225	76.903	100.828	2.326	157.7	1.792	198.975	0	0	4.827	0.7	0	0.285	0.297	0.313	0.349	0.302	-19.45	-11.925	-1.6	0.108	0.082	0.059	0.048	0.146	19.337	18.425	17.85	17.8	17.9	0.626
2026-01-08 19:00:00	-90.4313	30.701	0	26.157	24.775	70.941	100.768	2.218	206	2.15	200.125	0	0	5.745	0.905	0	0.284	0.297	0.313	0.349	0.302	-19.6	-12	-1.65	0.108	0.083	0.06	0.048	0.146	19.663	18.675	17.938	17.8	17.9	0.585
2026-01-08 20:00:00	-90.4313	30.701	0	24.02	24.3	71.781	100.738	2.181	93.075	1.75	201.375	0	0	5.373	0.853	0	0.284	0.297	0.313	0.349	0.302	-19.725	-12	-1.7	0.107	0.082	0.06	0.048	0.147	19.938	18.9	17.988	17.8	17.9	0.651
2026-01-08 21:00:00	-90.4313	30.701	0	23.128	23.95	72.942	100.735	2.17	65.6	1.505	191.725	0	0	4.232	0.802	0	0.284	0.297	0.313	0.349	0.302	-19.9	-12	-1.7	0.108	0.082	0.06	0.048	0.147	19.975	19.05	18.088	17.8	17.925	0.655
2026-01-08 22:00:00	-90.4313	30.701	0	22.282	23.55	73.944	100.755	2.148	42.5	1.252	193.225	0	0	4.268	0.75	0	0.283	0.297	0.313	0.348	0.302	-20.075	-12.025	-1.7	0.107	0.082	0.06	0.048	0.146	19.938	19.1	18.175	17.8	18	0.667
2026-01-08 23:00:00	-90.4313	30.701	0	20.348	22.475	76.322	100.788	2.077	1.675	1.072	191.8	0	0	3.492	0.645	0	0.283	0.297	0.313	0.349	0.302	-20.3	-12.1	-1.75	0.108	0.082	0.06	0.048	0.146	19.8	19.1	18.25	17.838	18	0.664
2026-01-09 00:00:00	-90.4313	30.701	0	19.965	21.825	79.262	100.838	2.073	0	1.112	198.95	0	0	3.195	0.542	0	0.283	0.297	0.313	0.349	0.302	-20.475	-12.1	-1.8	0.108	0.083	0.06	0.049	0.146	19.6	19.05	18.312	17.863	18	NA
2026-01-09 01:00:00	-90.4313	30.701	0	19.575	21.45	82.084	100.878	2.098	0	0.887	177.025	0	0	2.532	0.458	0	0.284	0.297	0.313	0.348	0.302	-20.6	-12.175	-1.875	0.108	0.082	0.06	0.048	0.146	19.425	18.975	18.387	17.9	18	NA
2026-01-09 02:00:00	-90.4313	30.701	0	19.472	20.95	85.608	100.9	2.122	0	0.61	137.2	0	0	1.98	0.355	0	0.284	0.297	0.313	0.348	0.302	-20.6	-12.2	-1.9	0.108	0.082	0.06	0.048	0.146	19.287	18.9	18.4	17.9	18	NA
2026-01-09 03:00:00	-90.4313	30.701	0	19.337	20.575	88.904	100.91	2.154	0	0.657	152.525	0	0	1.963	0.265	0	0.284	0.297	0.313	0.348	0.302	-20.6	-12.2	-1.9	0.107	0.082	0.06	0.048	0.146	19.188	18.825	18.412	17.9	18	NA
2026-01-09 04:00:00	-90.4313	30.701	0	19.17	20.45	91.438	100.942	2.198	0	0.625	173.45	0	0	1.985	0.208	0	0.284	0.297	0.313	0.348	0.302	-20.6	-12.275	-2	0.108	0.082	0.06	0.048	0.146	19.125	18.8	18.45	17.925	18	NA
2026-01-09 05:00:00	-90.4313	30.701	0	19.273	20.2	93.479	100.948	2.213	0	0.515	145.85	0	0	1.51	0.148	0	0.284	0.297	0.313	0.348	0.302	-20.6	-12.3	-2.05	0.108	0.082	0.06	0.048	0.146	19.062	18.725	18.45	17.95	18	NA
2026-01-09 06:00:00	-90.4313	30.701	0	19.07	20.075	94.971	100.91	2.231	0	0.615	144.275	0	0	2.328	0.112	0	0.284	0.297	0.313	0.348	0.302	-20.6	-12.3	-2.05	0.108	0.083	0.06	0.049	0.146	19.025	18.7	18.45	17.988	18	NA
2026-01-09 07:00:00	-90.4313	30.701	0	19.553	20.2	96.423	100.898	2.283	0	0.623	184.825	0	0	2.398	0.085	0	0.284	0.297	0.313	0.348	0.302	-20.6	-12.325	-2.075	0.107	0.082	0.06	0.048	0.146	19	18.7	18.45	18	18	NA
2026-01-09 08:00:00	-90.4313	30.701	0	20.312	20.75	96.351	100.898	2.36	0	0.863	204.675	0	0	3.143	0.09	0	0.284	0.297	0.313	0.348	0.302	-20.6	-12.325	-2.1	0.107	0.082	0.06	0.048	0.146	19.025	18.7	18.45	18	18	NA
2026-01-09 09:00:00	-90.4313	30.701	0.579	20.392	20.775	97.031	100.882	2.38	0	0.76	201.3	5	0.25	2.657	0.078	0	0.284	0.297	0.313	0.348	0.302	-20.525	-12.4	-2.15	0.108	0.083	0.06	0.048	0.148	19.062	18.7	18.45	18.025	18	NA
2026-01-09 10:00:00	-90.4313	30.701	1.837	20.36	20.575	98.956	100.888	2.398	0	0.388	153.25	3	0.25	1.315	0.025	0.044	0.286	0.297	0.312	0.348	0.302	-20.325	-12.4	-2.2	0.108	0.084	0.06	0.048	0.149	19.15	18.725	18.45	18.05	18	NA
2026-01-09 11:00:00	-90.4313	30.701	11.668	20.67	20.65	99.655	100.87	2.426	0	0.797	209.2	8.75	6.75	2.1	0.005	0.026	0.287	0.318	0.32	0.347	0.302	-14.7	-10.125	-2.275	0.108	0.097	0.074	0.048	0.148	19.25	18.9	18.462	18.05	18	NA
2026-01-09 12:00:00	-90.4313	30.701	24.123	20.45	20.3	99.843	100.915	2.379	0	0.953	246.825	0.5	3	2.245	0	0.007	0.408	0.369	0.353	0.385	0.34	-0.275	-0.2	-0.2	0.143	0.13	0.114	0.083	0.155	20.163	19.775	19.362	18.775	18	NA
2026-01-09 13:00:00	-90.4313	30.701	0	21.067	21	99.856	100.98	2.484	0.375	1.19	210.625	4.25	0.5	2.89	0	0	0.383	0.358	0.35	0.386	0.392	-0.3	-0.3	-0.1	0.149	0.115	0.112	0.084	0.166	20.188	19.775	19.7	19.238	18.1	0.854
2026-01-09 14:00:00	-90.4313	30.701	0	21.845	21.375	99.91	101.025	2.543	37.175	1.45	217.1	0	0	3.31	0	0	0.343	0.35	0.334	0.384	0.393	-0.3	-0.3	-0.1	0.155	0.108	0.116	0.085	0.174	20.162	19.625	19.512	19.062	18.1	0.74
2026-01-09 15:00:00	-90.4313	30.701	0	22.682	21.75	99.895	101.072	2.604	67.5	1.768	219.775	0	0	4.5	0	0	0.334	0.33	0.332	0.382	0.393	-0.3	-0.3	-0.1	0.155	0.112	0.117	0.086	0.174	20.3	19.675	19.375	18.9	18.15	0.71
2026-01-09 16:00:00	-90.4313	30.701	0	23.823	22.65	99.909	101.1	2.75	117.725	1.822	218.075	0	0	4.892	0.002	0	0.33	0.328	0.33	0.381	0.393	-0.3	-0.3	-0.1	0.153	0.111	0.118	0.085	0.173	20.512	19.75	19.312	18.8	18.2	0.688
