2026-01-01 06:00:00	-91.1636	30.3734	0	3.717	6.175	75.743	102.168	0.717	0	0.71	225.125	0	0	1.952	0.228	0	0.409	0.379	0.41	0.406	0.413	-0.1	-0.1	-0.1	2.096	2.368	2.106	3.115	2.207	11.6	12.725	12.988	16.15	18.5	NA
2026-01-01 07:00:00	-91.1636	30.3734	0	3.49	6.375	75.498	102.112	0.724	0	1.008	215.575	0	0	1.795	0.232	0	0.408	0.379	0.41	0.406	0.413	-0.1	-0.1	-0.1	2.1	2.368	2.104	3.111	2.209	11.488	12.625	12.912	16.15	18.5	NA
2026-01-01 08:00:00	-91.1636	30.3734	0	3.38	5.775	78.734	102.095	0.724	0	0.475	213.375	0	0	1.218	0.198	0	0.408	0.378	0.409	0.406	0.413	-0.1	-0.1	-0.1	2.101	2.367	2.105	3.113	2.208	11.375	12.55	12.812	16.1	18.5	NA
2026-01-01 09:00:00	-91.1636	30.3734	0	2.675	5.05	81.035	102.068	0.71	0	0.298	296.7	0	0	0.667	0.168	0	0.408	0.378	0.409	0.406	0.413	-0.1	-0.1	-0.1	2.1	2.367	2.105	3.114	2.209	11.238	12.45	12.738	16.088	18.5	NA
2026-01-01 10:00:00	-91.1636	30.3734	0	2.445	4.35	86.1	102.055	0.718	0	0.415	296.65	0	0	0.715	0.117	0	0.408	0.378	0.409	0.406	0.413	-0.1	-0.1	-0.1	2.102	2.364	2.104	3.112	2.205	11.125	12.375	12.662	16.05	18.5	NA
2026-01-01 11:00:00	-91.1636	30.3734	0	1.378	2.8	90.655	102.025	0.677	0	0.62	267.225	0	0	0.825	0.07	0	0.408	0.378	0.409	0.406	0.413	-0.1	-0.1	-0.1	2.101	2.364	2.105	3.113	2.207	11.025	12.275	12.588	16.05	18.5	NA
2026-01-01 12:00:00	-91.1636	30.3734	0	1.068	2.425	92.981	102.01	0.676	0	0.52	270.6	0	0	0.733	0.05	0	0.408	0.378	0.409	0.406	0.413	-0.1	-0.1	-0.1	2.103	2.365	2.104	3.114	2.209	10.912	12.2	12.5	16.012	18.5	NA
2026-01-01 13:00:00	-91.1636	30.3734	0	1.59	2.4	94.823	102.023	0.689	16.725	0.745	268.425	0	0	0.99	0.04	0	0.408	0.378	0.409	0.406	0.413	-0.1	-0.1	-0.1	2.105	2.364	2.106	3.115	2.208	10.8	12.1	12.412	16	18.5	0.136
2026-01-01 14:00:00	-91.1636	30.3734	0	7.88	7.275	99.679	102.14	1.025	160.55	0.795	268.9	0	0	1.37	0.002	0	0.408	0.378	0.409	0.406	0.413	-0.1	-0.1	-0.1	2.105	2.362	2.104	3.116	2.207	10.75	12	12.338	15.95	18.425	0.276
2026-01-01 15:00:00	-91.1636	30.3734	0	14.37	11.95	89.73	102.235	1.251	321.075	2.232	288.8	0	0	4.032	0.152	0	0.408	0.378	0.409	0.406	0.413	-0.1	-0.1	-0.1	2.1	2.362	2.105	3.113	2.209	10.787	12	12.275	15.95	18.4	0.317
2026-01-01 16:00:00	-91.1636	30.3734	0	18.64	14.875	70.969	102.245	1.197	458.375	3.237	294.225	0	0	5.808	0.493	0	0.408	0.378	0.409	0.405	0.413	-0.1	-0.1	-0.1	2.091	2.363	2.106	3.113	2.206	11.037	12.1	12.2	15.912	18.4	0.3
2026-01-01 17:00:00	-91.1636	30.3734	0	22.927	17.55	56.743	102.15	1.137	547.5	2.582	270.65	0	0	4.36	0.873	0	0.408	0.378	0.409	0.405	0.413	-0.1	-0.1	-0.1	2.083	2.368	2.108	3.119	2.205	11.463	12.3	12.275	15.875	18.4	0.285
2026-01-01 18:00:00	-91.1636	30.3734	0	24.958	19.425	48.055	102	1.083	575.1	2.732	258.025	0	0	5.005	1.17	0	0.407	0.378	0.409	0.405	0.413	-0.1	-0.1	-0.1	2.079	2.371	2.115	3.123	2.205	12	12.6	12.388	15.85	18.4	0.279
2026-01-01 19:00:00	-91.1636	30.3734	0	25.065	20.475	42.656	101.86	1.027	480.4	3.082	256.675	0	0	5.535	1.382	0	0.407	0.378	0.409	0.404	0.413	-0.1	-0.1	-0.1	2.075	2.375	2.121	3.123	2.205	12.55	12.925	12.562	15.812	18.4	0.27
2026-01-01 20:00:00	-91.1636	30.3734	0	24.265	20.9	41.284	101.792	1.02	385.55	3.163	260.325	0	0	5.65	1.448	0	0.407	0.378	0.409	0.405	0.413	-0.1	-0.1	-0.1	2.072	2.381	2.123	3.122	2.206	13.025	13.2	12.8	15.8	18.4	0.257
2026-01-01 21:00:00	-91.1636	30.3734	0	22.032	20.675	42.659	101.745	1.04	268.525	2.918	256.325	0	0	5.215	1.402	0	0.407	0.378	0.409	0.405	0.413	-0.1	-0.1	-0.1	2.075	2.382	2.128	3.122	2.206	13.338	13.425	13.012	15.762	18.4	0.262
2026-01-01 22:00:00	-91.1636	30.3734	0	18.055	19.05	45.305	101.738	0.998	100.65	2.3	253.225	0	0	4.088	1.208	0	0.407	0.378	0.409	0.405	0.413	-0.1	-0.1	-0.1	2.077	2.383	2.13	3.122	2.206	13.525	13.575	13.238	15.75	18.4	0.296
2026-01-01 23:00:00	-91.1636	30.3734	0	11.965	15.1	55.475	101.755	0.952	6.25	1.078	235.825	0	0	1.595	0.767	0	0.407	0.378	0.409	0.405	0.413	-0.1	-0.1	-0.1	2.083	2.383	2.131	3.123	2.206	13.512	13.625	13.4	15.712	18.4	0.362
2026-01-02 00:00:00	-91.1636	30.3734	0	10.088	13.275	60.995	101.75	0.929	0	0.95	216.575	0	0	2.175	0.595	0	0.406	0.378	0.409	0.404	0.413	-0.1	-0.1	-0.1	2.091	2.383	2.128	3.125	2.206	13.35	13.625	13.475	15.7	18.4	NA
2026-01-02 01:00:00	-91.1636	30.3734	0	9.698	12.075	72.135	101.742	1.016	0	1.23	241.525	0	0	1.797	0.392	0	0.406	0.378	0.409	0.404	0.413	-0.1	-0.1	-0.1	2.095	2.382	2.126	3.128	2.207	13.175	13.575	13.538	15.662	18.375	NA
2026-01-02 02:00:00	-91.1636	30.3734	0	9.68	11.825	78.587	101.73	1.09	0	1.07	237.85	0	0	1.82	0.298	0	0.406	0.378	0.409	0.404	0.413	-0.1	-0.1	-0.1	2.098	2.379	2.123	3.129	2.208	13.012	13.5	13.512	15.65	18.3	NA
2026-01-02 03:00:00	-91.1636	30.3734	0	10.105	11.825	83.174	101.712	1.153	0	1.185	222.775	0	0	2.12	0.232	0	0.406	0.378	0.409	0.404	0.413	-0.1	-0.1	-0.1	2.1	2.379	2.122	3.13	2.207	12.875	13.4	13.5	15.65	18.3	NA
2026-01-02 04:00:00	-91.1636	30.3734	0	10.358	11.775	85.665	101.688	1.184	0	0.948	232.85	0	0	1.522	0.195	0	0.406	0.378	0.409	0.404	0.413	-0.1	-0.1	-0.1	2.101	2.376	2.122	3.132	2.207	12.817	13.4	13.45	15.65	18.3	NA
2026-01-02 06:00:00	-91.1636	30.3734	0	9.037	10.725	89.067	101.558	1.148	0	0.672	232.45	0	0	1.535	0.143	0	0.406	0.378	0.409	0.404	0.412	-0.1	-0.1	-0.1	2.104	2.372	2.119	3.134	2.208	12.688	13.3	13.4	15.65	18.3	NA
2026-01-02 07:00:00	-91.1636	30.3734	0	8.562	9.725	91.797	101.512	1.106	0	0.397	256.65	0	0	1.062	0.1	0	0.405	0.378	0.409	0.404	0.412	-0.1	-0.1	-0.1	2.104	2.372	2.12	3.134	2.205	12.638	13.275	13.375	15.65	18.3	NA
2026-01-02 08:00:00	-91.1636	30.3734	0	8.915	9.425	93.71	101.48	1.107	0	0.485	268.275	0	0	0.897	0.073	0	0.405	0.378	0.409	0.404	0.412	-0.1	-0.1	-0.1	2.105	2.373	2.121	3.134	2.207	12.55	13.2	13.338	15.65	18.3	NA
2026-01-02 09:00:00	-91.1636	30.3734	0	9.232	10.125	93.198	101.412	1.154	0	0.392	173.625	0	0	1.105	0.082	0	0.405	0.378	0.409	0.404	0.412	-0.1	-0.1	-0.1	2.106	2.373	2.116	3.135	2.204	12.525	13.2	13.3	15.65	18.3	NA
2026-01-02 10:00:00	-91.1636	30.3734	0	11.492	11.925	89.808	101.36	1.254	0	0.662	197.125	0	0	1.822	0.145	0	0.405	0.378	0.409	0.404	0.412	-0.1	-0.1	-0.1	2.106	2.373	2.117	3.135	2.207	12.475	13.2	13.288	15.65	18.3	0.335
2026-01-02 11:00:00	-91.1636	30.3734	0	12.645	13.225	86.615	101.325	1.316	0	1.038	190.525	0	0	2.65	0.205	0	0.405	0.378	0.409	0.404	0.412	-0.1	-0.1	-0.1	2.102	2.373	2.118	3.135	2.206	12.525	13.2	13.25	15.65	18.3	0.307
2026-01-02 12:00:00	-91.1636	30.3734	0	12.87	13.3	86.371	101.318	1.319	0	1.555	197.35	0	0	3.192	0.208	0	0.405	0.378	0.408	0.404	0.412	-0.1	-0.1	-0.1	2.102	2.373	2.118	3.132	2.206	12.6	13.2	13.25	15.65	18.225	0.312
2026-01-02 13:00:00	-91.1636	30.3734	0	13.365	13.475	88.184	101.31	1.362	12.5	1.475	189.675	0	0	2.92	0.182	0	0.405	0.378	0.408	0.403	0.412	-0.1	-0.1	-0.1	2.101	2.375	2.118	3.137	2.205	12.675	13.2	13.25	15.625	18.2	0.498
