2026-01-01 06:00:00	-90.3766	30.5044	0	2.375	3.575	80.462	102.115	0.635	0	0.402	185.475	0	0	0.812	0.158	0	0.277	0.278	0.296	0.301	0.263	-1.5	-0.3	-2	0.021	0.042	0.123	0.135	0.006	9.775	10.45	11.925	14.35	17.7	NA
2026-01-01 07:00:00	-90.3766	30.5044	0	2.265	3.5	83.187	102.08	0.653	0	0.44	194.9	0	0	0.71	0.135	0	0.277	0.278	0.296	0.301	0.263	-1.5	-0.3	-2	0.019	0.04	0.122	0.134	0.005	9.475	10.2	11.75	14.35	17.675	NA
2026-01-01 08:00:00	-90.3766	30.5044	0	1.75	2.25	88.502	102.06	0.636	0	0.428	55.125	0	0	0.67	0.082	0	0.277	0.278	0.296	0.301	0.263	-1.6	-0.35	-2	0.019	0.04	0.122	0.134	0.005	9.238	9.95	11.575	14.312	17.6	NA
2026-01-01 09:00:00	-90.3766	30.5044	0	1.385	1.475	90.674	102.035	0.616	0	0.305	66.9	0	0	0.552	0.062	0	0.277	0.277	0.296	0.301	0.263	-1.6	-0.4	-2	0.02	0.038	0.122	0.134	0.006	8.975	9.7	11.363	14.275	17.6	NA
2026-01-01 10:00:00	-90.3766	30.5044	0	1.03	0.675	92.756	102.01	0.595	0	0.195	264.1	0	0	0.358	0.045	0	0.277	0.277	0.296	0.301	0.263	-1.6	-0.4	-2	0.019	0.038	0.121	0.134	0.006	8.725	9.5	11.2	14.2	17.6	NA
2026-01-01 11:00:00	-90.3766	30.5044	0	0.83	0.125	93.33	101.985	0.575	0	0.235	107.4	0	0	0.412	0.04	0	0.277	0.277	0.296	0.301	0.263	-1.6	-0.4	-2	0.018	0.039	0.121	0.134	0.007	8.488	9.3	11.025	14.162	17.575	NA
2026-01-01 12:00:00	-90.3766	30.5044	0	0.672	0.05	94.328	101.99	0.578	0	0.202	18.55	0	0	0.375	0.035	0	0.277	0.277	0.296	0.301	0.263	-1.625	-0.4	-2.075	0.016	0.038	0.12	0.133	0.007	8.287	9.1	10.85	14.088	17.5	NA
2026-01-01 13:00:00	-90.3766	30.5044	0	1.218	0.2	95.374	101.988	0.591	19.15	0.235	262.7	0	0	0.52	0.028	0	0.277	0.277	0.296	0.301	0.263	-1.7	-0.4	-2.1	0.016	0.036	0.121	0.134	0.006	8.113	8.9	10.688	14	17.5	0.532
2026-01-01 14:00:00	-90.3766	30.5044	0	6.697	4.575	99.727	102.082	0.852	171.075	0.283	40.9	0	0	0.69	0	0	0.276	0.277	0.296	0.301	0.263	-1.7	-0.4	-2.1	0.016	0.036	0.12	0.134	0.007	7.987	8.75	10.525	13.938	17.5	0.522
2026-01-01 15:00:00	-90.3766	30.5044	0	12.678	10.275	87.981	102.202	1.097	333.5	1.47	248.175	0	0	3.185	0.16	0	0.276	0.277	0.296	0.301	0.263	-1.65	-0.4	-2.1	0.019	0.037	0.12	0.134	0.006	8.2	8.875	10.412	13.863	17.45	0.5
2026-01-01 16:00:00	-90.3766	30.5044	0	17.222	14.575	67.574	102.225	1.118	471.475	2.755	280.725	0	0	5.485	0.542	0	0.275	0.277	0.296	0.301	0.263	-1.6	-0.4	-2.1	0.022	0.038	0.12	0.134	0.006	9.037	9.35	10.412	13.788	17.4	0.488
2026-01-01 17:00:00	-90.3766	30.5044	0	20.652	17.275	53.847	102.128	1.06	560.45	2.562	260.7	0	0	4.932	0.912	0	0.274	0.276	0.296	0.301	0.263	-1.6	-0.4	-2.1	0.026	0.04	0.121	0.133	0.005	10.25	10.175	10.638	13.712	17.4	0.48
2026-01-01 18:00:00	-90.3766	30.5044	0	22.212	18.975	45.84	101.99	1.006	580.15	2.9	252.45	0	0	5.455	1.188	0	0.272	0.275	0.296	0.302	0.263	-1.675	-0.4	-2.1	0.027	0.044	0.121	0.133	0.006	11.475	11	11.012	13.65	17.4	0.466
2026-01-01 19:00:00	-90.3766	30.5044	0	22.785	19.875	43.053	101.858	0.999	536.05	2.895	248.6	0	0	5.72	1.322	0	0.271	0.274	0.296	0.302	0.263	-1.7	-0.4	-2.1	0.029	0.045	0.121	0.133	0.006	12.5	11.85	11.5	13.612	17.375	0.461
2026-01-01 20:00:00	-90.3766	30.5044	0	21.553	20.475	39.888	101.803	0.96	414.925	3.03	264.925	0	0	6.06	1.445	0	0.27	0.273	0.295	0.301	0.263	-1.725	-0.4	-2.1	0.031	0.047	0.123	0.133	0.004	13.45	12.675	12	13.6	17.3	0.473
2026-01-01 21:00:00	-90.3766	30.5044	0	19.472	20.3	38.638	101.768	0.92	262.4	2.73	260.375	0	0	5.545	1.46	0	0.268	0.272	0.295	0.302	0.263	-1.825	-0.4	-2.1	0.032	0.048	0.123	0.134	0.002	14.088	13.225	12.512	13.6	17.3	0.489
2026-01-01 22:00:00	-90.3766	30.5044	0	16.52	19.8	38.988	101.748	0.901	109.75	1.955	233.375	0	0	4.255	1.41	0	0.268	0.272	0.295	0.301	0.263	-1.975	-0.4	-2.1	0.031	0.048	0.125	0.134	0.001	14.338	13.525	12.95	13.65	17.3	0.492
2026-01-01 23:00:00	-90.3766	30.5044	0	10.867	15.1	50.002	101.762	0.852	5.1	0.4	72	0	0	0.855	0.875	0	0.267	0.271	0.294	0.301	0.263	-2.125	-0.4	-2.1	0.03	0.048	0.124	0.134	0.001	14.225	13.6	13.238	13.75	17.25	0.516
2026-01-02 00:00:00	-90.3766	30.5044	0	8.805	10.9	65.534	101.76	0.853	0	0.342	115.925	0	0	0.855	0.452	0	0.267	0.271	0.294	0.301	0.263	-2.275	-0.4	-2.1	0.026	0.047	0.126	0.134	0.002	13.8	13.475	13.387	13.825	17.2	NA
2026-01-02 01:00:00	-90.3766	30.5044	0	8.36	9.825	72.548	101.743	0.88	0	0.593	73.45	0	0	1.398	0.335	0	0.267	0.271	0.294	0.301	0.263	-2.45	-0.4	-2.1	0.026	0.045	0.124	0.135	0.001	13.287	13.2	13.438	13.912	17.2	NA
2026-01-02 02:00:00	-90.3766	30.5044	0	7.947	8.95	77.687	101.722	0.889	0	0.382	115.8	0	0	0.83	0.255	0	0.267	0.27	0.294	0.301	0.263	-2.575	-0.475	-2.1	0.026	0.045	0.124	0.134	0.004	12.812	12.875	13.363	14.012	17.2	NA
2026-01-02 03:00:00	-90.3766	30.5044	0	8.095	8.7	81.375	101.7	0.915	0	0.345	175.175	0	0	1.11	0.21	0	0.267	0.27	0.294	0.301	0.263	-2.675	-0.5	-2.1	0.024	0.044	0.123	0.135	0.001	12.438	12.6	13.238	14.075	17.15	NA
2026-01-02 04:00:00	-90.3766	30.5044	0	9.35	11.975	74.567	101.702	1.045	0	0.59	151.225	0	0	1.77	0.36	0	0.267	0.27	0.295	0.301	0.263	-2.775	-0.5	-2.1	0.024	0.044	0.123	0.135	0	12.15	12.4	13.112	14.15	17.1	NA
2026-01-02 05:00:00	-90.3766	30.5044	0	9.805	12.275	77.974	101.648	1.113	0	0.38	144.9	0	0	1.138	0.318	0	0.267	0.27	0.295	0.301	0.263	-2.8	-0.5	-2.1	0.024	0.045	0.122	0.135	0.002	11.988	12.225	12.988	14.162	17.1	NA
2026-01-02 06:00:00	-90.3766	30.5044	0	8.972	10.025	85.156	101.605	1.047	0	0.94	49	0	0	1.542	0.18	0	0.267	0.269	0.295	0.301	0.263	-2.85	-0.5	-2.1	0.023	0.043	0.122	0.135	0.001	11.875	12.125	12.9	14.2	17.1	NA
2026-01-02 07:00:00	-90.3766	30.5044	0	7.258	8.575	88.364	101.532	0.986	0	0.505	193.125	0	0	1.125	0.128	0	0.267	0.269	0.295	0.301	0.263	-2.9	-0.5	-2.125	0.024	0.042	0.122	0.135	0	11.775	12.025	12.825	14.238	17.1	NA
2026-01-02 08:00:00	-90.3766	30.5044	0	6.77	7.675	91.139	101.498	0.956	0	0.462	59.35	0	0	0.833	0.09	0	0.267	0.269	0.295	0.301	0.263	-2.925	-0.5	-2.2	0.025	0.043	0.122	0.135	0.003	11.588	11.9	12.75	14.25	17.025	NA
2026-01-02 09:00:00	-90.3766	30.5044	0	7.39	7.575	93.798	101.445	0.978	0	0.445	61.425	0	0	0.795	0.065	0	0.267	0.269	0.295	0.301	0.263	-3	-0.5	-2.2	0.024	0.043	0.122	0.134	0.004	11.375	11.7	12.638	14.238	17	NA
2026-01-02 10:00:00	-90.3766	30.5044	0	6.785	7.225	94.674	101.372	0.963	0	0.438	58.575	0	0	0.887	0.055	0	0.267	0.269	0.295	0.301	0.263	-3.025	-0.5	-2.2	0.023	0.041	0.12	0.135	0.003	11.213	11.55	12.55	14.2	17	NA
2026-01-02 11:00:00	-90.3766	30.5044	0	8.392	7.85	96.081	101.342	1.021	0	0.428	47.475	0	0	0.925	0.04	0	0.267	0.269	0.295	0.301	0.263	-3.1	-0.5	-2.2	0.024	0.041	0.119	0.134	0.004	11.062	11.425	12.438	14.2	17	NA
2026-01-02 12:00:00	-90.3766	30.5044	0	9.312	9.15	96.045	101.34	1.114	0	0.41	67.65	0	0	1.105	0.045	0	0.267	0.269	0.295	0.301	0.263	-3.1	-0.5	-2.2	0.023	0.041	0.119	0.134	0.004	11.05	11.4	12.338	14.2	17	NA
2026-01-02 13:00:00	-90.3766	30.5044	0	11.033	11	94.932	101.342	1.247	16.25	0.498	58.4	0	0	1.6	0.065	0	0.267	0.268	0.295	0.301	0.263	-3.15	-0.5	-2.2	0.024	0.04	0.12	0.133	0.005	11.088	11.4	12.3	14.2	17	0.578
2026-01-02 14:00:00	-90.3766	30.5044	0	13.348	13.775	90.979	101.34	1.434	62.5	0.867	120.125	0	0	2.473	0.143	0	0.266	0.268	0.295	0.301	0.263	-3.15	-0.5	-2.2	0.024	0.041	0.12	0.134	0.001	11.287	11.5	12.262	14.175	17	0.546
2026-01-02 15:00:00	-90.3766	30.5044	0	16.448	16.375	87.122	101.332	1.624	165.675	1.658	160.875	0	0	3.92	0.235	0	0.266	0.268	0.295	0.301	0.263	-3.1	-0.5	-2.2	0.026	0.044	0.12	0.134	0.002	11.662	11.725	12.287	14.125	16.925	0.525
2026-01-02 16:00:00	-90.3766	30.5044	0	19.56	19.025	81.348	101.315	1.791	253.55	2.65	177.275	0	0	5.638	0.41	0	0.265	0.268	0.295	0.301	0.263	-3.125	-0.5	-2.2	0.027	0.044	0.121	0.134	0	12.287	12.175	12.412	14.1	16.9	0.504
2026-01-02 17:00:00	-90.3766	30.5044	0	21.715	21.15	76.39	101.22	1.917	267.825	3.24	180.425	0	0	7.555	0.593	0	0.264	0.267	0.295	0.301	0.263	-3.1	-0.575	-2.2	0.029	0.044	0.121	0.134	0.001	13.2	12.825	12.65	14.1	16.9	0.506
2026-01-02 18:00:00	-90.3766	30.5044	0	21.01	21.525	75.209	101.09	1.932	160.025	3.275	183.15	0	0	8.302	0.633	0	0.264	0.266	0.294	0.301	0.263	-3.1	-0.6	-2.3	0.032	0.046	0.122	0.135	0	14.1	13.475	13	14.1	16.9	0.516
2026-01-02 19:00:00	-90.3766	30.5044	0	21.288	21.775	75.969	100.968	1.981	159.2	3.383	187.875	0	0	8.278	0.627	0	0.263	0.266	0.294	0.301	0.263	-3.15	-0.6	-2.3	0.032	0.048	0.122	0.134	0.002	14.75	14.025	13.412	14.1	16.9	0.518
2026-01-02 20:00:00	-90.3766	30.5044	0	21.273	21.95	76.804	100.882	2.024	128.475	3.317	184.7	0	0	8.675	0.61	0	0.262	0.265	0.294	0.301	0.263	-3.2	-0.6	-2.3	0.033	0.048	0.122	0.135	0	15.262	14.5	13.787	14.138	16.9	0.52
2026-01-02 21:00:00	-90.3766	30.5044	0	21.225	21.75	79.663	100.842	2.074	131.55	3.33	184.05	0	0	7.878	0.527	0	0.262	0.265	0.294	0.301	0.263	-3.25	-0.6	-2.3	0.032	0.051	0.123	0.135	0.002	15.662	14.925	14.125	14.213	16.9	0.508
2026-01-02 22:00:00	-90.3766	30.5044	0	20.382	21.775	80.87	100.795	2.109	77.05	2.655	182.075	0	0	6.537	0.502	0	0.261	0.264	0.294	0.301	0.262	-3.35	-0.6	-2.3	0.034	0.05	0.124	0.135	0.003	16.038	15.225	14.438	14.275	16.9	0.501
2026-01-02 23:00:00	-90.3766	30.5044	0	19.075	21.55	80.562	100.8	2.072	2.275	2.37	189.55	0	0	5.912	0.495	0	0.261	0.264	0.293	0.301	0.263	-3.425	-0.6	-2.3	0.033	0.05	0.125	0.135	0.001	16.238	15.475	14.7	14.375	16.9	NA
2026-01-03 00:00:00	-90.3766	30.5044	0	19.06	21.25	83.13	100.818	2.099	0	2.92	187.1	0	0	6.402	0.428	0	0.261	0.264	0.293	0.301	0.262	-3.575	-0.6	-2.3	0.034	0.05	0.124	0.135	0.001	16.275	15.6	14.938	14.462	16.85	NA
2026-01-03 01:00:00	-90.3766	30.5044	0	19.21	21	85.718	100.838	2.132	0	2.303	192.475	0	0	5.232	0.355	0	0.261	0.263	0.293	0.3	0.262	-3.65	-0.6	-2.3	0.034	0.05	0.125	0.135	0.004	16.262	15.65	15.088	14.562	16.8	NA
2026-01-03 02:00:00	-90.3766	30.5044	0	19.21	21.075	86.89	100.853	2.171	0	2.602	187.3	0	0	5.747	0.33	0	0.261	0.263	0.293	0.3	0.262	-3.7	-0.6	-2.3	0.033	0.05	0.125	0.135	0	16.312	15.75	15.225	14.675	16.8	NA
2026-01-03 03:00:00	-90.3766	30.5044	0	18.65	21.1	87.446	100.89	2.188	0	2.242	203.675	0	0	4.963	0.31	0	0.261	0.263	0.293	0.3	0.262	-3.775	-0.6	-2.3	0.033	0.05	0.126	0.136	0.002	16.387	15.825	15.35	14.775	16.8	NA
2026-01-03 04:00:00	-90.3766	30.5044	0	19.275	21.425	88.094	100.938	2.249	0	2.41	212.525	0	0	5.085	0.298	0	0.261	0.263	0.293	0.3	0.262	-3.8	-0.65	-2.3	0.033	0.051	0.127	0.136	0.005	16.412	15.9	15.45	14.863	16.8	NA
2026-01-03 05:00:00	-90.3766	30.5044	0	18.85	21.15	89.413	100.948	2.244	0	1.665	213.825	0	0	3.703	0.262	0	0.261	0.263	0.293	0.3	0.262	-3.8	-0.7	-2.3	0.034	0.049	0.126	0.136	0.002	16.5	15.975	15.55	14.962	16.8	NA
2026-01-03 06:00:00	-90.3766	30.5044	0	18.048	20.75	90.596	100.925	2.219	0	1.42	206.15	0	0	3.322	0.228	0	0.261	0.262	0.293	0.3	0.262	-3.8	-0.7	-2.3	0.034	0.049	0.126	0.136	0.003	16.55	16.05	15.65	15.038	16.8	NA
2026-01-03 07:00:00	-90.3766	30.5044	0	18.405	21	90.39	100.9	2.248	0	1.658	208.225	0	0	3.843	0.238	0	0.261	0.262	0.293	0.3	0.262	-3.8	-0.7	-2.3	0.034	0.05	0.126	0.136	0.003	16.55	16.1	15.738	15.125	16.8	NA
2026-01-03 08:00:00	-90.3766	30.5044	0	18.8	20.95	91.454	100.898	2.268	0	1.582	204.625	0	0	3.28	0.212	0	0.261	0.262	0.293	0.3	0.262	-3.8	-0.7	-2.3	0.034	0.05	0.126	0.136	0.004	16.55	16.1	15.775	15.2	16.8	NA
2026-01-03 09:00:00	-90.3766	30.5044	0	18.832	21.1	90.945	100.868	2.276	0	1.852	208.25	0	0	4.13	0.225	0	0.261	0.262	0.293	0.3	0.262	-3.8	-0.7	-2.3	0.034	0.049	0.126	0.136	0.004	16.575	16.125	15.85	15.288	16.8	NA
2026-01-03 10:00:00	-90.3766	30.5044	0	18.12	20.75	91.32	100.852	2.236	0	1.663	215.4	0	0	3.415	0.21	0	0.261	0.262	0.293	0.3	0.262	-3.8	-0.7	-2.3	0.034	0.051	0.126	0.136	0.002	16.65	16.2	15.912	15.35	16.8	NA
2026-01-03 11:00:00	-90.3766	30.5044	0	18.032	20.625	91.635	100.862	2.227	0	1.802	219.225	0	0	3.962	0.202	0	0.261	0.262	0.293	0.3	0.262	-3.8	-0.7	-2.35	0.034	0.052	0.125	0.136	0.005	16.65	16.2	15.962	15.4	16.8	NA
2026-01-03 12:00:00	-90.3766	30.5044	0	18.828	20.9	91.635	100.938	2.265	0	1.668	231.125	0	0	3.39	0.208	0	0.261	0.262	0.293	0.3	0.262	-3.8	-0.7	-2.4	0.034	0.052	0.126	0.136	0.003	16.65	16.2	16.012	15.5	16.8	NA
2026-01-03 13:00:00	-90.3766	30.5044	0	18.93	21.225	90.046	100.968	2.27	11.025	2.33	222.975	0	0	4.95	0.248	0	0.261	0.262	0.293	0.3	0.262	-3.8	-0.7	-2.4	0.034	0.052	0.126	0.136	0	16.675	16.275	16.062	15.55	16.8	0.529
2026-01-03 14:00:00	-90.3766	30.5044	0	20.44	21.8	88.999	100.975	2.324	93.5	2.482	223.4	0	0	5.407	0.285	0	0.261	0.262	0.293	0.3	0.262	-3.725	-0.7	-2.4	0.035	0.052	0.126	0.136	0.006	16.788	16.35	16.113	15.6	16.8	0.518
2026-01-03 15:00:00	-90.3766	30.5044	0	21.697	22.35	86.463	101.025	2.335	121.55	3.072	238.125	0	0	7.533	0.368	0	0.261	0.262	0.293	0.3	0.262	-3.7	-0.7	-2.4	0.036	0.051	0.126	0.138	0.002	17.05	16.55	16.188	15.675	16.8	0.533
2026-01-03 16:00:00	-90.3766	30.5044	0	23.105	22.8	84.492	101.085	2.346	219.575	3.605	263.125	0	0	6.56	0.425	0	0.261	0.262	0.292	0.3	0.262	-3.7	-0.7	-2.4	0.038	0.052	0.126	0.138	0.003	17.413	16.825	16.3	15.7	16.8	0.519
2026-01-03 17:00:00	-90.3766	30.5044	0	28.227	24.475	79.228	101.015	2.431	590.025	3.737	251.975	0	0	6.998	0.635	0	0.26	0.262	0.292	0.3	0.262	-3.7	-0.7	-2.4	0.038	0.054	0.126	0.138	0.003	17.913	17.175	16.475	15.788	16.8	0.49
2026-01-03 18:00:00	-90.3766	30.5044	0	27.4	24.775	73.748	100.942	2.305	442.575	3.388	258.35	0	0	6.598	0.823	0	0.259	0.261	0.292	0.3	0.262	-3.8	-0.7	-2.4	0.038	0.054	0.126	0.138	0	18.75	17.8	16.75	15.825	16.8	0.48
2026-01-03 19:00:00	-90.3766	30.5044	0	28.45	25.675	68.582	100.89	2.261	488.25	3.285	277.35	0	0	6.148	1.035	0	0.258	0.26	0.292	0.3	0.262	-3.85	-0.7	-2.4	0.038	0.056	0.128	0.138	0.003	19.45	18.375	17.087	15.9	16.8	0.473
2026-01-03 20:00:00	-90.3766	30.5044	0	26.868	25.8	64.74	100.882	2.151	336.875	3.013	279.625	0	0	5.797	1.168	0	0.257	0.26	0.292	0.299	0.262	-4.075	-0.7	-2.4	0.039	0.056	0.128	0.138	0	20.038	18.85	17.475	15.988	16.8	0.486
2026-01-03 21:00:00	-90.3766	30.5044	0	24.275	25.175	64.102	100.915	2.052	176.325	2.792	290.6	0	0	5.702	1.148	0	0.256	0.259	0.291	0.299	0.262	-4.375	-0.8	-2.4	0.038	0.056	0.129	0.138	0	20.35	19.2	17.825	16.075	16.825	0.502
2026-01-03 22:00:00	-90.3766	30.5044	0	22.462	24.05	67.605	101.01	2.022	87.475	3.067	309.825	0	0	6.93	0.973	0	0.255	0.259	0.291	0.299	0.262	-4.75	-0.8	-2.4	0.038	0.056	0.128	0.138	0	20.3	19.3	18.087	16.188	16.9	0.507
2026-01-03 23:00:00	-90.3766	30.5044	0	18.675	21.325	71.799	101.098	1.822	5.575	2.718	320.55	0	0	5.982	0.718	0	0.255	0.259	0.291	0.299	0.262	-5	-0.8	-2.45	0.038	0.056	0.13	0.138	0	20.012	19.225	18.262	16.3	16.9	0.514
2026-01-04 00:00:00	-90.3766	30.5044	0	16.278	18.275	78.059	101.235	1.639	0	2.787	326	0	0	6.957	0.465	0	0.255	0.258	0.291	0.299	0.262	-5.1	-0.8	-2.5	0.036	0.055	0.129	0.138	0.001	19.488	18.95	18.3	16.425	16.9	NA
2026-01-04 01:00:00	-90.3766	30.5044	0	15.372	15.45	84.1	101.348	1.476	0	2.408	330.5	0	0	6.303	0.28	0	0.255	0.258	0.291	0.299	0.262	-5.2	-0.8	-2.5	0.034	0.054	0.128	0.138	0.001	18.863	18.55	18.225	16.538	16.9	NA
2026-01-04 02:00:00	-90.3766	30.5044	0	14.977	14.7	85.773	101.41	1.435	0	2.33	337.525	0	0	6.117	0.24	0	0.255	0.258	0.291	0.299	0.262	-5.275	-0.8	-2.5	0.033	0.053	0.128	0.138	0.002	18.263	18.15	18.087	16.637	16.9	NA
2026-01-04 03:00:00	-90.3766	30.5044	0	14.482	13.95	86.615	101.488	1.38	0	2.44	336.1	0	0	5.532	0.21	0	0.255	0.258	0.291	0.299	0.262	-5.325	-0.8	-2.5	0.033	0.052	0.126	0.139	0.001	17.812	17.75	17.875	16.725	16.9	NA
2026-01-04 04:00:00	-90.3766	30.5044	0	13.907	13.25	86.979	101.57	1.324	0	2.38	338.275	0	0	6.025	0.198	0	0.254	0.258	0.291	0.299	0.262	-5.4	-0.825	-2.5	0.032	0.051	0.127	0.139	0.002	17.4	17.45	17.7	16.8	16.9	NA
2026-01-04 05:00:00	-90.3766	30.5044	0	13.52	12.85	86.809	101.635	1.288	0	2.13	348.175	0	0	6.008	0.195	0	0.254	0.258	0.291	0.299	0.262	-5.425	-0.9	-2.5	0.031	0.05	0.126	0.139	0.002	17	17.125	17.487	16.825	16.9	NA
2026-01-04 06:00:00	-90.3766	30.5044	0	13.4	12.85	86.607	101.692	1.284	0	1.88	259.9	0	0	4.935	0.2	0	0.254	0.258	0.291	0.299	0.262	-5.5	-0.9	-2.5	0.031	0.048	0.125	0.139	0.002	16.675	16.825	17.288	16.875	16.975	NA
2026-01-04 07:00:00	-90.3766	30.5044	0	13.2	12.65	86.761	101.718	1.27	0	2.027	341.45	0	0	6.19	0.192	0	0.254	0.258	0.291	0.299	0.262	-5.5	-0.9	-2.5	0.03	0.05	0.126	0.139	0.004	16.375	16.6	17.075	16.887	17	NA
2026-01-04 08:00:00	-90.3766	30.5044	0	13.047	12.35	88.925	101.74	1.276	0	1.705	341.675	0	0	4.155	0.16	0	0.254	0.257	0.291	0.299	0.262	-5.6	-0.9	-2.5	0.029	0.049	0.125	0.139	0.003	16.137	16.35	16.9	16.863	17	NA
2026-01-04 09:00:00	-90.3766	30.5044	0	12.778	11.975	91.073	101.752	1.275	0	1.685	343.275	0	0	4.765	0.122	0	0.254	0.257	0.292	0.299	0.262	-5.6	-0.9	-2.6	0.028	0.048	0.124	0.139	0.005	15.925	16.15	16.725	16.9	17	NA
2026-01-04 10:00:00	-90.3766	30.5044	0	12.445	11.55	91.221	101.69	1.242	0	1.595	177.925	0	0	4.195	0.117	0	0.254	0.257	0.292	0.299	0.262	-5.6	-0.9	-2.6	0.028	0.049	0.123	0.139	0	15.725	15.975	16.587	16.9	17	NA
2026-01-04 11:00:00	-90.3766	30.5044	0	12.32	11.5	89.574	101.675	1.216	0	1.205	170.975	0	0	2.95	0.138	0	0.253	0.257	0.292	0.299	0.262	-5.675	-0.975	-2.6	0.027	0.048	0.123	0.138	0	15.525	15.8	16.425	16.825	17.025	NA
2026-01-04 12:00:00	-90.3766	30.5044	0	12.215	11.425	89.39	101.79	1.207	0	1.435	325.95	0	0	2.955	0.143	0	0.253	0.257	0.292	0.299	0.262	-5.7	-1	-2.6	0.027	0.046	0.122	0.138	0.003	15.35	15.625	16.3	16.8	17.1	NA
2026-01-04 13:00:00	-90.3766	30.5044	0	12.117	11.4	88.444	101.93	1.192	4.775	1.688	329.3	0	0	3.555	0.158	0	0.253	0.257	0.292	0.299	0.262	-5.7	-1	-2.625	0.028	0.048	0.122	0.138	0.002	15.2	15.475	16.163	16.8	17.1	0.569
2026-01-04 14:00:00	-90.3766	30.5044	0	12.865	11.475	88.467	102.015	1.199	47.175	1.352	228.9	0	0	3.53	0.155	0	0.253	0.256	0.292	0.299	0.262	-5.775	-1	-2.65	0.028	0.047	0.121	0.138	0.001	15.05	15.35	16.05	16.75	17.1	0.544
2026-01-04 15:00:00	-90.3766	30.5044	0	14.043	11.925	87.717	102.1	1.224	102.575	1.432	177.35	0	0	3.8	0.172	0	0.252	0.256	0.292	0.299	0.262	-5.8	-1	-2.7	0.028	0.047	0.121	0.137	0.001	15	15.3	15.925	16.75	17.1	0.539
2026-01-04 16:00:00	-90.3766	30.5044	0	15.602	12.575	87.425	102.12	1.273	164.175	1.525	18.425	0	0	3.587	0.185	0	0.252	0.256	0.292	0.299	0.261	-5.8	-1.05	-2.7	0.028	0.046	0.121	0.138	0.001	15.113	15.3	15.863	16.663	17.1	0.53
2026-01-04 17:00:00	-90.3766	30.5044	0	16.27	13.025	86.787	102.078	1.302	167.125	1.452	98.625	0	0	3.292	0.192	0	0.252	0.256	0.292	0.299	0.261	-5.85	-1.1	-2.7	0.028	0.047	0.122	0.138	0.001	15.363	15.4	15.85	16.65	17.175	0.53
2026-01-04 18:00:00	-90.3766	30.5044	0	16.23	13.125	86.985	102.038	1.313	144.95	1.422	188.2	0	0	2.913	0.198	0	0.251	0.255	0.292	0.299	0.261	-5.9	-1.1	-2.7	0.029	0.048	0.122	0.138	0.001	15.65	15.6	15.875	16.625	17.2	0.531
2026-01-04 19:00:00	-90.3766	30.5044	0	16.465	13.275	87.15	101.945	1.329	151.275	1.41	177.15	0	0	3.62	0.19	0	0.25	0.255	0.292	0.299	0.261	-5.9	-1.1	-2.7	0.03	0.047	0.122	0.137	0	15.9	15.775	15.925	16.562	17.2	0.529
2026-01-04 20:00:00	-90.3766	30.5044	0	16.587	13.575	86.813	101.895	1.35	129.3	1.035	39.925	0	0	2.408	0.205	0	0.25	0.255	0.292	0.299	0.261	-5.975	-1.1	-2.7	0.031	0.047	0.122	0.137	0.001	16.087	15.9	16.025	16.55	17.2	0.533
2026-01-04 21:00:00	-90.3766	30.5044	0	15.84	13.875	85.2	101.865	1.351	74.375	1.077	184.325	0	0	2.425	0.235	0	0.249	0.254	0.292	0.299	0.261	-6	-1.15	-2.75	0.03	0.046	0.122	0.136	0.001	16.262	16.05	16.088	16.55	17.2	0.537
2026-01-04 22:00:00	-90.3766	30.5044	0	15.072	13.9	84.967	101.875	1.349	28.125	0.838	23.65	0	0	1.718	0.238	0	0.249	0.254	0.292	0.299	0.261	-6	-1.2	-2.8	0.03	0.048	0.122	0.136	0	16.3	16.1	16.188	16.55	17.2	0.57
2026-01-04 23:00:00	-90.3766	30.5044	0	14.315	13.675	86.029	101.878	1.346	3.4	0.9	187.925	0	0	1.758	0.215	0	0.249	0.254	0.292	0.299	0.261	-6.1	-1.2	-2.8	0.029	0.046	0.122	0.136	0.001	16.212	16.1	16.225	16.55	17.2	0.603
2026-01-05 00:00:00	-90.3766	30.5044	0	13.85	13.425	87.426	101.948	1.346	0	1.19	177.65	0	0	2.82	0.19	0	0.249	0.254	0.292	0.299	0.261	-6.1	-1.2	-2.8	0.028	0.046	0.121	0.136	0.002	16.062	16	16.25	16.55	17.2	NA
2026-01-05 01:00:00	-90.3766	30.5044	0	13.665	13.1	88.801	101.92	1.339	0	0.535	74.033	0	0	1.47	0.165	0	0.249	0.254	0.292	0.299	0.261	-6.125	-1.225	-2.8	0.028	0.047	0.121	0.136	0	15.875	15.875	16.238	16.55	17.2	NA
2026-01-05 02:00:00	-90.3766	30.5044	0	13.52	12.925	90.142	101.902	1.344	0	0.522	141.425	0	0	1.06	0.145	0	0.249	0.254	0.292	0.299	0.261	-6.2	-1.3	-2.8	0.028	0.048	0.122	0.136	0.003	15.738	15.775	16.15	16.55	17.3	NA
2026-01-05 03:00:00	-90.3766	30.5044	0	13.46	12.775	91.845	101.942	1.356	0	0.47	164.6	0	0	0.82	0.122	0	0.249	0.253	0.292	0.299	0.261	-6.2	-1.3	-2.8	0.027	0.046	0.121	0.136	0.002	15.6	15.7	16.1	16.55	17.3	NA
2026-01-05 04:00:00	-90.3766	30.5044	0	13.39	12.825	92.305	101.958	1.367	0	0.49	199.225	0	0	0.922	0.112	0	0.248	0.253	0.292	0.299	0.261	-6.225	-1.3	-2.85	0.027	0.046	0.121	0.136	0.004	15.5	15.6	16.025	16.55	17.3	NA
2026-01-05 05:00:00	-90.3766	30.5044	0	13.38	12.725	93.54	101.925	1.376	0	0.395	213	0	0	0.955	0.095	0	0.248	0.253	0.292	0.299	0.261	-6.25	-1.325	-2.9	0.028	0.045	0.121	0.136	0.002	15.412	15.525	15.988	16.55	17.3	NA
2026-01-05 06:00:00	-90.3766	30.5044	0	13.36	12.7	93.914	101.855	1.379	0	0.44	255.2	0	0	0.938	0.09	0	0.248	0.253	0.292	0.299	0.261	-6.3	-1.4	-2.9	0.028	0.045	0.121	0.136	0.001	15.312	15.45	15.912	16.55	17.3	NA
2026-01-05 07:00:00	-90.3766	30.5044	0	12.253	12.325	94.096	101.818	1.349	0	0.623	262.825	0	0	1.475	0.085	0	0.248	0.253	0.292	0.299	0.261	-6.3	-1.4	-2.9	0.028	0.046	0.12	0.135	0.001	15.25	15.4	15.863	16.55	17.3	NA
2026-01-05 08:00:00	-90.3766	30.5044	0	10.17	10.825	95.103	101.81	1.234	0	0.755	120.7	0	0	1.438	0.068	0	0.248	0.253	0.292	0.299	0.261	-6.3	-1.4	-2.9	0.027	0.046	0.119	0.136	0.004	15.137	15.275	15.8	16.537	17.3	NA
2026-01-05 09:00:00	-90.3766	30.5044	0	8.358	9.075	95.15	101.785	1.098	0	0.445	149.1	0	0	0.92	0.055	0	0.249	0.253	0.292	0.299	0.261	-6.35	-1.4	-2.9	0.026	0.044	0.119	0.135	0.004	14.825	15.075	15.738	16.5	17.3	NA
2026-01-05 10:00:00	-90.3766	30.5044	0	7.487	7.85	95.711	101.743	1.016	0	0.262	40.075	0	0	0.505	0.048	0	0.249	0.253	0.292	0.299	0.261	-6.4	-1.45	-2.9	0.024	0.044	0.118	0.136	0.005	14.45	14.775	15.587	16.5	17.3	NA
2026-01-05 11:00:00	-90.3766	30.5044	0	6.992	7.225	94.355	101.75	0.96	0	0.372	46.3	0	0	0.63	0.058	0	0.249	0.253	0.292	0.299	0.261	-6.4	-1.5	-2.9	0.024	0.044	0.118	0.136	0.006	14.05	14.45	15.425	16.45	17.3	NA
2026-01-05 12:00:00	-90.3766	30.5044	0	6.65	6.775	95.569	101.762	0.943	0	0.31	115.325	0	0	0.63	0.043	0	0.249	0.253	0.292	0.299	0.261	-6.45	-1.5	-2.95	0.024	0.043	0.118	0.136	0.006	13.65	14.125	15.238	16.425	17.3	NA
2026-01-05 13:00:00	-90.3766	30.5044	0	7.645	6.725	96.454	101.803	0.949	19.875	0.232	247.775	0	0	0.45	0.035	0	0.249	0.253	0.292	0.299	0.261	-6.5	-1.5	-3	0.023	0.043	0.116	0.136	0.007	13.3	13.825	15.038	16.4	17.3	0.592
2026-01-05 14:00:00	-90.3766	30.5044	0	11.953	9.6	99.89	101.86	1.197	121.075	0.632	184.2	0	0	1.57	0	0	0.249	0.253	0.292	0.299	0.261	-6.5	-1.525	-3	0.023	0.041	0.117	0.134	0.006	13.1	13.625	14.825	16.387	17.3	0.552
2026-01-05 15:00:00	-90.3766	30.5044	0	14.977	12.775	99.847	101.938	1.476	172.825	1.16	76.075	0	0	2.81	0	0	0.248	0.252	0.292	0.299	0.261	-6.5	-1.6	-3	0.024	0.043	0.117	0.135	0.006	13.287	13.675	14.65	16.3	17.3	0.53
2026-01-05 16:00:00	-90.3766	30.5044	0	20.742	16.15	95.708	101.962	1.756	410.25	1.462	115.975	0	0	3.637	0.08	0	0.248	0.252	0.292	0.299	0.261	-6.5	-1.6	-3	0.026	0.043	0.117	0.134	0	13.85	13.975	14.613	16.25	17.3	0.509
2026-01-05 17:00:00	-90.3766	30.5044	0	21.79	17.975	85.689	101.915	1.765	327.375	1.388	159.55	0	0	3.25	0.295	0	0.247	0.252	0.292	0.299	0.261	-6.5	-1.6	-3	0.028	0.044	0.118	0.134	0	14.85	14.575	14.75	16.175	17.3	0.516
2026-01-05 18:00:00	-90.3766	30.5044	0	23.028	19.55	79.286	101.815	1.802	386.85	2.195	199.475	0	0	4.782	0.47	0	0.246	0.251	0.292	0.299	0.261	-6.5	-1.6	-3.1	0.032	0.045	0.118	0.135	0	15.787	15.275	15.012	16.15	17.3	0.5
2026-01-05 19:00:00	-90.3766	30.5044	0	24.452	20.525	74.682	101.722	1.804	447.775	2.275	223.525	0	0	5.732	0.61	0	0.245	0.25	0.292	0.299	0.261	-6.5	-1.6	-3.1	0.032	0.047	0.119	0.134	0	16.6	15.925	15.387	16.113	17.35	0.486
2026-01-05 20:00:00	-90.3766	30.5044	0	23.83	21.05	71.592	101.662	1.786	377.2	2.033	205.625	0	0	4.8	0.708	0	0.244	0.25	0.292	0.299	0.261	-6.55	-1.7	-3.1	0.033	0.049	0.12	0.134	0	17.387	16.55	15.775	16.1	17.4	0.488
2026-01-05 21:00:00	-90.3766	30.5044	0	22.225	21.2	70.141	101.628	1.766	267.025	2.43	185.675	0	0	5.068	0.748	0	0.243	0.249	0.291	0.299	0.261	-6.6	-1.7	-3.1	0.034	0.048	0.121	0.135	0.001	17.95	17.025	16.175	16.1	17.4	0.497
2026-01-05 22:00:00	-90.3766	30.5044	0	19.122	20.625	70.532	101.628	1.714	89.725	1.392	169.25	0	0	3.067	0.715	0	0.242	0.249	0.291	0.299	0.261	-6.6	-1.7	-3.1	0.033	0.05	0.122	0.135	0	18.212	17.25	16.525	16.137	17.4	0.511
2026-01-05 23:00:00	-90.3766	30.5044	0	15.13	17.8	79.056	101.635	1.61	4.7	0.635	95.05	0	0	1.505	0.432	0	0.242	0.249	0.291	0.299	0.261	-6.7	-1.7	-3.1	0.031	0.05	0.122	0.136	0.002	18.025	17.3	16.775	16.212	17.4	0.563
2026-01-06 00:00:00	-90.3766	30.5044	0	12.975	14.725	88.349	101.638	1.48	0	0.315	97.75	0	0	0.74	0.198	0	0.242	0.249	0.291	0.299	0.261	-6.75	-1.8	-3.1	0.03	0.049	0.122	0.136	0.003	17.6	17.125	16.887	16.262	17.35	NA
2026-01-06 01:00:00	-90.3766	30.5044	0	12.305	13.825	91.558	101.66	1.447	0	0.425	98.425	0	0	1.03	0.138	0	0.242	0.248	0.291	0.299	0.261	-6.85	-1.8	-3.1	0.028	0.047	0.122	0.135	0.004	17.05	16.85	16.85	16.363	17.3	NA
2026-01-06 02:00:00	-90.3766	30.5044	0	12.648	14.575	93.32	101.658	1.549	0	0.57	101.675	0	0	1.388	0.108	0	0.242	0.248	0.291	0.299	0.261	-6.95	-1.825	-3.1	0.028	0.046	0.121	0.135	0	16.55	16.5	16.75	16.413	17.3	NA
2026-01-06 03:00:00	-90.3766	30.5044	0	12.405	14.525	95.849	101.655	1.585	0	0.485	116.575	0	0	1.278	0.065	0	0.242	0.248	0.291	0.299	0.26	-7.025	-1.9	-3.1	0.028	0.046	0.121	0.135	0.005	16.125	16.2	16.613	16.488	17.3	NA
2026-01-06 04:00:00	-90.3766	30.5044	0.016	13.435	14.675	97.204	101.652	1.623	0	0.545	112.625	0	0	1.285	0.045	0	0.242	0.248	0.291	0.299	0.26	-7.1	-1.9	-3.1	0.027	0.046	0.121	0.135	0.002	15.812	15.925	16.462	16.512	17.3	NA
2026-01-06 06:00:00	-90.3766	30.5044	0.017	13.148	14.05	99.104	101.61	1.591	0	0.288	195.675	0	0	0.637	0.013	0	0.241	0.248	0.292	0.299	0.26	-7.2	-2	-3.1	0.027	0.045	0.118	0.135	0.004	15.5	15.65	16.175	16.55	17.3	NA
2026-01-06 07:00:00	-90.3766	30.5044	0.017	12.367	13.025	98.81	101.598	1.482	0	0.202	275.2	0	0	0.458	0.018	0	0.241	0.248	0.292	0.299	0.26	-7.2	-2	-3.15	0.025	0.045	0.117	0.135	0.005	15.375	15.55	16.075	16.55	17.3	NA
2026-01-06 08:00:00	-90.3766	30.5044	0	11.523	12.275	98.762	101.57	1.411	0	0.252	144.325	0	0	0.627	0.015	0	0.241	0.248	0.292	0.299	0.26	-7.2	-2.025	-3.2	0.025	0.045	0.117	0.135	0.006	15.225	15.425	15.975	16.55	17.3	NA
2026-01-06 09:00:00	-90.3766	30.5044	0.017	11.615	11.675	98.714	101.57	1.355	0	0.537	118.225	0	0	1.045	0.018	0	0.241	0.248	0.292	0.299	0.26	-7.2	-2.1	-3.2	0.025	0.044	0.117	0.135	0.007	15.025	15.25	15.875	16.55	17.3	NA
2026-01-06 10:00:00	-90.3766	30.5044	0.017	12.768	12.275	99.765	101.552	1.426	0	0.302	274.175	0	0	0.595	0.002	0	0.241	0.247	0.292	0.299	0.26	-7.3	-2.1	-3.2	0.026	0.044	0.117	0.135	0.005	14.85	15.1	15.75	16.55	17.3	NA
2026-01-06 11:00:00	-90.3766	30.5044	0.034	13.03	12.725	99.911	101.578	1.47	0	0.208	188.1	0	0	0.458	0	0	0.241	0.247	0.292	0.299	0.26	-7.3	-2.1	-3.2	0.026	0.044	0.117	0.134	0.007	14.8	15	15.662	16.537	17.375	NA
2026-01-06 12:00:00	-90.3766	30.5044	0.017	13.142	13	99.881	101.61	1.496	0	0.292	43.55	0	0	0.542	0	0	0.241	0.247	0.292	0.299	0.26	-7.3	-2.2	-3.2	0.025	0.044	0.116	0.135	0.006	14.8	15	15.588	16.5	17.4	NA
2026-01-06 13:00:00	-90.3766	30.5044	0.034	13.172	12.975	99.86	101.622	1.494	15.525	0.298	62.35	0	0	0.685	0	0	0.241	0.247	0.292	0.299	0.26	-7.3	-2.2	-3.3	0.025	0.045	0.117	0.135	0.005	14.8	15	15.538	16.463	17.4	0.573
2026-01-06 14:00:00	-90.3766	30.5044	0	16.218	14.875	99.908	101.652	1.694	143.25	0.4	141.625	0	0	1.203	0	0	0.241	0.247	0.292	0.299	0.26	-7.3	-2.2	-3.3	0.025	0.044	0.117	0.136	0.007	14.812	15	15.488	16.438	17.4	0.54
2026-01-06 15:00:00	-90.3766	30.5044	0	21.178	19.175	99.705	101.665	2.219	324.125	1.5	205.95	0	0	3.27	0	0	0.241	0.246	0.292	0.299	0.26	-7.3	-2.225	-3.3	0.027	0.044	0.117	0.134	0.004	15.05	15.1	15.45	16.4	17.4	0.513
2026-01-06 16:00:00	-90.3766	30.5044	0	24.71	22.25	92.825	101.672	2.49	419.175	2.502	216.675	0	0	5.142	0.19	0	0.241	0.246	0.292	0.299	0.26	-7.3	-2.3	-3.3	0.029	0.046	0.117	0.134	0	15.85	15.575	15.55	16.4	17.4	0.503
2026-01-06 17:00:00	-90.3766	30.5044	0	25.017	23.475	82.331	101.618	2.379	352.4	3.772	237.825	0	0	7.205	0.51	0	0.24	0.245	0.291	0.299	0.26	-7.225	-2.3	-3.3	0.032	0.046	0.117	0.136	0	16.912	16.3	15.8	16.4	17.4	0.505
2026-01-06 18:00:00	-90.3766	30.5044	0	26.365	24.55	75.105	101.505	2.316	414.975	3.695	248.975	0	0	6.835	0.77	0	0.24	0.244	0.291	0.299	0.26	-7.275	-2.3	-3.375	0.032	0.049	0.118	0.136	0.001	17.8	16.975	16.175	16.363	17.4	0.489
2026-01-06 19:00:00	-90.3766	30.5044	0	27.278	25.55	68.745	101.395	2.25	440.5	3.45	239.725	0	0	7.188	1.027	0	0.239	0.244	0.291	0.299	0.26	-7.3	-2.3	-3.4	0.034	0.05	0.12	0.136	0.001	18.475	17.525	16.575	16.363	17.4	0.481
2026-01-06 20:00:00	-90.3766	30.5044	0	25.37	25.525	65.401	101.335	2.138	250.825	3.415	250.1	0	0	6.778	1.135	0	0.238	0.243	0.291	0.299	0.26	-7.375	-2.375	-3.4	0.034	0.049	0.122	0.136	0.001	19.087	18.05	16.962	16.425	17.4	0.5
2026-01-06 21:00:00	-90.3766	30.5044	0	25.755	26.2	62.774	101.328	2.135	249.4	2.845	240.6	0	0	5.85	1.265	0	0.236	0.243	0.29	0.299	0.26	-7.425	-2.4	-3.4	0.034	0.05	0.121	0.136	0.004	19.488	18.45	17.337	16.463	17.4	0.51
2026-01-06 22:00:00	-90.3766	30.5044	0	22.438	25.35	63.441	101.34	2.052	65.85	1.988	223.025	0	0	4.615	1.182	0	0.236	0.242	0.29	0.298	0.26	-7.5	-2.4	-3.4	0.034	0.05	0.122	0.135	0.003	19.637	18.675	17.65	16.538	17.4	0.513
2026-01-06 23:00:00	-90.3766	30.5044	0	19.57	23.4	69.389	101.36	1.996	8.05	1.055	241.075	0	0	2.135	0.885	0	0.235	0.242	0.29	0.298	0.26	-7.575	-2.475	-3.4	0.033	0.05	0.122	0.135	0.002	19.538	18.7	17.875	16.613	17.4	0.558
2026-01-07 00:00:00	-90.3766	30.5044	0	18.057	22.2	72.282	101.39	1.934	0	0.9	205.8	0	0	2.553	0.74	0	0.235	0.242	0.29	0.298	0.26	-7.65	-2.5	-3.4	0.032	0.049	0.122	0.136	0.003	19.212	18.6	17.988	16.713	17.4	NA
2026-01-07 01:00:00	-90.3766	30.5044	0	17.672	21.425	76.188	101.425	1.945	0	1.112	200.95	0	0	3.065	0.608	0	0.235	0.242	0.29	0.298	0.26	-7.75	-2.575	-3.4	0.03	0.05	0.121	0.136	0.002	18.788	18.4	18	16.812	17.4	NA
2026-01-07 02:00:00	-90.3766	30.5044	0	17.558	20.8	80.193	101.455	1.97	0	1.438	210.725	0	0	3.628	0.483	0	0.235	0.242	0.29	0.298	0.26	-7.85	-2.6	-3.4	0.03	0.048	0.121	0.137	0.003	18.413	18.15	17.975	16.9	17.4	NA
2026-01-07 03:00:00	-90.3766	30.5044	0	17.32	20.05	84.49	101.49	1.982	0	0.885	213.875	0	0	2.122	0.362	0	0.235	0.242	0.29	0.298	0.26	-7.925	-2.675	-3.4	0.029	0.05	0.121	0.137	0.003	18.137	17.95	17.85	16.95	17.4	NA
2026-01-07 04:00:00	-90.3766	30.5044	0	16.863	19.475	87.682	101.502	1.985	0	0.978	202.75	0	0	2.168	0.278	0	0.235	0.242	0.29	0.298	0.26	-8	-2.7	-3.4	0.029	0.048	0.121	0.138	0.003	17.913	17.75	17.788	17.05	17.4	NA
2026-01-07 05:00:00	-90.3766	30.5044	0	15.633	17.825	92.906	101.505	1.897	0	0.418	175.5	0	0	1.378	0.148	0	0.235	0.241	0.29	0.298	0.26	-8.05	-2.775	-3.4	0.028	0.048	0.121	0.138	0.002	17.725	17.625	17.675	17.087	17.4	NA
2026-01-07 06:00:00	-90.3766	30.5044	0	14.465	15.675	95.339	101.53	1.698	0	0.23	231.375	0	0	0.568	0.08	0	0.235	0.241	0.29	0.298	0.26	-8.1	-2.825	-3.4	0.029	0.048	0.121	0.138	0.006	17.488	17.425	17.587	17.15	17.4	NA
2026-01-07 07:00:00	-90.3766	30.5044	0	16.828	17.225	95.338	101.535	1.878	0	0.71	208.275	0	0	2.062	0.09	0	0.234	0.241	0.29	0.298	0.26	-8.175	-2.9	-3.4	0.028	0.046	0.121	0.139	0.005	17.212	17.225	17.488	17.15	17.4	NA
2026-01-07 08:00:00	-90.3766	30.5044	0	17.96	18.825	97.883	101.52	2.128	0	0.617	213.875	0	0	1.508	0.048	0	0.234	0.241	0.29	0.298	0.26	-8.2	-2.9	-3.425	0.028	0.045	0.121	0.138	0.005	17.15	17.1	17.375	17.175	17.4	NA
2026-01-07 09:00:00	-90.3766	30.5044	0	18.258	19.05	97.834	101.522	2.157	0	1.032	208.5	0	0	2.245	0.045	0	0.234	0.241	0.29	0.298	0.26	-8.2	-2.975	-3.5	0.029	0.046	0.12	0.138	0.005	17.2	17.125	17.3	17.2	17.4	NA
2026-01-07 10:00:00	-90.3766	30.5044	0	18.375	19.2	97.283	101.528	2.164	0	1.478	235.225	0	0	2.955	0.055	0	0.234	0.24	0.29	0.298	0.26	-8.2	-3	-3.5	0.028	0.046	0.119	0.138	0.006	17.312	17.2	17.3	17.2	17.4	NA
2026-01-07 11:00:00	-90.3766	30.5044	0	18.325	19.25	96.857	101.525	2.162	0	1.498	226.35	0	0	3.045	0.073	0	0.234	0.24	0.29	0.298	0.26	-8.2	-3.05	-3.5	0.029	0.046	0.119	0.138	0.003	17.4	17.225	17.3	17.2	17.4	NA
2026-01-07 12:00:00	-90.3766	30.5044	0	18.298	19.25	96.173	101.578	2.147	0	1.26	226.625	0	0	2.728	0.08	0	0.234	0.24	0.29	0.298	0.26	-8.2	-3.1	-3.5	0.029	0.046	0.119	0.138	0.005	17.5	17.3	17.3	17.2	17.4	NA
2026-01-07 13:00:00	-90.3766	30.5044	0	18.598	19.325	96.216	101.625	2.157	8.525	1.362	226.15	0	0	2.865	0.08	0	0.234	0.24	0.29	0.298	0.26	-8.2	-3.15	-3.5	0.029	0.046	0.119	0.138	0.004	17.5	17.3	17.337	17.2	17.425	0.616
2026-01-07 14:00:00	-90.3766	30.5044	0	19.702	19.725	96.126	101.662	2.21	69.225	1.572	236.8	0	0	2.908	0.085	0	0.234	0.24	0.29	0.298	0.26	-8.2	-3.2	-3.5	0.029	0.047	0.118	0.138	0.005	17.613	17.4	17.35	17.2	17.5	0.56
2026-01-07 15:00:00	-90.3766	30.5044	0	21.02	20.15	95.717	101.702	2.259	125.35	2.125	244.375	0	0	3.902	0.098	0	0.234	0.239	0.29	0.298	0.26	-8.2	-3.2	-3.525	0.03	0.048	0.12	0.138	0.005	17.8	17.5	17.375	17.2	17.5	0.546
2026-01-07 16:00:00	-90.3766	30.5044	0	23.42	21.25	92.63	101.72	2.34	261.45	2.272	236.525	0	0	4.407	0.185	0	0.234	0.239	0.29	0.298	0.26	-8.2	-3.275	-3.6	0.032	0.049	0.12	0.138	0.003	18.15	17.75	17.475	17.213	17.5	0.531
2026-01-07 17:00:00	-90.3766	30.5044	0	25.24	22.45	87.38	101.675	2.374	329.35	2.352	244	0	0	4.612	0.348	0	0.233	0.239	0.29	0.298	0.26	-8.3	-3.3	-3.6	0.032	0.05	0.121	0.138	0.002	18.663	18.15	17.625	17.287	17.5	0.52
2026-01-07 18:00:00	-90.3766	30.5044	0	26.773	23.725	80.693	101.612	2.368	407.375	2.715	256.25	0	0	5.398	0.565	0	0.233	0.238	0.29	0.298	0.259	-8.3	-3.35	-3.6	0.034	0.05	0.121	0.138	0.002	19.35	18.625	17.85	17.3	17.5	0.507
2026-01-07 19:00:00	-90.3766	30.5044	0	29.343	25.2	73.816	101.532	2.366	575.175	3.018	236.35	0	0	6.728	0.84	0	0.232	0.238	0.29	0.298	0.259	-8.35	-3.4	-3.6	0.034	0.05	0.121	0.138	0.003	19.987	19.1	18.112	17.3	17.5	0.488
2026-01-07 20:00:00	-90.3766	30.5044	0	27.51	25.5	69.29	101.482	2.261	372.4	2.71	230.7	0	0	5.14	0.998	0	0.231	0.237	0.289	0.298	0.259	-8.45	-3.425	-3.6	0.035	0.051	0.121	0.138	0.001	20.738	19.65	18.45	17.35	17.5	0.498
2026-01-07 21:00:00	-90.3766	30.5044	0	24.945	25.1	69.428	101.472	2.212	184.525	2.135	237.775	0	0	4.022	0.97	0	0.23	0.236	0.289	0.298	0.259	-8.5	-3.5	-3.6	0.035	0.051	0.121	0.138	0	21.188	20.075	18.837	17.425	17.5	0.514
2026-01-07 22:00:00	-90.3766	30.5044	0	23.52	24.825	71.193	101.468	2.232	96.375	1.228	231.875	0	0	2.607	0.897	0	0.229	0.236	0.289	0.298	0.259	-8.6	-3.55	-3.6	0.035	0.052	0.122	0.137	0.004	21.212	20.2	19.125	17.475	17.5	0.518
2026-01-07 23:00:00	-90.3766	30.5044	0	19.385	21.925	78.557	101.498	2.064	7.2	0.41	195.65	0	0	0.87	0.573	0	0.229	0.236	0.289	0.298	0.259	-8.65	-3.625	-3.625	0.034	0.051	0.122	0.138	0.002	21	20.2	19.3	17.575	17.525	0.514
2026-01-08 00:00:00	-90.3766	30.5044	0	17.265	18.875	88.835	101.522	1.937	0	0.34	169.375	0	0	0.708	0.245	0	0.229	0.236	0.289	0.298	0.259	-8.725	-3.7	-3.675	0.031	0.051	0.122	0.138	0.003	20.587	20	19.363	17.675	17.6	NA
2026-01-08 01:00:00	-90.3766	30.5044	0	16.652	18.225	91.202	101.537	1.909	0	0.465	89.6	0	0	1.05	0.18	0	0.228	0.236	0.289	0.297	0.259	-8.85	-3.8	-3.7	0.03	0.051	0.122	0.138	0.003	20.05	19.675	19.35	17.762	17.6	NA
2026-01-08 02:00:00	-90.3766	30.5044	0	16.03	17.15	95.03	101.555	1.859	0	0.335	198.85	0	0	0.81	0.095	0	0.228	0.236	0.289	0.297	0.259	-9	-3.85	-3.7	0.029	0.05	0.121	0.138	0.005	19.562	19.35	19.212	17.85	17.6	NA
2026-01-08 03:00:00	-90.3766	30.5044	0	15.287	16.225	96.073	101.56	1.772	0	0.22	253.725	0	0	0.5	0.07	0	0.228	0.236	0.289	0.297	0.259	-9.05	-3.925	-3.7	0.028	0.05	0.121	0.138	0.004	19.125	19.025	19.062	17.9	17.6	NA
2026-01-08 04:00:00	-90.3766	30.5044	0	14.797	15.8	96.893	101.55	1.739	0	0.278	178.525	0	0	0.765	0.052	0	0.228	0.236	0.289	0.297	0.259	-9.15	-4	-3.7	0.028	0.048	0.12	0.138	0.006	18.75	18.725	18.888	18	17.6	NA
