2026-01-01 06:00:00	-93.071	32.7538	0	2.902	7.025	67.865	100.507	0.681	0	2.413	263.5	0	0	3.632	0.322	0	0.294	0.256	0.295	0.362	0.373	-0.2	-0.3	-0.1	0.17	0.286	0.281	0.35	0.175	11.438	10.425	11.15	13.65	16	NA
2026-01-01 07:00:00	-93.071	32.7538	0	2.66	6.6	68.284	100.477	0.665	0	2.25	257.925	0	0	3.398	0.31	0	0.294	0.256	0.296	0.362	0.373	-0.2	-0.3	-0.1	0.169	0.286	0.281	0.35	0.174	11.238	10.125	10.925	13.65	15.975	NA
2026-01-01 08:00:00	-93.071	32.7538	0	2.635	6.275	68.475	100.472	0.653	0	2.615	258.875	0	0	3.788	0.3	0	0.294	0.256	0.296	0.362	0.373	-0.2	-0.3	-0.1	0.167	0.288	0.28	0.349	0.174	11.025	9.875	10.725	13.65	15.9	NA
2026-01-01 09:00:00	-93.071	32.7538	0	2.812	6.45	67.435	100.44	0.65	0	2.668	259.1	0	0	4.125	0.312	0	0.294	0.257	0.296	0.361	0.373	-0.2	-0.3	-0.1	0.166	0.286	0.278	0.35	0.174	10.8	9.675	10.55	13.65	15.9	NA
2026-01-01 10:00:00	-93.071	32.7538	0	3.067	6.85	65.772	100.432	0.652	0	2.922	253.725	0	0	4.452	0.338	0	0.294	0.257	0.296	0.361	0.373	-0.2	-0.3	-0.1	0.166	0.286	0.278	0.349	0.174	10.638	9.45	10.387	13.65	15.9	NA
2026-01-01 11:00:00	-93.071	32.7538	0	2.658	5.95	68.103	100.375	0.635	0	2.882	252.625	0	0	3.945	0.295	0	0.294	0.257	0.296	0.361	0.373	-0.2	-0.3	-0.1	0.164	0.284	0.277	0.348	0.174	10.488	9.3	10.213	13.625	15.9	NA
2026-01-01 12:00:00	-93.071	32.7538	0	1.592	5.1	70.268	100.362	0.617	0	1.893	246.775	0	0	3.067	0.26	0	0.294	0.257	0.296	0.361	0.373	-0.2	-0.3	-0.1	0.162	0.284	0.278	0.35	0.174	10.337	9.1	10.062	13.562	15.85	NA
2026-01-01 13:00:00	-93.071	32.7538	0	1.502	4.225	74.383	100.362	0.615	5.35	1.415	250.15	0	0	2.428	0.21	0	0.295	0.257	0.297	0.361	0.373	-0.2	-0.3	-0.1	0.162	0.284	0.276	0.349	0.173	10.175	8.95	9.887	13.55	15.8	0.452
2026-01-01 14:00:00	-93.071	32.7538	0	5.29	5.625	77.309	100.425	0.705	58.4	2.18	247.8	0	0	3.718	0.208	0	0.295	0.257	0.297	0.361	0.373	-0.25	-0.3	-0.1	0.16	0.282	0.276	0.35	0.174	10.025	8.775	9.75	13.512	15.8	0.404
2026-01-01 15:00:00	-93.071	32.7538	0	11.568	9.1	69.522	100.495	0.802	221.075	2.59	246.15	0	0	5.415	0.358	0	0.295	0.257	0.297	0.361	0.373	-0.3	-0.3	-0.1	0.158	0.283	0.274	0.349	0.174	10.05	8.875	9.8	13.462	15.8	0.363
2026-01-01 16:00:00	-93.071	32.7538	0	17.695	12.9	56.227	100.518	0.836	371.2	3.53	254.675	0	0	5.952	0.653	0	0.294	0.257	0.297	0.361	0.373	-0.3	-0.3	-0.1	0.16	0.286	0.275	0.35	0.174	10.363	9.4	10.25	13.412	15.8	0.349
2026-01-01 17:00:00	-93.071	32.7538	0	22.688	15.4	51.259	100.465	0.897	458.675	3.215	250.45	0	0	5.77	0.855	0	0.294	0.256	0.296	0.361	0.373	-0.3	-0.225	-0.1	0.16	0.287	0.275	0.351	0.173	10.925	10.3	10.95	13.4	15.8	0.339
2026-01-01 18:00:00	-93.071	32.7538	0	24.91	17.025	47.822	100.358	0.928	431.825	3.19	249.1	0	0	6.018	1.012	0	0.293	0.255	0.296	0.361	0.373	-0.3	-0.2	-0.1	0.161	0.288	0.277	0.352	0.171	11.637	11.45	11.825	13.312	15.8	0.328
2026-01-01 19:00:00	-93.071	32.7538	0	24.848	18.65	42.701	100.232	0.918	401.625	4.093	260.825	0	0	7.76	1.23	0	0.292	0.254	0.296	0.361	0.373	-0.225	-0.2	-0.1	0.164	0.288	0.278	0.351	0.172	12.363	12.6	12.762	13.3	15.7	0.326
2026-01-01 20:00:00	-93.071	32.7538	0	22.345	19.4	39.794	100.16	0.897	313.45	4.447	256.8	0	0	7.332	1.352	0	0.292	0.253	0.295	0.361	0.373	-0.2	-0.2	-0.1	0.166	0.286	0.279	0.351	0.171	12.975	13.5	13.488	13.288	15.7	0.341
2026-01-01 21:00:00	-93.071	32.7538	0	19.47	19.175	39.242	100.125	0.872	195.3	2.255	241	0	0	4.64	1.348	0	0.292	0.253	0.295	0.361	0.373	-0.2	-0.2	-0.1	0.167	0.285	0.28	0.351	0.172	13.438	14.025	13.925	13.25	15.7	0.345
2026-01-01 22:00:00	-93.071	32.7538	0	14.852	18	40.372	100.098	0.833	73.925	1.493	222.95	0	0	3.168	1.228	0	0.291	0.252	0.295	0.361	0.373	-0.2	-0.2	-0.1	0.169	0.284	0.281	0.352	0.172	13.688	14.2	14.088	13.25	15.7	0.371
2026-01-01 23:00:00	-93.071	32.7538	0	10.26	16.175	42.65	100.058	0.784	4.425	0.492	212.4	0	0	1.442	1.055	0	0.291	0.253	0.294	0.361	0.373	-0.2	-0.2	-0.1	0.168	0.284	0.28	0.352	0.172	13.738	14.175	14.113	13.262	15.7	0.37
2026-01-02 00:00:00	-93.071	32.7538	0	10.22	14.75	47.762	100.038	0.801	0	0.6	230.05	0	0	1.425	0.877	0	0.292	0.253	0.294	0.361	0.373	-0.2	-0.2	-0.1	0.168	0.282	0.28	0.351	0.172	13.675	13.875	13.9	13.3	15.7	NA
2026-01-02 01:00:00	-93.071	32.7538	0	10.16	14.375	51.005	100.02	0.835	0	0.863	228.8	0	0	2.135	0.8	0	0.292	0.253	0.294	0.361	0.373	-0.2	-0.2	-0.1	0.168	0.282	0.28	0.352	0.172	13.538	13.55	13.675	13.363	15.6	NA
2026-01-02 02:00:00	-93.071	32.7538	0	9.285	13.45	54.368	100.018	0.839	0	0.84	242.975	0	0	2.3	0.705	0	0.292	0.254	0.294	0.361	0.373	-0.2	-0.3	-0.1	0.168	0.281	0.278	0.354	0.171	13.388	13.275	13.5	13.425	15.6	NA
2026-01-02 03:00:00	-93.071	32.7538	0	9.21	13.05	56.05	99.975	0.842	0	0.762	226.525	0	0	1.955	0.663	0	0.292	0.253	0.294	0.361	0.373	-0.2	-0.3	-0.1	0.168	0.28	0.279	0.352	0.171	13.25	13	13.312	13.462	15.6	NA
2026-01-02 04:00:00	-93.071	32.7538	0	10.325	13.35	57.161	99.952	0.876	0	0.865	231.1	0	0	2.32	0.657	0	0.292	0.253	0.294	0.36	0.373	-0.2	-0.3	-0.1	0.167	0.28	0.278	0.352	0.171	13.125	12.75	13.125	13.538	15.6	NA
2026-01-02 05:00:00	-93.071	32.7538	0	11.245	13.675	58.202	99.927	0.911	0	1.185	223.275	0	0	2.88	0.653	0	0.292	0.254	0.294	0.36	0.373	-0.2	-0.3	-0.1	0.165	0.28	0.278	0.352	0.172	13.062	12.625	13.025	13.575	15.6	NA
2026-01-02 06:00:00	-93.071	32.7538	0	11.722	13.925	62.119	99.862	0.988	0	1.79	231.275	0	0	4.532	0.603	0	0.292	0.254	0.294	0.36	0.373	-0.2	-0.3	-0.1	0.165	0.28	0.278	0.351	0.173	12.975	12.525	12.95	13.6	15.6	NA
2026-01-02 07:00:00	-93.071	32.7538	0	12.165	13.875	68.903	99.782	1.093	0	2.07	222.95	0	0	4.96	0.49	0	0.292	0.254	0.294	0.36	0.373	-0.2	-0.3	-0.1	0.166	0.28	0.278	0.351	0.172	12.95	12.5	12.95	13.638	15.55	NA
2026-01-02 08:00:00	-93.071	32.7538	0.06	12.23	13.55	78.532	99.718	1.218	0	1.925	216.6	0	0	4.815	0.332	0	0.292	0.254	0.294	0.36	0.373	-0.2	-0.3	-0.1	0.165	0.281	0.278	0.35	0.172	12.975	12.5	12.9	13.7	15.5	NA
2026-01-02 09:00:00	-93.071	32.7538	0.013	12.17	13.15	87.48	99.63	1.323	0	1.617	195.325	0	0	4.31	0.188	0	0.292	0.254	0.294	0.36	0.373	-0.2	-0.3	-0.1	0.165	0.282	0.277	0.35	0.173	13	12.55	12.95	13.7	15.5	NA
2026-01-02 10:00:00	-93.071	32.7538	0	12.623	13.675	90.09	99.518	1.41	0	1.89	189.025	0	0	4.745	0.15	0	0.292	0.254	0.294	0.36	0.373	-0.2	-0.3	-0.1	0.165	0.282	0.277	0.349	0.173	13.025	12.6	12.962	13.7	15.5	NA
2026-01-02 11:00:00	-93.071	32.7538	0	12.985	14.325	90.918	99.43	1.485	0	1.862	191.35	0	0	4.938	0.148	0	0.292	0.253	0.294	0.36	0.373	-0.2	-0.3	-0.1	0.164	0.282	0.278	0.351	0.172	13.05	12.625	13.05	13.725	15.5	NA
2026-01-02 12:00:00	-93.071	32.7538	0	13.69	14.925	91.768	99.388	1.557	0	1.93	191.125	0	0	4.925	0.138	0	0.292	0.253	0.294	0.36	0.373	-0.2	-0.275	-0.1	0.165	0.281	0.278	0.35	0.172	13.1	12.725	13.1	13.75	15.5	NA
2026-01-02 13:00:00	-93.071	32.7538	0	14.155	15.3	92.101	99.372	1.601	0.375	2.015	186.65	0	0	4.935	0.138	0	0.292	0.253	0.294	0.36	0.373	-0.2	-0.25	-0.1	0.165	0.28	0.277	0.35	0.173	13.162	12.825	13.188	13.75	15.5	NA
2026-01-02 14:00:00	-93.071	32.7538	0	15.37	15.775	92.855	99.352	1.664	57.85	1.885	202.575	0	0	4.6	0.128	0	0.292	0.253	0.294	0.36	0.373	-0.2	-0.2	-0.1	0.165	0.28	0.278	0.352	0.171	13.275	12.975	13.3	13.788	15.5	0.4
2026-01-02 15:00:00	-93.071	32.7538	0	18.14	16.85	92.504	99.352	1.776	159.275	1.837	206.65	0	0	4.62	0.138	0	0.292	0.253	0.294	0.36	0.373	-0.2	-0.2	-0.1	0.165	0.28	0.278	0.352	0.172	13.425	13.225	13.5	13.8	15.5	0.382
2026-01-02 16:00:00	-93.071	32.7538	0	21.595	18.425	89.887	99.35	1.905	270.55	2.702	235.65	0	0	6.795	0.212	0	0.291	0.252	0.294	0.36	0.373	-0.2	-0.2	-0.1	0.166	0.28	0.278	0.352	0.172	13.75	13.7	13.863	13.8	15.5	0.368
2026-01-02 17:00:00	-93.071	32.7538	0	23.498	19.975	80.562	99.268	1.88	331.775	4.663	247	0	0	8.315	0.455	0	0.29	0.252	0.293	0.36	0.373	-0.2	-0.2	-0.1	0.168	0.281	0.279	0.352	0.172	14.175	14.325	14.425	13.8	15.425	0.351
2026-01-02 18:00:00	-93.071	32.7538	0	26.323	21.325	73.221	99.165	1.857	359.525	4.352	257.65	0	0	8.168	0.677	0	0.29	0.251	0.293	0.36	0.373	-0.2	-0.2	-0.1	0.169	0.281	0.28	0.352	0.172	14.663	15.1	15.025	13.8	15.4	0.339
2026-01-02 19:00:00	-93.071	32.7538	0	29.58	22.8	66.877	99.062	1.855	419.475	3.97	245.175	0	0	7.79	0.92	0	0.289	0.25	0.293	0.36	0.373	-0.2	-0.2	-0.1	0.171	0.281	0.28	0.352	0.173	15.175	15.825	15.675	13.875	15.4	0.334
2026-01-02 20:00:00	-93.071	32.7538	0	28.268	23.425	61.199	99.01	1.764	366.675	4.55	259.55	0	0	8.037	1.117	0	0.288	0.25	0.293	0.36	0.373	-0.2	-0.2	-0.1	0.173	0.28	0.282	0.351	0.172	15.775	16.7	16.425	13.9	15.4	0.415
2026-01-02 21:00:00	-93.071	32.7538	0	25.692	23.725	58.241	99.015	1.71	238.65	4.035	265.65	0	0	7.19	1.225	0	0.288	0.25	0.292	0.36	0.373	-0.2	-0.2	-0.1	0.174	0.28	0.282	0.351	0.174	16.2	17.25	16.925	13.925	15.4	0.446
2026-01-02 22:00:00	-93.071	32.7538	0	20.895	23.3	56.939	99.068	1.629	78.625	3.058	266.625	0	0	5.248	1.232	0	0.288	0.25	0.292	0.36	0.373	-0.2	-0.2	-0.1	0.176	0.28	0.283	0.354	0.172	16.45	17.5	17.1	13.962	15.4	0.45
2026-01-02 23:00:00	-93.071	32.7538	0	14.642	20.7	62.561	99.133	1.526	5.275	1.21	306.175	0	0	1.968	0.917	0	0.288	0.25	0.292	0.36	0.373	-0.2	-0.2	-0.1	0.177	0.279	0.284	0.353	0.173	16.488	17.35	17.038	14.062	15.4	0.396
2026-01-03 00:00:00	-93.071	32.7538	0	12.552	18.425	68.417	99.195	1.45	0	0.87	304.325	0	0	1.495	0.667	0	0.288	0.25	0.292	0.36	0.373	-0.2	-0.2	-0.1	0.176	0.278	0.284	0.354	0.173	16.387	17.025	16.825	14.125	15.4	NA
2026-01-03 01:00:00	-93.071	32.7538	0	12.778	18.675	68.496	99.255	1.474	0	1.565	252.625	0	0	3.125	0.672	0	0.288	0.25	0.292	0.36	0.373	-0.2	-0.2	-0.1	0.177	0.278	0.284	0.354	0.172	16.163	16.55	16.5	14.212	15.4	NA
2026-01-03 02:00:00	-93.071	32.7538	0	12.608	16.275	81.164	99.303	1.501	0	1.855	58.025	0	0	3.837	0.35	0	0.288	0.251	0.292	0.36	0.373	-0.2	-0.2	-0.1	0.177	0.277	0.283	0.354	0.172	15.962	16.15	16.212	14.312	15.4	NA
2026-01-03 03:00:00	-93.071	32.7538	0	12.485	15.35	86.875	99.335	1.515	0	2.47	75.25	0	0	4.972	0.228	0	0.289	0.251	0.292	0.36	0.373	-0.2	-0.2	-0.1	0.176	0.278	0.281	0.354	0.172	15.775	15.8	15.963	14.387	15.4	NA
2026-01-03 04:00:00	-93.071	32.7538	0	11.995	14.25	91.488	99.39	1.486	0	2.405	74.175	0	0	4.145	0.14	0	0.289	0.25	0.292	0.36	0.373	-0.2	-0.2	-0.1	0.177	0.279	0.282	0.355	0.172	15.588	15.5	15.725	14.475	15.4	NA
2026-01-03 05:00:00	-93.071	32.7538	0	11.95	13.45	94.528	99.405	1.458	0	3.125	84.325	0	0	5.162	0.078	0	0.289	0.25	0.292	0.36	0.373	-0.2	-0.2	-0.1	0.176	0.278	0.282	0.355	0.173	15.4	15.225	15.488	14.55	15.4	NA
2026-01-03 06:00:00	-93.071	32.7538	0	13.398	13.15	97.768	99.42	1.479	0	4.065	84.4	0	0	7.455	0.032	0	0.289	0.25	0.292	0.36	0.373	-0.2	-0.2	-0.1	0.175	0.278	0.282	0.355	0.173	15.238	14.95	15.3	14.613	15.4	NA
2026-01-03 07:00:00	-93.071	32.7538	0	13.235	12.825	98.635	99.425	1.461	0	4.327	89.05	0	0	8.008	0.013	0	0.289	0.25	0.292	0.36	0.373	-0.2	-0.2	-0.1	0.175	0.277	0.281	0.353	0.172	15.15	14.85	15.175	14.65	15.4	NA
2026-01-03 08:00:00	-93.071	32.7538	0	13.008	12.45	99.483	99.418	1.437	0	3.64	79.9	0	0	6.265	0.005	0	0.289	0.25	0.292	0.36	0.373	-0.2	-0.2	-0.1	0.175	0.278	0.28	0.353	0.173	15.05	14.75	15.1	14.7	15.4	NA
2026-01-03 09:00:00	-93.071	32.7538	0	12.688	12.075	99.711	99.45	1.406	0	3.785	82.2	0	0	6.95	0	0	0.289	0.251	0.292	0.36	0.373	-0.2	-0.2	-0.1	0.174	0.279	0.281	0.353	0.173	15.012	14.675	15.05	14.75	15.4	NA
2026-01-03 10:00:00	-93.071	32.7538	0	12.418	11.775	99.754	99.493	1.378	0	3.537	79.525	0	0	6.707	0	0	0.289	0.251	0.292	0.36	0.373	-0.2	-0.2	-0.1	0.174	0.279	0.281	0.353	0.173	14.912	14.575	14.938	14.75	15.4	NA
2026-01-03 11:00:00	-93.071	32.7538	0	12.268	11.55	99.944	99.562	1.362	0	2.562	59.325	0	0	5.235	0	0	0.29	0.251	0.292	0.36	0.373	-0.2	-0.2	-0.1	0.174	0.279	0.28	0.352	0.173	14.85	14.45	14.863	14.762	15.4	NA
2026-01-03 12:00:00	-93.071	32.7538	0	11.775	11	99.89	99.648	1.312	0	2.478	45.925	0	0	4.71	0	0	0.29	0.252	0.292	0.36	0.373	-0.2	-0.2	-0.1	0.174	0.277	0.281	0.353	0.172	14.738	14.35	14.775	14.8	15.4	NA
2026-01-03 13:00:00	-93.071	32.7538	0	11.12	10.225	99.977	99.713	1.248	0.025	2.602	41.875	0	0	5.815	0	0	0.29	0.252	0.292	0.36	0.373	-0.2	-0.225	-0.1	0.173	0.278	0.28	0.352	0.174	14.688	14.225	14.662	14.8	15.4	NA
2026-01-03 14:00:00	-93.071	32.7538	0	10.4	8.85	99.866	99.82	1.136	21.45	2.91	31.825	0	0	5.41	0	0	0.29	0.252	0.292	0.36	0.373	-0.2	-0.25	-0.1	0.173	0.276	0.28	0.354	0.174	14.575	14.1	14.55	14.8	15.4	0.42
2026-01-03 15:00:00	-93.071	32.7538	0	10.275	8	99.741	99.908	1.07	52.725	2.822	39.8	0	0	5.438	0	0	0.29	0.251	0.292	0.36	0.373	-0.2	-0.3	-0.1	0.171	0.276	0.28	0.354	0.173	14.463	13.95	14.4	14.8	15.4	0.404
2026-01-03 16:00:00	-93.071	32.7538	0	10.398	7.8	99.769	100.058	1.056	71.8	2.498	19.125	0	0	5.425	0	0	0.29	0.251	0.292	0.36	0.373	-0.2	-0.3	-0.1	0.17	0.276	0.28	0.353	0.173	14.35	13.8	14.3	14.8	15.4	0.394
2026-01-03 17:00:00	-93.071	32.7538	0	11.17	8.175	99.344	100.12	1.078	84.025	3.08	91.6	0	0	6.095	0.007	0	0.29	0.251	0.292	0.36	0.373	-0.2	-0.3	-0.1	0.171	0.274	0.28	0.353	0.174	14.275	13.7	14.212	14.8	15.4	0.382
2026-01-03 18:00:00	-93.071	32.7538	0	13.425	9.025	98.387	100.1	1.132	143.7	2.355	22.825	0	0	5.115	0.018	0	0.29	0.251	0.292	0.36	0.373	-0.2	-0.3	-0.1	0.171	0.274	0.28	0.353	0.172	14.25	13.7	14.175	14.8	15.4	0.376
2026-01-03 19:00:00	-93.071	32.7538	0	13.485	9.3	96.477	100.08	1.13	122.325	2.232	96.2	0	0	5.215	0.04	0	0.29	0.251	0.292	0.36	0.373	-0.2	-0.225	-0.1	0.17	0.275	0.28	0.353	0.173	14.288	13.775	14.275	14.838	15.4	0.376
2026-01-03 20:00:00	-93.071	32.7538	0	14.258	9.625	95.56	100.085	1.144	137.475	2.085	110.625	0	0	4.213	0.055	0	0.29	0.251	0.292	0.36	0.373	-0.2	-0.2	-0.1	0.17	0.275	0.28	0.353	0.172	14.35	13.9	14.35	14.85	15.4	0.375
2026-01-03 21:00:00	-93.071	32.7538	0	14.725	10.475	91.993	100.12	1.166	122.425	1.752	35.325	0	0	3.513	0.095	0	0.289	0.251	0.292	0.36	0.373	-0.2	-0.2	-0.1	0.17	0.275	0.28	0.354	0.173	14.425	14.05	14.45	14.85	15.4	0.367
2026-01-03 22:00:00	-93.071	32.7538	0	12.482	10.7	88.807	100.188	1.143	29.8	1.683	14.975	0	0	3.418	0.145	0	0.289	0.251	0.292	0.36	0.373	-0.2	-0.2	-0.1	0.17	0.275	0.28	0.354	0.173	14.538	14.175	14.562	14.812	15.4	0.397
2026-01-03 23:00:00	-93.071	32.7538	0	11.282	10.45	88.997	100.225	1.126	1.75	1.54	24.475	0	0	3.117	0.138	0	0.289	0.251	0.292	0.36	0.373	-0.2	-0.2	-0.1	0.17	0.275	0.28	0.353	0.172	14.512	14.15	14.525	14.8	15.4	NA
2026-01-04 00:00:00	-93.071	32.7538	0	10.93	10.2	89.817	100.27	1.118	0	0.843	33.375	0	0	1.678	0.125	0	0.289	0.251	0.292	0.36	0.373	-0.2	-0.3	-0.1	0.17	0.274	0.281	0.353	0.172	14.425	14.025	14.425	14.8	15.4	NA
2026-01-04 01:00:00	-93.071	32.7538	0	10.822	10	90.862	100.295	1.116	0	0.455	22.5	0	0	0.907	0.112	0	0.29	0.251	0.292	0.36	0.373	-0.2	-0.275	-0.1	0.17	0.272	0.28	0.353	0.172	14.362	13.875	14.325	14.8	15.425	NA
2026-01-04 02:00:00	-93.071	32.7538	0	10.61	9.8	92.172	100.36	1.117	0	0.902	73.7	0	0	1.59	0.095	0	0.29	0.251	0.292	0.36	0.373	-0.2	-0.3	-0.1	0.17	0.273	0.28	0.353	0.172	14.275	13.775	14.225	14.8	15.5	NA
2026-01-04 03:00:00	-93.071	32.7538	0	10.37	9.7	92.252	100.435	1.11	0	1.38	83.35	0	0	2.668	0.09	0	0.29	0.251	0.292	0.36	0.373	-0.2	-0.3	-0.1	0.17	0.274	0.28	0.354	0.172	14.188	13.65	14.15	14.812	15.5	NA
2026-01-04 04:00:00	-93.071	32.7538	0	10.145	9.675	91.366	100.482	1.098	0	2.188	81.325	0	0	3.993	0.105	0	0.29	0.251	0.292	0.36	0.373	-0.2	-0.3	-0.1	0.169	0.274	0.281	0.353	0.172	14.125	13.55	14.025	14.85	15.5	NA
2026-01-04 05:00:00	-93.071	32.7538	0	9.972	9.5	90.932	100.55	1.08	0	1.6	51.8	0	0	3.288	0.108	0	0.29	0.252	0.292	0.36	0.373	-0.2	-0.3	-0.1	0.167	0.272	0.28	0.353	0.172	14.012	13.425	13.925	14.85	15.5	NA
2026-01-04 06:00:00	-93.071	32.7538	0	9.658	9.2	90.187	100.585	1.05	0	2.228	62.95	0	0	4.002	0.112	0	0.29	0.252	0.293	0.36	0.373	-0.2	-0.3	-0.1	0.167	0.272	0.28	0.353	0.173	13.912	13.275	13.812	14.85	15.5	NA
2026-01-04 07:00:00	-93.071	32.7538	0	9.445	8.875	89.994	100.592	1.024	0	2.092	69.475	0	0	4.617	0.112	0	0.29	0.252	0.293	0.36	0.373	-0.2	-0.3	-0.1	0.166	0.273	0.28	0.354	0.173	13.825	13.15	13.7	14.8	15.5	NA
2026-01-04 08:00:00	-93.071	32.7538	0	8.918	8.375	89.862	100.463	0.989	0	5.287	88.8	0	0	8.26	0.112	0	0.29	0.252	0.293	0.36	0.373	-0.2	-0.3	-0.1	0.167	0.272	0.28	0.353	0.172	13.713	13.025	13.588	14.75	15.5	NA
2026-01-04 09:00:00	-93.071	32.7538	0	8.858	8.175	88.451	100.475	0.96	0	2.988	77.8	0	0	5.377	0.122	0	0.29	0.252	0.293	0.36	0.373	-0.2	-0.3	-0.1	0.166	0.272	0.279	0.353	0.172	13.575	12.85	13.45	14.75	15.5	NA
2026-01-04 10:00:00	-93.071	32.7538	0	8.793	7.975	88.684	100.548	0.95	0	1.735	70.525	0	0	3.605	0.12	0	0.29	0.252	0.293	0.36	0.373	-0.2	-0.3	-0.1	0.166	0.272	0.279	0.354	0.172	13.488	12.7	13.312	14.75	15.5	NA
2026-01-04 11:00:00	-93.071	32.7538	0	8.692	7.825	89.099	100.605	0.944	0	1.095	44.075	0	0	2.107	0.112	0	0.29	0.252	0.293	0.36	0.373	-0.2	-0.3	-0.1	0.165	0.271	0.278	0.354	0.174	13.375	12.575	13.212	14.75	15.5	NA
2026-01-04 12:00:00	-93.071	32.7538	0	8.525	7.725	89.638	100.705	0.944	0	1.638	105.575	0	0	3.35	0.108	0	0.29	0.252	0.293	0.36	0.373	-0.2	-0.3	-0.1	0.165	0.271	0.279	0.354	0.172	13.3	12.475	13.113	14.738	15.5	NA
2026-01-04 13:00:00	-93.071	32.7538	0	8.387	7.45	90.734	100.743	0.938	3.475	1.718	48.625	0	0	3.408	0.098	0	0.29	0.252	0.293	0.36	0.373	-0.2	-0.3	-0.1	0.165	0.271	0.279	0.354	0.174	13.2	12.375	13.038	14.7	15.5	0.421
2026-01-04 14:00:00	-93.071	32.7538	0	9.21	7.325	89.807	100.775	0.92	38.55	1.795	56.75	0	0	3.607	0.103	0	0.29	0.252	0.293	0.36	0.373	-0.2	-0.3	-0.1	0.163	0.27	0.279	0.354	0.173	13.125	12.275	12.938	14.7	15.5	0.393
2026-01-04 15:00:00	-93.071	32.7538	0	11.39	7.575	88.236	100.83	0.919	111.925	1.938	60.65	0	0	3.607	0.122	0	0.29	0.252	0.293	0.36	0.373	-0.2	-0.3	-0.1	0.162	0.271	0.279	0.355	0.174	13.062	12.2	12.9	14.7	15.5	0.378
2026-01-04 16:00:00	-93.071	32.7538	0	14.148	8.175	86.925	100.88	0.944	194.325	2.022	62.725	0	0	4.16	0.14	0	0.29	0.252	0.293	0.36	0.373	-0.2	-0.3	-0.1	0.162	0.271	0.278	0.353	0.173	13.125	12.35	12.975	14.638	15.5	0.377
2026-01-04 17:00:00	-93.071	32.7538	0	18.09	9.1	86.985	100.815	1.006	312.625	1.9	86.3	0	0	4.598	0.148	0	0.29	0.252	0.293	0.36	0.373	-0.2	-0.3	-0.1	0.164	0.272	0.278	0.354	0.173	13.275	12.65	13.213	14.6	15.5	0.367
2026-01-04 18:00:00	-93.071	32.7538	0	21.008	10.45	83.682	100.698	1.059	377.75	1.965	100.025	0	0	4.732	0.208	0	0.289	0.251	0.293	0.36	0.373	-0.2	-0.3	-0.1	0.164	0.272	0.279	0.353	0.172	13.637	13.2	13.625	14.6	15.5	0.356
2026-01-04 19:00:00	-93.071	32.7538	0	20.427	11.3	78.724	100.598	1.054	331.1	1.525	145.95	0	0	3.848	0.285	0	0.289	0.25	0.293	0.36	0.373	-0.2	-0.3	-0.1	0.164	0.272	0.28	0.352	0.172	14.038	13.875	14.188	14.562	15.5	0.354
2026-01-04 20:00:00	-93.071	32.7538	0	20.12	12	74.937	100.515	1.051	313.8	1.75	89.475	0	0	4.013	0.35	0	0.288	0.25	0.292	0.36	0.373	-0.2	-0.3	-0.1	0.164	0.271	0.28	0.354	0.172	14.438	14.5	14.662	14.55	15.5	0.35
2026-01-04 21:00:00	-93.071	32.7538	0	16.855	12.35	72.782	100.51	1.045	191.325	1.668	98.95	0	0	3.562	0.39	0	0.288	0.25	0.292	0.36	0.373	-0.2	-0.3	-0.1	0.165	0.27	0.28	0.354	0.173	14.738	14.9	15.012	14.525	15.5	0.362
2026-01-04 22:00:00	-93.071	32.7538	0	12.568	11.7	73.393	100.49	1.009	62.475	1.982	91.9	0	0	3.27	0.368	0	0.288	0.249	0.292	0.36	0.373	-0.2	-0.3	-0.1	0.166	0.27	0.28	0.354	0.172	14.887	15	15.125	14.5	15.5	0.378
2026-01-04 23:00:00	-93.071	32.7538	0	9.165	10.65	77.169	100.44	0.99	5.125	1.155	68.925	0	0	1.918	0.292	0	0.288	0.25	0.292	0.36	0.373	-0.2	-0.3	-0.1	0.165	0.269	0.28	0.355	0.172	14.85	14.9	15.038	14.5	15.5	0.39
2026-01-05 00:00:00	-93.071	32.7538	0	7.548	9.775	79.682	100.458	0.964	0	1.26	61.075	0	0	2.07	0.242	0	0.288	0.25	0.292	0.36	0.373	-0.2	-0.3	-0.1	0.164	0.268	0.28	0.355	0.172	14.675	14.55	14.8	14.55	15.5	NA
2026-01-05 01:00:00	-93.071	32.7538	0	6.32	8.8	83.4	100.477	0.944	0	1.388	64.75	0	0	2.095	0.185	0	0.289	0.251	0.292	0.36	0.373	-0.2	-0.3	-0.1	0.164	0.269	0.28	0.356	0.173	14.463	14.15	14.5	14.562	15.5	NA
2026-01-05 02:00:00	-93.071	32.7538	0	4.862	7.875	85.713	100.438	0.912	0	0.633	68.15	0	0	1.338	0.148	0	0.289	0.25	0.292	0.36	0.373	-0.2	-0.3	-0.1	0.164	0.268	0.28	0.356	0.173	14.213	13.675	14.162	14.625	15.5	NA
2026-01-05 03:00:00	-93.071	32.7538	0	5.197	7.25	87.552	100.428	0.892	0	0.412	163.425	0	0	0.828	0.125	0	0.289	0.251	0.292	0.36	0.373	-0.2	-0.3	-0.1	0.163	0.268	0.28	0.354	0.173	13.95	13.25	13.812	14.65	15.5	NA
2026-01-05 04:00:00	-93.071	32.7538	0	4.867	6.55	90.86	100.365	0.883	0	0.772	100.5	0	0	1.422	0.09	0	0.289	0.251	0.293	0.36	0.373	-0.2	-0.3	-0.1	0.162	0.268	0.278	0.356	0.174	13.688	12.925	13.525	14.65	15.5	NA
2026-01-05 05:00:00	-93.071	32.7538	0	6.343	6.45	92.811	100.338	0.895	0	0.897	75.275	0	0	1.71	0.068	0	0.29	0.251	0.293	0.36	0.373	-0.2	-0.3	-0.1	0.161	0.269	0.279	0.355	0.173	13.45	12.6	13.262	14.65	15.5	NA
2026-01-05 06:00:00	-93.071	32.7538	0	5.655	6.275	93.044	100.29	0.887	0	0.703	174.75	0	0	1.508	0.065	0	0.29	0.252	0.293	0.36	0.373	-0.2	-0.3	-0.1	0.16	0.268	0.278	0.356	0.174	13.275	12.35	13.05	14.65	15.5	NA
2026-01-05 07:00:00	-93.071	32.7538	0	3.825	6.075	89.752	100.252	0.844	0	0.818	140.85	0	0	1.925	0.095	0	0.29	0.252	0.293	0.36	0.373	-0.2	-0.3	-0.1	0.16	0.267	0.278	0.355	0.174	13.113	12.15	12.85	14.65	15.5	NA
2026-01-05 08:00:00	-93.071	32.7538	0	2.582	4.925	91.081	100.24	0.79	0	0.593	80.85	0	0	1.128	0.073	0	0.29	0.252	0.293	0.36	0.372	-0.2	-0.3	-0.1	0.159	0.268	0.278	0.354	0.174	12.875	11.875	12.613	14.65	15.5	NA
2026-01-05 09:00:00	-93.071	32.7538	0	2.19	4.675	91.525	100.225	0.78	0	0.412	139.95	0	0	0.787	0.075	0	0.29	0.253	0.293	0.36	0.373	-0.2	-0.3	-0.1	0.156	0.266	0.277	0.356	0.174	12.575	11.575	12.387	14.638	15.5	NA
2026-01-05 10:00:00	-93.071	32.7538	0	2.468	4.25	94.03	100.188	0.778	0	0.815	263.5	0	0	1.375	0.048	0	0.29	0.253	0.294	0.36	0.372	-0.2	-0.3	-0.1	0.156	0.266	0.277	0.354	0.175	12.35	11.275	12.125	14.6	15.5	NA
2026-01-05 11:00:00	-93.071	32.7538	0	3.013	4.475	95.04	100.178	0.799	0	0.945	238.875	0	0	1.913	0.04	0	0.291	0.253	0.294	0.36	0.373	-0.2	-0.3	-0.1	0.155	0.266	0.276	0.354	0.174	12.138	11	11.875	14.6	15.5	NA
2026-01-05 12:00:00	-93.071	32.7538	0	3.62	4.85	96.229	100.18	0.831	0	0.703	277.55	0	0	1.398	0.032	0	0.291	0.253	0.294	0.36	0.373	-0.2	-0.3	-0.1	0.154	0.267	0.276	0.354	0.174	11.95	10.75	11.65	14.562	15.5	NA
2026-01-05 13:00:00	-93.071	32.7538	0.009	6.297	5.2	99.575	100.208	0.881	4.425	0.927	225.275	0	0	2.433	0.002	0	0.291	0.253	0.294	0.36	0.372	-0.2	-0.3	-0.1	0.152	0.267	0.275	0.353	0.174	11.788	10.6	11.488	14.512	15.5	0.396
2026-01-05 14:00:00	-93.071	32.7538	0.004	8.112	5.45	99.931	100.215	0.901	67.125	1.072	222.175	0	0	2.612	0	0	0.291	0.254	0.294	0.36	0.372	-0.2	-0.3	-0.1	0.151	0.268	0.276	0.354	0.176	11.738	10.6	11.488	14.45	15.5	0.418
2026-01-05 15:00:00	-93.071	32.7538	0	11.09	6.85	99.9	100.278	0.992	183.95	1.928	230.25	0	0	4.322	0	0	0.291	0.253	0.294	0.36	0.372	-0.2	-0.3	-0.1	0.151	0.269	0.274	0.355	0.175	11.812	10.775	11.588	14.425	15.5	0.409
2026-01-05 16:00:00	-93.071	32.7538	0	16.945	10.25	99.434	100.34	1.247	367.125	1.825	220.7	0	0	4.59	0.007	0	0.29	0.253	0.294	0.36	0.373	-0.2	-0.3	-0.1	0.151	0.269	0.274	0.355	0.174	12.05	11.2	11.887	14.363	15.5	0.369
2026-01-05 17:00:00	-93.071	32.7538	0	22.877	14.05	87.802	100.323	1.406	455.275	2.175	213.675	0	0	5.11	0.195	0	0.29	0.252	0.294	0.36	0.373	-0.2	-0.3	-0.1	0.152	0.27	0.275	0.356	0.174	12.55	12	12.562	14.312	15.5	0.353
2026-01-05 18:00:00	-93.071	32.7538	0	25.627	16.025	78.264	100.208	1.425	455.5	2.702	227.875	0	0	5.715	0.395	0	0.289	0.251	0.294	0.36	0.373	-0.2	-0.3	-0.1	0.154	0.27	0.276	0.354	0.174	13.225	13.075	13.4	14.275	15.5	0.342
2026-01-05 19:00:00	-93.071	32.7538	0	25.952	17.15	71.953	100.085	1.407	401.525	2.515	204.475	0	0	5.908	0.547	0	0.288	0.25	0.293	0.36	0.373	-0.2	-0.3	-0.1	0.155	0.269	0.277	0.355	0.172	13.9	14.15	14.275	14.2	15.5	0.342
2026-01-05 20:00:00	-93.071	32.7538	0	25.67	18.25	67.091	100.03	1.406	377.3	2.532	231.45	0	0	5.625	0.688	0	0.288	0.25	0.293	0.36	0.373	-0.2	-0.3	-0.1	0.158	0.269	0.279	0.355	0.173	14.5	15.025	15.012	14.2	15.5	0.382
2026-01-05 21:00:00	-93.071	32.7538	0	22.402	18.35	64.991	99.995	1.371	252.275	2.312	180.925	0	0	5.062	0.735	0	0.287	0.249	0.292	0.36	0.373	-0.2	-0.3	-0.1	0.158	0.268	0.279	0.355	0.172	14.975	15.65	15.525	14.162	15.5	0.429
2026-01-05 22:00:00	-93.071	32.7538	0	16.68	17.525	65.991	99.98	1.322	86.2	2.348	178.375	0	0	4.82	0.68	0	0.287	0.249	0.292	0.36	0.373	-0.2	-0.3	-0.1	0.159	0.268	0.28	0.355	0.173	15.213	15.875	15.725	14.15	15.5	0.453
2026-01-05 23:00:00	-93.071	32.7538	0	11.905	14.7	73.669	99.985	1.231	5.3	2.195	163.9	0	0	4.772	0.442	0	0.287	0.249	0.292	0.36	0.373	-0.2	-0.3	-0.1	0.159	0.266	0.28	0.355	0.172	15.238	15.725	15.6	14.175	15.5	0.431
2026-01-06 00:00:00	-93.071	32.7538	0	10.365	12.775	81.623	99.975	1.204	0	1.64	163.6	0	0	3.433	0.268	0	0.287	0.249	0.292	0.36	0.372	-0.2	-0.3	-0.1	0.158	0.266	0.279	0.355	0.173	15.113	15.35	15.387	14.2	15.5	NA
2026-01-06 01:00:00	-93.071	32.7538	0	9.585	12.2	85.021	99.968	1.208	0	0.835	184.65	0	0	2.248	0.21	0	0.287	0.249	0.292	0.36	0.373	-0.2	-0.3	-0.1	0.158	0.265	0.278	0.354	0.172	14.925	14.95	15.1	14.275	15.5	NA
2026-01-06 02:00:00	-93.071	32.7538	0	9.255	11.75	87.921	99.915	1.213	0	0.665	170.725	0	0	1.607	0.168	0	0.288	0.25	0.292	0.36	0.372	-0.2	-0.3	-0.1	0.159	0.265	0.278	0.355	0.172	14.725	14.55	14.812	14.325	15.5	NA
2026-01-06 03:00:00	-93.071	32.7538	0	10.037	12.375	88.273	99.88	1.269	0	0.98	165.975	0	0	2.745	0.167	0	0.288	0.25	0.292	0.36	0.372	-0.2	-0.3	-0.1	0.158	0.264	0.278	0.356	0.173	14.512	14.2	14.55	14.35	15.5	NA
2026-01-06 04:00:00	-93.071	32.7538	0	11.402	13.5	89.473	99.86	1.385	0	1.668	203.35	0	0	4.112	0.165	0	0.288	0.249	0.292	0.36	0.373	-0.2	-0.3	-0.1	0.158	0.264	0.277	0.357	0.173	14.362	13.95	14.363	14.438	15.5	NA
2026-01-06 05:00:00	-93.071	32.7538	0	12.762	14.125	93.141	99.85	1.501	0	1.998	207.725	0	0	4.772	0.11	0	0.288	0.249	0.292	0.36	0.373	-0.2	-0.3	-0.1	0.157	0.265	0.277	0.357	0.173	14.262	13.8	14.225	14.45	15.5	NA
2026-01-06 06:00:00	-93.071	32.7538	0	12.508	13.825	95.395	99.85	1.508	0	1.998	230.225	0	0	4.565	0.07	0	0.288	0.249	0.292	0.36	0.373	-0.2	-0.3	-0.1	0.156	0.266	0.277	0.356	0.174	14.2	13.8	14.212	14.488	15.5	NA
2026-01-06 07:00:00	-93.071	32.7538	0	13.123	14.025	96.532	99.842	1.546	0	2.21	230.075	0	0	5.495	0.055	0	0.288	0.249	0.292	0.36	0.372	-0.2	-0.3	-0.1	0.156	0.265	0.277	0.356	0.173	14.2	13.8	14.15	14.525	15.5	NA
2026-01-06 08:00:00	-93.071	32.7538	0	13.71	14.6	97.206	99.835	1.615	0	2.42	238.675	0	0	5.793	0.045	0	0.288	0.249	0.292	0.36	0.372	-0.2	-0.3	-0.1	0.156	0.265	0.278	0.356	0.172	14.162	13.8	14.15	14.55	15.5	NA
2026-01-06 09:00:00	-93.071	32.7538	0	14.938	15.575	96.824	99.82	1.714	0	2.99	236.55	0	0	7.827	0.055	0	0.288	0.249	0.292	0.36	0.373	-0.2	-0.3	-0.1	0.156	0.265	0.277	0.356	0.173	14.2	13.8	14.188	14.55	15.475	NA
2026-01-06 10:00:00	-93.071	32.7538	0	16.202	16.825	96.492	99.8	1.849	0	4.43	245.975	0	0	8.877	0.068	0	0.288	0.249	0.292	0.36	0.372	-0.2	-0.3	-0.1	0.156	0.265	0.278	0.356	0.173	14.275	13.95	14.275	14.55	15.4	NA
2026-01-06 11:00:00	-93.071	32.7538	0	16.55	17.3	95.602	99.8	1.888	0	3.487	244.925	0	0	7.465	0.088	0	0.288	0.249	0.292	0.36	0.373	-0.2	-0.3	-0.1	0.156	0.266	0.278	0.356	0.173	14.413	14.15	14.462	14.55	15.4	NA
2026-01-06 12:00:00	-93.071	32.7538	0	16.848	17.6	94.962	99.83	1.911	0	3.817	245.575	0	0	7.56	0.105	0	0.288	0.249	0.292	0.36	0.372	-0.2	-0.3	-0.1	0.158	0.266	0.278	0.356	0.172	14.575	14.4	14.65	14.55	15.4	NA
2026-01-06 13:00:00	-93.071	32.7538	0	16.992	17.8	94.423	99.855	1.925	1.625	3.74	249.75	0	0	6.833	0.11	0	0.287	0.249	0.292	0.36	0.373	-0.2	-0.3	-0.1	0.158	0.266	0.279	0.355	0.173	14.713	14.6	14.788	14.55	15.4	NA
2026-01-06 14:00:00	-93.071	32.7538	0	17.343	17.8	95.181	99.882	1.94	39.7	2.595	245.825	0	0	4.688	0.1	0	0.287	0.248	0.292	0.36	0.373	-0.2	-0.3	-0.1	0.158	0.265	0.28	0.356	0.173	14.85	14.75	14.95	14.562	15.4	0.4
2026-01-06 15:00:00	-93.071	32.7538	0	20.567	18.775	95.586	99.915	2.073	202.75	3.192	243.825	0	0	6.3	0.092	0	0.287	0.248	0.291	0.36	0.373	-0.2	-0.3	-0.1	0.159	0.266	0.28	0.355	0.172	14.988	14.975	15.137	14.613	15.4	0.392
2026-01-06 16:00:00	-93.071	32.7538	0	21.657	19.7	90.933	99.935	2.087	206.475	5.032	250.1	0	0	8.992	0.208	0	0.286	0.248	0.291	0.36	0.373	-0.2	-0.3	-0.1	0.158	0.266	0.28	0.356	0.172	15.3	15.425	15.475	14.65	15.4	0.382
2026-01-06 17:00:00	-93.071	32.7538	0	22.317	20.2	88.186	99.898	2.087	209.325	4.772	256.5	0	0	7.905	0.275	0	0.286	0.248	0.291	0.36	0.373	-0.2	-0.3	-0.1	0.159	0.266	0.28	0.356	0.173	15.637	15.95	15.912	14.65	15.4	0.382
2026-01-06 18:00:00	-93.071	32.7538	0	24.775	21.15	84.653	99.787	2.125	281.95	4.088	261.1	0	0	7.015	0.38	0	0.286	0.248	0.291	0.36	0.373	-0.2	-0.3	-0.1	0.162	0.266	0.281	0.357	0.172	15.963	16.425	16.288	14.65	15.4	0.374
2026-01-06 19:00:00	-93.071	32.7538	0	25.012	21.575	81.519	99.705	2.1	260.925	3.122	269.6	0	0	5.312	0.47	0	0.285	0.247	0.291	0.36	0.373	-0.2	-0.3	-0.1	0.162	0.265	0.282	0.357	0.173	16.337	16.925	16.75	14.7	15.4	0.371
2026-01-06 20:00:00	-93.071	32.7538	0	27.825	22.775	79.377	99.698	2.2	326.875	2.78	266.2	0	0	5.61	0.573	0	0.285	0.247	0.29	0.36	0.373	-0.2	-0.3	-0.1	0.163	0.267	0.283	0.358	0.174	16.712	17.425	17.188	14.7	15.4	0.36
2026-01-06 21:00:00	-93.071	32.7538	0	24.895	23.325	74.237	99.71	2.127	189.25	2.545	277.55	0	0	4.287	0.735	0	0.285	0.247	0.29	0.36	0.373	-0.2	-0.3	-0.1	0.165	0.266	0.284	0.356	0.174	17.075	17.95	17.675	14.8	15.4	0.405
2026-01-06 22:00:00	-93.071	32.7538	0	21.753	23.275	73.585	99.72	2.102	87.625	1.45	229.075	0	0	3.268	0.755	0	0.284	0.247	0.29	0.36	0.373	-0.2	-0.3	-0.1	0.165	0.264	0.284	0.357	0.174	17.337	18.25	17.9	14.825	15.4	0.439
2026-01-06 23:00:00	-93.071	32.7538	0	15.752	20.525	78.014	99.748	1.884	6.8	0.948	264.2	0	0	2.115	0.532	0	0.284	0.247	0.29	0.36	0.373	-0.2	-0.3	-0.1	0.165	0.264	0.285	0.357	0.174	17.4	18.2	17.9	14.862	15.4	0.439
2026-01-07 00:00:00	-93.071	32.7538	0	13.805	18.425	83.804	99.818	1.776	0	0.78	273.825	0	0	1.258	0.342	0	0.285	0.247	0.29	0.36	0.373	-0.2	-0.3	-0.1	0.166	0.264	0.284	0.358	0.174	17.275	17.85	17.688	14.95	15.4	NA
2026-01-07 01:00:00	-93.071	32.7538	0	13.195	17.35	89.696	99.838	1.776	0	0.775	283.9	0	0	1.223	0.202	0	0.285	0.247	0.29	0.36	0.373	-0.2	-0.3	-0.1	0.165	0.265	0.285	0.358	0.174	17.075	17.45	17.4	15.012	15.4	NA
