2025-05-22	-93.071	32.754	0	29.014	19.4	39.84	26.893	22.7	30.2	56.588	41.745	77.208	100.161	1.957	310.11	1.136	2.356	1.625	0	0.211	0.146	0.213	0.355	0.36	-76.385	-33.64	-96.732	0.059	NA	0.022	0.37	0.197	29.304	30.008	29.48	26.136	23.388	0.626
2025-05-23	-93.071	32.754	0	28.105	17.93	43.86	24.931	19	31.6	73.423	45.371	93.274	100.164	2.28	307.908	1.434	2.792	0.966	0	0.21	0.145	0.215	0.356	0.36	-37.111	-23.396	-70.31	0.002	NA	0	0.376	0.202	28.23	28.753	28.36	26.116	23.254	0.643
2025-05-24	-93.071	32.754	0.017	27.103	20.31	39.56	24.449	20.4	28.8	85.271	71.691	99.175	100.127	2.605	226.673	1.952	4.187	0.48	0	0.206	0.143	0.214	0.356	0.36	-23.709	-21.724	-39.579	0	NA	0	0.378	0.204	28.637	28.99	28.727	26.711	23.422	0.641
2025-05-25	-93.071	32.754	5.068	28.615	20.72	41.83	25.478	19.8	31.6	85.277	62.603	100	100.171	2.747	253.492	2.174	4.678	0.595	0.001	0.203	0.142	0.213	0.356	0.36	-19.643	-22.181	-23.968	0	NA	0	0.378	0.205	28.653	29.046	28.803	26.778	23.664	0.643
2025-05-26	-93.071	32.754	101.545	21.724	19.06	29.34	20.377	18.4	24.6	96.833	83.277	100	99.94	2.323	117.153	2.086	4.271	0.084	0.003	0.3	0.248	0.274	0.368	0.362	-3.798	-3.572	-4.53	0.013	0.006	0.006	0.411	0.21	25.614	25.067	25.476	26.366	23.906	0.623
2025-05-27	-93.071	32.754	2.961	25.976	19.93	36.3	22.584	18.9	27.7	86.664	63.563	100	100.114	2.344	294.982	1.51	3.239	0.433	0	0.285	0.216	0.261	0.364	0.363	-0.288	-0.388	-0.746	0.039	0.05	0.008	0.412	0.208	25.779	25.83	25.956	25.131	23.976	0.628
2025-05-28	-93.071	32.754	2.365	23.199	17.98	30.9	21.128	17.5	24	92.14	75.806	100	100.357	2.301	156.121	1.307	2.655	0.22	0	0.265	0.194	0.251	0.358	0.36	-0.131	-0.424	-0.677	0.069	0.109	0.014	0.407	0.205	25.53	25.28	25.57	25.238	23.824	0.665
2025-05-29	-93.071	32.754	0.017	24.706	19.02	37.17	22.371	19	27.6	89.719	66.112	100	100.253	2.402	208.759	1.167	2.343	0.336	0	0.261	0.189	0.246	0.358	0.36	-0.1	-0.342	-0.59	0.099	0.156	0.024	0.41	0.202	25.472	25.424	25.589	24.909	23.799	0.675
2025-05-30	-93.071	32.754	0.799	23.662	17.83	33.6	21.389	18.5	24.8	86.572	61.718	100	100.219	2.185	216.116	1.579	3.245	0.376	0	0.259	0.185	0.247	0.358	0.36	-0.1	-0.577	-0.5	0.078	0.144	0.019	0.409	0.201	25.67	25.566	25.787	24.976	23.7	0.693
2025-05-31	-93.071	32.754	0	24.188	15.36	35.74	21.989	15.8	27.8	70.827	42.441	98.001	100.075	1.792	346.738	1.758	3.353	0.916	0	0.256	0.181	0.248	0.357	0.36	-0.1	-0.805	-0.5	0.067	0.119	0.018	0.408	0.201	26.057	26.281	26.313	24.882	23.7	0.677
2025-06-01	-93.071	32.754	0	23.961	14.97	37.26	22.422	15.6	28	70.194	48.175	95.523	99.91	1.846	276.379	1.38	2.5	0.946	0	0.254	0.179	0.247	0.357	0.36	-0.1	-1.239	-0.5	0.063	0.103	0.019	0.408	0.202	26.435	26.607	26.625	25.124	23.7	0.679
2025-06-02	-93.071	32.754	0	25.494	15.62	37.49	23.645	17.2	29.4	73.283	53.955	91.089	100.059	2.104	320.58	1.771	3.361	0.902	0	0.251	0.177	0.246	0.357	0.36	-0.136	-2.112	-0.5	0.06	0.092	0.02	0.407	0.203	27.248	27.628	27.499	25.324	23.716	0.687
2025-06-03	-93.071	32.754	0	26.525	18.5	37.09	24.851	18.8	29.4	77.223	55.967	98.673	99.96	2.39	281.441	1.687	3.707	0.802	0	0.249	0.176	0.244	0.357	0.36	-0.2	-4.169	-0.5	0.056	0.086	0.022	0.408	0.204	28.207	28.674	28.44	25.862	23.828	0.69
2025-06-04	-93.071	32.754	0	27.7	21.8	39.61	25.791	22.4	29.6	81.088	68.102	96.26	99.986	2.683	231.789	1.532	3.245	0.662	0	0.248	0.174	0.241	0.357	0.36	-0.235	-6.185	-0.5	0.048	0.08	0.022	0.408	0.204	28.758	29.275	28.981	26.368	23.981	0.703
2025-06-05	-93.071	32.754	0	29.123	21.36	40.12	26.916	21.8	31.7	80.638	56.879	100	100.084	2.796	315.666	1.245	2.555	0.817	0	0.246	0.173	0.239	0.357	0.36	-0.3	-8.244	-0.5	0.031	0.076	0.022	0.406	0.205	29.782	30.556	30.069	26.809	24.197	0.681
2025-06-06	-93.071	32.754	0	29.169	22.29	39.75	27.001	22.6	31.4	80.578	60.289	99.796	100.072	2.831	283.457	1.548	3.094	0.777	0	0.243	0.173	0.236	0.357	0.361	-0.385	-10.548	-0.554	0.013	0.061	0.018	0.404	0.204	30.457	31.139	30.708	27.483	24.453	0.686
2025-06-07	-93.071	32.754	0	29.406	23.52	39.32	27.428	23.7	32.3	81.815	60.928	99.903	99.879	2.949	282.96	2.332	4.557	0.753	0	0.239	0.173	0.234	0.357	0.361	-0.554	-12.421	-0.6	0.002	0.026	0.014	0.403	0.206	30.601	31.209	30.824	27.907	24.761	0.686
2025-06-08	-93.071	32.754	43.371	24.743	20.58	34.59	23.127	19.6	28.4	92.888	78.421	100	99.825	2.632	129.018	1.56	3.367	0.235	0.003	0.251	0.203	0.235	0.357	0.36	-0.411	-5.451	-0.497	0.015	0.016	0.017	0.406	0.21	28.564	28.339	28.545	27.976	25.042	0.722
2025-06-09	-93.071	32.754	3.591	26.455	20.24	36.09	24.151	19.6	28.9	87.007	66.623	99.991	99.729	2.592	269.57	2.066	4.231	0.46	0	0.255	0.197	0.236	0.357	0.359	-0.151	-0.316	-0.5	0.056	0.08	0.035	0.41	0.207	27.948	27.932	28.043	27.116	25.2	0.698
2025-06-10	-93.071	32.754	0	26.392	18.73	36.44	25.045	19.2	30.1	76.681	44.454	99.584	100.113	2.357	284.951	1.332	2.502	0.873	0	0.251	0.185	0.237	0.356	0.359	-0.1	-0.303	-0.5	0.068	0.136	0.031	0.414	0.204	28.284	28.345	28.414	27.04	25.167	0.698
2025-06-11	-93.071	32.754	21.354	24.753	19.67	36.76	22.904	19.6	29.5	91.571	69.567	100	100.295	2.538	187.195	1.939	3.857	0.314	0	0.254	0.196	0.242	0.356	0.359	-0.1	-0.309	-0.46	0.065	0.15	0.035	0.417	0.203	27.848	27.727	27.893	27.055	25.177	0.709
2025-06-12	-93.071	32.754	3.826	24.131	20.14	31.29	22.395	19.5	26	94.768	78.84	100	100.016	2.566	152.302	1.641	3.6	0.16	0	0.262	0.203	0.244	0.357	0.359	-0.1	-0.1	-0.409	0.124	0.199	0.073	0.419	0.204	26.149	25.784	26.12	26.498	25.185	0.711
2025-06-13	-93.071	32.754	0	26.887	21.84	36.06	24.832	21.6	30.4	87.502	64.819	100	99.98	2.717	279.557	1.707	3.963	0.459	0	0.255	0.191	0.245	0.357	0.359	-0.1	-0.1	-0.4	0.181	0.237	0.097	0.42	0.201	27.336	27.439	27.449	26.179	25.069	0.709
2025-06-14	-93.071	32.754	0	25.755	20.69	36.88	23.997	20.6	30	91.438	73.914	100	100.2	2.728	207.519	1.58	3.591	0.287	0	0.253	0.187	0.246	0.357	0.359	-0.1	-0.126	-0.4	0.155	0.223	0.076	0.425	0.201	28.036	28.155	28.173	26.6	25	0.71
2025-06-15	-93.071	32.754	20.947	24.804	21.42	35.9	22.908	21.1	29.1	97.761	78.359	100	100.222	2.735	155.848	1.469	3.258	0.077	0.001	0.252	0.185	0.246	0.358	0.36	-0.1	-0.189	-0.4	0.152	0.216	0.074	0.429	0.203	27.538	27.449	27.593	26.707	25.081	0.724
2025-06-16	-93.071	32.754	1.667	26.656	21.09	35.5	24.705	20.4	29.8	90.494	74.903	100	99.989	2.809	258.977	1.468	2.982	0.35	0	0.25	0.182	0.247	0.358	0.36	-0.1	-0.1	-0.4	0.224	0.249	0.115	0.429	0.201	27.453	27.519	27.558	26.473	25.1	0.706
2025-06-17	-93.071	32.754	0	28.409	21.83	37.18	26.442	21.1	31.5	84.308	66.961	99.477	99.9	2.883	303.293	1.905	4.031	0.625	0	0.247	0.182	0.249	0.358	0.36	-0.1	-0.1	-0.4	0.222	0.239	0.125	0.43	0.2	29.115	29.51	29.342	26.829	25.1	0.719
2025-06-18	-93.071	32.754	0	30.152	23.45	41.89	27.416	23.8	31.6	83.246	65.658	98.744	100.11	3.008	293.735	1.787	3.912	0.686	0	0.245	0.181	0.251	0.358	0.36	-0.1	-0.165	-0.4	0.19	0.223	0.109	0.436	0.199	30.261	30.783	30.569	27.448	25.227	0.679
2025-06-19	-93.071	32.754	0	30.449	23.62	41.96	27.511	23.6	32.6	84.122	61.706	99.638	100.377	3.051	285.325	2.049	3.894	0.667	0	0.244	0.18	0.252	0.359	0.36	-0.1	-0.2	-0.4	0.166	0.212	0.099	0.441	0.199	30.987	31.535	31.298	28.03	25.426	0.602
2025-06-20	-93.071	32.754	0	31.233	23.82	43.86	27.837	23.7	32.3	83.387	63.471	100	100.347	3.079	302.14	1.718	3.544	0.714	0	0.243	0.179	0.252	0.359	0.361	-0.1	-0.296	-0.4	0.14	0.195	0.091	0.446	0.201	31.731	32.364	32.049	28.53	25.678	0.524
2025-06-21	-93.071	32.754	0	31.551	22.76	45.85	27.812	23	32.7	80.154	58.49	100	100.373	2.945	316.006	1.562	3.519	0.848	0	0.242	0.178	0.252	0.359	0.361	-0.1	-0.385	-0.4	0.12	0.177	0.084	0.449	0.201	32.241	32.878	32.534	29.026	25.935	0.435
2025-06-22	-93.071	32.754	0	32.165	22.8	46.8	28.016	22.8	32.6	79.247	59.145	99.346	100.526	2.95	306.202	1.465	3.052	0.891	0	0.242	0.178	0.253	0.359	0.361	-0.1	-0.518	-0.4	0.099	0.16	0.077	0.448	0.202	32.485	33.084	32.737	29.427	26.208	0.398
2025-06-23	-93.071	32.754	0	31.893	22.61	49	27.845	22.8	32.6	79.301	57.051	99.331	100.66	2.922	275.88	1.072	2.22	0.878	0	0.242	0.178	0.253	0.359	0.361	-0.1	-0.735	-0.4	0.07	0.141	0.068	0.443	0.204	32.552	33.096	32.761	29.752	26.482	0.377
2025-06-24	-93.071	32.754	1.362	30.76	22.57	48.27	26.752	22.4	32.1	83.255	61.866	99.665	100.745	2.896	262.144	1.093	2.363	0.674	0	0.243	0.178	0.254	0.359	0.361	-0.1	-1.258	-0.4	0.032	0.117	0.057	0.436	0.205	32.033	32.38	32.166	29.89	26.721	0.37
2025-06-25	-93.071	32.754	0	31.516	21.05	46.94	26.682	21.1	32.5	78.985	54.099	99.567	100.613	2.704	329.016	1.32	2.694	0.881	0	0.243	0.179	0.254	0.359	0.361	-0.1	-2.257	-0.4	0.016	0.084	0.048	0.431	0.206	31.71	32.166	31.898	29.72	26.921	0.347
2025-06-26	-93.071	32.754	0	32.244	21.48	48.63	27.17	21.1	32.4	77.657	53.756	99.864	100.368	2.733	324.362	1.106	2.263	0.949	0	0.241	0.179	0.253	0.359	0.362	-0.1	-3.829	-0.4	0.013	0.044	0.043	0.428	0.208	32.499	33.103	32.74	29.936	27.045	0.342
2025-06-27	-93.071	32.754	0	32.088	21.45	48.9	27.109	21.2	32.7	77.885	51.914	100	100.353	2.721	328.354	1.269	2.657	0.947	0	0.239	0.178	0.253	0.358	0.362	-0.1	-5.618	-0.4	0.012	0.002	0.033	0.427	0.211	32.808	33.392	33.055	30.251	27.206	0.339
2025-06-28	-93.071	32.754	0	32.389	22.67	48.35	27.622	22.5	32.7	77.805	55.185	99.545	100.362	2.815	304.195	1.448	3.07	0.951	0	0.236	0.175	0.254	0.358	0.362	-0.1	-7.365	-0.4	0.012	0	0.013	0.425	0.211	32.883	33.397	33.121	30.49	27.393	0.342
2025-06-29	-93.071	32.754	14.247	32.225	22.39	50.31	26.902	22.5	32.9	82.582	55.298	99.448	100.264	2.867	318.649	1.59	3.481	0.749	0	0.233	0.173	0.254	0.358	0.362	-0.1	-10.01	-0.4	0.014	0	0.001	0.424	0.211	33.023	33.506	33.239	30.68	27.574	0.345
2025-06-30	-93.071	32.754	0.085	31.085	23.45	44.73	27.151	23	32.4	81.891	56.286	100	100.239	2.878	302.695	2.422	4.484	0.784	0	0.233	0.172	0.253	0.358	0.362	-0.182	-10.383	-0.4	0.013	0	0	0.425	0.213	31.661	31.75	31.773	30.598	27.751	0.338
2025-07-01	-93.071	32.754	0	31.997	23.7	47.12	27.709	23.8	32.4	79.214	58.726	96.029	100.215	2.898	297.802	1.997	3.695	0.872	0	0.233	0.172	0.255	0.357	0.362	-0.165	-9.548	-0.4	0.017	0	0	0.425	0.211	31.783	32.069	32.007	30.199	27.8	0.328
2025-07-02	-93.071	32.754	0	32.578	22.56	49.88	27.69	22.5	32.7	77.9	53.961	97.529	100.221	2.833	279.728	0.932	1.932	0.945	0	0.232	0.171	0.255	0.358	0.362	-0.154	-9.372	-0.4	0.026	0	0	0.423	0.21	32.213	32.605	32.441	30.247	27.8	0.335
2025-07-03	-93.071	32.754	0	30.78	22.52	48.05	26.648	22.9	31.3	82.9	62.43	97.605	100.241	2.883	227.1	1.391	2.653	0.637	0	0.23	0.168	0.255	0.357	0.363	-0.191	-10.059	-0.4	0.034	0	0	0.42	0.208	32.082	32.304	32.239	30.413	27.848	0.329
2025-07-04	-93.071	32.754	0	30.656	21.05	46.37	26.209	20.8	31.4	78.928	56.354	99.696	100.314	2.635	225.62	1.205	2.351	0.835	0	0.229	0.165	0.255	0.357	0.363	-0.2	-10.584	-0.4	0.042	0	0	0.417	0.208	31.278	31.413	31.386	30.19	27.9	0.321
2025-07-05	-93.071	32.754	35.719	33.018	21.05	51.01	27.379	21.2	34	73.71	44.179	97.655	100.244	2.582	324.368	1.251	2.773	1.18	0.001	0.227	0.163	0.253	0.357	0.363	-0.2	-11.029	-0.404	0.053	0	0.003	0.414	0.207	31.983	32.442	32.214	30.065	27.9	0.326
2025-07-06	-93.071	32.754	0	31.987	22.24	51.2	26.922	21.9	32.8	80.128	56.393	98.293	100.141	2.802	311.526	1.276	2.637	0.813	0	0.232	0.165	0.255	0.357	0.363	-0.145	-9.485	-0.4	0.022	0.003	0	0.419	0.206	31.566	31.603	31.714	30.208	27.928	0.328
2025-07-07	-93.071	32.754	4.183	28.455	23.17	50.84	25.204	22.8	32.2	88.741	62.927	97.754	100.28	2.833	185.422	1.317	2.705	0.402	0	0.236	0.167	0.258	0.356	0.363	-0.1	-7.461	-0.4	0.011	0.018	0.002	0.427	0.206	30.942	30.825	30.976	30.07	27.984	0.338
2025-07-08	-93.071	32.754	0	30.721	22.18	46.7	26.09	21.8	31.4	85.094	64.623	100	100.489	2.847	294.553	1.959	3.783	0.584	0	0.238	0.168	0.259	0.356	0.363	-0.1	-6.448	-0.4	0.02	0.035	0.009	0.434	0.206	30.446	30.591	30.612	29.489	27.956	0.323
2025-07-09	-93.071	32.754	1.004	29.717	21.58	47.31	25.303	21.3	31	87.048	65.063	100	100.386	2.782	245.105	1.796	3.579	0.495	0	0.239	0.169	0.26	0.357	0.363	-0.1	-6.292	-0.4	0.017	0.04	0.004	0.44	0.206	30.861	31.059	31.026	29.477	27.844	0.314
2025-07-10	-93.071	32.754	9.539	28.776	21.8	45.96	24.93	21.4	29.9	92.067	70.186	99.95	100.239	2.894	267.425	2.001	3.805	0.294	0.001	0.24	0.17	0.26	0.357	0.362	-0.1	-6.336	-0.4	0.02	0.05	0.006	0.443	0.206	30.299	30.349	30.39	29.385	27.796	0.328
2025-07-11	-93.071	32.754	0	30.956	22.76	46.17	27.069	23	32.6	80.753	57.878	99.995	100.247	2.836	313.391	2.133	4.184	0.811	0	0.24	0.17	0.261	0.357	0.362	-0.1	-5.925	-0.4	0.043	0.075	0.021	0.449	0.202	30.331	30.52	30.51	29.144	27.7	0.314
2025-07-12	-93.071	32.754	1.837	27.186	22.45	47.37	24.459	22.4	31	91.275	69.016	99.628	100.353	2.792	166.425	1.669	3.544	0.306	0.001	0.243	0.172	0.263	0.357	0.362	-0.1	-5.847	-0.4	0.024	0.066	0.011	0.45	0.205	29.895	29.858	29.933	29.211	27.669	0.334
2025-07-13	-93.071	32.754	4.914	30.51	22.39	48.36	25.665	21	31.8	88.289	62.196	100	100.342	2.87	277.818	1.837	3.68	0.499	0	0.245	0.173	0.264	0.357	0.362	-0.1	-5.835	-0.4	0.019	0.068	0.011	0.452	0.205	29.727	29.966	29.879	28.756	27.581	0.313
2025-07-14	-93.071	32.754	0.051	30.52	21.11	48.53	25.699	20	31.9	87.308	63.94	100	100.383	2.857	272.881	1.403	2.884	0.527	0	0.245	0.174	0.263	0.357	0.362	-0.1	-5.795	-0.4	0.026	0.078	0.016	0.46	0.204	29.994	30.191	30.176	28.81	27.5	0.317
2025-07-15	-93.071	32.754	0	32.538	23.22	49.4	27.555	23	32.8	81.402	55.689	100	100.302	2.941	311.88	1.693	3.299	0.811	0	0.246	0.176	0.264	0.357	0.362	-0.1	-5.683	-0.4	0.025	0.077	0.016	0.46	0.203	31.234	31.771	31.497	29.033	27.403	0.309
2025-07-16	-93.071	32.754	0	33.293	22.91	50.57	27.804	22.7	33.1	79.267	56.177	99.567	100.139	2.901	328.132	1.508	2.856	0.905	0	0.246	0.177	0.263	0.357	0.362	-0.1	-5.783	-0.4	0.025	0.08	0.017	0.462	0.203	32.18	32.803	32.452	29.551	27.476	0.31
2025-07-17	-93.071	32.754	0	33.943	22.64	53.59	28.506	22.9	33.6	76.268	52.137	92.999	100.128	2.913	297.727	1.1	2.216	1.055	0	0.246	0.177	0.263	0.357	0.362	-0.1	-6.272	-0.4	0.019	0.079	0.017	0.462	0.204	32.745	33.361	33.001	30.067	27.617	0.31
2025-07-18	-93.071	32.754	63.278	28.446	23.43	47.27	24.953	22	31	94.98	76.403	100	100.266	2.998	171.219	1.324	2.698	0.184	0.001	0.249	0.181	0.262	0.362	0.363	-0.1	-6.763	-0.342	0.025	0.089	0.023	0.469	0.208	31.249	31.099	31.255	30.341	27.807	0.267
2025-07-19	-93.071	32.754	0.357	29.55	23.2	46.99	26.326	22.7	31.3	90.223	70.292	100	100.43	3.076	197.239	1.638	3.427	0.394	0	0.255	0.184	0.267	0.364	0.362	-0.1	-2.919	-0.3	0.067	0.129	0.042	0.478	0.207	29.23	28.952	29.28	29.413	27.992	0.251
2025-07-20	-93.071	32.754	0	32.446	23.97	48.48	28.011	23.8	33.3	83.088	59.211	100	100.379	3.094	297.553	1.724	3.634	0.752	0	0.255	0.185	0.269	0.36	0.361	-0.1	-1.844	-0.3	0.062	0.128	0.037	0.485	0.203	30.42	30.653	30.681	29.06	27.873	0.312
2025-07-21	-93.071	32.754	0	32.986	23.73	50.1	27.971	23.6	33.5	81.827	58.187	100	100.275	3.032	310.638	1.561	3.196	0.806	0	0.253	0.185	0.268	0.359	0.361	-0.1	-1.864	-0.3	0.068	0.132	0.04	0.491	0.203	31.541	31.93	31.83	29.394	27.8	0.314
2025-07-22	-93.071	32.754	0	33.715	22.95	51.76	28.092	23.1	34.3	80.576	53.155	99.809	100.265	3.001	319.72	1.284	2.486	0.878	0	0.252	0.184	0.267	0.359	0.361	-0.1	-2.235	-0.3	0.072	0.133	0.041	0.494	0.203	32.322	32.79	32.607	29.83	27.84	0.32
2025-07-23	-93.071	32.754	0	33.988	23.24	52.45	28.653	23.8	33.9	76.878	56.48	93.58	100.35	2.976	308.471	1.396	2.577	1.014	0	0.25	0.184	0.267	0.359	0.361	-0.1	-2.913	-0.3	0.074	0.13	0.042	0.495	0.203	32.918	33.409	33.189	30.302	27.951	0.329
2025-07-24	-93.071	32.754	0	35.276	23.71	54.11	29.284	23.6	34.9	75.719	51.523	94.889	100.264	3.025	308.853	1.009	2.197	1.123	0	0.249	0.184	0.266	0.359	0.361	-0.1	-4.07	-0.3	0.069	0.123	0.04	0.493	0.205	33.565	34.133	33.849	30.743	28.118	0.337
2025-07-25	-93.071	32.754	0	33.154	24.25	49.65	27.796	23.9	32.4	83.351	64.392	100	100.081	3.083	277.036	2.15	4.049	0.696	0	0.249	0.184	0.265	0.359	0.361	-0.1	-5.42	-0.3	0.059	0.114	0.036	0.487	0.206	33.568	33.954	33.734	31.208	28.318	0.347
2025-07-26	-93.071	32.754	1.344	31.272	23.94	45.6	26.76	23.5	30.4	86.479	70.922	98.939	100.25	3.027	251.885	1.843	4.013	0.512	0	0.25	0.186	0.265	0.359	0.361	-0.1	-6.709	-0.3	0.026	0.101	0.03	0.475	0.207	32.632	32.806	32.702	31.195	28.538	0.351
2025-07-27	-93.071	32.754	10.932	29.564	23.15	50.31	25.712	21.6	30.3	92.067	73.456	100	100.648	3.038	202.015	1.365	3.192	0.297	0	0.25	0.187	0.265	0.358	0.361	-0.1	-8.479	-0.3	0.011	0.093	0.026	0.468	0.207	31.622	31.648	31.64	30.877	28.656	0.37
2025-07-28	-93.071	32.754	0	33.087	23.81	50.19	28.271	23.4	33.8	82.44	59.228	99.885	100.738	3.109	311.53	1.437	2.711	0.8	0	0.25	0.189	0.264	0.358	0.361	-0.1	-8.961	-0.348	0.012	0.094	0.027	0.471	0.206	31.804	32.154	31.999	30.441	28.664	0.386
2025-07-29	-93.071	32.754	0	24.708	24.17	25.33	25.421	24.8	26.1	88.823	84.493	91.957	100.588	2.884	0	1.311	1.929	0.364	0	0.25	0.19	0.263	0.358	0.361	-0.1	-8.665	-0.4	0.011	0.093	0.029	0.472	0.206	32.194	32.006	32.126	30.809	28.6	NA
2025-07-31	-93.071	32.754	12.632	29.644	22.85	48.99	25.739	22.1	34.3	89.667	63.787	100	100.22	2.951	246.562	1.404	3.067	0.442	0.001	0.249	0.189	0.261	0.357	0.36	-0.1	-10.056	-0.4	0.009	0.091	0.03	0.476	0.209	32.077	32.068	32.125	31.278	28.825	0.301
2025-08-01	-93.071	32.754	0.017	28.918	22.28	42.93	25.169	22	30.3	93.696	74.38	100	100.568	2.999	229.197	1.479	3.016	0.234	0	0.251	0.189	0.261	0.357	0.36	-0.1	-8.805	-0.4	0.019	0.106	0.039	0.49	0.207	30.415	30.182	30.466	30.512	28.889	0.319
2025-08-02	-93.071	32.754	15.982	26.082	22.93	34.2	24.01	21.4	27.1	93.901	85.596	100	100.587	2.805	119.148	1.235	2.554	0.188	0.001	0.255	0.193	0.263	0.357	0.36	-0.1	-5.222	-0.4	0.026	0.108	0.037	0.493	0.208	29.43	28.938	29.345	30.01	28.768	0.258
2025-08-03	-93.071	32.754	0	27.646	19.15	40.33	24.391	19.6	29.4	77.023	55.132	92.718	100.264	2.311	306.441	1.412	3.002	0.793	0	0.258	0.195	0.264	0.356	0.359	-0.1	-0.473	-0.4	0.065	0.146	0.06	0.503	0.206	28.781	28.525	28.883	29.117	28.584	0.506
2025-08-04	-93.071	32.754	0	27.784	19.34	41.24	24.824	19.9	29.9	75.704	56.021	94.984	100.19	2.336	280.5	1.252	2.547	0.854	0	0.256	0.197	0.266	0.356	0.36	-0.1	-0.472	-0.4	0.059	0.14	0.055	0.512	0.205	29.549	29.496	29.684	28.978	28.329	0.554
2025-08-05	-93.071	32.754	0	28.943	19.08	42.5	25.978	19.8	32	74.689	50.707	95.197	100.512	2.45	307.802	1.05	2.265	0.994	0	0.255	0.197	0.267	0.357	0.36	-0.1	-0.572	-0.4	0.06	0.134	0.055	0.519	0.205	30.437	30.658	30.631	29.08	28.166	0.567
2025-08-06	-93.071	32.754	0	30.207	20.93	44.56	27.495	21.4	33.3	74.469	50.345	100	100.72	2.661	305.854	0.824	1.832	1.094	0	0.254	0.197	0.266	0.357	0.36	-0.1	-0.815	-0.4	0.058	0.127	0.055	0.523	0.206	31.569	31.998	31.793	29.475	28.1	0.596
2025-08-07	-93.071	32.754	0	30.21	21.91	44.35	28.024	22.1	33.9	75.546	52.958	97.431	100.551	2.796	260.82	0.852	1.684	1.079	0	0.253	0.197	0.266	0.357	0.36	-0.1	-1.511	-0.4	0.051	0.119	0.054	0.521	0.206	32.043	32.435	32.236	29.966	28.134	0.616
2025-08-08	-93.071	32.754	0	30.79	22.36	44.51	28.509	23	34.3	73.794	49.584	95.646	100.194	2.813	304.636	0.951	2.018	1.164	0	0.252	0.197	0.264	0.357	0.36	-0.1	-4.073	-0.4	0.025	0.108	0.051	0.508	0.206	32.644	33.194	32.861	30.313	28.24	0.636
2025-08-09	-93.071	32.754	2.281	28.735	22.84	42.82	26.365	22.8	33.2	83.424	56.282	96.463	100.168	2.834	249.558	1.295	2.636	0.658	0	0.25	0.197	0.263	0.357	0.36	-0.1	-7.77	-0.4	0.012	0.097	0.046	0.498	0.207	32.471	32.797	32.587	30.695	28.358	0.647
2025-08-10	-93.071	32.754	0.034	28.707	21.31	41.48	26.793	21.2	32.7	78.954	52.762	100	100.233	2.722	279.644	1.276	2.528	0.878	0	0.249	0.196	0.262	0.356	0.359	-0.19	-11.586	-0.4	0.006	0.083	0.041	0.491	0.209	31.387	31.603	31.513	30.453	28.496	0.662
2025-08-11	-93.071	32.754	0.221	28.683	21.49	39.82	27.003	21.9	32.8	79.063	59.63	97.57	100.163	2.79	243.893	1.155	2.563	0.836	0	0.246	0.195	0.261	0.356	0.36	-0.221	-14.404	-0.4	0.008	0.038	0.037	0.487	0.209	31.536	31.821	31.677	30.371	28.5	0.68
2025-08-12	-93.071	32.754	16.681	28.787	22.68	39.65	26.811	21.4	32	84.637	65.631	100	100.05	2.959	242.75	1.088	2.369	0.621	0.001	0.245	0.196	0.26	0.356	0.36	-0.3	-16.866	-0.4	0.009	0.011	0.034	0.491	0.211	31.424	31.582	31.525	30.373	28.554	0.717
2025-08-13	-93.071	32.754	13.787	28.411	23.15	37.62	26.821	22.2	31.2	86.617	71.801	97.634	100.009	3.047	256.104	1.579	2.996	0.512	0	0.245	0.196	0.258	0.356	0.359	-0.447	-17.094	-0.458	0.007	0.031	0.035	0.497	0.211	31.029	31.054	31.092	30.27	28.6	0.699
2025-08-14	-93.071	32.754	0.102	27.774	22.73	39.03	26.153	22.4	32.7	86.577	65.479	97.436	100.11	2.929	219.151	1.329	2.791	0.517	0	0.245	0.197	0.256	0.355	0.359	-0.73	-17.369	-0.5	0.003	0.045	0.038	0.514	0.209	30.94	30.95	31.008	30.069	28.5	0.715
2025-08-15	-93.071	32.754	0	28.819	21.89	38.98	27.184	21.2	33.8	81.864	56.421	100	100.405	2.9	284.672	1.204	2.688	0.81	0	0.243	0.197	0.254	0.355	0.359	-1.249	-18.641	-0.5	0.004	0.052	0.038	0.508	0.209	31.437	31.776	31.612	30.011	28.5	0.725
2025-08-16	-93.071	32.754	0	29.152	22.65	39.84	28.053	22.4	34.6	81.134	54.177	99.53	100.434	3.026	270.35	1.34	2.713	0.862	0	0.24	0.196	0.252	0.355	0.359	-1.966	-21.725	-0.5	0.005	0.054	0.036	0.505	0.209	32.133	32.573	32.324	30.293	28.5	0.724
2025-08-17	-93.071	32.754	0	29.796	23.58	39.45	29.132	24.1	35.1	76.778	51.47	94.336	100.203	3.035	279.144	1.531	2.923	1.089	0	0.236	0.195	0.25	0.355	0.359	-3.459	-26.141	-0.5	0.006	0.036	0.032	0.503	0.21	32.66	33.231	32.894	30.577	28.5	0.732
2025-08-18	-93.071	32.754	0	30.167	23.04	39.05	29.593	23.9	35.4	71.706	50.642	90.816	100.117	2.916	286.452	1.19	2.513	1.322	0	0.231	0.192	0.248	0.355	0.359	-6.293	-32.151	-0.5	0.009	0.001	0.026	0.5	0.211	33.097	33.721	33.362	30.875	28.61	0.739
2025-08-19	-93.071	32.754	0	29.427	21.83	38.92	28.917	22.4	35.3	73.315	49.852	94.862	100.136	2.865	272.954	1.044	2.235	1.228	0	0.225	0.189	0.246	0.355	0.359	-9.999	-40.684	-0.5	0.012	0	0.016	0.5	0.21	33.157	33.715	33.416	31.153	28.748	0.729
2025-08-20	-93.071	32.754	0	27.443	22.35	38.47	26.433	23.4	33.5	80.65	59.792	91.374	99.985	2.767	219.61	1.634	3.476	0.722	0	0.22	0.186	0.241	0.355	0.359	-12.317	-53.03	-0.5	0.012	0	0.01	0.498	0.209	32.672	32.952	32.853	31.303	28.866	0.741
2025-08-21	-93.071	32.754	0	27.634	21.64	36.87	26.447	21.6	31.7	80.78	59.397	98.366	99.9	2.744	245.226	1.652	3.516	0.763	0	0.216	0.182	0.234	0.355	0.359	-15.697	-68.032	-0.5	0.012	0	0.006	0.495	0.207	31.783	31.94	31.954	31.023	28.988	0.732
2025-08-22	-93.071	32.754	0	27.563	20.32	37.8	26.793	21.4	31.9	70.728	51.061	89.227	100.057	2.444	283.022	1.832	3.892	1.141	0	0.212	0.178	0.227	0.355	0.359	-19.065	-83.431	-0.5	0.012	0	0.007	0.492	0.204	31.884	32.108	32.078	30.87	29	0.722
2025-08-23	-93.071	32.754	0	27.086	18.71	39.74	26.705	20.6	32.6	68.697	48.917	89.633	100.105	2.361	283.96	1.182	2.53	1.225	0	0.207	0.174	0.22	0.355	0.36	-22.55	-101.886	-0.547	0.013	0	0.008	0.488	0.2	31.858	32.099	32.046	30.839	29	0.712
2025-08-24	-93.071	32.754	0	27.039	18.87	38.58	26.762	21.1	32.4	64.903	46.039	84.362	100.183	2.236	282.426	1.46	3.075	1.352	0	0.203	0.17	0.214	0.354	0.36	-25.988	-121.924	-0.6	0.013	0	0.009	0.479	0.198	31.789	31.983	31.965	30.854	29	0.72
2025-08-25	-93.071	32.754	0	26.667	18.55	38.82	26.064	20.7	32.2	64.6	37.806	86.591	100.36	2.112	255.833	2.058	3.96	1.333	0	0.199	0.167	0.209	0.354	0.36	-29.723	-144.869	-0.6	0.013	0	0.012	0.467	0.198	31.334	31.4	31.448	30.796	29	0.692
2025-08-26	-93.071	32.754	0	24.469	17.7	37.23	22.478	18.7	27.6	73.662	58.953	91.006	100.708	1.992	214.046	3.104	5.995	0.758	0	0.196	0.164	0.205	0.354	0.36	-33.799	-170.19	-0.644	0.011	0	0.014	0.448	0.196	30.501	30.339	30.553	30.58	29	0.697
2025-08-27	-93.071	32.754	0	24.185	19.51	36.85	22.37	18.9	27.2	81.864	64.165	95.159	100.754	2.193	154.035	2.284	4.212	0.547	0	0.194	0.161	0.202	0.353	0.361	-37.8	-196.25	-0.7	0.01	0	0.018	0.42	0.194	29.474	29.204	29.477	30.105	28.969	0.694
2025-08-28	-93.071	32.754	13.94	25.142	18.86	41.15	23.685	19.8	32.2	85.619	58.924	100	100.323	2.491	159.276	1.869	3.714	0.527	0	0.192	0.159	0.2	0.353	0.361	-40.868	-216.438	-0.761	0.011	0	0.021	0.393	0.195	29.534	29.424	29.58	29.725	28.833	0.452
2025-08-29	-93.071	32.754	26.003	21.682	20.26	24.38	20.395	19.2	21.8	99.628	97.976	100	100.24	2.39	66.689	2.065	3.819	0.006	0.001	0.236	0.175	0.213	0.352	0.36	-44.217	-104.002	-0.8	0.05	0.014	0.023	0.389	0.202	26.748	25.965	26.607	29.174	28.678	NA
2025-08-30	-93.071	32.754	0	25.289	19.6	35.81	23.998	20	28.9	88.001	65.41	100	100.126	2.598	203.63	1.407	2.72	0.431	0	0.254	0.193	0.212	0.352	0.36	-40.625	-2.216	-0.865	0.044	0.001	0	0.397	0.2	27.074	26.772	27.105	28.17	28.396	0.382
2025-08-31	-93.071	32.754	0	25.734	20.28	35.05	24.858	20.6	30	81.899	53.706	100	100.256	2.518	200.454	1.441	2.642	0.669	0	0.242	0.19	0.212	0.352	0.36	-36.864	-5.518	-0.921	0.032	0	0	0.396	0.201	27.819	27.664	27.91	28.175	28.073	0.663
2025-09-01	-93.071	32.754	0	25.748	20.21	36.7	24.775	21.5	29.7	78.139	57.094	88.402	100.288	2.425	176.001	1.353	2.665	0.733	0	0.234	0.187	0.212	0.352	0.36	-34.028	-9.269	-1	0.031	0	0	0.387	0.201	28.122	28.039	28.221	28.145	27.879	0.674
2025-09-02	-93.071	32.754	10.421	25.806	19.83	38.23	24.397	20.2	30.7	83.211	55.043	95.889	100.159	2.516	207.028	1.129	2.445	0.581	0.001	0.229	0.183	0.212	0.351	0.36	-32.36	-12.44	-1.046	0.033	0.003	0	0.366	0.199	28.26	28.197	28.363	28.182	27.761	0.651
2025-09-03	-93.071	32.754	0.051	25.734	20.02	36.06	24.573	20.5	30	83.622	57.526	98.83	99.882	2.549	207.056	1.407	2.633	0.583	0	0.227	0.181	0.212	0.351	0.359	-31.595	-15.375	-1.1	0.039	0.006	0	0.365	0.2	28.074	27.929	28.14	28.222	27.693	0.657
2025-09-04	-93.071	32.754	0	26.795	19.46	37.84	25.704	20.1	32	77.704	51.481	98.512	99.684	2.504	263.069	1.69	3.106	0.884	0	0.226	0.182	0.212	0.351	0.359	-30.779	-17.267	-1.149	0.045	0.011	0.003	0.366	0.199	28.79	28.928	28.952	28.208	27.6	0.659
2025-09-05	-93.071	32.754	0	26.726	20.14	37.93	25.824	20.9	31.1	85.412	70.116	99.838	99.842	2.842	178.833	1.504	3.028	0.545	0	0.224	0.18	0.211	0.351	0.359	-30.23	-20.03	-1.2	0.049	0.015	0.009	0.362	0.199	28.876	28.896	28.971	28.403	27.6	0.651
2025-09-06	-93.071	32.754	74.947	20.752	17.02	25.68	19.849	17	27.1	96.316	82.369	100	100.398	2.243	66.012	2.152	4.458	0.099	0.002	0.287	0.241	0.254	0.352	0.36	-18.13	-5.474	-0.591	0.04	0.016	0.011	0.363	0.202	26.694	25.975	26.559	28.181	27.562	NA
2025-09-07	-93.071	32.754	0.017	21.681	15.66	32.79	20.26	15.5	25.6	77.978	52.242	100	100.686	1.797	259.734	2.152	4.224	0.63	0	0.29	0.24	0.266	0.353	0.36	-9.764	-0.25	-0.3	0.025	0.007	0.016	0.372	0.199	25.002	24.345	24.952	26.755	27.385	0.581
2025-09-08	-93.071	32.754	0	21.196	12.84	34.1	20.221	14.4	25.8	63.509	44.297	84.035	100.634	1.473	276.09	1.815	3.909	0.95	0	0.279	0.23	0.267	0.353	0.36	-7.685	-0.2	-0.3	0.021	0.017	0.021	0.378	0.197	25.064	24.551	25.091	26.186	27.028	0.618
2025-09-09	-93.071	32.754	0	22.281	11.15	36.43	20.855	12.9	28.4	69.3	52.126	85.269	100.348	1.717	264.211	1.246	2.544	0.854	0	0.276	0.226	0.27	0.354	0.361	-5.302	-0.261	-0.3	0.016	0.019	0.02	0.374	0.197	25.341	25.073	25.405	25.988	26.705	0.613
2025-09-10	-93.071	32.754	0	25.899	16.6	40.23	24.396	17.2	31.1	74.228	53.981	90.669	100.45	2.254	248.499	0.934	1.91	0.9	0	0.273	0.224	0.269	0.354	0.361	-3.399	-0.661	-0.3	0.012	0.022	0.017	0.374	0.197	26.912	27.09	27.099	26.206	26.466	0.598
2025-09-11	-93.071	32.754	0	27.04	19.18	42.11	25.71	19.9	32	78.166	53.126	100	100.569	2.529	231.861	0.817	1.694	0.866	0	0.269	0.223	0.268	0.354	0.362	-2.636	-2.639	-0.344	0.011	0.024	0.014	0.377	0.197	28.065	28.363	28.278	26.809	26.4	0.597
2025-09-12	-93.071	32.754	0	28.02	19.88	42.24	26.562	21.4	32.6	74.853	49.306	92.736	100.509	2.547	234.977	0.947	1.797	1.015	0	0.266	0.223	0.267	0.354	0.362	-2.441	-6.833	-0.4	0.013	0.006	0.009	0.377	0.197	28.718	29.049	28.949	27.323	26.446	0.602
2025-09-13	-93.071	32.754	0	28.836	20.03	43.67	26.671	20.4	33.2	74.405	45.486	95.711	100.286	2.543	242.297	1.11	2.076	1.051	0	0.263	0.221	0.265	0.354	0.362	-2.413	-10.681	-0.4	0.015	0	0.003	0.381	0.197	29.236	29.56	29.476	27.749	26.565	0.586
2025-09-14	-93.071	32.754	0	27.983	19.21	45.24	26.172	21.1	32	72.002	48.491	93.313	100.147	2.378	215.636	0.827	1.601	1.092	0	0.26	0.218	0.263	0.354	0.362	-2.517	-12.556	-0.4	0.019	0.005	0.006	0.379	0.196	29.249	29.427	29.42	28.089	26.729	0.549
2025-09-15	-93.071	32.754	0	28.071	19.42	43.42	25.899	20.9	31.9	73.296	47.157	92.518	100.352	2.399	208.832	1.331	2.245	1.019	0	0.258	0.214	0.26	0.354	0.362	-2.868	-13.355	-0.4	0.025	0.014	0.012	0.375	0.195	29.214	29.394	29.383	28.173	26.859	0.498
2025-09-16	-93.071	32.754	0	29.323	20.37	44.93	26.436	20.9	32.8	71.761	50.931	91.716	100.441	2.436	234.952	1.423	2.929	1.106	0	0.255	0.21	0.258	0.354	0.362	-3.182	-13.842	-0.4	0.032	0.022	0.02	0.369	0.194	29.663	29.936	29.882	28.319	26.962	0.454
2025-09-17	-93.071	32.754	0	28.169	18.89	47.18	25.376	19.4	33.3	74.456	49.411	92.363	100.219	2.389	208.931	1.267	2.394	0.947	0	0.253	0.206	0.255	0.354	0.362	-3.772	-14.27	-0.4	0.041	0.029	0.03	0.359	0.193	29.627	29.799	29.808	28.541	27.057	0.419
2025-09-18	-93.071	32.754	0	28.482	19.89	47.03	25.873	20.3	32.8	75.707	49.94	96.906	100.146	2.465	205.854	1.208	2.405	0.964	0	0.25	0.203	0.253	0.354	0.361	-4.605	-14.752	-0.4	0.049	0.038	0.041	0.346	0.193	29.497	29.649	29.649	28.571	27.163	0.378
2025-09-19	-93.071	32.754	0	27.049	19.14	46.68	24.547	20	31.6	77.532	53.661	91.472	100.254	2.382	202.239	1.877	3.538	0.764	0	0.249	0.2	0.251	0.354	0.362	-5.251	-15.145	-0.4	0.058	0.047	0.051	0.336	0.192	29.312	29.383	29.435	28.58	27.24	0.373
2025-09-20	-93.071	32.754	0	27.444	17.67	48.16	25.098	18.4	32.4	75.091	49.68	98.414	100.26	2.339	212.256	0.933	1.932	0.945	0	0.247	0.198	0.249	0.354	0.362	-5.822	-15.536	-0.4	0.067	0.056	0.062	0.329	0.19	29.176	29.316	29.314	28.479	27.3	0.374
2025-09-21	-93.071	32.754	0	28.126	18.36	46.4	24.746	19.3	31.2	79.739	55.677	99.201	100.077	2.456	217.681	1.699	3.689	0.732	0	0.245	0.195	0.246	0.355	0.362	-6.319	-15.94	-0.4	0.077	0.067	0.073	0.322	0.19	29.189	29.329	29.321	28.481	27.3	0.36
2025-09-22	-93.071	32.754	0	28.897	21.02	46.17	25.641	21.2	31	83.027	62.793	99.333	99.887	2.701	191.793	1.582	3.694	0.649	0	0.243	0.193	0.244	0.355	0.361	-6.757	-16.339	-0.4	0.087	0.078	0.084	0.317	0.189	29.387	29.551	29.52	28.522	27.3	0.349
2025-09-23	-93.071	32.754	0	29.287	21.8	47.59	25.933	22.2	32.6	87.001	63.944	100	99.927	2.894	185.438	1.653	3.95	0.504	0	0.241	0.191	0.242	0.355	0.361	-7.308	-16.769	-0.4	0.098	0.089	0.094	0.313	0.188	29.492	29.632	29.623	28.594	27.3	0.347
2025-09-24	-93.071	32.754	103.979	23.105	20.54	25.48	22.433	20.5	25.3	97.835	91.38	100	100.031	2.662	40.261	2.166	4.439	0.063	0.001	0.293	0.241	0.272	0.357	0.362	-4.807	-7.525	-0.311	0.105	0.12	0.089	0.316	0.189	27.59	27.019	27.49	28.556	27.369	NA
2025-09-25	-93.071	32.754	0.459	24.513	18.99	40.04	21.994	19	26.3	88.921	68.304	100	100.071	2.33	177.322	1.866	3.582	0.335	0	0.315	0.258	0.287	0.358	0.363	-0.139	-0.189	-0.225	0.055	0.073	0.035	0.32	0.19	25.988	25.444	25.955	27.327	27.32	0.349
2025-09-26	-93.071	32.754	0.017	25.103	16.79	42.52	21.795	17	27.2	80.778	54.132	100	99.976	2.069	206.719	1.131	2.235	0.593	0	0.308	0.252	0.29	0.359	0.363	-0.1	-0.1	-0.2	0.032	0.034	0.019	0.321	0.191	25.649	25.181	25.656	26.76	27.041	0.345
2025-09-27	-93.071	32.754	0	24.801	14.49	42.34	21.896	16.1	27.4	72.809	51.728	99.438	100.107	1.871	236.39	1.109	2.32	0.819	0	0.305	0.249	0.292	0.36	0.363	-0.1	-0.141	-0.2	0.021	0.008	0.015	0.319	0.192	25.474	25.11	25.543	26.371	26.781	0.353
2025-09-28	-93.071	32.754	0	24.742	14.84	42.31	22.252	16.6	27.8	71.516	52.166	95.924	100.389	1.888	224.841	1.314	2.701	0.864	0	0.301	0.248	0.292	0.36	0.364	-0.1	-0.2	-0.2	0.017	0.001	0.012	0.318	0.192	25.458	25.199	25.536	26.136	26.538	0.349
2025-09-29	-93.071	32.754	0	26.265	15.85	46.49	23.611	17.3	29.4	67.308	50.466	85.622	100.404	1.941	216.171	1.639	3.371	1.048	0	0.297	0.246	0.291	0.36	0.364	-0.1	-0.276	-0.2	0.015	0.002	0.01	0.318	0.192	25.722	25.6	25.839	26.001	26.346	0.356
2025-09-30	-93.071	32.754	0	25.202	18.39	45.65	23.123	19.2	28	74.491	63.546	85.605	100.31	2.111	148.016	1.199	2.516	0.751	0	0.294	0.244	0.29	0.36	0.364	-0.1	-0.39	-0.2	0.013	0.004	0.009	0.318	0.191	25.927	25.786	25.989	26.064	26.184	0.346
2025-10-01	-93.071	32.754	0	24.931	16.94	47.22	22.776	18.3	29.8	77.76	49.802	91.361	100.279	2.119	177.841	1.138	2.459	0.715	0	0.293	0.242	0.289	0.36	0.364	-0.1	-0.527	-0.2	0.011	0.005	0.009	0.318	0.19	25.718	25.532	25.774	26.048	26.09	0.367
2025-10-02	-93.071	32.754	0	27.389	17.97	45.84	24.454	19.2	30	76.461	60.017	93.179	100.529	2.333	211.72	1.586	3.091	0.791	0	0.29	0.238	0.287	0.359	0.364	-0.1	-0.789	-0.2	0.012	0.009	0.01	0.317	0.19	26.988	27.157	27.164	26.273	26	0.344
2025-10-03	-93.071	32.754	0	24.886	15.4	42.67	22.608	17	28	72.153	51.287	94.701	100.669	1.944	221.164	1.94	3.654	0.855	0	0.289	0.238	0.287	0.359	0.364	-0.1	-1.217	-0.2	0.012	0.008	0.01	0.317	0.19	26.716	26.701	26.817	26.484	26	0.35
2025-10-04	-93.071	32.754	0	24.352	14.13	44.32	21.635	15.2	27.9	74.342	57.599	91.061	100.338	1.915	214.552	2.045	3.776	0.746	0	0.288	0.238	0.287	0.359	0.364	-0.1	-2.046	-0.2	0.011	0.006	0.009	0.316	0.19	25.967	25.846	26.033	26.276	26	0.33
2025-10-05	-93.071	32.754	0	25.456	15.12	45.01	22.529	17	28.3	78.804	66.192	89.954	100.056	2.166	194.858	2.022	3.878	0.631	0	0.285	0.238	0.286	0.359	0.364	-0.177	-3.568	-0.2	0.011	0	0.008	0.317	0.191	26.016	25.982	26.117	26.083	25.929	0.328
2025-10-06	-93.071	32.754	1.207	24.243	19.86	33.01	22.522	20.7	25.9	94.278	85.084	100	100.037	2.576	99.07	1.339	2.539	0.162	0	0.283	0.237	0.284	0.359	0.364	-0.2	-5.325	-0.2	0.013	0	0.006	0.317	0.192	26.142	25.984	26.17	26.164	25.9	NA
2025-10-07	-93.071	32.754	0.187	28.05	19.91	46.56	23.675	20.2	28.7	88.971	68.329	100	100.341	2.583	191.733	1.164	2.53	0.384	0	0.281	0.237	0.282	0.359	0.364	-0.2	-5.972	-0.2	0.017	0	0.006	0.316	0.192	26.63	26.74	26.795	26.13	25.8	0.323
2025-10-08	-93.071	32.754	0.017	24.718	19.05	39.15	22.268	19.9	25.5	91.372	81.792	100	100.702	2.455	134.894	1.94	3.936	0.242	0	0.28	0.236	0.282	0.359	0.364	-0.239	-6.142	-0.2	0.02	0	0.005	0.316	0.191	26.363	26.236	26.402	26.378	25.8	0.335
2025-10-09	-93.071	32.754	0	23.969	14.68	42.48	20.291	15.2	26	78.541	53.129	97.63	100.919	1.84	211.805	2.158	4.335	0.583	0	0.279	0.235	0.281	0.359	0.364	-0.3	-6.652	-0.2	0.022	0	0.003	0.315	0.191	25.624	25.468	25.683	26.085	25.8	0.337
2025-10-10	-93.071	32.754	0	22.636	11.47	44.18	19.209	12.6	25.6	69.216	49.897	87.331	100.752	1.526	215.108	1.889	3.946	0.766	0	0.278	0.234	0.281	0.359	0.364	-0.38	-7.542	-0.2	0.025	0	0	0.315	0.191	24.855	24.627	24.89	25.723	25.759	0.332
2025-10-11	-93.071	32.754	0	24.119	12.63	45.49	20.424	14.3	26.9	73.558	54.677	94.649	100.237	1.743	205.203	1.074	2.249	0.74	0	0.277	0.233	0.279	0.358	0.364	-0.422	-8.747	-0.2	0.03	0	0	0.316	0.191	25.079	25.017	25.171	25.449	25.614	0.333
2025-10-12	-93.071	32.754	0	24.509	13.89	45.86	21.318	14.7	28	73.774	52.236	93.82	99.835	1.83	201.298	1.044	2.145	0.788	0	0.275	0.23	0.277	0.358	0.364	-0.489	-10.056	-0.2	0.036	0	0	0.316	0.192	25.42	25.411	25.524	25.483	25.492	0.343
2025-10-13	-93.071	32.754	0	24.411	13.08	46.11	21.734	14.9	28.2	72.244	49.914	95.782	100.154	1.844	200.925	1.122	2.351	0.842	0	0.273	0.228	0.275	0.358	0.364	-0.555	-10.694	-0.2	0.042	0	0	0.316	0.192	25.509	25.458	25.622	25.551	25.4	0.337
2025-10-14	-93.071	32.754	0	24.104	13.99	43.31	21.801	16.6	27.4	66.087	45.24	86.749	100.58	1.692	200.706	1.745	3.57	0.973	0	0.271	0.226	0.273	0.358	0.364	-0.653	-11.308	-0.2	0.048	0	0.001	0.315	0.192	25.359	25.25	25.448	25.559	25.395	0.334
2025-10-15	-93.071	32.754	0	23.416	12.22	44.36	21.048	14.5	27.3	66.181	47.485	85.663	100.4	1.624	202.606	1.7	3.505	0.934	0	0.27	0.223	0.272	0.358	0.364	-0.801	-11.978	-0.2	0.053	0.005	0.002	0.315	0.191	25.007	24.847	25.084	25.439	25.3	0.331
2025-10-16	-93.071	32.754	0	24.174	12.76	46.77	21.959	14.7	29.6	67.056	46.809	89.022	100.074	1.736	195.346	1.324	2.624	1.009	0	0.268	0.221	0.27	0.358	0.363	-0.947	-12.649	-0.2	0.06	0.013	0.007	0.315	0.19	24.99	24.906	25.087	25.285	25.269	0.339
2025-10-17	-93.071	32.754	0	25.644	14.94	46.24	23.181	17	29.8	73.191	52.556	97.19	99.879	2.051	165.519	1.427	2.952	0.871	0	0.266	0.218	0.268	0.358	0.363	-1.093	-13.193	-0.256	0.067	0.023	0.012	0.315	0.19	25.497	25.505	25.609	25.363	25.2	0.327
2025-10-18	-93.071	32.754	42.701	25.338	18.04	46.2	22.358	18.1	29.3	85.786	62.711	100	99.676	2.302	140.463	1.844	4.522	0.45	0.001	0.267	0.219	0.266	0.358	0.363	-1.226	-13.176	-0.299	0.084	0.04	0.015	0.315	0.19	25.836	25.804	25.934	25.592	25.157	0.331
2025-10-19	-93.071	32.754	0.136	19.908	10.4	35.07	17.045	11.6	21.1	80.099	49.771	100	100.406	1.54	201.591	1.871	4.212	0.424	0	0.294	0.244	0.27	0.357	0.363	-1.053	-0.219	-0.285	0.055	0.022	0	0.315	0.19	23.519	22.752	23.453	25.222	25.192	0.342
2025-10-20	-93.071	32.754	0	18.693	8.3	36.92	17.27	9.8	25.5	67.795	44.525	95.324	100.334	1.298	199.554	1.55	3.518	0.775	0	0.292	0.245	0.276	0.358	0.363	-0.465	-0.283	-0.3	0.014	0.005	0	0.316	0.189	21.568	20.747	21.476	24.022	25.027	0.336
2025-10-21	-93.071	32.754	2.433	19.984	11.02	35.88	18.873	13.9	23.2	76.675	46.237	100	100.392	1.653	129.467	1.92	3.99	0.545	0.001	0.291	0.243	0.278	0.358	0.363	-0.274	-0.3	-0.3	0.012	0.014	0.003	0.319	0.19	22.031	21.43	21.982	23.422	24.673	0.333
2025-10-22	-93.071	32.754	0	17.632	6.87	37.25	16.899	8.3	23.6	55.009	36.079	87.462	100.71	1.036	194.419	1.342	2.712	0.954	0	0.291	0.245	0.282	0.358	0.364	-0.24	-0.389	-0.288	0.009	0.017	0.003	0.32	0.189	20.721	20.04	20.672	22.806	24.34	0.331
2025-10-23	-93.071	32.754	0	17.646	7.09	38.98	16.543	10.1	24	67.421	42.96	94.19	100.646	1.237	171.766	0.914	1.849	0.724	0	0.29	0.246	0.284	0.358	0.364	-0.2	-0.521	-0.213	0.006	0.021	0.003	0.322	0.188	20.606	20.154	20.605	22.281	23.973	0.319
2025-10-24	-93.071	32.754	0	18.298	9.77	38.5	17.056	10.8	24.3	76.308	50.606	93.898	100.51	1.466	130.856	1.449	2.697	0.548	0	0.29	0.246	0.285	0.359	0.364	-0.2	-0.762	-0.2	0.005	0.024	0.003	0.322	0.189	20.736	20.359	20.724	22.053	23.628	0.324
2025-10-25	-93.071	32.754	39.954	18.567	13.55	31.02	17.995	14.5	24.5	91.222	76.946	100	100.081	1.901	66.531	2.069	4	0.193	0.001	0.293	0.246	0.286	0.358	0.363	-0.2	-1.018	-0.243	0.01	0.031	0.008	0.322	0.188	20.67	20.228	20.647	21.914	23.351	NA
2025-10-26	-93.071	32.754	2.826	20.365	14.68	35.32	17.495	15	22.6	92.245	75.399	100	99.956	1.839	154.647	2.181	4.199	0.179	0	0.305	0.247	0.287	0.358	0.363	-0.119	-0.471	-0.252	0.04	0.057	0.024	0.32	0.186	21.212	20.848	21.225	21.817	23.13	0.334
2025-10-27	-93.071	32.754	0.051	18.781	13.56	33.15	16.209	13.6	20.5	95.192	78.921	100	100.022	1.752	90.667	1.604	3.098	0.1	0	0.305	0.249	0.29	0.358	0.363	-0.1	-0.3	-0.2	0.057	0.081	0.038	0.32	0.186	20.706	20.124	20.683	21.85	22.972	NA
2025-10-28	-93.071	32.754	8.539	17.056	13.44	26.26	14.995	13	18.2	97.427	86.774	100	99.935	1.663	56.83	3.099	5.964	0.045	0.001	0.304	0.25	0.291	0.359	0.364	-0.1	-0.3	-0.2	0.068	0.097	0.048	0.321	0.185	19.856	19.086	19.739	21.576	22.843	NA
2025-10-29	-93.071	32.754	0	11.282	6.91	16.68	11.052	9	12.8	74.753	60.78	95.719	100.108	0.983	88.972	6.008	11.442	0.337	0	0.309	0.253	0.295	0.36	0.364	-0.1	-0.3	-0.2	0.083	0.113	0.057	0.32	0.185	16.766	15.465	16.501	20.719	22.655	NA
2025-10-30	-93.071	32.754	0	13.471	6.19	30.77	10.999	7	16.5	79.966	55.627	100	100.367	1.031	173.859	2.547	4.756	0.308	0	0.308	0.254	0.297	0.36	0.364	-0.1	-0.3	-0.2	0.078	0.118	0.06	0.323	0.185	16.201	15.379	16.149	19.311	22.275	0.341
2025-10-31	-93.071	32.754	0.017	13.781	4.67	32.81	11.698	5.2	18.8	74.984	47.733	94.374	100.504	1.007	173.896	1.27	2.379	0.417	0	0.305	0.254	0.297	0.36	0.364	-0.1	-0.3	-0.2	0.08	0.123	0.065	0.325	0.183	16.424	15.752	16.436	18.853	21.757	0.341
2025-11-01	-93.071	32.754	0	11.107	5.88	20.88	10.718	7.4	14.6	88.497	78.161	98.979	100.558	1.147	49.819	0.788	1.557	0.154	0	0.302	0.254	0.297	0.36	0.365	-0.1	-0.306	-0.2	0.082	0.129	0.068	0.326	0.183	16.077	15.201	15.929	18.674	21.337	NA
2025-11-02	-93.071	32.754	0.221	6.886	5.09	8.25	8.468	6.4	10.9	96.206	89.905	99.143	100.782	1.067	0.852	1.795	3.505	0.045	0	0.302	0.254	0.298	0.36	0.365	-0.1	-0.4	-0.2	0.079	0.129	0.067	0.327	0.182	14.809	13.57	14.529	18.421	21.103	NA
2025-11-03	-93.071	32.754	0.034	13.092	2.66	32.77	11.448	4.4	20	76.108	50.764	93.486	101.228	1.022	167.136	0.963	2.044	0.404	0	0.299	0.252	0.297	0.36	0.365	-0.143	-0.4	-0.2	0.079	0.131	0.063	0.328	0.184	15.757	15.225	15.789	17.811	20.627	0.337
2025-11-04	-93.071	32.754	0	14.759	5.14	34.17	14.043	7.3	21.6	68.666	44.057	89.953	101.094	1.076	166.341	1.235	2.571	0.591	0	0.296	0.25	0.295	0.36	0.365	-0.133	-0.462	-0.2	0.081	0.132	0.062	0.329	0.183	16.725	16.39	16.827	17.904	20.317	0.338
2025-11-05	-93.071	32.754	0	15.823	5.23	35.76	15.118	6.6	24.1	76.574	52.878	98.619	100.751	1.316	162.173	1.63	2.92	0.515	0	0.294	0.249	0.294	0.36	0.365	-0.136	-0.5	-0.2	0.081	0.133	0.063	0.33	0.183	17.22	16.954	17.337	18.089	20.133	0.339
2025-11-06	-93.071	32.754	0.102	18.686	9.82	35.2	17.739	12.2	23.9	85.424	65.445	100	100.324	1.732	142.498	1.207	2.673	0.351	0	0.292	0.246	0.292	0.359	0.365	-0.116	-0.556	-0.2	0.086	0.138	0.071	0.33	0.183	18.622	18.568	18.794	18.511	20.002	0.329
2025-11-07	-93.071	32.754	0	20.094	14.77	29.46	19.546	17.2	22.7	89.852	75.837	98.456	99.609	2.035	85.784	1.696	3.649	0.25	0	0.289	0.244	0.291	0.359	0.364	-0.1	-0.61	-0.2	0.092	0.144	0.079	0.33	0.183	20.011	20.073	20.193	19.249	20.034	NA
2025-11-08	-93.071	32.754	0.238	21.465	13.66	39.16	19.68	15	25.7	90.692	66.373	100	99.67	2.065	140.206	1.203	2.332	0.267	0	0.287	0.241	0.289	0.359	0.364	-0.1	-0.709	-0.2	0.098	0.153	0.09	0.33	0.182	20.898	21.027	21.141	19.837	20.161	0.328
2025-11-09	-93.071	32.754	0	12.292	1.09	27.5	11.6	3.6	18.5	63.371	49.798	91.277	100.937	0.891	145.052	3.106	6.729	0.505	0	0.286	0.242	0.289	0.359	0.364	-0.174	-0.895	-0.2	0.099	0.157	0.093	0.329	0.183	19.063	18.453	19.054	20.129	20.351	0.315
2025-11-10	-93.071	32.754	0	6.171	-1.96	23.51	3.827	-0.7	9.6	61.404	38.757	79.414	101.695	0.481	156.015	2.223	4.386	0.342	0	0.29	0.245	0.293	0.36	0.364	-0.225	-1.144	-0.2	0.08	0.15	0.078	0.329	0.185	15.152	14.012	14.968	18.853	20.387	0.324
2025-11-11	-93.071	32.754	0	9.285	-1.5	27.23	8.055	-1.1	16.9	63.026	38.311	83.751	101.107	0.665	149.573	1.788	4.447	0.496	0	0.291	0.246	0.293	0.36	0.364	-0.257	-1.42	-0.2	0.058	0.139	0.066	0.33	0.185	14.133	13.301	14.015	17.402	20.108	0.324
2025-11-12	-93.071	32.754	0.017	15.441	6.4	32.25	15.022	8	23	82.727	61.151	99.868	100.791	1.422	131.717	1.792	3.805	0.367	0	0.289	0.244	0.292	0.36	0.364	-0.2	-1.764	-0.2	0.055	0.136	0.065	0.331	0.183	15.997	15.772	16.068	17.069	19.641	0.252
2025-11-13	-93.071	32.754	0.068	19.257	11.29	38.22	18.351	12.9	25.1	82.93	59.68	100	100.792	1.734	134.785	1.423	2.913	0.441	0	0.287	0.241	0.289	0.359	0.364	-0.2	-2.242	-0.2	0.06	0.139	0.071	0.333	0.184	18.289	18.425	18.488	17.729	19.337	0.318
2025-11-14	-93.071	32.754	0.051	19.408	12.57	36.21	18.747	14	25	81.891	61.524	100	100.542	1.755	133.308	1.679	3.718	0.463	0	0.285	0.239	0.288	0.359	0.364	-0.2	-2.952	-0.2	0.065	0.142	0.077	0.333	0.184	19.443	19.562	19.639	18.608	19.329	0.318
2025-11-15	-93.071	32.754	0.136	19.82	13.76	35.2	19.422	15.2	25.8	82.807	62.295	100	100.009	1.848	138.338	2.345	5.056	0.459	0	0.284	0.238	0.287	0.359	0.364	-0.2	-3.985	-0.2	0.067	0.144	0.081	0.333	0.184	19.961	20.055	20.141	19.195	19.461	0.327
2025-11-16	-93.071	32.754	0	19.27	13.08	33.9	18.315	14.6	22.7	90.654	77.517	100	99.822	1.911	74.493	2.3	3.881	0.212	0	0.283	0.237	0.286	0.359	0.364	-0.2	-5.171	-0.2	0.068	0.146	0.082	0.333	0.184	20.037	19.999	20.141	19.569	19.645	NA
2025-11-17	-93.071	32.754	0	20.859	12.83	34.87	19.828	14.5	25.2	84.045	73.69	99.035	99.955	1.975	98.684	1.997	4.178	0.383	0	0.283	0.236	0.285	0.358	0.364	-0.2	-5.803	-0.2	0.069	0.147	0.083	0.332	0.185	20.679	20.802	20.839	19.815	19.781	NA
2025-11-18	-93.071	32.754	0	21.068	16.39	34.06	20.709	17.9	25.7	90.084	73.464	98.232	100.202	2.193	89.96	2.029	4.431	0.276	0	0.282	0.234	0.284	0.359	0.364	-0.2	-6.501	-0.2	0.07	0.148	0.085	0.333	0.184	21.332	21.489	21.497	20.256	19.95	NA
2025-11-19	-93.071	32.754	0.136	22.364	16.97	38.25	21.36	18.4	26.4	91.177	74.415	100	100.547	2.312	96.527	1.46	2.885	0.255	0	0.281	0.233	0.283	0.359	0.363	-0.2	-7.299	-0.2	0.071	0.148	0.088	0.333	0.184	21.873	22.099	22.061	20.642	20.127	NA
2025-11-20	-93.071	32.754	0	22.201	17.75	34.08	21.107	19.2	24.4	89.382	75.12	99.608	100.31	2.231	83.748	1.781	3.688	0.281	0	0.281	0.232	0.282	0.359	0.363	-0.2	-8.239	-0.2	0.07	0.148	0.089	0.333	0.185	22.321	22.51	22.481	21.073	20.323	NA
2025-11-21	-93.071	32.754	0.051	22.184	16.77	36.58	21.117	17.8	25.9	90.195	73.566	99.55	100.01	2.252	89.571	2.174	4.241	0.277	0	0.28	0.232	0.281	0.358	0.363	-0.2	-9.393	-0.2	0.069	0.147	0.091	0.333	0.185	22.602	22.822	22.771	21.366	20.536	NA
2025-11-22	-93.071	32.754	0.238	17.463	9.53	30.79	16.653	11.8	21.9	82.19	55.064	100	100.506	1.547	130.834	2.969	5.208	0.373	0	0.281	0.232	0.281	0.358	0.363	-0.2	-10.326	-0.2	0.062	0.144	0.089	0.334	0.186	21.438	21.249	21.491	21.431	20.733	0.333
2025-11-23	-93.071	32.754	0	13.236	7.74	20.44	12.373	9.5	15.7	89.436	79.433	97.951	100.712	1.286	49.489	1.865	3.495	0.162	0	0.283	0.235	0.283	0.358	0.363	-0.291	-10.994	-0.2	0.042	0.137	0.078	0.333	0.186	19.015	18.443	18.881	20.721	20.8	NA
2025-11-24	-93.071	32.754	35.459	12.658	8.08	15.3	11.733	8.8	15	99.596	97.466	100	100.131	1.383	17.738	3.135	5.652	0.004	0.004	0.286	0.237	0.284	0.359	0.363	-0.364	-11.149	-0.2	0.029	0.13	0.072	0.332	0.186	17.269	16.502	17.085	19.698	20.688	NA
2025-11-25	-93.071	32.754	0	17.127	10.83	28.32	16.022	12.4	19.5	89.831	70.675	100	100.127	1.633	115.217	3.029	5.432	0.198	0	0.287	0.236	0.283	0.359	0.363	-0.358	-3.578	-0.2	0.069	0.148	0.107	0.331	0.185	18.126	17.745	18.136	19.008	20.406	0.341
2025-11-26	-93.071	32.754	0.034	11.053	2.68	25.31	10.645	4.1	14.6	67.819	39.87	94.994	101.186	0.862	128.447	2.223	4.512	0.436	0	0.289	0.237	0.285	0.359	0.364	-0.399	-2.909	-0.2	0.083	0.158	0.115	0.332	0.184	16.253	15.279	16.068	18.745	20.139	0.358
2025-11-27	-93.071	32.754	0	9.149	2.25	25.29	7.795	3.8	13.5	61.256	39.592	79.812	101.542	0.634	126.097	1.666	3.288	0.446	0	0.291	0.24	0.287	0.36	0.364	-0.482	-2.919	-0.2	0.082	0.161	0.11	0.332	0.184	14.305	13.267	14.103	17.604	19.867	0.347
2025-11-28	-93.071	32.754	0	8.502	0.63	25.8	7.427	2	14	68.925	43.905	97.602	101.41	0.687	121.554	1.573	3.155	0.38	0	0.292	0.241	0.288	0.359	0.365	-0.481	-2.741	-0.2	0.082	0.16	0.109	0.334	0.182	13.418	12.457	13.223	16.604	19.431	0.333
2025-11-29	-93.071	32.754	26.528	9.666	6.09	14.71	8.387	4.4	12	90.647	62.267	100	100.617	1.017	37.807	2.365	4.927	0.099	0.003	0.295	0.242	0.287	0.36	0.365	-0.467	-2.299	-0.2	0.09	0.161	0.118	0.333	0.182	12.944	11.992	12.719	15.959	18.951	NA
2025-11-30	-93.071	32.754	9.447	6.4	2.09	12.07	4.247	1	10.3	86.418	67.77	100	101.102	0.726	93.006	2.902	6.023	0.111	0.001	0.301	0.27	0.293	0.36	0.366	-0.4	-0.272	-0.2	0.119	0.165	0.144	0.331	0.183	11.953	10.834	11.719	15.406	18.464	NA
2025-12-01	-93.071	32.754	17.073	3.349	2.05	4.8	1.388	0.3	2.4	92.165	77.125	100	100.584	0.621	11.471	2.993	5.572	0.055	0.001	0.306	0.269	0.294	0.361	0.366	-0.4	-0.198	-0.2	0.135	0.178	0.152	0.328	0.181	9.106	7.67	8.779	14.226	17.976	NA
2025-12-02	-93.071	32.754	0	4.417	1.72	8.79	1.914	0.4	3.7	93.703	82.811	100	100.512	0.657	45.153	1.698	3.327	0.046	0	0.308	0.272	0.296	0.361	0.366	-0.366	-0.2	-0.2	0.151	0.184	0.158	0.326	0.18	8.73	7.608	8.481	12.98	17.353	NA
2025-12-03	-93.071	32.754	0.97	5.934	1.51	12.32	3.198	0.4	6.2	90.152	80.182	97.548	100.495	0.695	65.882	2.082	4.004	0.082	0	0.309	0.269	0.298	0.361	0.367	-0.3	-0.2	-0.2	0.161	0.194	0.167	0.327	0.179	8.677	7.654	8.454	12.38	16.708	NA
2025-12-04	-93.071	32.754	11.822	4.841	3.12	6.15	3.206	1.6	4.8	99.541	96.787	100	100.639	0.769	19.654	2.696	5.438	0.003	0.001	0.311	0.292	0.301	0.362	0.367	-0.217	-0.115	-0.2	0.176	0.2	0.18	0.327	0.176	9.003	7.947	8.748	12.257	16.19	NA
2025-12-05	-93.071	32.754	0	6.237	2.38	15.61	3.19	0.6	6.9	94.606	79.162	100	100.428	0.727	84.627	1.254	2.618	0.047	0	0.313	0.287	0.303	0.362	0.368	-0.2	-0.1	-0.2	0.193	0.211	0.185	0.325	0.176	8.883	8.059	8.741	11.855	15.779	NA
2025-12-06	-93.071	32.754	0	8.932	2.89	22.4	7.171	2.9	13.7	90.133	67.465	100	100.049	0.911	106.682	1.312	2.743	0.127	0	0.312	0.28	0.302	0.362	0.368	-0.2	-0.1	-0.2	0.211	0.224	0.195	0.326	0.175	10.257	9.668	10.19	12.016	15.414	0.351
2025-12-07	-93.071	32.754	1.547	10.261	5.69	14.64	9.245	5.4	11.6	99.116	94.807	100	100.126	1.162	25.28	2	4.079	0.008	0	0.311	0.275	0.301	0.362	0.368	-0.115	-0.1	-0.182	0.229	0.236	0.205	0.328	0.174	11.225	10.7	11.164	12.509	15.216	NA
2025-12-08	-93.071	32.754	0.017	5.912	2.77	9.21	4.253	2.1	7.5	95.785	91.073	100	101.027	0.797	37.793	1.971	3.932	0.035	0	0.311	0.274	0.302	0.361	0.369	-0.1	-0.1	-0.1	0.249	0.244	0.212	0.329	0.174	10.332	9.376	10.117	12.719	15.184	NA
2025-12-09	-93.071	32.754	0	6.893	3.26	18.47	4.78	1.1	11.2	89.248	65.325	100	100.566	0.764	96.281	1.518	3.551	0.116	0	0.312	0.273	0.303	0.362	0.369	-0.156	-0.1	-0.1	0.251	0.25	0.216	0.329	0.173	9.616	8.775	9.478	12.209	15.072	NA
2025-12-10	-93.071	32.754	0	9.738	2.8	24.45	10.417	5	16.8	74.31	46.594	100	100.179	0.925	113.184	3.189	6.286	0.371	0	0.311	0.271	0.303	0.362	0.37	-0.135	-0.1	-0.1	0.254	0.257	0.221	0.331	0.173	10.548	10.011	10.529	12.135	14.893	0.344
2025-12-11	-93.071	32.754	0	7.529	-0.68	21.88	8.721	2.6	15.2	60.685	44.17	79.689	100.41	0.683	108.484	1.627	3.467	0.474	0	0.311	0.27	0.303	0.362	0.37	-0.14	-0.1	-0.1	0.256	0.26	0.224	0.332	0.173	10.159	9.435	10.074	12.253	14.774	0.34
2025-12-12	-93.071	32.754	0.085	11.049	2.78	26.27	11.079	4.4	19.2	90.846	73.571	100	100.233	1.247	74.157	1.597	2.916	0.125	0	0.309	0.268	0.302	0.362	0.37	-0.1	-0.1	-0.1	0.259	0.267	0.228	0.334	0.173	11.028	10.567	10.998	12.223	14.678	NA
2025-12-13	-93.071	32.754	8.643	12.188	8.33	16.98	10.566	7.3	13.4	99.241	95.42	100	100.464	1.271	39.756	2.295	4.076	0.009	0.001	0.307	0.265	0.3	0.361	0.371	-0.1	-0.1	-0.1	0.272	0.276	0.235	0.338	0.173	12.596	12.295	12.635	12.866	14.6	NA
2025-12-14	-93.071	32.754	0	3.522	-4.97	11.71	1.647	-4.3	7	67.603	41.649	99.914	101.765	0.496	113.593	2.946	6.213	0.207	0	0.309	0.268	0.301	0.361	0.371	-0.108	-0.1	-0.1	0.285	0.276	0.238	0.337	0.173	10.404	9.228	10.166	13.104	14.698	0.351
2025-12-15	-93.071	32.754	0	1.49	-6.49	18.44	-0.412	-7.2	9.2	59.993	34.639	80.206	101.538	0.352	114.559	1.102	2.347	0.281	0	0.311	0.27	0.305	0.363	0.372	-0.2	-0.1	-0.1	0.247	0.274	0.233	0.334	0.172	7.081	5.756	6.827	11.654	14.668	0.34
2025-12-16	-93.071	32.754	0	5.479	-3.03	17.64	5.49	-1.8	12.8	64.871	42.752	84.512	100.732	0.588	88.529	1.117	2.517	0.369	0	0.311	0.269	0.305	0.363	0.372	-0.2	-0.1	-0.1	0.228	0.277	0.229	0.336	0.172	7.512	6.662	7.373	10.704	14.315	NA
2025-12-17	-93.071	32.754	0.578	9.309	8.35	10.24	9.797	9.4	10.5	82.869	69.344	88.839	100.483	1.004	0	0.911	2.163	0.206	0	0.31	0.267	0.303	0.362	0.373	-0.2	-0.1	-0.1	0.23	0.278	0.23	0.338	0.171	9.197	8.684	9.134	10.755	14.028	NA
2025-12-18	-93.071	32.754	0.102	13.554	4.63	24.73	16.073	10.2	20.5	67.633	41.257	97.293	99.73	1.32	65.112	4.523	8.567	0.544	0	0.305	0.261	0.3	0.361	0.373	-0.1	-0.1	-0.1	0.266	0.292	0.245	0.341	0.171	14.067	14.221	14.296	12.783	13.863	NA
2025-12-19	-93.071	32.754	0	7.702	-0.27	23.48	8.585	2.7	14.7	52.849	38.449	77.179	100.624	0.582	111.922	1.621	3.275	0.561	0	0.306	0.263	0.301	0.361	0.373	-0.1	-0.139	-0.1	0.26	0.29	0.247	0.342	0.17	11.359	10.619	11.281	12.92	14.075	0.334
2025-12-20	-93.071	32.754	0	12.966	1.93	27.31	14.43	6.1	23.1	74.621	59.006	94.98	100.095	1.313	104.451	1.953	4.922	0.44	0	0.305	0.262	0.301	0.361	0.373	-0.1	-0.143	-0.1	0.253	0.294	0.25	0.341	0.171	11.705	11.368	11.746	12.526	14.2	0.344
2025-12-21	-93.071	32.754	1.157	14.763	10.69	19.81	14.075	11.6	17.4	80.976	68.874	98.806	100.853	1.31	62.472	3.264	5.951	0.3	0.001	0.302	0.259	0.298	0.361	0.373	-0.1	-0.124	-0.1	0.265	0.3	0.258	0.343	0.172	13.979	13.923	14.124	13.31	14.216	NA
2025-12-22	-93.071	32.754	0.017	16.182	9.07	27.76	15.58	10.4	21.6	86.472	70.935	98.059	100.953	1.598	66.776	1.81	3.656	0.221	0	0.301	0.258	0.298	0.36	0.373	-0.1	-0.166	-0.1	0.268	0.301	0.264	0.344	0.171	14.385	14.332	14.539	13.848	14.402	NA
2025-12-23	-93.071	32.754	0	19.462	12.87	31.68	19.896	16	24.4	88.638	68.61	99.25	101.009	2.05	86.327	1.517	3.646	0.292	0	0.297	0.256	0.295	0.36	0.373	-0.1	-0.191	-0.1	0.282	0.309	0.277	0.345	0.171	16.812	17.176	17.15	14.789	14.635	NA
2025-12-24	-93.071	32.754	0.204	16.53	12.7	24.5	17.151	15.1	22.1	95.986	79.692	100	101.056	1.879	48.53	1.688	3.043	0.087	0	0.296	0.254	0.294	0.36	0.373	-0.1	-0.2	-0.1	0.291	0.316	0.288	0.345	0.171	16.704	16.618	16.834	15.674	15.007	NA
2025-12-25	-93.071	32.754	0.391	17.399	12.22	24.44	17.488	14	21	96.183	86.663	100	100.68	1.926	46.572	1.661	3.508	0.083	0	0.295	0.253	0.293	0.36	0.373	-0.1	-0.2	-0.1	0.289	0.319	0.297	0.346	0.172	16.753	16.679	16.886	15.933	15.388	NA
2025-12-26	-93.071	32.754	0	20.293	14.62	30.95	20.556	16.7	25.8	89.916	70.803	100	100.08	2.165	92.989	3.167	6.011	0.287	0	0.292	0.251	0.292	0.36	0.373	-0.1	-0.2	-0.1	0.295	0.322	0.307	0.346	0.172	18.113	18.324	18.392	16.42	15.682	NA
2025-12-27	-93.071	32.754	0	19.622	15.55	25.5	19.916	18	22.2	93.321	85.448	99.085	100.021	2.171	45.223	2.18	4.618	0.16	0	0.291	0.25	0.29	0.36	0.373	-0.1	-0.2	-0.1	0.303	0.327	0.318	0.347	0.172	18.763	18.852	18.966	17.154	16.008	NA
2025-12-28	-93.071	32.754	0.153	18.98	10.34	25.89	19.177	11	22.7	88.713	61.171	99.917	100.035	2.006	60.406	3.468	7.204	0.242	0	0.289	0.249	0.289	0.36	0.373	-0.1	-0.2	-0.1	0.303	0.328	0.328	0.348	0.173	18.812	18.821	18.994	17.563	16.369	NA
2025-12-29	-93.071	32.754	0	5.644	-1.83	18.08	3.892	-0.4	10.7	52.013	42.061	63.31	101.441	0.426	108.299	2.982	6.37	0.395	0	0.292	0.252	0.292	0.36	0.372	-0.162	-0.22	-0.1	0.267	0.321	0.325	0.348	0.174	14.827	13.679	14.659	17.169	16.653	0.366
2025-12-30	-93.071	32.754	0	3.619	-4.4	19.97	1.931	-2.7	8.2	59.548	38.978	76.199	101.533	0.412	114.858	1.695	3.355	0.309	0	0.294	0.256	0.295	0.361	0.372	-0.233	-0.281	-0.1	0.209	0.305	0.3	0.347	0.175	11.481	10.262	11.285	15.244	16.644	0.381
2025-12-31	-93.071	32.754	0	6.996	-2.33	25.55	7.589	-1.1	17.1	58.822	41.076	74.699	100.828	0.614	112.657	2.632	4.154	0.504	0	0.294	0.257	0.296	0.362	0.372	-0.269	-0.28	-0.1	0.176	0.293	0.285	0.349	0.174	10.874	10.017	10.779	13.856	16.248	0.38
