2025-01-01	-91.164	30.373	0	8.593	6.84	9.94	11.297	9.6	16.9	68.536	50.844	74.776	102.652	0.917	87.519	1.212	3.309	0.446	0	0.408	NA	0.411	0.411	NA	-0.5	-1.262	-0.1	2.208	NA	2.246	2.246	NA	14.247	NA	15.262	16.189	NA	NA
2025-01-02	-91.164	30.373	0	16.349	9.64	21.93	13.85	9.6	16.5	68.099	58.111	81.919	102.537	1.087	208.478	1.94	5.059	0.339	0	0.408	NA	0.409	0.409	NA	-0.5	-1.212	-0.1	2.196	NA	2.239	2.239	NA	13.281	NA	14.636	15.343	NA	NA
2025-01-03	-91.164	30.373	0	15.035	12.33	17	15.292	13.5	17	88.783	74.736	99.831	101.971	1.552	229.165	1.554	4.351	0.529	0	0.407	NA	0.409	0.409	NA	-0.5	-1.249	-0.1	2.19	NA	2.247	2.247	NA	14.658	NA	15.372	15.684	NA	NA
2025-01-04	-91.164	30.373	0	22.557	16.74	28.15	21.866	16.7	25.2	82.327	64.872	100	101.368	2.138	90.822	4.113	8.233	0.412	0	0.405	NA	0.408	0.408	NA	-0.5	-1.243	-0.1	2.202	NA	2.245	2.245	NA	14.282	NA	15.136	15.558	NA	NA
2025-01-05	-91.164	30.373	26.035	9.27	0.3	21.23	9.249	0.1	22.5	86.067	46.509	100	101.447	1.112	90.109	5.045	9.068	0.354	0.002	0.405	NA	0.409	0.409	NA	-0.5	-1.332	-0.1	2.184	NA	2.254	2.254	NA	16.267	NA	16.522	16.296	NA	NA
2025-01-06	-91.164	30.373	0.017	4.777	-1.83	13.38	0.962	-1.7	4.2	77.191	64.723	95.993	102.449	0.505	196.802	3.81	7.151	0.203	0	0.416	NA	0.414	0.414	NA	-0.429	-1.003	-0.1	2.162	NA	2.249	2.249	NA	12.551	NA	13.796	15.259	NA	NA
2025-01-07	-91.164	30.373	0	5.753	-0.75	14.79	3.534	-0.6	7.3	68.732	54.269	80.335	102.878	0.538	283.898	2.985	5.798	0.202	0	0.414	NA	0.412	0.412	NA	-0.4	-0.85	-0.1	2.158	NA	2.263	2.263	NA	9.389	NA	11.731	13.143	NA	NA
2025-01-08	-91.164	30.373	1.464	13.305	0.24	16.31	14.878	0	16.1	53.103	42.177	80.351	101.546	0.9	245.643	1.282	2.872	0.192	0	0.413	NA	0.409	0.409	NA	-0.4	-0.803	-0.1	2.151	NA	2.255	2.255	NA	8.742	NA	11.007	12.195	NA	NA
2025-01-09	-91.164	30.373	58.131	20.708	12.95	27.94	20.464	15.2	24.1	69.817	56.598	83.032	100.987	1.691	95.323	2.425	4.564	0.226	0.002	0.413	NA	0.408	0.408	NA	-0.4	-0.8	-0.1	2.145	NA	2.233	2.233	NA	8.516	NA	10.648	11.645	NA	NA
2025-01-10	-91.164	30.373	0	11.925	5.04	23.7	13.516	6.2	22.4	87.567	62.016	100	100.947	1.402	52.016	3.511	6.028	0.045	0	0.417	NA	0.413	0.413	NA	-0.4	-0.8	-0.1	2.111	NA	2.262	2.262	NA	9.359	NA	11.019	11.688	NA	NA
2025-01-11	-91.164	30.373	0	9.626	4.98	15.31	6.662	5.3	8	86.41	58.161	100	101.817	0.884	332.397	4.952	8.979	0.17	0	0.418	NA	0.414	0.414	NA	-0.4	-0.738	-0.1	2.106	NA	2.254	2.254	NA	8.787	NA	10.541	11.297	NA	NA
2025-01-12	-91.164	30.373	18.601	-0.066	-4.99	10.65	0.936	-3.4	7.3	68.974	57.699	82.695	102.637	0.462	160.47	2.264	4.53	0.044	0.002	0.418	NA	0.413	0.413	NA	-0.4	-0.7	-0.1	2.1	NA	2.254	2.254	NA	8.597	NA	10.332	11.026	NA	NA
2025-01-13	-91.164	30.373	0	3.494	-4.99	13.33	-0.254	-3.7	4.2	46.054	30.952	68.413	103.118	0.267	38.957	1.453	4.157	0.269	0	0.417	NA	0.414	0.414	NA	-0.4	-0.7	-0.1	2.093	NA	2.267	2.267	NA	10.852	NA	11.73	11.849	NA	NA
2025-01-14	-91.164	30.373	0	2.973	-2.09	8.23	2.03	-3.6	4	31.743	28.15	46.782	103.129	0.224	238.079	1.544	4.241	0.406	0	0.417	NA	0.414	0.414	NA	-0.4	-0.7	-0.1	2.105	NA	2.25	2.25	NA	10.116	NA	11.236	11.833	NA	NA
2025-01-15	-91.164	30.373	0.034	-3.398	-4.29	-0.07	-3.898	-4.4	-1.4	80.7	39.026	94.798	103.298	0.368	235.37	2.262	5.113	0.581	0	0.417	NA	0.414	0.414	NA	-0.4	-0.7	-0.1	2.094	NA	2.259	2.259	NA	11.067	NA	11.933	12.194	NA	NA
2025-01-16	-91.164	30.373	0	-13.885	-24.92	-3.73	-5.456	-10.2	-2.2	77.243	67.256	100	103.337	0.316	85.419	1.779	3.376	0.554	0	0.417	NA	0.413	0.413	NA	-0.4	-0.7	-0.1	2.103	NA	2.263	2.263	NA	11.113	NA	11.917	12.357	NA	NA
2025-01-17	-91.164	30.373	0	-10.838	-25.81	-1.05	-4.708	-13.8	2.2	68.433	43.168	100	103.214	0.29	287.814	1.351	2.374	0.455	0	0.415	NA	0.412	0.412	NA	-0.4	-0.7	-0.1	2.098	NA	2.258	2.258	NA	10.554	NA	11.651	12.135	NA	NA
2025-01-18	-91.164	30.373	0	-8.543	-11.38	-2.03	-4.374	-6.6	1.5	76.698	44.948	99.414	102.842	0.332	46.395	0.953	1.458	0.609	0	0.414	NA	0.413	0.413	NA	-0.4	-0.725	-0.1	2.085	NA	2.275	2.275	NA	13.388	NA	13.567	13.252	NA	NA
2025-01-19	-91.164	30.373	0	-0.428	-10.6	11.07	0.858	-6.6	8.6	76.351	52.532	100	102.911	0.494	32.229	1.648	2.563	0.345	0	0.413	NA	0.41	0.41	NA	-0.4	-0.711	-0.1	2.14	NA	2.215	2.215	NA	11.68	NA	12.273	13.189	NA	NA
2025-01-20	-91.164	30.373	0.886	-0.305	-3.41	10.11	1.571	-0.6	8.6	74.794	50.65	87.467	102.832	0.507	339.17	1.11	1.553	0.399	0	0.413	NA	0.407	0.407	NA	-0.334	-0.601	-0.1	2.15	NA	2.198	2.198	NA	8.104	NA	10.064	11.408	NA	NA
2025-01-21	-91.164	30.373	0	7.238	-2.92	15.71	5.456	-1.4	10.7	64.157	33.65	100	103.075	0.549	287.579	2.394	4.162	0.153	0	0.414	NA	0.407	0.407	NA	-0.3	-0.578	-0.1	2.133	NA	2.211	2.211	NA	7.01	NA	9.114	10.355	NA	NA
2025-01-22	-91.164	30.373	1.668	-1.814	-5.48	12.47	0.843	-3.7	10.4	67.178	34.217	90.489	102.892	0.419	73.254	0.959	1.568	0.142	0.001	0.418	NA	0.411	0.411	NA	-0.3	-0.5	-0.1	2.095	NA	2.235	2.235	NA	6.54	NA	8.624	9.677	NA	NA
2025-01-23	-91.164	30.373	0.833	7.488	-6.2	20.16	5.99	-4.5	14.2	67.234	43.633	100	102.943	0.615	325.846	1.35	3.072	0.182	0	0.421	NA	0.413	0.413	NA	-0.3	-0.5	-0.1	2.075	NA	2.226	2.226	NA	6.155	NA	8.222	9.058	NA	NA
2025-01-24	-91.164	30.373	0	9.761	7.89	16.73	10.919	10	14.1	63.235	46.426	76.426	102.734	0.822	325.878	1.237	3.264	0.326	0	0.421	NA	0.413	0.413	NA	-0.3	-0.5	-0.1	2.075	NA	2.222	2.222	NA	6.61	NA	8.354	9.028	NA	NA
2025-01-25	-91.164	30.373	0	15.963	9.85	24.15	15.335	10.8	19.5	76.806	65.598	90.593	102.534	1.361	49.251	2.115	4.599	0.409	0	0.421	NA	0.413	0.413	NA	-0.3	-0.5	-0.1	2.071	NA	2.221	2.221	NA	6.888	NA	8.516	9.048	NA	NA
2025-01-26	-91.164	30.373	0	15.122	13.45	17.96	16.197	14.2	18.9	84.179	75.834	93.179	102.189	1.548	144.448	2.132	4.036	0.385	0	0.421	NA	0.414	0.414	NA	-0.3	-0.5	-0.1	2.047	NA	2.243	2.243	NA	10.319	NA	10.824	10.478	NA	NA
2025-01-27	-91.164	30.373	23.632	12.406	9.75	17.69	11.258	8.8	15	97.131	87.344	100	102.141	1.313	11.421	1.449	3.048	0.097	0.002	0.419	NA	0.415	0.415	NA	-0.3	-0.5	-0.1	2.075	NA	2.239	2.239	NA	12.47	NA	12.242	12.025	NA	NA
2025-01-28	-91.164	30.373	0	14.062	9.53	19.72	13.248	10.4	15.9	85.577	70.578	99.002	102.026	1.299	187.188	1.305	2.154	0.137	0	0.418	NA	0.415	0.415	NA	-0.3	-0.5	-0.1	2.078	NA	2.228	2.228	NA	12.609	NA	12.652	12.556	NA	NA
2025-01-29	-91.164	30.373	1.768	19.15	9.55	32.83	22.043	11.3	27.2	76.428	52.505	100	101.964	1.985	167.066	1.684	2.756	0.368	0.001	0.418	NA	0.415	0.415	NA	-0.3	-0.5	-0.1	2.077	NA	2.226	2.226	NA	13.554	NA	13.474	13.164	NA	NA
2025-01-30	-91.164	30.373	2.382	23.391	17.01	33.42	20.222	18	27.4	94.63	64.715	100	101.828	2.32	251.234	2.303	4.185	0.253	0.005	0.418	NA	0.416	0.416	NA	-0.3	-0.503	-0.1	2.083	NA	2.228	2.228	NA	15.96	NA	15.206	14.575	NA	NA
2025-01-31	-91.164	30.373	0	19.514	13.94	32.84	22.725	17	28	76.276	57.805	100	101.766	2.074	79.241	2.292	3.804	0.488	0	0.417	NA	0.417	0.417	NA	-0.3	-0.5	-0.1	2.11	NA	2.205	2.205	NA	16.431	NA	15.629	15.499	NA	NA
2025-02-01	-91.164	30.373	0	23.437	16.03	34.57	20.074	16.8	26	95.213	68.41	100	101.922	2.284	295.312	1.436	2.517	0.56	0	0.419	NA	0.415	0.415	NA	-0.3	-0.5	-0.1	2.112	NA	2.194	2.194	NA	14.07	NA	14.334	14.699	NA	NA
2025-02-02	-91.164	30.373	0	20.099	15.04	33.03	22.657	16.8	27.6	73.962	49.908	98.966	101.973	1.99	248.031	1.652	2.874	0.588	0	0.418	NA	0.414	0.414	NA	-0.3	-0.5	-0.1	2.107	NA	2.198	2.198	NA	13.664	NA	14.094	14.361	NA	NA
2025-02-03	-91.164	30.373	0	19.715	14.59	31.28	15.502	13.7	20.9	86.844	71.083	100	102.282	1.532	71.689	2.691	5.291	0.373	0	0.418	NA	0.414	0.414	NA	-0.3	-0.5	-0.1	2.095	NA	2.217	2.217	NA	14.961	NA	15.021	14.786	NA	NA
2025-02-04	-91.164	30.373	0	19.488	15.07	30.45	19.631	16.7	23.9	77.661	61.732	93.639	102.031	1.763	294.693	1.151	2.952	0.279	0	0.417	NA	0.415	0.415	NA	-0.3	-0.5	-0.1	2.087	NA	2.242	2.242	NA	17.264	NA	16.594	16.023	NA	NA
2025-02-05	-91.164	30.373	0	21.187	17.35	27.63	19.306	17	24.7	95.4	79.435	100	101.583	2.189	224.582	1.815	3.824	0.499	0	0.416	NA	0.415	0.415	NA	-0.3	-0.526	-0.1	2.1	NA	2.247	2.247	NA	18.534	NA	17.606	17.054	NA	NA
2025-02-06	-91.164	30.373	0	19.029	15.71	26.4	19.758	16.2	25.3	84.761	57.536	100	101.11	1.967	69.678	2.388	4.751	0.434	0	0.415	NA	0.414	0.414	NA	-0.3	-0.535	-0.1	2.114	NA	2.219	2.219	NA	19.101	NA	18.179	17.737	NA	NA
2025-02-07	-91.164	30.373	0.034	21.965	16.41	29.93	20.086	16.2	27.2	92.999	73.19	100	100.789	2.247	310.848	2.444	4.995	0.4	0	0.414	NA	0.414	0.414	NA	-0.3	-0.544	-0.1	2.125	NA	2.209	2.209	NA	19.339	NA	18.525	18.172	NA	NA
2025-02-08	-91.164	30.373	0	19.231	11.85	28.29	19.885	11.2	26.8	89.111	67.253	100	100.759	2.113	135.295	4.811	8.34	0.407	0	0.412	NA	0.413	0.413	NA	-0.3	-0.551	-0.1	2.143	NA	2.207	2.207	NA	19.512	NA	18.794	18.498	NA	NA
2025-02-09	-91.164	30.373	0	12.201	8.78	18.39	9.416	7.5	12.4	92.238	72.942	100	102.009	1.092	56.024	4.277	8.408	0.442	0	0.409	NA	0.413	0.413	NA	-0.3	-0.555	-0.1	2.185	NA	2.206	2.206	NA	19.623	NA	18.979	18.732	NA	NA
2025-02-10	-91.164	30.373	0.374	10.212	5.72	18.39	10.615	6.4	14	68.868	57.863	81.51	102.791	0.881	183.05	2.519	5.733	0.382	0	0.407	NA	0.412	0.412	NA	-0.3	-0.548	-0.1	2.202	NA	2.201	2.201	NA	19.008	NA	18.63	18.658	NA	NA
2025-02-11	-91.164	30.373	3.472	10.759	5.5	18.08	8.059	5.7	13	79.274	65.589	94.221	102.884	0.859	207.65	1.713	4.605	0.232	0.007	0.406	NA	0.412	0.412	NA	-0.3	-0.507	-0.1	2.191	NA	2.203	2.203	NA	19.251	NA	18.902	18.736	NA	NA
2025-02-12	-91.164	30.373	26.042	16.454	14.94	19.31	15.867	12.8	19.6	84.99	70	100	102.276	1.554	69.815	1.636	4.556	0.246	0.005	0.411	NA	0.414	0.414	NA	-0.3	-0.5	-0.1	2.161	NA	2.199	2.199	NA	19.497	NA	19.114	18.892	NA	NA
2025-02-13	-91.164	30.373	0	23.901	18.93	30.32	22.956	19.3	27.2	88.644	63.919	100	101.592	2.461	166.41	3.835	7.822	0.229	0	0.418	NA	0.419	0.419	NA	-0.3	-0.414	-0.1	2.148	NA	2.221	2.221	NA	16.866	NA	17.234	18.033	NA	NA
2025-02-14	-91.164	30.373	0	22.274	15.44	30.15	22.79	16.6	27.3	82.804	59.369	100	100.867	2.298	227.55	4.475	8.556	0.267	0	0.418	NA	0.417	0.417	NA	-0.3	-0.383	-0.1	2.114	NA	2.243	2.243	NA	14.568	NA	15.786	16.475	NA	NA
2025-02-15	-91.164	30.373	11.325	14.734	10.55	18.53	13.041	11.1	17.3	83.044	69.233	100	101.578	1.265	69.427	5.316	8.919	0.439	0.004	0.417	NA	0.418	0.418	NA	-0.3	-0.4	-0.1	2.078	NA	2.268	2.268	NA	17.616	NA	17.705	17.19	NA	NA
2025-02-16	-91.164	30.373	6.527	7.819	1.35	17.43	8.008	3	12.1	69.479	54.685	79.438	102.308	0.748	376.59	2.792	5.507	0.288	0	0.418	NA	0.419	0.419	NA	-0.289	-0.38	-0.1	2.121	NA	2.244	2.244	NA	17.067	NA	17.032	17.558	NA	NA
2025-02-17	-91.164	30.373	0	7.675	1.28	22.12	8.261	2.1	14.5	60.723	36.994	84.001	102.223	0.637	245.703	1.031	2.209	0.409	0	0.419	NA	0.417	0.417	NA	-0.2	-0.3	-0.1	2.12	NA	2.254	2.254	NA	13.488	NA	14.815	15.801	NA	NA
2025-02-18	-91.164	30.373	0	7.114	2.64	15.59	10.818	4.8	17.6	77.16	55.3	99.075	101.96	1.004	78.448	1.372	2.037	0.27	0	0.419	NA	0.416	0.416	NA	-0.2	-0.3	-0.1	2.09	NA	2.254	2.254	NA	13.293	NA	14.552	15.132	NA	NA
2025-02-19	-91.164	30.373	0	21.274	2.68	29.46	18.675	4.8	23.2	45.478	27.037	99.348	102.023	0.92	322.67	1.66	3.444	0.026	0	0.421	NA	0.417	0.417	NA	-0.2	-0.286	-0.1	2.105	NA	2.259	2.259	NA	12.411	NA	13.636	14.642	NA	NA
2025-02-20	-91.164	30.373	0.051	7.294	4.54	11.62	10.709	6.8	18.4	77.75	40.492	97.755	101.639	0.981	440.2	0.985	1.522	0.243	0	0.422	NA	0.416	0.416	NA	-0.2	-0.2	-0.1	2.105	NA	2.261	2.261	NA	8.467	NA	10.975	12.411	NA	NA
2025-02-21	-91.164	30.373	25.272	22.733	4.55	31.16	20.751	6.8	26.1	49.358	30.01	98.938	101.599	1.143	92.231	3.408	5.757	0.389	0	0.422	NA	0.415	0.415	NA	-0.2	-0.2	-0.1	2.091	NA	2.277	2.277	NA	7.947	NA	10.334	11.409	NA	NA
2025-02-22	-91.164	30.373	79.292	9.307	5.35	14.04	14.387	10	20.4	40.121	29.845	46.655	101.701	0.659	263.35	1.389	3.319	0.557	0.003	0.422	NA	0.416	0.416	NA	-0.2	-0.2	-0.1	2.07	NA	2.299	2.299	NA	9.992	NA	11.485	11.848	NA	NA
2025-02-23	-91.164	30.373	14.515	19.351	6.11	28.37	16.489	10	20.2	35.391	27.584	48.131	102.127	0.657	430.231	1.847	4.749	0.015	0.002	0.422	NA	0.416	0.416	NA	-0.2	-0.2	-0.1	2.056	NA	2.299	2.299	NA	10.897	NA	11.901	12.321	NA	NA
2025-02-24	-91.164	30.373	0	5.533	3.5	9.17	9.515	6.1	16.3	69.964	40.196	96.326	101.903	0.813	99.609	0.609	1.469	0.081	0	0.422	NA	0.417	0.417	NA	-0.2	-0.2	-0.1	2.056	NA	2.309	2.309	NA	12.057	NA	12.74	12.789	NA	NA
2025-02-25	-91.164	30.373	0	16.907	6.39	26.77	15.948	8.7	20.6	66.997	53.895	86.412	101.898	1.216	387.755	1.954	4.908	0.336	0	0.421	NA	0.417	0.417	NA	-0.2	-0.2	-0.1	2.067	NA	2.308	2.308	NA	12.973	NA	13.359	13.421	NA	NA
2025-02-26	-91.164	30.373	0	13.485	11.4	16.79	15.141	14	17.7	85.547	67.523	99.728	101.47	1.473	369.966	1.387	3.658	0.424	0	0.42	NA	0.417	0.417	NA	-0.2	-0.2	-0.1	2.079	NA	2.312	2.312	NA	13.495	NA	13.817	13.855	NA	NA
2025-02-27	-91.164	30.373	0	18.928	9.79	24.31	18.856	11.8	22.4	87.443	53.834	100	100.566	1.959	75.893	4.548	9.477	0.353	0	0.421	NA	0.418	0.418	NA	-0.2	-0.2	-0.1	2.074	NA	2.319	2.319	NA	14.914	NA	14.838	14.692	NA	NA
2025-02-28	-91.164	30.373	0	10.377	8.88	13.35	13.634	11.7	15.8	74.743	58.502	100	100.397	1.164	168.952	3.297	6.209	0.832	0	0.421	NA	0.417	0.417	NA	-0.2	-0.2	-0.1	2.078	NA	2.316	2.316	NA	14.642	NA	14.777	14.919	NA	NA
2025-03-01	-91.164	30.373	0	16.462	6.78	21.25	15.368	11.7	18.3	47.235	28.63	67.091	101.158	0.807	85.767	5.87	10.04	1.021	0	0.42	NA	0.416	0.416	NA	-0.2	-0.2	-0.1	2.078	NA	2.299	2.299	NA	14.691	NA	14.884	15.028	NA	NA
2025-03-02	-91.164	30.373	0	2.548	-0.27	8.93	6.579	2	13	65.485	43.179	100	101.613	0.62	38.415	1.496	2.196	0.995	0	0.419	NA	0.412	0.412	NA	-0.2	-0.2	-0.1	2.1	NA	2.239	2.239	NA	14.244	NA	14.598	14.959	NA	NA
2025-03-03	-91.164	30.373	0	18.129	0.17	26.6	14.833	2	19.5	38.34	22.251	100	101.939	0.602	457.719	2.105	4.06	0.44	0	0.419	NA	0.411	0.411	NA	-0.2	-0.2	-0.1	2.102	NA	2.226	2.226	NA	13.585	NA	14.192	14.575	NA	NA
2025-03-04	-91.164	30.373	48.288	5.336	3.63	9.92	8.83	6.6	14.4	74.711	37.243	100	101.587	0.836	365.42	0.684	1.519	0.21	0.007	0.419	NA	0.413	0.413	NA	-0.2	-0.2	-0.1	2.087	NA	2.252	2.252	NA	14.945	NA	15.077	15.032	NA	NA
2025-03-05	-91.164	30.373	0	22.644	6.27	30	20.25	8.1	24.6	71.234	59.197	100	101.442	1.693	135.329	2.989	5.64	0.774	0	0.421	NA	0.418	0.418	NA	-0.2	-0.126	-0.1	2.118	NA	2.282	2.282	NA	14.005	NA	14.481	14.846	NA	NA
2025-03-06	-91.164	30.373	0	15.311	12.8	18.61	16.977	15.4	20.2	95.598	78.356	100	101.201	1.855	373.572	0.958	1.7	0.731	0	0.422	NA	0.416	0.416	NA	-0.2	-0.1	-0.1	2.105	NA	2.287	2.287	NA	12.627	NA	13.596	14.113	NA	NA
2025-03-07	-91.164	30.373	0	21.897	17.42	27.49	20.416	17.4	22.4	88.479	76.163	100	101.21	2.127	142.124	1.754	4.358	0.461	0	0.421	NA	0.416	0.416	NA	-0.2	-0.1	-0.1	2.075	NA	2.287	2.287	NA	13.924	NA	14.462	14.407	NA	NA
2025-03-08	-91.164	30.373	48.161	17.823	15.17	19.88	17.85	14.7	21.1	94.96	77.603	100	101.03	1.948	63.074	1.623	3.809	0.195	0.003	0.421	NA	0.417	0.417	NA	-0.2	-0.1	-0.1	2.077	NA	2.3	2.3	NA	16.367	NA	16.052	15.636	NA	NA
2025-03-09	-91.164	30.373	0.595	16.631	9.78	23.84	14.661	10.4	18.6	88.2	73.182	100	101.314	1.487	202.232	3.894	6.687	0.136	0	0.422	NA	0.419	0.419	NA	-0.2	-0.1	-0.1	2.099	NA	2.304	2.304	NA	16.968	NA	16.495	16.4	NA	NA
2025-03-10	-91.164	30.373	0	13.429	5.06	25.4	13.043	8.1	20.9	68.59	31.434	93.94	101.648	0.974	252.07	3.88	6.409	0.588	0	0.422	NA	0.418	0.418	NA	-0.2	-0.1	-0.1	2.112	NA	2.301	2.301	NA	14.833	NA	15.301	15.664	NA	NA
2025-03-11	-91.164	30.373	0	14.19	2.99	30.29	14.366	5.7	23.6	71.216	38.416	99.96	101.607	1.118	254.503	1.761	3.078	0.636	0	0.422	NA	0.418	0.418	NA	-0.2	-0.1	-0.1	2.11	NA	2.312	2.312	NA	14.534	NA	15.12	15.304	NA	NA
2025-03-12	-91.164	30.373	0	16.709	5.92	32.21	16.602	7.7	25	80.504	55.204	100	101.403	1.505	241.129	2.023	3.65	0.5	0	0.421	NA	0.416	0.416	NA	-0.2	-0.1	-0.1	2.096	NA	2.309	2.309	NA	15.634	NA	15.808	15.737	NA	NA
2025-03-13	-91.164	30.373	0	20.537	10.81	33.63	20.363	13.6	27.4	83.328	59.365	100	101.149	1.97	209.599	2.109	3.669	0.506	0	0.42	NA	0.415	0.415	NA	-0.2	-0.1	-0.1	2.104	NA	2.317	2.317	NA	17.39	NA	17.035	16.654	NA	NA
2025-03-14	-91.164	30.373	0	23.377	16.41	33.44	22.532	18	27.8	88.004	65.771	100	100.746	2.384	169.45	3.071	6.062	0.399	0	0.419	NA	0.415	0.415	NA	-0.2	-0.1	-0.1	2.114	NA	2.284	2.284	NA	19.117	NA	18.332	17.743	NA	NA
2025-03-15	-91.164	30.373	16.464	21.322	12.18	26.37	22.31	16.8	25.4	86.413	59.839	100	99.979	2.355	75.344	3.158	6.257	0.35	0.003	0.419	NA	0.416	0.416	NA	-0.2	-0.1	-0.1	2.124	NA	2.249	2.249	NA	20.101	NA	19.03	18.602	NA	NA
2025-03-16	-91.164	30.373	0	13.945	4.77	23.32	15.347	8.2	19.9	52.358	26.763	87.968	101.431	0.879	263.822	3.998	6.979	0.896	0	0.422	NA	0.419	0.419	NA	-0.2	-0.1	-0.1	2.14	NA	2.285	2.285	NA	16.988	NA	17.294	17.725	NA	NA
2025-03-17	-91.164	30.373	0	13.624	2.11	29.97	13.79	4.4	23.4	58.554	22.366	100	102.498	0.825	265.943	1.504	2.684	0.884	0	0.421	NA	0.417	0.417	NA	-0.2	-0.1	-0.1	2.131	NA	2.296	2.296	NA	15.443	NA	16.255	16.684	NA	NA
2025-03-18	-91.164	30.373	0	15.934	4.18	29.95	16.005	6.7	23.4	66.978	39.074	99.479	102.018	1.168	259.807	2.227	4.361	0.75	0	0.42	NA	0.414	0.414	NA	-0.2	-0.1	-0.1	2.126	NA	2.286	2.286	NA	15.958	NA	16.43	16.602	NA	NA
2025-03-19	-91.164	30.373	0	20.565	14.2	32.1	20.394	16.1	26	78.03	51.958	91.519	101.374	1.859	173.758	3.075	5.785	0.577	0	0.418	NA	0.413	0.413	NA	-0.2	-0.1	-0.1	2.13	NA	2.271	2.271	NA	17.678	NA	17.571	17.284	NA	NA
2025-03-20	-91.164	30.373	0	13.103	2.39	23.74	12.838	5.6	18	44.361	27.841	70.146	102.092	0.646	273.536	5.325	9.043	0.862	0	0.413	NA	0.412	0.412	NA	-0.2	-0.1	-0.1	2.19	NA	2.254	2.254	NA	16.179	NA	16.445	17.033	NA	NA
2025-03-21	-91.164	30.373	0	11.609	-0.1	28.32	10.955	2	19.5	62.693	33.664	98.274	102.171	0.764	273.312	1.672	3.234	0.647	0	0.407	NA	0.41	0.41	NA	-0.2	-0.1	-0.1	2.214	NA	2.26	2.26	NA	14.479	NA	15.451	15.949	NA	NA
2025-03-22	-91.164	30.373	0	16.674	4.5	32.82	16.157	6.4	24.9	70.832	38.425	99.691	101.916	1.242	264.347	1.486	3.014	0.747	0	0.4	NA	0.41	0.41	NA	-0.2	-0.1	-0.1	2.235	NA	2.26	2.26	NA	15.584	NA	16.096	16.102	NA	NA
2025-03-23	-91.164	30.373	0	19.849	11.78	31.48	19.874	15.1	25	86.103	72.022	96.764	101.621	2.002	101.325	2.293	4.729	0.351	0	0.392	NA	0.411	0.411	NA	-0.2	-0.1	-0.1	2.27	NA	2.248	2.248	NA	17.454	NA	17.27	17.024	NA	NA
2025-03-24	-91.164	30.373	10.054	20.922	14.72	31.44	20.032	16	26	87.15	57.803	100	101.564	2.011	191.717	1.642	3.391	0.368	0.005	0.4	NA	0.413	0.413	NA	-0.2	-0.1	-0.1	2.219	NA	2.231	2.231	NA	18.716	NA	18.131	17.859	NA	NA
2025-03-25	-91.164	30.373	0.102	20.348	10.85	33.99	19.824	12.2	27.8	80.746	42.584	100	101.931	1.819	259.484	1.581	2.742	0.599	0	0.406	NA	0.415	0.415	NA	-0.2	-0.1	-0.1	2.187	NA	2.228	2.228	NA	19.212	NA	18.679	18.399	NA	NA
2025-03-26	-91.164	30.373	0	22.108	13.24	33.66	21.251	15.3	27.7	84.468	56.495	100	102.161	2.099	224.341	1.562	2.808	0.48	0	0.4	NA	0.415	0.415	NA	-0.2	-0.1	-0.1	2.238	NA	2.235	2.235	NA	20.087	NA	19.429	19.043	NA	NA
2025-03-27	-91.164	30.373	0	20.439	15.22	27.83	20.531	16.4	24.9	82.025	54.412	99.937	102.115	1.947	129.646	1.102	2.769	0.502	0	0.394	NA	0.415	0.415	NA	-0.2	-0.1	-0.1	2.293	NA	2.232	2.232	NA	20.286	NA	19.633	19.471	NA	NA
2025-03-28	-91.164	30.373	1.718	20.58	13.98	26.93	21.017	16.9	24	85.542	74.206	94.314	101.764	2.126	77.028	2.002	5.34	0.38	0.002	0.39	NA	0.415	0.415	NA	-0.2	-0.1	-0.1	2.305	NA	2.226	2.226	NA	19.991	NA	19.565	19.473	NA	NA
2025-03-29	-91.164	30.373	52.949	20.968	18.32	30.64	20.403	18.2	25	95.766	78.362	100	101.358	2.295	107.372	1.711	4.338	0.11	0.004	0.403	NA	0.417	0.417	NA	-0.189	-0.1	-0.1	2.2	NA	2.219	2.219	NA	20.267	NA	19.839	19.616	NA	NA
2025-03-30	-91.164	30.373	0	23.86	17.23	33.11	23.258	18.8	28.9	90.713	69.749	100	101.108	2.581	211.853	1.761	3.452	0.324	0	0.413	NA	0.423	0.423	NA	-0.1	-0.1	-0.1	2.135	NA	2.203	2.203	NA	20.892	NA	20.347	19.907	NA	NA
2025-03-31	-91.164	30.373	32.795	22.906	18.19	30.39	22.049	18.4	26.2	93.721	78.415	100	101.065	2.487	167.01	1.876	3.694	0.185	0.001	0.414	NA	0.424	0.424	NA	-0.1	-0.1	-0.1	2.144	NA	2.19	2.19	NA	21.991	NA	21.041	20.717	NA	NA
2025-04-01	-91.164	30.373	0	22.357	18.39	27.55	21.547	18.5	25.6	93.929	87.03	99.957	101.176	2.426	115.768	1.779	4.493	0.171	0	0.415	NA	0.424	0.424	NA	-0.1	-0.1	-0.1	2.142	NA	2.183	2.183	NA	21.615	NA	20.973	20.796	NA	NA
2025-04-02	-91.164	30.373	0	25.645	21.66	31.64	25.466	22.8	28.8	85.819	74.472	93.889	100.994	2.786	197.141	3.71	7.738	0.489	0	0.415	NA	0.425	0.425	NA	-0.1	-0.1	-0.1	2.142	NA	2.195	2.195	NA	22.477	NA	21.689	21.214	NA	NA
2025-04-03	-91.164	30.373	0	26.731	22.6	34.08	26.217	23.8	29.8	82.163	66.537	91.172	101.263	2.78	251.105	3.373	6.981	0.646	0	0.411	NA	0.424	0.424	NA	-0.1	-0.1	-0.1	2.158	NA	2.204	2.204	NA	23.305	NA	22.326	21.826	NA	NA
2025-04-04	-91.164	30.373	0	26.696	24.04	32.79	26.447	25.1	29.5	82.473	71.55	88.718	101.5	2.839	185.025	3.358	7.273	0.621	0	0.404	NA	0.421	0.421	NA	-0.1	-0.1	-0.1	2.197	NA	2.19	2.19	NA	23.897	NA	22.83	22.373	NA	NA
2025-04-05	-91.164	30.373	0.629	26.446	23.68	32.79	26.148	24.3	29.2	82.515	71.782	90.222	101.182	2.791	169.673	3.739	8.098	0.609	0	0.394	NA	0.42	0.42	NA	-0.1	-0.1	-0.1	2.259	NA	2.18	2.18	NA	23.978	NA	23.015	22.656	NA	NA
2025-04-06	-91.164	30.373	20.368	17.501	13.42	24.07	16.171	12.7	24.9	95.746	89.986	100	101.142	1.802	75.994	4.252	7.442	0.085	0.006	0.407	NA	0.424	0.424	NA	-0.1	-0.1	-0.1	2.165	NA	2.158	2.158	NA	22.08	NA	21.718	22.128	NA	NA
2025-04-07	-91.164	30.373	0	13.289	6.59	20.89	12.117	8.1	15.2	83.422	67.238	94.192	101.487	1.175	146.667	3.846	6.765	0.246	0	0.413	NA	0.424	0.424	NA	-0.1	-0.1	-0.1	2.126	NA	2.158	2.158	NA	18.755	NA	19.553	20.356	NA	NA
2025-04-08	-91.164	30.373	0	13.971	3.81	27.05	13.354	5.6	21.2	72.32	39.122	100	101.906	1.048	293.16	1.842	3.28	0.574	0	0.413	NA	0.421	0.421	NA	-0.1	-0.1	-0.1	2.112	NA	2.172	2.172	NA	17.315	NA	18.453	19.06	NA	NA
2025-04-09	-91.164	30.373	0	16.341	6.09	29.3	16.022	7.8	23.9	71.671	41.773	99.83	102.123	1.248	289.853	1.483	3.022	0.676	0	0.41	NA	0.418	0.418	NA	-0.1	-0.1	-0.1	2.135	NA	2.167	2.167	NA	17.904	NA	18.602	18.881	NA	NA
2025-04-10	-91.164	30.373	0	18.891	7.81	31.47	18.637	10.3	26.9	76.734	47.79	100	102.11	1.6	289.782	1.618	3.064	0.675	0	0.402	NA	0.417	0.417	NA	-0.1	-0.1	-0.1	2.191	NA	2.173	2.173	NA	18.915	NA	19.188	19.22	NA	NA
2025-04-11	-91.164	30.373	0.017	19.489	9.74	30.57	20.07	15.3	25.5	60.281	28.56	99.702	101.98	1.318	295.705	2.8	5.361	1.087	0	0.388	NA	0.417	0.417	NA	-0.1	-0.144	-0.1	2.288	NA	2.177	2.177	NA	19.82	NA	19.685	19.773	NA	0.828
2025-04-12	-91.164	30.373	0	16.489	5.65	30.21	16.539	8	24.1	61.399	36.311	94.797	102.045	1.098	296.633	1.404	2.979	0.882	0	0.371	NA	0.415	0.415	NA	-0.124	-0.291	-0.1	2.408	NA	2.168	2.168	NA	18.916	NA	19.186	19.472	NA	0.827
2025-04-13	-91.164	30.373	0	18.487	7.76	32.47	18.451	9.9	26.6	72.27	44.22	99.988	101.916	1.467	293.612	1.579	3.087	0.783	0	0.354	NA	0.414	0.414	NA	-0.24	-3.906	-0.1	2.498	NA	2.155	2.155	NA	19.167	NA	19.363	19.473	NA	0.817
2025-04-14	-91.164	30.373	0.034	19.638	9.62	32.85	19.511	12.6	26.7	79.357	56.75	100	101.868	1.775	275.188	1.777	3.515	0.583	0	0.338	NA	0.414	0.414	NA	-0.373	-26.006	-0.1	2.542	NA	2.114	2.114	NA	19.905	NA	19.859	19.815	NA	0.816
2025-04-15	-91.164	30.373	0	18.459	8.6	31.4	19.002	13.7	25.8	67.977	30.664	100	102.023	1.407	262.52	2.009	4.066	0.863	0	0.324	NA	0.412	0.412	NA	-0.568	-48.646	-0.1	2.572	NA	2.024	2.024	NA	20.019	NA	19.902	20.03	NA	0.781
2025-04-16	-91.164	30.373	0	17.495	6.68	31.03	18.277	11.8	25.8	45.735	28.889	79.058	102.023	0.935	298.051	1.14	3.098	1.247	0	0.309	NA	0.407	0.407	NA	-1.541	-90.868	-0.1	2.621	NA	1.9	1.9	NA	19.46	NA	19.627	19.8	NA	0.839
2025-04-17	-91.164	30.373	0	21.037	9.96	34.12	20.577	12.6	28	78.678	55.11	99.357	101.773	1.891	277.424	1.956	4.096	0.653	0	0.298	NA	0.401	0.401	NA	-6.595	-151.29	-0.1	2.657	NA	1.819	1.819	NA	20.247	NA	20.196	20.066	NA	0.817
2025-04-18	-91.164	30.373	0	24.473	18.4	34.35	23.709	19.2	29.4	78.419	48.522	98.066	101.758	2.244	279.636	2.362	5.093	0.747	0	0.29	NA	0.392	0.392	NA	-23.417	-223.048	-0.1	2.693	NA	1.697	1.697	NA	21.82	NA	21.305	20.89	NA	0.809
2025-04-19	-91.164	30.373	0	24.386	19.45	31.66	24.007	21	28	81.067	63.467	95.018	101.965	2.394	194.04	2.141	5.385	0.612	0	0.284	NA	0.382	0.382	NA	-50.349	-294.216	-0.1	2.726	NA	1.519	1.519	NA	22.583	NA	21.899	21.553	NA	0.815
2025-04-20	-91.164	30.373	0.511	24.375	20.52	32.75	24.033	21.2	28.2	82.747	67.131	92.098	101.791	2.461	173.759	2.174	5.303	0.549	0	0.281	NA	0.374	0.374	NA	-86.083	-348.988	-0.1	2.741	NA	1.414	1.414	NA	22.806	NA	22.178	21.891	NA	0.814
2025-04-21	-91.164	30.373	0.562	24.398	18.05	34.39	23.632	19.8	29.6	87.986	59.493	100	101.727	2.542	200.699	1.518	3.386	0.411	0	0.278	NA	0.365	0.365	NA	-129.832	-401.315	-0.1	2.747	NA	1.354	1.354	NA	23.202	NA	22.547	22.222	NA	0.796
2025-04-22	-91.164	30.373	0.391	23.086	17.02	34.11	22.415	19.3	28.9	91.062	64.732	100	101.659	2.459	189.53	1.362	2.973	0.288	0.002	0.275	NA	0.358	0.358	NA	-172.298	-456.532	-0.1	2.757	NA	1.313	1.313	NA	23.127	NA	22.54	22.367	NA	0.721
2025-04-23	-91.164	30.373	19.532	22.948	16.31	33.42	21.998	18.1	28.2	94.598	62.759	100	101.677	2.49	173.275	1.162	2.393	0.186	0.001	0.283	NA	0.366	0.366	NA	-157.119	-379.219	-0.1	2.716	NA	1.453	1.453	NA	23.045	NA	22.597	22.441	NA	0.711
2025-04-24	-91.164	30.373	39.945	23.199	20.31	30.75	22.172	20.4	25.2	97.525	87.423	100	101.69	2.61	152.306	0.943	2.502	0.068	0.004	0.377	NA	0.41	0.41	NA	-3.256	-5.607	-0.1	2.185	NA	1.918	1.918	NA	23.278	NA	22.801	22.72	NA	0.718
2025-04-25	-91.164	30.373	2.365	24.131	18.46	31.78	23.428	18.9	28.6	90.469	70.516	100	101.752	2.603	240.824	1.479	3.057	0.323	0.001	0.405	NA	0.419	0.419	NA	-0.429	-0.2	-0.1	2.049	NA	1.985	1.985	NA	23.743	NA	23.181	22.925	NA	0.76
2025-04-26	-91.164	30.373	0.085	24.052	16.89	33.36	23.297	17.5	30.1	85.788	57.669	100	101.797	2.415	303.642	1.184	2.237	0.536	0	0.403	NA	0.416	0.416	NA	-0.4	-0.2	-0.1	2.075	NA	1.994	1.994	NA	23.844	NA	23.27	23.037	NA	0.775
2025-04-27	-91.164	30.373	0	24.427	17.79	33.48	23.935	19	29.9	86.337	62.287	100	101.843	2.536	278.88	1.222	2.401	0.507	0	0.396	NA	0.411	0.411	NA	-0.479	-0.56	-0.1	2.133	NA	1.95	1.95	NA	24.247	NA	23.553	23.328	NA	0.638
2025-04-28	-91.164	30.373	0.085	23.914	16.25	33.17	23.686	17.9	29.6	83.653	61.535	100	101.911	2.41	286.874	1.361	2.83	0.59	0	0.381	NA	0.407	0.407	NA	-0.967	-4.362	-0.1	2.22	NA	1.948	1.948	NA	24.264	NA	23.62	23.478	NA	0.696
2025-04-29	-91.164	30.373	0.034	24.062	17.24	32.69	24.115	18.9	29.9	80.328	53.631	100	101.92	2.364	248.683	1.389	3.293	0.698	0	0.362	NA	0.404	0.404	NA	-2.871	-14.435	-0.1	2.302	NA	1.912	1.912	NA	24.195	NA	23.643	23.542	NA	0.765
2025-04-30	-91.164	30.373	0.272	23.762	16.94	31.35	23.761	18.8	28.3	84.532	63.622	100	101.599	2.458	204.262	1.744	4.149	0.525	0	0.345	NA	0.401	0.401	NA	-7.088	-26.573	-0.1	2.38	NA	1.874	1.874	NA	23.942	NA	23.504	23.476	NA	0.767
2025-05-01	-91.164	30.373	0.493	23.745	17.85	32.87	23.534	17.6	29.9	82.555	54.76	100	101.552	2.345	264.386	1.626	3.531	0.627	0	0.33	NA	0.397	0.397	NA	-13.127	-41.68	-0.1	2.446	NA	1.834	1.834	NA	23.882	NA	23.516	23.426	NA	0.686
2025-05-02	-91.164	30.373	5.749	23.316	17.85	32.26	22.93	17.8	28.4	89.812	65.321	100	101.375	2.5	197.247	1.515	3.299	0.336	0.002	0.318	NA	0.392	0.392	NA	-22.14	-65.1	-0.1	2.505	NA	1.754	1.754	NA	23.945	NA	23.533	23.465	NA	0.642
2025-05-03	-91.164	30.373	5.905	20.797	13.41	28.78	20.145	15.4	25.2	89.376	60.86	100	101.255	2.091	174.354	1.654	3.057	0.296	0	0.383	NA	0.394	0.394	NA	-27.69	-74.963	-0.1	2.131	NA	1.909	1.909	NA	23.323	NA	23.124	23.269	NA	0.691
2025-05-04	-91.164	30.373	0	19.172	10.65	29.25	19.175	12.6	24.6	70.998	49.045	99.159	101.349	1.523	320.786	1.456	3.322	0.754	0	0.367	NA	0.388	0.388	NA	-35.134	-76.3	-0.1	2.193	NA	1.844	1.844	NA	22.378	NA	22.478	22.743	NA	0.674
2025-05-05	-91.164	30.373	0	19.941	9.19	29.85	19.891	11	26.2	64.514	46.637	90.957	101.405	1.467	305.243	0.951	2.539	0.941	0	0.343	NA	0.382	0.382	NA	-48.618	-87.506	-0.1	2.317	NA	1.721	1.721	NA	21.901	NA	22.111	22.358	NA	0.799
2025-05-06	-91.164	30.373	33.462	22.425	17.63	27.33	21.965	19	24.5	93.021	76.518	100	101.244	2.472	83.51	1.25	3.542	0.175	0.004	0.355	NA	0.387	0.387	NA	-48.701	-84.881	-0.1	2.276	NA	1.784	1.784	NA	22.614	NA	22.529	22.552	NA	NA
2025-05-07	-91.164	30.373	36.293	20.059	15.91	26.27	19.659	17.3	24.5	95.504	71.684	100	101.441	2.177	109.273	1.203	3.226	0.126	0.014	0.405	NA	0.416	0.416	NA	-0.547	-0.176	-0.1	2.055	NA	2.002	2.002	NA	22.473	NA	22.436	22.576	NA	0.756
2025-05-08	-91.164	30.373	0.068	22.586	14.51	31.44	22.289	15.5	29.4	84.778	57.938	100	101.53	2.245	280.101	0.977	2.022	0.533	0	0.406	NA	0.419	0.419	NA	-0.4	-0.1	-0.1	2.054	NA	2.016	2.016	NA	22.364	NA	22.441	22.323	NA	0.586
2025-05-09	-91.164	30.373	35.857	19.933	17.05	22.01	19.391	16.8	21.8	99.719	96.291	100	101.355	2.255	29.707	1.256	2.963	0.004	0.06	0.406	NA	0.419	0.419	NA	-0.331	-0.1	-0.1	2.075	NA	2.038	2.038	NA	22.667	NA	22.433	22.59	NA	NA
2025-05-10	-91.164	30.373	0	20.655	16.24	29.47	19.447	15.8	24.2	88.048	75.557	99.978	101.279	1.987	210.909	3.463	6.793	0.294	0	0.409	NA	0.419	0.419	NA	-0.3	-0.1	-0.1	2.058	NA	2.035	2.035	NA	21.91	NA	22.057	22.141	NA	0.929
2025-05-11	-91.164	30.373	0	19.237	12.15	27.2	17.776	12.5	23	84.204	66.259	98.747	101.352	1.702	281.411	1.649	3.391	0.366	0	0.408	NA	0.418	0.418	NA	-0.3	-0.1	-0.1	2.07	NA	2.054	2.054	NA	21.727	NA	21.866	21.985	NA	0.772
2025-05-12	-91.164	30.373	0	19.665	14.93	27.78	18.883	15.3	23.7	88.639	70.039	100	101.213	1.918	182.755	1.561	2.96	0.289	0	0.405	NA	0.416	0.416	NA	-0.3	-0.1	-0.1	2.085	NA	2.063	2.063	NA	21.753	NA	21.81	21.952	NA	0.672
2025-05-13	-91.164	30.373	0.153	22.996	14.08	31.57	22.672	15.6	29.1	83.2	59.183	100	101.112	2.259	307.42	1.568	3.265	0.592	0	0.4	NA	0.412	0.412	NA	-0.33	-0.23	-0.1	2.116	NA	1.993	1.993	NA	22.163	NA	22.192	22.027	NA	0.699
2025-05-14	-91.164	30.373	0	25.295	20.89	31.88	25.009	21.4	30.1	80.723	51.166	99.604	100.985	2.502	292.977	2.126	4.791	0.711	0	0.384	NA	0.409	0.409	NA	-0.667	-2.833	-0.1	2.194	NA	1.966	1.966	NA	23.67	NA	23.137	22.786	NA	0.592
2025-05-15	-91.164	30.373	0	27.354	23.24	33.76	26.975	23.5	31.8	81.812	61.855	95.056	101.128	2.885	288.979	2.222	4.996	0.719	0	0.36	NA	0.406	0.406	NA	-1.696	-14.557	-0.1	2.287	NA	1.921	1.921	NA	24.659	NA	23.923	23.466	NA	0.567
2025-05-16	-91.164	30.373	0	27.394	23.49	33.91	26.867	23.6	31.6	85.181	66.45	99.587	101.286	2.984	282.465	2.039	4.68	0.595	0	0.338	NA	0.405	0.405	NA	-4.957	-34.376	-0.1	2.4	NA	1.862	1.862	NA	25.481	NA	24.571	24.139	NA	0.535
2025-05-17	-91.164	30.373	0	27.559	21.88	33.82	27.118	23.1	31.8	83.819	63.402	97.152	101.383	2.973	299.215	1.649	3.504	0.662	0	0.32	NA	0.402	0.402	NA	-13.794	-67.382	-0.1	2.517	NA	1.802	1.802	NA	26.032	NA	25.091	24.655	NA	0.508
2025-05-18	-91.164	30.373	0	28.632	22.66	43.19	26.885	23.2	31.8	83.111	57.288	99.971	101.303	2.892	260.918	1.851	3.79	0.697	0	0.307	NA	0.396	0.396	NA	-25.482	-110.06	-0.1	2.602	NA	1.704	1.704	NA	26.126	NA	25.265	24.961	NA	0.427
2025-05-19	-91.164	30.373	0	29.196	22.04	41.15	27.038	23.1	32	81.27	56.049	99.671	101.113	2.86	248.016	2.301	4.825	0.756	0	0.297	NA	0.391	0.391	NA	-32.719	-141.287	-0.1	2.652	NA	1.584	1.584	NA	26.144	NA	25.4	25.141	NA	0.354
2025-05-20	-91.164	30.373	0	30.439	20.93	45.99	27.549	22.8	32.4	81.234	60.071	96.879	101.02	2.946	269.369	2.389	4.767	0.785	0	0.29	NA	0.387	0.387	NA	-39.343	-161.771	-0.1	2.675	NA	1.475	1.475	NA	26.978	NA	26.105	25.549	NA	0.301
2025-05-21	-91.164	30.373	3.199	23.246	17.66	28.7	22.851	19	25.3	85.874	67.857	99.322	101.451	2.399	79.577	1.283	2.78	0.399	0	0.287	NA	0.386	0.386	NA	-35.741	-166.533	-0.1	2.713	NA	1.429	1.429	NA	26.091	NA	25.399	25.512	NA	NA
2025-05-22	-91.164	30.373	0	28.352	17.04	46.65	24.584	18.2	31.9	83.864	58.228	100	101.581	2.56	267.782	1.082	2.529	0.635	0	0.288	NA	0.385	0.385	NA	-33.859	-163.185	-0.1	2.686	NA	1.416	1.416	NA	25.755	NA	25.404	25.096	NA	0.226
2025-05-23	-91.164	30.373	0	29.132	19.51	48.25	25.51	21	33	85.178	56.937	100	101.624	2.747	256.615	1.256	2.604	0.596	0	0.289	NA	0.385	0.385	NA	-36.373	-153.81	-0.1	2.682	NA	1.419	1.419	NA	27.096	NA	26.216	25.68	NA	0.244
2025-05-24	-91.164	30.373	0	28.611	18.84	47.87	26.059	20	32.3	84.07	61.27	99.936	101.692	2.809	219.601	1.445	2.943	0.648	0	0.289	NA	0.385	0.385	NA	-40.024	-156.617	-0.1	2.69	NA	1.419	1.419	NA	27.295	NA	26.393	25.965	NA	0.284
2025-05-25	-91.164	30.373	0	31.304	21.78	46.59	27.8	23.3	33.6	82.362	59.583	100	101.71	3.022	297.991	1.698	3.396	0.789	0	0.289	NA	0.393	0.403	NA	-115.462	-93.621	-0.1	2.684	NA	2.019	2.617	NA	28.756	NA	27.233	25.494	NA	0.277
2025-05-26	-91.164	30.373	1.395	28.244	22.16	46.2	25.936	20.7	33.7	88.398	55.629	99.747	101.481	2.938	203.951	1.905	3.914	0.455	0.027	0.287	NA	0.398	0.416	NA	-170.191	-59.415	-0.1	2.703	NA	2.372	3.334	NA	28.29	NA	27.711	25.54	NA	0.266
2025-05-27	-91.164	30.373	18.361	29.05	21.16	43.12	25.927	20.5	31.8	86.214	61.366	100	101.514	2.85	265.091	1.534	3.021	0.552	0.02	0.351	NA	0.41	0.417	NA	-56.246	-20.59	-0.1	2.537	NA	2.662	3.423	NA	27.49	NA	26.931	25.604	NA	0.283
2025-05-28	-91.164	30.373	15.766	26.169	20.36	40.17	23.826	20.1	30.9	92.498	68.792	100	101.677	2.721	169.261	1.462	3.156	0.299	0.038	0.376	NA	0.414	0.416	NA	-0.283	-1.022	-0.1	2.486	NA	2.755	3.538	NA	27.184	NA	27.137	25.718	NA	0.295
2025-05-29	-91.164	30.373	11.78	27.179	20.72	36.79	24.266	19.8	29.7	91.375	70.972	100	101.615	2.767	288.281	1.665	3.333	0.331	0.027	0.4	NA	0.421	0.417	NA	-0.174	-0.631	-0.1	2.433	NA	2.935	3.558	NA	27.055	NA	26.579	25.669	NA	0.435
2025-05-30	-91.164	30.373	0.136	26.771	20.98	37.96	25.253	21.5	30.1	89.396	68.028	100	101.489	2.864	189.577	1.676	2.97	0.388	0	0.399	NA	0.421	0.417	NA	-0.1	-0.429	-0.1	2.473	NA	2.902	3.505	NA	27.735	NA	27.311	25.64	NA	0.304
2025-05-31	-91.164	30.373	0	26.788	18.2	38.99	24.061	19.1	28.9	70.769	49.285	90.677	101.428	2.068	324.971	1.497	3.191	0.97	0	0.394	0.343	0.42	0.417	0.416	-0.1	-0.373	-0.1	2.497	2.807	2.186	3.496	2.805	27.317	27.02	27.01	25.681	24.07	0.424
2025-06-01	-91.164	30.373	0	26.697	16.56	39.9	23.93	17.5	29.8	78.601	55.556	99.769	101.323	2.28	303.449	1.196	2.352	0.782	0	0.382	0.346	0.414	0.417	0.415	-0.167	-0.51	-0.1	2.561	2.765	2.15	3.503	2.806	27.069	27.315	26.798	25.634	23.999	0.417
2025-06-02	-91.164	30.373	0	27.635	19.13	40.28	25.699	19.9	31.3	78.363	54.509	99.619	101.461	2.531	260.93	1.059	2.201	0.851	0	0.369	0.352	0.41	0.415	0.415	-0.857	-0.977	-0.1	2.596	2.685	2.145	3.514	2.806	27.37	28.166	27.031	25.643	24.017	0.45
2025-06-03	-91.164	30.373	0	27.025	19.17	37.88	25.374	20.2	29.6	81.964	66.321	99.092	101.444	2.627	250.52	1.128	3.058	0.665	0	0.353	0.348	0.406	0.416	0.415	-4.513	-2.058	-0.1	2.639	2.659	2.077	3.501	2.807	27.189	28.497	26.998	25.722	24.113	0.428
2025-06-04	-91.164	30.373	0	28.196	20.44	39.92	26.538	21.3	31.8	82.537	62.28	99.5	101.398	2.832	255.351	1.163	2.728	0.696	0	0.344	0.345	0.402	0.415	0.415	-12.255	-5.857	-0.1	2.628	2.644	2.006	3.529	2.807	27.331	28.596	26.953	25.721	24.228	0.419
2025-06-05	-91.164	30.373	0	29.639	20.91	40.21	27.626	21.9	33	80.046	54.591	99.739	101.517	2.901	315.297	1.283	2.546	0.87	0	0.333	0.34	0.398	0.415	0.415	-23.184	-14.654	-0.1	2.646	2.62	1.965	3.555	2.811	28.353	28.671	27.59	25.819	24.347	0.448
2025-06-06	-91.164	30.373	0	29.541	21.54	40.16	27.741	22.7	33	82.726	61.728	99.518	101.571	3.043	295.13	1.48	2.887	0.742	0	0.32	0.334	0.392	0.414	0.415	-38.368	-29.76	-0.1	2.678	2.608	1.831	3.582	2.815	28.903	28.19	28.144	26.091	24.473	0.452
2025-06-07	-91.164	30.373	0.936	29.373	22.61	38.63	28.035	23.2	33.2	84.62	63.89	100	101.457	3.171	284.075	1.79	3.47	0.679	0.006	0.31	0.347	0.384	0.413	0.415	-57.297	-42.672	-0.1	2.702	2.651	1.539	3.613	2.807	29.091	28.528	28.431	26.365	24.161	0.466
2025-06-08	-91.164	30.373	0.204	29.319	22.42	39.23	27.989	23.5	32.8	86.841	68.315	99.927	101.292	3.262	271.399	1.901	3.73	0.562	0	0.3	0.343	0.376	0.413	0.415	-81.547	-57.43	-0.1	2.738	2.634	1.317	3.637	2.808	29.149	28.616	28.561	26.598	24.277	0.46
2025-06-09	-91.164	30.373	0	28.185	23.18	36.94	27.247	24	31.1	85.335	69.673	100	101.231	3.059	213.134	1.674	3.325	0.588	0	0.293	0.337	0.369	0.412	0.415	-112.922	-74.988	-0.1	2.771	2.612	1.242	3.651	2.813	28.645	28.358	28.353	26.757	24.418	0.479
2025-06-10	-91.164	30.373	6.517	26.386	20.96	37.89	25.414	21	32.4	91.102	67.505	100	101.523	2.953	173.733	1.558	3.233	0.354	0.02	0.29	0.33	0.363	0.412	0.415	-132.305	-92.484	-0.1	2.799	2.615	1.195	3.651	2.819	28.241	27.99	28.09	26.767	24.534	0.509
2025-06-11	-91.164	30.373	0.34	26.597	19.06	36.87	25.025	19.8	32	89.041	66.389	100	101.701	2.811	281.424	1.36	2.787	0.452	0	0.297	0.325	0.357	0.411	0.415	-67.418	-89.627	-0.1	2.758	2.635	1.163	3.644	2.822	27.559	27.224	27.412	26.641	24.637	0.628
2025-06-12	-91.164	30.373	0.017	27.183	21.76	35.46	26.261	21.9	31.1	87.499	71.596	99.545	101.499	2.979	233.654	1.455	3.323	0.49	0	0.288	0.319	0.354	0.411	0.415	-114.564	-110.567	-0.1	2.75	2.646	1.144	3.64	2.826	27.529	27.334	27.438	26.515	24.7	0.484
2025-06-13	-91.164	30.373	21.058	25.008	20.9	31.75	24.401	20.1	29.5	97.59	84.917	100	101.567	2.998	110.597	1.088	2.103	0.085	0.009	0.353	0.345	0.387	0.411	0.414	-51.839	-55.82	-0.1	2.555	2.791	1.698	3.616	2.837	26.468	26.599	26.795	26.489	24.712	0.488
2025-06-14	-91.164	30.373	5.389	25.299	21.79	34.12	24.477	21.8	30.3	98.145	87.221	100	101.742	3.032	127.907	1.465	3.034	0.068	0.007	0.397	0.373	0.409	0.414	0.416	-0.2	-7.507	-0.1	2.402	2.935	2.043	3.578	2.835	26.408	26.14	26.53	26.203	24.968	0.555
2025-06-15	-91.164	30.373	5.44	25.596	21.55	35.03	24.488	21.6	30.8	97.038	84.593	100	101.78	3.002	175.445	1.186	2.631	0.1	0.005	0.409	0.382	0.425	0.416	0.416	-0.14	-0.499	-0.1	2.344	3.027	2.141	3.477	2.828	26.197	26.064	26.218	26.029	25.076	0.657
2025-06-16	-91.164	30.373	1.887	25.831	22.63	32.31	24.939	22.5	29.1	95.458	83.043	100	101.611	3.018	171.318	1.218	2.58	0.152	0.002	0.41	0.381	0.426	0.416	0.416	-0.1	-0.3	-0.1	2.344	3.047	2.15	3.415	2.814	26.446	26.428	26.395	25.95	24.895	0.49
2025-06-17	-91.164	30.373	1.241	26.471	23.29	34.83	25.643	23.3	30.3	97.145	86.376	100	101.536	3.204	162.754	1.34	2.728	0.101	0.001	0.41	0.38	0.426	0.417	0.416	-0.1	-0.3	-0.1	2.343	3.026	2.168	3.376	2.795	26.638	26.586	26.54	25.95	24.8	0.475
2025-06-18	-91.164	30.373	1.224	27.521	23.06	34.61	26.564	23	31	94.009	79.173	100	101.671	3.267	254.4	1.178	2.439	0.243	0.001	0.41	0.386	0.426	0.417	0.416	-0.1	-0.3	-0.1	2.333	2.984	2.181	3.343	2.772	27.18	27.369	26.861	25.96	24.854	0.587
2025-06-19	-91.164	30.373	2.074	27.719	22.17	35.48	26.645	21.1	33.6	91.586	66.61	100	101.887	3.185	273.783	1.516	3.005	0.384	0	0.41	0.385	0.425	0.417	0.416	-0.1	-0.3	-0.1	2.335	2.965	2.176	3.323	2.75	27.729	27.521	27.361	26.146	24.917	0.618
2025-06-20	-91.164	30.373	2.533	28.305	22.09	35.6	27.469	22	33.4	87.867	65.453	100	101.86	3.196	293.419	1.181	2.241	0.552	0.002	0.411	0.386	0.424	0.418	0.416	-0.1	-0.3	-0.1	2.333	2.935	2.173	3.31	2.729	27.805	27.792	27.457	26.34	24.945	0.617
2025-06-21	-91.164	30.373	1.479	28.938	23.37	35.67	28.205	23.6	33.3	84.145	62.364	100	101.852	3.179	311.327	1.123	2.125	0.713	0.001	0.409	0.381	0.419	0.418	0.416	-0.1	-0.3	-0.1	2.339	2.858	2.129	3.302	2.709	28.447	28.159	27.967	26.51	24.9	0.519
2025-06-22	-91.164	30.373	0.102	28.7	23.82	36.04	27.841	23.8	33.2	86.908	63.556	100	101.955	3.224	278.103	1.114	2.391	0.58	0	0.397	0.376	0.411	0.417	0.416	-0.1	-0.367	-0.1	2.36	2.801	2.051	3.313	2.69	28.53	28.262	28.165	26.714	24.95	0.534
2025-06-23	-91.164	30.373	0	28.371	23.06	35.67	27.672	23.4	32.7	84.714	63.09	100	102.047	3.103	274.257	0.915	2.22	0.662	0	0.377	0.372	0.405	0.416	0.416	-0.516	-0.876	-0.1	2.396	2.751	2.016	3.318	2.675	28.436	28.221	28.189	26.845	25.031	0.543
2025-06-24	-91.164	30.373	0	27.759	23.02	34.63	26.96	23.1	31.6	86.842	68.164	99.417	102.11	3.066	273.507	1.144	2.974	0.531	0	0.357	0.368	0.4	0.417	0.416	-5.569	-3.268	-0.1	2.45	2.702	1.959	3.308	2.662	28.072	27.988	27.979	26.948	25.1	0.568
2025-06-25	-91.164	30.373	0	28.169	21.99	35.64	27.583	22.5	32.1	83.877	61.485	100	101.976	3.049	284.506	1.037	2.37	0.706	0	0.336	0.361	0.392	0.416	0.416	-17.835	-10.416	-0.1	2.521	2.63	1.855	3.326	2.654	28.047	27.876	27.896	26.949	25.196	0.525
2025-06-26	-91.164	30.373	1.974	27.971	22.37	35.42	27.31	22.8	33.6	85.977	61.17	100	101.741	3.084	257.084	1.163	2.264	0.625	0.001	0.316	0.352	0.382	0.416	0.415	-37.681	-23.297	-0.1	2.612	2.532	1.645	3.342	2.645	28.022	27.889	27.871	26.95	25.265	0.558
2025-06-27	-91.164	30.373	8.67	26.504	21.82	35.16	25.581	21.2	31.3	96.216	78.063	100	101.779	3.155	159.05	1.084	1.918	0.144	0.003	0.347	0.361	0.391	0.416	0.416	-28.398	-22.726	-0.1	2.476	2.61	1.658	3.335	2.634	27.408	27.371	27.586	26.966	25.477	0.681
2025-06-28	-91.164	30.373	6.409	26.811	21.65	35.12	26.005	21.9	32.6	90.63	64.228	100	101.848	3.027	265.452	1.007	2.084	0.392	0.001	0.402	0.379	0.415	0.419	0.417	-0.2	-2.903	-0.1	2.261	2.697	1.968	3.26	2.618	27.273	27.101	27.226	26.827	25.583	0.525
2025-06-29	-91.164	30.373	0.714	26.343	22.37	35.21	25.148	22.5	31.3	97.335	77.461	100	101.781	3.116	183.676	1.049	2.011	0.107	0	0.401	0.38	0.414	0.419	0.416	-0.198	-0.995	-0.1	2.267	2.713	1.994	3.247	2.601	27.16	27.114	27.22	26.75	25.625	0.634
2025-06-30	-91.164	30.373	11.286	26.934	23.01	34.66	26.175	23.1	32.1	92.903	74.89	100	101.738	3.157	205.776	1.212	2.314	0.277	0.001	0.405	0.385	0.426	0.419	0.417	-0.119	-0.33	-0.1	2.268	2.764	2.101	3.221	2.583	27.337	27.194	27.243	26.706	25.592	0.644
2025-07-01	-91.164	30.373	0.017	28.761	22.63	37.82	27.478	22.8	33	87.389	63.326	100	101.677	3.172	277.259	1.404	2.456	0.572	0	0.403	0.385	0.425	0.42	0.417	-0.1	-0.333	-0.1	2.29	2.697	2.06	3.21	2.568	28.226	27.911	27.645	26.674	25.5	0.461
2025-07-02	-91.164	30.373	0	28.449	23.47	38.94	27.09	23.5	32.9	89.891	71.711	99.947	101.569	3.212	240.662	1.364	2.623	0.425	0	0.397	0.384	0.417	0.42	0.416	-0.139	-0.4	-0.1	2.162	2.652	1.951	3.216	2.551	28.954	28.669	28.404	26.871	25.5	0.448
2025-07-03	-91.164	30.373	5.833	28.517	23.59	38.73	26.774	23.7	33.5	91.428	71.004	100	101.586	3.203	253.659	1.514	2.828	0.377	0.068	0.39	0.382	0.409	0.419	0.416	-0.2	-0.417	-0.1	2.117	2.653	1.96	3.234	2.537	29.07	28.832	28.561	27.085	25.5	0.451
2025-07-04	-91.164	30.373	0.595	28.068	24.35	37.62	27.005	24.2	32.4	91.355	69.023	100	101.644	3.237	180.498	1.026	1.857	0.368	0.021	0.387	0.381	0.405	0.418	0.416	-0.2	-0.499	-0.1	2.126	2.661	1.964	3.243	2.526	28.751	28.71	28.483	27.243	25.555	0.657
2025-07-05	-91.164	30.373	2.399	29.003	22.6	38.21	27.874	22.7	33.7	84.545	57.293	100	101.572	3.106	257.577	1.158	2.113	0.736	0.044	0.379	0.381	0.403	0.419	0.416	-0.214	-0.5	-0.1	2.156	2.644	1.959	3.234	2.517	29.036	28.863	28.584	27.297	25.63	0.605
2025-07-06	-91.164	30.373	0.136	27.872	22.73	38.72	26.319	23	32.7	89.388	66.441	100	101.546	3.053	260.666	1.146	2.236	0.422	0	0.376	0.38	0.402	0.418	0.416	-0.227	-0.5	-0.1	2.167	2.63	1.948	3.252	2.511	29.066	28.957	28.699	27.384	25.7	0.611
2025-07-07	-91.164	30.373	0	28.299	22.28	37.18	26.867	22.4	31.7	88.062	69.729	100	101.764	3.101	270.661	1.34	2.598	0.497	0	0.368	0.377	0.4	0.417	0.416	-0.865	-0.537	-0.1	2.201	2.61	1.929	3.266	2.505	28.965	28.871	28.613	27.452	25.772	0.465
2025-07-08	-91.164	30.373	0.561	27.424	21.87	36.12	26.176	22.3	30.4	90.042	73.784	100	101.987	3.049	251.169	1.281	2.387	0.39	0	0.361	0.374	0.397	0.417	0.416	-5.123	-0.6	-0.1	2.233	2.567	1.894	3.282	2.5	28.826	28.818	28.593	27.496	25.819	0.455
2025-07-09	-91.164	30.373	1.242	26.711	21.63	37.19	25.597	22.1	31.2	92.51	73.217	99.873	101.919	3.038	220.97	1.259	2.429	0.278	0.005	0.354	0.371	0.394	0.416	0.416	-11.227	-0.634	-0.1	2.257	2.533	1.859	3.297	2.495	28.427	28.488	28.334	27.498	25.9	0.433
2025-07-10	-91.164	30.373	8.87	25.593	21.86	37.87	24.409	22.1	31	97.008	78.329	100	101.793	2.973	161.193	1.211	2.255	0.117	0.01	0.364	0.374	0.392	0.416	0.416	-12.568	-0.685	-0.1	2.192	2.548	1.857	3.311	2.493	27.779	27.961	27.891	27.401	25.9	0.402
2025-07-11	-91.164	30.373	7.722	27.497	21.53	37.46	26.092	21.8	32.5	94.244	71.775	100	101.793	3.19	241.188	1.137	2.375	0.249	0.002	0.389	0.381	0.396	0.415	0.416	-6.699	-0.612	-0.1	2.133	2.608	1.921	3.32	2.49	28.072	28.029	27.759	27.216	25.9	0.421
2025-07-12	-91.164	30.373	1.072	28.091	22.42	38.28	26.882	22.8	32.8	92.934	74.327	100	101.835	3.293	270.21	1.045	2.146	0.295	0.001	0.398	0.383	0.403	0.415	0.416	-1.758	-0.599	-0.1	2.237	2.633	1.976	3.329	2.488	28.923	28.839	28.398	27.238	25.9	0.448
2025-07-13	-91.164	30.373	15.438	26.148	22.94	36.79	25.331	23	32.1	97.927	81.414	100	101.857	3.177	147.983	0.914	1.825	0.082	0.003	0.399	0.385	0.409	0.416	0.416	-0.648	-0.566	-0.1	2.232	2.659	2.021	3.32	2.488	27.875	28.127	28.058	27.368	25.9	0.395
2025-07-14	-91.164	30.373	0.085	27.216	22.28	37.28	26.092	22.3	32.2	93.103	75.959	100	101.844	3.152	209.705	1.112	2.097	0.27	0	0.404	0.388	0.418	0.418	0.417	-0.16	-0.5	-0.1	2.271	2.664	2.044	3.301	2.484	27.887	27.894	27.694	27.208	25.982	0.42
2025-07-15	-91.164	30.373	0	29.167	21.82	38.45	27.697	22.2	34.3	87.296	59.294	100	101.736	3.203	305.822	1.237	2.178	0.609	0	0.397	0.385	0.409	0.417	0.417	-0.1	-0.521	-0.1	2.224	2.647	1.977	3.315	2.482	28.629	28.536	28.078	27.132	26	0.449
2025-07-16	-91.164	30.373	0	30.106	23.42	38.92	28.621	24	34	87.639	64.567	100	101.503	3.401	286.289	1.425	2.595	0.579	0	0.386	0.384	0.403	0.416	0.416	-0.12	-0.589	-0.1	2.195	2.627	1.967	3.33	2.479	29.577	29.462	28.893	27.318	26	0.429
2025-07-17	-91.164	30.373	54.213	26.044	24.71	33.08	24.87	23.6	27.9	99.56	92.88	100	101.436	3.134	81.692	1.299	2.812	0.012	0.004	0.401	0.388	0.416	0.418	0.417	-0.189	-0.549	-0.1	2.26	2.662	2.078	3.313	2.481	28.406	28.632	28.618	27.61	26.019	NA
2025-07-18	-91.164	30.373	0.221	27.383	24.03	34.71	26.229	23.8	31.1	93.983	77.612	100	101.752	3.195	192.314	1.445	2.803	0.242	0	0.409	0.388	0.423	0.418	0.417	-0.1	-0.5	-0.1	2.267	2.718	2.179	3.307	2.48	28.155	28.419	27.953	27.458	26.121	0.602
2025-07-19	-91.164	30.373	0.323	27.247	22.92	36.18	26.353	23.1	31.6	94.945	78.888	100	101.986	3.266	181.448	1.077	2.001	0.202	0	0.408	0.39	0.423	0.418	0.417	-0.1	-0.5	-0.1	2.278	2.675	2.162	3.31	2.482	28.267	28.447	28.109	27.386	26.1	0.43
2025-07-20	-91.164	30.373	0.136	29.526	23.23	38	28.462	23.5	33.7	88.207	67.975	100	101.903	3.404	289.975	1.134	2.017	0.554	0	0.404	0.391	0.418	0.418	0.416	-0.1	-0.5	-0.1	2.27	2.633	2.06	3.317	2.482	29.106	28.978	28.472	27.36	26.1	0.43
2025-07-21	-91.164	30.373	0	29.794	22.82	38.59	28.654	23.3	34.1	87.898	69.135	100	101.75	3.425	283.198	1.126	1.967	0.58	0	0.394	0.387	0.41	0.417	0.416	-0.117	-0.5	-0.1	2.211	2.621	1.969	3.333	2.481	29.644	29.575	29.063	27.556	26.111	0.468
2025-07-22	-91.164	30.373	0	30.34	23.52	39.16	29.133	23.9	35.3	85.904	60.613	100	101.669	3.412	297.947	1.188	2.138	0.72	0	0.382	0.386	0.405	0.416	0.416	-0.33	-0.549	-0.1	2.222	2.595	1.965	3.343	2.48	29.992	29.906	29.396	27.774	26.2	0.474
2025-07-23	-91.164	30.373	0	29.705	24.85	36.02	28.795	25.2	33.8	89.379	68.532	100	101.701	3.513	192.278	1.361	2.538	0.494	0	0.372	0.385	0.403	0.417	0.416	-2.958	-0.6	-0.1	2.262	2.549	1.94	3.337	2.483	29.738	29.746	29.425	27.99	26.234	0.451
2025-07-24	-91.164	30.373	11.289	27.633	24.46	38.01	26.397	24.1	33.6	94.7	72.05	100	101.575	3.252	139.285	0.886	1.748	0.23	0.001	0.379	0.387	0.402	0.416	0.416	-8.944	-0.6	-0.1	2.249	2.543	1.926	3.347	2.486	29.276	29.414	29.181	28.068	26.312	0.456
2025-07-25	-91.164	30.373	21.115	26.396	24.05	35.21	25.374	23.3	31.1	98.821	83.44	100	101.483	3.211	135.094	1.002	2.721	0.046	0.002	0.402	0.39	0.411	0.417	0.416	-2.212	-0.523	-0.1	2.256	2.578	2.026	3.337	2.488	28.47	28.701	28.564	28.006	26.419	0.535
2025-07-26	-91.164	30.373	2.705	27.434	24.12	32.56	26.573	24	30.8	96.811	83.934	100	101.808	3.372	165.676	0.925	2.225	0.125	0.001	0.409	0.391	0.423	0.418	0.417	-0.171	-0.489	-0.1	2.273	2.656	2.143	3.314	2.489	28.247	28.509	28.153	27.816	26.53	0.444
2025-07-27	-91.164	30.373	0.068	28.798	22.78	37.59	27.825	23.1	34.9	89.466	62.432	100	102.075	3.324	273.432	1.069	1.883	0.504	0	0.407	0.392	0.421	0.418	0.417	-0.1	-0.457	-0.1	2.281	2.636	2.102	3.313	2.487	28.945	29.004	28.491	27.7	26.5	0.466
2025-07-28	-91.164	30.373	0	29.722	22.96	38.66	28.491	23.4	34.5	85.579	59.662	100	102.113	3.271	301.471	1.408	2.509	0.714	0	0.4	0.392	0.415	0.418	0.416	-0.133	-0.5	-0.1	2.277	2.578	2.005	3.318	2.486	29.604	29.581	29.039	27.755	26.5	0.457
2025-07-29	-91.164	30.373	0	23.676	23.47	23.92	23.933	23.7	24.3	99.655	98.846	100	101.928	2.962	0	0.806	1.027	0.008	0	0.395	0.39	0.412	0.418	0.416	-0.2	-0.5	-0.1	2.232	2.561	1.962	3.324	2.485	28.919	29.544	29.383	27.872	26.5	NA
2025-07-31	-91.164	30.373	0.119	28.119	22.22	36.39	26.692	21.9	33.2	91.105	66.977	100	101.648	3.175	279.19	1.383	2.697	0.395	0	0.408	0.393	0.424	0.419	0.417	-0.152	-0.432	-0.1	2.272	2.612	2.157	3.316	2.482	28.52	28.827	28.331	27.989	26.6	0.553
2025-08-01	-91.164	30.373	2.566	29.329	23.54	38.18	27.703	23.3	33.2	88.87	70.572	100	101.823	3.279	265.399	1.362	2.617	0.501	0	0.404	0.395	0.422	0.418	0.416	-0.195	-0.459	-0.1	2.278	2.552	2.065	3.32	2.481	29.386	29.465	28.941	27.893	26.6	0.464
2025-08-02	-91.164	30.373	0.494	27.638	23.25	37.04	26.407	23.1	32.6	88.556	67.482	99.433	101.779	3.035	224.722	1.404	3.106	0.462	0	0.401	0.393	0.417	0.418	0.416	-0.153	-0.5	-0.1	2.26	2.552	1.985	3.323	2.48	29.218	29.419	29.021	28.01	26.6	0.694
2025-08-03	-91.164	30.373	0.051	28.472	23.24	37.19	27.022	23.4	32.2	86.255	67.273	100	101.452	3.047	267.703	1.615	3.264	0.579	0	0.394	0.391	0.412	0.417	0.416	-0.245	-0.5	-0.1	2.207	2.551	1.983	3.333	2.475	29.162	29.315	28.895	28.014	26.6	0.77
2025-08-04	-91.164	30.373	0	28.263	21.26	36.79	26.943	21.1	32.7	82.149	60.65	99.711	101.402	2.872	260.351	0.986	2.01	0.758	0	0.383	0.39	0.408	0.417	0.416	-1.853	-0.5	-0.1	2.233	2.547	1.978	3.328	2.474	28.978	29.212	28.831	28.019	26.667	0.611
2025-08-05	-91.164	30.373	0.153	28.054	22.98	37.66	26.723	23.1	33.5	89.392	63.697	100	101.807	3.11	270.955	0.908	2.086	0.464	0	0.374	0.388	0.405	0.416	0.415	-10.981	-0.5	-0.1	2.271	2.522	1.962	3.342	2.474	29.082	29.292	28.856	28.01	26.7	0.489
2025-08-06	-91.164	30.373	0.136	28.313	22.2	38.01	27.165	22.3	33.6	87.31	67.936	100	102.092	3.126	254.981	1.086	2.056	0.547	0	0.365	0.386	0.404	0.415	0.415	-21.642	-0.534	-0.1	2.305	2.484	1.934	3.348	2.474	28.826	29.064	28.711	28.012	26.7	0.492
2025-08-07	-91.164	30.373	13.319	27.85	22.63	37.87	26.51	22.2	33.9	90.833	63.505	100	101.923	3.127	224.249	1.171	2.297	0.425	0.011	0.368	0.385	0.405	0.415	0.415	-22.444	-0.59	-0.1	2.307	2.476	1.935	3.348	2.473	28.821	29.043	28.731	28.008	26.7	0.491
2025-08-08	-91.164	30.373	2.518	26.156	21.23	36.27	25.314	21.3	31.6	94.719	71.961	100	101.606	3.06	186.589	0.888	2.034	0.213	0.002	0.4	0.39	0.411	0.416	0.415	-0.578	-0.486	-0.1	2.31	2.504	1.967	3.312	2.474	27.902	28.196	28.113	27.951	26.7	0.425
2025-08-09	-91.164	30.373	0.17	27.245	21.9	36.4	26.411	22.2	32.4	88.883	65.008	100	101.542	3.034	225.383	0.833	1.998	0.469	0	0.394	0.388	0.406	0.415	0.415	-0.628	-0.474	-0.1	2.262	2.519	1.983	3.313	2.472	28.002	28.212	27.948	27.707	26.7	0.464
2025-08-10	-91.164	30.373	0.068	26.695	21.8	35.04	26.084	22	32.3	91.66	72.692	100	101.555	3.088	156.485	0.801	1.727	0.338	0	0.388	0.386	0.404	0.415	0.415	-1.54	-0.5	-0.1	2.214	2.531	1.984	3.321	2.471	27.665	27.914	27.766	27.611	26.7	0.421
2025-08-11	-91.164	30.373	0	28.841	22.6	37.82	27.881	22.9	33.4	86.318	66.095	100	101.446	3.208	257.974	0.886	2.128	0.608	0	0.379	0.385	0.402	0.414	0.415	-6.785	-0.5	-0.1	2.242	2.524	1.975	3.33	2.471	28.389	28.432	28.074	27.509	26.645	0.438
2025-08-12	-91.164	30.373	7.574	28.004	23	37.98	26.805	23.2	33.1	94.173	73.007	100	101.388	3.316	211.983	0.956	1.807	0.254	0.002	0.378	0.386	0.401	0.414	0.415	-10.965	-0.509	-0.1	2.23	2.506	1.953	3.344	2.471	28.434	28.567	28.285	27.584	26.6	0.44
2025-08-13	-91.164	30.373	4.166	29.304	23.78	38.33	28.198	24	35	90.63	64.453	100	101.387	3.429	258.922	1.182	2.159	0.477	0	0.39	0.388	0.4	0.414	0.415	-5.679	-0.5	-0.1	2.172	2.525	1.968	3.357	2.47	28.877	28.91	28.514	27.648	26.6	0.465
2025-08-14	-91.164	30.373	0.408	28.852	23.81	37.96	28.035	23.9	33.9	89.559	67.924	100	101.567	3.371	236.946	1.234	2.262	0.473	0	0.392	0.388	0.399	0.413	0.415	-7.15	-0.528	-0.1	2.175	2.545	1.971	3.369	2.47	28.952	29.061	28.717	27.749	26.6	0.509
2025-08-15	-91.164	30.373	7.065	25.752	22.27	35.11	25.28	22.2	31.8	97.44	79.612	100	101.868	3.147	77.157	1.021	1.89	0.106	0.001	0.391	0.389	0.4	0.412	0.415	-6.033	-0.562	-0.1	2.245	2.548	2.027	3.379	2.473	27.932	28.186	28.243	27.829	26.6	NA
2025-08-16	-91.164	30.373	0.204	28.038	21.18	37.12	27.134	21.2	34.1	88.547	64.652	100	101.821	3.157	242.806	1.122	1.994	0.546	0	0.398	0.389	0.402	0.412	0.415	-0.758	-0.5	-0.1	2.272	2.545	2.047	3.386	2.473	27.682	27.798	27.627	27.604	26.6	0.481
2025-08-17	-91.164	30.373	0.97	28.021	23.45	38.81	27.167	23.4	34.8	90.057	64.811	100	101.524	3.221	191.381	1.311	2.646	0.454	0	0.388	0.388	0.4	0.411	0.415	-1.859	-0.511	-0.1	2.217	2.54	2.015	3.398	2.473	28.336	28.428	28.156	27.535	26.6	0.472
2025-08-18	-91.164	30.373	6.842	26.903	22.43	39.13	25.851	21.6	35.2	91.565	60.541	100	101.432	3.026	201.109	1.042	2.208	0.416	0.001	0.384	0.388	0.399	0.411	0.415	-6.029	-0.6	-0.1	2.215	2.53	1.99	3.41	2.473	28.083	28.265	28.069	27.573	26.6	0.448
2025-08-19	-91.164	30.373	8.498	27.095	21.52	37.78	25.88	21.6	34.5	91.148	60.997	100	101.453	3.014	243.031	1.089	2.102	0.437	0.001	0.397	0.39	0.401	0.41	0.415	-4.246	-0.523	-0.1	2.186	2.532	2.03	3.412	2.474	27.877	28.082	27.864	27.514	26.6	0.528
2025-08-20	-91.164	30.373	0.357	27.102	21.96	38.21	26.251	21.9	34.4	90.038	67.017	100	101.233	3.06	182.238	1.109	2.111	0.438	0	0.403	0.391	0.407	0.41	0.415	-0.562	-0.5	-0.1	2.269	2.54	2.071	3.404	2.475	27.837	27.953	27.803	27.493	26.6	0.578
2025-08-21	-91.164	30.373	0.051	28.934	21.67	43.22	26.452	21.8	34	88.861	65.656	100	101.138	3.053	264.678	1.073	2.183	0.481	0	0.4	0.39	0.405	0.41	0.415	-0.408	-0.5	-0.1	2.212	2.548	2.04	3.412	2.475	28.605	28.466	28.193	27.45	26.6	0.399
2025-08-22	-91.164	30.373	0.391	27.221	22.77	41.74	25.695	22.6	32.6	92.836	75.895	100	101.282	3.062	155.806	1.042	1.891	0.276	0	0.396	0.389	0.404	0.409	0.415	-0.315	-0.5	-0.1	2.196	2.563	2.036	3.422	2.476	28.735	28.673	28.558	27.616	26.6	0.374
2025-08-23	-91.164	30.373	0.102	29.218	21.84	42.65	26.77	21.9	32.8	84.921	61.337	100	101.338	2.934	258.456	1.304	2.456	0.673	0	0.392	0.389	0.404	0.409	0.414	-0.325	-0.5	-0.1	2.215	2.572	2.038	3.43	2.48	28.812	28.688	28.492	27.661	26.6	0.382
2025-08-24	-91.164	30.373	0	28.742	21.1	42.93	26.719	21.3	33.3	79.705	52.868	100	101.364	2.713	249.636	0.992	2.089	0.899	0	0.387	0.388	0.403	0.408	0.414	-0.488	-0.509	-0.1	2.242	2.568	2.032	3.438	2.483	28.931	28.864	28.688	27.743	26.6	0.382
2025-08-25	-91.164	30.373	0	29.17	21.14	42.32	27.413	21.6	34.6	78.079	50.513	99.413	101.561	2.791	259.21	0.794	1.826	0.968	0	0.383	0.387	0.402	0.408	0.414	-0.914	-0.545	-0.1	2.261	2.552	2.025	3.447	2.485	28.854	28.79	28.632	27.807	26.643	0.398
2025-08-26	-91.164	30.373	0	29.154	21.29	42.59	27.108	21.8	34.7	80.064	52.675	100	101.874	2.817	249.784	0.841	1.847	0.871	0	0.378	0.385	0.402	0.408	0.413	-2.072	-0.599	-0.1	2.29	2.522	2.017	3.454	2.488	28.861	28.766	28.635	27.833	26.7	0.37
2025-08-27	-91.164	30.373	0	27.433	21.89	40.02	25.665	22	31.7	85.07	64.884	99.738	102.014	2.773	196.749	0.867	1.841	0.578	0	0.374	0.383	0.401	0.408	0.413	-4.607	-0.6	-0.1	2.323	2.507	2.008	3.462	2.49	28.644	28.594	28.565	27.85	26.7	0.348
2025-08-28	-91.164	30.373	0.17	28.133	21.74	40.94	26.624	22.2	32.5	87.916	65.818	100	101.749	3.043	212.594	1.142	2.164	0.512	0	0.371	0.381	0.4	0.407	0.414	-6.796	-0.6	-0.1	2.355	2.501	2.001	3.469	2.488	28.478	28.448	28.355	27.805	26.7	0.348
2025-08-29	-91.164	30.373	23.641	24.496	22.02	26.25	24.09	22.3	25.3	98.427	93.895	100	101.541	2.955	27.333	0.828	1.655	0.046	0.003	0.385	0.384	0.408	0.409	0.415	-6.234	-0.528	-0.1	2.404	2.525	2.064	3.456	2.483	27.379	27.261	27.802	27.735	26.745	NA
2025-08-30	-91.164	30.373	6.5	26.27	21.97	36.13	24.754	22	30.7	97.617	80.404	100	101.395	3.057	147.629	1.103	2.471	0.091	0.001	0.406	0.391	0.419	0.413	0.417	-0.136	-0.4	-0.1	2.377	2.548	2.141	3.416	2.48	27.04	27.046	27.081	27.377	26.772	0.421
2025-08-31	-91.164	30.373	0.136	27.055	21.13	38.14	25.281	21	31.4	87.263	62.643	100	101.51	2.771	231.645	0.792	1.849	0.516	0	0.406	0.392	0.421	0.413	0.417	-0.1	-0.4	-0.1	2.312	2.534	2.108	3.401	2.482	27.556	27.521	27.375	27.19	26.689	0.393
2025-09-01	-91.164	30.373	0	27.962	21.66	41.53	26.095	21.9	32.8	82.241	53.538	100	101.554	2.718	222.292	0.759	1.775	0.729	0	0.402	0.389	0.417	0.412	0.417	-0.1	-0.4	-0.1	2.311	2.54	2.067	3.403	2.483	28.034	27.949	27.796	27.212	26.6	0.336
2025-09-02	-91.164	30.373	0.034	27.631	20.89	40.67	25.905	21.1	32.4	84.676	58.376	100	101.47	2.777	220.151	0.832	1.798	0.637	0	0.397	0.387	0.411	0.412	0.416	-0.1	-0.4	-0.1	2.253	2.559	2.037	3.394	2.485	28.018	27.959	27.855	27.268	26.545	0.357
2025-09-03	-91.164	30.373	0.017	27.098	18.96	40.08	25.423	19.5	32.5	84.72	58.702	100	101.296	2.705	228.142	1.058	1.888	0.639	0	0.392	0.387	0.408	0.411	0.416	-0.1	-0.4	-0.1	2.249	2.57	2.042	3.407	2.487	27.882	27.887	27.761	27.291	26.5	0.443
2025-09-04	-91.164	30.373	0.051	28.514	20.7	40.53	26.776	21	33.4	86.114	62.966	100	101.171	2.997	245.831	1.19	2.101	0.624	0	0.385	0.386	0.406	0.41	0.415	-0.1	-0.4	-0.1	2.295	2.551	2.045	3.416	2.487	28.081	28.047	27.835	27.261	26.5	0.334
2025-09-05	-91.164	30.373	0.068	29.071	21.63	41.3	27.409	22.1	34	83.974	57.207	100	101.353	3.013	255.444	1.028	1.975	0.736	0	0.378	0.385	0.406	0.41	0.415	-0.122	-0.41	-0.1	2.334	2.528	2.041	3.426	2.489	28.426	28.359	28.096	27.313	26.5	0.371
2025-09-06	-91.164	30.373	0.017	28.41	20.82	41.2	26.925	21	32.5	83.65	60.898	100	101.552	2.934	215.995	1.165	2.646	0.69	0	0.372	0.383	0.405	0.409	0.415	-0.369	-0.464	-0.1	2.372	2.501	2.033	3.437	2.491	28.361	28.348	28.164	27.402	26.5	0.378
2025-09-07	-91.164	30.373	0	27.332	20.69	39.73	25.441	20.6	30.9	77.593	61.766	96.53	101.738	2.498	228.482	1.537	3.989	0.81	0	0.365	0.38	0.404	0.409	0.415	-1.535	-0.449	-0.1	2.41	2.483	2.024	3.447	2.492	28.134	28.13	28.011	27.416	26.5	0.432
2025-09-08	-91.164	30.373	0	24.899	16.78	37.98	23.445	18.4	29.6	63.094	46.663	84.61	101.734	1.793	258.764	1.108	3.094	1.162	0	0.356	0.377	0.402	0.408	0.415	-6.763	-0.433	-0.1	2.468	2.461	2.012	3.455	2.497	27.34	27.466	27.522	27.365	26.5	0.516
2025-09-09	-91.164	30.373	6.688	24.749	14.65	40.55	23.049	15.3	33.4	86.307	58.222	100	101.55	2.451	249.861	1.048	2.483	0.499	0.007	0.365	0.378	0.406	0.409	0.414	-7.795	-0.408	-0.1	2.466	2.452	2.025	3.453	2.501	26.635	26.805	26.861	27.114	26.5	0.421
2025-09-10	-91.164	30.373	2.584	26.778	20.16	39.1	25.616	20.7	33.1	87.572	60.117	100	101.754	2.84	198.443	0.773	1.929	0.527	0.002	0.397	0.385	0.411	0.409	0.415	-0.116	-0.4	-0.1	2.359	2.502	2.032	3.443	2.499	27.118	27.141	27.022	26.904	26.451	0.387
2025-09-11	-91.164	30.373	0.408	27.399	19.67	40.18	25.978	20.3	33.2	82.188	52.606	100	101.894	2.687	236.579	0.901	1.797	0.782	0	0.388	0.384	0.406	0.408	0.414	-0.1	-0.4	-0.1	2.3	2.523	2.039	3.451	2.508	27.366	27.366	27.212	26.856	26.4	0.363
2025-09-12	-91.164	30.373	0.034	27.696	18.74	41.87	26.173	19.5	34.2	79.002	48.178	100	101.824	2.584	240.267	1.133	2.099	0.967	0	0.374	0.382	0.404	0.407	0.413	-0.119	-0.4	-0.1	2.349	2.515	2.036	3.462	2.512	27.342	27.379	27.226	26.864	26.311	0.357
2025-09-13	-91.164	30.373	0.136	28.618	19.54	41.97	27.358	20.2	35	71.97	39.038	98.864	101.589	2.49	241.365	1.291	2.737	1.284	0	0.359	0.379	0.403	0.407	0.413	-0.403	-0.4	-0.1	2.416	2.486	2.021	3.472	2.512	27.383	27.495	27.292	26.861	26.3	0.356
2025-09-14	-91.164	30.373	0.034	27.476	19.96	41.11	26.284	20.4	33.6	76.884	42.495	99.924	101.488	2.518	208.092	1.05	2.167	1.008	0	0.343	0.375	0.401	0.407	0.413	-3.521	-0.4	-0.1	2.48	2.442	1.997	3.477	2.513	27.128	27.207	27.103	26.821	26.291	0.327
2025-09-15	-91.164	30.373	0	26.989	19.49	40.86	25.564	20.2	32.4	80.459	51.035	100	101.705	2.553	201.014	1.401	2.415	0.824	0	0.325	0.37	0.399	0.406	0.413	-11.975	-0.568	-0.1	2.533	2.398	1.954	3.479	2.514	26.855	27.011	26.885	26.776	26.2	0.315
2025-09-16	-91.164	30.373	0.034	27.559	20.39	40.67	25.75	20.6	33.4	83.368	50.524	100	101.811	2.703	218.698	1.322	2.519	0.691	0	0.307	0.363	0.395	0.406	0.413	-18.728	-0.988	-0.1	2.579	2.345	1.867	3.481	2.514	26.982	27.072	26.879	26.692	26.2	0.317
2025-09-17	-91.164	30.373	9.486	25.921	20.41	39.64	23.998	19.9	32.3	91.265	59.492	100	101.681	2.698	191.145	1.353	2.708	0.371	0.001	0.317	0.361	0.394	0.406	0.413	-17.124	-1.747	-0.1	2.564	2.311	1.822	3.479	2.515	26.816	26.916	26.863	26.647	26.172	0.3
2025-09-18	-91.164	30.373	0.425	26.488	18.33	38.42	24.723	18.9	31.7	83.769	53.869	100	101.588	2.548	244.065	0.915	2.066	0.671	0	0.342	0.367	0.398	0.406	0.413	-0.236	-1.042	-0.1	2.478	2.302	1.921	3.473	2.516	26.647	26.672	26.613	26.568	26.1	0.358
2025-09-19	-91.164	30.373	0.085	26.798	18.52	39.48	25.145	19.2	32.5	81.837	48.982	100	101.626	2.526	243.674	1.139	2.361	0.787	0	0.313	0.36	0.395	0.406	0.413	-4.1	-1.163	-0.1	2.574	2.259	1.85	3.476	2.516	26.738	26.744	26.709	26.508	26.1	0.369
2025-09-20	-91.164	30.373	0.068	26.994	19.04	40.29	25.335	19.6	32.5	83.521	52.446	100	101.658	2.638	226.47	1.026	2.185	0.702	0	0.291	0.352	0.387	0.406	0.413	-21.72	-2.618	-0.1	2.621	2.212	1.692	3.478	2.517	26.744	26.73	26.702	26.495	26.017	0.376
2025-09-21	-91.164	30.373	0.034	26.584	20.38	39.18	25.212	20.7	32.6	86.229	52.355	100	101.547	2.723	173.051	1.122	2.387	0.559	0	0.278	0.344	0.38	0.405	0.413	-41.86	-7.004	-0.1	2.648	2.199	1.378	3.478	2.519	26.798	26.755	26.767	26.482	26	0.299
2025-09-22	-91.164	30.373	4.506	26.02	20.58	40.34	24.665	21	32.4	92.184	62.612	100	101.406	2.848	188.115	1.068	2.484	0.309	0.001	0.273	0.334	0.375	0.405	0.413	-36.153	-11.881	-0.1	2.647	2.186	1.067	3.475	2.52	26.771	26.74	26.743	26.484	26	0.327
2025-09-23	-91.164	30.373	0.153	27.914	21.57	40.04	26.604	21.8	33.6	89.041	64.841	100	101.473	3.077	184.123	1.275	2.591	0.474	0	0.273	0.33	0.372	0.405	0.413	-9.636	-11.336	-0.1	2.623	2.172	0.952	3.473	2.521	27.024	26.952	26.841	26.465	25.999	0.322
2025-09-24	-91.164	30.373	10.196	26.233	23.05	38.8	25.206	22.9	32.2	96.578	70.059	100	101.562	3.095	107.894	1.362	2.672	0.139	0.001	0.295	0.333	0.375	0.405	0.413	-19.63	-13.446	-0.1	2.542	2.22	1.151	3.466	2.527	27.104	27.14	27.063	26.543	25.901	0.305
2025-09-25	-91.164	30.373	0.085	25.146	21.44	30.37	24.21	21.9	27.6	94.855	81.923	100	101.424	2.863	111.238	1.675	2.763	0.172	0	0.325	0.341	0.379	0.405	0.413	-0.34	-9.558	-0.1	2.399	2.213	1.562	3.459	2.531	26.608	26.731	26.684	26.575	25.902	0.3
2025-09-26	-91.164	30.373	0.102	25.284	17.95	36.65	23.719	18.5	29.4	83.321	55.04	100	101.205	2.4	239.802	1.745	3.17	0.596	0	0.307	0.337	0.377	0.405	0.412	-4.866	-8.92	-0.1	2.468	2.178	1.45	3.457	2.532	26.146	26.401	26.274	26.436	25.915	0.333
2025-09-27	-91.164	30.373	0	25.557	16.09	37.94	24.099	16.9	31	73.87	48.124	100	101.287	2.147	229.585	1.832	3.691	0.953	0	0.288	0.332	0.372	0.405	0.413	-21.417	-12.214	-0.1	2.525	2.151	1.18	3.453	2.53	25.704	26.021	25.908	26.256	25.9	0.353
2025-09-28	-91.164	30.373	0	26.583	16.77	39.59	25.331	18.2	32	64.339	44.882	82.532	101.519	2.049	225.461	1.62	3.667	1.271	0	0.276	0.326	0.367	0.404	0.413	-48.507	-17.529	-0.1	2.565	2.139	0.914	3.45	2.53	25.648	25.884	25.779	26.074	25.9	0.404
2025-09-29	-91.164	30.373	0	26.878	18.21	41.25	25.581	19.6	32.7	72.34	47.6	87.724	101.518	2.334	193.622	1.032	2.313	1.047	0	0.268	0.32	0.363	0.404	0.413	-81.751	-23.361	-0.1	2.586	2.131	0.815	3.448	2.536	25.738	25.845	25.78	25.946	25.833	0.384
2025-09-30	-91.164	30.373	0	26.278	17.99	39.57	25.116	18.7	32.1	73.295	46.809	95.522	101.467	2.27	187.137	1.166	2.48	1.02	0	0.264	0.312	0.361	0.404	0.413	-108.016	-28.278	-0.1	2.599	2.13	0.785	3.442	2.541	25.791	25.869	25.86	25.906	25.795	0.389
2025-10-01	-91.164	30.373	0	25.463	17.21	41.22	24.341	17.8	32.8	78.488	45.979	99.73	101.493	2.327	175.521	1.099	2.161	0.831	0	0.26	0.304	0.359	0.403	0.413	-130.269	-32.977	-0.1	2.615	2.134	0.761	3.432	2.55	25.451	25.646	25.695	25.866	25.7	0.428
2025-10-02	-91.164	30.373	0	27.586	20.73	39.57	25.954	21.6	31.7	76.948	44.028	96.896	101.807	2.512	197.501	1.024	2.744	0.896	0	0.257	0.293	0.356	0.403	0.412	-155.815	-39.636	-0.1	2.626	2.15	0.734	3.405	2.559	26.242	26.171	26.126	25.85	25.7	0.359
2025-10-03	-91.164	30.373	0	25.178	19.54	38.66	23.781	20.4	29.2	79.681	56.27	96.87	101.868	2.315	177.507	1.181	2.902	0.67	0	0.254	0.284	0.354	0.402	0.412	-176.573	-45.697	-0.1	2.646	2.148	0.705	3.354	2.569	25.727	25.768	25.896	25.909	25.627	0.301
2025-10-04	-91.164	30.373	0	25.73	19.66	37.44	24.284	20.5	28.7	74.956	64.008	84.841	101.526	2.272	176.445	1.736	4.674	0.794	0	0.25	0.277	0.352	0.402	0.412	-194.692	-52.794	-0.1	2.658	2.156	0.677	3.342	2.577	25.468	25.478	25.622	25.81	25.6	0.32
2025-10-05	-91.164	30.373	8.152	24.937	22.53	31.08	23.843	22.6	26.6	86.625	73.5	100	101.203	2.561	91.925	1.589	4.39	0.398	0.002	0.249	0.283	0.353	0.402	0.412	-148.958	-53.504	-0.1	2.666	2.172	0.7	3.338	2.586	25.373	25.353	25.539	25.718	25.6	NA
2025-10-06	-91.164	30.373	33.784	27.008	22.61	34.82	25.748	21.8	31.3	92.107	72.803	100	101.376	3.042	189.133	1.649	3.575	0.323	0.002	0.379	0.377	0.414	0.409	0.416	-1.89	-11.521	-0.1	2.248	2.376	1.912	3.275	2.566	26.043	26.715	25.817	25.543	25.244	0.354
2025-10-07	-91.164	30.373	0.119	27.592	22.5	38.78	25.975	22.7	32.5	89.818	61.401	100	101.649	2.982	175.268	0.845	1.772	0.425	0	0.397	0.382	0.418	0.412	0.418	-0.1	-0.719	-0.1	2.226	2.399	1.974	3.248	2.535	26.867	26.801	26.581	25.823	25.419	0.287
2025-10-08	-91.164	30.373	12.838	26.228	21.25	40.1	24.596	21.8	32.4	93.091	65.141	100	101.803	2.87	165.967	1.195	2.576	0.263	0	0.398	0.382	0.416	0.411	0.418	-0.1	-0.279	-0.1	2.219	2.427	2.008	3.256	2.51	26.519	26.456	26.512	26.012	25.577	0.161
2025-10-09	-91.164	30.373	0	25.833	20.64	34.48	25.045	20.9	30.1	78.403	56.898	96.201	101.951	2.463	210.3	1.833	4.236	0.756	0	0.41	0.387	0.424	0.414	0.418	-0.1	-0.2	-0.1	2.155	2.472	2.083	3.221	2.483	26.074	26.136	26.173	26.079	25.668	0.266
2025-10-10	-91.164	30.373	0	23.068	14.71	34.29	22.125	15.7	28.5	71.934	53.136	87.29	101.868	1.918	215.95	1.489	3.466	0.814	0	0.402	0.384	0.419	0.414	0.418	-0.1	-0.2	-0.1	2.215	2.421	1.981	3.206	2.461	24.936	25.27	25.395	25.922	25.6	0.346
2025-10-11	-91.164	30.373	0	22.041	15.07	33.69	20.961	16.3	27.5	77.395	47.681	94.182	101.498	1.873	214.676	1.208	2.759	0.674	0	0.392	0.381	0.413	0.412	0.418	-0.1	-0.2	-0.1	2.259	2.417	1.969	3.208	2.443	24.319	24.672	24.793	25.603	25.553	0.308
2025-10-12	-91.164	30.373	0.068	21.273	12.59	35.19	19.978	13.4	28.2	78.382	44.977	99.757	101.207	1.756	216.196	0.921	1.988	0.688	0	0.381	0.379	0.408	0.41	0.417	-0.1	-0.2	-0.1	2.286	2.406	1.983	3.214	2.43	23.559	23.944	24.122	25.249	25.5	0.331
2025-10-13	-91.164	30.373	0.102	21.598	12.99	36.15	20.407	14.1	28.8	78.214	40.16	100	101.491	1.79	212.433	1.039	2.032	0.731	0	0.371	0.376	0.406	0.41	0.417	-0.1	-0.2	-0.1	2.291	2.376	1.981	3.212	2.422	23.174	23.565	23.688	24.89	25.39	0.255
2025-10-14	-91.164	30.373	0.068	21.958	12.93	35.69	21.081	13.8	29.4	74.946	42.033	100	101.732	1.785	207.863	1.172	2.462	0.849	0	0.363	0.373	0.404	0.409	0.417	-0.1	-0.243	-0.1	2.319	2.351	1.977	3.224	2.416	22.89	23.273	23.373	24.586	25.266	0.326
2025-10-15	-91.164	30.373	0	22.605	14.3	36.86	21.668	15.8	29.8	72.821	47.709	92.376	101.587	1.837	204.046	0.937	2.289	0.863	0	0.355	0.37	0.403	0.408	0.416	-0.221	-0.3	-0.1	2.345	2.324	1.974	3.233	2.41	22.944	23.206	23.282	24.329	25.134	0.307
2025-10-16	-91.164	30.373	0.068	22.808	14.26	37.6	21.661	15	30.5	80.202	47.979	100	101.407	2.011	205.142	0.866	1.975	0.714	0	0.348	0.366	0.402	0.408	0.416	-0.615	-0.352	-0.1	2.364	2.286	1.97	3.24	2.406	23.113	23.271	23.366	24.202	24.996	0.318
2025-10-17	-91.164	30.373	0.034	23.879	15.44	36.69	22.752	16.4	29.8	83.777	56.438	100	101.346	2.282	183.483	1.12	2.605	0.587	0	0.341	0.361	0.401	0.407	0.416	-1.97	-0.443	-0.1	2.376	2.237	1.964	3.249	2.403	23.444	23.492	23.544	24.147	24.871	0.317
2025-10-18	-91.164	30.373	8.944	23.978	17.03	36.1	23.166	18	29.8	93.898	73.338	100	101.253	2.677	128.11	1.583	3.451	0.209	0.001	0.35	0.36	0.4	0.407	0.416	-3.078	-0.465	-0.1	2.333	2.25	1.958	3.258	2.4	23.864	23.89	23.869	24.178	24.766	0.195
2025-10-19	-91.164	30.373	0.102	23.556	13.92	33.41	22.806	15.8	27.5	79.042	47.004	100	101.609	2.218	202.966	3.012	5.095	0.594	0	0.368	0.362	0.401	0.407	0.416	-0.107	-0.3	-0.1	2.243	2.316	1.96	3.267	2.4	24.012	24.315	24.151	24.277	24.7	0.285
2025-10-20	-91.164	30.373	0	19.394	8.71	33.27	18.606	9.8	27.1	74.019	51.446	95.111	101.915	1.586	202.298	1.335	3.015	0.672	0	0.358	0.357	0.399	0.406	0.416	-0.1	-0.358	-0.1	2.301	2.28	1.963	3.272	2.398	22.353	22.881	23.001	24.201	24.654	0.338
2025-10-21	-91.164	30.373	0.153	23.923	14.82	36.16	22.558	15.7	30.3	86.504	64.159	100	101.72	2.361	185.591	1.77	3.542	0.479	0	0.35	0.354	0.397	0.406	0.415	-0.205	-0.4	-0.1	2.33	2.251	1.966	3.278	2.397	22.898	23.133	23.01	23.897	24.6	0.234
2025-10-22	-91.164	30.373	0	20.649	9.36	32.04	19.727	11.2	25.8	63.738	36.066	89.538	102.002	1.418	200.594	1.426	3.223	0.943	0	0.341	0.35	0.396	0.405	0.415	-0.523	-0.535	-0.1	2.368	2.196	1.957	3.286	2.396	22.842	23.143	23.275	23.872	24.508	0.398
2025-10-23	-91.164	30.373	0.068	18.019	7.99	32.49	17.325	9.2	25.8	74.111	42.663	99.277	102.031	1.408	194.429	1.009	2.363	0.7	0	0.33	0.344	0.392	0.405	0.415	-2.432	-0.647	-0.1	2.389	2.123	1.942	3.288	2.397	21.208	21.744	22.019	23.664	24.439	0.398
2025-10-24	-91.164	30.373	0.102	20.098	10.3	33.56	19.326	11.7	26.6	80.316	57.558	100	101.95	1.775	184.685	1.404	3.285	0.571	0	0.322	0.339	0.39	0.404	0.415	-7.089	-0.842	-0.1	2.402	2.074	1.924	3.291	2.397	21.265	21.639	21.769	23.267	24.345	0.414
2025-10-25	-91.164	30.373	25.634	20.424	18.61	22.33	20.265	19	22.4	93.639	83.516	100	101.644	2.231	27.465	1.42	3.737	0.147	0.001	0.364	0.357	0.402	0.406	0.415	-4.839	-0.779	-0.1	2.263	2.229	1.987	3.277	2.401	21.468	21.698	21.877	23.023	23.911	NA
2025-10-26	-91.164	30.373	19.921	23.745	18.93	32.09	22.789	19.6	27.6	92.425	72.209	100	101.29	2.552	160.12	1.499	3.11	0.251	0.002	0.411	0.383	0.417	0.41	0.417	-0.107	-0.267	-0.1	2.1	2.403	2.109	3.248	2.393	22.836	22.914	22.556	22.817	23.577	0.219
2025-10-27	-91.164	30.373	0.17	20.741	14.67	29.36	20.091	15.2	25.8	88.519	65.076	100	101.311	2.065	185.143	1.866	3.176	0.333	0	0.41	0.384	0.42	0.41	0.417	-0.1	-0.2	-0.1	2.124	2.411	2.101	3.239	2.381	22.324	22.78	22.658	23.09	23.738	0.216
2025-10-28	-91.164	30.373	0.817	20.473	14.2	30.45	19.38	15	25.4	91.994	74.434	100	101.322	2.079	121.858	1.33	3.018	0.221	0.001	0.405	0.381	0.417	0.411	0.416	-0.1	-0.2	-0.1	2.153	2.39	2.026	3.231	2.372	21.766	22.066	22.144	23.047	23.8	0.219
2025-10-29	-91.164	30.373	0	16.406	11.03	22.65	15.481	11.9	21.4	69.015	51.035	97.39	101.46	1.227	183.915	5.512	9.561	0.546	0	0.403	0.378	0.412	0.411	0.416	-0.1	-0.2	-0.1	2.17	2.393	1.982	3.229	2.361	20.69	21.646	21.588	22.943	23.8	0.493
2025-10-30	-91.164	30.373	0	14.765	7.09	23.84	13.527	8.4	18.4	74.986	57.727	93.709	101.717	1.152	182.438	3.494	5.915	0.419	0	0.394	0.375	0.406	0.408	0.416	-0.1	-0.2	-0.1	2.222	2.392	1.979	3.241	2.351	19.041	20.32	20.069	22.501	23.703	0.481
2025-10-31	-91.164	30.373	0.085	13.188	5.19	26.57	12.174	6.1	19.8	82.767	50.235	100	101.908	1.152	182.969	1.242	2.241	0.332	0	0.386	0.373	0.403	0.408	0.416	-0.1	-0.2	-0.1	2.235	2.386	1.985	3.227	2.343	18.173	19.217	19.187	21.902	23.607	0.407
2025-11-01	-91.164	30.373	0.102	15.199	5.68	27.98	14.088	6.8	21.8	81.009	52.604	100	101.911	1.285	170.637	1.272	2.716	0.404	0	0.378	0.371	0.401	0.407	0.415	-0.1	-0.2	-0.1	2.244	2.379	1.987	3.237	2.337	18.011	18.766	18.802	21.363	23.422	0.46
2025-11-02	-91.164	30.373	0	15.411	8.41	26.18	14.89	9.7	20.4	70.808	49.67	92.231	102.228	1.18	181.264	2.625	4.986	0.546	0	0.372	0.37	0.4	0.406	0.415	-0.1	-0.2	-0.1	2.266	2.369	1.986	3.246	2.334	18.185	18.946	18.945	21.038	23.193	0.466
2025-11-03	-91.164	30.373	0	12.585	4.35	26.3	12.074	6	20.7	71.334	40.929	95.922	102.607	0.968	184.92	1.186	2.757	0.509	0	0.367	0.368	0.398	0.405	0.415	-0.1	-0.2	-0.1	2.291	2.349	1.981	3.25	2.33	17.148	18.097	18.174	20.753	22.969	0.481
2025-11-04	-91.164	30.373	0.085	13.756	3.99	28.94	13.205	5.2	22.8	78.797	47.659	100	102.57	1.166	180.498	0.987	2.246	0.46	0	0.363	0.366	0.397	0.405	0.414	-0.151	-0.256	-0.1	2.302	2.336	1.982	3.252	2.328	16.903	17.626	17.758	20.351	22.752	0.436
2025-11-05	-91.164	30.373	0.068	17.166	7.3	32.62	16.421	8	25.6	88.342	61.351	100	102.225	1.674	166.207	1.149	2.112	0.323	0	0.359	0.364	0.397	0.404	0.414	-0.265	-0.3	-0.1	2.309	2.331	1.982	3.26	2.326	17.588	18.03	18.034	20.06	22.524	0.413
2025-11-06	-91.164	30.373	0.136	19.699	10.55	33.55	18.768	11.5	26	86.816	69.1	100	101.818	1.888	149.769	1.092	2.325	0.363	0	0.356	0.362	0.397	0.404	0.414	-0.501	-0.3	-0.1	2.323	2.322	1.979	3.266	2.325	18.587	18.786	18.723	20.033	22.316	0.338
2025-11-07	-91.164	30.373	0.017	22.426	16.31	34.2	21.719	17.2	28.8	86.799	61.345	100	101.121	2.245	141.618	1.552	3.198	0.42	0	0.352	0.36	0.397	0.403	0.413	-0.924	-0.353	-0.1	2.339	2.301	1.976	3.272	2.324	20.182	20.078	19.938	20.274	22.146	0.229
2025-11-08	-91.164	30.373	0.17	22.055	15.74	34.26	21.509	17.2	28	90.844	68.324	100	101.1	2.321	131.627	1.224	2.314	0.301	0	0.347	0.358	0.396	0.403	0.413	-2.053	-0.4	-0.1	2.358	2.27	1.965	3.277	2.325	20.485	20.469	20.415	20.661	22.047	0.297
2025-11-09	-91.164	30.373	0.323	18.205	8.99	25.88	17.593	9.6	21	71.652	44.122	100	101.939	1.481	148.225	3.896	7.179	0.563	0	0.343	0.355	0.394	0.403	0.413	-4.777	-0.466	-0.1	2.384	2.227	1.95	3.281	2.325	19.803	20.244	20.362	20.943	22	0.466
2025-11-10	-91.164	30.373	0	7.87	-1.02	16.93	7.102	0.5	11.6	59.632	39.757	84.151	103.033	0.592	175.729	3.723	6.584	0.433	0	0.336	0.35	0.39	0.403	0.414	-7.421	-0.583	-0.1	2.414	2.157	1.932	3.28	2.323	16.407	17.891	18.102	20.765	22	0.482
2025-11-11	-91.164	30.373	0	7.789	-1.7	21.98	6.983	-0.4	15.8	67.785	39.214	87.118	102.881	0.661	170.344	1.18	2.693	0.401	0	0.331	0.346	0.387	0.401	0.413	-10.127	-0.699	-0.1	2.41	2.125	1.934	3.277	2.323	15.149	16.377	16.507	19.952	21.976	0.456
2025-11-12	-91.164	30.373	0	14.809	3.57	30.72	14.262	4.2	24.5	81.856	57.111	99.902	102.397	1.351	149.935	1.107	2.291	0.43	0	0.328	0.345	0.386	0.4	0.413	-11.863	-0.847	-0.1	2.406	2.116	1.938	3.279	2.323	15.977	16.633	16.599	19.301	21.817	0.348
2025-11-13	-91.164	30.373	0.085	17.924	9.02	33.75	17.16	10.2	26.3	85.886	54.777	100	102.32	1.67	149.523	1.085	1.999	0.397	0	0.326	0.344	0.387	0.4	0.413	-13.456	-1.014	-0.1	2.414	2.109	1.937	3.283	2.323	17.253	17.553	17.464	19.12	21.595	0.313
2025-11-14	-91.164	30.373	0.119	18.308	9.22	32.79	17.783	10.4	25.9	82.45	53.841	99.987	102.143	1.65	155.58	1.1	2.177	0.487	0	0.323	0.342	0.386	0.4	0.412	-14.902	-1.29	-0.1	2.431	2.09	1.93	3.287	2.328	17.766	18.008	18.01	19.223	21.398	0.269
2025-11-15	-91.164	30.373	0.051	17.966	8.88	33.08	17.637	10.1	26.6	85.154	57.846	100	101.668	1.715	151.646	1.429	2.627	0.416	0	0.32	0.34	0.385	0.399	0.412	-16.295	-1.73	-0.1	2.445	2.064	1.92	3.285	2.33	18.015	18.251	18.276	19.363	21.257	0.303
2025-11-16	-91.164	30.373	0.153	19.467	11.69	34.23	19.173	12.8	27.8	88.525	62.321	100	101.307	1.961	140.258	1.173	2.171	0.352	0	0.317	0.338	0.384	0.399	0.411	-17.678	-2.331	-0.1	2.459	2.039	1.906	3.284	2.335	18.321	18.53	18.518	19.473	21.18	0.265
2025-11-17	-91.164	30.373	0.221	19.627	12.86	31.41	18.646	13.8	25.2	93.067	71.126	100	101.54	2.004	103.722	0.802	1.585	0.191	0	0.315	0.336	0.384	0.399	0.411	-18.997	-3.021	-0.1	2.464	2.026	1.895	3.284	2.341	18.976	19.006	18.986	19.602	21.1	0.241
2025-11-18	-91.164	30.373	0.085	22.667	14.59	34.43	21.909	15.7	28.1	89.154	69.704	100	101.817	2.334	110.121	1.375	2.824	0.349	0	0.314	0.334	0.384	0.399	0.41	-19.969	-3.88	-0.1	2.469	2.013	1.886	3.282	2.342	19.974	19.837	19.746	19.833	21.1	0.211
2025-11-19	-91.164	30.373	0.153	21.797	14.4	34.86	21.149	15.4	28.3	87.476	62.265	100	102.077	2.18	138.86	0.988	2.07	0.413	0	0.311	0.332	0.383	0.399	0.41	-20.907	-5.072	-0.1	2.486	1.993	1.864	3.279	2.344	20.079	20.068	20.047	20.147	21.1	0.14
2025-11-20	-91.164	30.373	0.085	22.357	13.65	33.98	21.17	14.8	27.4	88.376	64.931	100	101.834	2.208	130.108	1.221	2.729	0.368	0	0.309	0.33	0.383	0.399	0.41	-21.953	-5.975	-0.1	2.496	1.975	1.833	3.277	2.344	20.374	20.288	20.298	20.38	21.1	0.29
2025-11-21	-91.164	30.373	2.433	23.812	19.69	32.73	23.179	20.1	28.1	91.809	72.08	100	101.542	2.599	98.504	1.795	3.608	0.271	0.005	0.309	0.329	0.383	0.399	0.41	-9.775	-5.376	-0.1	2.497	2.006	1.814	3.277	2.345	21.376	21.153	21.024	20.619	21.184	NA
2025-11-22	-91.164	30.373	0.902	22.855	15.67	32.9	22.316	16.7	28.1	92.706	79.064	100	101.826	2.514	93.384	1.651	2.727	0.217	0.001	0.309	0.328	0.383	0.4	0.41	-7.16	-4.941	-0.1	2.499	1.99	1.807	3.276	2.347	21.625	21.501	21.4	20.951	21.228	NA
2025-11-23	-91.164	30.373	0	18.1	9.94	29.96	17.449	11.4	23.9	81.304	58.668	100	101.998	1.606	148.239	1.586	3.251	0.436	0	0.308	0.326	0.382	0.4	0.41	-9.049	-5.697	-0.1	2.514	1.97	1.794	3.271	2.346	20.089	20.439	20.652	21.136	21.33	0.291
2025-11-24	-91.164	30.373	0.085	20.097	10.54	32.26	19.228	11.5	26.2	90.829	73.434	100	101.62	2.071	112.21	1.369	3.133	0.266	0	0.307	0.324	0.381	0.399	0.41	-11.384	-6.449	-0.1	2.506	1.962	1.791	3.268	2.346	19.743	19.947	20.016	20.922	21.4	0.208
2025-11-25	-91.164	30.373	8.178	21.949	13.48	28.97	21.75	15	25.9	94.543	80.16	100	101.508	2.483	84.14	1.794	3.461	0.141	0	0.311	0.339	0.386	0.4	0.41	-5.85	-4.724	-0.1	2.516	2.06	1.874	3.27	2.347	21.039	20.947	20.859	20.89	21.4	NA
2025-11-26	-91.164	30.373	0	15.532	7.48	23.9	15.512	9.2	19.5	71.918	41.688	96.978	102.335	1.285	115.693	2.612	5.402	0.498	0	0.315	0.348	0.39	0.4	0.41	-0.152	-0.86	-0.1	2.515	2.105	1.917	3.272	2.347	19.272	19.846	20.108	21.006	21.465	0.301
2025-11-27	-91.164	30.373	0	10.709	3.24	22.38	10.493	5	16.9	53.291	35.151	70.617	102.821	0.664	148.562	1.602	3.787	0.635	0	0.314	0.344	0.388	0.399	0.411	-0.188	-0.7	-0.1	2.516	2.077	1.917	3.268	2.346	16.688	17.752	18.133	20.618	21.5	0.372
2025-11-28	-91.164	30.373	0	9.91	2.41	21.1	9.441	4.4	14.8	55.863	36.77	74.344	102.921	0.644	145.456	1.183	3.265	0.564	0	0.312	0.341	0.385	0.398	0.411	-0.214	-0.746	-0.1	2.506	2.063	1.923	3.266	2.346	15.429	16.459	16.782	19.858	21.431	0.38
2025-11-29	-91.164	30.373	0	13.416	1.74	24.86	12.954	3.2	21.6	73.458	55.631	87.173	102.194	1.143	102.72	1.369	3.441	0.453	0	0.311	0.34	0.384	0.398	0.41	-0.411	-0.843	-0.1	2.495	2.063	1.93	3.266	2.347	15.569	16.225	16.38	19.178	21.282	0.418
2025-11-30	-91.164	30.373	16.591	13.65	8.75	17.62	13.137	7.9	16.2	96.097	83.694	100	102.117	1.468	29.33	2.037	4.458	0.061	0.001	0.356	0.356	0.398	0.399	0.41	-0.391	-0.664	-0.1	2.322	2.29	1.993	3.257	2.352	16.413	16.867	16.946	18.847	21.067	NA
2025-12-01	-91.164	30.373	4.476	12.11	8.54	17.22	10.767	7.7	14	95.586	87.514	100	101.838	1.246	56.764	1.802	3.894	0.059	0.001	0.378	0.366	0.403	0.4	0.41	-0.165	-0.235	-0.1	2.225	2.402	1.992	3.26	2.356	15.928	16.452	16.633	18.713	20.858	NA
2025-12-02	-91.164	30.373	0.477	6.672	1.88	12.35	5.425	2.3	8.6	90.538	76.987	100	101.802	0.82	77.225	3.668	6.681	0.084	0	0.386	0.369	0.406	0.4	0.41	-0.1	-0.2	-0.1	2.224	2.403	2.027	3.263	2.359	14.539	15.666	15.842	18.49	20.684	NA
2025-12-03	-91.164	30.373	2.146	7.401	-0.27	15.22	5.865	0	10.9	88.525	74.401	100	102.014	0.831	79.963	0.874	2.187	0.128	0	0.383	0.367	0.4	0.399	0.41	-0.1	-0.2	-0.1	2.236	2.394	1.993	3.262	2.362	13.539	14.46	14.661	17.948	20.516	NA
2025-12-04	-91.164	30.373	62.94	11.305	9.43	13.26	10.508	8.6	12.4	99.861	97.03	100	101.739	1.272	9.812	2.894	7.319	0.001	0.003	0.408	0.381	0.411	0.404	0.413	-0.1	-0.2	-0.1	2.104	2.412	2.139	3.218	2.357	13.349	13.611	14.289	17.121	17.68	NA
2025-12-05	-91.164	30.373	0.085	8.594	6.76	10.66	7.46	5.8	9.2	99.096	96.013	100	101.774	1.026	34.753	2.248	4.015	0.009	0	0.413	0.383	0.414	0.405	0.414	-0.1	-0.2	-0.1	2.069	2.404	2.129	3.207	2.31	13.078	14.293	13.982	16.607	18.829	NA
2025-12-06	-91.164	30.373	3.451	10.972	8.5	14.12	9.795	7.7	11.8	99.222	95.725	100	101.592	1.208	42.796	1.054	2.687	0.009	0.001	0.414	0.384	0.414	0.405	0.414	-0.1	-0.2	-0.1	2.063	2.441	2.131	3.204	2.294	13.479	14.353	14.021	16.297	18.718	NA
2025-12-07	-91.164	30.373	3.999	16.449	12.22	23.8	15.329	11.6	20.1	94.863	82.491	100	101.431	1.663	99.568	1.681	3.716	0.108	0	0.413	0.384	0.416	0.405	0.414	-0.1	-0.2	-0.1	2.064	2.474	2.132	3.201	2.275	15.175	15.342	15.114	16.306	18.76	NA
2025-12-08	-91.164	30.373	0	11.314	7.13	15.07	10.636	6.6	13.9	86.78	72.735	99.417	102.208	1.128	74.56	3.006	6.196	0.163	0	0.413	0.385	0.417	0.406	0.414	-0.1	-0.196	-0.1	2.078	2.456	2.103	3.196	2.262	14.885	15.431	15.505	16.651	18.605	NA
2025-12-09	-91.164	30.373	0	8.424	2.89	16.95	7.221	3.8	12.6	85.557	69.766	97.558	102.198	0.871	119.103	1.075	2.553	0.159	0	0.412	0.383	0.416	0.406	0.414	-0.1	-0.134	-0.1	2.084	2.408	2.108	3.185	2.247	13.569	14.811	14.455	16.597	18.784	0.4
2025-12-10	-91.164	30.373	0.153	12.302	1.56	25.19	12.235	2.8	22.1	85.221	61.953	100	101.629	1.25	134.438	1.899	3.563	0.301	0	0.411	0.381	0.414	0.406	0.414	-0.1	-0.122	-0.1	2.083	2.404	2.097	3.174	2.238	13.224	14.009	13.932	16.312	18.822	0.334
2025-12-11	-91.164	30.373	0	9.476	2.45	21.72	9.555	3.8	16.9	76.642	48.868	100	101.926	0.888	138.935	1.114	2.353	0.345	0	0.407	0.377	0.41	0.405	0.414	-0.1	-0.107	-0.1	2.109	2.41	2.023	3.171	2.231	13.136	13.728	13.982	16.146	18.735	0.364
2025-12-12	-91.164	30.373	2.075	14.378	4.35	26.98	13.99	5.2	23.5	94.944	76.35	100	101.712	1.585	76.147	1.076	2.043	0.113	0.001	0.405	0.377	0.409	0.405	0.413	-0.1	-0.1	-0.1	2.102	2.418	2.018	3.172	2.225	13.713	13.942	14.019	15.967	18.625	NA
2025-12-13	-91.164	30.373	0.102	18.329	10.76	30.38	17.995	11.5	26	91.995	68.225	100	101.824	1.909	129.764	1.247	2.172	0.231	0	0.406	0.378	0.41	0.406	0.413	-0.1	-0.142	-0.1	2.097	2.426	2.024	3.175	2.221	15.609	15.474	15.414	16.104	18.528	0.241
2025-12-14	-91.164	30.373	6.623	9.136	-0.44	17.31	8.355	-0.4	17.6	81.154	55.468	100	102.665	0.987	109.593	3.704	7.407	0.168	0.001	0.413	0.381	0.414	0.406	0.414	-0.1	-0.123	-0.1	2.074	2.419	2.085	3.171	2.215	14.524	15.079	15.387	16.481	18.418	0.208
2025-12-15	-91.164	30.373	0	2.447	-3.16	13.09	1.398	-3.1	9.4	66.722	40.267	90.03	102.931	0.446	142.432	1.118	2.573	0.254	0	0.414	0.379	0.411	0.406	0.414	-0.1	-0.1	-0.1	2.077	2.391	2.035	3.152	2.212	11.028	12.321	12.773	16.193	18.4	0.366
2025-12-16	-91.164	30.373	0.034	7.953	-2.85	21.13	7.351	-2.1	16.6	83.395	65.762	100	102.29	0.89	117.421	0.942	2.046	0.239	0	0.41	0.377	0.408	0.406	0.413	-0.1	-0.1	-0.1	2.075	2.383	2.003	3.145	2.21	10.959	11.718	11.964	15.397	18.291	0.345
2025-12-17	-91.164	30.373	0	10.277	8.43	11.41	10.781	9.2	11.3	95.19	93.881	97.695	101.973	1.232	1.669	0.814	2.143	0.062	0	0.408	0.377	0.408	0.405	0.413	-0.1	-0.1	-0.1	2.065	2.401	1.997	3.148	2.207	13.078	14.29	13.17	15.058	18.01	NA
2025-12-18	-91.164	30.373	0	23.133	15.01	30.99	22.431	16.3	26.4	79.154	65.38	93.082	101.071	2.147	161.975	3.621	6.702	0.601	0	0.408	0.377	0.407	0.405	0.413	-0.1	-0.1	-0.1	2.065	2.4	2.002	3.156	2.206	15.079	15.224	14.695	15.299	17.842	0.289
2025-12-19	-91.164	30.373	0	11.578	3.1	22.94	11.838	4.9	18	56.594	33.8	85.427	102.058	0.764	140.224	1.917	3.831	0.666	0	0.402	0.376	0.405	0.403	0.413	-0.1	-0.1	-0.1	2.122	2.388	1.995	3.184	2.205	14.17	14.617	14.831	15.777	17.8	0.313
2025-12-20	-91.164	30.373	0	14.909	1.56	28.3	14.607	2.5	24.2	84.683	69.246	99.037	101.83	1.51	124.308	1.594	3.17	0.332	0	0.399	0.375	0.402	0.404	0.412	-0.1	-0.1	-0.1	2.124	2.382	1.998	3.161	2.205	13.552	13.89	13.953	15.754	17.8	0.299
2025-12-21	-91.164	30.373	6.622	21.644	18.4	31.44	20.807	18.6	26.8	96.117	76.028	100	102.118	2.363	72.871	1.14	2.22	0.118	0.001	0.399	0.376	0.403	0.403	0.412	-0.1	-0.1	-0.1	2.106	2.401	2.015	3.181	2.207	16.46	16.123	15.822	15.827	17.773	NA
2025-12-22	-91.164	30.373	11.062	21.14	16.26	28.42	20.521	16.6	25.2	96.252	78.812	100	102.466	2.33	80.495	1.004	2.27	0.102	0	0.415	0.387	0.418	0.407	0.413	-0.1	-0.1	-0.1	2.034	2.433	2.111	3.156	2.208	18.396	18.347	17.629	16.501	17.486	NA
2025-12-23	-91.164	30.373	0.527	19.169	13.63	28.5	18.73	14.5	26	91.396	67.776	100	102.57	1.974	123.496	1.042	2.221	0.242	0	0.416	0.387	0.419	0.407	0.413	-0.1	-0.1	-0.1	2.052	2.462	2.108	3.153	2.204	18.126	17.957	17.929	17.183	17.695	0.143
2025-12-24	-91.164	30.373	0.119	18.871	12.8	29.46	18.334	13.2	25.3	92.715	70.794	100	102.587	1.962	101.233	0.888	1.82	0.199	0	0.416	0.388	0.419	0.407	0.413	-0.1	-0.1	-0.1	2.062	2.404	2.124	3.148	2.205	17.902	17.752	17.833	17.535	17.914	0.161
2025-12-25	-91.164	30.373	0.136	19.044	12.64	30.18	18.491	13.5	25.4	92.445	68.097	100	102.256	1.967	93.782	1.078	2.086	0.208	0	0.414	0.385	0.419	0.407	0.413	-0.1	-0.1	-0.1	2.07	2.409	2.074	3.146	2.206	18.013	17.856	17.926	17.718	18.072	NA
2025-12-26	-91.164	30.373	0.17	19.882	14.31	28.53	19.731	15.1	25.5	93.565	76.16	100	101.806	2.158	68.969	1.55	2.637	0.183	0	0.412	0.383	0.416	0.407	0.413	-0.1	-0.1	-0.1	2.084	2.408	2.084	3.144	2.205	18.117	18.011	18.009	17.894	18.226	NA
2025-12-27	-91.164	30.373	0.323	20.642	15.5	31.37	20.347	17.1	26.9	91.54	68.134	100	101.69	2.178	101.768	1.435	2.577	0.244	0	0.41	0.383	0.416	0.407	0.413	-0.1	-0.1	-0.1	2.09	2.411	2.121	3.143	2.206	18.708	18.524	18.474	18.085	18.348	0.186
2025-12-28	-91.164	30.373	6.332	19.986	15.33	29.39	19.774	16.6	25.7	95.521	78.304	100	101.64	2.206	85.681	1.534	2.978	0.133	0.001	0.411	0.384	0.416	0.407	0.413	-0.1	-0.1	-0.1	2.081	2.418	2.131	3.145	2.207	18.562	18.573	18.497	18.297	18.451	NA
2025-12-29	-91.164	30.373	0.476	10.184	3.79	19.28	9.968	4.4	19.3	63.389	41.532	100	102.452	0.848	74.242	4.503	8.393	0.407	0	0.419	0.388	0.42	0.408	0.413	-0.1	-0.1	-0.1	2.058	2.408	2.147	3.134	2.205	16.046	17.253	17.286	18.394	18.553	NA
2025-12-30	-91.164	30.373	0	5.362	-1.57	14.58	4.591	-0.4	10	59.243	45.925	80.742	102.864	0.5	141.192	2.903	5.324	0.362	0	0.416	0.382	0.415	0.407	0.413	-0.1	-0.1	-0.1	2.074	2.37	2.099	3.117	2.206	12.464	14.07	14.318	17.674	18.621	0.302
2025-12-31	-91.164	30.373	0	6.501	-2.98	20.12	6.277	-2.4	16.4	69.074	34.079	100	102.459	0.627	137.548	1.431	2.469	0.413	0	0.41	0.379	0.411	0.407	0.413	-0.1	-0.1	-0.1	2.087	2.366	2.102	3.111	2.207	11.573	12.791	12.961	16.611	18.59	0.274
