2025-07-11	-92.389	31.175	0	26.187	22.8	31.9	27.842	25	30.8	78.886	64.795	90.694	101.435	2.939	43.763	1.115	2.017	0.823	0	0.208	0.283	0.374	0.368	0.426	-131.312	-158.938	-88.758	2.379	2.345	2.92	3.439	3.86	30.769	30.137	28.812	27.829	26.133	NA
2025-07-12	-92.389	31.175	0	29.532	22.49	42.61	27.375	23.9	33	80.686	54.302	99.695	101.547	2.893	295.749	1.517	2.963	0.804	0	0.207	0.281	0.373	0.369	0.426	-146.817	-153.293	-88.591	2.343	2.331	2.861	3.442	3.865	30.154	29.383	28.624	27.84	26.1	0.702
2025-07-13	-92.389	31.175	0.885	26.982	21.87	39.64	26.068	22.7	31.2	90.437	72.205	100	101.539	3.047	183.128	1.392	2.743	0.358	0.002	0.204	0.278	0.371	0.369	0.427	-167.921	-144.579	-84.702	2.299	2.334	2.766	3.443	3.865	28.905	28.806	28.61	27.913	26.1	0.708
2025-07-14	-92.389	31.175	1.413	27.933	20.42	44.04	26.165	21.4	33.5	88.872	58.903	100	101.556	2.992	266.214	0.961	2.006	0.465	0.003	0.204	0.277	0.368	0.369	0.427	-181.425	-140.093	-80.674	2.238	2.325	2.713	3.438	3.864	29.363	28.831	28.36	27.813	26.1	0.701
2025-07-15	-92.389	31.175	0	29.977	20.52	43.37	28.031	21.7	34.1	80.706	49.199	100	101.481	2.972	336.634	0.973	2.018	0.917	0	0.204	0.277	0.365	0.369	0.427	-196.492	-139.032	-78.898	2.074	2.277	2.658	3.429	3.86	30.479	29.489	28.603	27.839	26.1	0.694
2025-07-16	-92.389	31.175	0	30.126	20.68	44.1	27.938	22.2	34.2	81.308	53.027	100	101.289	2.988	324.255	0.809	1.783	0.873	0	0.201	0.275	0.361	0.369	0.427	-218.68	-142.471	-79.979	1.889	2.222	2.6	3.416	3.86	31.151	30.129	29.077	27.98	26.1	0.697
2025-07-17	-92.389	31.175	11.426	27.497	22.22	43.64	25.727	22.9	33.2	92.469	67.291	100	101.244	3.043	183.061	1.047	2.303	0.318	0.001	0.205	0.274	0.356	0.369	0.427	-196.864	-144.941	-83.308	2.254	2.263	2.584	3.399	3.859	29.877	29.616	29.152	28.155	26.153	0.713
2025-07-18	-92.389	31.175	0	26.846	22.37	34.82	25.126	22.8	28.4	94.561	84.982	100	101.479	3.016	168.477	1.314	2.561	0.189	0	0.238	0.29	0.357	0.369	0.428	-0.1	-24.695	-86.58	3.324	2.545	2.561	3.38	3.864	28.514	28.491	28.495	28.08	26.2	0.726
2025-07-19	-92.389	31.175	0	29.254	21.23	40.89	27.476	22.4	33.4	85.197	58.222	100	101.667	3.079	301.988	1.693	3.249	0.667	0	0.232	0.289	0.354	0.369	0.428	-3.727	-16.525	-89.056	2.952	2.551	2.484	3.375	3.858	29.462	28.848	28.342	27.893	26.2	0.723
2025-07-20	-92.389	31.175	0	30.189	21.99	42.16	28.686	23.3	33.9	79.151	53.966	100	101.62	3.035	315.681	1.732	3.239	0.974	0	0.222	0.285	0.352	0.368	0.428	-12.464	-21.297	-91.948	2.65	2.507	2.398	3.366	3.855	30.674	29.754	28.842	27.943	26.2	0.735
2025-07-21	-92.389	31.175	0	30.178	20.16	43.75	28.601	22	34.8	77.724	52.438	100	101.492	2.964	332.586	1.251	2.495	1.056	0	0.212	0.282	0.348	0.368	0.428	-18.883	-29.155	-95.787	2.285	2.415	2.351	3.346	3.851	31.027	30.065	29.115	28.101	26.231	0.737
2025-07-22	-92.389	31.175	0	31.095	21.19	44.06	29.431	22.8	35.3	77.789	51.887	100	101.44	3.107	340.496	1.084	2.248	1.095	0	0.205	0.278	0.345	0.368	0.427	-29.231	-40.184	-100.74	2.006	2.293	2.342	3.333	3.847	31.655	30.576	29.444	28.252	26.3	0.739
2025-07-23	-92.389	31.175	0	30.519	22.34	41.88	29.266	23.9	34.5	79.102	55.53	99.286	101.499	3.155	273.779	0.935	2.031	0.981	0	0.2	0.276	0.342	0.367	0.427	-54.478	-55.542	-106.972	1.837	2.172	2.344	3.316	3.844	31.461	30.618	29.66	28.422	26.3	0.746
2025-07-24	-92.389	31.175	9.42	28.43	22.72	43.65	26.785	21.9	35.4	89.989	54.034	100	101.376	3.114	217.261	0.9	2.002	0.498	0.001	0.197	0.274	0.34	0.366	0.427	-122.601	-75.662	-114.595	1.799	2.14	2.35	3.304	3.84	30.449	30.043	29.531	28.509	26.393	0.775
2025-07-25	-92.389	31.175	19.621	27.921	23.28	38.84	26.011	23.2	32	95.702	72.09	100	101.231	3.21	206.363	1.111	2.418	0.18	0	0.206	0.294	0.361	0.378	0.427	-46.179	-63.677	-78.001	1.836	2.345	2.634	3.471	3.892	29.608	29.364	29.127	28.516	26.476	0.764
2025-07-26	-92.389	31.175	0.664	27.32	23.5	37.53	26.357	24.3	31.6	92.535	66.472	100	101.502	3.159	172.389	1.722	3.352	0.296	0	0.219	0.323	0.387	0.404	0.428	-0.1	-0.1	-0.116	1.976	2.582	3.11	3.8	3.976	29.111	28.908	28.794	28.352	26.5	0.786
2025-07-27	-92.389	31.175	0	28.485	21.51	40.48	27.344	22	33.6	85.489	58.825	100	101.842	3.06	263.492	0.941	1.968	0.665	0	0.218	0.313	0.383	0.413	0.428	-4.05	-0.1	-0.1	1.839	2.493	3.036	3.598	3.958	29.654	29.146	28.686	28.159	26.5	0.786
2025-07-28	-92.389	31.175	0	29.367	20.25	41.59	27.907	21.6	35	82.013	49.201	100	101.923	2.998	330.147	0.814	1.789	0.886	0	0.211	0.304	0.375	0.409	0.428	-16.392	-0.1	-0.1	1.645	2.388	2.873	3.494	3.946	30.417	29.654	28.905	28.157	26.5	0.783
2025-07-29	-92.389	31.175	0	30.879	21.78	43.06	29.428	22.7	36	77.41	48.693	100	101.663	3.063	324.205	1.082	2.236	1.182	0	0.205	0.297	0.364	0.402	0.428	-43.261	-0.421	-0.1	1.495	2.222	2.742	3.441	3.932	31.223	30.3	29.306	28.274	26.5	0.778
2025-07-30	-92.389	31.175	18.208	28.997	22.93	42.05	27.436	22	36.1	86.633	54.301	99.779	101.335	3.116	224.064	1.207	2.873	0.664	0.001	0.203	0.308	0.372	0.401	0.428	-82.725	-6.48	-0.1	1.591	2.155	2.795	3.49	3.932	30.784	30.365	29.721	28.559	26.525	0.781
2025-07-31	-92.389	31.175	0.034	28.486	22.75	39.73	26.46	22.3	32.7	85.073	62.906	100	101.423	2.885	266.156	1.398	2.815	0.653	0	0.218	0.339	0.394	0.409	0.429	-0.251	-0.1	-0.1	2.043	2.579	3.088	3.727	3.928	29.943	29.538	29.184	28.534	26.6	0.796
2025-08-01	-92.389	31.175	0	28.298	22.64	38.35	26.283	22.8	31.7	88.348	69.925	100	101.681	3.001	237.127	1.171	2.397	0.461	0	0.212	0.335	0.384	0.414	0.429	-8.528	-0.1	-0.1	1.98	2.509	3.066	3.507	3.919	30.017	29.655	29.193	28.43	26.6	0.799
2025-08-02	-92.389	31.175	10.049	27.071	22.92	40.54	25.072	22.9	32.4	92.681	65.36	99.982	101.677	2.931	203.905	1.156	2.457	0.288	0.001	0.223	0.337	0.386	0.406	0.429	-10.991	-0.1	-0.1	2.059	2.393	3.038	3.43	3.919	29.742	29.528	29.174	28.414	26.652	0.808
2025-08-03	-92.389	31.175	0.051	27.595	20.9	37.58	25.859	21.9	31.4	83.087	53.912	100	101.336	2.704	300.301	1.257	2.594	0.689	0	0.25	0.348	0.392	0.404	0.428	-0.1	-0.1	-0.1	2.514	2.445	3.158	3.456	3.955	29.596	29.229	28.89	28.353	26.7	0.797
2025-08-04	-92.389	31.175	0	26.643	18.46	38.14	25.163	19.3	31.8	79.806	50.901	100	101.284	2.468	323.398	1.145	2.277	0.829	0	0.233	0.336	0.382	0.4	0.423	-4.214	-0.1	-0.1	2.38	2.402	3.066	3.456	3.98	29.214	29.007	28.777	28.265	26.7	0.794
2025-08-05	-92.389	31.175	0	27.8	18.92	39.75	26.49	19.2	33.7	79.767	49.493	100	101.621	2.67	309.225	0.923	1.903	0.92	0	0.217	0.327	0.372	0.396	0.428	-18.853	-0.11	-0.1	2.018	2.32	2.935	3.444	3.879	29.435	29.055	28.683	28.173	26.7	0.795
2025-08-06	-92.389	31.175	0	28.596	21.17	40.17	27.556	21.9	34.1	81.144	57.68	100	101.876	2.931	260.836	0.859	1.829	0.85	0	0.208	0.32	0.365	0.392	0.432	-49.611	-6.955	-0.1	1.826	2.207	2.87	3.427	3.807	29.881	29.377	28.837	28.142	26.7	0.801
2025-08-07	-92.389	31.175	0	28.789	21.34	40.33	27.626	21.7	34	81.757	55.402	100	101.714	2.965	272.37	0.836	1.813	0.834	0	0.202	0.313	0.358	0.389	0.432	-129.875	-13.035	-0.1	1.723	2.031	2.821	3.396	3.778	30.121	29.535	28.922	28.169	26.692	0.797
2025-08-08	-92.389	31.175	0	29.261	20.99	40.78	28.06	21.6	33.9	77.79	50.967	100	101.375	2.872	312.083	1.125	2.403	1.022	0	0.198	0.306	0.35	0.386	0.432	-280.023	-18.125	-0.1	1.64	1.773	2.758	3.357	3.771	30.54	29.822	29.072	28.199	26.636	0.801
2025-08-09	-92.389	31.175	0	28.474	21.54	40.71	27.525	22.2	32.7	79.542	55.226	99.938	101.349	2.867	243.351	1.03	2.198	0.875	0	0.194	0.299	0.342	0.382	0.432	-481.836	-25.492	-0.1	1.565	1.583	2.685	3.32	3.766	30.07	29.631	29.127	28.276	26.7	0.8
2025-08-10	-92.389	31.175	0	27.817	20.46	39.84	26.728	21.6	32.2	81.742	54.416	99.969	101.392	2.806	271.732	1.05	2.223	0.777	0	0.193	0.294	0.335	0.38	0.431	-671.758	-36.587	-0.1	1.538	1.536	2.63	3.287	3.762	29.797	29.329	28.896	28.257	26.7	0.803
2025-08-11	-92.389	31.175	0	28.836	22.27	40.95	27.389	22.9	33.2	83.885	59.152	99.842	101.274	3.009	244.055	1.134	2.471	0.712	0	0.191	0.289	0.33	0.376	0.431	-847.052	-55.007	-0.1	1.525	1.504	2.599	3.265	3.757	29.922	29.35	28.839	28.188	26.7	0.798
2025-08-12	-92.389	31.175	1.158	28.595	21.82	40.9	27.613	22.2	34.6	81.957	55.107	100	101.194	2.975	212.281	1.061	2.307	0.8	0	0.19	0.286	0.325	0.373	0.431	-973.702	-84.577	-0.1	1.54	1.502	2.588	3.248	3.753	29.805	29.329	28.852	28.173	26.7	0.797
2025-08-13	-92.389	31.175	0.323	28.414	21.99	38.95	27.225	22	32.8	85.021	67.73	99.417	101.178	3.06	238.733	1.043	2.231	0.629	0	0.19	0.283	0.322	0.37	0.43	-1030.471	-118.365	-0.1	1.571	1.517	2.585	3.234	3.739	29.56	29.131	28.734	28.146	26.7	0.805
2025-08-14	-92.389	31.175	58.833	28.326	22.11	42.84	26.703	21.5	34.9	86.651	55.046	100	101.335	2.981	205.236	1.437	3.087	0.619	0.001	0.254	0.313	0.346	0.379	0.429	-809.816	-110.795	-0.1	1.774	1.826	2.724	3.316	3.762	29.216	28.898	28.734	28.2	26.73	0.8
2025-08-15	-92.389	31.175	0.034	27.389	21.6	40.67	25.534	21.5	33.4	92.166	66.523	100	101.632	3.005	223.323	1.212	2.465	0.334	0	0.403	0.404	0.424	0.412	0.43	-0.1	-0.1	-0.1	2.728	2.922	3.226	3.593	3.869	28.199	27.9	27.962	28.067	26.703	0.812
2025-08-16	-92.389	31.175	0	28.641	21.06	40.73	26.884	21.2	33.8	87.26	61.802	100	101.639	3.057	263.168	0.873	1.892	0.578	0	0.353	0.385	0.409	0.413	0.431	-0.1	-0.1	-0.1	2.871	2.936	3.184	3.611	3.858	28.838	28.436	28.125	27.868	26.7	0.755
2025-08-17	-92.389	31.175	0	30.285	22.48	41.36	28.632	22.6	35.1	82.489	55.549	100	101.361	3.163	298.97	0.885	1.923	0.862	0	0.325	0.377	0.402	0.404	0.431	-0.274	-0.1	-0.1	2.968	2.937	3.215	3.663	3.854	29.765	29.196	28.556	27.892	26.7	0.726
2025-08-18	-92.389	31.175	12.294	29.12	23.16	42.84	27.39	22.8	35.1	86.913	58.842	99.983	101.268	3.126	224.619	0.933	2.079	0.608	0.001	0.312	0.377	0.401	0.401	0.431	-5.294	-0.1	-0.1	3.04	2.929	3.244	3.56	3.855	29.843	29.531	29.004	28.095	26.7	0.705
2025-08-19	-92.389	31.175	0.017	29.467	22.65	40.17	27.382	22.3	33.9	83.457	52.634	100	101.287	2.965	295.079	0.776	1.63	0.78	0	0.358	0.389	0.407	0.408	0.431	-0.1	-0.1	-0.1	2.857	2.948	3.297	3.615	3.851	29.589	29.235	28.867	28.221	26.7	0.682
2025-08-20	-92.389	31.175	3.978	29.632	23.23	40.36	27.392	22.6	34	84.729	62.471	100	101.084	3.054	282.441	1.138	2.617	0.678	0	0.353	0.387	0.405	0.403	0.431	-0.1	-0.1	-0.1	2.874	2.957	3.329	3.515	3.85	29.873	29.488	28.993	28.249	26.7	0.675
2025-08-21	-92.389	31.175	0	28.669	23.59	39.94	26.444	23.3	32.1	87.096	68.072	99.902	101.008	2.983	231.958	1.059	2.296	0.51	0	0.332	0.381	0.401	0.398	0.431	-0.828	-0.1	-0.1	2.983	2.962	3.316	3.442	3.844	29.669	29.426	29.064	28.328	26.738	0.666
2025-08-22	-92.389	31.175	0	26.825	22.31	37.89	25.427	22.9	31.1	91.334	67.128	99.445	101.131	2.955	156.864	1.033	2.069	0.324	0	0.306	0.375	0.399	0.394	0.431	-9.135	-0.1	-0.1	3.139	2.986	3.315	3.44	3.839	28.931	28.971	28.894	28.365	26.8	0.661
2025-08-23	-92.389	31.175	0	27.984	20.81	39.96	26.397	21.7	33	80.02	50.945	100	101.217	2.663	285.586	1.173	2.336	0.875	0	0.283	0.371	0.397	0.392	0.427	-15.676	-0.1	-0.1	3.202	2.989	3.328	3.444	3.889	28.784	28.658	28.546	28.269	26.8	0.651
2025-08-24	-92.389	31.175	0	27.208	19.07	39.9	25.815	19.9	32.5	77.621	48.377	99.956	101.279	2.482	292.048	1.132	2.304	0.951	0	0.252	0.366	0.393	0.39	0.426	-26.864	-0.124	-0.1	3.085	2.955	3.333	3.453	3.852	28.541	28.479	28.431	28.166	26.8	0.639
2025-08-25	-92.389	31.175	0	27.433	18.28	40.55	26.508	19.1	33.6	71.797	41.139	98.494	101.45	2.38	291.577	0.959	2.158	1.212	0	0.232	0.36	0.389	0.388	0.431	-48.45	-5.408	-0.1	2.626	2.874	3.296	3.461	3.77	28.459	28.353	28.282	28.075	26.8	0.643
2025-08-26	-92.389	31.175	0	28.142	19.32	40.32	26.586	20.6	32.9	73.342	53.862	91.776	101.723	2.519	277.521	1.189	2.596	1.051	0	0.219	0.354	0.385	0.386	0.434	-92.96	-11.511	-0.1	2.235	2.788	3.187	3.463	3.718	28.532	28.35	28.214	27.983	26.8	0.636
2025-08-27	-92.389	31.175	0	27.88	22.19	39.16	25.997	22.1	31.8	75.95	58.36	95.582	101.847	2.548	214.196	1.303	2.811	0.864	0	0.212	0.347	0.382	0.384	0.434	-162.77	-14.552	-0.1	2.044	2.702	3.082	3.459	3.685	28.56	28.376	28.229	27.933	26.8	0.644
2025-08-28	-92.389	31.175	38.086	27.896	20.63	39.82	26.616	20.8	31.8	86.021	68.3	100	101.501	2.977	254.618	1.619	3.251	0.579	0.001	0.223	0.346	0.382	0.384	0.433	-211.809	-17.036	-0.271	1.964	2.627	3.041	3.457	3.683	28.537	28.322	28.158	27.893	26.802	0.666
2025-08-29	-92.389	31.175	14.568	25.339	23.12	31.86	24.093	22.7	28.4	97.764	87.338	100	101.322	2.936	105.194	1.065	2.199	0.072	0.001	0.449	0.41	0.421	0.417	0.432	-0.119	-0.1	-0.1	2.409	2.995	3.324	3.544	3.785	27.123	27.346	27.78	27.874	26.8	0.633
2025-08-30	-92.389	31.175	0	25.617	22.42	32.27	24.404	22.1	28.3	93.124	78.826	99.921	101.254	2.842	131.378	1.033	2.124	0.233	0	0.412	0.402	0.421	0.419	0.432	-0.1	-0.1	-0.1	2.652	3	3.333	3.54	3.78	27.065	27.125	27.396	27.617	26.776	0.667
2025-08-31	-92.389	31.175	0	26.312	20.43	35.2	25.182	21	29.7	87.636	65.715	100	101.371	2.779	212.312	0.886	1.905	0.469	0	0.382	0.388	0.413	0.418	0.432	-0.1	-0.1	-0.1	2.744	3.032	3.262	3.557	3.777	27.11	27.085	27.225	27.439	26.7	0.658
2025-09-01	-92.389	31.175	0	27.267	20.27	38.17	25.808	21.1	31.4	80.298	50.026	100	101.401	2.585	268.178	0.743	1.781	0.81	0	0.353	0.382	0.404	0.414	0.432	-0.1	-0.1	-0.1	2.895	3.028	3.305	3.605	3.776	27.395	27.266	27.265	27.327	26.667	0.666
2025-09-02	-92.389	31.175	0	27.462	19.95	39.07	25.95	20.2	31.9	80.471	54.675	100	101.305	2.634	278.222	0.767	1.783	0.798	0	0.315	0.375	0.4	0.406	0.432	-4.211	-0.1	-0.1	3.072	3.036	3.322	3.546	3.777	27.663	27.477	27.385	27.311	26.6	0.665
2025-09-03	-92.389	31.175	68.076	25.535	20.74	34.38	24.539	19.6	30	91.38	73.916	100	101.089	2.816	198.143	1.461	3.011	0.307	0.002	0.426	0.401	0.416	0.416	0.433	-3.02	-0.1	-0.1	2.403	3.02	3.372	3.439	3.778	26.458	26.6	27.097	27.249	26.589	0.68
2025-09-04	-92.389	31.175	0.017	27.554	20.54	37.85	26.531	21	33.2	84.277	55.498	100	100.929	2.868	270.227	1.161	2.247	0.689	0	0.424	0.406	0.421	0.421	0.433	-0.1	-0.1	-0.1	2.533	3.046	3.425	3.44	3.775	27.458	27.1	26.997	27.12	26.5	0.652
2025-09-05	-92.389	31.175	0	28.111	21.23	38.62	27.345	22.1	33.3	83.113	59.74	99.933	101.102	2.983	241.779	1.348	2.535	0.733	0	0.388	0.391	0.418	0.42	0.432	-0.1	-0.1	-0.1	2.726	3.061	3.32	3.454	3.772	27.942	27.606	27.343	27.139	26.5	0.663
2025-09-06	-92.389	31.175	0	26.269	20.85	35.36	24.886	21.1	29.3	87.332	73.244	99.604	101.45	2.742	220.713	1.559	3.206	0.428	0	0.362	0.387	0.409	0.419	0.432	-0.1	-0.1	-0.1	2.84	3.037	3.363	3.467	3.77	27.659	27.629	27.542	27.232	26.439	0.66
2025-09-07	-92.389	31.175	0	24.11	17.16	34.7	22.548	18.7	28	79.333	55.331	95.156	101.724	2.141	261.866	2.219	4.4	0.639	0	0.329	0.379	0.404	0.409	0.433	-1.839	-0.1	-0.1	3.017	3.032	3.352	3.505	3.766	26.193	26.579	27.054	27.221	26.4	0.653
2025-09-08	-92.389	31.175	0	21.597	12.59	33.94	21.042	14.1	27.8	72.447	49.463	94.282	101.685	1.757	280.926	1.42	3.029	0.822	0	0.296	0.373	0.399	0.405	0.432	-11.689	-0.1	-0.1	3.12	3.036	3.36	3.404	3.765	24.857	25.475	26.334	27.013	26.4	0.63
2025-09-09	-92.389	31.175	0	22.43	12.19	36.56	21.38	13.3	30.5	80.161	48.369	98.764	101.444	1.99	276.573	0.739	1.721	0.714	0	0.269	0.369	0.396	0.4	0.432	-19.827	-0.1	-0.1	2.927	3	3.367	3.347	3.763	24.385	24.821	25.661	26.643	26.4	0.645
2025-09-10	-92.389	31.175	0	25.836	17.42	39.13	24.709	18.1	31.8	84.471	58.77	100	101.602	2.591	257.688	0.746	1.693	0.643	0	0.25	0.364	0.394	0.395	0.432	-31.451	-0.1	-0.1	2.504	2.866	3.362	3.37	3.765	25.672	25.556	25.744	26.351	26.3	0.641
2025-09-11	-92.389	31.175	0	26.401	18.61	38.68	25.539	19.6	32.6	83.943	56.494	99.971	101.738	2.691	243.511	0.633	1.491	0.687	0	0.236	0.359	0.393	0.393	0.431	-52.767	-1.617	-0.1	2.221	2.68	3.308	3.388	3.768	26.281	26.105	26.083	26.317	26.204	0.64
2025-09-12	-92.389	31.175	0	26.569	18.72	39.63	25.917	19.7	33	81.236	50.953	100	101.677	2.633	243.796	0.645	1.535	0.834	0	0.225	0.353	0.391	0.392	0.427	-91.614	-10.365	-0.1	2.036	2.51	3.181	3.404	3.821	26.549	26.367	26.293	26.355	26.108	0.633
2025-09-13	-92.389	31.175	0	26.387	18.55	39.5	25.753	19.6	33.8	80.682	41.854	99.912	101.454	2.591	253.127	0.731	1.582	0.859	0	0.216	0.346	0.387	0.39	0.426	-149.032	-13.966	-0.1	1.931	2.335	3.041	3.414	3.806	26.646	26.467	26.394	26.418	26.074	0.67
2025-09-14	-92.389	31.175	0	25.476	16.48	38.53	24.97	18.1	32.4	79.563	47.452	99.982	101.298	2.437	233.54	0.842	1.822	0.851	0	0.208	0.34	0.382	0.389	0.428	-214.142	-18.647	-0.1	1.88	2.171	2.929	3.416	3.75	26.373	26.314	26.368	26.436	26	0.65
2025-09-15	-92.389	31.175	0	25.315	17.64	38.25	24.623	18.8	32.6	81.733	49.256	100	101.536	2.459	226.251	0.716	1.584	0.756	0	0.202	0.334	0.377	0.388	0.432	-285.257	-24.265	-0.1	1.824	2.067	2.851	3.416	3.696	26.236	26.189	26.276	26.413	26	0.652
2025-09-16	-92.389	31.175	0	25.916	17.99	38.68	25.09	18.8	33.1	80.766	52.779	99.936	101.626	2.506	236.261	0.879	1.95	0.812	0	0.197	0.329	0.372	0.387	0.434	-368.226	-31.116	-0.1	1.784	2.001	2.799	3.409	3.661	26.315	26.176	26.205	26.357	26	0.667
2025-09-17	-92.389	31.175	0	25.496	18.55	39.55	24.445	19.4	33.3	82.729	55.665	99.519	101.445	2.499	214.715	0.911	2.086	0.667	0	0.192	0.324	0.368	0.385	0.434	-467.596	-40.315	-0.1	1.765	1.959	2.769	3.396	3.654	26.405	26.272	26.257	26.334	25.932	0.68
2025-09-18	-92.389	31.175	0	25.265	17.22	39.05	24.69	18.2	32.8	75.882	40.39	100	101.392	2.247	252.743	0.876	1.955	1.011	0	0.188	0.319	0.364	0.384	0.434	-553.84	-52.641	-0.107	1.759	1.945	2.751	3.384	3.649	26.161	26.073	26.147	26.305	25.9	0.66
2025-09-19	-92.389	31.175	0	25.029	16.29	39.24	24.41	17.4	32.6	76.574	43.098	99.705	101.446	2.258	241.549	0.829	1.818	0.955	0	0.184	0.314	0.36	0.382	0.434	-629.719	-70.321	-0.469	1.752	1.948	2.738	3.361	3.639	25.898	25.841	25.971	26.215	25.9	0.66
2025-09-20	-92.389	31.175	0.017	25.367	16.83	39.2	24.705	18.2	32.6	79.405	51.055	100	101.472	2.412	223.391	0.859	1.793	0.83	0	0.182	0.31	0.357	0.381	0.434	-700.279	-92.936	-2.741	1.736	1.959	2.736	3.337	3.629	26.037	25.875	25.917	26.124	25.823	0.657
2025-09-21	-92.389	31.175	0.851	23.731	16.85	37.61	23.139	17.8	31.6	89.282	57.739	99.789	101.338	2.527	158.799	1.071	2.204	0.374	0.001	0.18	0.306	0.355	0.379	0.433	-769.528	-117.661	-7.965	1.734	1.977	2.74	3.313	3.632	25.66	25.692	25.848	26.084	25.8	0.682
2025-09-22	-92.389	31.175	22.084	25.362	18.61	37.19	24.178	19.4	31.4	92.104	66.416	100	101.155	2.77	193.201	1.415	2.823	0.314	0	0.208	0.323	0.37	0.388	0.432	-584.665	-99.178	-7.804	1.94	2.127	2.858	3.347	3.666	25.789	25.69	25.756	26.006	25.791	0.679
2025-09-23	-92.389	31.175	11.187	25.842	20.48	34.92	25.273	21.4	30.8	92.804	72.479	100	101.222	2.987	181.881	1.65	3.181	0.278	0	0.305	0.374	0.41	0.415	0.432	-0.1	-0.1	-0.1	2.631	2.597	3.165	3.49	3.764	26.234	26.026	25.918	25.97	25.7	0.709
2025-09-24	-92.389	31.175	10.986	25.915	21.59	37	24.984	21.8	31.5	94.654	70.086	100	101.306	2.99	129.233	1.443	2.848	0.211	0	0.343	0.384	0.412	0.417	0.432	-0.1	-0.1	-0.1	2.854	2.805	3.202	3.478	3.765	26.664	26.442	26.216	26.047	25.7	0.723
2025-09-25	-92.389	31.175	0.051	24.264	17.57	34.43	23.72	18.8	29.6	85.989	57.094	100	101.251	2.48	230.923	1.237	2.479	0.521	0	0.355	0.386	0.416	0.418	0.433	-0.1	-0.1	-0.1	2.91	2.938	3.185	3.482	3.766	25.942	25.98	26.093	26.139	25.7	0.704
2025-09-26	-92.389	31.175	0	22.453	15.61	34.41	21.951	16.9	28.7	83.253	51.049	100	101.11	2.146	235.835	1.21	2.397	0.57	0	0.334	0.379	0.407	0.413	0.433	-0.1	-0.1	-0.1	2.987	2.948	3.199	3.523	3.762	24.799	25.152	25.658	26.047	25.676	0.674
2025-09-27	-92.389	31.175	0.017	21.905	13.99	34.73	21.698	15.4	29.2	77.751	46.06	99.639	101.217	1.929	247.281	1.276	2.529	0.783	0	0.311	0.373	0.403	0.406	0.433	-2.777	-0.1	-0.1	3.032	2.959	3.206	3.469	3.761	24.066	24.477	25.149	25.842	25.6	0.668
2025-09-28	-92.389	31.175	0.034	21.3	12	34.67	21.328	13.8	29.7	78.161	45.502	99.871	101.479	1.903	246.636	1.106	2.31	0.778	0	0.286	0.367	0.4	0.4	0.433	-11.581	-0.1	-0.1	2.992	2.926	3.214	3.323	3.762	23.371	23.847	24.657	25.566	25.6	0.637
2025-09-29	-92.389	31.175	0	23.369	14.56	38.27	23.256	15.9	32.1	76.782	44.51	98.151	101.452	2.113	224.249	0.871	1.887	0.897	0	0.264	0.362	0.395	0.395	0.433	-17.668	-0.1	-0.1	2.689	2.781	3.232	3.339	3.761	23.758	23.915	24.417	25.285	25.518	0.631
2025-09-30	-92.389	31.175	0	23.441	15.93	36.43	23.54	17.8	31.2	79.778	48.164	98.354	101.387	2.258	179.053	0.858	1.742	0.749	0	0.249	0.357	0.392	0.393	0.431	-25.977	-0.616	-0.1	2.407	2.599	3.221	3.352	3.782	24.174	24.235	24.531	25.141	25.431	0.648
2025-10-01	-92.389	31.175	0.102	21.746	14.7	36.08	21.966	16.9	31.5	84.411	48.026	100	101.399	2.162	179.765	0.798	1.703	0.595	0	0.238	0.352	0.39	0.391	0.427	-36.505	-7.632	-0.1	2.246	2.445	3.162	3.362	3.827	23.746	24.073	24.531	25.104	25.347	0.701
2025-10-02	-92.389	31.175	0	24.298	17.49	37.86	23.825	18.6	31	85.29	63.643	99.912	101.654	2.496	195.769	0.943	2.031	0.545	0	0.225	0.345	0.386	0.389	0.428	-56.979	-12.397	-0.1	2.028	2.246	3.043	3.372	3.774	24.499	24.425	24.557	25.019	25.247	0.678
2025-10-03	-92.389	31.175	0	23.13	16.48	34.35	23.296	17.9	30.1	72.928	39.395	98.256	101.763	2.003	229.376	1.542	2.995	0.939	0	0.217	0.339	0.382	0.388	0.432	-83.683	-15.631	-0.1	1.935	2.083	2.947	3.369	3.702	24.103	24.278	24.58	25.012	25.19	0.685
2025-10-04	-92.389	31.175	0	22.895	14.7	34.57	23.212	16.4	30.1	72.454	49.808	94.077	101.421	2.024	227.194	1.49	3.105	0.918	0	0.209	0.333	0.377	0.386	0.434	-119.884	-20.143	-0.1	1.878	1.957	2.879	3.363	3.665	23.651	23.835	24.277	24.916	25.1	0.681
2025-10-05	-92.389	31.175	0.272	23.272	15.93	34.06	22.914	18	29	80.762	64.755	98.836	101.122	2.262	167.102	1.628	3.209	0.594	0	0.204	0.328	0.374	0.385	0.434	-160.608	-25.651	-0.1	1.845	1.882	2.837	3.36	3.639	23.763	23.823	24.163	24.803	25.065	0.702
2025-10-06	-92.389	31.175	0.374	25.943	20.25	35.44	25.144	21.3	30.7	88.346	66.556	100	101.166	2.796	171.315	0.826	1.829	0.445	0	0.203	0.324	0.372	0.384	0.434	-195.89	-31.483	-0.215	1.823	1.86	2.818	3.355	3.636	25.031	24.654	24.472	24.75	25	0.738
2025-10-07	-92.389	31.175	0.051	25.502	18.5	36.28	24.901	19.6	32	85.783	54.282	100	101.48	2.657	196.431	0.833	1.799	0.572	0	0.2	0.32	0.37	0.383	0.434	-229.479	-38.336	-1.252	1.803	1.832	2.799	3.353	3.629	25.243	24.968	24.807	24.847	24.918	0.715
2025-10-08	-92.389	31.175	0.085	25.165	18.72	35.18	24.829	20.1	31.1	84.874	64.264	100	101.706	2.633	184.398	1.823	3.617	0.57	0	0.196	0.315	0.368	0.382	0.433	-267.506	-47.979	-3.954	1.779	1.814	2.766	3.335	3.631	25.081	24.944	24.895	24.948	24.9	0.729
2025-10-09	-92.389	31.175	0	23.562	14.75	33.54	23.511	18	29.9	75.526	53.513	94.704	101.927	2.162	217.918	2.352	4.42	0.8	0	0.193	0.311	0.365	0.38	0.433	-308.648	-63.02	-8.196	1.765	1.825	2.739	3.3	3.63	24.748	24.762	24.861	24.999	24.9	0.683
2025-10-10	-92.389	31.175	0	21.087	11.35	40.91	20.064	13.5	28.1	70.349	47.006	91.88	101.825	1.628	223.658	1.796	3.461	0.811	0	0.192	0.308	0.362	0.379	0.433	-337.166	-80.646	-10.704	1.564	1.813	2.728	3.28	3.632	23.613	23.89	24.386	24.934	24.9	0.517
2025-10-11	-92.389	31.175	0.068	21.4	10.68	42.56	19.735	12.7	29	76.69	40.542	100	101.381	1.683	219.379	1.035	2.269	0.761	0	0.194	0.307	0.36	0.378	0.433	-352.075	-93.949	-12.014	1.342	1.779	2.723	3.274	3.636	23.158	23.377	23.911	24.712	24.875	0.392
2025-10-12	-92.389	31.175	0.034	21.019	9.56	42.6	19.378	11.4	28.9	76.897	45.737	99.907	101.039	1.662	220.453	0.732	1.659	0.742	0	0.193	0.307	0.359	0.377	0.432	-371.799	-102.728	-13.688	1.351	1.764	2.724	3.267	3.636	23.032	23.204	23.673	24.477	24.8	0.374
2025-10-13	-92.389	31.175	0.017	21.755	10.76	42.95	20.152	12.4	29.7	78.303	45.975	99.862	101.328	1.793	211.876	0.838	1.9	0.735	0	0.192	0.307	0.358	0.377	0.432	-396.712	-109.463	-15.389	1.348	1.75	2.723	3.26	3.634	23.039	23.134	23.514	24.295	24.732	0.344
2025-10-14	-92.389	31.175	0.034	21.589	10.74	41.72	20.456	12.8	30	72.864	37.736	100	101.645	1.656	214.907	1.131	2.279	0.916	0	0.191	0.306	0.357	0.376	0.431	-432.201	-114.986	-16.932	1.346	1.742	2.721	3.248	3.635	22.909	23.024	23.411	24.158	24.641	0.35
2025-10-15	-92.389	31.175	0	21.568	10.63	42.28	20.664	13.8	29.8	70.609	42.397	92.587	101.476	1.65	216.175	0.991	2.169	0.933	0	0.19	0.306	0.356	0.375	0.43	-469.296	-120.072	-18.326	1.349	1.739	2.724	3.241	3.634	22.827	22.881	23.251	24.008	24.545	0.318
2025-10-16	-92.389	31.175	0.017	22.099	10.85	42.83	20.98	12.5	30.7	75.686	44.175	99.899	101.229	1.804	208.537	0.9	1.978	0.871	0	0.19	0.306	0.355	0.374	0.43	-510.091	-124.205	-19.601	1.346	1.741	2.729	3.236	3.639	22.981	22.93	23.178	23.874	24.453	0.322
2025-10-17	-92.389	31.175	0.034	23.464	12.8	41.67	22.165	14.3	30.3	77.109	47.931	98.45	101.127	2.006	205.957	1.275	2.577	0.808	0	0.189	0.306	0.355	0.374	0.429	-561.632	-126.93	-20.952	1.336	1.747	2.73	3.23	3.643	23.464	23.24	23.291	23.799	24.358	0.315
2025-10-18	-92.389	31.175	3.234	23.694	14.14	39.22	22.817	16	30	87.922	68.503	100	100.966	2.458	145.122	1.956	3.851	0.415	0.002	0.188	0.305	0.354	0.373	0.428	-624.019	-128.972	-22.144	1.322	1.752	2.724	3.22	3.649	23.653	23.439	23.442	23.788	24.269	0.329
2025-10-19	-92.389	31.175	9.096	20.761	8.32	33.7	20.107	11.3	25.7	79.843	41.894	100	101.521	1.863	214.249	1.892	3.693	0.551	0	0.204	0.324	0.354	0.373	0.428	-355.58	-130.651	-23.279	1.289	2.382	2.717	3.199	3.661	23.116	23.35	23.585	23.838	24.2	0.343
2025-10-20	-92.389	31.175	0.017	17.664	5.5	36.19	17.353	7.6	27.6	73.197	40.885	99.677	101.679	1.388	214.418	1.734	3.34	0.768	0	0.213	0.317	0.353	0.373	0.427	-68.279	-137.004	-24.376	1.142	2.196	2.707	3.19	3.652	20.377	21.204	22.459	23.692	24.123	0.334
2025-10-21	-92.389	31.175	4.421	20.731	11.67	41.28	19.653	13.7	29.8	90.812	69.3	100	101.551	2.106	134.752	1.494	2.924	0.269	0	0.22	0.315	0.352	0.373	0.427	-48.408	-140.114	-25.269	1.146	2.118	2.719	3.191	3.65	21.482	21.667	22.215	23.317	24.079	0.341
2025-10-22	-92.389	31.175	0.357	15.942	6.22	33.29	16.089	9.2	24.8	72.666	35.503	99.692	101.894	1.249	214.019	1.28	2.593	0.684	0	0.237	0.313	0.352	0.373	0.427	-7.8	-141.126	-26.278	1.069	2.091	2.721	3.194	3.647	20.147	20.928	21.998	23.148	23.968	0.344
2025-10-23	-92.389	31.175	0	15.611	4.61	36	15.09	6.6	25.7	77.169	43.026	100	101.851	1.28	185.693	0.943	1.905	0.596	0	0.24	0.312	0.351	0.372	0.426	-5.456	-144.517	-27.299	1.033	2.093	2.719	3.195	3.641	18.849	19.648	21.058	22.774	23.858	0.337
2025-10-24	-92.389	31.175	0.034	18.854	7.16	36.45	18.34	9	26.6	76.793	51.992	100	101.731	1.587	186.242	1.636	3.238	0.669	0	0.24	0.312	0.351	0.371	0.426	-10.099	-143.577	-28.322	1.047	2.102	2.722	3.195	3.64	19.586	19.955	20.856	22.384	23.734	0.343
2025-10-25	-92.389	31.175	13.896	20.352	15.78	26.67	20.723	18.2	24.2	87.443	75.782	100	101.34	2.148	64.045	2.488	4.91	0.308	0.002	0.299	0.332	0.352	0.371	0.425	-5.115	-140.939	-29.396	1.929	2.653	2.865	3.191	3.652	20.774	20.801	21.176	22.218	23.561	NA
2025-10-26	-92.389	31.175	38.474	20.932	13.87	32.76	19.306	15.2	24.1	94.15	75.784	100	101.142	2.112	166.09	1.4	2.889	0.154	0	0.4	0.394	0.41	0.41	0.426	-0.1	-1.914	-1.202	2.597	2.972	3.096	3.403	3.766	21.758	21.559	21.602	22.086	23.376	0.365
2025-10-27	-92.389	31.175	0.204	18.658	11.94	32	17.666	13.3	23.3	92.514	74.757	100	101.184	1.87	135.753	1.236	2.444	0.179	0	0.36	0.379	0.399	0.411	0.427	-0.1	-0.1	-0.1	2.79	3.008	3.13	3.434	3.757	20.738	21.016	21.56	22.259	23.276	0.396
2025-10-28	-92.389	31.175	2.769	21.056	12.73	34.58	19.551	13.8	26.9	87.841	66.331	100	101.1	1.996	174.765	2.176	4.515	0.357	0.001	0.354	0.372	0.391	0.401	0.427	-0.1	-0.1	-0.1	2.798	3.042	3.19	3.439	3.754	20.998	21.017	21.406	22.219	23.199	0.39
2025-10-29	-92.389	31.175	0	14.917	8.39	24.38	14.311	10.5	17	62.58	49.98	83.242	101.392	1.021	170.823	4.215	8.98	0.617	0	0.356	0.371	0.388	0.396	0.427	-0.1	-0.1	-0.1	2.817	3.048	3.208	3.3	3.754	18.726	19.878	21.161	22.192	23.1	0.376
2025-10-30	-92.389	31.175	0	13.64	5.24	28.1	12.588	7.4	18.6	75.424	55.484	94.523	101.601	1.086	188.842	1.626	3.533	0.406	0	0.347	0.368	0.386	0.393	0.428	-0.1	-0.1	-0.1	2.838	3.055	3.221	3.269	3.751	17.461	18.382	19.945	21.812	23.04	0.394
2025-10-31	-92.389	31.175	0.034	12.192	2.88	29.76	11.343	4.4	20.3	81.098	46.69	100	101.742	1.066	192.323	0.727	1.679	0.362	0	0.34	0.366	0.384	0.391	0.427	-0.1	-0.1	-0.1	2.867	3.063	3.237	3.268	3.761	16.669	17.611	19.249	21.328	22.942	0.399
2025-11-01	-92.389	31.175	0.068	12.011	3.32	30.83	11.547	4.6	20.3	85.43	56.495	100	101.764	1.164	130.856	1.056	1.997	0.267	0	0.335	0.365	0.382	0.39	0.423	-0.1	-0.1	-0.1	2.888	3.066	3.256	3.271	3.806	16.36	17.23	18.761	20.873	22.781	0.405
2025-11-02	-92.389	31.175	0.085	4.725	3.93	6	6.842	4.8	8.8	95.068	90.788	99.627	101.93	0.944	0	0.628	1.06	0.052	0	0.332	0.364	0.382	0.389	0.423	-0.1	-0.1	-0.1	2.942	3.059	3.266	3.275	3.794	15.489	17.048	18.754	20.654	22.7	NA
2025-11-03	-92.389	31.175	0.034	10.387	0.58	29.1	10.078	1.8	20.5	77.661	40.22	100	102.484	0.927	191.736	1.064	2.072	0.416	0	0.324	0.362	0.38	0.387	0.426	-0.3	-0.1	-0.1	2.934	3.057	3.274	3.281	3.704	15.04	16.074	17.826	20.094	22.387	0.399
2025-11-04	-92.389	31.175	0.034	11.797	0.97	31.39	12.085	2.9	23.4	75.094	40.478	100	102.388	1.02	189.074	1.036	2.093	0.535	0	0.319	0.361	0.38	0.386	0.429	-1.747	-0.1	-0.1	2.947	3.058	3.285	3.287	3.662	15.215	15.964	17.454	19.703	22.172	0.402
2025-11-05	-92.389	31.175	0	14.876	4.73	33.9	14.697	6.1	25	86.037	61.957	99.938	102.042	1.472	159.477	0.894	1.854	0.334	0	0.315	0.361	0.379	0.385	0.429	-5.407	-0.1	-0.1	2.945	3.06	3.297	3.295	3.651	16.259	16.547	17.518	19.43	21.943	0.4
2025-11-06	-92.389	31.175	0.153	17.908	8.04	28.84	17.029	8.9	23.5	88.809	72.338	100	101.609	1.756	99.293	0.941	1.935	0.286	0	0.312	0.36	0.379	0.384	0.429	-7.001	-0.1	-0.1	2.95	3.07	3.308	3.304	3.643	17.448	17.43	17.937	19.35	21.748	NA
2025-11-07	-92.389	31.175	0	21.742	13.74	35.34	21.359	16.6	27.4	84.142	60.555	99.912	100.872	2.118	140.206	1.604	3.144	0.472	0	0.311	0.361	0.38	0.384	0.428	-8.407	-0.1	-0.1	2.937	3.076	3.324	3.319	3.64	19.947	19.369	18.948	19.499	21.556	0.42
2025-11-08	-92.389	31.175	0.051	20.928	12.79	35.42	20.586	14.5	27.9	90.399	67.871	100	100.869	2.194	123.793	0.985	2.014	0.301	0	0.309	0.361	0.38	0.384	0.428	-10.477	-0.1	-0.1	2.944	3.074	3.326	3.329	3.642	20.131	19.758	19.548	19.854	21.427	0.433
2025-11-09	-92.389	31.175	0	16.083	6.67	27.08	16.035	8.3	19.9	64.244	41.222	99.458	101.97	1.202	173.912	3.478	6.632	0.654	0	0.303	0.36	0.38	0.384	0.428	-11.757	-0.1	-0.1	2.958	3.06	3.321	3.334	3.64	18.865	19.334	19.762	20.151	21.384	0.431
2025-11-10	-92.389	31.175	0	6.089	-3.43	21.22	5.597	-1	12.1	60.287	36.551	86.834	102.993	0.532	179.857	1.844	3.766	0.409	0	0.294	0.357	0.378	0.383	0.428	-13.649	-0.1	-0.1	2.996	3.036	3.308	3.328	3.634	14.887	16.458	18.416	20.07	21.3	0.404
2025-11-11	-92.389	31.175	0.017	7.962	-4.07	24.89	7.306	-2.5	17	69.331	39.055	94.03	102.617	0.691	174.459	2.037	3.926	0.434	0	0.288	0.356	0.375	0.382	0.427	-14.77	-0.1	-0.1	2.987	3.024	3.31	3.324	3.633	13.453	14.748	16.93	19.455	21.3	0.37
2025-11-12	-92.389	31.175	0	14.712	2.94	34.53	14.775	5.5	24.7	79.132	58.073	95.727	102.145	1.352	144.685	1.421	2.707	0.472	0	0.286	0.355	0.375	0.381	0.427	-15.242	-0.1	-0.1	2.929	3.029	3.324	3.329	3.632	15.347	15.655	16.715	18.853	21.178	0.334
2025-11-13	-92.389	31.175	0	17.632	8.09	39.11	17.458	10.2	27.1	81.111	55.225	99.701	102.094	1.609	160.323	1.045	2.052	0.506	0	0.287	0.356	0.379	0.38	0.427	-15.629	-0.1	-0.1	2.9	3.024	3.3	3.339	3.631	17.226	17.078	17.365	18.668	21.003	0.231
2025-11-14	-92.389	31.175	0.085	17.985	8.08	35.63	17.959	9.7	26.6	80.351	57.255	100	101.888	1.646	145.733	1.615	3.072	0.536	0	0.287	0.356	0.379	0.38	0.426	-16.356	-0.1	-0.185	2.896	3.011	3.3	3.348	3.633	17.647	17.594	17.859	18.824	20.834	0.311
2025-11-15	-92.389	31.175	0.119	18.828	8.67	34.59	18.621	11.3	27	80.721	54.952	100	101.407	1.706	156.956	1.831	3.421	0.552	0	0.286	0.357	0.379	0.38	0.425	-17.02	-0.1	-0.341	2.882	3.002	3.3	3.354	3.637	18.315	18.152	18.248	18.951	20.706	0.332
2025-11-16	-92.389	31.175	0.136	19.224	10.05	37.47	19.558	11.8	28.3	85.916	61.267	100	101.067	1.96	140.834	1.211	2.37	0.43	0	0.285	0.356	0.38	0.38	0.425	-17.828	-0.143	-0.61	2.884	2.988	3.3	3.357	3.64	18.655	18.484	18.554	19.13	20.608	0.308
2025-11-17	-92.389	31.175	0.153	20.467	12.57	35.63	19.905	14.2	27.3	86.968	62.265	100	101.269	2.006	125.8	1.452	2.687	0.389	0	0.285	0.357	0.38	0.38	0.425	-18.458	-0.257	-1.045	2.88	2.966	3.3	3.361	3.642	19.613	19.209	18.993	19.319	20.6	0.317
2025-11-18	-92.389	31.175	0.119	21.611	12.09	36.18	21.462	14.8	28.7	85.351	59.722	100	101.548	2.159	120.298	1.932	3.551	0.482	0	0.285	0.356	0.38	0.38	0.424	-19.254	-0.482	-1.85	2.866	2.948	3.3	3.364	3.644	20.093	19.692	19.426	19.548	20.6	0.319
2025-11-19	-92.389	31.175	0.102	21.935	14.36	36.94	21.524	15.6	29.2	86.642	60.965	100	101.832	2.214	129.311	1.002	1.944	0.431	0	0.285	0.356	0.38	0.38	0.424	-20.03	-0.963	-3.342	2.853	2.92	3.301	3.367	3.645	20.723	20.26	19.877	19.807	20.6	0.329
2025-11-20	-92.389	31.175	0.102	20.552	14.16	31.63	20.215	15.6	26.4	91.848	74.759	100	101.599	2.178	74.568	1.126	2.12	0.226	0	0.283	0.356	0.381	0.381	0.424	-21.283	-2.195	-5.301	2.858	2.884	3.3	3.369	3.649	20.589	20.326	20.133	20.062	20.6	NA
2025-11-21	-92.389	31.175	0	24.204	18.52	36.45	23.447	19.8	29.1	83.975	60.974	99.984	101.303	2.395	120.258	1.864	3.523	0.53	0	0.283	0.356	0.381	0.381	0.424	-22.174	-4.769	-6.571	2.84	2.841	3.302	3.367	3.65	21.509	20.921	20.436	20.261	20.656	0.342
2025-11-22	-92.389	31.175	0	19.863	7.69	32.36	20.526	10.8	25.3	81.051	53.429	97.906	101.684	1.966	82.808	1.223	2.458	0.499	0	0.281	0.356	0.381	0.381	0.423	-23.691	-5.782	-8.253	2.858	2.761	3.301	3.369	3.651	21.255	21.105	20.848	20.53	20.7	NA
2025-11-23	-92.389	31.175	0.102	14.211	5.28	29.77	14.107	7.3	21.7	85.017	61.991	100	101.878	1.371	141.126	1.431	2.853	0.302	0	0.275	0.354	0.38	0.381	0.423	-26.696	-8.36	-9.895	2.872	2.626	3.286	3.368	3.651	18.387	19.066	19.974	20.595	20.799	0.382
2025-11-24	-92.389	31.175	0.612	18.445	8.39	31.88	17.459	9	24.9	91.148	71.838	100	101.35	1.862	86.18	1.929	3.64	0.231	0.002	0.272	0.352	0.379	0.38	0.423	-28.445	-10.343	-10.251	2.832	2.551	3.291	3.364	3.655	18.654	18.784	19.363	20.323	20.861	NA
2025-11-25	-92.389	31.175	0.34	18.767	7.78	30.12	18.738	9.8	24.4	89.186	67.624	100	101.328	1.95	150.197	1.488	3	0.264	0.001	0.272	0.353	0.379	0.38	0.423	-29.857	-10.649	-10.461	2.816	2.521	3.294	3.366	3.655	19.978	19.858	19.819	20.206	20.9	0.408
2025-11-26	-92.389	31.175	0.204	11.859	0.59	25.38	12.717	5.7	18.7	69.989	38.681	98.626	102.306	1.033	146.567	2.803	4.836	0.47	0	0.267	0.351	0.378	0.38	0.423	-33.565	-11.059	-10.69	2.813	2.42	3.28	3.361	3.656	17.11	18.064	19.237	20.211	20.843	0.4
2025-11-27	-92.389	31.175	0	7.427	-1.48	24.11	8.154	0.2	16.1	60.637	39.619	91.327	102.739	0.636	155.829	1.629	3.01	0.508	0	0.26	0.348	0.377	0.379	0.423	-37.038	-11.871	-10.925	2.756	2.324	3.266	3.353	3.652	14.602	15.959	17.89	19.803	20.8	0.393
2025-11-28	-92.389	31.175	0	7.783	-2.48	24.28	8.292	-0.3	16.3	59.569	33.865	91.862	102.745	0.613	153.449	1.539	2.953	0.558	0	0.255	0.346	0.375	0.378	0.422	-40.035	-12.752	-11.071	2.672	2.259	3.265	3.352	3.648	13.465	14.717	16.739	19.172	20.779	0.395
2025-11-29	-92.389	31.175	0.493	12.8	2.64	23.12	13.059	6.2	19.1	69.208	57.422	82.557	101.942	1.095	70.557	2.516	4.671	0.476	0	0.252	0.345	0.374	0.377	0.422	-42.71	-13.461	-11.229	2.579	2.224	3.271	3.354	3.648	14.398	14.961	16.302	18.554	20.646	NA
2025-11-30	-92.389	31.175	35.985	10.337	6.45	15.85	9.488	5.1	17	91.733	76.894	100	102.115	1.12	20.432	4.045	6.843	0.101	0.001	0.386	0.391	0.406	0.405	0.423	-7.1	-1.449	-1.326	2.677	2.84	3.265	3.469	3.746	14.512	15.306	16.596	17.898	20.395	NA
2025-12-01	-92.389	31.175	13.276	7.751	5.88	11.9	6.165	4.4	8	91.49	81.274	100	101.76	0.867	24.094	2.694	4.826	0.079	0.001	0.418	0.392	0.41	0.41	0.424	-0.1	-0.1	-0.1	2.571	2.961	3.208	3.485	3.746	12.316	13.5	15.797	17.526	20.216	NA
2025-12-02	-92.389	31.175	0.408	5.261	0.92	8.36	3.719	2	5.1	88.163	80.809	96.755	101.789	0.703	50.356	2.733	5.014	0.095	0	0.433	0.405	0.413	0.411	0.424	-0.1	-0.1	-0.1	2.529	2.918	3.248	3.473	3.736	11.023	12.411	15.1	16.832	20.007	NA
2025-12-03	-92.389	31.175	5.302	7.998	-0.52	17.15	5.85	0.8	9.8	85.11	71.393	94.909	101.824	0.794	90.52	1.532	2.875	0.152	0	0.397	0.385	0.41	0.41	0.424	-0.1	-0.1	-0.1	2.68	2.979	3.192	3.473	3.726	11.051	11.961	14.222	16.293	19.783	NA
2025-12-04	-92.389	31.175	35.139	8.488	5.39	10.9	7.225	4.1	8.8	99.083	94.715	100	101.707	1.012	17.71	3.631	6.167	0.008	0.001	0.47	0.407	0.415	0.411	0.424	-0.1	-0.1	-0.1	2.154	2.923	3.213	3.436	3.734	11.74	12.432	14.052	15.911	19.508	NA
2025-12-05	-92.389	31.175	0	6.453	4.9	8.74	4.673	3.6	5.9	97.295	93.684	100	101.702	0.83	25.06	1.702	3.08	0.023	0	0.442	0.408	0.415	0.411	0.424	-0.1	-0.1	-0.1	2.393	2.902	3.205	3.4	3.725	10.578	11.586	13.726	15.549	19.235	NA
2025-12-06	-92.389	31.175	0	10.323	5.41	19.96	9.262	5.5	15.1	90.923	71.042	100	101.378	1.065	117.828	1.743	3.12	0.129	0	0.416	0.395	0.414	0.412	0.424	-0.1	-0.1	-0.1	2.532	2.936	3.212	3.392	3.719	11.659	12.079	13.543	15.247	18.986	0.455
2025-12-07	-92.389	31.175	5.953	14.701	10.36	21.76	13.715	10.1	19.5	96.183	84.433	100	101.275	1.521	51.717	2.027	3.774	0.069	0.001	0.413	0.389	0.412	0.411	0.424	-0.1	-0.1	-0.1	2.485	3.016	3.187	3.4	3.714	13.817	13.566	13.963	15.361	18.725	NA
2025-12-08	-92.389	31.175	0.017	9.888	5.99	17.28	8.833	5	12.1	85.263	73.087	98.849	102.201	0.973	110.052	3.939	6.752	0.171	0	0.426	0.402	0.416	0.413	0.425	-0.1	-0.1	-0.1	2.432	2.941	3.252	3.386	3.712	13.192	13.779	14.66	15.617	18.53	0.451
2025-12-09	-92.389	31.175	0	8.053	2.32	17.87	6.76	3.7	13.1	82.942	60.825	91.861	101.998	0.815	121.801	1.697	3.262	0.189	0	0.401	0.385	0.413	0.413	0.425	-0.1	-0.1	-0.1	2.581	3.002	3.149	3.388	3.71	11.921	12.635	14.1	15.637	18.384	0.47
2025-12-10	-92.389	31.175	0.136	9.42	1.21	25.04	10.63	2.7	21.7	83.468	60.254	100	101.454	1.087	137.514	1.743	3.369	0.309	0	0.389	0.382	0.403	0.413	0.424	-0.1	-0.1	-0.1	2.652	3.003	3.216	3.391	3.707	11.579	12.199	13.494	15.476	18.275	0.472
2025-12-11	-92.389	31.175	0.085	7.357	-0.67	21.63	8.773	1.5	16.8	73.922	44.782	99.986	101.746	0.812	140.555	1.334	2.589	0.379	0	0.379	0.379	0.398	0.412	0.425	-0.1	-0.1	-0.1	2.695	3.005	3.236	3.409	3.703	10.993	11.839	13.312	15.356	18.154	0.479
2025-12-12	-92.389	31.175	0	13.421	2.72	28.43	13.829	4.6	23.4	87.572	68.911	99.378	101.489	1.44	99.088	0.982	1.819	0.254	0	0.373	0.377	0.394	0.404	0.425	-0.1	-0.1	-0.1	2.683	3.016	3.25	3.408	3.701	12.314	12.416	13.257	15.205	18.03	NA
2025-12-13	-92.389	31.175	5.799	18.769	12.75	29.42	18.61	14.1	25.1	91.706	71.065	100	101.599	1.963	110.678	1.264	2.38	0.225	0.001	0.402	0.382	0.401	0.401	0.424	-0.1	-0.1	-0.1	2.523	3.071	3.287	3.391	3.709	15.789	14.98	14.484	15.272	17.876	0.494
2025-12-14	-92.389	31.175	10.944	6.301	-1.99	15.8	5.151	-1.8	16	77.848	57.068	100	102.797	0.748	116.428	5.089	8.646	0.168	0	0.455	0.409	0.418	0.414	0.425	-0.1	-0.1	-0.1	2.243	2.931	3.206	3.326	3.709	13.076	14.199	15.253	15.718	17.79	0.509
2025-12-15	-92.389	31.175	0	1.715	-3.99	13.58	0.704	-4.3	8.9	64.662	41	84.28	102.889	0.413	151.499	1.471	2.752	0.257	0	0.418	0.393	0.418	0.414	0.425	-0.1	-0.1	-0.1	2.491	2.95	3.112	3.312	3.694	8.359	10.225	13.43	15.293	17.7	0.487
2025-12-17	-92.389	31.175	0	8.298	6	10.27	8.709	6.8	10.2	92.134	87.451	96.259	101.759	1.04	0.491	1.031	1.787	0.088	0	0.395	0.386	0.404	0.414	0.425	-0.1	-0.1	-0.1	2.558	2.99	3.208	3.321	3.689	10.103	10.719	11.981	14.35	17.6	NA
2025-12-18	-92.389	31.175	0	19.059	6.02	27.08	20.621	12.5	24.5	72.878	47.238	97.395	100.937	1.846	133.554	3.289	6.451	0.627	0	0.394	0.386	0.401	0.409	0.424	-0.1	-0.1	-0.1	2.517	3.044	3.272	3.387	3.695	15.92	14.788	13.912	14.554	17.3	0.498
2025-12-19	-92.389	31.175	0	7.806	-0.16	21.42	9.698	3	16.8	58.772	37.629	85.373	101.926	0.688	142.261	1.321	2.561	0.56	0	0.384	0.384	0.398	0.404	0.425	-0.1	-0.1	-0.1	2.632	3.016	3.268	3.355	3.694	12.567	13.262	14.048	14.924	17.196	0.515
2025-12-20	-92.389	31.175	0	13.511	0.15	26.55	14.618	2.2	24.5	83.245	68.643	97.099	101.514	1.508	124.38	2.636	4.67	0.351	0	0.377	0.378	0.395	0.4	0.424	-0.1	-0.1	-0.1	2.637	3.033	3.248	3.338	3.694	12.131	12.352	13.293	14.923	17.1	0.503
2025-12-21	-92.389	31.175	0	19.488	15.08	29.38	19.132	14.8	24.6	92.75	83.046	100	101.944	2.08	67.188	1.99	3.408	0.156	0	0.375	0.378	0.396	0.399	0.424	-0.1	-0.1	-0.1	2.617	3.059	3.269	3.28	3.702	16.18	15.309	14.581	14.973	17.1	NA
2025-12-22	-92.389	31.175	0	18.958	14.67	28.92	18.356	14.3	25	91.935	77.499	100	102.253	1.963	91.998	1.73	3.059	0.197	0	0.372	0.378	0.396	0.398	0.424	-0.1	-0.1	-0.1	2.66	3.057	3.269	3.246	3.705	16.868	16.231	15.634	15.496	17.018	NA
2025-12-23	-92.389	31.175	0	18.425	11.27	28.89	18.639	13.7	25	92.261	69.228	100	102.355	1.984	82.98	1.464	2.801	0.199	0	0.369	0.378	0.396	0.397	0.424	-0.1	-0.1	-0.1	2.698	3.065	3.278	3.25	3.707	17.755	17.159	16.469	16.018	17.098	NA
2025-12-24	-92.389	31.175	0.272	16.395	10.12	28.12	16.945	11.5	25.4	92.244	68.816	100	102.366	1.795	89.526	0.983	1.854	0.201	0	0.366	0.376	0.396	0.396	0.424	-0.1	-0.1	-0.1	2.733	3.068	3.279	3.257	3.708	16.943	16.732	16.579	16.439	17.16	NA
2025-12-25	-92.389	31.175	0.187	16.779	10.65	25.25	17.222	12.3	23.6	95.132	78.102	100	102.028	1.882	60.695	1.372	2.428	0.116	0	0.363	0.376	0.395	0.396	0.424	-0.1	-0.1	-0.1	2.753	3.073	3.29	3.263	3.709	17.122	16.882	16.698	16.656	17.274	NA
2025-12-26	-92.389	31.175	0.357	20.311	16.29	29.88	20.807	17.8	26.5	91.242	70.16	100	101.521	2.23	72.964	2.251	4.036	0.252	0	0.362	0.376	0.395	0.396	0.424	-0.1	-0.1	-0.1	2.76	3.077	3.305	3.27	3.711	17.936	17.428	17.001	16.857	17.386	NA
2025-12-27	-92.389	31.175	0.051	20.85	12.91	30.51	21.317	16.2	26.4	87.314	67.847	99.032	101.403	2.198	120.145	2.236	4.158	0.367	0	0.359	0.375	0.395	0.395	0.424	-0.1	-0.1	-0.1	2.781	3.074	3.316	3.279	3.711	18.693	18.136	17.556	17.135	17.495	0.632
2025-12-28	-92.389	31.175	0.051	21.446	16.12	30.03	22.07	18.6	27.2	86.48	64.144	98.501	101.348	2.276	87.324	2.719	5.006	0.407	0	0.356	0.375	0.395	0.395	0.424	-0.1	-0.1	-0.1	2.807	3.073	3.327	3.289	3.714	19.155	18.615	18.021	17.475	17.616	NA
2025-12-29	-92.389	31.175	3.064	9.115	3.69	17.42	8.489	4.4	17.5	52.101	39.884	96.751	102.537	0.611	110.093	4.042	7.516	0.517	0.001	0.351	0.373	0.394	0.394	0.425	-0.134	-0.1	-0.1	2.856	3.047	3.309	3.288	3.711	15.244	16.53	17.577	17.744	17.741	0.64
2025-12-30	-92.389	31.175	0	4.328	-3.83	15.45	3.744	-1.4	9.2	57.51	42.4	80.847	102.849	0.454	145.041	1.849	3.659	0.36	0	0.346	0.37	0.392	0.393	0.425	-0.844	-0.1	-0.1	2.881	3.034	3.3	3.281	3.706	11.601	13.333	15.549	17.371	17.866	0.661
2025-12-31	-92.389	31.175	0.034	5.448	-5.02	22.15	6.361	-3.8	17.8	65.845	35.08	99.374	102.269	0.603	143.177	1.171	2.397	0.479	0	0.342	0.368	0.39	0.392	0.425	-5.11	-0.1	-0.1	2.895	3.029	3.306	3.28	3.705	10.499	11.863	14.097	16.608	17.9	0.642
