2025-07-08	-91.69	32.146	15.366	24.329	23.52	27.24	23.613	22.4	28.9	92.977	66.414	98.42	101.659	2.699	0.131	0.748	2.176	0.226	0.004	0.254	0.246	0.222	0.225	0.289	-191.469	-96.1	-180.425	0.122	0.272	0.177	0.289	4.288	28.856	29.15	29.428	27.822	26.044	NA
2025-07-09	-91.69	32.146	3.368	27.552	22.47	38.31	25.471	22.3	30.9	89.438	66.168	100	101.596	2.888	249.36	1.196	2.679	0.407	0.001	0.259	0.217	0.191	0.223	0.289	-172.253	-59.03	-194.371	0.19	0.241	0.157	0.285	4.311	28.761	28.57	28.534	27.587	26	0.706
2025-07-10	-91.69	32.146	2.008	26.151	22.3	36.92	24.801	22.1	29.6	92.916	73.995	100	101.457	2.905	164.249	1.343	2.833	0.246	0	0.255	0.198	0.17	0.221	0.289	-84.95	-59.453	-210.344	0.218	0.237	0.141	0.279	4.321	27.735	27.8	28.072	27.441	25.994	0.71
2025-07-11	-91.69	32.146	7.073	28.262	22.95	37.49	26.747	23.1	33.5	85.286	57.259	99.965	101.473	2.933	292.079	1.596	3.49	0.665	0	0.253	0.198	0.169	0.219	0.289	-62.885	-63.384	-220.461	0.236	0.237	0.144	0.273	4.314	28.606	28.24	28.094	27.208	25.934	0.693
2025-07-12	-91.69	32.146	0.136	29.334	23.81	39.11	27.555	23.3	33.5	83.421	53.296	100	101.558	3.008	309.488	1.172	2.599	0.739	0	0.262	0.209	0.178	0.218	0.289	-49.281	-57.042	-224.347	0.261	0.247	0.169	0.264	4.321	29.597	29.073	28.713	27.363	25.9	0.691
2025-07-13	-91.69	32.146	0.919	27.164	22.89	38	25.667	22.8	31.2	90.593	72.183	100	101.581	2.978	206.999	1.244	2.76	0.346	0	0.25	0.198	0.167	0.216	0.289	-50.54	-58.271	-224.517	0.231	0.25	0.164	0.259	4.317	28.96	28.897	28.928	27.651	25.948	0.7
2025-07-14	-91.69	32.146	0	29.086	22.46	40.11	27.227	22	33.9	81.935	52.952	100	101.579	2.894	303.88	0.984	2.275	0.804	0	0.237	0.19	0.161	0.215	0.289	-57.281	-61.952	-225.271	0.209	0.25	0.161	0.254	4.311	29.552	29.028	28.706	27.572	26	0.719
2025-07-15	-91.69	32.146	0	29.54	22.59	39.13	28.175	23.1	34	79.5	51.342	99.796	101.501	2.951	317.011	0.932	2.246	0.949	0	0.217	0.18	0.155	0.213	0.289	-66.488	-65.098	-223.608	0.188	0.243	0.154	0.252	4.306	30.342	29.792	29.372	27.784	26.083	0.737
2025-07-16	-91.69	32.146	0	29.979	23.04	40.37	28.61	23.1	34.3	80.474	53.947	100	101.3	3.073	305.799	0.698	1.729	0.93	0	0.198	0.17	0.15	0.211	0.289	-80.307	-68.76	-221.703	0.17	0.233	0.148	0.253	4.306	30.832	30.265	29.776	28.054	26.143	0.741
2025-07-17	-91.69	32.146	8.553	29.664	23.67	40.79	27.715	23.5	35.8	86.319	54.168	99.997	101.243	3.134	284.169	0.718	2.066	0.687	0.001	0.185	0.169	0.157	0.209	0.289	-102.079	-73.445	-220.156	0.154	0.222	0.185	0.255	4.314	30.913	30.502	30.118	28.316	26.25	0.753
2025-07-18	-91.69	32.146	22.506	27.969	23.91	39.36	26.036	23.5	31.4	96.017	74.456	100	101.451	3.228	188.701	1.026	2.364	0.164	0	0.243	0.215	0.206	0.219	0.29	-73.146	-56.775	-196.512	0.216	0.279	0.199	0.329	4.334	29.47	29.399	29.561	28.409	26.371	0.766
2025-07-19	-91.69	32.146	18.952	27.38	22.91	36.52	25.526	21.7	31.5	95.385	72.608	100	101.685	3.112	198.767	1.258	2.867	0.189	0.001	0.324	0.27	0.277	0.244	0.29	-8.022	-14.744	-69.932	0.3	0.355	0.243	0.531	4.333	28.965	28.88	29.031	28.188	26.473	0.774
2025-07-20	-91.69	32.146	0.919	29.008	24.03	37.89	28.288	24	33.2	86.268	62.332	100	101.62	3.277	269.431	1.175	2.586	0.623	0	0.326	0.279	0.296	0.254	0.29	-3.861	-12.258	-34.204	0.274	0.359	0.305	0.58	4.329	29.483	29.039	28.877	27.983	26.5	0.775
2025-07-21	-91.69	32.146	0	29.523	22.43	38.3	28.42	23	33.9	82.709	58.018	99.591	101.504	3.151	325.267	1.071	2.375	0.799	0	0.308	0.262	0.284	0.256	0.289	-16.44	-18.666	-30.562	0.252	0.345	0.3	0.596	4.309	30.46	29.9	29.523	28.116	26.5	0.781
2025-07-22	-91.69	32.146	0	29.921	23.6	38.53	28.892	23.8	35	80.009	52.377	99.819	101.459	3.107	327.46	0.911	2.067	0.953	0	0.294	0.251	0.272	0.256	0.289	-24.836	-23.178	-31.153	0.229	0.325	0.29	0.603	4.307	31.074	30.545	30.121	28.44	26.53	0.786
2025-07-23	-91.69	32.146	0	29.845	23.46	38.97	28.842	23.7	35.3	82.586	52.829	99.956	101.515	3.207	286.554	0.539	1.345	0.849	0	0.281	0.242	0.259	0.254	0.289	-32.532	-27.206	-32.612	0.211	0.307	0.276	0.603	4.304	31.04	30.646	30.339	28.715	26.63	0.792
2025-07-24	-91.69	32.146	0	29.77	24.4	38.95	28.587	24.4	35.1	84.27	58.739	99.826	101.414	3.243	264.666	0.749	1.768	0.746	0	0.269	0.233	0.245	0.252	0.289	-40.968	-30.864	-34.232	0.197	0.296	0.261	0.598	4.301	31.176	30.829	30.535	28.894	26.748	0.799
2025-07-25	-91.69	32.146	1.771	28.633	24.75	38.13	26.967	24.5	32.6	90.688	64.92	100	101.329	3.203	242.335	1.501	3.169	0.386	0.001	0.259	0.224	0.23	0.25	0.289	-50.573	-34.326	-35.793	0.185	0.285	0.246	0.59	4.3	30.55	30.402	30.34	29.001	26.86	0.809
2025-07-26	-91.69	32.146	3.132	27.168	23.81	35.49	25.877	22.7	31	91.898	71.829	100	101.551	3.058	208.131	1.545	3.373	0.311	0	0.254	0.218	0.218	0.248	0.289	-60.202	-37.217	-37.345	0.18	0.282	0.237	0.581	4.304	29.496	29.536	29.751	28.883	26.973	0.815
2025-07-27	-91.69	32.146	0.085	29.265	22.78	37.68	28.255	23.1	34.7	82.305	52.729	100	101.87	3.077	326.573	0.994	2.258	0.851	0	0.25	0.213	0.207	0.245	0.289	-67.898	-40.349	-38.747	0.18	0.281	0.232	0.571	4.308	30.291	29.823	29.587	28.604	27	0.816
2025-07-28	-91.69	32.146	0	29.611	23.18	38.16	28.965	23.5	35.1	79.017	49.158	100	101.914	3.059	319.552	0.78	1.924	1.036	0	0.236	0.203	0.195	0.242	0.289	-82.919	-44.998	-40.471	0.173	0.271	0.224	0.558	4.293	30.918	30.49	30.169	28.744	27	0.82
2025-07-29	-91.69	32.146	0.681	29.032	23.75	39.8	28.177	24.1	36	83.346	54.182	97.185	101.66	3.129	248.124	0.562	1.552	0.769	0	0.221	0.194	0.184	0.238	0.289	-105.344	-49.943	-42.209	0.166	0.262	0.217	0.545	4.296	30.768	30.506	30.326	28.93	27.048	0.822
2025-07-30	-91.69	32.146	0.902	29.437	24.42	38.93	28.521	24.2	35.4	84.851	57.25	99.912	101.317	3.262	241.431	0.701	1.947	0.731	0.001	0.21	0.187	0.176	0.235	0.289	-129.222	-54.648	-44.029	0.162	0.255	0.21	0.531	4.295	30.846	30.523	30.289	28.972	27.103	0.826
2025-07-31	-91.69	32.146	1.838	27.755	22.98	38.11	26.62	22.7	33.4	87.54	65.688	99.486	101.4	3.032	208.524	1.032	2.542	0.513	0.001	0.202	0.179	0.169	0.231	0.289	-154.63	-60.065	-45.98	0.158	0.248	0.203	0.518	4.293	29.972	29.924	30.007	28.996	27.2	0.832
2025-08-01	-91.69	32.146	0.068	27.14	24.38	36.07	25.796	23.7	32.2	92.194	72.222	99.969	101.69	3.056	148.755	0.557	1.503	0.295	0	0.197	0.173	0.163	0.228	0.289	-169.637	-63.202	-47.989	0.157	0.244	0.2	0.506	4.299	29.358	29.38	29.558	28.819	27.2	0.837
2025-08-02	-91.69	32.146	2.093	26.78	22.45	36.64	25.462	22.8	31	93.367	71.317	100	101.696	3.027	186.392	0.591	1.62	0.262	0.001	0.194	0.169	0.158	0.226	0.289	-182.618	-66.944	-50.179	0.157	0.242	0.195	0.495	4.296	29.086	29.055	29.191	28.567	27.2	0.847
2025-08-03	-91.69	32.146	0.017	26.139	20.08	36.13	25.134	19.9	31.5	80.97	52.172	100	101.375	2.517	294.525	0.578	1.621	0.757	0	0.191	0.165	0.153	0.223	0.288	-202.139	-72.734	-52.746	0.155	0.239	0.193	0.481	4.296	28.761	28.714	28.846	28.34	27.2	0.836
2025-08-04	-91.69	32.146	0	25.226	17.47	35.35	24.594	18	32.1	77.598	50.107	99.633	101.328	2.327	291.348	0.685	1.808	0.877	0	0.182	0.158	0.146	0.22	0.288	-235.975	-82.01	-56.021	0.151	0.229	NA	0.462	4.271	28.173	28.255	28.51	28.136	27.122	0.836
2025-08-05	-91.69	32.146	0	27.214	19.38	38.21	26.457	19.9	33.9	80.226	54.061	99.964	101.665	2.713	285.99	0.746	1.76	0.865	0	0.173	0.15	0.139	0.217	0.288	-291.961	-93.508	-60.116	0.146	0.22	NA	0.44	4.263	28.642	28.454	28.476	27.944	27.061	0.833
2025-08-06	-91.69	32.146	0	27.63	21.21	39.27	26.833	22	33.7	82.275	52.783	99.936	101.925	2.849	254.742	0.713	1.628	0.758	0	0.165	0.142	0.132	0.213	0.287	-373.717	-108.266	-64.375	0.142	NA	NA	0.417	4.252	29.334	29.097	28.968	28.01	27	0.829
2025-08-07	-91.69	32.146	0	28.148	20.87	38.98	27.438	21.5	34.8	79.598	45.839	100	101.757	2.816	296.583	0.808	1.965	0.962	0	0.159	0.135	0.127	0.209	0.286	-458.775	-124.341	-70.235	0.136	NA	NA	0.393	4.242	29.391	29.118	28.971	28.079	27	0.826
2025-08-08	-91.69	32.146	0	28.26	20.56	39.81	27.633	21.1	34.4	77.554	51.355	99.837	101.41	2.772	284.105	0.835	1.9	1.057	0	0.153	0.128	0.121	0.205	0.285	-567.45	-146.573	-78.671	0.131	NA	NA	0.365	4.227	29.491	29.253	29.115	28.135	26.961	0.821
2025-08-09	-91.69	32.146	0	27.788	21.93	38.93	27.182	22.8	33.9	79.779	52.095	99.098	101.402	2.81	232.196	0.869	2.035	0.87	0	0.149	0.123	0.117	0.2	0.284	-673.178	-172.812	-92.377	0.122	NA	NA	0.342	4.216	29.401	29.252	29.183	28.2	27	0.819
2025-08-10	-91.69	32.146	0	27.67	20.24	38.92	27.134	21	33	77.246	49.14	99.638	101.448	2.698	267.804	0.908	2.182	0.991	0	0.146	0.12	0.114	0.196	0.283	-752.964	-201.675	-114.499	NA	NA	NA	0.331	4.2	28.907	28.797	28.824	28.124	27	0.811
2025-08-11	-91.69	32.146	0	28.368	22.45	38	27.858	23.4	33.6	79.2	53.219	96.603	101.327	2.91	226.273	0.905	2.08	0.92	0	0.143	0.117	0.11	0.192	0.281	-836.857	-241.969	-151.931	NA	NA	NA	0.324	4.174	29.115	28.927	28.875	28.059	27	0.808
2025-08-12	-91.69	32.146	4.354	28.542	22.31	43.09	27.226	22.4	35.3	83.689	52.986	99.641	101.203	2.959	229.535	0.841	1.989	0.748	0.001	0.142	0.117	0.108	0.188	0.279	-901.483	-292.296	-204.076	NA	NA	NA	0.319	4.159	29.352	29.098	28.97	28.049	26.959	0.797
2025-08-13	-91.69	32.146	0.034	28.429	21.78	40.7	27.227	21.9	35.1	84.735	54.999	100	101.179	3.007	244.051	0.79	1.932	0.699	0	0.145	0.12	0.107	0.186	0.278	-885.078	-336.49	-249.613	NA	NA	NA	0.317	4.148	29.342	29.086	28.982	28.068	26.9	0.805
2025-08-14	-91.69	32.146	1.923	27.297	22.97	38.11	26.152	23	32.5	90.046	69.514	99.961	101.346	3.043	187.815	0.944	2.222	0.384	0.001	0.146	0.117	0.106	0.184	0.276	-864.627	-376.564	-294.789	0.114	NA	NA	0.317	4.133	29.153	29.079	29.085	28.144	26.935	0.814
2025-08-15	-91.69	32.146	0.034	28.714	21.5	41.54	27.022	21.6	35.3	83.297	51.709	100	101.639	2.9	272.367	1.001	2.402	0.79	0	0.144	0.115	0.106	0.183	0.275	-865.013	-412.424	-343.454	NA	NA	NA	0.316	4.129	29.233	28.949	28.841	28.057	27	0.803
2025-08-16	-91.69	32.146	0	29.395	21.63	42.24	28.16	22.2	35.4	81.888	53.455	99.48	101.635	3.059	241.239	0.724	1.844	0.874	0	0.14	0.113	0.104	0.181	0.272	-960.895	-493.996	-429.489	NA	NA	NA	0.313	4.095	29.734	29.41	29.198	28.126	27	0.784
2025-08-17	-91.69	32.146	0	29.245	22.64	43.6	28.428	23.8	36.7	78.967	48.777	99.271	101.361	2.986	220.629	0.696	1.821	0.99	0	0.138	0.111	0.103	0.179	0.27	-1035.951	-581.044	-530.516	NA	NA	NA	0.31	4.076	29.917	29.644	29.433	28.246	27	0.773
2025-08-18	-91.69	32.146	2.859	28.78	22.07	44.34	27.311	22.5	36.7	82.214	49.36	99.513	101.278	2.891	218.431	0.747	1.961	0.897	0.001	0.137	0.11	0.102	0.177	0.267	-1095.464	-659.795	-627.411	NA	NA	NA	0.306	4.073	29.571	29.378	29.284	28.299	27	0.758
2025-08-19	-91.69	32.146	0.034	29.53	21.27	42.31	28.341	21.6	36.1	79.235	49.967	100	101.289	2.949	263.532	0.688	1.956	1.068	0	0.137	0.109	0.101	0.176	0.265	-1119.151	-716.379	-705.866	NA	NA	NA	0.303	4.062	29.67	29.335	29.156	28.246	27	0.772
2025-08-20	-91.69	32.146	45.603	29.092	21.8	43.68	27.024	21.6	34.6	79.721	52.531	99.811	101.131	2.79	258.294	0.869	2.596	0.891	0.001	0.177	0.147	0.153	0.197	0.263	-914.059	-624.519	-626.508	0.202	0.282	0.175	0.353	4.028	29.366	29.066	29.116	28.267	27.031	0.755
2025-08-21	-91.69	32.146	5.608	27.307	22.43	36.79	24.989	22.1	32.6	94.771	69.759	100	101.034	2.992	211.758	0.716	1.74	0.217	0	0.324	0.271	0.273	0.328	0.262	-14.199	-14.553	-4.002	0.207	0.277	0.231	0.696	4.032	28.461	28.354	28.501	28.076	27.1	0.793
2025-08-22	-91.69	32.146	0.34	27.609	21.93	36.95	26.33	22	32.7	81.118	52.323	100	101.179	2.719	277.21	0.63	1.751	0.783	0	0.308	0.255	0.243	0.351	0.262	-21.357	-29.168	-0.1	0.209	0.266	0.237	0.662	4.013	29.185	28.948	28.858	27.997	27.025	0.79
2025-08-23	-91.69	32.146	0	26.715	19.12	37.08	25.896	19.4	33.2	76.825	47.901	98.703	101.243	2.485	295.629	0.591	1.534	0.982	0	0.289	0.238	0.223	0.344	0.262	-30.794	-35.086	-0.1	0.193	0.245	0.213	0.658	3.989	28.774	28.719	28.81	28.052	27	0.786
2025-08-24	-91.69	32.146	0	26.177	18.21	36.69	25.758	19	33.2	75.391	48.124	98.713	101.302	2.416	287.757	0.603	1.557	1.036	0	0.272	0.223	0.209	0.335	0.262	-42.019	-39.594	-0.1	0.179	0.231	0.192	0.654	3.98	28.343	28.369	28.555	27.98	27	0.787
2025-08-25	-91.69	32.146	0	25.702	18.13	36.48	26.214	18.9	33.4	66.338	42.325	91.953	101.524	2.184	273.796	0.816	2.106	1.323	0	0.256	0.208	0.196	0.325	0.262	-57.536	-44.552	-1.212	0.167	0.22	0.183	0.645	3.97	28.012	28.084	28.341	27.852	27	0.787
2025-08-26	-91.69	32.146	0	25.536	19.52	36.11	24.858	20.4	30.6	70.085	53.802	84.905	101.852	2.173	242.143	0.917	2.697	1.021	0	0.239	0.196	0.185	0.316	0.261	-78.657	-50.308	-10.363	0.157	0.213	0.176	0.635	3.963	27.657	27.765	28.072	27.723	27	0.791
2025-08-27	-91.69	32.146	0	25.561	20.65	33.43	24.749	20.7	30.5	75.9	59.708	89.962	101.928	2.355	177.414	0.741	1.945	0.811	0	0.222	0.184	0.176	0.306	0.261	-103.862	-56.89	-15.24	0.15	0.206	0.17	0.624	3.959	27.391	27.493	27.821	27.557	26.915	0.798
2025-08-28	-91.69	32.146	10.391	25.515	21.15	36.94	24.45	21.1	31.7	90.409	66.464	100	101.54	2.76	147.664	1.191	2.954	0.355	0.001	0.216	0.191	0.184	0.297	0.261	-127.114	-61.614	-19.723	0.149	0.201	0.165	0.616	3.963	27.341	27.432	27.726	27.398	26.874	0.797
2025-08-29	-91.69	32.146	11.411	23.201	20.57	25.34	22.02	20.9	23.6	98.651	94.06	100	101.413	2.613	53.406	0.953	2.309	0.035	0	0.276	0.25	0.225	0.303	0.261	-135.453	-53.364	-20.258	0.18	0.22	0.208	0.613	3.973	26.004	26.361	27.038	27.221	26.8	NA
2025-08-30	-91.69	32.146	0	25.934	19.91	35.36	24.792	20.5	31.1	86.096	59.55	100	101.296	2.653	236.952	0.796	2.003	0.534	0	0.287	0.236	0.202	0.303	0.261	-125.784	-53.99	-21.067	0.193	0.225	0.221	0.617	3.951	26.872	26.697	26.831	26.821	26.716	0.801
2025-08-31	-91.69	32.146	0	25.161	19.1	35.22	24.664	19.6	31.2	81.888	51.917	100	101.426	2.475	218.002	0.811	1.847	0.717	0	0.271	0.22	0.188	0.296	0.261	-123.037	-59.802	-24.417	0.182	0.216	0.203	0.617	3.949	26.97	27.01	27.227	26.848	26.596	0.801
2025-09-01	-91.69	32.146	0	25.463	18.54	36.63	24.843	18.9	31.3	82.238	55.647	100	101.45	2.544	193.159	0.641	1.442	0.668	0	0.256	0.206	0.18	0.29	0.26	-126.926	-63.297	-27.315	0.172	0.208	0.19	0.613	3.947	26.933	26.941	27.174	26.855	26.5	0.797
2025-09-02	-91.69	32.146	0	26.395	21.76	36.64	25.314	22.2	30.8	82.361	63.438	94.866	101.343	2.64	220.224	1.072	2.479	0.622	0	0.243	0.195	0.173	0.284	0.26	-135.824	-67.583	-29.683	0.165	0.203	0.184	0.608	3.944	27.558	27.415	27.466	26.867	26.469	0.806
2025-09-03	-91.69	32.146	0	26.171	20.08	36.07	25.394	20.4	31.7	84.492	59.925	100	101.065	2.698	234.903	0.915	2.19	0.619	0	0.226	0.184	0.167	0.277	0.26	-152.025	-73.995	-31.79	0.159	0.195	0.179	0.602	3.946	27.547	27.429	27.523	26.953	26.4	0.804
2025-09-04	-91.69	32.146	0	26.342	19.29	36.52	25.853	20.2	32.6	82.514	55.038	100	100.914	2.686	262.584	0.949	2.141	0.747	0	0.208	0.172	0.161	0.271	0.26	-182.491	-82.405	-34.077	0.152	0.187	0.174	0.593	3.947	27.659	27.558	27.635	26.993	26.4	0.799
2025-09-05	-91.69	32.146	0	27.206	20.32	36.78	26.991	21.9	32.2	85.427	66.357	100	101.105	3.017	203.384	1.108	2.409	0.606	0	0.192	0.162	0.155	0.265	0.26	-224.232	-92.537	-36.6	0.147	0.184	0.171	0.582	3.945	27.914	27.738	27.778	27.072	26.4	0.796
2025-09-06	-91.69	32.146	5.612	23.589	18.58	30.11	22.526	18.4	26.2	89.867	74.464	100	101.543	2.462	138.53	0.845	2.569	0.293	0.001	0.196	0.182	0.159	0.259	0.26	-245.969	-92.604	-38.933	0.146	0.177	0.188	0.574	3.953	27.086	27.308	27.682	27.167	26.4	0.809
2025-09-07	-91.69	32.146	0	22.441	14.43	33.29	21.358	16.1	28.2	74.879	42.634	100	101.817	1.829	268.219	1.051	2.857	0.793	0	0.195	0.174	0.155	0.255	0.26	-250.784	-93.114	-41.652	0.144	0.177	0.181	0.565	3.943	25.703	26.059	26.648	26.836	26.4	0.787
2025-09-08	-91.69	32.146	0	20.638	11.91	33.97	20.471	13.8	29.3	69.729	41.086	90.854	101.744	1.615	280.219	0.898	2.348	0.919	0	0.182	0.158	0.149	0.249	0.26	-281.344	-104.778	-45.893	0.138	0.175	0.168	0.553	3.939	24.232	24.795	25.645	26.378	26.381	0.772
2025-09-09	-91.69	32.146	0	22.976	12.28	35.96	22.507	13.3	32.3	77.659	54.487	93.468	101.472	2.14	238.644	0.714	1.752	0.769	0	0.172	0.147	0.143	0.243	0.26	-342.164	-119.936	-52.146	0.133	0.17	NA	0.542	3.939	24.367	24.574	25.167	25.87	26.24	0.772
2025-09-10	-91.69	32.146	0	25.971	18.11	38.31	25.389	19.2	32.8	81.927	53.656	99.878	101.637	2.599	235.736	0.675	1.554	0.743	0	0.164	0.138	0.138	0.237	0.259	-435.106	-142.87	-59.214	0.131	NA	NA	0.532	3.942	26.318	26.092	26.085	25.783	26.052	0.764
2025-09-11	-91.69	32.146	0	26.267	18.25	39.36	25.586	19.1	33.5	80.122	49.527	99.66	101.752	2.548	233.949	0.682	1.652	0.863	0	0.157	0.131	0.133	0.231	0.259	-536.031	-170.958	-65.773	0.123	NA	NA	0.52	3.947	26.681	26.497	26.532	26.015	25.927	0.749
2025-09-12	-91.69	32.146	0	26.832	18.74	40.41	26.156	19.6	34.1	78.167	48.739	100	101.684	2.558	233.504	0.638	1.495	0.98	0	0.151	0.125	0.128	0.225	0.259	-650.983	-205.409	-71.96	0.116	NA	NA	0.506	3.949	26.998	26.822	26.833	26.185	25.9	0.733
2025-09-13	-91.69	32.146	0.102	27.205	17.81	39.46	27.105	19.2	35.4	69.845	36.358	96.521	101.466	2.393	219.683	0.748	1.903	1.334	0	0.146	0.12	0.123	0.22	0.259	-772.133	-257.897	-77.979	NA	NA	NA	0.493	3.95	27.361	27.198	27.171	26.355	25.9	0.724
2025-09-14	-91.69	32.146	0	25.172	15.8	40.62	24.788	17	33.7	74.959	41.139	99.676	101.334	2.232	227.543	0.733	1.654	1.071	0	0.142	0.116	0.119	0.214	0.259	-880.145	-325.444	-88.226	NA	NA	NA	0.476	3.951	26.299	26.396	26.711	26.409	25.938	0.703
2025-09-15	-91.69	32.146	0	26.226	17.35	40.04	25.73	18.7	34.3	75.136	42.184	100	101.529	2.376	216.062	0.712	1.741	1.098	0	0.139	0.113	0.116	0.208	0.259	-975.814	-402.443	-102.872	NA	NA	NA	0.458	3.952	26.468	26.426	26.626	26.292	26	0.693
2025-09-16	-91.69	32.146	13.633	26.438	19.24	41.38	24.681	18.7	34.4	81.022	49.459	99.356	101.614	2.45	211.009	1.099	2.762	0.77	0.001	0.155	0.13	0.125	0.208	0.258	-1060.829	-484	-119.548	0.121	0.129	0.148	0.455	3.962	26.791	26.701	26.855	26.312	25.905	0.679
2025-09-17	-91.69	32.146	0.374	26.434	18.62	37.86	25.434	18.9	34.1	81.149	45.822	100	101.428	2.546	251.828	0.712	1.729	0.852	0	0.202	0.173	0.152	0.225	0.258	-1063.793	-374.02	-129.969	0.129	0.152	0.157	0.511	3.97	26.773	26.58	26.73	26.303	25.9	0.718
2025-09-18	-91.69	32.146	0	26.204	18.89	38.27	25.689	19.9	33.4	75.208	42.285	99.967	101.391	2.37	246.744	0.927	2.083	1.06	0	0.176	0.147	0.136	0.218	0.258	-981.912	-344.449	-139.368	0.131	0.158	NA	0.502	3.946	27.017	26.91	26.995	26.362	25.9	0.708
2025-09-19	-91.69	32.146	0	26.217	17.02	43.1	24.927	17.8	33.9	76.606	40.814	100	101.461	2.31	252.726	0.928	2.257	1.017	0	0.16	0.133	0.128	0.212	0.258	-931.145	-371.744	-151.983	0.109	NA	NA	0.478	3.943	26.452	26.435	26.695	26.349	25.9	0.647
2025-09-20	-91.69	32.146	0	26.081	17.84	46.21	23.145	18.3	32.7	86.454	50.848	100	101.542	2.405	242.777	0.664	1.556	0.558	0	0.151	0.126	0.122	0.206	0.258	-912.541	-423.883	-166.322	0.082	NA	NA	0.459	3.939	26.82	25.695	26.811	26.31	25.9	0.539
2025-09-21	-91.69	32.146	0	27.71	18.39	45.63	25.236	19	33.1	78.432	45.785	98.981	101.345	2.454	237.098	1.18	2.631	0.863	0	0.146	0.121	0.118	0.202	0.257	-920.792	-489.352	-182.372	NA	NA	NA	0.446	3.935	27.283	27.062	27.077	26.379	25.9	0.485
2025-09-22	-91.69	32.146	0	20.277	18.91	25.25	21.049	19.6	23.3	95.516	89.922	99.993	101.206	2.384	18.771	0.647	1.372	0.112	0	0.143	0.118	0.114	0.199	0.257	-971.615	-554.777	-191.653	NA	NA	NA	0.436	3.937	27.301	26.231	27.156	26.466	25.9	NA
2025-09-23	-91.69	32.146	0	28.809	19.82	47.38	26.255	21	34.1	83.716	55.89	99.787	101.228	2.819	220.595	1.471	3.282	0.678	0	0.14	0.114	0.112	0.196	0.257	-1014.535	-613.812	-199.626	NA	NA	NA	0.428	3.93	27.849	27.505	27.41	26.524	25.951	0.44
2025-09-24	-91.69	32.146	0.357	26.976	23.3	35.95	25.378	23.6	27.1	91.993	79.235	97.204	101.308	2.978	109.292	1.139	2.641	0.266	0	0.139	0.113	0.111	0.194	0.257	-1066.053	-663.272	-211.31	NA	NA	NA	0.422	3.929	27.082	27.138	27.415	26.685	26	0.449
2025-09-25	-91.69	32.146	0.119	24.344	17.88	39.83	22.722	19.2	29.1	87.607	61.638	100	101.219	2.394	162.465	0.9	2.264	0.412	0	0.141	0.116	0.11	0.192	0.257	-1010.856	-642.912	-221.918	NA	NA	NA	0.419	3.94	25.692	25.92	26.448	26.47	26	0.487
2025-09-26	-91.69	32.146	0	24.005	14.65	42.59	21.945	15.4	29.9	79.223	49.754	100	101.115	2.03	196.527	0.685	1.731	0.711	0	0.14	0.114	0.11	0.191	0.257	-935.114	-628.504	-233.608	NA	NA	NA	0.416	3.918	24.927	25.189	25.797	26.106	25.994	0.457
2025-09-27	-91.69	32.146	0	24.312	12.59	45.48	21.681	14.2	31	73.078	40.825	100	101.234	1.799	249.883	0.737	1.842	0.961	0	0.139	0.113	0.11	0.191	0.256	-901.786	-637.468	-247.006	NA	NA	NA	0.413	3.915	24.75	24.906	25.435	25.772	25.891	0.439
2025-09-28	-91.69	32.146	0	24.422	11.42	46.36	21.734	12.8	31.5	71.789	42.403	99.753	101.502	1.778	243.167	0.931	2.295	1.024	0	0.137	0.112	0.109	0.19	0.256	-959.606	-667.35	-262.215	NA	NA	NA	0.41	3.91	24.584	24.705	25.235	25.531	25.761	0.428
2025-09-29	-91.69	32.146	0	25.327	15.42	43.53	23.893	16.8	33.1	70.805	45.37	91.723	101.494	2.033	190.534	0.862	2.073	1.085	0	0.136	0.111	0.108	0.189	0.256	-1043.876	-709.472	-279.268	NA	NA	NA	0.407	3.906	25.32	25.231	25.493	25.417	25.64	0.42
2025-09-30	-91.69	32.146	0	25.169	15.61	44.83	23.898	16.6	33	71.602	45.287	94.275	101.424	2.067	173.432	0.627	1.661	1.016	0	0.135	0.11	0.108	0.188	0.256	-1102.746	-748.536	-297.185	NA	NA	NA	0.404	3.905	25.433	25.359	25.606	25.427	25.529	0.414
2025-10-01	-91.69	32.146	0	23.334	14.79	44.1	22.345	16	33.3	79.627	43.859	100	101.391	2.082	146.767	0.588	1.41	0.757	0	0.134	0.109	0.107	0.187	0.255	-1157.363	-783.289	-314.433	NA	NA	NA	0.401	3.904	24.819	25.089	25.569	25.444	25.5	0.414
2025-10-02	-91.69	32.146	0	26.676	17.45	46.93	24.986	18.4	32.3	71.116	44.564	97.555	101.718	2.185	200.214	1.238	2.734	1.09	0	0.132	0.108	0.106	0.186	0.255	-1173.332	-819.957	-335.322	NA	NA	NA	0.398	3.902	26.051	25.853	25.922	25.454	25.407	0.398
2025-10-03	-91.69	32.146	0	24.553	14.58	42.16	22.927	15.9	30.4	65.889	39.836	94.1	101.865	1.765	235.227	1.345	3.309	1.136	0	0.131	0.107	0.106	0.185	0.255	-1210.245	-850.949	-354.966	NA	NA	NA	0.395	3.898	25.391	25.431	25.758	25.502	25.4	0.392
2025-10-04	-91.69	32.146	0	24.836	13.56	44.39	23.38	15.1	30.8	64.662	40.503	92.696	101.524	1.799	231.2	1.785	3.773	1.198	0	0.13	0.107	0.105	0.184	0.255	-1232.72	-868.4	-376.689	NA	NA	NA	0.392	3.895	24.984	25.033	25.424	25.376	25.4	0.385
2025-10-05	-91.69	32.146	0	26.134	16.02	45.66	24.219	18.4	30.2	71.314	58.755	89.673	101.228	2.167	165.558	2.051	4.805	0.934	0	0.129	0.106	0.105	0.183	0.255	-1242.303	-889.53	-399.508	NA	NA	NA	0.389	3.893	25.195	25.11	25.386	25.283	25.305	0.378
2025-10-06	-91.69	32.146	0.629	26.511	20.67	40.8	24.778	21.9	30.2	86.517	64.98	99.788	101.19	2.682	120.122	1.383	2.862	0.483	0	0.129	0.106	0.104	0.182	0.255	-1247.455	-912.429	-420.596	NA	NA	NA	0.388	3.901	26.181	25.974	26.003	25.385	25.3	0.409
2025-10-07	-91.69	32.146	0.783	25.308	19.16	44.29	24.115	20.6	30.5	90.616	67.4	99.975	101.492	2.711	105.306	0.803	1.845	0.335	0.001	0.129	0.106	0.104	0.182	0.254	-1265.573	-920.688	-440.731	NA	NA	NA	0.386	3.893	25.751	25.698	25.904	25.489	25.3	0.4
2025-10-08	-91.69	32.146	0.034	25.505	17.91	41.27	23.693	19.5	30	86.743	65.818	100	101.785	2.528	165.338	0.805	2.362	0.461	0	0.129	0.105	0.104	0.182	0.254	-1267.984	-921.371	-460.368	NA	NA	NA	0.385	3.895	25.542	25.473	25.69	25.436	25.3	0.392
2025-10-09	-91.69	32.146	0	24.347	11.67	45.08	22.302	15.7	29.8	69.847	35.841	99.921	102.023	1.815	221.214	1.005	2.806	0.97	0	0.128	0.105	0.104	0.181	0.254	-1272.285	-931.964	-481.483	NA	NA	NA	0.383	3.881	25.019	25.113	25.488	25.365	25.3	0.377
2025-10-10	-91.69	32.146	0	21.281	8.07	43.76	18.935	10.2	28.9	73.192	46.747	93.164	101.873	1.589	219.436	1.099	2.716	0.755	0	0.127	0.105	0.104	0.18	0.254	-1305.739	-931.406	-505.668	NA	NA	NA	0.381	3.879	23.326	23.756	24.558	25.113	25.219	0.325
2025-10-11	-91.69	32.146	0	22.569	10.93	44.95	20.064	12.2	29.5	71.942	38.564	100	101.405	1.6	213.445	0.935	2.229	0.912	0	0.127	0.104	0.103	0.18	0.254	-1316.289	-939.043	-533.454	NA	NA	NA	0.38	3.876	23.587	23.771	24.345	24.794	25.152	0.369
2025-10-12	-91.69	32.146	0	22.185	9.33	44.27	19.491	10.9	29.7	71.937	39.369	100	101.045	1.539	217.982	0.936	2.091	0.92	0	0.126	0.104	0.103	0.179	0.254	-1339.67	-956.186	-560.654	NA	NA	NA	0.377	3.872	23.326	23.53	24.126	24.598	25.045	0.361
2025-10-13	-91.69	32.146	0	22.556	9.92	44.87	20.158	11.3	31	70.462	36.27	99.984	101.349	1.553	214.426	0.895	1.987	1.03	0	0.125	0.103	0.103	0.178	0.253	-1357.659	-972.102	-589.335	NA	NA	NA	0.376	3.869	23.32	23.476	24.015	24.426	24.928	0.353
2025-10-14	-91.69	32.146	0	22.505	10.45	44.44	20.377	11.8	30.6	67.269	34.91	99.147	101.698	1.504	212.265	0.996	2.477	1.08	0	0.125	0.103	0.103	0.178	0.253	-1374.014	-990.184	-617.904	NA	NA	NA	0.374	3.865	23.294	23.458	23.981	24.319	24.824	0.347
2025-10-15	-91.69	32.146	0	22.277	9.33	44.18	20.665	12.6	30.5	66.941	38.605	91.734	101.536	1.55	213.188	0.937	2.219	1.057	0	0.124	0.103	0.102	0.177	0.253	-1391.345	-1003.227	-639.641	NA	NA	NA	0.373	3.86	23.127	23.286	23.828	24.213	24.722	0.338
2025-10-16	-91.69	32.146	0	23.312	10.69	45.43	21.186	11.9	32	70.576	39.412	99.74	101.262	1.68	206.453	0.982	2.133	1.068	0	0.124	0.103	0.102	0.177	0.253	-1397.835	-1018.761	-664.739	NA	NA	NA	0.372	3.857	23.515	23.517	23.903	24.135	24.645	0.347
2025-10-17	-91.69	32.146	0	24.737	13.6	44.98	22.583	15.1	31.6	72.504	43.2	95.885	101.134	1.915	198.843	1.038	2.31	1.005	0	0.123	0.102	0.102	0.176	0.252	-1397.62	-1040.154	-685.59	NA	NA	NA	0.371	3.855	24.245	24.077	24.273	24.169	24.578	0.347
2025-10-18	-91.69	32.146	30.685	25.595	14.23	43.56	23.765	16.8	31.4	82.467	54.13	99.648	100.963	2.39	181.26	2.363	4.766	0.651	0	0.157	0.131	0.133	0.182	0.252	-1135.67	-865.327	-605.315	0.209	0.308	0.238	0.392	3.861	24.554	24.366	24.576	24.327	24.5	0.336
2025-10-19	-91.69	32.146	0.51	21.591	10.55	35.66	19.173	10.4	24.4	78.4	41.791	100	101.544	1.723	204.14	1.09	2.648	0.554	0	0.262	0.201	0.192	0.208	0.252	-18.484	-57.623	-250.383	0.295	0.264	0.199	0.52	3.866	23.527	23.947	24.511	24.436	24.5	0.38
2025-10-20	-91.69	32.146	0	17.91	7.81	34.57	16.561	7.4	26.1	71.353	40.905	100	101.676	1.28	210.008	1.78	3.386	0.752	0	0.238	0.183	0.167	0.207	0.252	-25.261	-65.792	-256.894	0.259	0.242	0.182	0.523	3.857	20.002	20.927	22.343	23.967	24.5	0.366
2025-10-21	-91.69	32.146	1.617	18.077	10.27	28.47	17.762	11.1	23.7	87.389	53.044	99.924	101.582	1.788	89.688	0.926	2.029	0.286	0.001	0.224	0.173	0.157	0.204	0.252	-29.258	-68.916	-258.152	0.244	0.236	0.178	0.516	3.86	20.414	20.905	21.835	23.234	24.392	NA
2025-10-22	-91.69	32.146	0.017	16.51	5.97	35.07	14.992	6.4	25.6	71.034	32.039	100	101.915	1.117	206.034	1.081	2.352	0.734	0	0.215	0.167	0.151	0.202	0.252	-31.28	-69.929	-262.057	0.235	0.228	0.171	0.506	3.863	18.783	19.598	20.882	22.731	24.177	0.368
2025-10-23	-91.69	32.146	0	16.852	6.31	36.23	15.375	7	26.4	71.008	32.099	100	101.889	1.147	189.037	1.025	1.998	0.771	0	0.207	0.163	0.147	0.199	0.252	-33.404	-69.999	-271.222	0.227	0.223	NA	0.493	3.863	18.326	18.951	20.121	22.108	23.918	0.373
2025-10-24	-91.69	32.146	0	17.895	7.6	35.83	17.131	8.1	27.1	72.068	40.115	100	101.802	1.338	181.771	1.311	2.583	0.773	0	0.201	0.159	0.144	0.197	0.251	-36.069	-70.314	-281.861	0.22	0.223	NA	0.476	3.864	18.782	19.17	20.08	21.706	23.631	0.371
2025-10-25	-91.69	32.146	1.701	18.731	10.76	29.4	18.913	13.8	24.3	82.135	67.915	95.46	101.438	1.829	82.667	2.61	5.246	0.395	0.002	0.196	0.156	0.142	0.196	0.251	-38.931	-71.024	-292.836	0.216	0.224	NA	0.461	3.866	19.159	19.429	20.208	21.514	23.37	NA
2025-10-26	-91.69	32.146	62.608	19.711	14.9	27.65	18.784	15.6	23.3	94.828	76.594	100	101.147	2.056	103.161	1.206	2.733	0.124	0.001	0.43	0.425	0.396	0.301	0.319	-2.954	-5.035	-18.064	0.363	0.32	0.291	0.784	4.065	20.305	20.099	20.405	20.948	23.003	0.44
2025-10-27	-91.69	32.146	0	18.951	12.78	31.07	17.337	13.2	22.4	91.413	74.597	100	101.222	1.809	116.389	0.765	1.847	0.192	0	0.381	0.384	0.399	0.36	0.32	-0.1	-0.1	-0.1	0.325	0.298	0.31	0.7	4.18	20.262	20.371	20.898	21.462	22.92	0.403
2025-10-28	-91.69	32.146	6.634	19.987	12.48	31.81	17.476	13.3	23.1	92.911	74.822	100	101.13	1.852	131.126	1.441	3.504	0.175	0	0.355	0.32	0.349	0.364	0.315	-0.1	-0.1	-0.1	0.304	0.295	0.255	0.685	4.244	19.985	20.171	20.762	21.484	22.819	0.394
2025-10-29	-91.69	32.146	0	13.871	9.25	19.9	12.929	10.2	15.7	71.643	57.542	97.268	101.222	1.072	93.621	2.697	8.058	0.422	0	0.356	0.318	0.351	0.367	0.313	-0.1	-0.1	-0.1	0.286	0.305	0.248	0.685	4.256	17.78	18.837	20.146	21.402	22.74	NA
2025-10-30	-91.69	32.146	0	14.151	6.37	29.88	11.97	6.5	18.4	77.08	50.871	99.927	101.567	1.057	187.463	1.15	2.778	0.386	0	0.349	0.306	0.338	0.37	0.31	-0.1	-0.1	-0.1	0.271	0.295	0.235	0.686	4.266	16.663	17.366	18.552	20.67	22.621	0.392
2025-10-31	-91.69	32.146	0	13.043	4.33	29.32	10.969	3.8	20.5	78.698	43.493	100	101.75	1.005	185.443	0.877	1.823	0.393	0	0.345	0.3	0.333	0.371	0.308	-0.1	-0.1	-0.1	0.265	0.288	0.231	0.67	4.278	15.903	16.663	17.882	20.021	22.378	0.399
2025-11-01	-91.69	32.146	0	13.512	4.85	29.39	10.67	4.7	19.3	84.165	56.745	100	101.782	1.076	173.215	0.901	1.836	0.292	0	0.342	0.297	0.33	0.371	0.307	-0.1	-0.1	-0.1	0.26	0.286	0.228	0.662	4.283	15.683	15.867	17.441	19.499	22.13	0.402
2025-11-02	-91.69	32.146	NA	NA	NA	NA	NA	NA	NA	NA	NA	NA	NA	NA	NA	NA	NA	NA	NA	0.34	NA	0.328	0.369	NA	-0.1	-0.1	-0.1	0.256	NA	0.227	0.664	NA	14.562	NA	17.61	19.31	NA	NA
2025-11-03	-91.69	32.146	0	11.617	1.82	27.96	9.646	1.4	20.3	77.358	43.043	100	102.517	0.899	182.762	0.914	1.859	0.404	0	0.336	0.289	0.324	0.369	0.303	-0.1	-0.1	-0.1	0.25	0.281	0.221	0.663	4.286	14.427	15.214	16.438	18.701	21.482	0.39
2025-11-04	-91.69	32.146	0	12.96	3.37	29.8	12.318	3.3	22.8	74.024	38.473	100	102.398	1.013	181.29	1.059	2.133	0.544	0	0.333	0.285	0.321	0.368	0.302	-0.998	-0.1	-0.1	0.248	0.281	0.219	0.66	4.282	14.769	15.296	16.284	18.295	21.188	0.397
2025-11-05	-91.69	32.146	0	14.974	5.36	31.7	14.506	5.6	24.7	83.673	57.173	99.771	102.059	1.399	169.037	1.161	2.426	0.379	0	0.329	0.281	0.318	0.368	0.3	-7.432	-0.259	-0.1	0.246	0.279	0.216	0.661	4.282	15.625	15.835	16.521	18.105	20.903	0.415
2025-11-06	-91.69	32.146	0.051	17.472	8.08	34	16.921	8.8	25.2	85.374	60.486	100	101.622	1.65	158.584	0.938	2.004	0.388	0	0.326	0.277	0.315	0.367	0.299	-11.032	-4.111	-0.1	0.244	0.279	0.213	0.661	4.288	16.908	16.845	17.231	18.186	20.673	0.414
2025-11-07	-91.69	32.146	0	20.69	12.83	32.32	20.471	14.8	26.8	85.737	63.773	99.02	100.876	2.048	123.179	1.52	3.04	0.405	0	0.322	0.273	0.313	0.366	0.298	-12.528	-9.303	-0.1	0.244	0.28	0.213	0.663	4.285	18.94	18.518	18.495	18.551	20.523	0.419
2025-11-08	-91.69	32.146	0	20.811	14.13	34.03	20.096	15.3	27	89.804	70.196	100	100.867	2.108	147.508	1.148	2.311	0.305	0	0.319	0.269	0.311	0.366	0.298	-14.16	-11.125	-0.1	0.241	0.279	0.21	0.664	4.287	19.769	19.43	19.41	19.126	20.5	0.44
2025-11-09	-91.69	32.146	0.034	14.628	2.82	27.65	13.918	4.8	18.8	66.988	48.211	100	102.024	1.088	165.069	1.016	2.96	0.54	0	0.317	0.266	0.309	0.365	0.297	-15.653	-12.401	-0.1	0.234	0.272	0.206	0.663	4.28	18.025	18.574	19.296	19.546	20.571	0.429
2025-11-10	-91.69	32.146	0	7.23	-1.28	20.9	4.735	-1	11	62.183	39.497	82.967	102.99	0.516	194.474	0.871	2.328	0.369	0	0.316	0.265	0.308	0.365	0.297	-16.391	-13.611	-0.1	0.223	0.26	0.199	0.66	4.274	13.689	15.362	17.047	19.195	20.676	0.417
2025-11-11	-91.69	32.146	0.017	7.827	-1.95	20.83	6.874	-2	15.3	64.824	39.075	92.397	102.592	0.621	166.536	1.936	3.823	0.452	0	0.314	0.263	0.307	0.364	0.296	-17.115	-14.578	-0.277	0.217	0.252	0.194	0.657	4.27	11.977	13.243	15.046	18.133	20.573	0.402
2025-11-12	-91.69	32.146	0	13.921	3.96	29.87	14.048	4.4	24.3	77.985	56.689	95.167	102.155	1.272	143.417	1.499	2.904	0.462	0	0.311	0.26	0.304	0.363	0.296	-18.326	-15.522	-3.841	0.218	0.252	0.192	0.656	4.27	13.982	14.2	15.046	17.299	20.283	0.397
2025-11-13	-91.69	32.146	0	16.855	8.73	32.77	17.341	10.1	25.9	84.28	57.587	100	102.095	1.657	127.151	0.913	1.892	0.416	0	0.307	0.256	0.301	0.363	0.295	-20.174	-16.741	-9.435	0.219	0.252	0.192	0.655	4.272	16.141	15.982	16.292	17.269	19.959	0.405
2025-11-14	-91.69	32.146	0.051	17.176	9.17	31.26	18.332	11.6	26.1	79.689	54.15	100	101.894	1.655	144.19	1.336	2.713	0.534	0	0.304	0.253	0.298	0.362	0.294	-21.758	-18.034	-10.698	0.218	0.25	0.19	0.657	4.276	16.937	16.84	17.131	17.639	19.754	0.408
2025-11-15	-91.69	32.146	0	17.446	9.44	30.21	18.434	11.4	26.2	81.057	56.434	99.449	101.374	1.705	136.193	1.924	3.691	0.496	0	0.302	0.251	0.295	0.361	0.294	-23.145	-19.278	-11.306	0.215	0.247	0.187	0.658	4.273	17.251	17.214	17.552	17.968	19.7	0.423
2025-11-16	-91.69	32.146	0.051	19.533	10.87	34.77	19.978	12.9	27.8	85.361	65.37	100	101.075	1.996	138.555	1.018	2.266	0.42	0	0.299	0.247	0.293	0.36	0.293	-24.692	-20.48	-11.926	0.214	0.246	0.185	0.657	4.275	18.394	18.065	18.144	18.216	19.7	0.415
2025-11-17	-91.69	32.146	0	20.732	14.16	31.71	21.276	16.2	27.1	80.61	57.913	99.786	101.287	2.017	134.65	1.71	3.355	0.561	0	0.296	0.244	0.29	0.359	0.293	-26.389	-21.754	-12.504	0.212	0.246	0.183	0.656	4.272	19.452	19.083	19.042	18.651	19.723	0.43
2025-11-18	-91.69	32.146	0	19.977	12.79	30	20.9	15.5	27.8	84.756	61.14	99.663	101.546	2.082	100.694	2.086	4.044	0.451	0	0.294	0.241	0.288	0.359	0.293	-27.716	-22.929	-13.05	0.209	0.243	0.18	0.656	4.272	19.478	19.288	19.408	19.083	19.833	0.434
2025-11-19	-91.69	32.146	0.017	20.606	14.33	32.12	20.971	16.9	27.6	89.03	63.959	100	101.854	2.197	98.22	1.048	2.184	0.332	0	0.292	0.239	0.285	0.358	0.293	-28.989	-23.998	-13.6	0.208	0.243	0.178	0.655	4.276	20.069	19.777	19.804	19.372	19.961	NA
2025-11-20	-91.69	32.146	0.051	19.688	14.24	31.29	20.016	15.7	25.3	90.012	71.676	100	101.636	2.104	87.147	1.227	2.459	0.262	0	0.29	0.236	0.283	0.357	0.293	-30.007	-24.992	-14.092	0.206	0.242	0.176	0.655	4.274	19.969	19.861	20.036	19.676	20.096	NA
2025-11-21	-91.69	32.146	0.136	21.701	16.13	32.65	22.194	17.7	28.8	86.585	63.279	99.638	101.301	2.297	93.284	1.342	2.684	0.422	0	0.288	0.234	0.28	0.356	0.293	-30.904	-25.883	-14.623	0.207	0.242	0.173	0.655	4.276	20.567	20.227	20.253	19.859	20.236	NA
2025-11-22	-91.69	32.146	0.017	19.486	9.09	31.49	20.453	12	27.6	75.247	40.823	99.924	101.675	1.766	128.083	1.245	3.003	0.709	0	0.286	0.232	0.278	0.356	0.292	-32.096	-26.799	-15.172	0.206	0.241	0.172	0.653	4.269	20.416	20.414	20.632	20.133	20.346	0.479
2025-11-23	-91.69	32.146	0	13.769	6.93	27.12	13.146	8	19.5	86.391	67.116	100	101.943	1.305	129.152	1.16	2.506	0.245	0	0.285	0.231	0.277	0.355	0.292	-32.131	-27.608	-15.746	0.199	0.236	0.165	0.652	4.266	17.703	18.404	19.389	20.09	20.472	0.475
2025-11-24	-91.69	32.146	6.451	15.2	6.19	29.83	13.678	6.2	23.5	90.542	65.576	100	101.435	1.446	101.834	1.132	2.529	0.207	0.003	0.285	0.233	0.278	0.354	0.292	-32.243	-28.155	-16.38	0.198	0.235	0.163	0.651	4.284	16.914	17.369	18.304	19.557	20.5	0.48
2025-11-25	-91.69	32.146	21.966	17.361	9.26	25.81	17.235	10.7	21.9	90.944	69.803	100	101.338	1.797	100.391	1.524	3.27	0.196	0	0.352	0.323	0.35	0.37	0.341	-0.992	-1.208	-0.746	0.288	0.284	0.267	0.67	4.385	18.551	18.476	18.782	19.178	20.404	0.533
2025-11-26	-91.69	32.146	0.408	11.104	2.73	22.96	10.955	2.8	16.6	74.261	34.561	100	102.369	0.974	144.325	1.116	2.605	0.376	0	0.344	0.301	0.333	0.372	0.347	-0.1	-0.1	-0.1	0.271	0.275	0.251	0.666	4.374	15.975	16.868	18.063	19.208	20.323	0.505
2025-11-27	-91.69	32.146	0	5.401	1.28	17.44	3.98	1.1	11.9	85.249	52.679	97.878	102.716	0.689	92.964	1.042	1.937	0.143	0	0.34	0.297	0.33	0.371	0.349	-0.1	-0.1	-0.1	0.264	0.269	0.24	0.665	4.326	13.318	14.207	16.165	18.528	20.3	NA
2025-11-28	-91.69	32.146	NA	NA	NA	NA	NA	NA	NA	NA	NA	NA	NA	NA	NA	NA	NA	NA	NA	0.338	NA	0.327	0.369	NA	-0.1	-0.1	-0.1	0.261	NA	0.233	0.666	NA	12.001	NA	14.804	17.624	NA	NA
2025-11-29	-91.69	32.146	2.958	9.634	2.54	14.38	9.599	5.2	15.7	80.567	66.689	91.371	102.011	1.006	33.039	1.445	2.933	0.223	0.001	0.339	0.29	0.326	0.368	0.35	-0.1	-0.1	-0.1	0.264	0.27	0.232	0.665	4.24	11.809	12.63	14.066	16.797	19.702	NA
2025-11-30	-91.69	32.146	16.442	9.293	5.44	13.44	7.107	4.5	14.4	89.891	77.733	100	102.294	0.933	35.774	1.415	3.721	0.094	0.001	0.363	0.338	0.364	0.372	0.35	-0.1	-0.1	-0.1	0.276	0.275	0.281	0.668	4.216	12.628	13.246	14.354	16.309	19.341	NA
2025-12-01	-91.69	32.146	6.755	6.749	4.9	9.13	4.282	2.7	5.1	89.013	79.415	98.406	101.865	0.738	17.078	1.263	2.87	0.092	0.001	0.365	0.336	0.371	0.374	0.35	-0.1	-0.1	-0.1	0.262	0.278	0.287	0.666	4.191	10.795	11.814	13.39	15.953	19.014	NA
2025-12-02	-91.69	32.146	0.085	6.015	3.55	11.73	2.946	1.6	5.4	88.023	76.307	98.067	101.827	0.663	53.567	1.141	2.564	0.094	0	0.368	0.362	0.408	0.376	0.351	-0.1	-0.1	-0.1	0.252	0.275	0.343	0.663	4.16	10.232	11.134	12.605	15.308	18.691	NA
2025-12-03	-91.69	32.146	0	7.582	3.03	15.56	4.502	0.6	8.4	84.244	72.643	96.279	101.901	0.715	89.871	1.106	2.518	0.146	0	0.36	0.322	0.355	0.376	0.351	-0.1	-0.1	-0.1	0.246	0.287	0.27	0.663	4.121	10.101	10.804	12.154	14.774	18.339	NA
2025-12-04	-91.69	32.146	21.711	8.11	5.35	12.41	5.729	2.9	8.5	97.714	82.551	100	101.869	0.901	34.004	1.474	3.365	0.022	0.001	0.435	0.435	0.377	0.377	0.349	-0.1	-0.1	-0.1	0.243	0.294	0.351	0.664	4.148	10.76	11.249	12.389	14.464	17.976	NA
2025-12-05	-91.69	32.146	0.017	6.83	4.93	10.12	3.941	2.3	5.3	96.566	91.187	100	101.739	0.783	35.321	0.953	1.892	0.029	0	0.405	0.437	0.38	0.378	0.347	-0.1	-0.1	-0.1	0.218	0.278	0.385	0.663	4.152	10.081	10.709	11.973	14.251	17.677	NA
2025-12-06	-91.69	32.146	0	9.227	3.91	18.11	7.74	4.9	13.4	90.333	69.272	99.899	101.415	0.951	113.39	1.124	2.411	0.122	0	0.367	0.337	0.375	0.378	0.345	-0.1	-0.1	-0.1	0.234	0.276	0.285	0.663	4.146	10.943	11.226	12.113	13.974	17.4	0.534
2025-12-07	-91.69	32.146	4.56	12.503	10.07	17.24	11.639	9.4	14.9	97.048	90.593	99.961	101.338	1.336	35.898	1.399	2.999	0.041	0.001	0.366	0.334	0.367	0.378	0.343	-0.1	-0.1	-0.1	0.236	0.28	0.303	0.664	4.166	12.3	12.223	12.777	14.016	17.155	NA
2025-12-08	-91.69	32.146	0	8.478	5.52	13.21	6.523	3.4	8.9	89.997	85.165	97.253	102.28	0.881	37.357	1.152	2.7	0.094	0	0.368	0.345	0.373	0.378	0.341	-0.1	-0.1	-0.1	0.235	0.278	0.333	0.667	4.169	11.771	12.282	13.166	14.265	16.981	NA
2025-12-09	-91.69	32.146	0	7.124	2.02	15.85	5.673	3	11.5	85.405	66.013	92.81	101.991	0.78	101.102	1.226	2.755	0.148	0	0.364	0.32	0.362	0.378	0.34	-0.1	-0.1	-0.1	0.228	0.289	0.273	0.668	4.172	10.565	11.202	12.399	14.167	16.898	0.551
2025-12-10	-91.69	32.146	0.017	7.954	0.81	21.35	9.261	2.4	19.5	82.375	50.921	100	101.436	0.976	110.058	1.49	3.048	0.27	0	0.36	0.314	0.355	0.378	0.338	-0.1	-0.1	-0.1	0.226	0.287	0.273	0.667	4.182	10.523	10.958	12.001	13.864	16.767	0.538
2025-12-11	-91.69	32.146	0	6.235	-0.95	18.37	7.141	-0.5	14.8	75.247	50.549	100	101.731	0.749	123.267	1.133	2.219	0.311	0	0.357	0.311	0.352	0.379	0.337	-0.1	-0.1	-0.1	0.226	0.283	0.271	0.668	4.19	9.736	10.422	11.674	13.637	16.619	0.529
2025-12-12	-91.69	32.146	0	11.626	1.86	27.49	12.349	3.5	22.8	86.145	69.102	97.722	101.532	1.286	108.378	0.863	1.77	0.255	0	0.353	0.307	0.349	0.379	0.336	-0.1	-0.1	-0.1	0.23	0.285	0.272	0.669	4.199	11.419	11.342	11.895	13.399	16.448	0.539
2025-12-13	-91.69	32.146	9.403	15.03	7.44	25.22	14.649	9	22.6	96.223	82.671	100	101.684	1.627	67.857	0.93	2.14	0.078	0.001	0.352	0.308	0.351	0.379	0.335	-0.1	-0.1	-0.1	0.236	0.288	0.276	0.671	4.224	13.637	13.227	13.281	13.676	16.283	NA
2025-12-14	-91.69	32.146	1.225	5.163	-3.19	10.81	2.429	-3.3	9.1	73.259	46.624	100	102.994	0.567	134.542	1.808	4.751	0.176	0	0.373	0.423	0.413	0.38	0.334	-0.1	-0.1	-0.1	0.232	0.233	0.332	0.677	4.224	11.194	12.374	13.44	14.195	16.205	0.552
2025-12-15	-91.69	32.146	NA	NA	NA	NA	NA	NA	NA	NA	NA	NA	NA	NA	NA	NA	NA	NA	NA	0.367	NA	0.38	0.38	NA	-0.1	-0.1	-0.1	0.22	NA	0.25	0.675	NA	7.369	NA	10.81	13.705	NA	NA
2025-12-17	-91.69	32.146	NA	NA	NA	NA	NA	NA	NA	NA	NA	NA	NA	NA	NA	NA	NA	NA	NA	0.36	0.307	0.346	0.381	0.33	-0.1	-0.1	-0.1	0.218	0.288	0.262	0.674	4.248	8.62	13.058	10.388	12.4	15.6	NA
2025-12-18	-91.69	32.146	0	16.208	3.93	25.31	18.965	8.9	23.3	72.519	51.918	95.258	100.894	1.677	111.002	3.252	6.776	0.571	0	0.355	0.305	0.341	0.381	0.33	-0.1	-0.1	-0.1	0.231	0.288	0.274	0.676	4.249	14.964	13.996	13.325	12.945	15.552	0.542
2025-12-19	-91.69	32.146	0	6.524	-0.42	18.89	8.031	1	15	60.692	38.291	81.028	101.94	0.635	129.026	0.932	2.041	0.48	0	0.355	0.304	0.339	0.381	0.329	-0.1	-0.1	-0.1	0.224	0.281	0.268	0.677	4.253	11.168	11.831	12.806	13.453	15.512	0.531
2025-12-20	-91.69	32.146	0	11.628	0.08	23.49	13.636	1.8	23.5	77.325	65.855	92.822	101.52	1.317	124.109	2.162	4.128	0.415	0	0.352	0.302	0.337	0.381	0.329	-0.1	-0.1	-0.1	0.226	0.281	0.267	0.676	4.26	11.13	11.167	11.911	13.313	15.6	0.529
2025-12-21	-91.69	32.146	0.051	16.114	11.61	21.35	16.157	13.8	18.9	88.35	72.654	100	102.058	1.641	58.579	1.259	3.054	0.203	0	0.349	0.299	0.334	0.381	0.328	-0.1	-0.1	-0.1	0.232	0.287	0.272	0.678	4.275	14.564	13.997	13.763	13.521	15.535	NA
2025-12-22	-91.69	32.146	0	17.856	13.7	26.49	17.86	14.1	23.4	92.511	80.295	100	102.269	1.912	87.968	1.54	3.057	0.171	0	0.347	0.296	0.332	0.381	0.327	-0.1	-0.1	-0.1	0.235	0.289	0.275	0.679	4.283	15.751	15.083	14.763	14.185	15.585	NA
2025-12-23	-91.69	32.146	0	19.273	16.8	25.73	18.777	17	22.6	93.807	81.723	96.969	102.389	2.034	82.407	2.086	4.073	0.138	0	0.344	0.294	0.329	0.381	0.327	-0.1	-0.1	-0.1	0.236	0.29	0.277	0.681	4.287	17.072	16.146	16.08	14.932	15.698	NA
2025-12-24	-91.69	32.146	0.17	14.381	9.15	24.8	15.448	11.1	23.2	94.141	76.312	100	102.367	1.673	72.971	0.986	1.823	0.127	0	0.344	0.293	0.328	0.381	0.326	-0.1	-0.1	-0.1	0.234	0.289	0.275	0.682	4.307	15.655	15.634	15.885	15.465	15.979	NA
2025-12-25	-91.69	32.146	0.238	14.744	9.86	22.04	15.832	10.8	20.4	96.83	90.667	100	102.011	1.759	42.709	1.214	2.208	0.058	0	0.344	0.292	0.327	0.38	0.326	-0.1	-0.1	-0.1	0.233	0.289	0.275	0.681	4.313	15.481	15.46	15.76	15.633	16.21	NA
2025-12-26	-91.69	32.146	0.085	19.303	12.46	26.76	20.387	15.8	25.6	89.502	72.886	100	101.437	2.134	93.106	2.712	5.029	0.293	0	0.342	0.29	0.326	0.38	0.326	-0.1	-0.1	-0.1	0.237	0.292	0.278	0.682	4.315	17.118	16.531	16.309	15.787	16.37	NA
2025-12-27	-91.69	32.146	0	19.794	15.67	24.89	20.925	18.8	24.2	89.223	75.962	97.203	101.369	2.205	46.524	1.822	3.465	0.276	0	0.339	0.288	0.324	0.38	0.325	-0.1	-0.1	-0.1	0.237	0.293	0.28	0.684	4.31	18.188	17.634	17.336	16.277	16.533	NA
2025-12-28	-91.69	32.146	0.919	20.157	12.82	27.65	21.645	11.8	27.3	82.127	57.422	98.479	101.307	2.107	103.109	2.945	5.608	0.521	0.001	0.338	0.286	0.323	0.38	0.325	-0.1	-0.1	-0.1	0.235	0.293	0.28	0.685	4.316	18.7	18.174	17.899	16.784	16.723	0.567
2025-12-29	-91.69	32.146	0.527	7.791	-0.23	15.58	6.335	0.8	13	53.787	42.051	85.661	102.606	0.533	127.372	1.708	4.209	0.444	0.001	0.34	0.287	0.324	0.38	0.325	-0.1	-0.1	-0.1	0.228	0.286	0.274	0.686	4.316	14.634	15.704	16.919	17.07	16.965	0.586
2025-12-30	-91.69	32.146	0	3.391	-3.17	13.81	1.826	-3.4	7.8	63.44	42.051	86.148	102.843	0.435	131.64	1.001	2.11	0.279	0	0.339	0.288	0.325	0.379	0.324	-0.6	-0.103	-0.1	0.222	0.279	0.268	0.684	4.315	10.879	12.25	14.175	16.322	17.124	0.567
2025-12-31	-91.69	32.146	0.034	5.394	-3.21	19.26	6.69	-3.3	18.1	63.649	33.125	94.835	102.173	0.585	131.466	1.402	2.558	0.515	0	0.338	0.287	0.325	0.379	0.324	-6.767	-1.72	-0.1	0.219	0.273	0.265	0.683	4.317	9.836	10.808	12.514	15.202	17.061	0.561
