2025-07-11	-92.411	31.167	0	31.082	23.59	41.36	30.155	25.2	33.5	68.846	54.639	89.341	101.345	2.91	298.232	1.685	3.181	1.416	0	0.373	0.369	0.316	0.331	0.37	-47.69	-18.045	-16.302	2.402	2.599	2.83	2.389	2.306	31.823	30.657	28.939	27.819	26.19	0.684
2025-07-12	-92.411	31.167	0	29.457	23.17	42.54	27.601	24.1	33.8	78.843	51.575	97.355	101.452	2.857	290.791	1.536	3.044	0.886	0	0.369	0.367	0.316	0.33	0.371	-76.683	-16.061	-14.676	2.376	2.613	2.892	2.392	2.299	30.423	29.786	29.049	27.974	26.1	0.686
2025-07-13	-92.411	31.167	4.574	27.239	22.63	38.09	26.159	22.9	31.4	90.105	70.671	99.659	101.434	3.051	179.387	1.34	2.735	0.373	0.002	0.365	0.365	0.314	0.329	0.371	-128.003	-17.064	-15.429	2.259	2.593	2.89	2.386	2.301	29.273	29.093	29.032	28.172	26.141	0.707
2025-07-14	-92.411	31.167	1.174	28.036	21.55	42.39	26.379	21.6	33.4	89.3	57.989	100	101.444	3.047	264.779	0.944	2.057	0.449	0	0.364	0.364	0.313	0.328	0.371	-110.371	-18.071	-15.977	2.276	2.597	2.876	2.379	2.306	29.644	29.19	28.752	28.042	26.2	0.72
2025-07-15	-92.411	31.167	0	30.161	21.87	41.72	28.423	22.4	34.3	79.034	46.657	100	101.372	2.968	336.611	0.982	2.162	1.002	0	0.363	0.362	0.311	0.327	0.371	-116.536	-19.398	-17.069	2.274	2.577	2.837	2.372	2.306	31.346	30.305	29.218	28.118	26.2	0.717
2025-07-16	-92.411	31.167	0	30.159	22.24	41.88	28.295	23	34.1	80.037	53.729	99.865	101.176	2.998	317.286	0.842	1.857	0.932	0	0.36	0.358	0.309	0.325	0.371	-204.803	-21.922	-19.068	2.244	2.525	2.764	2.361	2.304	32.35	31.19	29.993	28.461	26.257	0.726
2025-07-17	-92.411	31.167	15.657	27.397	23.34	40.88	26.059	23.1	34	91.028	63.279	100	101.123	3.048	185.122	1.133	2.691	0.38	0.002	0.358	0.364	0.309	0.323	0.37	-254.478	-24.603	-19.902	2.31	2.584	2.741	2.348	2.305	30.594	30.235	30.013	28.724	26.324	0.744
2025-07-18	-92.411	31.167	0	26.902	23.2	34.19	25.342	23	28.1	94.404	84.752	100	101.348	3.049	175.003	1.535	2.967	0.195	0	0.367	0.377	0.313	0.324	0.37	-80.792	-20.998	-15.981	2.656	2.776	2.835	2.345	2.305	28.888	28.805	28.985	28.514	26.408	0.755
2025-07-19	-92.411	31.167	0	29.342	22.35	39.9	27.655	22.7	33.4	84.62	59.252	100	101.535	3.086	308.752	1.654	3.18	0.693	0	0.364	0.37	0.313	0.324	0.371	-36.329	-18.4	-16.208	2.535	2.783	2.847	2.345	2.302	30.272	29.628	28.939	28.242	26.5	0.759
2025-07-20	-92.411	31.167	0	30.109	23.02	41.06	28.834	23.4	33.9	78.601	54.245	100	101.489	3.039	314.49	1.607	3.151	1.001	0	0.361	0.365	0.311	0.323	0.37	-57.89	-20.323	-18.451	2.361	2.688	2.827	2.345	2.301	31.922	30.914	29.753	28.442	26.5	0.765
2025-07-21	-92.411	31.167	0	29.953	21.49	41.45	28.709	22.4	34.6	77.17	53.488	99.727	101.36	2.962	321.465	1.224	2.496	1.074	0	0.357	0.36	0.309	0.322	0.37	-80.786	-24.015	-20.94	2.232	2.558	2.779	2.341	2.3	32.436	31.36	30.212	28.744	26.502	0.771
2025-07-22	-92.411	31.167	0	30.832	22.5	41.32	29.555	23.3	35.4	77.029	49.158	99.84	101.307	3.097	330.227	1.056	2.231	1.126	0	0.351	0.356	0.307	0.32	0.37	-108.7	-27.87	-23.493	2.111	2.487	2.727	2.329	2.295	33.191	31.957	30.624	28.997	26.6	0.778
2025-07-23	-92.411	31.167	0	30.687	23.44	41.18	29.599	24.7	35	77.633	54.277	97.168	101.365	3.152	299.819	0.933	2.092	1.062	0	0.344	0.35	0.304	0.318	0.369	-169.422	-32.596	-26.401	1.967	2.401	2.667	2.31	2.29	33.242	32.102	30.889	29.238	26.672	0.785
2025-07-24	-92.411	31.167	13.842	28.265	22.75	40.84	27.151	22.5	36.3	87.903	48.697	99.572	101.24	3.089	215.273	0.778	1.951	0.609	0.001	0.339	0.353	0.304	0.317	0.369	-293.026	-36.941	-27.911	1.99	2.463	2.653	2.288	2.283	31.673	31.133	30.702	29.367	26.767	0.804
2025-07-25	-92.411	31.167	9.808	27.801	23.96	38.47	26.226	23.8	32.3	94.248	68.259	100	101.083	3.193	196.485	1.205	2.658	0.244	0	0.346	0.369	0.309	0.317	0.368	-96.852	-34.059	-23.889	2.154	2.761	2.74	2.287	2.278	29.978	29.846	29.808	29.124	26.868	0.793
2025-07-26	-92.411	31.167	0.493	27.376	24.27	35.44	26.496	24.3	31.8	91.681	65.351	100	101.35	3.156	169.276	1.726	3.536	0.327	0	0.349	0.373	0.314	0.318	0.368	-16.573	-25.193	-18.061	2.261	2.863	2.809	2.297	2.276	29.48	29.337	29.337	28.868	26.9	0.802
2025-07-27	-92.411	31.167	0.374	28.657	21.95	40.09	27.534	22.4	34.4	84.485	56.997	100	101.692	3.052	261.388	0.904	1.972	0.713	0.01	0.348	0.368	0.313	0.318	0.368	-17.64	-22.706	-18.508	2.085	2.823	2.831	2.299	2.277	30.436	29.953	29.403	28.683	26.9	0.797
2025-07-28	-92.411	31.167	0	29.239	21.38	39.72	28.249	21.9	35.1	80.851	46.953	100	101.774	3.005	302.655	0.667	1.684	0.947	0	0.344	0.363	0.312	0.318	0.368	-45.631	-25.272	-21.201	1.913	2.639	2.809	2.298	2.277	31.278	30.553	29.768	28.782	26.9	0.794
2025-07-29	-92.411	31.167	0	23.443	23.01	24.22	24.188	23.6	25.2	97.865	95.611	99.862	101.59	2.954	0	0.237	0.513	0.066	0	0.341	0.36	0.31	0.317	0.368	-64.694	-27.8	-23.171	1.886	2.496	2.784	2.3	2.274	29.553	30.153	30.474	28.947	26.9	NA
2025-07-31	-92.411	31.167	0	28.281	22.92	37.99	26.554	22.6	32.5	84.4	62.632	100	101.274	2.877	270.467	1.423	3.004	0.677	0	0.35	0.376	0.319	0.319	0.367	-2.699	-11.393	-14.029	2.226	2.781	2.834	2.32	2.264	30.491	30.163	29.908	29.161	27.047	0.809
2025-08-01	-92.411	31.167	0	27.934	23.06	36.61	26.521	22.9	32	86.418	66.712	100	101.531	2.97	237.768	1.05	2.519	0.543	0	0.348	0.368	0.317	0.318	0.367	-21.164	-11.949	-15.776	1.999	2.682	2.835	2.314	2.267	30.135	29.948	29.764	29.044	27.1	0.808
2025-08-02	-92.411	31.167	2.587	26.607	23.15	37.57	25.225	23.2	32.2	91.324	66.982	98.748	101.522	2.917	188.843	0.887	2.224	0.329	0.003	0.344	0.363	0.314	0.317	0.367	-42.145	-15.558	-18.62	1.861	2.499	2.815	2.312	2.267	29.865	29.707	29.607	28.951	27.1	0.818
2025-08-03	-92.411	31.167	0.085	27.283	20.98	36.59	26.226	21.5	32	81.334	51.173	100	101.185	2.694	300.774	0.928	2.365	0.778	0	0.341	0.358	0.312	0.316	0.367	-43.141	-20.255	-21.367	1.834	2.388	2.783	2.309	2.266	29.932	29.569	29.279	28.776	27.1	0.813
2025-08-04	-92.411	31.167	0.017	26.356	18.73	36.55	25.522	19.6	32.2	78.203	48.267	99.732	101.137	2.463	316.4	0.804	1.977	0.908	0	0.334	0.351	0.308	0.316	0.367	-62.248	-26.736	-25.368	1.803	2.295	2.715	2.303	2.261	29.883	29.489	29.197	28.658	27.1	0.814
2025-08-05	-92.411	31.167	0	27.466	19.3	38.04	26.666	19.7	33.9	78.715	47.246	100	101.474	2.656	303.747	0.656	1.636	0.969	0	0.328	0.344	0.303	0.314	0.366	-88.988	-34.502	-29.543	1.798	2.224	2.625	2.294	2.254	30.29	29.694	29.212	28.562	27.1	0.814
2025-08-06	-92.411	31.167	0	28.357	21.74	39.19	27.541	22.1	34.1	81.045	57.619	100	101.726	2.931	256.405	0.823	1.813	0.837	0	0.321	0.336	0.298	0.313	0.365	-120.654	-41.681	-32.92	1.788	2.144	2.559	2.283	2.242	30.671	30.02	29.413	28.58	27.1	0.817
2025-08-07	-92.411	31.167	0	28.542	21.88	38.7	27.771	22.2	34	80.536	52.131	100	101.567	2.934	266.527	0.684	1.609	0.893	0	0.314	0.327	0.292	0.311	0.364	-170.938	-48.155	-35.859	1.785	2.02	2.496	2.265	2.226	30.995	30.241	29.535	28.626	27.053	0.819
2025-08-08	-92.411	31.167	0	28.221	21.28	38.1	27.666	21.8	33.6	79.749	54.65	99.881	101.226	2.892	255.734	0.908	2.076	0.902	0	0.307	0.319	0.285	0.309	0.363	-288.654	-56.873	-38.903	1.783	1.904	2.431	2.247	2.184	30.703	30.103	29.561	28.684	27	0.818
2025-08-09	-92.411	31.167	0	28.108	21.77	37.34	27.574	22	32.9	79.529	54.593	100	101.203	2.872	242.057	0.848	2.029	0.884	0	0.301	0.311	0.278	0.307	0.362	-437.202	-64.884	-41.94	1.785	1.828	2.38	2.228	2.139	30.634	29.999	29.501	28.681	27.049	0.816
2025-08-10	-92.411	31.167	0	27.439	20.77	37.47	26.86	21.5	32.8	80.905	53.605	100	101.246	2.797	269.512	0.983	2.212	0.817	0	0.296	0.303	0.273	0.306	0.361	-574.346	-72.216	-44.615	1.781	1.767	2.351	2.211	2.116	30.372	29.784	29.323	28.625	27.1	0.817
2025-08-11	-92.411	31.167	0	28.305	22.57	38.04	27.585	23	33.2	82.213	58.753	99.897	101.128	2.983	224.709	0.985	2.37	0.777	0	0.291	0.295	0.266	0.304	0.361	-746.758	-79.615	-47.485	1.78	1.723	2.327	2.192	2.095	30.364	29.764	29.281	28.568	27.1	0.822
2025-08-12	-92.411	31.167	0.068	28.809	22	39.09	27.923	22.3	34.1	79.815	57.937	99.098	101.05	2.955	248.977	0.963	2.257	0.89	0	0.288	0.288	0.26	0.303	0.36	-953.247	-86.966	-50.253	1.777	1.699	2.293	2.178	2.078	30.767	29.999	29.344	28.537	27.059	0.817
2025-08-13	-92.411	31.167	3.213	28.156	22.27	36.36	27.466	22.3	33.2	83.522	64.853	97.856	101.031	3.044	230.178	0.865	2.084	0.697	0	0.286	0.284	0.256	0.301	0.359	-1191.451	-94.767	-52.803	1.777	1.684	2.251	2.163	2.06	30.093	29.689	29.325	28.574	27	0.82
2025-08-14	-92.411	31.167	55.279	27.886	22.22	39.58	26.858	21.4	34.8	85.614	55.19	100	101.187	2.968	228.664	1.353	2.906	0.672	0.001	0.31	0.311	0.285	0.317	0.363	-981.548	-77.286	-42.258	1.935	1.889	2.305	2.142	2.06	29.494	29.085	28.846	28.359	27.049	0.814
2025-08-15	-92.411	31.167	0.153	26.713	22.05	37.74	25.637	22.2	33.5	91.207	65.416	100	101.479	2.988	217.666	1.144	2.511	0.374	0	0.387	0.388	0.366	0.374	0.378	-0.109	-0.19	-0.1	2.491	2.555	2.614	2.135	2.078	28.593	28.267	28.066	27.957	27.128	0.822
2025-08-16	-92.411	31.167	0.017	21.931	21.4	22.7	22.295	21.6	22.9	98.872	97.996	99.8	101.567	2.662	0	0.355	0.782	0.028	0	0.374	0.379	0.34	0.358	0.377	-3.062	-0.1	-0.1	2.503	2.616	2.691	2.053	2.088	29.296	27.776	28.325	28.007	27.024	NA
2025-08-17	-92.411	31.167	0	29.247	22.65	37.7	28.872	23.2	35.3	80.245	52.514	98.747	101.213	3.11	291.418	0.885	2.054	0.976	0	0.364	0.367	0.334	0.346	0.376	-17.61	-0.1	-0.1	2.357	2.485	2.729	2.071	2.016	30.242	29.669	28.804	28.135	26.941	0.814
2025-08-18	-92.411	31.167	20.775	28.263	23.42	38.37	27.635	22.8	35.5	85.089	54.651	99.439	101.119	3.096	230.376	0.909	2.06	0.694	0	0.361	0.363	0.336	0.345	0.376	-29.086	-0.1	-0.162	2.217	2.268	2.745	2.1	1.995	30.188	29.808	29.204	28.445	26.918	0.814
2025-08-19	-92.411	31.167	0.068	28.51	22.79	36.96	27.574	22.8	34.7	82.917	50.011	100	101.136	2.967	294.829	0.795	1.789	0.826	0	0.379	0.378	0.342	0.355	0.378	-2.994	-0.1	-0.1	2.439	2.635	2.815	2.192	2.053	29.955	29.528	28.989	28.48	27	0.815
2025-08-20	-92.411	31.167	1.514	28.751	23.43	36.85	27.902	23.3	34.2	81.157	58.018	98.846	100.938	3.005	286.641	1.095	2.599	0.836	0	0.367	0.368	0.334	0.347	0.376	-8.739	-0.1	-0.1	2.402	2.555	2.819	2.129	2.075	30.433	29.994	29.241	28.521	27	0.812
2025-08-21	-92.411	31.167	0.238	27.559	23.43	36.34	26.661	23.4	32.2	85.082	66.566	97.806	100.859	2.949	238.275	1.161	2.484	0.59	0	0.357	0.358	0.33	0.344	0.376	-28.343	-0.1	-0.1	2.246	2.341	2.822	2.141	2.081	29.951	29.705	29.271	28.628	27.046	0.817
2025-08-22	-92.411	31.167	0	26.252	22.65	36.31	25.706	23.3	31.8	89.301	61.872	97.594	100.979	2.934	157.364	1.141	2.269	0.399	0	0.347	0.347	0.326	0.341	0.376	-46.148	-0.1	-0.122	2.12	1.986	2.793	2.143	2.072	29.135	29.067	29.034	28.582	27.1	0.81
2025-08-23	-92.411	31.167	0	27.004	21.27	35.54	26.73	22.2	33.1	78.748	50.201	99.957	101.069	2.664	288.444	1.179	2.435	0.938	0	0.338	0.335	0.322	0.339	0.376	-61.582	-0.1	-2.647	2.036	1.553	2.756	2.132	2.065	29.042	28.802	28.643	28.375	27.1	0.804
2025-08-24	-92.411	31.167	0	26.227	19.5	35.23	26.21	20.6	32.6	75.864	46.873	98.672	101.136	2.479	292.895	1.056	2.226	1.024	0	0.327	0.318	0.316	0.335	0.375	-78.669	-0.1	-10.469	1.942	1.217	2.702	2.117	2.057	28.847	28.627	28.48	28.244	27.1	0.797
2025-08-25	-92.411	31.167	0	26.391	18.86	36.41	26.774	20	34	70.445	38.859	97.426	101.309	2.358	291.631	1.141	2.283	1.288	0	0.317	0.305	0.307	0.33	0.375	-96.518	-0.1	-14.178	1.873	1.085	2.62	2.103	2.05	28.977	28.669	28.372	28.109	27.1	0.798
2025-08-26	-92.411	31.167	0	27.04	19.51	36.65	26.778	20.3	33.2	71.989	49.999	93.91	101.583	2.485	272.128	1.302	2.743	1.134	0	0.309	0.296	0.299	0.326	0.374	-117.186	-0.1	-17.458	1.802	0.996	2.494	2.084	2.05	29.061	28.678	28.329	28.026	27.045	0.794
2025-08-27	-92.411	31.167	0	26.882	21.91	36.06	26.255	22.2	32.3	74.108	58.602	93.074	101.708	2.522	212.345	1.388	2.907	0.946	0	0.303	0.289	0.293	0.323	0.374	-141.08	-0.1	-20.355	1.743	0.948	2.374	2.062	2.049	28.866	28.552	28.308	27.993	27	0.788
2025-08-28	-92.411	31.167	18.835	27.547	20.83	36.54	26.743	21.2	32.2	85.001	62.279	99.656	101.355	2.958	246.354	1.574	3.089	0.63	0.001	0.3	0.289	0.29	0.32	0.373	-165.972	-0.1	-22.232	1.645	1.01	2.317	2.039	2.049	28.916	28.579	28.245	27.921	27	0.771
2025-08-29	-92.411	31.167	12.782	25.182	23.08	31.23	24.127	22.8	28.2	96.822	83.92	100	101.168	2.912	95.467	1.032	2.064	0.101	0.001	0.343	0.364	0.314	0.322	0.373	-53.071	-0.1	-14.278	2.27	2.587	2.656	2.071	2.05	27.636	27.678	27.999	27.863	26.901	NA
2025-08-30	-92.411	31.167	0	25.127	22.23	30.03	24.476	22.2	28.4	91.429	77.31	98.642	101.102	2.8	121.189	1.122	2.214	0.288	0	0.366	0.369	0.329	0.329	0.374	-0.118	-0.1	-0.616	2.575	2.654	2.805	2.117	2.074	27.342	27.326	27.606	27.613	26.9	0.778
2025-08-31	-92.411	31.167	0	25.864	20.58	33.41	25.49	21	30.4	84.806	61.184	99.148	101.221	2.728	219.27	1.164	2.256	0.584	0	0.359	0.363	0.325	0.33	0.375	-3.83	-0.1	-0.419	2.47	2.636	2.821	2.126	2.092	27.594	27.413	27.451	27.418	26.845	0.777
2025-09-01	-92.411	31.167	0	26.63	20.73	34.94	26.16	21.2	31.8	78.28	46.191	99.49	101.254	2.559	274.285	0.952	2.021	0.912	0	0.348	0.353	0.321	0.328	0.376	-17.718	-0.1	-2.554	2.303	2.453	2.811	2.13	2.101	28.035	27.764	27.557	27.384	26.8	0.782
2025-09-02	-92.411	31.167	0	26.679	20.27	35.58	26.242	20.5	32.4	77.941	51.529	99.833	101.161	2.583	274.577	0.938	1.978	0.911	0	0.338	0.336	0.316	0.326	0.376	-38.036	-0.1	-8.896	2.128	1.883	2.759	2.121	2.107	28.131	27.881	27.661	27.408	26.706	0.769
2025-09-03	-92.411	31.167	56.046	25.358	20.4	33.28	24.512	19.5	30.4	91.249	70.686	100	100.942	2.807	191.104	1.391	2.944	0.311	0.003	0.384	0.377	0.376	0.359	0.383	-13.667	-0.1	-3.172	2.381	2.477	2.716	2.216	2.149	27.053	26.95	27.133	27.121	26.7	0.772
2025-09-04	-92.411	31.167	0.068	27.106	20.8	35.21	26.718	21.2	33.5	82.904	53.335	100	100.781	2.839	275.756	1.118	2.26	0.767	0	0.398	0.395	0.399	0.374	0.386	-0.1	-0.1	-0.1	2.459	2.788	2.749	2.266	2.157	28.089	27.71	27.181	27.025	26.626	0.75
2025-09-05	-92.411	31.167	0	27.718	21.33	35.71	27.536	21.9	33.9	81.432	56.619	100	100.956	2.947	251.435	1.326	2.641	0.815	0	0.382	0.378	0.353	0.371	0.387	-0.11	-0.1	-0.1	2.468	2.699	2.736	2.248	2.137	28.441	28.091	27.602	27.196	26.6	0.759
2025-09-06	-92.411	31.167	0	25.762	20.77	32.86	25.08	21.2	29.8	85.395	70.417	99.238	101.303	2.709	217.659	1.661	3.385	0.498	0	0.372	0.369	0.341	0.366	0.386	-4.721	-0.1	-0.1	2.458	2.631	2.78	2.227	2.125	28.044	27.902	27.747	27.349	26.504	0.766
2025-09-07	-92.411	31.167	0	23.452	17.52	31.71	22.739	18.9	28.2	77.168	52.427	93.844	101.582	2.102	260.101	2.131	4.47	0.711	0	0.362	0.358	0.338	0.359	0.386	-19.659	-0.1	-0.1	2.36	2.417	2.78	2.15	2.12	26.734	26.77	27.246	27.241	26.5	0.758
2025-09-08	-92.411	31.167	0	21.21	13.37	31	21.42	14.7	28	69.502	47.488	90.154	101.547	1.724	284.402	1.473	3.051	0.909	0	0.349	0.344	0.336	0.355	0.385	-35.322	-0.1	-0.1	2.147	2.02	2.755	2.071	2.119	25.418	25.55	26.445	26.838	26.5	0.763
2025-09-09	-92.411	31.167	0	21.964	12.88	32.5	21.866	14	30.6	77.45	45.823	97.947	101.301	1.968	279.367	0.891	1.925	0.804	0	0.338	0.331	0.333	0.35	0.385	-49.785	-0.1	-0.1	2.039	1.507	2.712	2.068	2.121	24.919	24.975	25.812	26.322	26.449	0.754
2025-09-10	-92.411	31.167	0	25.342	17.88	35.49	24.962	18.5	32.1	82.392	55.729	100	101.459	2.556	255.255	0.916	1.922	0.728	0	0.33	0.317	0.329	0.347	0.384	-68.417	-0.1	-0.1	1.991	1.219	2.68	2.077	2.126	26.076	25.815	25.948	26.135	26.341	0.752
2025-09-11	-92.411	31.167	0	26.007	19.15	35.33	25.735	19.6	32.7	82.243	54.429	99.978	101.595	2.658	233.501	0.711	1.651	0.762	0	0.323	0.307	0.324	0.344	0.383	-86.58	-0.1	-0.1	1.951	1.065	2.635	2.084	2.137	26.56	26.321	26.266	26.226	26.219	0.745
2025-09-12	-92.411	31.167	0	26.224	19.23	35.97	26.147	19.8	33.5	79.107	49.917	99.787	101.536	2.59	248.194	0.715	1.606	0.925	0	0.316	0.301	0.32	0.34	0.382	-103.843	-0.1	-0.121	1.902	1.008	2.577	2.083	2.144	26.871	26.615	26.452	26.312	26.122	0.734
2025-09-13	-92.411	31.167	0	26.082	19.17	36.4	26.092	19.8	34.2	77.892	40.325	98.392	101.318	2.537	254.559	0.801	1.778	0.982	0	0.308	0.296	0.313	0.337	0.381	-121.94	-0.1	-3.269	1.855	0.947	2.505	2.075	2.146	26.874	26.658	26.542	26.39	26.1	0.74
2025-09-14	-92.411	31.167	0	25.298	17.4	35.42	25.227	18.1	32.9	78.182	47.888	99.945	101.159	2.428	238.879	1.065	2.136	0.909	0	0.301	0.29	0.307	0.333	0.381	-141.806	-0.1	-10.817	1.805	0.891	2.413	2.065	2.141	26.754	26.532	26.506	26.406	26.035	0.725
2025-09-15	-92.411	31.167	0	25.16	18.42	35.75	24.998	19	33	79.345	46.897	100	101.398	2.431	230.657	0.856	1.859	0.858	0	0.298	0.286	0.302	0.329	0.381	-162.89	-0.1	-13.588	1.729	0.834	2.336	2.05	2.131	26.486	26.328	26.419	26.384	26	0.724
2025-09-16	-92.411	31.167	0	25.669	18.97	35.73	25.493	19.5	33.5	78.247	49.087	99.829	101.486	2.471	235.992	0.963	2.176	0.923	0	0.295	0.281	0.298	0.326	0.38	-186.065	-0.1	-15.852	1.674	0.814	2.284	2.032	2.118	26.49	26.294	26.342	26.296	26	0.703
2025-09-17	-92.411	31.167	0	24.957	19.17	36.72	24.558	19.5	33.7	81.165	51.825	99.358	101.307	2.458	203.441	1.11	2.418	0.731	0	0.292	0.278	0.295	0.324	0.38	-210.171	-0.1	-18.004	1.619	0.808	2.239	2.013	2.111	26.445	26.289	26.349	26.285	26	0.72
2025-09-18	-92.411	31.167	0.017	24.959	17.84	35.45	24.89	18.2	33.3	74.632	39.352	100	101.254	2.228	254.373	1.01	2.111	1.071	0	0.29	0.274	0.293	0.322	0.38	-238.515	-0.1	-19.901	1.579	0.777	2.198	1.992	2.093	26.293	26.123	26.199	26.207	25.917	0.723
2025-09-19	-92.411	31.167	0	24.56	16.78	35.67	24.469	17.4	33	76.175	44.308	99.434	101.31	2.252	242.779	0.889	1.883	0.978	0	0.288	0.272	0.29	0.319	0.379	-270.789	-0.1	-22.392	1.529	0.754	2.162	1.968	2.075	25.953	25.829	26.039	26.114	25.9	0.708
2025-09-20	-92.411	31.167	0	24.983	17.37	35.7	24.857	18	32.9	78.155	49.069	98.822	101.334	2.39	227.201	0.883	1.848	0.885	0	0.286	0.27	0.289	0.318	0.379	-310.405	-0.1	-24.337	1.455	0.736	2.143	1.951	2.073	26.098	25.918	25.984	26	25.859	0.724
2025-09-21	-92.411	31.167	2.179	23.44	17.44	35.19	23.126	18	31.5	88.487	58.077	99.32	101.193	2.503	152.552	1.126	2.326	0.393	0.001	0.285	0.269	0.288	0.317	0.378	-356.241	-0.1	-25.01	1.395	0.722	2.127	1.939	2.073	25.667	25.628	25.918	25.966	25.8	0.71
2025-09-22	-92.411	31.167	18.718	25.003	19	34.39	24.244	19.2	31.7	91.099	64.974	100	101.005	2.745	199.499	1.284	2.604	0.357	0	0.289	0.285	0.289	0.317	0.378	-387.346	-0.1	-23.15	1.515	1.141	2.175	1.934	2.062	25.899	25.739	25.807	25.852	25.779	0.722
2025-09-23	-92.411	31.167	2.293	26.069	20.85	34.73	25.456	21.5	31.2	90.877	69.784	100	101.069	2.95	186.874	1.461	2.932	0.357	0	0.303	0.324	0.296	0.318	0.378	-36.999	-0.1	-17.095	2.018	2.321	2.365	1.965	2.049	26.485	26.211	26.008	25.89	25.7	0.731
2025-09-24	-92.411	31.167	11.629	25.883	22.07	35.37	25.223	21.9	31.9	93.302	66.249	100	101.15	2.985	132.114	1.624	3.236	0.264	0	0.326	0.339	0.305	0.318	0.379	-0.208	-0.1	-15.993	2.308	2.491	2.553	1.992	2.05	26.88	26.684	26.393	26.059	25.7	0.715
2025-09-25	-92.411	31.167	0.102	24.323	17.96	33.69	23.942	19	29.8	84.5	56.27	100	101.099	2.462	235.704	1.332	2.634	0.577	0	0.36	0.362	0.323	0.32	0.379	-0.104	-0.1	-11.776	2.621	2.644	2.776	2.027	2.049	25.921	25.936	26.192	26.111	25.7	0.686
2025-09-26	-92.411	31.167	0.051	22.454	16.18	32.48	22.26	17.4	29	81.194	50.566	99.994	100.962	2.129	233.864	1.215	2.547	0.63	0	0.349	0.352	0.319	0.32	0.38	-3.632	-0.1	-11.875	2.534	2.564	2.742	2.034	2.053	24.856	24.999	25.688	25.888	25.7	0.677
2025-09-27	-92.411	31.167	0	21.969	14.87	32.19	22.004	16	29.3	75.976	44.84	99.157	101.071	1.92	250.845	1.187	2.493	0.829	0	0.341	0.342	0.315	0.32	0.38	-15.446	-0.1	-12.766	2.422	2.369	2.721	2.034	2.056	24.129	24.31	25.157	25.537	25.655	0.657
2025-09-28	-92.411	31.167	0.017	21.455	12.95	32.76	21.698	14.7	29.6	76.219	45.155	98.622	101.333	1.9	250.046	1.137	2.359	0.825	0	0.333	0.33	0.312	0.319	0.38	-26.442	-0.1	-13.983	2.304	1.935	2.681	2.025	2.056	23.606	23.702	24.653	25.166	25.593	0.65
2025-09-29	-92.411	31.167	0	23.47	15.34	36.34	23.654	16.4	32.2	74.405	43.8	96.16	101.309	2.099	225.422	0.919	1.928	0.962	0	0.325	0.321	0.308	0.319	0.38	-39.361	-0.1	-15.27	2.176	1.538	2.63	2.017	2.054	24.041	23.986	24.521	24.926	25.483	0.659
2025-09-30	-92.411	31.167	0	23.499	16.61	35.08	23.854	17.9	31.4	77.397	47.857	95.882	101.244	2.234	175.378	0.859	1.792	0.818	0	0.32	0.314	0.305	0.318	0.38	-51.331	-0.1	-16.297	2.071	1.351	2.574	2.01	2.05	24.337	24.29	24.626	24.871	25.372	0.647
2025-10-01	-92.411	31.167	0.068	21.786	15.59	35.24	22.233	17.1	31.6	83.02	46.662	99.386	101.253	2.16	174.07	0.779	1.676	0.63	0	0.317	0.308	0.304	0.318	0.38	-62.081	-0.1	-16.986	2.014	1.22	2.527	2.003	2.048	23.793	23.934	24.53	24.859	25.281	0.63
2025-10-02	-92.411	31.167	0	24.393	17.77	35.58	24.107	18.7	31.2	83.112	60.372	99.159	101.508	2.47	198.02	0.98	2.134	0.624	0	0.314	0.304	0.302	0.318	0.379	-72.963	-0.1	-18.198	1.877	1.112	2.474	1.993	2.046	24.692	24.528	24.648	24.82	25.2	0.626
2025-10-03	-92.411	31.167	0.034	23.147	17.13	32.92	23.307	18.1	30	72.404	40.89	97.063	101.62	1.99	233.893	1.399	2.812	0.954	0	0.312	0.301	0.3	0.317	0.379	-83.028	-0.1	-19.137	1.848	1.154	2.427	1.985	2.045	24.328	24.332	24.693	24.875	25.105	0.608
2025-10-04	-92.411	31.167	0	22.812	14.86	33.36	22.997	16.3	30.1	73.095	48.887	94.571	101.28	2.013	228.224	1.639	3.266	0.898	0	0.309	0.297	0.299	0.317	0.378	-89.651	-0.1	-20.446	1.761	1.017	2.379	1.971	2.049	24.003	23.936	24.383	24.749	25.1	0.601
2025-10-05	-92.411	31.167	0	23.235	16.38	33.19	22.896	18	28.9	80.544	63.404	97.032	100.978	2.25	166.022	1.63	3.232	0.607	0	0.304	0.294	0.297	0.317	0.377	-95.085	-0.1	-21.376	1.68	0.974	2.35	1.96	2.052	24.092	23.951	24.305	24.627	25.004	0.591
2025-10-06	-92.411	31.167	0.34	26.3	20.81	35.44	25.378	21.4	31.2	86.403	62.547	99.905	101.02	2.765	201.817	0.948	2.034	0.526	0	0.304	0.291	0.297	0.316	0.376	-104.385	-0.1	-21.775	1.661	0.939	2.334	1.965	2.056	25.309	24.959	24.696	24.668	24.964	0.614
2025-10-07	-92.411	31.167	0.085	25.499	18.73	35.75	24.975	19.4	32.4	84.498	54.114	100	101.333	2.624	194.579	0.794	1.772	0.624	0	0.304	0.29	0.296	0.316	0.375	-115.581	-0.1	-22.613	1.647	0.925	2.313	1.959	2.054	25.416	25.183	25.031	24.867	24.9	0.621
2025-10-08	-92.411	31.167	0.102	25.314	19.45	35.17	25.051	21.1	31	83.536	62.436	99.79	101.561	2.624	188.442	1.525	3.369	0.615	0	0.303	0.289	0.295	0.316	0.374	-124.186	-0.1	-23.673	1.633	0.889	2.288	1.951	2.052	25.332	25.143	25.119	25.019	24.9	0.584
2025-10-09	-92.411	31.167	0	23.429	14.98	33.46	23.57	18.3	30.2	74.69	52.221	94.186	101.784	2.141	221.986	1.706	3.754	0.834	0	0.301	0.287	0.294	0.315	0.373	-132.647	-0.132	-25.015	1.598	0.874	2.257	1.939	2.047	24.877	24.81	25.044	25.046	24.9	0.573
2025-10-10	-92.411	31.167	0	20.538	11.21	37.6	20.216	13.5	28.3	68.842	44.598	90.69	101.686	1.604	229.655	1.226	2.762	0.862	0	0.292	0.286	0.293	0.315	0.372	-135.048	-0.255	-25.648	1.492	0.83	2.226	1.917	2.036	23.691	23.649	24.387	24.82	24.9	0.527
2025-10-11	-92.411	31.167	0	20.658	10.93	38.61	20.058	13.2	29.2	75.028	37.955	99.416	101.241	1.673	225.146	1.009	2.231	0.813	0	0.289	0.286	0.293	0.315	0.37	-136.685	-0.316	-25.409	1.376	0.802	2.211	1.9	2.015	23.384	23.289	23.995	24.482	24.9	0.512
2025-10-12	-92.411	31.167	0	20.353	9.76	39.1	19.606	11.9	28.9	75.168	43.485	99.9	100.898	1.64	223.866	0.852	1.898	0.794	0	0.293	0.284	0.293	0.315	0.37	-145.014	-0.367	-25.661	1.349	0.784	2.199	1.887	2.003	23.245	23.082	23.765	24.212	24.807	0.496
2025-10-13	-92.411	31.167	0	21.099	11.01	39.85	20.396	12.7	30.3	76.255	43.711	99.629	101.187	1.762	218.327	0.852	1.901	0.805	0	0.299	0.283	0.293	0.316	0.369	-156.085	-0.322	-26.082	1.319	0.766	2.184	1.874	1.986	23.316	23.078	23.614	24.007	24.718	0.49
2025-10-14	-92.411	31.167	0	20.765	10.55	38.37	20.677	13	30.2	71.566	35.975	99.516	101.508	1.643	216.839	1.021	2.249	0.959	0	0.297	0.281	0.293	0.315	0.368	-172.585	-0.277	-26.754	1.311	0.749	2.169	1.863	1.968	23.158	22.975	23.521	23.895	24.606	0.489
2025-10-15	-92.411	31.167	0	20.802	10.14	39.08	20.8	12.9	30.2	69.683	39.561	93.305	101.341	1.628	218.942	1.034	2.29	0.986	0	0.296	0.28	0.293	0.315	0.368	-190.707	-0.372	-27.755	1.302	0.73	2.157	1.851	1.954	23.094	22.848	23.348	23.73	24.496	0.488
2025-10-16	-92.411	31.167	0	21.635	10.76	40.17	21.242	12.8	31.1	73.836	42.175	99.276	101.093	1.78	212.389	1.079	2.201	0.937	0	0.294	0.279	0.293	0.315	0.367	-221.769	-0.502	-28.814	1.291	0.719	2.149	1.842	1.944	23.342	23.004	23.305	23.623	24.391	0.493
2025-10-17	-92.411	31.167	0	23.07	12.82	40.17	22.355	14.7	30.9	75.319	44.847	99.026	100.991	1.97	208.144	1.485	2.953	0.882	0	0.293	0.276	0.292	0.314	0.366	-272.314	-0.726	-29.885	1.279	0.712	2.142	1.837	1.931	23.907	23.49	23.482	23.628	24.289	0.495
2025-10-18	-92.411	31.167	2.383	23.582	14.22	39.99	22.903	15.9	30.8	87.049	65.065	99.601	100.826	2.441	151.124	1.997	3.908	0.449	0.001	0.292	0.281	0.292	0.314	0.365	-339.456	-1.001	-30.806	1.268	0.697	2.135	1.832	1.924	24.159	23.782	23.716	23.756	24.2	0.489
2025-10-19	-92.411	31.167	7.498	20.644	8.5	32.26	20.4	11.5	25.7	78.451	41.48	100	101.379	1.861	216.295	1.765	3.664	0.591	0.001	0.298	0.284	0.293	0.313	0.364	-202.477	-1.42	-30.094	1.285	0.758	2.161	1.843	1.909	23.236	23.405	23.868	23.878	24.137	0.532
2025-10-20	-92.411	31.167	0.017	17.816	5.64	35.4	17.747	7.8	27.8	71.379	38.168	100	101.527	1.376	215.517	2.016	3.811	0.829	0	0.298	0.285	0.293	0.314	0.364	-46.649	-0.525	-30.056	1.388	0.83	2.171	1.836	1.901	20.952	21.302	22.726	23.438	24.1	0.524
2025-10-21	-92.411	31.167	3.979	20.47	11.79	38	19.919	14	30.3	89.164	65.208	100	101.407	2.094	133.215	1.428	2.954	0.316	0	0.299	0.293	0.294	0.314	0.363	-40.019	-0.1	-30.014	1.494	1.085	2.216	1.833	1.891	21.895	21.878	22.527	23.062	24.046	0.532
2025-10-22	-92.411	31.167	0.051	15.787	6.39	31.76	16.534	9.8	24.9	71.944	34.054	99.711	101.743	1.266	216.238	1.337	2.589	0.713	0	0.301	0.299	0.294	0.314	0.363	-9.886	-0.1	-29.246	1.612	1.352	2.242	1.839	1.883	20.327	20.791	22.204	22.879	23.928	0.537
2025-10-23	-92.411	31.167	0.051	15.489	4.78	34.45	15.384	6.7	26.2	75.669	42.062	100	101.693	1.272	186.54	0.957	1.99	0.636	0	0.301	0.299	0.294	0.314	0.363	-15.267	-0.1	-29.791	1.622	1.331	2.227	1.834	1.875	19.357	19.676	21.255	22.266	23.802	0.533
2025-10-24	-92.411	31.167	0.034	18.8	6.84	35.43	18.424	8.8	26.9	75.508	50.05	99.91	101.582	1.566	187.33	2.009	3.757	0.7	0	0.302	0.3	0.294	0.314	0.363	-24.514	-0.1	-30.115	1.621	1.304	2.224	1.83	1.867	19.988	20.05	21.071	21.92	23.646	0.533
2025-10-25	-92.411	31.167	14.56	20.348	15.56	26.59	20.681	18.2	24.3	86.975	75.861	100	101.196	2.131	63.352	2.801	5.335	0.32	0.002	0.304	0.311	0.295	0.314	0.362	-17.366	-0.1	-28.881	1.829	2.039	2.248	1.834	1.857	20.927	20.836	21.438	21.934	23.452	NA
2025-10-26	-92.411	31.167	36.722	20.817	13.79	31.7	19.559	16.2	24.1	93.07	73.395	100	100.994	2.12	163.345	1.484	3.084	0.18	0	0.382	0.381	0.356	0.368	0.378	-0.1	-0.1	-1.125	2.521	2.586	2.555	2.153	2.064	21.813	21.627	21.771	21.874	23.18	0.572
2025-10-27	-92.411	31.167	0.17	18.577	11.93	30.39	17.8	14	23.4	91.597	72.424	100	101.033	1.865	142.443	1.185	2.364	0.199	0	0.369	0.361	0.338	0.356	0.377	-0.1	-0.1	-0.1	2.348	2.481	2.617	2.014	2.028	21.001	21.033	21.742	22.096	23.1	0.567
2025-10-28	-92.411	31.167	1.786	20.991	11.81	34.4	19.574	13.5	26.8	86.725	65.24	100	100.949	1.971	180.46	2.371	4.719	0.386	0	0.362	0.354	0.336	0.348	0.376	-0.1	-0.1	-0.1	2.332	2.485	2.614	1.931	1.972	21.347	21.184	21.631	22.03	23.025	0.562
2025-10-29	-92.411	31.167	0	14.802	9.26	23.12	14.39	11.4	17	61.812	49.182	82.313	101.246	1.012	169.007	4.806	9.635	0.634	0	0.359	0.352	0.334	0.345	0.377	-1.393	-0.1	-0.1	2.301	2.454	2.596	1.921	1.945	18.245	19.081	21.057	21.904	22.993	0.562
2025-10-30	-92.411	31.167	0	13.797	5.14	27.23	12.939	8	18.8	73.442	52.762	93.06	101.447	1.08	196.347	1.94	4.048	0.445	0	0.353	0.347	0.332	0.343	0.378	-11.562	-0.1	-0.1	2.208	2.362	2.581	1.909	1.934	17.346	17.834	19.786	21.087	22.894	0.57
2025-10-31	-92.411	31.167	0.034	12.015	2.57	28.66	11.61	4.4	20.4	79.632	45.05	100	101.568	1.063	196.184	0.811	1.65	0.386	0	0.349	0.343	0.331	0.341	0.377	-17.05	-0.1	-0.1	2.182	2.265	2.573	1.908	1.924	16.822	17.24	19.161	20.426	22.752	0.577
2025-11-01	-92.411	31.167	0.017	11.768	3.27	29.59	11.681	5	20.3	84.236	55.384	100	101.588	1.155	126.534	1	1.963	0.286	0	0.347	0.34	0.33	0.34	0.377	-21.633	-0.1	-0.1	2.152	2.158	2.566	1.903	1.922	16.565	16.906	18.707	19.957	22.536	0.574
2025-11-02	-92.411	31.167	0.034	4.514	3.4	5.64	7.841	6.6	9.1	93.928	91.362	96.013	101.727	0.998	0	0.627	1.103	0.065	0	0.345	0.338	0.33	0.339	0.377	-25.381	-0.1	-0.1	2.122	2.112	2.564	1.901	1.919	15.512	16.329	18.676	19.762	22.4	NA
2025-11-03	-92.411	31.167	0.034	10.195	0.15	27.84	10.415	2	20.5	76.244	39.094	100	102.3	0.926	195.971	1.019	2.033	0.441	0	0.341	0.335	0.328	0.337	0.377	-29.074	-0.1	-0.1	2.077	2.03	2.537	1.891	1.911	15.252	15.709	17.735	19.146	22.062	0.578
2025-11-04	-92.411	31.167	0.034	11.623	0.79	30.12	12.155	2.8	23	75.464	38.264	100	102.211	1.025	189.281	1.212	2.392	0.528	0	0.339	0.333	0.327	0.336	0.377	-34.64	-0.1	-0.1	2.013	1.968	2.527	1.885	1.906	15.451	15.72	17.445	18.783	21.825	0.581
2025-11-05	-92.411	31.167	0.051	14.842	4.82	32.56	14.891	6.4	24.7	85.738	61.479	100	101.876	1.478	168.872	0.957	1.996	0.342	0	0.338	0.332	0.326	0.335	0.377	-41.073	-0.1	-0.19	1.999	1.914	2.522	1.882	1.903	16.66	16.556	17.61	18.641	21.597	0.574
2025-11-06	-92.411	31.167	0.153	17.719	8.03	27.67	17.193	9.3	23.5	88.201	70.845	100	101.451	1.757	102.068	0.951	1.859	0.301	0	0.336	0.331	0.325	0.334	0.377	-45.842	-0.1	-0.392	1.986	1.875	2.519	1.883	1.901	17.869	17.589	18.123	18.824	21.374	0.596
2025-11-07	-92.411	31.167	0	21.772	13.68	34.54	21.606	17	27.4	82.543	59.67	99.552	100.726	2.107	152.682	1.779	3.376	0.518	0	0.336	0.33	0.324	0.334	0.377	-53.697	-0.1	-0.819	1.979	1.849	2.526	1.89	1.901	20.437	19.833	19.245	19.303	21.214	0.581
2025-11-08	-92.411	31.167	0.085	20.958	13.19	33.44	20.923	14.9	27.7	89.386	67.897	100	100.719	2.209	118.526	1.07	2.09	0.33	0	0.334	0.329	0.323	0.332	0.376	-61.634	-0.1	-1.888	1.961	1.809	2.512	1.893	1.896	20.546	20.127	19.881	19.858	21.1	0.597
2025-11-09	-92.411	31.167	0.017	15.939	6.27	26.19	16.188	8.4	20.2	62.787	40.454	98.179	101.824	1.189	175.899	3.193	6.595	0.685	0	0.332	0.327	0.322	0.331	0.376	-66.852	-0.1	-4.627	1.913	1.755	2.49	1.886	1.885	18.775	19.16	20.02	20.207	21.1	0.59
2025-11-10	-92.411	31.167	0	6.042	-3.1	19.56	5.746	-0.9	12.2	59.189	35.271	85.849	102.795	0.525	181.375	1.968	3.929	0.424	0	0.328	0.326	0.322	0.331	0.376	-52.101	-0.1	-9.057	1.855	1.677	2.44	1.864	1.879	14.808	15.7	18.265	19.526	21.179	0.6
2025-11-11	-92.411	31.167	0.034	8.023	-3.86	24.2	7.464	-2.7	16.9	69.247	38.87	96.396	102.414	0.696	176.421	2.396	4.516	0.438	0	0.326	0.325	0.321	0.33	0.376	-36.064	-0.1	-10.49	1.82	1.639	2.416	1.849	1.88	13.84	14.363	16.774	18.423	21.113	0.559
2025-11-12	-92.411	31.167	0	14.092	3.08	32.23	14.576	4.7	24	79.47	58.668	96.763	101.976	1.343	143.742	1.473	2.615	0.46	0	0.325	0.323	0.321	0.33	0.375	-43.26	-0.1	-10.84	1.813	1.629	2.421	1.841	1.879	15.732	15.625	16.732	17.943	20.929	0.551
2025-11-13	-92.411	31.167	0.017	17.089	7.96	36.77	17.36	9.9	26.2	81.274	55.759	100	101.935	1.599	162.676	1.148	2.176	0.501	0	0.324	0.322	0.32	0.329	0.375	-62.424	-0.1	-11.172	1.807	1.618	2.426	1.841	1.876	17.461	17.13	17.521	18.143	20.701	0.544
2025-11-14	-92.411	31.167	0.085	17.51	7.96	33.8	17.91	9.2	26	80.552	57.981	100	101.732	1.645	144.201	1.594	3.117	0.525	0	0.323	0.321	0.319	0.329	0.374	-74.047	-0.1	-11.53	1.79	1.597	2.419	1.841	1.877	17.857	17.622	18.005	18.48	20.53	0.547
2025-11-15	-92.411	31.167	0.119	18.384	8.66	32.4	18.745	11.1	26.8	80.538	54.817	100	101.257	1.712	153.909	1.942	3.531	0.553	0	0.322	0.32	0.319	0.328	0.374	-83.944	-0.1	-11.914	1.776	1.58	2.41	1.839	1.878	18.543	18.255	18.43	18.742	20.415	0.554
2025-11-16	-92.411	31.167	0.17	19.113	9.93	35.92	19.869	12.6	28	85.202	62.035	100	100.917	1.976	155.86	1.347	2.58	0.447	0	0.322	0.319	0.318	0.327	0.373	-91.894	-0.1	-12.362	1.762	1.564	2.4	1.836	1.878	19.07	18.728	18.781	19.019	20.4	0.543
2025-11-17	-92.411	31.167	0.136	19.824	12.15	33.51	19.793	14	27.2	87.023	63.042	100	101.117	1.994	116.235	1.445	2.709	0.381	0	0.321	0.318	0.318	0.327	0.373	-99.62	-0.1	-12.751	1.746	1.551	2.393	1.838	1.878	19.913	19.503	19.303	19.331	20.4	0.556
2025-11-18	-92.411	31.167	0.085	21.241	11.75	34.53	21.325	13.2	28.6	84.918	59.977	100	101.394	2.136	122.252	1.843	3.338	0.491	0	0.32	0.317	0.317	0.326	0.373	-107.075	-0.1	-13.118	1.734	1.539	2.383	1.837	1.877	20.372	19.938	19.689	19.638	20.4	0.553
2025-11-19	-92.411	31.167	0.119	21.424	14.26	34.53	21.642	15.8	28.8	86.761	61.289	100	101.678	2.233	130.928	1.042	2.019	0.42	0	0.318	0.317	0.316	0.326	0.372	-114.574	-0.1	-13.562	1.723	1.529	2.377	1.835	1.875	21.097	20.622	20.195	19.954	20.43	0.558
2025-11-20	-92.411	31.167	0.102	20.151	13.91	30.54	20.1	15.4	25.9	91.926	74.321	100	101.442	2.163	71.596	1.037	2.025	0.22	0	0.317	0.316	0.316	0.325	0.372	-122.315	-0.1	-13.852	1.703	1.517	2.367	1.833	1.876	20.805	20.541	20.446	20.277	20.508	NA
2025-11-21	-92.411	31.167	0.017	23.754	17.91	34.81	23.466	19.9	28.7	83.179	60.964	98.306	101.148	2.376	119.036	1.825	3.376	0.551	0	0.316	0.315	0.315	0.325	0.372	-129.501	-0.1	-14.136	1.689	1.498	2.364	1.833	1.877	21.916	21.331	20.756	20.462	20.6	0.569
2025-11-22	-92.411	31.167	1.902	19.548	9.86	28.43	21.02	14.5	25.2	79.331	53.923	98.74	101.529	1.984	83.974	1.528	2.826	0.537	0.001	0.316	0.314	0.314	0.324	0.372	-137.524	-0.1	-14.553	1.67	1.514	2.356	1.831	1.874	21.359	21.246	21.158	20.802	20.695	NA
2025-11-23	-92.411	31.167	0.017	14.322	6.01	27.88	14.604	8.1	21.8	83.331	61.28	99.933	101.712	1.382	138.48	1.298	2.612	0.33	0	0.314	0.313	0.314	0.324	0.372	-133.582	-0.1	-14.927	1.643	1.502	2.331	1.808	1.875	18.418	18.785	20.092	20.623	20.794	0.605
2025-11-24	-92.411	31.167	0.595	18.049	8.58	29.79	17.446	9.3	24.8	90.769	71.884	99.965	101.18	1.852	81.432	1.932	3.699	0.239	0	0.313	0.313	0.313	0.324	0.371	-123.847	-0.1	-15.301	1.634	1.552	2.324	1.795	1.872	18.68	18.615	19.484	20.13	20.889	NA
2025-11-25	-92.411	31.167	0.374	18.692	7.81	28.82	19.065	11.2	24.1	87.812	67.355	100	101.166	1.956	153.375	1.771	3.371	0.295	0.001	0.313	0.313	0.313	0.324	0.371	-131.185	-0.1	-15.473	1.629	1.566	2.332	1.804	1.87	20.097	19.959	20.029	20.153	20.84	0.612
2025-11-26	-92.411	31.167	0.153	11.651	0.42	24.32	12.845	4.7	18.7	69.024	38.22	95.58	102.13	1.032	146.758	2.355	4.489	0.484	0	0.312	0.313	0.313	0.323	0.371	-128.524	-0.1	-15.9	1.588	1.543	2.3	1.782	1.869	17.032	17.609	19.304	20.013	20.8	0.612
2025-11-27	-92.411	31.167	0	6.96	-1.13	22.59	8.142	1.5	15.9	60.79	37.914	92.325	102.537	0.636	157.776	1.303	2.558	0.501	0	0.31	0.313	0.312	0.323	0.371	-105.915	-0.1	-16.536	1.551	1.512	2.266	1.764	1.865	14.536	15.341	17.851	19.144	20.8	0.609
2025-11-28	-92.411	31.167	0	7.916	-2.1	23.04	8.421	-0.6	16.4	60.406	34.762	92.344	102.548	0.625	153.724	1.792	3.388	0.55	0	0.309	0.313	0.311	0.323	0.37	-95.396	-0.1	-17.099	1.54	1.492	2.25	1.751	1.863	13.509	14.201	16.643	18.217	20.676	0.603
2025-11-29	-92.411	31.167	0.544	12.558	1.78	22.11	12.981	5.8	19.2	69.316	57.333	83.233	101.771	1.089	70.105	2.621	4.786	0.475	0.001	0.308	0.312	0.311	0.323	0.37	-98.209	-0.1	-17.378	1.54	1.491	2.253	1.741	1.861	14.448	14.643	16.255	17.612	20.466	NA
2025-11-30	-92.411	31.167	32.311	10.245	6.31	15.65	9.549	5.2	16.7	90.851	76.913	99.771	101.921	1.114	20.749	3.398	6.459	0.112	0.001	0.363	0.358	0.337	0.351	0.373	-21.99	-0.1	-3.773	2.303	2.316	2.463	1.989	1.918	14.403	14.864	16.495	17.48	20.19	NA
2025-12-01	-92.411	31.167	11.842	7.513	5.75	11.27	6.172	4.7	7.9	91.115	81.215	99.561	101.542	0.864	24.262	2.415	4.671	0.083	0.001	0.376	0.368	0.345	0.355	0.375	-0.1	-0.1	-0.1	2.483	2.513	2.52	1.967	1.96	12.293	13.023	15.387	16.883	19.91	NA
2025-12-02	-92.411	31.167	0.068	4.917	-0.52	7.62	3.753	1.6	5	87.459	80.329	96.669	101.546	0.699	50.034	2.291	4.743	0.101	0	0.376	0.37	0.344	0.356	0.377	-0.1	-0.1	-0.1	2.436	2.468	2.524	2.014	2.015	10.882	11.784	14.347	16.107	19.634	NA
2025-12-03	-92.411	31.167	5.358	7.431	-1.54	15.45	5.71	0.5	9.8	84.483	70.155	96.647	101.599	0.78	88.571	1.589	2.903	0.159	0	0.367	0.358	0.34	0.351	0.378	-0.1	-0.1	-0.1	2.367	2.39	2.502	1.913	1.983	10.99	11.485	13.643	15.425	19.329	NA
2025-12-04	-92.411	31.167	33.861	8.434	5.24	10.97	7.229	4	8.7	98.974	94.436	100	101.492	1.011	18.611	2.945	5.397	0.01	0.001	0.403	0.399	0.402	0.377	0.387	-0.1	-0.1	-0.1	2.428	2.558	2.391	1.977	1.954	12.592	12.867	13.46	13.793	18.753	NA
2025-12-05	-92.411	31.167	0	6.231	4.78	8.5	4.68	3.6	6	97.289	93.037	100	101.461	0.831	25.351	1.401	2.79	0.023	0	0.398	0.401	0.409	0.38	0.389	-0.1	-0.1	-0.1	2.356	2.524	2.37	1.976	1.943	11.454	12.439	13.542	13.811	18.42	NA
2025-12-06	-92.411	31.167	0	10.169	5.17	20.36	9.234	5.3	15	89.962	70.485	100	101.177	1.05	119.341	1.707	3.163	0.141	0	0.387	0.383	0.397	0.378	0.389	-0.1	-0.1	-0.1	2.365	2.58	2.328	1.962	1.95	11.966	12.115	13.835	14.153	18.086	0.615
2025-12-07	-92.411	31.167	5.305	14.805	10.5	23.5	13.81	10.2	19.7	94.922	83.317	99.621	101.098	1.51	55.718	1.946	3.847	0.091	0.001	0.385	0.379	0.361	0.378	0.389	-0.1	-0.1	-0.1	2.336	2.524	2.461	1.951	1.951	14.144	13.743	14.271	14.777	17.844	NA
2025-12-08	-92.411	31.167	0.017	9.848	5.5	17.57	8.867	5	11.8	84.417	72.008	97.127	102.004	0.966	114.127	3.052	6.022	0.18	0	0.387	0.38	0.376	0.378	0.391	-0.1	-0.1	-0.1	2.296	2.536	2.396	1.982	1.956	13.279	13.586	14.873	15.232	17.721	0.606
2025-12-09	-92.411	31.167	0	7.653	0.95	18.52	6.775	3.6	13.2	82.298	60.824	91.232	101.786	0.81	118.044	1.797	3.291	0.195	0	0.38	0.373	0.353	0.377	0.391	-0.1	-0.1	-0.1	2.233	2.391	2.489	1.964	1.95	11.995	12.351	14.084	15.295	17.622	0.612
2025-12-10	-92.411	31.167	0.153	9.173	0.46	24.88	10.818	2.4	21.4	82.901	60.557	100	101.255	1.094	141.341	1.971	3.614	0.312	0	0.375	0.369	0.349	0.372	0.391	-0.1	-0.1	-0.1	2.22	2.363	2.493	1.974	1.95	11.884	12.08	13.606	15.059	17.585	0.605
2025-12-11	-92.411	31.167	0.068	7.324	-0.66	21.66	9.149	2	16.8	72.162	45.547	99.391	101.548	0.812	142.867	1.557	2.976	0.4	0	0.371	0.36	0.347	0.373	0.391	-0.1	-0.1	-0.1	2.182	2.372	2.479	1.929	1.949	11.289	11.691	13.452	14.646	17.482	0.611
2025-12-12	-92.411	31.167	0	13.643	2.53	28.78	14	5.3	23.2	86.848	68.672	99.869	101.313	1.442	103.009	0.944	1.812	0.264	0	0.368	0.357	0.345	0.366	0.391	-0.1	-0.1	-0.1	2.193	2.362	2.482	1.93	1.95	12.934	12.74	13.531	14.514	17.374	0.598
2025-12-13	-92.411	31.167	6.663	18.746	12.55	28.34	18.666	14.2	24.8	91.042	70.935	100	101.437	1.955	101.829	1.229	2.276	0.238	0.002	0.379	0.371	0.348	0.37	0.392	-0.1	-0.1	-0.1	2.381	2.515	2.557	1.953	1.961	16.346	15.546	14.878	15.042	17.279	0.608
2025-12-14	-92.411	31.167	10.851	6.248	-2.25	15.73	5.243	-1.7	16.2	76.875	55.811	99.843	102.574	0.747	113.465	4.043	7.994	0.176	0	0.404	0.401	0.407	0.382	0.395	-0.1	-0.1	-0.1	2.305	2.512	2.409	1.922	1.916	13.65	14.54	15.173	15.232	17.186	0.619
2025-12-15	-92.411	31.167	0	1.751	-4.31	14.03	0.62	-4.2	8.5	64.162	41.096	80.563	102.639	0.41	157.152	1.365	2.761	0.255	0	0.396	0.398	0.408	0.383	0.395	-0.1	-0.1	-0.1	2.335	2.446	2.364	1.918	1.913	8.69	10.5	13.584	13.946	17.177	0.596
2025-12-17	-92.411	31.167	0	7.999	6.19	10.25	8.469	6.8	9.9	91.025	87.224	94.558	101.564	1.012	0	0.851	1.479	0.097	0	0.385	0.377	0.36	0.383	0.395	-0.1	-0.1	-0.1	2.246	2.412	2.434	1.87	1.901	10.347	10.9	12.456	13.575	16.85	NA
2025-12-18	-92.411	31.167	0	19.422	7.59	27.79	20.621	13.2	24.4	72.487	45.578	97.857	100.777	1.835	142.625	3.944	7.504	0.636	0	0.383	0.374	0.353	0.382	0.394	-0.1	-0.1	-0.1	2.257	2.453	2.517	1.89	1.907	16.696	15.598	14.344	14.265	16.562	0.568
2025-12-19	-92.411	31.167	0	7.864	-0.23	21.35	9.711	3.7	16.5	58.432	37.336	83.468	101.744	0.687	144.3	1.341	2.617	0.557	0	0.377	0.371	0.35	0.376	0.395	-0.1	-0.1	-0.1	2.207	2.394	2.503	1.9	1.898	12.494	12.956	14.18	14.731	16.5	0.571
2025-12-20	-92.411	31.167	0.017	13.544	-0.46	27.22	14.482	1.8	24.4	83.024	69.023	96.271	101.328	1.494	126.451	2.518	4.617	0.353	0	0.373	0.363	0.348	0.378	0.394	-0.1	-0.1	-0.1	2.204	2.415	2.492	1.87	1.903	12.704	12.542	13.48	14.41	16.5	0.566
2025-12-21	-92.411	31.167	0.017	19.598	15.02	29.14	19.206	14.8	24.2	92.374	83.942	100	101.782	2.08	66.858	1.681	3.178	0.165	0	0.373	0.361	0.346	0.373	0.394	-0.1	-0.1	-0.1	2.232	2.444	2.523	1.887	1.906	16.986	16.104	15.033	14.862	16.5	NA
2025-12-22	-92.411	31.167	0	18.912	14	29.51	18.354	14.3	25	91.328	75.363	100	102.088	1.949	93.395	1.637	3.024	0.212	0	0.371	0.359	0.345	0.368	0.394	-0.1	-0.1	-0.1	2.236	2.44	2.534	1.911	1.911	17.379	16.746	16.032	15.621	16.508	NA
2025-12-23	-92.411	31.167	0	18.589	11.11	29.24	18.734	13.2	24.9	91.771	69.284	100	102.188	1.984	93.287	1.453	2.745	0.21	0	0.369	0.358	0.344	0.366	0.393	-0.211	-0.1	-0.1	2.249	2.445	2.546	1.918	1.916	18.261	17.658	16.85	16.244	16.628	NA
2025-12-24	-92.411	31.167	0.238	16.591	9.99	29.65	17.303	11.3	25.2	91.486	67.905	100	102.196	1.815	98.755	0.992	1.883	0.221	0	0.367	0.356	0.343	0.365	0.393	-1.422	-0.1	-0.1	2.251	2.44	2.54	1.854	1.922	17.359	17.045	16.903	16.63	16.775	NA
2025-12-25	-92.411	31.167	0.153	16.847	10.04	27.49	17.379	12.1	23.2	94.506	78.058	100	101.855	1.886	63.894	1.361	2.472	0.13	0	0.366	0.355	0.342	0.364	0.393	-4.5	-0.1	-0.1	2.244	2.439	2.546	1.84	1.926	17.497	17.181	17.037	16.819	16.951	NA
2025-12-26	-92.411	31.167	0.068	20.402	15.57	30.58	20.898	18.2	26.4	90.312	70.197	99.964	101.351	2.22	77.485	2.236	3.972	0.276	0	0.365	0.353	0.341	0.363	0.392	-7.938	-0.1	-0.1	2.256	2.443	2.558	1.845	1.93	18.413	17.859	17.346	17.032	17.099	NA
2025-12-27	-92.411	31.167	0.017	20.909	12.84	30.36	21.343	17.1	25.8	86.661	67.352	98.759	101.234	2.186	123.601	2.318	4.282	0.379	0	0.364	0.351	0.341	0.362	0.392	-11.91	-0.1	-0.1	2.253	2.433	2.57	1.85	1.933	19.24	18.677	17.95	17.389	17.241	0.596
2025-12-28	-92.411	31.167	0.051	21.605	16.82	30.57	22.159	18.6	26.9	85.577	63.427	96.818	101.178	2.265	93.664	2.915	5.34	0.429	0	0.361	0.349	0.34	0.361	0.391	-15.363	-0.1	-0.1	2.22	2.404	2.576	1.853	1.936	19.682	19.141	18.419	17.791	17.384	NA
2025-12-29	-92.411	31.167	2.299	9.143	3.74	16.54	8.552	4.5	16.6	50.539	40.003	96.869	102.344	0.595	110.936	3.967	7.942	0.537	0.002	0.359	0.349	0.339	0.36	0.391	-7.124	-0.1	-0.1	2.156	2.36	2.55	1.845	1.941	14.889	15.836	17.589	17.848	17.554	0.602
2025-12-30	-92.411	31.167	0	4.621	-3.72	16.13	4.022	-0.7	8.9	56.388	42.237	80.563	102.625	0.453	147.322	1.779	3.545	0.374	0	0.357	0.347	0.338	0.359	0.391	-16.758	-0.1	-0.1	2.041	2.286	2.515	1.83	1.944	11.428	12.415	15.182	16.673	17.696	0.61
2025-12-31	-92.411	31.167	0.017	5.83	-4.69	22.89	6.865	-4.1	17.8	64.21	34.315	95.894	102.043	0.606	145.901	1.665	2.939	0.507	0	0.355	0.345	0.338	0.359	0.391	-22.992	-0.1	-0.1	1.991	2.21	2.496	1.816	1.947	10.679	11.315	13.767	15.471	17.682	0.586
