2025-05-06	-90.377	30.504	37.811	23.295	17.61	33.41	21.986	18.1	25.8	89.9	76.191	100	101.238	2.395	116.629	1.721	4.201	0.272	0.003	0.159	NA	0.284	0.289	NA	-31.359	-28.072	-17.214	0.027	NA	0.081	0.113	NA	24.28	NA	24.216	24.034	NA	0.451
2025-05-07	-90.377	30.504	62.701	20.272	16.9	24.25	19.376	16.9	22.8	98.066	83.945	100	101.428	2.209	70.938	1.471	3.959	0.046	0.004	0.31	NA	0.312	0.301	NA	-0.204	-2.943	-5.367	0.072	NA	0.18	0.128	NA	22.314	NA	22.94	23.553	NA	NA
2025-05-08	-90.377	30.504	0	23.236	14.77	33.86	22.094	15	29.2	82.389	52.441	100	101.464	2.14	310.949	0.837	2.021	0.608	0	0.306	NA	0.301	0.302	NA	-0.238	-0.4	-0.662	0.063	NA	0.172	0.129	NA	23.939	NA	23.27	22.932	NA	0.533
2025-05-09	-90.377	30.504	44.37	20.408	17.6	21.86	19.274	17.5	21.1	99.361	95.551	100	101.279	2.225	31.781	0.941	2.474	0.013	0.003	0.311	NA	0.317	0.306	NA	-0.209	-0.336	-0.652	0.065	NA	0.227	0.137	NA	22.711	NA	23.355	23.574	NA	NA
2025-05-10	-90.377	30.504	0.017	20.638	15.74	28.42	19.24	16.5	23.3	89.069	72.933	100	101.131	1.978	190.309	2.274	5.009	0.268	0	0.313	NA	0.309	0.306	NA	-0.117	-0.249	-0.433	0.052	NA	0.233	0.143	NA	21.806	NA	22.034	22.595	NA	0.547
2025-05-11	-90.377	30.504	0	20.862	15.87	29.61	18.646	15	23.8	79.719	62.443	93.298	101.289	1.695	259.836	1.392	3.201	0.492	0	0.305	NA	0.297	0.302	NA	-0.283	-0.3	-0.625	0.05	NA	0.181	0.139	NA	22.261	NA	22.232	22.403	NA	0.541
2025-05-12	-90.377	30.504	0	20.122	14.37	28.47	18.828	14.4	24.3	84.122	60.696	99.756	101.123	1.799	220.797	1.15	2.476	0.416	0	0.294	NA	0.294	0.3	NA	-0.772	-0.365	-0.804	0.05	NA	0.16	0.139	NA	22.191	NA	22.34	22.509	NA	0.547
2025-05-13	-90.377	30.504	0	22.022	14.47	31.9	22.229	15	28.8	77.014	48.98	99.884	101.062	2.001	314.604	1.338	2.97	0.786	0	0.277	NA	0.293	0.299	NA	-2.657	-0.642	-1.003	0.052	NA	0.147	0.139	NA	23.049	NA	22.726	22.504	NA	0.555
2025-05-14	-90.377	30.504	0	24.096	19.16	31.89	25.143	21.2	29.9	76.381	44.728	96.894	100.973	2.371	315.598	1.996	4.657	0.869	0	0.249	NA	0.29	0.298	NA	-6.529	-1.669	-1.253	0.054	NA	0.136	0.139	NA	24.628	NA	24.023	23.173	NA	0.554
2025-05-15	-90.377	30.504	0	26.855	20.92	34.81	26.866	23	31.8	79.587	57.007	95.791	101.112	2.772	299.423	1.985	4.8	0.81	0	0.218	NA	0.288	0.297	NA	-10.454	-6.529	-1.56	0.054	NA	0.125	0.138	NA	26.28	NA	25.199	23.887	NA	0.552
2025-05-16	-90.377	30.504	0	27.883	22.33	37.8	27.14	23.8	31.4	82.511	60.924	96.783	101.257	2.929	285.773	1.765	4.437	0.7	0	0.197	NA	0.285	0.295	NA	-13.119	-11.019	-1.952	0.053	NA	0.119	0.137	NA	27.633	NA	26.468	24.824	NA	0.554
2025-05-17	-90.377	30.504	0	28.866	23.12	39	27.174	23.9	31.3	82.675	64.093	94.594	101.348	2.95	278.579	1.444	3.512	0.682	0	0.183	NA	0.283	0.295	NA	-15.415	-12.789	-2.439	0.051	NA	0.115	0.136	NA	28.751	NA	27.498	25.654	NA	0.554
2025-05-18	-90.377	30.504	0	27.782	21.58	40.11	26.103	21.9	31.1	84.721	60.077	100	101.282	2.826	252.664	1.279	2.966	0.604	0	0.175	NA	0.282	0.294	NA	-17.318	-14.377	-3.06	0.049	NA	0.111	0.135	NA	28.669	NA	27.79	26.264	NA	0.563
2025-05-19	-90.377	30.504	0	27.559	21.06	36.11	26.283	21.6	30.1	83.278	65.41	99.581	101.129	2.82	226.908	1.528	3.545	0.637	0	0.168	NA	0.281	0.293	NA	-18.902	-15.683	-3.748	0.047	NA	0.109	0.134	NA	28.517	NA	27.804	26.52	NA	0.575
2025-05-20	-90.377	30.504	0	29.236	22.03	40.4	27.701	23.3	31	78.829	61.847	95.177	100.99	2.898	262.492	1.743	4.389	0.846	0	0.164	NA	0.279	0.293	NA	-20.226	-16.76	-4.519	0.047	NA	0.107	0.133	NA	29.403	NA	28.321	26.759	NA	0.576
2025-05-21	-90.377	30.504	0.391	23.984	16.49	27.84	23.061	17.5	26	85.359	68.876	96.673	101.398	2.418	100.452	0.976	2.445	0.421	0	0.16	NA	0.281	0.292	NA	-22.018	-17.795	-5.253	0.042	NA	0.107	0.131	NA	27.05	NA	27.436	26.991	NA	0.589
2025-05-22	-90.377	30.504	0	25.745	15.02	39.87	22.917	15.4	30.1	79.346	49.657	99.825	101.572	2.156	305.205	1.017	2.321	0.772	0	0.159	NA	0.281	0.292	NA	-22.66	-18.426	-5.86	0.041	NA	0.104	0.13	NA	26.851	NA	26.182	25.796	NA	0.591
2025-05-23	-90.377	30.504	4.723	26.524	19.68	41.35	23.597	19.2	31.5	89.206	62.592	100	101.602	2.574	208.068	0.828	1.908	0.429	0.001	0.155	NA	0.28	0.292	NA	-23.975	-19.146	-6.289	0.043	NA	0.105	0.13	NA	28.052	NA	27.541	26.428	NA	0.59
2025-05-24	-90.377	30.504	0.068	26.849	19.11	39.53	25.09	18.5	31.7	86.559	65.03	100	101.671	2.747	260.512	0.94	2.165	0.533	0	0.158	NA	0.281	0.291	NA	-22.969	-19.339	-6.951	0.048	NA	0.103	0.13	NA	27.534	NA	26.989	26.316	NA	0.605
2025-05-25	-90.377	30.504	0	28.924	21.8	40.44	26.703	21.9	31.9	85.541	66.258	100	101.705	2.97	266.885	1.122	2.64	0.596	0	0.156	NA	0.279	0.291	NA	-23.245	-19.365	-7.466	0.049	NA	0.104	0.13	NA	29.373	NA	28.193	26.707	NA	0.598
2025-05-26	-90.377	30.504	1.736	27.659	21.89	39.56	25.207	21.7	32	87.088	61.971	98.42	101.482	2.784	233.434	1.535	3.815	0.463	0.001	0.153	NA	0.279	0.291	NA	-25	-20.021	-8.097	0.045	NA	0.103	0.129	NA	29.039	NA	28.549	27.334	NA	0.609
2025-05-27	-90.377	30.504	6.344	27.278	22.1	36.47	25.688	20.4	31.6	86.446	61.45	100	101.479	2.815	238.521	1	2.363	0.545	0.001	0.153	NA	0.28	0.291	NA	-25.285	-20.532	-8.951	0.05	NA	0.102	0.129	NA	28.254	NA	27.815	27.101	NA	0.642
2025-05-28	-90.377	30.504	13.909	26.245	21.18	38.09	24.207	20.4	31.1	90.287	65.33	100	101.652	2.711	200.494	0.997	2.301	0.373	0.001	0.155	NA	0.279	0.29	NA	-24.074	-20.283	-9.702	0.055	NA	0.101	0.129	NA	28.019	NA	27.795	27.082	NA	0.638
2025-05-29	-90.377	30.504	4.304	26.663	21.47	35.29	24.268	20.3	30.6	90.299	65.653	100	101.588	2.723	247.162	0.963	2.253	0.359	0	0.209	NA	0.281	0.29	NA	-13.268	-16.968	-10.159	0.082	NA	0.103	0.13	NA	27.354	NA	27.05	26.67	NA	0.674
2025-05-30	-90.377	30.504	0	27.018	20.94	35.31	25.679	20.3	30.8	82.619	59.099	100	101.43	2.686	254.834	1.21	2.822	0.675	0	0.201	NA	0.281	0.29	NA	-13.086	-14.598	-10.174	0.068	NA	0.107	0.131	NA	27.877	NA	27.476	26.782	NA	0.659
2025-05-31	-90.377	30.504	0	26.074	18.45	36.62	23.594	18.4	28.8	71.375	44.878	95.158	101.384	2.009	336.631	1.007	2.537	0.953	0	0.185	NA	0.28	0.29	NA	-15.293	-15.688	-10.195	0.059	NA	0.106	0.131	NA	28.186	NA	27.541	26.778	NA	0.664
2025-06-01	-90.377	30.504	0	25.524	16.71	36.17	23.181	16.2	29.2	76.61	49.948	99.689	101.298	2.1	277.809	0.789	1.799	0.837	0	0.174	NA	0.28	0.29	NA	-17.467	-17.035	-10.404	0.052	NA	0.104	0.131	NA	27.96	NA	27.538	26.886	NA	0.66
2025-06-02	-90.377	30.504	0	27.032	19.05	38.79	24.666	18.5	30.2	79.009	53.635	99.945	101.454	2.393	270.707	0.824	1.857	0.796	0	0.167	NA	0.279	0.29	NA	-19.344	-18.135	-10.702	0.048	NA	0.103	0.13	NA	28.784	NA	28.016	27.031	NA	0.658
2025-06-03	-90.377	30.504	0	27.239	18.88	38.17	24.871	18.6	30.4	79.723	58.448	100	101.452	2.453	289.163	1.261	2.889	0.777	0	0.161	NA	0.278	0.289	NA	-21.292	-19.089	-11.007	0.044	NA	0.102	0.13	NA	29.159	NA	28.384	27.316	NA	0.656
2025-06-04	-90.377	30.504	0	29.104	20.71	40.53	26.035	20.7	31.2	81.613	58.033	99.699	101.402	2.699	311.663	1.209	2.735	0.739	0	0.155	NA	0.277	0.289	NA	-23.511	-19.983	-11.406	0.039	NA	0.102	0.129	NA	30.331	NA	29.175	27.705	NA	0.637
2025-06-05	-90.377	30.504	0	29.568	21.09	42.17	26.849	20.9	32.7	81.975	56.376	100	101.5	2.844	257.067	0.788	1.764	0.768	0	0.15	NA	0.276	0.288	NA	-26.25	-21.094	-11.871	0.028	NA	0.102	0.129	NA	30.87	NA	29.849	28.301	NA	0.628
2025-06-06	-90.377	30.504	0	30.191	21.63	42.57	27.488	21.5	33.2	80.123	55.535	99.732	101.546	2.872	265.333	0.888	2.251	0.874	0	0.146	NA	0.275	0.288	NA	-29.274	-22.396	-12.391	NA	NA	0.101	0.129	NA	31.285	NA	30.21	28.635	NA	0.613
2025-06-07	-90.377	30.504	0.136	30.055	22.27	40.36	27.851	22.1	32	82.186	65.888	99.997	101.425	3.052	239.838	1.086	2.783	0.75	0	0.143	NA	0.274	0.287	NA	-32.849	-23.794	-12.947	NA	NA	0.099	0.129	NA	31.262	NA	30.394	28.968	NA	0.609
2025-06-08	-90.377	30.504	0.051	30.407	23.56	42.61	28.384	24.5	33.9	81.712	56.26	97.587	101.253	3.121	243.199	1.359	3.235	0.789	0	0.14	NA	0.274	0.287	NA	-37.461	-25.26	-13.534	NA	NA	0.097	0.128	NA	31.376	NA	30.494	29.101	NA	0.604
2025-06-09	-90.377	30.504	0	30.374	24.33	40.43	28.081	25.4	31.4	79.052	61.685	94.964	101.195	2.973	244.975	1.512	3.784	0.85	0	0.138	NA	0.273	0.286	NA	-43.072	-27.21	-14.167	NA	NA	0.095	0.127	NA	31.411	NA	30.568	29.257	NA	0.599
2025-06-10	-90.377	30.504	77.722	26.655	21.13	42.68	24.828	20.6	32.4	90.504	65.388	100	101.496	2.829	136.945	1.415	3.643	0.37	0.003	0.161	NA	0.274	0.286	NA	-36.197	-28.595	-14.868	0.034	NA	0.091	0.127	NA	29.368	NA	29.746	29.261	NA	0.612
2025-06-11	-90.377	30.504	0.017	27.729	20.9	38.52	25.135	20.3	32.3	87.903	62.242	100	101.697	2.781	278.319	1.147	2.798	0.484	0	0.265	NA	0.28	0.286	NA	-1.683	-8.064	-15.143	0.029	NA	0.102	0.128	NA	28.176	NA	27.947	27.958	NA	0.721
2025-06-12	-90.377	30.504	2.719	27.6	22.14	36.11	26.126	21.3	31.1	87.984	73.506	97.798	101.515	2.983	209.066	1.178	2.743	0.451	0	0.255	NA	0.281	0.286	NA	-4.866	-5.808	-14.667	0.027	NA	0.106	0.132	NA	28.461	NA	28.369	27.992	NA	0.618
2025-06-13	-90.377	30.504	3.387	26.817	23.52	33.29	25.173	21	29.1	93.533	73.545	100	101.546	2.988	147.875	0.946	2.074	0.232	0	0.262	NA	0.281	0.287	NA	-3.883	-4.954	-14.37	0.028	NA	0.112	0.134	NA	28.024	NA	28.054	27.856	NA	0.626
2025-06-14	-90.377	30.504	10.492	26.675	22.78	37.52	24.75	21.8	31.2	93.462	70.665	100	101.729	2.913	172.451	0.929	2.188	0.251	0.001	0.269	NA	0.282	0.287	NA	-2.54	-3.174	-14.137	0.028	NA	0.116	0.136	NA	27.948	NA	27.928	27.626	NA	0.619
2025-06-15	-90.377	30.504	0.953	26.262	22.15	37.27	24.067	21.2	31.3	95.669	71.853	100	101.775	2.872	159.024	0.913	1.961	0.156	0	0.287	NA	0.285	0.287	NA	-0.718	-0.557	-13.846	0.028	NA	0.135	0.136	NA	27.353	NA	27.394	27.358	NA	0.609
2025-06-16	-90.377	30.504	1.413	27.054	21.86	34.77	24.972	21.1	29.4	92.569	73.012	100	101.603	2.926	211.543	1.053	2.324	0.268	0.002	0.286	0.281	0.286	0.287	0.231	-0.791	-0.497	-13.378	0.026	0.116	0.138	0.137	0.01	27.478	27.827	27.329	27.161	26.451	0.603
2025-06-17	-90.377	30.504	10.115	28.033	24.26	36.77	25.994	23.2	30.4	95.097	76.381	100	101.531	3.193	184.594	0.933	2.081	0.184	0.002	0.286	0.288	0.286	0.288	0.231	-0.761	-0.429	-13.001	0.024	0.121	0.142	0.137	0.01	28.31	28.215	27.938	27.349	26.4	0.599
2025-06-18	-90.377	30.504	0.017	28.917	22.93	38.39	26.944	22.5	32.6	86.407	60.76	100	101.664	3.033	268.971	0.941	2.14	0.57	0	0.293	0.299	0.288	0.289	0.231	-0.362	-0.211	-12.451	0.027	0.126	0.154	0.139	0.011	28.901	28.798	28.404	27.616	26.405	0.597
2025-06-19	-90.377	30.504	1.243	29.446	23.04	39.76	26.976	22.3	33.1	85.929	61.976	99.938	101.867	3.023	274.029	1.016	2.392	0.608	0	0.284	0.282	0.287	0.289	0.231	-0.726	-0.317	-12.086	0.026	0.117	0.144	0.14	0.011	29.478	29.409	28.938	27.991	26.55	0.596
2025-06-20	-90.377	30.504	0	30.482	22.78	40.09	27.874	21.9	33.9	81.955	53.865	99.967	101.833	3.011	312.66	0.733	1.831	0.835	0	0.27	0.268	0.286	0.288	0.232	-2.146	-0.482	-12.089	0.025	0.11	0.136	0.139	0.011	30.104	30	29.395	28.328	26.677	0.603
2025-06-21	-90.377	30.504	0	30.694	24.23	40.81	28.218	23.5	33.3	81.096	54.013	99.636	101.842	3.048	290.601	0.931	2.233	0.84	0	0.245	0.25	0.284	0.288	0.232	-6.398	-1.425	-12.197	0.023	0.1	0.128	0.137	0.011	30.777	30.689	30.161	28.903	26.887	0.596
2025-06-22	-90.377	30.504	0	29.588	23.26	40.11	27.05	22.3	33.1	82.62	55.227	98.039	101.972	2.913	281.304	1.094	2.385	0.739	0	0.22	0.234	0.283	0.288	0.231	-10.273	-6.655	-12.425	0.019	0.091	0.122	0.135	0.011	30.089	30.089	29.817	29.019	27.117	0.597
2025-06-23	-90.377	30.504	0.783	28.415	22.68	42.13	26.006	21.8	32.9	87.148	61.054	99.816	102.052	2.904	226.593	0.954	2.1	0.52	0	0.201	0.22	0.282	0.287	0.231	-12.799	-11.269	-12.766	0.016	0.084	0.117	0.133	0.012	29.39	29.444	29.324	28.876	27.267	0.61
2025-06-24	-90.377	30.504	0.833	28.404	22.61	37.84	26.266	21.9	31	88.445	68.87	99.889	102.114	3.004	222.729	1.116	2.448	0.464	0.006	0.19	0.21	0.281	0.287	0.231	-14.596	-13.114	-13.078	0.013	0.08	0.115	0.13	0.011	28.994	28.997	28.858	28.547	27.3	0.611
2025-06-25	-90.377	30.504	0.034	29.339	22.27	42.45	26.666	21.9	33	86.861	60.616	100	101.97	2.996	250.938	0.806	1.795	0.561	0	0.182	0.202	0.28	0.287	0.231	-16.379	-14.848	-13.359	0.011	0.078	0.115	0.129	0.012	29.934	29.827	29.354	28.564	27.3	0.614
2025-06-26	-90.377	30.504	0.459	30.355	22.77	41.94	26.846	22.3	32.1	86.097	66.064	100	101.735	3.005	284.424	0.926	2.047	0.588	0.002	0.175	0.195	0.279	0.287	0.23	-18.212	-16.466	-13.72	0.009	0.075	0.114	0.127	0.012	30.843	30.585	29.949	28.865	27.3	0.605
2025-06-27	-90.377	30.504	1.139	30.079	22.66	42.81	26.288	21.8	32.6	86.222	59.97	100	101.759	2.909	273.645	0.961	2.232	0.582	0.016	0.169	0.19	0.278	0.287	0.23	-20.204	-18.073	-14.138	0.007	0.073	0.113	0.125	0.012	31.477	31.247	30.688	29.361	27.436	0.609
2025-06-28	-90.377	30.504	4.422	29.151	22.47	41.79	26.318	21.6	31.1	86.924	66.162	100	101.843	2.951	272.68	1.062	2.359	0.53	0.001	0.164	0.185	0.278	0.286	0.229	-21.991	-19.257	-14.544	0.004	0.07	0.111	0.125	0.012	30.287	30.258	30.125	29.464	27.578	0.63
2025-06-29	-90.377	30.504	0.493	28.068	22.94	36.34	25.843	22.1	29.8	90.446	74.819	99.959	101.766	3.003	182.793	0.9	2.095	0.356	0	0.162	0.182	0.278	0.286	0.229	-22.521	-19.843	-14.758	0.001	0.068	0.109	0.124	0.012	29.279	29.311	29.33	29.102	27.7	0.622
2025-06-30	-90.377	30.504	0.816	29.207	23.51	41.75	26.227	23.1	32.2	89.777	66.411	100	101.715	3.033	226.011	0.976	2.205	0.417	0.001	0.16	0.179	0.277	0.286	0.229	-23.298	-20.61	-14.943	0.003	0.068	0.109	0.123	0.012	30.096	29.973	29.594	28.889	27.672	0.624
2025-07-01	-90.377	30.504	0.051	30.816	22.91	43.02	27.777	22.1	33.7	80.501	50.64	100	101.632	2.935	280.628	1.152	2.522	0.892	0	0.157	0.176	0.277	0.286	0.229	-24.957	-21.781	-15.279	0.004	0.067	0.109	0.122	0.011	31.21	30.903	30.186	29.077	27.669	0.622
2025-07-02	-90.377	30.504	0.391	30.362	23.33	45.06	27.016	22.6	33.2	83.947	60.293	97.869	101.521	2.978	245.559	1.048	2.252	0.644	0	0.154	0.173	0.275	0.285	0.228	-27.322	-23.13	-15.741	0.003	0.066	0.11	0.122	0.011	31.944	31.725	31.146	29.767	27.753	0.617
2025-07-03	-90.377	30.504	0	30.46	23.12	45.66	27.444	22.5	33.5	84.577	61.512	100	101.537	3.048	213.875	0.751	1.677	0.68	0	0.151	0.17	0.275	0.285	0.228	-29.397	-24.121	-16.231	0.001	0.064	0.11	0.121	0.011	31.773	31.567	31.039	29.904	27.924	0.62
2025-07-04	-90.377	30.504	0	31.09	24.12	44.2	27.676	23.6	33.4	81.204	55.889	98.32	101.602	2.944	245.31	0.853	1.939	0.833	0	0.148	0.168	0.275	0.285	0.228	-32.013	-25.477	-16.773	NA	0.063	0.109	0.121	0.011	32.297	32.027	31.363	30.068	28.051	0.612
2025-07-05	-90.377	30.504	0	32.26	21.78	46.23	28.13	21.3	35.1	73.754	42.078	99.967	101.548	2.668	328.666	1.006	2.242	1.271	0	0.144	0.164	0.274	0.284	0.227	-36.494	-27.797	-17.604	NA	0.062	0.109	0.121	0.011	33.172	32.836	31.97	30.379	28.168	0.616
2025-07-06	-90.377	30.504	0.834	28.62	22.38	45.83	25.509	21.8	33	87.663	62.742	99.435	101.526	2.846	202.411	0.874	2.023	0.471	0	0.14	0.161	0.273	0.283	0.227	-41.793	-29.59	-18.395	NA	0.06	0.108	0.12	0.011	32.064	32.055	31.902	30.835	28.364	0.614
2025-07-07	-90.377	30.504	0.102	29.959	21.28	45.96	26.341	20.6	33.1	83.267	57.152	100	101.746	2.813	258.127	0.894	2.148	0.714	0	0.137	0.158	0.273	0.284	0.227	-45.416	-30.482	-18.977	NA	0.058	0.107	0.119	0.011	31.255	31.12	30.722	30.127	28.5	0.606
2025-07-08	-90.377	30.504	0.051	30.761	21.61	43.16	26.454	21.2	31.9	83.092	61.053	99.689	101.953	2.826	286.271	0.936	2.17	0.701	0	0.134	0.155	0.272	0.283	0.227	-51.084	-32.671	-19.793	NA	0.058	0.107	0.119	0.01	32.339	32.102	31.451	30.259	28.5	0.599
2025-07-09	-90.377	30.504	3.825	28.332	21.96	45.92	25.353	21.4	32	89.702	63.704	99.789	101.879	2.88	199.284	1.015	2.308	0.401	0.003	0.131	0.153	0.272	0.282	0.226	-60.246	-34.694	-20.571	NA	0.056	0.106	0.118	0.011	31.115	31.19	31.159	30.49	28.551	0.603
2025-07-10	-90.377	30.504	7.837	26.404	21.71	40.54	23.952	21	31.1	95.586	67.637	100	101.763	2.843	157.569	0.96	2.103	0.17	0.001	0.128	0.151	0.273	0.283	0.226	-64.728	-34.948	-20.883	NA	0.053	0.104	0.117	0.011	28.853	29.082	29.376	29.647	28.566	0.621
2025-07-11	-90.377	30.504	0.391	28.153	20.88	41.92	25.29	20.2	32.8	90.098	60.414	100	101.789	2.891	251.417	0.793	1.84	0.413	0	0.128	0.15	0.274	0.283	0.226	-64.073	-34.955	-21.007	NA	0.049	0.104	0.117	0.011	28.983	29.069	28.851	28.854	28.353	0.617
2025-07-12	-90.377	30.504	0.051	30.375	22.08	43.01	27.232	21.9	33	85.318	58.07	100	101.834	3.038	277.147	0.879	2.007	0.652	0	0.129	0.149	0.272	0.283	0.226	-61.249	-35.557	-21.316	NA	NA	0.105	0.117	0.01	30.821	30.608	29.936	29.059	28.165	0.61
2025-07-13	-90.377	30.504	0.068	29.938	22.53	45.03	26.762	22.2	33	85.158	55.227	99.801	101.845	2.956	239.315	0.9	2.108	0.615	0	0.129	0.148	0.271	0.282	0.225	-60.971	-36.399	-21.788	NA	NA	0.105	0.117	0.01	31.442	31.248	30.746	29.683	28.164	0.61
2025-07-14	-90.377	30.504	28.987	29.285	22.31	46.47	25.683	21.6	33.5	91.095	61.343	100	101.824	2.979	231.615	0.903	2.147	0.388	0	0.128	0.148	0.271	0.282	0.225	-62.315	-37.552	-22.3	NA	NA	0.104	0.117	0.01	31.001	30.922	30.675	29.872	28.271	0.614
2025-07-15	-90.377	30.504	0.085	30.133	22.12	40.72	27.403	21.1	33.8	84.683	57.354	100	101.704	3.034	306.144	0.871	2.014	0.733	0	0.13	0.15	0.272	0.282	0.225	-58.611	-37.63	-22.61	NA	0.067	0.105	0.118	0.009	30.617	30.489	30.097	29.532	28.3	0.619
2025-07-16	-90.377	30.504	3.267	30.863	23.99	39.98	28.46	23.1	34.6	83.434	54.586	100	101.453	3.181	263.35	0.981	2.272	0.784	0.001	0.135	0.152	0.271	0.281	0.225	-49.337	-37.025	-22.785	NA	0.064	0.105	0.118	0.008	31.777	31.526	30.976	29.881	28.3	0.611
2025-07-17	-90.377	30.504	18.28	28.217	25.73	36.28	26.113	24.4	29.8	96.637	81.684	100	101.358	3.267	123.638	0.954	2.129	0.125	0	0.138	0.153	0.272	0.281	0.225	-45.97	-35.843	-22.836	0.044	0.067	0.104	0.118	0.01	30.099	30.177	30.362	30.035	28.434	0.639
2025-07-18	-90.377	30.504	0.34	28.739	25.27	37.03	26.575	24.4	30.9	91.499	70.28	100	101.718	3.159	187.369	1.106	2.456	0.342	0	0.187	0.176	0.273	0.282	0.225	-21.135	-32.151	-22.686	0.034	0.091	0.104	0.119	0.009	29.464	29.483	29.413	29.325	28.431	0.646
2025-07-19	-90.377	30.504	0.732	29.778	23.27	39.14	27.367	22.5	32.4	87.328	64.38	100	101.974	3.153	273.735	0.927	2.173	0.549	0	0.187	0.19	0.273	0.282	0.225	-16.58	-25.012	-22.483	0.027	0.085	0.105	0.121	0.008	30.107	30.024	29.698	29.195	28.3	0.638
2025-07-20	-90.377	30.504	0.017	30.798	23.84	40.6	28.673	23.2	33.8	82.5	59.151	100	101.888	3.183	273.099	0.797	1.95	0.83	0	0.179	0.187	0.272	0.282	0.225	-17.657	-23.071	-22.196	0.022	0.08	0.106	0.12	0.008	30.932	30.777	30.337	29.515	28.29	0.638
2025-07-21	-90.377	30.504	0	31.708	24.31	42.07	29.348	23.7	34.8	80.626	55.567	99.57	101.725	3.231	292.979	0.757	1.895	0.926	0	0.171	0.182	0.272	0.281	0.225	-19.173	-23.467	-22.065	0.02	0.075	0.106	0.12	0.008	32.339	31.98	31.268	29.955	28.359	0.631
2025-07-22	-90.377	30.504	0	32.219	25.01	43	29.599	24.9	35.4	78.169	51.452	98.414	101.629	3.15	309.194	0.867	2.095	1.083	0	0.165	0.178	0.271	0.281	0.225	-21.051	-24.779	-22.204	0.018	0.073	0.106	0.119	0.009	33.532	33.043	32.288	30.615	28.525	0.635
2025-07-23	-90.377	30.504	0	30.869	25.54	41.66	28.647	24.9	33.9	82.142	63.619	94.895	101.649	3.204	199.881	1.062	2.54	0.779	0	0.159	0.173	0.271	0.281	0.224	-23.376	-26.043	-22.397	0.015	0.069	0.107	0.119	0.009	33.059	32.749	32.433	31.146	28.76	0.626
2025-07-24	-90.377	30.504	53.433	27.481	24.32	39.18	25.492	23.5	31.4	96.072	74.675	100	101.558	3.13	95.097	0.765	1.69	0.144	0.001	0.177	0.185	0.272	0.281	0.225	-21.082	-26.424	-22.377	0.018	0.078	0.105	0.118	0.009	30.604	30.634	31.047	30.859	28.959	NA
2025-07-25	-90.377	30.504	10.982	28.736	24.68	36.83	26.803	23.5	32.1	92.406	68.867	100	101.518	3.243	222.218	1.44	3.301	0.313	0	0.274	0.285	0.278	0.283	0.225	-2.386	-6.299	-21.905	0.029	0.117	0.121	0.119	0.009	29.641	29.583	29.703	29.783	28.899	0.668
2025-07-26	-90.377	30.504	4.698	26.867	24.26	31.5	25.569	23.1	29.2	97.683	87.927	100	101.837	3.207	92.489	0.789	1.539	0.085	0.001	0.295	0.304	0.285	0.284	0.225	-0.196	-0.258	-20.209	0.031	0.124	0.152	0.121	0.008	28.478	28.475	28.872	29.299	28.7	NA
2025-07-27	-90.377	30.504	0.068	30.419	23.28	39.4	28.204	22.8	34	85.142	59.02	100	102.069	3.198	316.306	0.891	1.888	0.721	0	0.295	0.299	0.288	0.285	0.225	-0.16	-0.2	-17.378	0.031	0.119	0.155	0.124	0.008	30.139	29.816	29.476	28.95	28.488	0.661
2025-07-28	-90.377	30.504	2.259	31.054	24.29	41.21	28.404	23.6	35.4	85.197	56.974	100	102.062	3.23	305.867	0.888	2.059	0.727	0	0.28	0.275	0.286	0.285	0.226	-0.506	-0.272	-16.2	0.032	0.109	0.142	0.125	0.009	31.468	31.205	30.712	29.665	28.404	0.656
2025-07-29	-90.377	30.504	0	26.153	25.4	26.71	25.184	24.6	25.6	99.074	98.212	99.833	101.859	3.173	0	0.202	0.452	0.027	0	0.276	0.268	0.285	0.285	0.226	-0.895	-0.4	-15.989	0.032	0.109	0.138	0.125	0.01	30.539	30.647	31.221	30.392	28.5	NA
2025-07-31	-90.377	30.504	0.119	29.538	22.44	38.76	26.657	21.3	32.9	86.236	60.516	100	101.628	2.969	291.401	1.035	2.234	0.619	0	0.301	0.308	0.294	0.289	0.227	-0.1	-0.2	-12.806	0.037	0.129	0.177	0.129	0.01	30.103	29.975	29.706	29.476	28.682	0.756
2025-08-01	-90.377	30.504	14.626	29.672	24.58	39.07	26.929	23.8	33.2	90.86	65.465	100	101.784	3.198	226.374	0.894	2.05	0.403	0	0.294	0.293	0.29	0.289	0.228	-0.199	-0.195	-12.109	0.039	0.118	0.162	0.129	0.01	31	30.843	30.601	29.859	28.6	0.655
2025-08-02	-90.377	30.504	0.459	28.583	24.42	36.66	25.999	23.3	32	92.008	69.87	100	101.725	3.072	214.56	0.988	2.436	0.333	0	0.302	0.307	0.292	0.29	0.229	-0.1	-0.126	-11.619	0.042	0.127	0.179	0.132	0.011	30.382	30.262	30.267	29.901	28.686	0.679
2025-08-03	-90.377	30.504	0.051	29.373	24.63	37.54	26.944	23.6	31.4	86.149	64.371	99.734	101.408	3.019	249.389	0.956	2.231	0.576	0	0.295	0.293	0.29	0.29	0.23	-0.176	-0.153	-11.278	0.041	0.117	0.164	0.133	0.011	30.632	30.488	30.304	29.797	28.7	0.677
2025-08-04	-90.377	30.504	0	29.02	22.25	39.93	26.636	21.1	32.6	82.136	56.421	98.828	101.386	2.819	250.758	0.864	1.864	0.741	0	0.282	0.275	0.288	0.289	0.231	-0.545	-0.242	-11.366	0.042	0.105	0.15	0.133	0.011	30.323	30.205	30.149	29.79	28.7	0.676
2025-08-05	-90.377	30.504	0	29.797	24.79	41.37	26.772	24.2	32.2	88.097	68.105	98.19	101.819	3.085	233.477	1.124	2.515	0.464	0	0.265	0.26	0.287	0.289	0.232	-2.058	-0.484	-11.466	0.041	0.096	0.139	0.132	0.011	30.479	30.357	30.255	29.796	28.7	0.648
2025-08-06	-90.377	30.504	6.46	29.847	23.65	43.35	26.587	22.8	33.4	88.976	61.936	99.965	102.091	3.063	242.821	0.818	1.917	0.478	0	0.251	0.249	0.286	0.289	0.233	-5.366	-1.029	-11.582	0.041	0.093	0.133	0.131	0.011	30.391	30.297	30.176	29.782	28.7	0.655
2025-08-07	-90.377	30.504	0.034	28.763	23.66	41.04	26.028	22.6	33.3	89.405	60.445	100	101.914	2.989	211.941	0.809	1.811	0.437	0	0.253	0.251	0.286	0.289	0.233	-5.394	-1.185	-11.655	0.041	0.101	0.133	0.131	0.012	30.092	30.033	30.036	29.754	28.755	0.67
2025-08-08	-90.377	30.504	1.651	28.744	22.46	41.03	25.959	21.4	31.9	90.879	63.846	100	101.597	3.033	215.407	0.857	1.895	0.375	0	0.24	0.243	0.286	0.289	0.234	-6.546	-2.01	-11.692	0.037	0.094	0.129	0.13	0.011	29.596	29.539	29.572	29.504	28.74	0.671
2025-08-09	-90.377	30.504	0.391	29.462	22.97	40.86	26.432	22.6	31.1	85.307	60.66	99.787	101.551	2.891	283.706	1.117	2.431	0.61	0	0.229	0.236	0.285	0.289	0.234	-8.095	-3.839	-11.753	0.035	0.089	0.127	0.129	0.012	30.027	29.914	29.786	29.453	28.7	0.673
2025-08-10	-90.377	30.504	0.068	29.49	22.84	40.71	26.744	22.1	32	87.329	70.068	99.546	101.541	3.049	213.198	1.001	2.166	0.521	0	0.212	0.224	0.284	0.289	0.234	-10.798	-8.068	-11.86	0.031	0.082	0.125	0.129	0.012	29.799	29.772	29.684	29.478	28.69	0.661
2025-08-11	-90.377	30.504	0.017	30.161	23.91	41.69	27.476	23.6	32.2	86.392	67.974	99.862	101.445	3.136	222.683	1.048	2.351	0.579	0	0.2	0.215	0.283	0.288	0.234	-12.474	-11.012	-12.019	0.028	0.076	0.122	0.129	0.012	30.336	30.355	30.023	29.542	28.671	0.662
2025-08-12	-90.377	30.504	0.068	29.356	24.45	41.64	26.594	23.8	31.2	92.373	76.291	99.932	101.379	3.206	183.624	0.891	1.939	0.305	0	0.19	0.207	0.282	0.288	0.234	-14.058	-12.425	-12.216	0.025	0.072	0.12	0.127	0.012	30.27	30.311	30.066	29.646	28.695	0.654
2025-08-13	-90.377	30.504	0.085	31.182	23.73	45.06	28.069	23.3	34	85.828	64.046	100	101.37	3.222	238.525	0.938	2.174	0.65	0	0.184	0.201	0.281	0.288	0.234	-15.35	-13.695	-12.42	0.023	0.071	0.119	0.126	0.012	31.19	31.137	30.475	29.694	28.7	0.649
2025-08-14	-90.377	30.504	0	31.548	23.47	45.37	28.438	22.8	34.1	80.767	56.643	98.817	101.555	3.085	255.025	1.016	2.455	0.871	0	0.178	0.195	0.28	0.288	0.233	-16.698	-14.955	-12.735	0.022	0.068	0.118	0.125	0.012	32.157	31.989	31.291	30.168	28.765	0.645
2025-08-15	-90.377	30.504	5.748	27.033	23.25	43.35	25.329	22.7	31.8	94.245	75.682	99.679	101.847	3.046	103.595	0.856	1.879	0.211	0.001	0.173	0.191	0.28	0.287	0.233	-18.265	-16.155	-13.055	0.018	0.066	0.116	0.125	0.012	30.196	30.318	30.639	30.406	28.873	0.661
2025-08-16	-90.377	30.504	0.153	30.521	21.76	43.51	27.346	21.4	34.6	83.855	55.404	100	101.79	2.984	277.965	0.807	1.892	0.774	0	0.175	0.188	0.281	0.288	0.233	-18.052	-16.693	-13.341	0.019	0.066	0.115	0.124	0.012	30.096	30.007	29.606	29.439	28.873	0.654
2025-08-17	-90.377	30.504	0.919	31.291	24.18	44.95	28.066	23.6	35.2	84.781	58.19	99.828	101.473	3.165	241.059	1.009	2.276	0.72	0	0.172	0.186	0.279	0.287	0.232	-18.63	-17.169	-13.575	0.019	0.065	0.116	0.124	0.011	31.752	31.566	30.99	29.957	28.8	0.642
2025-08-18	-90.377	30.504	1.991	28.832	23.36	45.87	26.166	22.6	34.6	89.111	60.787	100	101.396	3.006	188.945	0.887	1.989	0.449	0	0.168	0.183	0.279	0.287	0.232	-19.907	-17.901	-13.893	0.015	0.063	0.114	0.124	0.011	30.69	30.67	30.669	30.203	28.868	0.652
2025-08-19	-90.377	30.504	4.506	29.091	22.55	45.08	25.833	22	34.3	90.378	59.289	99.977	101.418	2.981	221.056	0.807	1.965	0.421	0	0.165	0.18	0.279	0.287	0.232	-20.914	-18.559	-14.197	0.014	0.061	0.114	0.122	0.011	30.164	30.107	29.991	29.77	28.9	0.651
2025-08-20	-90.377	30.504	0.136	30.583	22.18	44.64	27.587	21.6	34.6	82.617	52.986	100	101.201	2.981	269.72	0.891	2.028	0.825	0	0.166	0.178	0.279	0.287	0.232	-20.985	-19.098	-14.466	0.016	0.061	0.113	0.122	0.011	30.71	30.545	30.17	29.66	28.818	0.641
2025-08-21	-90.377	30.504	1.957	28.073	22.97	44.33	25.483	22.3	32.3	91.68	69.385	99.727	101.111	2.981	145.774	0.774	1.813	0.317	0.001	0.165	0.176	0.278	0.286	0.231	-21.689	-19.572	-14.752	0.013	0.059	0.112	0.121	0.011	30.197	30.201	30.273	29.935	28.8	0.651
2025-08-22	-90.377	30.504	31.249	27.015	23	43.74	24.572	21.9	32	96.489	71.696	100	101.266	2.976	148.794	0.871	1.983	0.144	0.002	0.172	0.18	0.279	0.287	0.231	-21.961	-19.914	-14.998	0.02	0.065	0.111	0.121	0.011	28.87	28.959	29.202	29.443	28.8	0.825
2025-08-23	-90.377	30.504	6.425	28.585	22.4	40.02	25.745	21.8	32.8	91.284	64.413	100	101.305	2.994	222.133	0.746	1.702	0.387	0	0.232	0.248	0.28	0.287	0.231	-12.089	-15.944	-15.039	0.046	0.084	0.113	0.122	0.01	29.205	29.124	28.946	28.911	28.686	0.78
2025-08-24	-90.377	30.504	0.085	29.161	23.05	39.09	26.887	22	33.7	80.291	46.927	100	101.326	2.737	278.618	0.811	1.903	0.908	0	0.261	0.27	0.282	0.287	0.231	-5.634	-5.185	-14.651	0.061	0.089	0.124	0.124	0.01	30.055	29.887	29.651	29.166	28.561	0.646
2025-08-25	-90.377	30.504	0.051	28.959	21.57	39.85	26.564	20.7	34	77.798	42.311	99.609	101.561	2.585	286.327	0.877	1.939	1.018	0	0.245	0.253	0.282	0.287	0.231	-6.984	-5.199	-14.257	0.047	0.08	0.123	0.125	0.01	29.864	29.747	29.668	29.322	28.545	0.637
2025-08-26	-90.377	30.504	0.051	28.796	20.18	40.87	25.796	19.2	33.3	79.616	49.284	98.612	101.888	2.575	274.828	0.896	1.986	0.852	0	0.225	0.237	0.282	0.287	0.232	-9.725	-9.43	-14.1	0.035	0.071	0.12	0.124	0.01	29.531	29.493	29.467	29.285	28.578	0.631
2025-08-27	-90.377	30.504	0	27.903	22.52	42.13	25.082	21.4	30.9	82.677	61.868	97.93	102.021	2.601	205.938	0.914	2.069	0.632	0	0.208	0.223	0.281	0.287	0.232	-11.66	-11.307	-14.1	0.028	0.066	0.117	0.123	0.01	29.111	29.174	29.21	29.19	28.569	0.64
2025-08-28	-90.377	30.504	18.106	29.43	22.06	41.25	26.625	21.3	32.8	83.636	59.63	99.877	101.744	2.862	227.29	0.929	2.287	0.71	0.001	0.196	0.212	0.28	0.287	0.232	-13.245	-12.647	-14.152	0.024	0.063	0.117	0.123	0.01	29.609	29.577	29.347	29.067	28.5	0.638
2025-08-29	-90.377	30.504	13.99	25.106	23.53	28.09	23.403	22.2	24.7	99.855	99.1	100	101.534	2.878	47.212	0.637	1.34	0.002	0.001	0.267	0.27	0.284	0.288	0.232	-5.351	-6.989	-14.152	0.064	0.104	0.136	0.124	0.011	27.672	27.773	28.403	28.967	28.5	NA
2025-08-30	-90.377	30.504	0.017	26.827	22.49	35.34	24.532	21.4	29.6	93.152	76.136	100	101.39	2.863	165.172	0.868	2.196	0.244	0	0.3	0.308	0.291	0.29	0.232	-0.1	-0.247	-12.8	0.074	0.126	0.155	0.125	0.01	27.896	27.793	27.894	28.187	28.35	0.684
2025-08-31	-90.377	30.504	0.051	27.062	21	37.6	24.774	20.4	30.6	86.871	62.372	100	101.509	2.676	242.481	0.957	2.184	0.514	0	0.295	0.295	0.29	0.29	0.233	-0.175	-0.233	-12.017	0.063	0.114	0.146	0.126	0.01	28.18	28.053	28.103	28.169	28.163	0.674
2025-09-01	-90.377	30.504	0.017	27.25	20.98	38.64	24.882	20.2	31	85.912	62.166	99.849	101.56	2.671	223.071	0.949	2.211	0.535	0	0.283	0.278	0.288	0.29	0.234	-0.511	-0.332	-11.9	0.053	0.104	0.139	0.127	0.011	28.345	28.227	28.278	28.247	28.073	0.683
2025-09-02	-90.377	30.504	0.034	27.839	21.56	38.17	25.4	21.1	31.6	82.207	51.166	99.684	101.482	2.601	258.47	0.941	2.187	0.715	0	0.266	0.263	0.287	0.289	0.234	-1.924	-0.624	-11.9	0.045	0.095	0.131	0.127	0.01	28.74	28.59	28.556	28.343	28	0.683
2025-09-03	-90.377	30.504	0.034	27.366	20.07	39.46	24.982	19.3	31	82.614	58.484	99.718	101.284	2.566	233.248	0.719	1.674	0.677	0	0.245	0.248	0.286	0.289	0.235	-5.785	-1.582	-11.98	0.037	0.086	0.125	0.126	0.011	28.492	28.446	28.469	28.403	28	0.684
2025-09-04	-90.377	30.504	0.017	28.621	21.26	40	26.597	20.7	32	81.425	62.4	99.921	101.165	2.794	239.08	0.847	1.988	0.773	0	0.225	0.234	0.285	0.289	0.235	-8.568	-4.552	-12.077	0.031	0.08	0.121	0.126	0.01	28.897	28.834	28.669	28.429	28	0.691
2025-09-05	-90.377	30.504	0.017	28.929	21.67	39.67	26.952	21.2	32.9	81.615	53.072	100	101.36	2.845	241.255	0.829	1.902	0.794	0	0.209	0.221	0.284	0.289	0.235	-11.099	-9.395	-12.255	0.026	0.075	0.119	0.125	0.01	29.395	29.375	29.083	28.652	28	0.693
2025-09-06	-90.377	30.504	0.034	28.507	21.29	40.47	26.323	21	32.1	82.871	58.58	100	101.536	2.796	229.267	0.834	2	0.705	0	0.196	0.211	0.283	0.288	0.234	-12.975	-11.544	-12.483	0.021	0.071	0.117	0.125	0.01	29.528	29.539	29.269	28.846	28.079	0.694
2025-09-07	-90.377	30.504	0	27.724	21.21	40.56	25.197	20.9	31.5	76.923	57.312	97.03	101.706	2.434	247.32	1.146	3.406	0.832	0	0.186	0.202	0.282	0.288	0.234	-14.783	-13.109	-12.771	0.018	0.067	0.116	0.125	0.011	29.485	29.491	29.262	28.91	28.164	0.692
2025-09-08	-90.377	30.504	0	25.326	16.5	38.65	22.55	16.3	29.8	64.531	39.331	91.153	101.719	1.714	268.48	0.994	2.608	1.108	0	0.179	0.194	0.281	0.288	0.234	-16.66	-14.647	-13.136	0.014	0.064	0.114	0.123	0.011	28.927	28.918	28.947	28.84	28.2	0.691
2025-09-09	-90.377	30.504	1.992	25.212	17.01	37.45	22.767	16.1	29.7	87.615	69.648	98.205	101.542	2.457	196.818	0.928	2.093	0.412	0.001	0.174	0.188	0.281	0.288	0.233	-18.325	-15.994	-13.52	0.009	0.06	0.113	0.122	0.011	28.036	28.029	28.308	28.544	28.177	0.699
2025-09-10	-90.377	30.504	0.068	28.035	20.42	40.71	25.417	20.2	32.3	84.743	50.923	99.758	101.759	2.699	248.619	0.979	2.178	0.641	0	0.169	0.183	0.28	0.288	0.233	-19.533	-17.076	-13.823	0.008	0.06	0.112	0.121	0.011	29.095	28.842	28.635	28.333	28.061	0.697
2025-09-11	-90.377	30.504	0.102	27.948	19.37	41.15	25.284	19.6	32.3	80.127	47.788	100	101.888	2.487	259.273	0.861	1.986	0.847	0	0.166	0.177	0.279	0.287	0.233	-21.193	-18.223	-14.202	0.007	0.058	0.112	0.121	0.01	29.94	29.642	29.392	28.729	28	0.694
2025-09-12	-90.377	30.504	0.068	28.214	18.4	42.24	25.566	18.3	33.8	76.918	44.978	99.874	101.802	2.406	253.153	0.825	1.852	1.032	0	0.162	0.171	0.278	0.287	0.232	-23.352	-19.422	-14.688	0.006	0.056	0.111	0.121	0.01	30.165	29.884	29.643	28.988	28.071	0.686
2025-09-13	-90.377	30.504	0.068	28.007	18.19	42.46	25.523	18.3	34	78.883	40.789	99.963	101.574	2.482	243.084	0.989	2.276	0.93	0	0.158	0.165	0.277	0.286	0.232	-25.654	-20.697	-15.249	0.004	0.054	0.11	0.121	0.01	30.267	30.003	29.833	29.184	28.163	0.683
2025-09-14	-90.377	30.504	0.068	27.931	18.45	42.84	25.077	18.6	32.6	77.705	45.74	100	101.492	2.37	247.247	0.765	1.809	0.941	0	0.153	0.159	0.276	0.286	0.232	-28.227	-21.983	-15.864	0.002	0.053	0.109	0.12	0.01	30.359	30.09	29.91	29.27	28.236	0.676
2025-09-15	-90.377	30.504	0.017	27.931	18.99	44.65	25.323	19	33.3	76.127	44.173	99.73	101.681	2.359	217.137	0.8	1.871	1.002	0	0.149	0.153	0.275	0.285	0.231	-31.576	-23.383	-16.547	0	0.052	0.109	0.12	0.008	30.181	29.989	29.857	29.326	28.297	0.671
2025-09-16	-90.377	30.504	14.906	27.3	20.69	37.94	25.101	21	30.9	86.652	60.112	100	101.797	2.731	185.31	0.875	2.054	0.5	0.001	0.145	0.15	0.276	0.285	0.231	-34.779	-24.542	-17.161	NA	0.048	0.108	0.119	0.01	29.355	29.345	29.445	29.261	28.346	0.689
2025-09-17	-90.377	30.504	0.374	26.358	20.55	38.91	24.686	20.3	31.6	84.93	55.908	99.978	101.666	2.599	176.088	0.732	1.639	0.579	0.001	0.146	0.148	0.277	0.285	0.231	-34.527	-25.202	-17.501	NA	NA	0.107	0.12	0.01	28.264	28.371	28.592	28.798	28.3	0.698
2025-09-18	-90.377	30.504	0.119	26.035	17.92	38.67	24.132	17.6	32	80.263	42.78	100	101.593	2.322	256.549	0.871	2.143	0.823	0	0.148	0.148	0.276	0.285	0.231	-33.66	-25.589	-17.762	NA	0.045	0.106	0.119	0.009	27.853	27.809	27.947	28.238	28.186	0.69
2025-09-19	-90.377	30.504	0.102	26.645	17.86	39.7	24.502	17.5	32.6	78.504	40.725	100	101.619	2.303	250.449	0.868	2.013	0.928	0	0.147	0.148	0.275	0.285	0.23	-34.424	-26.183	-18.076	NA	NA	0.106	0.118	0.009	28.383	28.178	28.189	28.136	28.027	0.683
2025-09-20	-90.377	30.504	0.051	27.458	18.58	40.82	25.184	18.4	33	79.545	45.834	99.924	101.647	2.46	236.13	0.808	1.896	0.882	0	0.145	0.146	0.274	0.285	0.23	-36.022	-26.978	-18.454	NA	NA	0.106	0.117	0.008	29.109	28.803	28.711	28.321	27.9	0.68
2025-09-21	-90.377	30.504	0.017	27.951	18.92	41.76	25.367	18.9	32.3	81.093	50.421	100	101.556	2.558	241.694	0.976	2.266	0.799	0	0.143	0.145	0.274	0.284	0.23	-39.258	-27.956	-18.928	NA	NA	0.106	0.117	0.008	29.648	29.321	29.148	28.578	27.9	0.676
2025-09-22	-90.377	30.504	0.595	27.14	19.94	41.74	24.738	20	31.5	87.832	63.778	100	101.411	2.707	195.732	0.985	2.357	0.488	0	0.141	0.142	0.273	0.284	0.23	-43.339	-29.072	-19.454	NA	NA	0.106	0.117	0.009	29.57	29.351	29.349	28.849	27.98	0.674
2025-09-23	-90.377	30.504	0.153	28.31	20.62	41.33	25.983	20.5	31.9	85.526	65.123	100	101.488	2.848	191.859	1.038	2.53	0.596	0	0.138	0.14	0.273	0.284	0.23	-48.368	-30.153	-19.993	NA	NA	0.105	0.117	0.009	29.263	29.054	28.976	28.689	28.021	0.672
2025-09-24	-90.377	30.504	9.506	27.752	22.25	40.5	25.887	22.4	31.9	91.868	68.698	100	101.55	3.049	129.147	1.001	2.43	0.328	0.002	0.135	0.138	0.273	0.283	0.23	-55.178	-31.43	-20.529	NA	NA	0.104	0.117	0.009	29.272	29.149	29.207	28.86	28.054	0.687
2025-09-25	-90.377	30.504	0.051	26.074	21.32	33.73	24.585	21	27.5	92.439	77.489	100	101.375	2.845	116.778	1.077	2.268	0.261	0	0.133	0.138	0.274	0.284	0.23	-58.522	-32.022	-20.891	NA	NA	0.103	0.117	0.009	27.767	27.924	28.172	28.478	28.075	0.712
2025-09-26	-90.377	30.504	0.153	25.091	18.27	37.13	23.167	18	29.8	83.346	50.417	100	101.161	2.312	220.713	0.855	2.086	0.599	0	0.134	0.138	0.274	0.284	0.229	-58.502	-32.584	-21.041	NA	NA	0.102	0.116	0.009	27.122	27.142	27.376	27.82	27.95	0.682
2025-09-27	-90.377	30.504	0.085	24.884	16.1	39.15	22.64	15.9	31	80.528	49.676	99.924	101.249	2.15	239.766	0.841	1.968	0.731	0	0.135	0.138	0.273	0.284	0.229	-60.45	-33.655	-21.326	NA	NA	0.102	0.116	0.008	27.202	27.021	27.217	27.504	27.756	0.676
2025-09-28	-90.377	30.504	0.068	25.04	15.54	41.01	23.155	15.7	32.6	76.089	42.717	97.495	101.492	2.07	232.404	0.877	2.081	0.937	0	0.134	0.137	0.272	0.283	0.229	-64.403	-34.886	-21.664	NA	NA	0.102	0.115	0.007	27.514	27.238	27.438	27.499	27.581	0.67
2025-09-29	-90.377	30.504	0.068	26.096	17	41.61	24.118	17	32.6	78.415	46.606	98.873	101.502	2.272	209.097	0.842	2.073	0.892	0	0.133	0.136	0.272	0.283	0.229	-70.685	-36.371	-22.041	NA	NA	0.102	0.115	0.006	28.04	27.728	27.783	27.603	27.5	0.664
2025-09-30	-90.377	30.504	0.136	26.2	17.64	41.01	24.01	17.6	31.6	79.309	49.458	99.29	101.449	2.296	203.488	0.844	2.056	0.808	0	0.131	0.134	0.271	0.283	0.229	-79.153	-38.058	-22.447	NA	NA	0.102	0.114	0.005	28.276	27.99	28.022	27.767	27.5	0.66
2025-10-01	-90.377	30.504	0.068	24.929	16.57	41.8	23.026	17	31.8	83.897	51.575	99.652	101.467	2.318	170.869	0.713	1.601	0.608	0	0.129	0.133	0.271	0.282	0.229	-89.327	-39.829	-22.835	NA	NA	0.102	0.114	0.005	27.698	27.561	27.918	27.896	27.5	0.659
2025-10-02	-90.377	30.504	0.034	27.641	19.47	40.7	25.151	19.7	31.8	77.075	40.896	99.817	101.832	2.367	230.822	1.211	2.735	0.909	0	0.126	0.13	0.27	0.282	0.229	-110.193	-43.245	-23.493	NA	NA	0.102	0.114	0.005	29.209	28.775	28.655	28.062	27.5	0.647
2025-10-03	-90.377	30.504	0	24.935	18.26	40.17	22.775	18.7	28.5	79.208	60.551	96.754	101.885	2.171	167.794	1.029	2.627	0.647	0	0.123	0.129	0.269	0.281	0.229	-134.177	-46.727	-24.133	NA	NA	0.101	0.113	0.005	28.408	28.194	28.419	28.214	27.558	0.648
2025-10-04	-90.377	30.504	0.034	24.96	17.85	37.19	22.964	18.4	27.4	78.281	64.297	95.631	101.562	2.174	166.298	1.546	3.867	0.671	0	0.121	0.128	0.269	0.281	0.228	-158.838	-50.709	-24.735	NA	NA	0.1	0.113	0.006	27.512	27.349	27.661	27.841	27.58	0.645
2025-10-05	-90.377	30.504	2.961	25.618	21.33	33.96	23.971	21.2	26.7	86.457	72.622	97.474	101.231	2.582	113.42	2.009	4.965	0.405	0.001	0.119	0.127	0.268	0.281	0.228	-178.885	-54.706	-25.245	NA	NA	0.099	0.113	0.006	27.329	27.203	27.498	27.64	27.493	0.65
2025-10-06	-90.377	30.504	18.563	27.692	23.8	36.04	26.224	22.2	30.6	90.511	71.314	100	101.407	3.066	165.809	1.697	4.219	0.364	0.002	0.12	0.128	0.269	0.282	0.229	-171.603	-55.671	-25.547	NA	NA	0.099	0.113	0.006	27.901	27.698	27.669	27.523	27.4	0.671
2025-10-07	-90.377	30.504	0.068	27.609	22.43	39.38	25.682	22.2	31.9	89.291	60.428	100	101.646	2.906	175.468	0.802	1.752	0.449	0	0.133	0.129	0.269	0.281	0.229	-135.939	-55.364	-25.621	NA	NA	0.099	0.114	0.005	28.154	27.992	27.911	27.652	27.346	0.661
2025-10-08	-90.377	30.504	1.77	27.202	21.64	39.26	24.728	21.4	31.8	91.104	62.222	100	101.782	2.813	186.25	0.913	2.188	0.357	0	0.139	0.13	0.269	0.281	0.228	-108.776	-53.967	-25.702	NA	NA	0.099	0.114	0.006	28.031	27.904	27.918	27.746	27.371	0.665
2025-10-09	-90.377	30.504	0.102	25.884	18.14	37.28	24.37	19.8	30.7	79.598	55.121	98.225	101.923	2.393	221.23	1.091	3.065	0.725	0	0.141	0.131	0.269	0.281	0.228	-97.894	-52.606	-25.826	NA	NA	0.098	0.114	0.005	27.317	27.254	27.488	27.624	27.382	0.65
2025-10-10	-90.377	30.504	0	23.059	15.32	36.56	21.251	15.1	28.4	76.975	58.028	94.967	101.843	1.937	204.689	0.954	2.599	0.67	0	0.141	0.131	0.269	0.282	0.228	-96.509	-51.862	-25.991	NA	NA	0.097	0.114	0.004	25.808	25.866	26.39	27.096	27.286	0.644
2025-10-11	-90.377	30.504	0.085	21.706	13.33	36.51	19.49	13.4	27.4	80.417	47.929	99.998	101.476	1.771	219.724	0.858	2.195	0.599	0	0.139	0.132	0.269	0.282	0.228	-97.616	-51.116	-26.045	NA	NA	0.096	0.113	0.005	25.282	25.27	25.786	26.528	27.114	0.64
2025-10-12	-90.377	30.504	0.085	20.691	10.88	36.44	18.456	11.1	27.8	76.688	42.659	100	101.192	1.555	225.419	0.864	2.073	0.72	0	0.137	0.132	0.269	0.282	0.228	-101.575	-51.158	-26.108	NA	NA	0.095	0.113	0.004	24.695	24.634	25.219	26.052	26.872	0.636
2025-10-13	-90.377	30.504	0.085	21.369	9.68	39.76	18.782	9.7	29.2	75.176	38.944	100	101.468	1.54	221.847	0.809	1.903	0.823	0	0.136	0.132	0.269	0.282	0.228	-105.657	-51.418	-26.211	NA	NA	0.095	0.112	0.004	24.466	24.38	24.886	25.664	26.619	0.599
2025-10-14	-90.377	30.504	0.051	22.303	11.41	39.28	19.802	12.2	28.9	75.656	44.297	100	101.707	1.668	216.554	0.903	2.308	0.799	0	0.134	0.132	0.269	0.282	0.228	-109.366	-51.906	-26.305	NA	NA	0.095	0.112	0.002	24.879	24.733	25.069	25.556	26.385	0.568
2025-10-15	-90.377	30.504	0.051	22.679	11.71	41.03	20.2	12.2	30.5	77.259	45.413	100	101.574	1.75	210.556	0.85	1.909	0.802	0	0.133	0.132	0.269	0.282	0.228	-115.019	-52.783	-26.466	NA	NA	0.095	0.111	0.002	25.078	24.913	25.189	25.541	26.246	0.555
2025-10-16	-90.377	30.504	0.051	23.646	13.13	41.93	20.921	13.4	31.2	79.058	46.649	100	101.396	1.888	210.179	0.722	1.727	0.771	0	0.131	0.131	0.269	0.282	0.228	-122.105	-53.832	-26.668	NA	NA	0.096	0.111	0.001	25.564	25.334	25.499	25.628	26.106	0.545
2025-10-17	-90.377	30.504	0.051	23.988	14.14	41.45	21.361	14	29	83.811	57.073	100	101.364	2.111	198.758	0.996	2.284	0.57	0	0.129	0.13	0.268	0.281	0.228	-132.879	-55.293	-26.898	NA	NA	0.095	0.111	0.001	25.796	25.572	25.726	25.786	26.1	0.535
2025-10-18	-90.377	30.504	2.178	24.826	16.78	39.28	23.4	17.4	29.1	89.919	70.823	99.994	101.275	2.592	114.565	1.155	2.84	0.351	0.001	0.127	0.13	0.268	0.281	0.228	-138.579	-55.778	-27.131	NA	NA	0.096	0.112	0.002	25.815	25.689	25.893	25.961	26.1	0.544
2025-10-19	-90.377	30.504	0.017	24.784	11.5	37.94	23.364	13	29.1	74.581	47.895	97.864	101.559	2.168	210.806	1.701	4.038	0.765	0	0.125	0.13	0.268	0.281	0.228	-143.945	-56.777	-27.284	NA	NA	0.096	0.112	0.002	26.249	26.067	26.129	26.012	26.1	0.556
2025-10-20	-90.377	30.504	0.017	19.1	7	36.4	16.637	7.1	26	77.431	50.266	99.927	101.929	1.458	212.101	1.135	2.751	0.577	0	0.124	0.13	0.268	0.281	0.228	-171.193	-60.046	-27.689	NA	NA	0.094	0.11	0.001	23.58	23.63	24.43	25.472	26.073	0.549
2025-10-21	-90.377	30.504	0.102	23.992	12.34	40.27	21.548	13.1	29.9	83.31	57.844	100	101.708	2.133	183.375	1.102	2.787	0.583	0	0.122	0.129	0.268	0.281	0.228	-185.335	-63.067	-27.97	NA	NA	0.094	0.109	0	24.64	24.455	24.644	25.06	25.861	0.546
2025-10-22	-90.377	30.504	0	22.009	7.75	38.34	19.426	8.3	26.5	61.084	30.726	89.872	101.989	1.32	208.838	1.17	3.128	1.032	0	0.12	0.128	0.267	0.281	0.228	-211.839	-67.537	-28.259	NA	NA	0.095	0.11	0	25.47	25.233	25.454	25.414	25.7	0.54
2025-10-23	-90.377	30.504	0.051	17.648	5.11	37.06	15.076	5.5	26.1	75.118	38.428	100	102.038	1.232	198.342	0.922	2.069	0.67	0	0.118	0.128	0.267	0.281	0.228	-258.09	-72.362	-28.707	NA	NA	0.093	0.109	0	23.01	23.045	23.871	24.927	25.68	0.536
2025-10-24	-90.377	30.504	0.085	19.528	7.79	37.69	17.749	8.4	27.5	75.608	47.477	100	101.976	1.494	195.075	1.246	3.047	0.712	0	0.117	0.128	0.267	0.281	0.228	-298.449	-77.222	-29.061	NA	NA	0.092	0.109	0	23.023	22.967	23.533	24.394	25.486	0.526
2025-10-25	-90.377	30.504	7.777	19.423	13.43	24.7	19.336	14.6	23.3	92.829	80.839	100	101.698	2.112	37.77	0.996	2.503	0.157	0.002	0.115	0.128	0.267	0.281	0.228	-302.538	-78.412	-29.331	NA	NA	0.092	0.109	0	22.316	22.471	23.21	24.231	25.272	NA
2025-10-26	-90.377	30.504	45.535	23.793	19.38	31.36	22.938	19.2	27.2	93.294	73.915	100	101.288	2.604	113.661	1.475	3.581	0.212	0.002	0.213	0.235	0.27	0.282	0.228	-87.862	-42.529	-29.223	0.089	0.132	0.094	0.109	0	23.901	23.776	23.771	24.029	25.081	0.538
2025-10-27	-90.377	30.504	0.17	21.701	15.65	31.68	19.992	15	25.5	87.952	63.733	100	101.273	2.038	193.53	1.073	2.551	0.346	0	0.275	0.287	0.277	0.282	0.228	-1.081	-0.902	-28.425	0.08	0.132	0.113	0.11	0	23.478	23.497	23.799	24.251	24.988	0.551
2025-10-28	-90.377	30.504	0.051	21.111	14.61	31.48	19.046	14.1	25.3	89.593	67.57	99.885	101.332	1.967	142.407	0.962	2.375	0.279	0	0.271	0.275	0.28	0.282	0.228	-1.817	-1.018	-27.03	0.075	0.132	0.116	0.111	0	22.455	22.561	22.945	23.846	24.878	0.561
2025-10-29	-90.377	30.504	0.306	16.726	11.51	23.72	15.834	12.9	21.3	68.47	50.325	94.736	101.345	1.262	174.516	3.661	8.03	0.553	0	0.263	0.264	0.282	0.283	0.228	-3.666	-1.533	-25.684	0.07	0.125	0.114	0.111	0	20.468	20.956	21.898	23.443	24.716	0.545
2025-10-30	-90.377	30.504	0	15.015	7.72	25.13	12.974	6.8	18.4	75.279	54.456	94.811	101.656	1.113	186.841	1.974	4.337	0.411	0	0.247	0.25	0.283	0.285	0.229	-6.292	-3.189	-24.676	0.067	0.115	0.108	0.11	0	18.348	18.721	19.667	21.907	24.395	0.536
2025-10-31	-90.377	30.504	0.085	13.751	5.28	27.63	11.055	3.8	19.9	81.575	50.819	100	101.88	1.056	192.159	0.709	1.647	0.35	0	0.234	0.238	0.283	0.285	0.229	-8.122	-6.052	-23.788	0.064	0.111	0.105	0.11	0	17.467	17.799	18.704	20.909	23.853	0.536
2025-11-01	-90.377	30.504	0.068	15.002	5.47	28.71	12.614	4.5	20.7	82.148	54.527	100	101.907	1.192	185.605	0.821	1.858	0.366	0	0.223	0.228	0.282	0.286	0.229	-10.019	-9.424	-23.108	0.062	0.106	0.104	0.109	0	17.446	17.656	18.402	20.328	23.319	0.533
2025-11-02	-90.377	30.504	0	11.448	9.21	14.39	11.537	9	13.7	90.206	86.021	95.291	102.008	1.23	1.452	0.65	1.557	0.138	0	0.216	0.223	0.282	0.286	0.229	-10.793	-10.557	-22.703	0.06	0.102	0.103	0.11	0	17.36	17.83	18.848	20.434	23.003	NA
2025-11-03	-90.377	30.504	0.034	12.49	3.47	27.52	10.416	3	20.8	75.939	38.843	100	102.579	0.918	191.87	0.879	2.196	0.446	0	0.203	0.213	0.282	0.286	0.23	-12.385	-11.858	-22.154	0.054	0.095	0.1	0.109	0	16.467	16.797	17.743	19.801	22.598	0.524
2025-11-04	-90.377	30.504	0.068	13.367	3.88	28.97	11.637	3.1	22	78.18	44.566	99.966	102.575	1.037	187.853	0.835	1.926	0.464	0	0.195	0.207	0.281	0.287	0.23	-13.485	-12.834	-21.849	0.05	0.091	0.098	0.108	0	16.269	16.502	17.286	19.2	22.235	0.519
2025-11-05	-90.377	30.504	0.068	16.896	7.34	34.16	15.383	6.8	25.3	85.695	60.125	100	102.229	1.517	168.226	0.647	1.453	0.385	0	0.189	0.201	0.281	0.287	0.23	-14.483	-13.801	-21.565	0.05	0.09	0.099	0.108	0	17.632	17.6	17.952	19.142	21.878	0.514
2025-11-06	-90.377	30.504	0.068	18.659	9.29	33.11	17.131	8.9	26.4	86.477	61.446	100	101.835	1.7	176.222	0.878	2.144	0.376	0	0.184	0.196	0.28	0.286	0.23	-15.509	-14.768	-21.372	0.05	0.088	0.1	0.109	0	18.911	18.802	18.997	19.637	21.686	0.507
2025-11-07	-90.377	30.504	0.051	21.77	14.52	35.44	21.25	14.7	28.9	88.14	64.855	99.835	101.12	2.231	125.559	0.927	2.24	0.383	0	0.179	0.191	0.279	0.286	0.23	-16.451	-15.698	-21.229	0.052	0.088	0.101	0.11	0	20.956	20.723	20.54	20.436	21.674	0.517
2025-11-08	-90.377	30.504	0.085	21.038	13.41	35.15	20.069	13.9	28	88.859	62.551	100	101.09	2.083	135.965	0.829	1.876	0.358	0	0.176	0.187	0.279	0.286	0.23	-17.535	-16.521	-21.176	0.049	0.086	0.101	0.11	0	21.108	21	21.019	21.088	21.836	0.517
2025-11-09	-90.377	30.504	3.638	17.215	6.85	25.97	16.895	8.2	21	73.936	43.592	100	101.875	1.462	143.429	2.036	5.068	0.501	0.001	0.175	0.184	0.279	0.286	0.23	-18.349	-17.236	-21.185	0.049	0.083	0.1	0.11	0	20.169	20.37	20.891	21.419	22.015	0.539
2025-11-10	-90.377	30.504	0	7.91	-0.09	19.78	6.021	-1	11.4	62.97	38.513	84.368	102.976	0.578	180.536	1.975	4.619	0.381	0	0.175	0.183	0.28	0.287	0.23	-19.007	-17.546	-21.306	0.035	0.07	0.095	0.107	0	14.807	15.585	17.159	19.98	22.047	0.514
2025-11-11	-90.377	30.504	0	7.495	-2.25	23.55	4.633	-3.5	13.8	73.51	41.971	100	102.894	0.602	175.533	0.939	2.096	0.316	0	0.172	0.182	0.28	0.288	0.231	-19.573	-17.784	-21.291	0.027	0.063	0.091	0.106	0	12.972	13.522	14.909	18.017	21.574	0.482
2025-11-12	-90.377	30.504	0.017	14.341	2.71	31.36	12.849	2.2	23.5	82.834	57.71	100	102.423	1.267	161.062	0.887	2.089	0.392	0	0.169	0.18	0.28	0.288	0.231	-20.021	-18.205	-21.177	0.03	0.066	0.093	0.105	0	15.034	15.055	15.58	17.369	20.919	0.471
2025-11-13	-90.377	30.504	0.051	17.14	8.84	34.18	15.968	8.5	24.8	85.457	60.13	100	102.326	1.554	130.955	0.64	1.413	0.378	0	0.166	0.178	0.279	0.288	0.231	-20.661	-18.706	-21.07	0.034	0.069	0.096	0.106	0	17.398	17.206	17.415	18.083	20.525	0.47
2025-11-14	-90.377	30.504	0.034	17.339	8.96	34.07	15.972	8.9	25	83.157	51.991	100	102.156	1.487	146.496	0.696	1.603	0.451	0	0.164	0.176	0.278	0.287	0.231	-21.708	-19.288	-21.011	0.033	0.07	0.097	0.107	0	18.259	18.072	18.311	18.749	20.479	0.449
2025-11-15	-90.377	30.504	0.068	17.18	8.22	32.55	16.102	8.3	25.7	85.858	59.987	100	101.674	1.58	134.822	0.807	1.831	0.379	0	0.162	0.174	0.278	0.287	0.231	-22.97	-19.941	-21.038	0.031	0.069	0.097	0.107	0	18.345	18.227	18.534	19.096	20.5	0.446
2025-11-16	-90.377	30.504	0.119	19.15	10.33	34.87	17.941	10.9	27.4	87.025	59.362	100	101.299	1.79	152.355	0.815	1.824	0.391	0	0.16	0.172	0.278	0.287	0.231	-24.184	-20.499	-21.071	0.031	0.069	0.098	0.107	0	19.272	19.043	19.145	19.392	20.584	0.438
2025-11-17	-90.377	30.504	0.17	19.718	11.68	34.65	18.032	12	26.1	89.265	65.536	100	101.547	1.847	132.41	0.651	1.521	0.301	0	0.158	0.171	0.277	0.286	0.231	-25.265	-21.071	-21.091	0.032	0.069	0.099	0.108	0	20.106	19.854	19.922	19.915	20.671	0.425
2025-11-18	-90.377	30.504	0.068	22.015	13.98	34.57	21.026	14.6	27.8	87.159	64.693	100	101.843	2.157	121.039	1.162	2.729	0.412	0	0.157	0.169	0.277	0.286	0.231	-26.38	-21.644	-21.182	0.034	0.07	0.099	0.108	0	21.219	20.869	20.74	20.44	20.842	0.43
2025-11-19	-90.377	30.504	0.238	21.751	14.93	38.06	19.702	15.7	27.2	89.817	62.956	100	102.103	2.05	134.153	0.662	1.511	0.312	0	0.155	0.167	0.277	0.286	0.231	-27.392	-22.221	-21.235	0.034	0.071	0.1	0.11	0	21.932	21.617	21.516	21.056	21.053	0.435
2025-11-20	-90.377	30.504	0.204	22.769	16.43	35.09	21.001	15.8	26.7	89.546	67.114	100	101.873	2.209	130.664	1.022	2.406	0.318	0	0.154	0.166	0.276	0.286	0.231	-28.628	-22.78	-21.294	0.033	0.071	0.1	0.11	0	22.274	21.967	21.861	21.467	21.308	0.433
2025-11-21	-90.377	30.504	5.662	23.152	18.71	30.84	22.92	19.2	27.8	92.476	71.295	99.554	101.554	2.582	75.792	1.235	3.033	0.238	0.002	0.152	0.164	0.277	0.286	0.231	-28.817	-23.048	-21.384	0.035	0.073	0.1	0.11	0	22.824	22.614	22.424	21.909	21.535	NA
2025-11-22	-90.377	30.504	0.459	23.108	16.87	32.62	22.635	17	28.4	92.353	72.094	100	101.793	2.537	89.048	1.164	2.383	0.248	0	0.154	0.163	0.277	0.286	0.231	-28.383	-23.21	-21.428	0.042	0.075	0.1	0.11	0	22.904	22.748	22.598	22.192	21.778	NA
2025-11-23	-90.377	30.504	0	18.414	10.98	31.52	16.699	10.9	24.2	84.469	59.352	100	101.981	1.596	152.948	0.994	2.654	0.369	0	0.156	0.163	0.277	0.286	0.231	-28.592	-23.364	-21.569	0.037	0.071	0.098	0.11	0	20.971	21.077	21.578	22.032	21.967	0.444
2025-11-24	-90.377	30.504	0.085	19.757	9.75	32.19	18.183	9.3	24.9	91.377	78.175	100	101.674	1.978	126.993	1.529	3.562	0.23	0	0.155	0.162	0.277	0.286	0.231	-28.913	-23.387	-21.709	0.033	0.068	0.096	0.108	0	19.978	19.986	20.36	21.218	21.967	0.442
2025-11-25	-90.377	30.504	0.068	21.453	13.03	33.9	21.708	14	27.2	90.585	71.749	100	101.504	2.361	82.824	1.307	2.896	0.282	0	0.154	0.161	0.276	0.286	0.231	-28.499	-23.537	-21.681	0.036	0.072	0.098	0.109	0	21.968	21.78	21.748	21.521	21.816	NA
2025-11-26	-90.377	30.504	0.204	14.757	5.17	28.67	14.256	7.7	20	75.702	46.007	100	102.289	1.239	129.222	1.319	3.409	0.418	0	0.153	0.161	0.277	0.286	0.231	-30.092	-23.812	-21.769	0.027	0.065	0.096	0.108	0	19.159	19.403	20.206	21.258	21.897	0.458
2025-11-27	-90.377	30.504	0	9.578	1.04	26.12	7.799	0.6	16.7	64.275	34.258	95.49	102.793	0.644	152.315	1.063	2.635	0.479	0	0.152	0.16	0.277	0.287	0.231	-32.466	-24.12	-21.901	0.018	0.056	0.093	0.106	0	16.022	16.428	17.748	19.938	21.722	0.434
2025-11-28	-90.377	30.504	0.068	8.748	-0.52	24.72	6.593	-0.7	14.6	67.872	38.16	99.899	102.927	0.624	148.921	1.125	2.693	0.409	0	0.151	0.16	0.278	0.287	0.231	-34.38	-24.353	-21.994	0.011	0.051	0.09	0.104	0	14.395	14.751	16.073	18.56	21.283	0.43
2025-11-29	-90.377	30.504	0	14.072	1.95	31.07	12.9	3.4	20.3	68.353	59.797	79.613	102.28	1.076	133.968	1.851	4.353	0.506	0	0.15	0.158	0.277	0.288	0.231	-35.568	-24.7	-22.021	0.012	0.052	0.09	0.103	0	15.336	15.369	16.066	17.814	20.744	0.428
2025-11-30	-90.377	30.504	2.842	13.645	9.77	18.26	12.991	8.9	16.3	96.632	80.338	100	102.119	1.46	25.098	1.177	3.299	0.05	0.001	0.149	0.158	0.277	0.288	0.231	-34.656	-24.756	-22	0.016	0.055	0.092	0.105	0	16.399	16.507	17.1	18.171	20.357	NA
2025-12-01	-90.377	30.504	0.068	13.351	8.8	19.99	11.43	7.7	15.4	92.455	84.754	98.912	101.834	1.259	60.133	1.481	3.728	0.111	0	0.148	0.157	0.278	0.288	0.231	-34.725	-24.815	-22.005	NA	0.052	0.09	0.104	0	15.348	15.541	16.299	17.872	20.177	NA
2025-12-02	-90.377	30.504	0.017	9.15	3.77	13.86	6.598	3	13.4	87.848	78.066	99.927	101.735	0.876	62.204	2.323	5.507	0.111	0	0.148	0.157	0.278	0.288	0.231	-35.398	-25.009	-22.045	NA	0.048	0.089	0.103	0	14.16	14.597	15.681	17.559	19.95	NA
2025-12-03	-90.377	30.504	0.749	9.19	2.5	20.66	6.081	1.6	10.7	84.404	67.516	95.544	102.048	0.797	85.426	0.996	2.227	0.163	0	0.148	0.157	0.278	0.289	0.231	-36.658	-25.267	-22.145	NA	0.044	0.086	0.102	0	12.819	13.1	14.21	16.517	19.647	NA
2025-12-04	-90.377	30.504	104.284	10.764	9.52	12.96	9.691	8	11.6	99.482	93.888	100	101.775	1.2	8.534	1.491	3.907	0.005	0.002	0.268	0.283	0.311	0.303	0.239	-9.863	-9	-9.85	0.093	0.126	0.215	0.116	0.004	12.778	12.818	13.865	15.891	19.204	NA
2025-12-05	-90.377	30.504	0.204	10.042	9.11	11.92	8.318	7.6	9.2	99.509	97.206	100	101.731	1.091	23.184	1.395	3.264	0.004	0	0.317	0.338	0.314	0.31	0.274	-0.1	-0.2	-0.3	0.044	0.093	0.25	0.127	0.019	12.421	12.576	13.382	15.268	18.633	NA
2025-12-06	-90.377	30.504	4.287	11.168	9.23	15.18	9.516	7.9	12.2	98.868	92.835	100	101.604	1.179	43.777	1.022	2.29	0.013	0.001	0.319	0.338	0.315	0.309	0.274	-0.1	-0.2	-0.26	0.041	0.09	0.253	0.128	0.017	12.75	12.81	13.454	15.131	18.28	NA
2025-12-07	-90.377	30.504	4.911	15.399	11.35	24.31	14.154	10.2	21	93.836	76.625	100	101.456	1.523	96.514	1.096	2.704	0.126	0	0.317	0.335	0.308	0.308	0.276	-0.1	-0.192	-0.3	0.042	0.088	0.24	0.129	0.016	14.994	14.796	14.852	15.49	18.022	NA
2025-12-08	-90.377	30.504	0.068	11.961	7.8	15.2	10.739	6.9	14.1	85.904	73.706	100	102.16	1.121	58.252	1.826	4.965	0.176	0	0.319	0.336	0.312	0.308	0.276	-0.1	-0.1	-0.245	0.04	0.09	0.244	0.136	0.017	14.558	14.684	15.305	16.231	17.977	NA
2025-12-09	-90.377	30.504	0	8.048	1.62	19.11	5.619	0.2	13.2	85.759	64.251	100	102.186	0.784	141.948	0.831	1.906	0.162	0	0.318	0.333	0.303	0.306	0.277	-0.1	-0.1	-0.302	0.033	0.082	0.206	0.133	0.016	12.256	12.464	13.509	15.506	17.974	0.472
2025-12-10	-90.377	30.504	0.119	11.151	2.1	22.98	10.651	0.5	21.6	86.202	60.888	100	101.616	1.146	134.35	1.41	2.938	0.284	0	0.315	0.329	0.301	0.306	0.276	-0.1	-0.1	-0.4	0.033	0.078	0.193	0.132	0.015	12.418	12.476	13.097	14.833	17.726	0.47
2025-12-11	-90.377	30.504	0.085	9.209	2.44	20.95	8.027	1.9	16.4	80.629	51.037	100	101.927	0.847	142.254	0.83	1.843	0.282	0	0.312	0.324	0.3	0.305	0.276	-0.1	-0.1	-0.457	0.033	0.073	0.183	0.132	0.014	12.407	12.5	13.334	14.881	17.459	0.463
2025-12-12	-90.377	30.504	2.281	13.694	4.01	26.01	12.967	2.8	23.4	90.766	71.95	100	101.742	1.435	99.372	0.793	1.821	0.209	0.001	0.309	0.32	0.299	0.304	0.275	-0.1	-0.1	-0.517	0.035	0.074	0.179	0.132	0.013	13.267	13.154	13.445	14.652	17.264	NA
2025-12-13	-90.377	30.504	0.051	17.959	12.35	27.72	17.834	12.6	24.7	88.5	66.423	100	101.852	1.804	129.849	0.947	2.08	0.308	0	0.309	0.32	0.298	0.303	0.274	-0.1	-0.1	-0.6	0.042	0.082	0.187	0.135	0.011	16.855	16.47	16.172	15.757	17.153	0.475
2025-12-14	-90.377	30.504	5.68	9.732	0.22	15.6	8.197	-0.3	15.4	80.481	53.96	100	102.615	0.95	88.421	2.159	5.765	0.176	0	0.317	0.329	0.302	0.303	0.273	-0.1	-0.1	-0.558	0.039	0.087	0.208	0.137	0.011	14.469	14.723	15.655	16.529	17.392	NA
2025-12-15	-90.377	30.504	0	3.814	-2.69	14.98	1.002	-4.3	10.1	66.538	39.961	92.282	102.927	0.429	143.346	0.892	2.241	0.259	0	0.32	0.332	0.302	0.304	0.272	-0.1	-0.1	-0.599	0.029	0.076	0.184	0.134	0.01	9.346	9.836	11.483	14.666	17.449	0.456
2025-12-16	-90.377	30.504	0.068	7.193	-1.47	19.44	5.96	-3.1	16.2	84.036	61.537	100	102.32	0.814	116.186	0.823	1.761	0.216	0	0.316	0.327	0.301	0.305	0.272	-0.1	-0.1	-0.614	0.029	0.071	0.172	0.133	0.009	9.436	9.637	10.628	13.254	16.971	0.459
2025-12-17	-90.377	30.504	0	8.429	7.31	10.96	8.222	7	11	98.202	96.776	99.221	101.995	1.071	1.575	0.396	1.012	0.019	0	0.314	0.324	0.299	0.304	0.272	-0.1	-0.1	-0.7	0.03	0.072	0.17	0.134	0.008	10.561	10.759	11.638	13.38	16.588	NA
2025-12-18	-90.377	30.504	0.46	21.183	14.88	27.58	22.587	18.2	25.9	77.75	62.422	99.2	101.038	2.122	144.425	2.429	5.438	0.641	0	0.307	0.317	0.297	0.303	0.27	-0.1	-0.1	-0.8	0.044	0.084	0.177	0.138	0.006	17.838	17.196	16.238	15.106	16.4	0.461
2025-12-19	-90.377	30.504	0	10.664	3.73	21.04	10.183	2.7	17.7	67.51	40.002	99.062	102.045	0.81	138.723	1.194	2.786	0.498	0	0.307	0.314	0.297	0.302	0.27	-0.1	-0.1	-0.822	0.036	0.076	0.167	0.138	0.007	14.409	14.483	15.162	15.735	16.61	0.461
2025-12-20	-90.377	30.504	0.017	12.978	2.47	24.61	12.703	1.1	22.6	85.123	66.554	100	101.88	1.33	130.132	1.058	2.422	0.324	0	0.301	0.307	0.297	0.302	0.269	-0.143	-0.1	-0.948	0.034	0.07	0.155	0.135	0.007	13.182	13.143	13.638	14.941	16.779	0.458
2025-12-21	-90.377	30.504	9.128	19.999	13.9	29.48	19.595	14.9	27.1	94.469	72.471	100	102.137	2.169	97.628	0.823	1.849	0.165	0.001	0.3	0.308	0.296	0.302	0.268	-0.17	-0.102	-1.048	0.045	0.082	0.169	0.138	0.006	17.517	17.069	16.467	15.732	16.71	NA
2025-12-22	-90.377	30.504	0.17	19.432	14.72	23.06	18.974	15.5	21.1	97.673	90.872	100	102.502	2.15	43.4	1.05	2.526	0.048	0	0.313	0.326	0.299	0.301	0.268	-0.1	-0.1	-0.938	0.051	0.101	0.202	0.142	0.007	19.07	18.773	18.382	17.306	16.996	NA
2025-12-23	-90.377	30.504	0.085	18.193	11.18	27.85	17.824	11.2	24.8	91.551	68.685	100	102.596	1.887	130.955	0.981	2.256	0.227	0	0.313	0.325	0.298	0.301	0.268	-0.1	-0.1	-0.9	0.048	0.096	0.188	0.143	0.007	18.187	17.967	17.981	17.699	17.464	0.486
2025-12-24	-90.377	30.504	0.238	19.035	13.84	27.68	17.889	13.7	23.8	95.264	74.349	100	102.608	1.958	94.727	0.756	1.669	0.119	0	0.31	0.32	0.296	0.3	0.267	-0.1	-0.1	-0.985	0.049	0.093	0.181	0.144	0.008	19.252	18.973	18.787	18.139	17.772	NA
2025-12-25	-90.377	30.504	0.272	18.582	14	27.24	17.548	14.5	24.1	94.82	71.422	100	102.278	1.901	87.768	0.688	1.494	0.133	0	0.308	0.317	0.295	0.3	0.267	-0.1	-0.1	-1.048	0.047	0.089	0.174	0.143	0.009	18.949	18.772	18.735	18.433	18.075	NA
2025-12-26	-90.377	30.504	0.357	18.764	13.48	26.87	19.141	13.6	25.5	92.949	72.732	100	101.805	2.075	66.928	0.865	1.913	0.193	0	0.306	0.313	0.295	0.3	0.266	-0.1	-0.1	-1.1	0.045	0.084	0.169	0.143	0.009	18.721	18.585	18.605	18.486	18.311	NA
2025-12-27	-90.377	30.504	0.068	20.6	15.89	29.27	20.613	17.8	26.2	92.531	68.23	100	101.706	2.24	102.341	1.041	2.467	0.212	0	0.302	0.307	0.294	0.299	0.265	-0.118	-0.1	-1.198	0.046	0.081	0.165	0.143	0.009	19.858	19.591	19.377	18.792	18.471	0.52
2025-12-28	-90.377	30.504	0.306	19.637	13.77	26.72	19.971	14.1	25.4	89.623	72.34	100	101.653	2.095	95.15	1.218	2.809	0.299	0	0.298	0.301	0.294	0.299	0.265	-0.2	-0.109	-1.339	0.044	0.076	0.158	0.143	0.008	19.46	19.298	19.3	19.068	18.693	NA
2025-12-29	-90.377	30.504	0.289	10.943	2.5	19.6	10.292	3.3	20.1	64.666	40.832	100	102.375	0.908	77.101	2.546	6.151	0.393	0	0.295	0.296	0.294	0.299	0.264	-0.257	-0.2	-1.495	0.037	0.065	0.149	0.142	0.009	16.214	16.682	17.744	18.843	18.863	NA
2025-12-30	-90.377	30.504	0	5.137	-0.66	15.79	3.611	-1.8	10.1	59.953	39.4	84.494	102.81	0.466	147.153	1.578	3.616	0.347	0	0.289	0.289	0.296	0.301	0.264	-0.534	-0.203	-1.736	0.026	0.049	0.133	0.138	0.008	10.857	11.576	13.209	16.466	18.747	0.495
2025-12-31	-90.377	30.504	0.034	6.091	-2.44	19.58	4.89	-3.8	16	70.036	33.534	100	102.428	0.573	144.275	0.86	1.854	0.386	0	0.281	0.282	0.296	0.301	0.263	-1.017	-0.3	-1.938	0.022	0.043	0.125	0.135	0.007	9.919	10.387	11.622	14.617	18.092	0.474
