2025-07-30	-91.234	31.95	0.068	28.971	24.17	36.06	28.022	23.5	32.3	78.494	61.013	92.859	101.174	2.946	168.247	1.638	3.616	0.896	0	NA	0.28	NA	NA	0.329	NA	NA	NA	NA	1.728	NA	NA	3.91	NA	31.669	NA	NA	28.064	0.76
2025-07-31	-91.234	31.95	25.195	29.177	22.5	40.46	26.275	21.9	32.2	87.633	68	99.725	101.372	2.978	270.94	1.12	2.622	0.503	0	NA	0.291	NA	NA	0.331	NA	NA	NA	NA	1.756	NA	NA	3.93	NA	30.273	NA	NA	28	0.748
2025-08-01	-91.234	31.95	1.14	28.793	23.1	40.96	25.816	22.2	31.7	92.082	71.564	100	101.625	3.059	255.335	1.018	2.434	0.317	0	NA	0.372	NA	NA	0.333	NA	NA	NA	NA	2.097	NA	NA	3.931	NA	29.961	NA	NA	28.029	0.771
2025-08-02	-91.234	31.95	0	27.729	23.29	39.65	25.616	23.2	30.5	92.085	74.635	100	101.627	3.015	164.305	0.84	2.054	0.294	0	NA	0.361	NA	NA	0.336	NA	NA	NA	NA	2.108	NA	NA	3.914	NA	29.968	NA	NA	28	0.811
2025-08-03	-91.234	31.95	0	26.992	21.07	37.79	25.4	21.2	29.9	80.662	57.169	99.683	101.312	2.569	234.465	0.715	1.834	0.718	0	NA	0.352	NA	NA	0.337	NA	NA	NA	NA	2.113	NA	NA	3.911	NA	29.663	NA	NA	28	0.793
2025-08-04	-91.234	31.95	0	27.255	18.57	40.35	25.265	18.7	30.9	77.295	51.195	99.555	101.269	2.428	303.589	0.727	1.735	0.872	0	NA	0.342	NA	NA	0.337	NA	NA	NA	NA	2.07	NA	NA	3.912	NA	29.824	NA	NA	28	0.8
2025-08-05	-91.234	31.95	0	29.796	21.95	44.01	27.208	22.9	32.4	80.514	55.436	99.175	101.626	2.85	303.35	0.985	2.233	0.823	0	0.247	0.33	0.256	0.375	0.337	-91.084	-71.191	-65.914	0.654	2.017	2.591	4.003	3.915	33.097	30.734	30.075	28.932	27.902	0.788
2025-08-06	-91.234	31.95	0	29.418	21.89	42.02	27.22	22.5	33.2	80.262	54.041	99.672	101.896	2.864	275.347	1.041	2.253	0.792	0	0.246	0.322	0.256	0.375	0.338	-110.744	-74.918	-67.652	0.648	1.886	2.582	3.992	3.915	31.229	31.148	30.006	28.911	27.9	0.799
2025-08-07	-91.234	31.95	0	29.407	21.63	41.54	27.074	22.2	32.4	82.695	57.512	99.705	101.727	2.915	298.384	0.767	1.672	0.736	0	0.243	0.307	0.255	0.376	0.338	-117.653	-76.719	-68.118	0.639	1.818	2.574	3.943	3.915	31.47	31.158	30.097	29.024	27.997	0.783
2025-08-08	-91.234	31.95	0	29.786	21.45	41.32	27.731	22.2	33	79.875	56.441	99.775	101.39	2.916	305.925	1.019	2.142	0.876	0	0.239	0.297	0.254	0.375	0.338	-125.059	-78.432	-67.74	0.622	1.75	2.556	3.867	3.912	31.641	31.32	30.235	29.111	28	0.783
2025-08-09	-91.234	31.95	0	29.621	22.16	41.38	27.476	23.1	32.3	77.417	56.702	94.739	101.386	2.804	305.267	0.988	2.153	0.911	0	0.236	0.278	0.252	0.371	0.339	-133.841	-80.623	-67.926	0.596	1.706	2.503	3.803	3.907	31.832	31.492	30.378	29.195	28.099	0.799
2025-08-10	-91.234	31.95	0	29.227	21.11	40.69	27.351	22.2	32.2	78.102	60.643	95.46	101.415	2.809	297.205	0.866	2.054	0.891	0	0.231	0.272	0.248	0.365	0.339	-145.574	-84.005	-69.029	0.563	1.592	2.448	3.752	3.902	31.533	31.241	30.327	29.261	28.148	0.802
2025-08-11	-91.234	31.95	0	30.197	22.91	40.67	28.316	23.5	33.1	78.522	59.69	94.56	101.293	2.989	290.361	0.865	2.103	0.916	0	0.227	0.265	0.244	0.356	0.339	-158.176	-88.074	-71.112	0.529	1.5	2.412	3.713	3.896	31.867	31.415	30.391	29.286	28.2	0.806
2025-08-12	-91.234	31.95	0	30.392	23.39	42.46	28.232	23.9	33.8	79.708	55.095	99.385	101.171	2.997	283.848	0.883	2.034	0.907	0	0.223	0.257	0.239	0.344	0.338	-174.306	-92.611	-73.858	0.497	1.402	2.393	3.709	3.889	31.972	31.505	30.515	29.368	28.207	0.81
2025-08-13	-91.234	31.95	0	30.177	22.91	42.59	28.08	23.1	33.8	82.134	59.51	100	101.142	3.07	278.846	0.878	1.981	0.801	0	0.219	0.251	0.234	0.329	0.337	-194.167	-97.97	-77.438	0.458	1.295	2.365	3.743	3.886	31.963	31.472	30.585	29.439	28.3	0.806
2025-08-14	-91.234	31.95	10.71	26.532	22.62	38.77	25.357	21.8	31.1	94.399	76.985	99.969	101.326	3.057	95.753	1.072	2.455	0.202	0.001	0.217	0.254	0.231	0.32	0.336	-211.912	-104.797	-82.026	0.431	1.286	2.343	3.747	3.876	30.123	30.375	30.334	29.484	28.32	NA
2025-08-15	-91.234	31.95	0.017	28.653	21.83	40.14	26.605	22	33.5	86.862	56.718	100	101.615	2.987	287.454	1.038	2.294	0.571	0	0.218	0.257	0.23	0.317	0.336	-126.761	-112.63	-87.232	0.454	1.31	2.336	3.675	3.862	30.121	29.821	29.503	29.206	28.328	0.834
2025-08-16	-91.234	31.95	0	29.232	21.78	40.84	27.73	22.3	33.9	84.709	58.283	100	101.609	3.107	257.436	0.808	1.766	0.699	0	0.218	0.253	0.228	0.303	0.335	-116.05	-118.524	-92.134	0.45	1.204	2.338	3.718	3.858	30.817	30.399	29.823	29.111	28.238	0.822
2025-08-17	-91.234	31.95	0	30.204	22.82	41.11	28.978	23.6	35	81.013	57.769	99.884	101.323	3.171	272.893	0.752	1.685	0.915	0	0.217	0.249	0.226	0.289	0.333	-137.357	-124.676	-97.159	0.44	1.156	2.34	3.794	3.86	31.66	31.017	30.168	29.17	28.2	0.826
2025-08-18	-91.234	31.95	0.306	28.878	23.19	41.59	27.267	23.3	35.6	84.263	50.302	100	101.241	2.99	248.127	0.863	1.954	0.738	0	0.215	0.246	0.224	0.275	0.331	-175.351	-131.311	-103.048	0.413	1.114	2.337	3.839	3.867	31.601	31.185	30.421	29.287	28.24	0.848
2025-08-19	-91.234	31.95	0.017	29.853	21.67	41.57	28	22.3	34.9	81.075	52.924	100	101.259	2.994	297.061	0.901	2.034	0.896	0	0.213	0.242	0.221	0.26	0.328	-219.539	-139.429	-110.39	0.386	1.08	2.333	3.841	3.871	31.431	30.951	30.207	29.331	28.3	0.817
2025-08-20	-91.234	31.95	0.698	29.114	22.11	41.41	27.031	22.5	33.6	81.887	58.709	100	101.08	2.883	280.09	1.29	2.921	0.762	0	0.211	0.238	0.219	0.243	0.325	-265.745	-147.051	-119.016	0.364	1.046	2.329	3.839	3.873	31.438	31.108	30.366	29.359	28.3	0.819
2025-08-21	-91.234	31.95	0	26.188	22.02	33.41	24.641	22.2	28.3	92.709	79.97	99.771	101	2.873	103.505	0.66	1.455	0.242	0	0.209	0.234	0.217	0.232	0.322	-318.766	-156.604	-128.507	0.355	1.02	2.319	3.835	3.867	29.793	30.006	29.922	29.344	28.35	0.837
2025-08-22	-91.234	31.95	0	28.502	21.67	40.14	26.752	22.6	32.4	80.058	55.544	99.274	101.131	2.755	274.17	0.771	1.808	0.817	0	0.208	0.232	0.216	0.223	0.32	-353.568	-165.922	-138.028	0.349	1.005	2.316	3.838	3.87	30.359	29.924	29.429	29.074	28.3	0.817
2025-08-23	-91.234	31.95	0	26.907	18	40.17	25.653	18.8	32.6	75.403	44.163	99.662	101.192	2.4	289.305	0.814	2.017	1.01	0	0.206	0.228	0.213	0.209	0.316	-406.261	-175.034	-148.506	0.33	0.982	2.316	3.851	3.873	30.267	29.98	29.471	28.963	28.214	0.808
2025-08-24	-91.234	31.95	0	26.617	17.27	40.48	25.411	18.4	32.9	74.588	48.267	96.918	101.248	2.353	289.254	0.814	2.069	1.034	0	0.203	0.224	0.211	0.196	0.311	-465.645	-185.56	-160.472	0.318	0.961	2.314	3.877	3.863	29.914	29.659	29.216	28.853	28.179	0.809
2025-08-25	-91.234	31.95	0	26.796	18.1	40.1	26.425	21	32.4	66.77	43.425	87.925	101.487	2.253	282.532	0.883	2.247	1.27	0	0.201	0.221	0.209	0.185	0.306	-529.223	-196.695	-173.623	0.307	0.944	2.31	3.926	3.862	29.726	29.503	29.056	28.707	28.091	0.808
2025-08-26	-91.234	31.95	0	27.317	19.88	39.03	25.499	21.4	30.6	68.999	54.654	83.793	101.809	2.231	276.723	0.905	2.382	1.073	0	0.199	0.218	0.207	0.174	0.301	-591.11	-208.576	-187.741	0.295	0.93	2.303	4.028	3.873	29.831	29.528	28.995	28.604	28	0.81
2025-08-27	-91.234	31.95	0	27.348	21.47	39.17	25.16	21.8	29.7	75.366	65.076	91.917	101.893	2.406	228.206	0.901	2.194	0.828	0	0.197	0.215	0.206	0.165	0.297	-649.696	-221.398	-202.787	0.288	0.917	2.295	4.132	3.885	29.748	29.466	28.97	28.521	27.932	0.818
2025-08-28	-91.234	31.95	3.114	26.315	21.23	39.68	24.857	21.8	30.9	88.579	73.359	96.444	101.536	2.782	141.728	1.09	2.515	0.389	0.001	0.196	0.214	0.206	0.159	0.294	-703.981	-235.927	-217.327	0.281	0.909	2.285	4.183	3.899	29.176	29.097	28.835	28.496	27.9	0.831
2025-08-29	-91.234	31.95	33.778	23.45	20.19	29.47	21.778	20.5	23.3	98.613	94.821	100	101.387	2.575	60.432	0.759	1.748	0.034	0.001	0.208	0.294	0.25	0.159	0.293	-239.221	-108.674	-229.182	0.344	1.744	2.591	4.161	3.866	27.263	27.74	28.157	28.344	27.83	NA
2025-08-30	-91.234	31.95	0	26.617	19.9	36.12	24.556	20.6	30.4	87.859	63.724	100	101.281	2.678	265.478	0.8	1.873	0.457	0	0.22	0.33	0.274	0.163	0.293	-0.117	-0.431	-237.844	0.492	2.13	2.851	4.102	3.843	28.254	27.932	27.727	27.957	27.708	0.829
2025-08-31	-91.234	31.95	0	26.07	19.24	36.44	25.095	19.6	31.1	83.072	57.176	100	101.404	2.599	250.393	0.664	1.526	0.661	0	0.22	0.317	0.264	0.162	0.293	-0.825	-1.8	-243.089	0.508	2.05	2.825	4.125	3.856	28.631	28.381	28.126	27.901	27.55	0.823
2025-09-01	-91.234	31.95	0	26.507	18.56	36.54	25.627	19.4	31.3	77.178	54.69	99.853	101.428	2.481	272.15	0.77	1.761	0.883	0	0.219	0.305	0.255	0.16	0.292	-7.934	-6.985	-248.199	0.477	1.971	2.789	4.153	3.872	28.704	28.435	28.174	27.913	27.5	0.821
2025-09-02	-91.234	31.95	5.608	26.496	21.7	36.39	25.056	20.2	29.5	85.334	61.413	100	101.326	2.697	192.717	0.885	2.094	0.503	0	0.217	0.293	0.247	0.159	0.291	-13.407	-11.29	-251.903	0.449	1.93	2.754	4.172	3.885	28.867	28.661	28.382	27.946	27.421	0.836
2025-09-03	-91.234	31.95	26.741	25.919	20.67	36.23	24.845	20.9	30.7	87.967	68.434	99.307	101.058	2.744	213.323	1.118	2.602	0.442	0	0.23	0.301	0.253	0.162	0.291	-13.907	-11.133	-254.236	0.471	1.953	2.77	4.114	3.887	28.331	28.271	28.199	27.951	27.4	0.839
2025-09-04	-91.234	31.95	0.017	26.981	20.15	36.78	25.845	20.9	31.4	86.593	59.476	100	100.916	2.851	271.614	1.279	2.625	0.547	0	0.268	0.345	0.291	0.18	0.29	-0.1	-0.227	-249.095	0.611	2.157	2.893	3.745	3.879	28.492	28.278	28.041	27.888	27.4	0.827
2025-09-05	-91.234	31.95	0	27.634	22.33	35.71	27.043	23.2	31.4	85.917	68.42	99.965	101.113	3.047	216.131	1.389	2.801	0.567	0	0.261	0.334	0.285	0.184	0.291	-0.198	-0.451	-237.556	0.701	2.115	2.849	3.708	3.885	29.029	28.809	28.351	27.891	27.4	0.833
2025-09-06	-91.234	31.95	3.944	24.691	19.4	31.83	23.651	19.7	26.8	86.453	71.515	98.713	101.496	2.527	166.34	1.038	2.745	0.415	0	0.26	0.326	0.28	0.186	0.291	-0.749	-1.308	-229.975	0.764	2.096	2.818	3.695	3.894	28.551	28.558	28.439	27.98	27.4	0.845
2025-09-07	-91.234	31.95	0	22.736	15.74	32.37	21.674	17.3	27.2	75.935	47.486	100	101.767	1.922	271.243	1.033	2.818	0.719	0	0.259	0.32	0.277	0.188	0.291	-1.811	-4.36	-225.445	0.777	2.075	2.866	3.687	3.9	27.738	27.748	27.909	27.884	27.4	0.826
2025-09-08	-91.234	31.95	0	20.93	12.83	33.06	20.681	14.3	27.7	71.557	46.733	98.823	101.704	1.694	285.147	0.786	1.966	0.831	0	0.255	0.312	0.272	0.188	0.29	-8.327	-8.867	-223.779	0.73	2.032	2.851	3.687	3.91	26.396	26.719	27.214	27.635	27.33	0.796
2025-09-09	-91.234	31.95	0	23.539	13.37	35.5	22.652	14	31	81.438	58.919	100	101.441	2.256	261.67	0.781	1.83	0.659	0	0.25	0.303	0.265	0.188	0.29	-13.094	-11.699	-223.78	0.651	1.976	2.836	3.697	3.918	26.232	26.298	26.63	27.247	27.175	0.793
2025-09-10	-91.234	31.95	0	26.088	19.21	35.66	25.746	20.4	31.5	81.326	58.629	99.849	101.629	2.654	241.199	0.817	1.768	0.727	0	0.246	0.294	0.26	0.187	0.29	-18.766	-13.609	-222.18	0.588	1.887	2.801	3.708	3.927	27.474	27.159	26.965	27.045	26.971	0.787
2025-09-11	-91.234	31.95	0	26.037	18.92	35.69	25.984	19.7	31.9	77.632	53.007	99.433	101.748	2.554	251.545	0.792	1.745	0.89	0	0.241	0.283	0.254	0.186	0.289	-26.938	-15.476	-219	0.539	1.786	2.76	3.722	3.934	27.634	27.348	27.192	27.057	26.86	0.785
2025-09-12	-91.234	31.95	0	26.001	18.74	36.25	26.07	19.4	33.1	76.988	47.487	100	101.67	2.493	257.772	0.642	1.421	1.008	0	0.235	0.27	0.248	0.185	0.288	-38.497	-17.33	-217.83	0.497	1.652	2.718	3.742	3.949	27.719	27.421	27.3	27.103	26.8	0.778
2025-09-13	-91.234	31.95	0	25.927	18.19	36.73	26.176	20.4	33.8	75.85	42.811	100	101.448	2.461	261.277	0.684	1.526	1.069	0	0.23	0.259	0.242	0.182	0.288	-57.308	-19.053	-217.976	0.463	1.474	2.674	3.782	3.956	27.806	27.493	27.355	27.14	26.8	0.769
2025-09-14	-91.234	31.95	0	24.857	17.23	35.9	24.956	18.2	32.5	75.817	39.948	99.863	101.325	2.292	256.646	0.789	1.687	1.003	0	0.225	0.249	0.237	0.18	0.286	-85.654	-21.131	-219.992	0.433	1.316	2.639	3.787	3.967	27.326	27.149	27.211	27.117	26.8	0.761
2025-09-15	-91.234	31.95	0	25.486	18.78	36.11	25.589	20.2	32.5	77.357	50.034	99.502	101.515	2.467	241.67	0.855	1.803	0.921	0	0.222	0.241	0.233	0.18	0.285	-127.926	-23.576	-223.402	0.414	1.166	2.592	3.761	3.973	27.357	27.097	27.094	27.024	26.708	0.763
2025-09-16	-91.234	31.95	0.017	24.444	19.62	35.21	24.29	20.7	31.2	82.82	59.837	99.039	101.604	2.486	143.533	1.178	2.574	0.6	0	0.219	0.234	0.229	0.178	0.284	-179.36	-26.232	-225.791	0.401	1.067	2.539	3.775	3.982	27.011	26.918	27.028	27.008	26.7	0.782
2025-09-17	-91.234	31.95	0	25.721	18.64	36.65	25.344	19.3	32.2	80.322	53.399	99.997	101.431	2.545	227.676	1.042	2.203	0.78	0	0.218	0.23	0.225	0.175	0.283	-232.376	-29.37	-227.728	0.391	1.016	2.498	3.8	3.988	27.119	26.87	26.857	26.906	26.625	0.753
2025-09-18	-91.234	31.95	0	25.713	18.51	36.65	25.79	19.6	32.6	73.329	42.799	96.597	101.394	2.331	252.227	1.035	2.2	1.102	0	0.215	0.225	0.22	0.171	0.281	-308.625	-32.736	-230.548	0.378	0.971	2.466	3.816	3.994	27.194	26.96	26.904	26.85	26.6	0.731
2025-09-19	-91.234	31.95	0	27.274	18.09	45.82	25.921	19.9	33.3	72.051	41.307	96.932	101.452	2.324	252.826	0.981	2.13	1.139	0	0.213	0.221	0.217	0.168	0.28	-364.38	-36.808	-232.99	0.284	0.783	2.417	3.828	3.991	27.463	27.128	26.911	26.818	26.564	0.635
2025-09-20	-91.234	31.95	0	28.095	17.15	47.43	25.84	18.7	33.2	74.16	42.803	99.789	101.472	2.391	236.396	0.928	1.964	1.058	0	0.212	0.219	0.216	0.166	0.28	-371.078	-41.196	-232.552	0.207	0.632	2.378	3.854	3.988	27.867	27.471	27.099	26.85	26.5	0.549
2025-09-21	-91.234	31.95	0	28.611	18.95	46	26.182	21	32.6	74.375	47.373	98.431	101.345	2.461	232.79	1.341	2.881	1.017	0	0.212	0.219	0.215	0.164	0.28	-389.381	-45.989	-231.13	0.206	0.663	2.36	3.864	3.985	28.249	27.789	27.346	26.934	26.5	0.504
2025-09-22	-91.234	31.95	0	28.489	18.63	47.09	25.839	20.2	31.8	79.16	57.885	99.245	101.187	2.598	241.366	1.751	3.49	0.807	0	0.211	0.218	0.215	0.163	0.28	-417.81	-52.226	-229.798	0.197	0.677	2.344	3.87	3.982	28.322	27.907	27.445	27.013	26.565	0.485
2025-09-23	-91.234	31.95	0	29.138	20.44	46.26	26.505	22.3	33.6	80.681	54.749	96.465	101.243	2.753	220.725	1.941	3.974	0.778	0	0.21	0.217	0.214	0.161	0.28	-449.267	-59.643	-229.19	0.19	0.677	2.334	3.88	3.981	28.472	28.065	27.554	27.069	26.6	0.482
2025-09-24	-91.234	31.95	38.952	25.679	23.23	36.85	24.325	22.2	28.7	96.58	89.369	100	101.292	2.943	92.552	1.369	3.113	0.109	0.001	0.232	0.257	0.238	0.169	0.279	-333	-54.036	-168.179	0.249	1.131	2.448	3.79	3.973	27.678	27.791	27.596	27.146	26.6	NA
2025-09-25	-91.234	31.95	0.034	25.973	18.56	38.46	23.825	20.2	28.6	88.285	62.52	100	101.201	2.58	215.077	1.226	2.756	0.402	0	0.265	0.341	0.285	0.203	0.28	-0.1	-6.753	-24.291	0.455	2.258	2.731	3.436	3.936	27.046	27.087	27.083	27.064	26.672	0.569
2025-09-26	-91.234	31.95	0	24.473	16.29	42.19	22.286	17.7	28.4	82.451	54.918	100	101.088	2.182	218.729	0.82	1.995	0.566	0	0.26	0.332	0.276	0.209	0.28	-0.174	-4.51	-21.292	0.535	2.257	2.733	3.417	3.933	26.251	26.515	26.799	26.963	26.6	0.562
2025-09-27	-91.234	31.95	0	23.498	13.41	42.28	21.35	14.9	28.9	78.239	50.586	100	101.206	1.93	249.741	0.786	1.818	0.712	0	0.257	0.325	0.271	0.212	0.28	-0.674	-6.325	-22.225	0.557	2.251	2.722	3.414	3.934	25.764	26.016	26.371	26.761	26.558	0.555
2025-09-28	-91.234	31.95	0	23.483	11.86	42.33	21.712	14	29.8	77.042	51.39	100	101.472	1.949	247.42	0.69	1.659	0.789	0	0.254	0.32	0.266	0.215	0.28	-3.869	-9.308	-24.031	0.533	2.236	2.694	3.426	3.938	25.446	25.64	25.988	26.521	26.436	0.57
2025-09-29	-91.234	31.95	0	25.822	15.98	43.72	24.004	17	31.8	76.609	52.227	98.025	101.461	2.243	230.143	0.726	1.686	0.856	0	0.251	0.315	0.261	0.216	0.279	-10.023	-11.192	-26.115	0.498	2.214	2.661	3.435	3.941	26.23	26.067	26.039	26.309	26.304	0.589
2025-09-30	-91.234	31.95	0	25.103	15.82	43.18	23.794	17.9	30.3	76.772	55.276	99.66	101.395	2.228	192.137	0.712	1.712	0.792	0	0.247	0.31	0.257	0.217	0.279	-13.129	-12.688	-28.234	0.523	2.173	2.608	3.444	3.945	26.382	26.262	26.242	26.296	26.2	0.615
2025-10-01	-91.234	31.95	0	23.781	15.33	43.05	22.77	16.8	31.4	81.478	48.891	99.947	101.372	2.211	186.716	0.676	1.549	0.666	0	0.244	0.306	0.253	0.218	0.279	-16.237	-14.256	-30.273	0.494	2.116	2.555	3.451	3.947	25.86	26.044	26.209	26.3	26.139	0.601
2025-10-02	-91.234	31.95	0	26.692	18.37	43.21	25.493	21.2	31.3	72.098	47.64	93.656	101.714	2.304	218.528	0.934	2.2	1.02	0	0.238	0.3	0.248	0.218	0.279	-21.003	-16.092	-32.828	0.44	2.027	2.5	3.46	3.95	27.018	26.826	26.445	26.261	26.1	0.644
2025-10-03	-91.234	31.95	0	23.903	15.53	40	23.001	18.5	29.4	69.012	48.028	84.373	101.845	1.908	236.219	0.865	2.272	0.96	0	0.234	0.294	0.243	0.218	0.279	-26.863	-17.855	-35.182	0.401	1.929	2.454	3.469	3.957	26.147	26.321	26.305	26.319	26.1	0.647
2025-10-04	-91.234	31.95	0	24.194	15.64	40.36	23.642	18	30.2	64.924	39.552	87.682	101.515	1.84	234.136	1.326	3.297	1.16	0	0.23	0.288	0.239	0.216	0.279	-34.027	-19.816	-37.888	0.383	1.835	2.38	3.48	3.96	25.747	25.947	25.971	26.211	26.092	0.652
2025-10-05	-91.234	31.95	0	25.396	17.22	39.53	24.003	19.8	29.4	74.431	62.218	91.741	101.209	2.236	162.918	1.218	3.256	0.801	0	0.226	0.282	0.236	0.213	0.279	-43.531	-21.761	-40.57	0.383	1.753	2.318	3.495	3.964	25.821	25.881	25.811	26.083	26	0.68
2025-10-06	-91.234	31.95	0.51	26.662	22.28	38.02	25.497	22.3	31.1	85.07	61.708	97.253	101.19	2.745	158.361	1.917	3.885	0.561	0	0.225	0.277	0.233	0.21	0.279	-56.843	-23.756	-42.953	0.388	1.699	2.285	3.509	3.97	26.653	26.548	26.114	26.05	25.915	0.717
2025-10-07	-91.234	31.95	0	26.289	19.16	40.86	24.924	21.1	31.2	84.716	60.321	98.414	101.499	2.662	150.556	1.273	2.682	0.522	0	0.223	0.271	0.229	0.208	0.278	-72.717	-25.943	-45.474	0.386	1.636	2.271	3.522	3.972	26.832	26.695	26.333	26.137	25.9	0.713
2025-10-08	-91.234	31.95	0	24.989	18.22	39.67	23.847	19.6	29.5	87.987	70.557	100	101.752	2.593	161.528	1.001	2.516	0.41	0	0.221	0.265	0.226	0.205	0.278	-92.765	-28.518	-48.324	0.385	1.567	2.25	3.528	3.976	26.363	26.332	26.274	26.185	25.9	0.719
2025-10-09	-91.234	31.95	0.034	23.023	11.21	37.88	22.314	16.6	27.9	73.914	44.992	99.839	101.988	1.955	224.441	1.158	2.78	0.789	0	0.219	0.259	0.223	0.201	0.278	-118.224	-31.522	-51.584	0.378	1.472	2.239	3.54	3.976	25.833	25.946	26.067	26.128	25.9	0.709
2025-10-10	-91.234	31.95	0	19.729	8.92	38.05	19.174	11.9	27.2	75.069	53.846	95.942	101.85	1.674	221.323	0.856	2.16	0.647	0	0.217	0.252	0.221	0.195	0.278	-150.633	-35.442	-55.428	0.364	1.35	2.218	3.558	3.978	24.445	24.873	25.367	25.957	25.886	0.714
2025-10-11	-91.234	31.95	0	20.073	10.02	37.22	19.56	12.4	27.7	74.805	43.641	100	101.399	1.645	222.718	0.734	1.793	0.745	0	0.216	0.246	0.219	0.189	0.278	-187.852	-40.027	-59.676	0.356	1.254	2.203	3.584	3.981	23.973	24.383	24.833	25.635	25.752	0.715
2025-10-12	-91.234	31.95	0	19.565	9.63	37.26	19.348	10.9	28.1	71.097	42.522	99.778	101.056	1.536	222.008	0.918	2.01	0.844	0	0.214	0.239	0.217	0.183	0.278	-233.868	-45.256	-63.182	0.348	1.156	2.192	3.619	3.983	23.566	24.007	24.428	25.331	25.577	0.713
2025-10-13	-91.234	31.95	0	19.677	9.09	37.52	19.667	11	28.8	73.024	42.787	100	101.352	1.607	218.998	0.782	1.837	0.839	0	0.212	0.232	0.215	0.177	0.277	-287.157	-52.102	-66.798	0.341	1.059	2.185	3.654	3.984	23.188	23.629	24.051	25.041	25.397	0.71
2025-10-14	-91.234	31.95	0	19.612	9.76	36.82	19.759	11.9	28.4	71.021	41.583	99.719	101.676	1.571	216.269	0.808	2.023	0.863	0	0.21	0.226	0.213	0.172	0.277	-345.587	-60.692	-70.926	0.337	0.989	2.181	3.664	3.987	23.005	23.389	23.807	24.781	25.206	0.708
2025-10-15	-91.234	31.95	0	19.679	8.35	37.66	19.828	11.1	29.4	71.719	42.864	98.806	101.519	1.614	216.947	0.746	1.804	0.854	0	0.209	0.222	0.212	0.169	0.276	-403.842	-69.251	-75.609	0.333	0.932	2.178	3.632	3.989	22.789	23.104	23.547	24.564	25.028	0.703
2025-10-16	-91.234	31.95	0	21.027	10.5	38.92	21.276	12.6	30.8	72.216	43.427	99.033	101.264	1.758	209.598	0.779	1.752	0.952	0	0.208	0.217	0.211	0.167	0.276	-460.05	-78.81	-81.014	0.329	0.888	2.175	3.576	3.993	23.059	23.242	23.494	24.382	24.852	0.692
2025-10-17	-91.234	31.95	0	22.904	12.6	38.53	22.857	15.4	31.1	73.308	45.285	94.815	101.147	1.987	196.656	1.104	2.355	0.941	0	0.207	0.214	0.21	0.164	0.275	-514.482	-89.644	-87.352	0.327	0.853	2.174	3.571	3.996	23.596	23.566	23.645	24.294	24.711	0.698
2025-10-18	-91.234	31.95	3.518	24.799	13.98	38.82	23.86	16.6	31.3	81.982	53.763	99.857	101.005	2.384	187.976	2.694	5.229	0.665	0.001	0.207	0.213	0.209	0.158	0.275	-570.08	-102.026	-94.4	0.326	0.817	2.172	3.636	4.005	24.212	24.044	23.957	24.329	24.604	0.686
2025-10-19	-91.234	31.95	9.383	19.365	7.67	30.82	18.992	11.2	23.8	80.09	40.789	99.891	101.53	1.773	199.474	1.509	3.669	0.462	0	0.209	0.235	0.209	0.156	0.274	-620.278	-115.229	-101.914	0.368	1.152	2.181	3.656	4	23.821	24.064	24.23	24.428	24.6	0.714
2025-10-20	-91.234	31.95	0	15.98	5.31	32.47	16.803	8	26.4	70.073	39.428	94.98	101.703	1.281	215.46	1.69	3.238	0.766	0	0.208	0.227	0.209	0.155	0.274	-635.87	-131.051	-109.589	0.379	1.028	2.173	3.684	3.996	20.905	21.943	22.998	24.29	24.578	0.696
2025-10-21	-91.234	31.95	2.719	17.384	9.2	29.16	18.109	12.5	25	90.244	73.844	100	101.581	1.893	82.727	1.196	2.754	0.216	0	0.208	0.223	0.208	0.153	0.274	-610.5	-144.104	-116.825	0.399	0.949	2.174	3.706	4.003	21.314	21.833	22.525	23.833	24.412	NA
2025-10-22	-91.234	31.95	0.136	14.559	4.96	30.92	15.24	7.1	24.4	74.31	36.057	100	101.911	1.212	211.71	0.653	1.562	0.635	0	0.209	0.222	0.209	0.153	0.274	-593.868	-155.699	-122.396	0.414	0.867	2.17	3.711	4.005	20.11	20.921	21.955	23.515	24.202	0.686
2025-10-23	-91.234	31.95	0	14.996	4.22	33.08	15.842	6.8	26	72.247	34.077	100	101.901	1.218	195.527	0.831	1.822	0.728	0	0.209	0.219	0.208	0.151	0.274	-567.166	-167.209	-128.265	0.421	0.779	2.167	3.743	4.005	19.565	20.311	21.327	23.102	23.96	0.696
2025-10-24	-91.234	31.95	0	16.891	6.66	32.66	18.131	9	26.8	69.412	39.358	100	101.824	1.361	189.59	1.385	2.849	0.851	0	0.209	0.217	0.208	0.15	0.273	-537.702	-176.835	-133.744	0.424	0.722	2.165	3.752	4.009	19.692	20.325	21.091	22.737	23.692	0.698
2025-10-25	-91.234	31.95	6.617	17.647	10.42	25.68	18.849	15.2	23.5	82.532	67.636	96.906	101.488	1.827	69.304	2.515	5.041	0.373	0.001	0.209	0.216	0.208	0.152	0.273	-518.789	-185.182	-138.68	0.434	0.698	2.161	3.706	4.016	19.779	20.385	21.011	22.505	23.447	NA
2025-10-26	-91.234	31.95	49.467	20.916	13.47	31.15	19.927	16.4	23.5	93.956	78.439	100	101.134	2.188	144.324	1.619	3.093	0.151	0.001	0.31	0.345	0.301	0.309	0.272	-9.367	-19.039	-16.528	0.533	2.16	2.773	3.85	3.98	21.697	21.405	21.429	22.342	23.245	0.695
2025-10-27	-91.234	31.95	0	18.288	11.8	30.49	17.577	14.6	22.3	91.889	77.644	100	101.209	1.847	130.676	1.155	2.47	0.18	0	0.3	0.342	0.304	0.342	0.272	-0.1	-0.21	-0.274	0.695	2.211	2.794	4.066	3.984	21.316	21.35	21.765	22.445	23.107	0.738
2025-10-28	-91.234	31.95	14.281	20.695	12.35	30.55	18.413	14.7	23.7	90.622	69.917	100	101.134	1.908	173.497	1.8	3.849	0.24	0.001	0.3	0.341	0.305	0.339	0.272	-0.11	-0.28	-0.401	0.76	2.201	2.784	4.148	3.991	21.465	21.461	21.753	22.47	23.025	0.744
2025-10-29	-91.234	31.95	0	13.071	8.25	17.32	12.726	10	16.4	75.918	62.655	100	101.19	1.125	89.634	5.232	9.12	0.351	0	0.321	0.352	0.316	0.356	0.272	-0.1	-0.171	-0.2	0.917	2.24	2.794	4.577	3.99	19.629	20.196	21.5	22.478	23	NA
2025-10-30	-91.234	31.95	0	12.806	4.78	25.63	12.061	8.1	17.3	78.578	52.766	100	101.539	1.089	181.896	2.244	4.2	0.343	0	0.314	0.344	0.309	0.355	0.272	-0.1	-0.1	-0.2	0.982	2.194	2.785	4.686	3.993	18.323	18.631	20.281	22.078	22.852	0.715
2025-10-31	-91.234	31.95	0	11.336	2.59	26.85	11.44	5.1	19.3	81.614	51.32	100	101.744	1.089	189.505	0.706	1.508	0.326	0	0.31	0.339	0.305	0.352	0.272	-0.1	-0.13	-0.2	0.985	2.169	2.763	4.743	4	17.512	18.015	19.539	21.565	22.582	0.708
2025-11-01	-91.234	31.95	0	12.032	3.27	28.07	12.441	6.1	19.3	81.391	54.419	100	101.802	1.162	139.126	0.954	1.919	0.336	0	0.306	0.336	0.303	0.349	0.271	-0.123	-0.2	-0.2	0.977	2.151	2.742	4.78	4.003	17.376	17.819	19.09	21.092	22.273	0.74
2025-11-02	-91.234	31.95	0	4.681	3.77	6.18	8.071	6.7	9.8	93.795	88.56	97.186	101.91	1.012	0	0.708	1.284	0.07	0	0.304	0.334	0.302	0.348	0.271	-0.2	-0.2	-0.279	0.963	2.136	2.737	4.8	4.004	16.921	17.862	19.188	20.857	22.1	NA
2025-11-03	-91.234	31.95	0	9.937	0.22	26.42	10.5	2.8	19.3	76.347	44.353	100	102.511	0.943	189.002	0.686	1.536	0.404	0	0.299	0.33	0.299	0.345	0.271	-0.747	-0.374	-0.42	0.931	2.112	2.717	4.826	4.012	16.05	16.802	18.191	20.376	21.696	0.696
2025-11-04	-91.234	31.95	0	11.999	1.54	28.63	13.259	4.3	23	74.61	37.878	100	102.41	1.089	186.97	0.9	1.864	0.545	0	0.296	0.327	0.297	0.343	0.271	-2.031	-0.542	-0.596	0.905	2.092	2.71	4.84	4.015	16.248	16.768	17.874	19.967	21.404	0.692
2025-11-05	-91.234	31.95	0	13.804	3.68	29.77	14.651	6.6	22.8	84.222	62.688	100	102.087	1.419	158.338	1.055	2.147	0.335	0	0.292	0.324	0.296	0.341	0.271	-5.406	NA	-0.879	0.888	2.072	2.705	4.849	4.018	16.948	17.15	17.821	19.719	21.123	0.711
2025-11-06	-91.234	31.95	0.051	17.505	6.88	31.12	17.557	9	25.1	84.827	59.843	100	101.639	1.709	170.444	1.085	2.316	0.405	0	0.289	0.322	0.295	0.34	0.27	-9.194	NA	-1.306	0.858	2.056	2.7	4.854	4.023	17.863	17.831	18.052	19.642	20.922	0.705
2025-11-07	-91.234	31.95	0	20.107	13.51	30.29	20.415	16.9	26	85.032	64.407	96.917	100.905	2.03	117.321	2.153	3.925	0.401	0	0.286	0.319	0.293	0.339	0.27	-10.959	NA	-1.965	0.845	2.038	2.702	4.855	4.022	19.517	19.159	18.972	19.778	20.8	0.733
2025-11-08	-91.234	31.95	0.068	18.907	13.44	28.92	19.031	16.5	22.9	94.507	83.275	100	100.888	2.085	102.808	1.411	2.627	0.134	0	0.281	0.317	0.292	0.339	0.27	-12.381	NA	-3.015	0.834	2.014	2.693	4.854	4.028	19.838	19.581	19.499	20.067	20.8	0.743
2025-11-09	-91.234	31.95	0.034	13.533	3.64	24.44	14.169	6.8	18.3	67.102	47.248	99.753	101.966	1.118	167.823	2.42	6.135	0.526	0	0.277	0.314	0.291	0.339	0.271	-14.213	NA	-4.648	0.802	1.974	2.676	4.851	4.03	18.669	19.044	19.485	20.317	20.859	0.714
2025-11-10	-91.234	31.95	0	4.784	-3.61	17.48	4.76	0.4	9.2	57.712	39.098	76.529	102.944	0.486	178.191	2.33	4.889	0.385	0	0.277	0.311	0.289	0.338	0.271	-16.587	NA	-6.159	0.716	1.913	2.647	4.846	4.032	15.434	16.568	18.041	20.161	20.898	0.706
2025-11-11	-91.234	31.95	0	6.947	-4.41	23.18	7.442	-1.2	15.4	55.271	32.462	76.96	102.612	0.552	173.255	2.334	4.258	0.549	0	0.275	0.308	0.288	0.336	0.271	-18.252	NA	-7.805	0.672	1.881	2.623	4.838	4.033	14.093	15.054	16.519	19.532	20.722	0.643
2025-11-12	-91.234	31.95	0	14.943	4.1	30.35	15.418	7.5	24.1	72.329	53.45	86.81	102.178	1.287	156.035	1.92	3.552	0.57	0	0.272	0.306	0.287	0.334	0.271	-19.689	NA	-9.607	0.661	1.867	2.61	4.836	4.03	15.591	15.718	16.383	18.905	20.39	0.597
2025-11-13	-91.234	31.95	0	17.412	9.48	34.19	18.324	12.4	25.4	80.446	54.081	99.78	102.115	1.674	133.329	1.112	2.12	0.499	0	0.27	0.305	0.286	0.333	0.27	-21.291	NA	-10.501	0.652	1.854	2.6	4.835	4.031	17.372	17.094	17.267	18.758	20.085	0.572
2025-11-14	-91.234	31.95	0	17.556	9.24	32.84	18.731	13.4	25.7	78.492	49.688	100	101.923	1.664	150.284	1.558	2.984	0.563	0	0.268	0.303	0.286	0.333	0.27	-22.94	NA	-11.098	0.641	1.84	2.583	4.83	4.031	17.912	17.699	17.844	18.905	19.933	0.536
2025-11-15	-91.234	31.95	0	17.579	9.16	31.49	18.985	12.9	26.2	76.882	52.031	99.66	101.403	1.664	158.659	2.287	4.108	0.607	0	0.266	0.301	0.285	0.332	0.27	-24.643	NA	-11.718	0.628	1.824	2.566	4.827	4.034	18.091	17.93	18.123	19.074	19.9	0.502
2025-11-16	-91.234	31.95	0	19.559	11.35	34.57	20.205	15.3	27.3	84.075	64.209	99.844	101.09	1.986	135.57	1.456	2.94	0.434	0	0.264	0.299	0.284	0.332	0.27	-26.24	NA	-12.364	0.61	1.807	2.547	4.821	4.035	18.761	18.427	18.479	19.214	19.9	0.501
2025-11-17	-91.234	31.95	0	20.367	13.97	33.33	20.939	16.1	26.6	80.53	56.137	96.452	101.312	1.972	138.453	1.877	3.459	0.552	0	0.261	0.298	0.282	0.332	0.271	-27.646	NA	-12.999	0.59	1.796	2.526	4.812	4.033	19.577	19.221	19.052	19.423	19.966	0.53
2025-11-18	-91.234	31.95	0	21.22	14.09	32.54	21.59	16.8	27.9	82.812	61.842	98.546	101.573	2.118	134.532	2.548	4.501	0.518	0	0.259	0.296	0.281	0.331	0.271	-29.171	NA	-13.668	0.574	1.82	2.499	4.809	4.037	19.873	19.53	19.379	19.666	20.052	0.493
2025-11-19	-91.234	31.95	0	21.045	14.52	33.28	21.617	17.9	27.3	86.213	63.744	99.424	101.866	2.215	111.229	1.382	2.572	0.405	0	0.257	0.294	0.28	0.331	0.271	-30.756	NA	-14.317	0.565	1.805	2.472	4.796	4.035	20.489	20.026	19.837	19.916	20.17	0.509
2025-11-20	-91.234	31.95	0	19.725	13.63	32.4	20.146	16.9	25.8	87.941	67.145	99.836	101.657	2.068	86.958	1.413	2.645	0.317	0	0.255	0.292	0.279	0.331	0.271	-32.497	NA	-14.957	0.559	1.75	2.446	4.783	4.038	20.426	20.137	20.065	20.174	20.307	NA
2025-11-21	-91.234	31.95	2.429	22.07	18.01	30.05	22.248	19.2	27.1	88.407	67.457	100	101.311	2.365	85.035	1.778	3.315	0.341	0.001	0.25	0.291	0.278	0.331	0.271	-33.966	NA	-15.561	0.567	1.746	2.428	4.775	4.038	20.897	20.452	20.252	20.343	20.441	NA
2025-11-22	-91.234	31.95	0	20.275	9.51	31.86	21.22	14.2	26.3	75.112	46.149	97.776	101.655	1.884	110.079	1.755	3.408	0.674	0	0.247	0.29	0.278	0.331	0.272	-35.385	NA	-16.121	0.575	1.757	2.421	4.766	4.034	21.236	20.877	20.716	20.561	20.553	0.544
2025-11-23	-91.234	31.95	0	13.548	6.07	22.17	13.642	9	16.4	87.734	77.648	99.962	101.924	1.371	62.511	0.912	2.088	0.199	0	0.245	0.288	0.276	0.33	0.272	-37.953	NA	-16.703	0.556	1.74	2.396	4.755	4.035	18.915	19.417	19.946	20.684	20.686	NA
2025-11-24	-91.234	31.95	15.914	17.404	5.23	32.58	17.033	7.1	26	84.064	57.864	100	101.415	1.665	130.589	1.701	3.4	0.425	0.001	0.247	0.289	0.276	0.33	0.272	-39.261	NA	-16.693	0.544	1.768	2.381	4.741	4.037	18.375	18.7	19.113	20.411	20.7	0.543
2025-11-25	-91.234	31.95	23.954	18.716	9.07	28.29	18.385	13	21.4	92.733	77.402	100	101.322	1.97	119.124	1.64	3.104	0.157	0	0.325	0.354	0.32	0.441	0.295	-2.141	NA	-0.209	0.793	2.185	2.607	4.112	4.105	20.186	19.879	19.753	20.215	20.61	0.597
2025-11-26	-91.234	31.95	0.34	11.248	1.22	22.41	12.132	5.3	15.5	74.582	47.104	100	102.321	1.061	149.162	1.733	3.802	0.37	0	0.324	0.345	0.313	0.423	0.29	-0.1	NA	-0.2	0.975	2.155	2.607	4.035	4.154	17.983	18.552	19.289	20.314	20.6	0.573
2025-11-27	-91.234	31.95	0	7.356	-0.2	20.74	8.371	3.6	13.5	65.221	42.557	91.005	102.753	0.701	152.055	1.15	2.621	0.421	0	0.32	0.341	0.309	0.389	0.291	-0.1	NA	-0.2	0.985	2.115	2.594	4.356	4.185	15.476	16.492	17.746	19.947	20.549	0.576
2025-11-28	-91.234	31.95	0	7.171	-1.39	21.84	7.795	0.9	14.4	63.825	38.782	95.346	102.806	0.638	146.657	1.045	2.362	0.468	0	0.317	0.338	0.307	0.384	0.293	-0.1	NA	-0.2	0.976	2.093	2.574	4.373	4.195	14.183	15.288	16.498	19.32	20.325	0.57
2025-11-29	-91.234	31.95	0.459	10.139	0.5	16.6	10.501	5.6	16	71.053	54.066	84.102	102.042	0.951	47.144	2.209	4.415	0.357	0	0.314	0.335	0.305	0.382	0.294	-0.1	NA	-0.2	0.972	2.082	2.57	4.391	4.195	14.012	14.975	15.819	18.666	19.978	NA
2025-11-30	-91.234	31.95	9.169	8.956	5.81	14.88	7.815	4	16.2	90.81	77.051	100	102.214	0.988	20.791	2.045	4.808	0.1	0.002	0.337	0.354	0.312	0.38	0.295	-0.1	NA	-0.171	1.12	2.144	2.617	4.411	4.201	14.518	15.242	15.9	18.26	19.631	NA
2025-12-01	-91.234	31.95	9.105	7.826	5.29	11.81	5.873	3.9	8.2	89.879	80.27	99.931	101.797	0.836	27.543	1.539	3.339	0.093	0.001	0.344	0.357	0.319	0.394	0.301	-0.1	NA	-0.1	1.19	2.145	2.621	4.358	4.211	13.385	14.238	15.204	17.916	19.342	NA
2025-12-02	-91.234	31.95	0.051	4.898	3.1	8.9	2.905	1.9	4.4	89.557	79.252	98.406	101.752	0.673	45.244	2.207	4.682	0.08	0	0.343	0.354	0.319	0.406	0.322	-0.1	NA	-0.1	1.222	2.148	2.588	4.266	4.16	12.397	13.179	14.523	17.459	19.019	NA
2025-12-03	-91.234	31.95	0	7.843	2.18	19.45	4.823	0.5	9.3	84.877	73.341	96.225	101.876	0.74	96.148	0.996	2.436	0.144	0	0.339	0.349	0.313	0.388	0.318	-0.1	NA	-0.1	1.217	2.138	2.591	4.401	4.142	12.389	12.936	13.969	16.973	18.664	NA
2025-12-04	-91.234	31.95	24.146	8.399	4.98	12.67	6.88	3.6	9.5	96.495	76.637	100	101.804	0.96	29.995	1.847	4.306	0.037	0.001	0.385	0.376	0.395	0.429	0.333	-0.1	NA	-0.1	1.102	2.02	2.273	4.101	4.167	12.547	13.044	13.773	16.251	18.229	NA
2025-12-05	-91.234	31.95	0	6.114	4.42	9.05	3.976	2.7	5	97.347	93.117	100	101.689	0.791	29.698	1.227	2.923	0.022	0	0.36	0.363	0.35	0.44	0.331	-0.1	NA	-0.1	1.12	1.963	2.418	3.896	4.114	11.871	12.445	13.504	15.941	17.935	NA
2025-12-06	-91.234	31.95	0	10.227	4.87	21.44	8.825	5	15.3	88.253	63.736	99.988	101.417	0.995	118.586	1.225	2.705	0.166	0	0.351	0.355	0.325	0.434	0.324	-0.1	NA	-0.1	1.127	1.97	2.517	3.86	4.105	12.605	12.803	13.466	15.927	17.646	0.59
2025-12-07	-91.234	31.95	3.303	14.15	9.71	26.41	12.722	10.2	18.3	92.225	78.816	98.143	101.336	1.362	64.406	1.515	3.603	0.129	0.001	0.352	0.355	0.32	0.428	0.321	-0.1	NA	-0.1	1.134	1.98	2.542	3.66	4.106	13.91	13.821	14.008	15.854	17.418	NA
2025-12-08	-91.234	31.95	0	8.236	5.15	13.01	6.868	3.8	10.5	89.668	84.92	97.144	102.223	0.9	37.752	1.737	4.275	0.099	0	0.358	0.362	0.322	0.394	0.32	-0.1	NA	-0.1	1.128	1.978	2.565	3.984	4.099	13.484	13.856	14.401	15.998	17.3	NA
2025-12-09	-91.234	31.95	0	7.43	0.57	19.02	6.205	3.1	12	84.099	66.592	92.999	101.989	0.798	115.644	1.388	2.881	0.168	0	0.352	0.356	0.32	0.39	0.32	-0.1	NA	-0.1	1.116	1.978	2.56	4.022	4.095	12.627	13.07	13.807	15.945	17.226	0.605
2025-12-10	-91.234	31.95	0	8.13	0.05	22.46	9.954	3.9	17.6	83.566	62.355	100	101.429	1.048	121.678	2.149	3.738	0.239	0	0.349	0.353	0.317	0.388	0.32	-0.1	NA	-0.1	1.109	1.969	2.558	4.042	4.094	12.371	12.659	13.475	15.729	17.127	0.589
2025-12-11	-91.234	31.95	0	6.67	-2.12	21.47	8.418	1.2	15.7	71.055	47.28	100	101.727	0.768	129.152	1.159	2.276	0.379	0	0.346	0.35	0.316	0.387	0.32	-0.1	NA	-0.1	1.097	1.963	2.554	4.065	4.095	11.773	12.272	13.18	15.534	16.96	0.577
2025-12-12	-91.234	31.95	0	11.926	1.49	27.25	12.81	4.3	21.8	86.731	73.641	98.181	101.538	1.343	84.23	0.805	1.589	0.221	0	0.344	0.348	0.315	0.386	0.319	-0.1	NA	-0.1	1.097	1.968	2.554	4.082	4.096	12.666	12.648	13.16	15.324	16.802	NA
2025-12-13	-91.234	31.95	7.599	16.386	7.9	29.41	15.839	9.8	23.6	93.175	74.15	100	101.664	1.702	87.411	1.183	2.513	0.17	0.001	0.343	0.348	0.314	0.385	0.319	-0.1	NA	-0.1	1.105	1.981	2.558	4.098	4.104	14.527	14.082	14.036	15.345	16.66	NA
2025-12-14	-91.234	31.95	4.289	3.434	-4.18	11.76	1.814	-3.2	11.2	77.429	57.936	100	102.898	0.574	136.2	2.463	5.792	0.14	0.001	0.362	0.368	0.33	0.427	0.33	-0.1	NA	-0.1	1.076	1.945	2.547	3.765	4.118	12.695	13.528	14.281	15.598	16.6	0.589
2025-12-15	-91.234	31.95	0	0.213	-6.17	12.82	-0.824	-5.1	5.6	70.62	49.711	86.16	102.878	0.407	145.75	0.996	2.123	0.186	0	0.354	0.356	0.322	0.418	0.325	-0.1	NA	-0.1	1.068	1.939	2.527	3.821	4.108	9.424	10.687	12.287	15.376	16.61	0.52
2025-12-17	-91.234	31.95	0	7.321	4.61	10.34	8.797	7.5	10.2	86.938	82.393	92.155	101.841	0.985	1.362	0.624	1.34	0.149	0	0.35	0.353	0.317	0.388	0.321	-0.1	NA	-0.1	1.076	1.937	2.535	4.09	4.098	10.366	10.803	11.641	14.372	16.194	NA
2025-12-18	-91.234	31.95	1.361	18.62	6.36	28	19.652	10.8	24.1	72.753	53.609	94.627	100.873	1.735	130.738	4.463	8.274	0.608	0.001	0.347	0.352	0.317	0.387	0.32	-0.1	NA	-0.1	1.109	1.957	2.549	4.103	4.099	15.531	14.488	13.869	14.539	15.9	0.499
2025-12-19	-91.234	31.95	0	7.028	-0.85	20.64	9.055	2.9	14.7	59.384	39.194	80.896	101.934	0.672	137.446	1.182	2.384	0.504	0	0.347	0.351	0.316	0.386	0.32	-0.1	NA	-0.1	1.103	1.947	2.538	4.11	4.099	12.709	13.22	13.747	14.892	15.9	0.463
2025-12-20	-91.234	31.95	0	12.899	0.02	26.5	14.686	5	23	71.865	60.646	90.165	101.569	1.298	132.48	2.898	5.119	0.502	0	0.346	0.35	0.315	0.386	0.32	-0.1	NA	-0.1	1.105	1.95	2.536	4.115	4.097	12.324	12.424	12.974	14.867	16	0.446
2025-12-21	-91.234	31.95	0	17.128	13.98	24.01	16.314	14	19.4	92.672	85.013	99.804	102.038	1.73	50.667	1.565	3.202	0.132	0	0.345	0.35	0.314	0.385	0.32	-0.1	NA	-0.1	1.121	1.962	2.547	4.125	4.099	15.052	14.419	14.159	14.896	15.902	NA
2025-12-22	-91.234	31.95	0	18.974	14.49	29.79	18.245	14	24.1	93.048	77.401	100	102.285	1.958	89.726	1.825	3.294	0.182	0	0.343	0.349	0.314	0.385	0.32	-0.1	NA	-0.1	1.115	1.985	2.549	4.13	4.098	16.108	15.432	15.045	15.292	15.998	NA
2025-12-23	-91.234	31.95	0	17.672	10.58	29.68	18.644	13.9	24.7	87.434	67.761	100	102.379	1.876	122.48	1.735	3.25	0.313	0	0.341	0.349	0.314	0.386	0.32	-0.1	NA	-0.1	1.112	1.99	2.551	4.137	4.093	16.93	16.291	15.94	15.76	16.169	0.461
2025-12-24	-91.234	31.95	0.187	16.427	9.29	30.45	17.89	13.1	24.8	89.215	67.663	100	102.375	1.832	132.432	1.158	2.144	0.274	0	0.339	0.347	0.313	0.386	0.32	-0.1	NA	-0.1	1.105	1.985	2.549	4.139	4.095	16.505	16.155	16.076	16.169	16.395	0.462
2025-12-25	-91.234	31.95	0.17	15.812	9.73	26.02	16.566	12.1	20.8	95.594	84.588	100	102.032	1.813	57.778	1.606	2.842	0.092	0	0.337	0.347	0.313	0.386	0.32	-0.1	NA	-0.1	1.101	1.986	2.543	4.144	4.099	16.5	16.247	16.199	16.402	16.593	NA
2025-12-26	-91.234	31.95	0.068	19.746	11.45	27.39	20.247	15.4	24.7	89.412	70.545	100	101.481	2.115	87.53	3.057	5.675	0.281	0	0.336	0.346	0.312	0.386	0.32	-0.1	NA	-0.1	1.105	1.988	2.542	4.149	4.09	17.345	16.846	16.541	16.584	16.755	NA
2025-12-27	-91.234	31.95	0	20.621	14.91	28.37	21.185	18.9	25.1	85.238	68.871	95.043	101.407	2.135	64.471	2.301	4.157	0.394	0	0.334	0.345	0.312	0.386	0.32	-0.1	NA	-0.1	1.105	1.988	2.542	4.151	4.093	18.343	17.751	17.245	16.894	16.931	NA
2025-12-28	-91.234	31.95	0	20.416	13.68	28.96	21.222	17.9	26.5	85.511	63.723	99.988	101.335	2.14	92.279	3.082	5.594	0.409	0	0.332	0.344	0.312	0.387	0.32	-0.1	NA	-0.1	1.103	1.987	2.539	4.152	4.09	18.507	18.03	17.647	17.257	17.136	NA
2025-12-29	-91.234	31.95	0.391	7.282	-1.41	16.92	6.551	1.6	15	56.766	43.022	89.128	102.517	0.58	129.702	2.902	6.52	0.412	0	0.33	0.342	0.311	0.387	0.32	-0.1	NA	-0.1	1.073	1.976	2.528	4.155	4.088	15.637	16.424	17.094	17.513	17.364	0.506
2025-12-30	-91.234	31.95	0	2.749	-4.48	15.14	2.087	-1.7	6.8	60.92	44.516	73.252	102.776	0.43	139.685	1.419	3.267	0.291	0	0.328	0.339	0.309	0.386	0.321	-0.165	NA	-0.1	1.048	1.961	2.519	4.156	4.088	12.249	13.427	14.889	17.133	17.484	0.495
2025-12-31	-91.234	31.95	0	5.596	-4.76	21.44	6.999	-2	16.3	60.663	34.758	91.149	102.177	0.574	138.356	1.695	3.085	0.517	0	0.325	0.338	0.308	0.384	0.32	-0.277	NA	-0.1	1.036	1.949	2.511	4.159	4.087	11.155	11.998	13.374	16.348	17.299	0.475
