2025-05-22	-93.639	32.411	0	24.001	19.87	32.77	26.058	21.9	31.6	64.683	45.048	77.953	100.928	2.148	53.858	0.907	1.919	1.272	0	NA	0.274	0.382	0.411	0.394	NA	-125.117	-83.317	NA	2.269	3.855	4.148	2.433	NA	25.792	24.602	23.519	21.413	NA
2025-05-23	-93.639	32.411	0	27.944	19.37	39.28	26.657	20	33.3	70.753	47.523	89.425	100.943	2.427	330.252	1.391	2.77	1.179	0	NA	0.273	0.381	0.414	0.398	NA	-79.211	-41.227	NA	2.251	3.853	4.146	2.424	NA	25.544	24.242	23.159	21.3	0.746
2025-05-24	-93.639	32.411	0.783	27.668	21.99	37.13	27.08	23.4	32.4	79.646	61.549	96.158	100.895	2.825	236.608	1.958	3.953	0.786	0.003	NA	0.271	0.378	0.415	0.398	NA	-74.407	-26.872	NA	2.194	3.79	4.109	2.428	NA	26.461	25.115	23.513	21.344	0.745
2025-05-25	-93.639	32.411	0	28.745	22.74	38.57	27.882	23.4	33.2	78.551	55.373	96.466	100.927	2.895	250.319	2.111	4.52	0.922	0	NA	0.269	0.376	0.416	0.398	NA	-76.965	-22.364	NA	2.167	3.737	4.067	2.43	NA	26.883	25.398	23.853	21.45	0.735
2025-05-26	-93.639	32.411	55.865	21.926	19.49	27.44	21.124	19	25.5	95.791	78.105	100	100.746	2.4	116.584	1.759	4.13	0.122	0.006	NA	0.394	0.41	0.418	0.399	NA	-15.16	-7.564	NA	2.445	3.68	4.06	2.387	NA	24.415	24.487	23.751	21.786	0.724
2025-05-27	-93.639	32.411	5.091	24.504	19.34	32.45	23.445	19.6	29.8	84.816	57.431	100	100.933	2.408	286.667	1.447	3.065	0.521	0.001	NA	0.419	0.421	0.42	0.401	NA	-0.2	-0.2	NA	2.423	3.672	4.027	2.263	NA	24.899	24.107	23.589	21.893	0.777
2025-05-28	-93.639	32.411	2.058	22.213	17.64	28.4	21.749	18.5	25.5	92.185	74.883	100	101.174	2.392	124.159	1.091	2.25	0.227	0	NA	0.395	0.417	0.419	0.401	NA	-0.164	-0.149	NA	2.493	3.684	4.049	2.218	NA	24.697	24.489	23.516	21.9	0.777
2025-05-29	-93.639	32.411	4.558	24.646	19.77	33.23	23.843	20.1	30.2	85.95	58.036	100	101.065	2.494	246.878	0.885	1.969	0.516	0	NA	0.411	0.419	0.419	0.401	NA	-0.1	-0.1	NA	2.444	3.744	4.075	2.198	NA	25.117	24.283	23.545	21.965	0.787
2025-05-30	-93.639	32.411	4.88	23.036	16.8	30.12	22.443	18.1	26.9	89.469	64.05	100	101.037	2.411	183.002	1.387	2.773	0.326	0	NA	0.409	0.419	0.419	0.401	NA	-0.1	-0.1	NA	2.461	3.757	4.065	2.179	NA	25.027	24.633	23.61	22	0.786
2025-05-31	-93.639	32.411	0	23.059	15.08	32.05	22.709	16.8	29.3	74.559	40.793	100	100.919	1.954	339.334	1.032	2.237	0.894	0	NA	0.395	0.417	0.418	0.401	NA	-0.1	-0.1	NA	2.516	3.737	4.031	2.165	NA	24.916	24.37	23.588	22.088	0.784
2025-06-01	-93.639	32.411	0	22.841	14.3	31.92	23.048	15.7	29.8	72.147	39.169	100	100.731	1.919	276.46	0.89	1.913	1.007	0	NA	0.389	0.418	0.416	0.4	NA	-0.1	-0.1	NA	2.481	3.71	4.03	2.163	NA	25.284	24.586	23.593	22.1	0.785
2025-06-02	-93.639	32.411	0	20.293	16.71	30.6	20.442	17.3	27.9	88.484	70.836	97.633	100.86	2.125	128.684	0.936	1.835	0.315	0	NA	0.38	0.418	0.416	0.4	NA	-0.1	-0.1	NA	2.506	3.71	4.012	2.163	NA	24.519	24.783	23.626	22.129	0.782
2025-06-04	-93.639	32.411	0	27.14	22.24	36.01	26.986	23	32.1	75.771	55.235	93.889	100.772	2.671	245.568	1.413	2.867	0.934	0	NA	0.364	0.413	0.429	0.4	NA	-0.1	-0.1	NA	2.357	3.701	3.777	2.174	NA	27.466	25.879	24.066	22.278	0.798
2025-06-05	-93.639	32.411	0	28.142	20.96	35.99	27.759	21.8	34	76.621	49.932	100	100.886	2.748	319.793	0.974	2.136	1.08	0	NA	0.357	0.411	0.428	0.399	NA	-0.1	-0.1	NA	2.257	3.678	3.796	2.182	NA	28.142	26.278	24.291	22.347	0.795
2025-06-06	-93.639	32.411	0	29.091	23.6	37.95	28.677	24.4	33.5	75.393	51.34	95.342	100.87	2.899	309.721	1.379	2.97	1.089	0	NA	0.349	0.408	0.427	0.399	NA	-0.1	-0.1	NA	2.228	3.61	3.794	2.191	NA	28.769	26.847	24.558	22.443	0.796
2025-06-07	-93.639	32.411	0	29.791	24.56	37.91	29.228	25.3	34.1	75.768	55.394	93.772	100.702	3.025	298.856	1.758	3.928	1.086	0	NA	0.34	0.404	0.427	0.399	NA	-0.195	-0.1	NA	2.256	3.514	3.788	2.198	NA	28.885	27.169	24.854	22.56	0.795
2025-06-08	-93.639	32.411	10.92	25.413	22.12	28.56	25.107	21.2	27.4	90.832	80.551	100	100.602	2.896	129.836	1.327	2.914	0.297	0.002	NA	0.346	0.403	0.427	0.398	NA	-0.324	-0.1	NA	2.316	3.476	3.776	2.208	NA	27.875	27.108	25.102	22.7	0.812
2025-06-09	-93.639	32.411	11.923	25.468	19.96	33.2	24.726	19.9	30.7	84.073	60.322	100	100.581	2.578	282.964	1.445	3.198	0.6	0.001	NA	0.377	0.411	0.429	0.398	NA	-0.135	-0.1	NA	2.444	3.605	3.754	2.219	NA	27.096	26.444	25.127	22.847	0.819
2025-06-10	-93.639	32.411	0	24.934	19.09	34.25	25.057	20.4	32	80.994	41.842	100	100.923	2.489	232.696	1.272	2.602	0.755	0	NA	0.367	0.41	0.429	0.398	NA	-0.1	-0.1	NA	2.422	3.649	3.763	2.227	NA	26.984	26.421	25.068	22.975	0.82
2025-06-11	-93.639	32.411	40.374	23.654	19.68	32.97	23.146	20.4	30.8	91.364	58.333	100	101.106	2.555	167.154	1.384	2.895	0.335	0.001	NA	0.381	0.414	0.427	0.399	NA	-0.123	-0.1	NA	2.36	3.68	3.853	2.229	NA	26.055	25.989	25.129	23.098	0.79
2025-06-12	-93.639	32.411	8.501	23.122	20.59	27.39	22.522	20.5	25.2	96.35	84.1	100	100.799	2.63	123.121	1.747	3.663	0.106	0	NA	0.428	0.428	0.424	0.4	NA	-0.1	-0.1	NA	2.43	3.726	4.047	2.181	NA	25.279	25.146	24.963	23.2	0.849
2025-06-13	-93.639	32.411	0	25.743	21.09	33.58	25.289	21.6	31.4	87.137	64.987	100	100.798	2.785	268.216	1.645	3.483	0.484	0	0.411	0.421	0.427	0.423	0.401	-0.2	-0.1	-0.1	2.007	2.478	3.769	4.028	2.123	26.759	26.054	25.179	24.701	23.251	0.843
2025-06-14	-93.639	32.411	9.269	25.214	20.04	35.37	24.698	20.9	32.8	91.945	64.755	100	101.005	2.85	210.068	1.628	3.468	0.316	0.001	0.406	0.402	0.422	0.422	0.4	-0.2	-0.1	-0.1	1.936	2.532	3.805	3.997	2.094	26.949	26.598	25.796	24.661	23.2	0.852
2025-06-15	-93.639	32.411	4.609	25.903	21.7	34.2	25.262	22.1	31.9	92.546	68.465	100	101.01	2.964	220.959	1.349	2.99	0.294	0.001	0.414	0.427	0.428	0.423	0.401	-0.167	-0.1	-0.1	1.992	2.535	3.774	4.007	2.068	27.234	26.72	25.871	24.797	23.257	0.849
2025-06-16	-93.639	32.411	3.144	26.644	21.67	32.88	26.506	22	31.8	85.412	63.481	100	100.809	2.919	270.056	1.333	2.95	0.605	0	0.408	0.415	0.425	0.422	0.401	-0.1	-0.1	-0.1	1.97	2.553	3.834	3.976	2.051	27.535	26.976	26.051	24.872	23.3	0.839
2025-06-17	-93.639	32.411	0	27.777	21.68	34.57	27.653	22.3	33	81.172	60.31	98.838	100.701	2.96	309.666	1.694	3.63	0.821	0	0.403	0.393	0.421	0.421	0.401	-0.1	-0.1	-0.1	1.919	2.59	3.837	3.94	2.049	28.512	27.658	26.366	24.92	23.3	0.833
2025-06-18	-93.639	32.411	3.025	28.875	24.01	37.72	27.934	24	33.6	83.61	60.933	95.664	100.901	3.112	275.073	1.628	3.477	0.699	0	0.393	0.387	0.423	0.419	0.401	-0.158	-0.1	-0.1	1.921	2.565	3.74	3.933	2.052	29.321	28.448	26.961	25.122	23.358	0.784
2025-06-19	-93.639	32.411	0	29.442	23.9	37.24	28.785	24.5	33.5	80.608	60.526	97.884	101.189	3.138	301.352	1.491	3.12	0.872	0	0.387	0.382	0.423	0.418	0.4	-0.4	-0.1	-0.1	1.931	2.536	3.697	3.931	2.055	29.679	28.784	27.363	25.385	23.419	0.784
2025-06-20	-93.639	32.411	0	29.839	24.38	37.88	29.307	24.9	34	78.346	58.222	97.844	101.152	3.144	293.54	1.469	3.123	0.985	0	0.38	0.374	0.421	0.423	0.4	-1.397	-0.1	-0.1	1.874	2.391	3.663	3.824	2.06	30.13	29.185	27.72	25.638	23.52	0.777
2025-06-21	-93.639	32.411	0	29.599	23.99	37.88	29.134	24.8	33.8	75.992	52.169	95.556	101.164	3.01	304.097	1.705	3.628	1.08	0	0.371	0.363	0.42	0.433	0.4	-5.256	-0.1	-0.1	1.821	2.202	3.613	3.679	2.067	30.191	29.294	27.964	25.885	23.636	0.782
2025-06-22	-93.639	32.411	2.311	29.365	23.05	37.83	28.485	23.5	34.5	78.976	55.493	98.901	101.312	3.006	294.699	1.529	3.114	0.967	0	0.357	0.349	0.417	0.432	0.4	-10.613	-0.1	-0.1	1.819	2.12	3.578	3.703	2.076	30.116	29.329	28.072	26.077	23.758	0.796
2025-06-23	-93.639	32.411	0	29.551	22.41	38.08	28.595	23	34.5	77.153	49.146	98.888	101.445	2.941	337.774	1.282	2.634	1.061	0	0.342	0.336	0.411	0.431	0.399	-16.181	-0.1	-0.1	1.832	2.097	3.47	3.705	2.085	30.014	29.264	28.092	26.198	23.88	0.796
2025-06-24	-93.639	32.411	10.016	29.08	22.79	39.35	27.608	22.8	34.8	80.487	51.306	99.311	101.55	2.901	318.587	1.138	2.525	0.888	0.001	0.33	0.323	0.408	0.43	0.399	-27.891	-0.151	-0.1	1.869	2.062	3.31	3.708	2.094	30.142	29.421	28.27	26.345	24.004	0.794
2025-06-25	-93.639	32.411	0.34	27.661	22.04	35.94	26.717	21.7	33.1	83.131	56.281	100	101.405	2.852	319.977	1.301	2.59	0.741	0	0.329	0.319	0.405	0.431	0.399	-47.38	-0.278	-0.1	1.953	1.988	3.172	3.706	2.105	29.118	28.842	28.121	26.467	24.123	0.805
2025-06-26	-93.639	32.411	0	29.156	21.93	38.92	27.65	21.9	33.7	78.769	53.219	100	101.176	2.835	320.171	1.105	2.304	0.963	0	0.324	0.309	0.397	0.431	0.398	-69.44	-0.682	-0.1	1.936	1.995	3.025	3.699	2.111	29.117	28.741	27.984	26.5	24.236	0.77
2025-06-27	-93.639	32.411	0	30.703	22.06	42.1	28.177	22.2	34	76.054	51.413	99.091	101.158	2.822	330.347	1.043	2.333	1.086	0	0.317	0.299	0.383	0.431	0.398	-109.976	-3.794	-0.1	1.922	2.033	2.898	3.685	2.119	29.488	28.957	28.057	26.5	24.329	0.68
2025-06-28	-93.639	32.411	0	31.656	23.91	43.52	29.254	24.4	34	73.755	51.993	95.54	101.161	2.931	309.232	1.247	2.769	1.201	0	0.31	0.29	0.375	0.43	0.398	-200.564	-12.751	-0.1	1.901	2.061	2.866	3.667	2.126	29.931	29.316	28.27	26.593	24.423	0.653
2025-06-29	-93.639	32.411	0	31.102	23.05	42.93	28.675	23.8	34.7	77.417	52.603	95.479	101.064	2.992	288.435	1.507	3.258	1.001	0	0.303	0.282	0.37	0.43	0.398	-347.129	-26.474	-0.1	1.894	2.063	2.899	3.662	2.133	30.002	29.415	28.421	26.706	24.507	0.644
2025-06-30	-93.639	32.411	0	31.404	23.86	43.85	28.693	24.1	34.4	76.851	51.922	98.372	101.064	2.943	321.431	1.487	3.167	1.068	0	0.298	0.276	0.368	0.43	0.398	-486.857	-48.865	-0.1	1.874	2.051	2.934	3.646	2.138	30.231	29.548	28.49	26.8	24.604	0.65
2025-07-01	-93.639	32.411	0	32.009	23.96	43.74	29.398	24.5	34.5	71.889	48.962	92.043	101.053	2.878	301.005	1.382	2.929	1.288	0	0.294	0.271	0.365	0.429	0.397	-559.345	-98.153	-0.1	1.837	2.04	2.959	3.592	2.145	30.371	29.757	28.638	26.9	24.7	0.648
2025-07-02	-93.639	32.411	0	32.027	23.7	44.74	29.239	23.5	34.7	73.815	50.867	96.327	101.018	2.926	268.332	0.814	1.676	1.221	0	0.291	0.267	0.364	0.427	0.396	-659.732	-205.828	-0.199	1.8	2.022	3.027	3.485	2.158	30.395	29.738	28.696	27.003	24.789	0.649
2025-07-03	-93.639	32.411	4.646	29.184	23.17	43.55	26.991	22.5	33.6	86.468	62.727	99.048	101.029	3.045	171.505	1.239	2.509	0.59	0.002	0.288	0.263	0.363	0.424	0.396	-794.016	-323.679	-0.338	1.761	1.983	3.045	3.256	2.166	29.558	29.298	28.679	27.11	24.887	0.661
2025-07-04	-93.639	32.411	0.459	28.942	22.8	43.13	26.634	22.2	33.1	85.229	60.789	100	101.099	2.929	238.424	1.216	2.492	0.626	0	0.289	0.26	0.362	0.418	0.395	-956.824	-395.394	-0.46	1.774	1.94	3.072	2.754	2.171	28.733	28.535	28.126	27.08	24.977	0.689
2025-07-05	-93.639	32.411	0	30.863	21.27	43.81	27.83	21.2	35.1	77.004	46.747	100	101.032	2.772	323.725	1.012	2.009	1.109	0	0.287	0.259	0.362	0.392	0.395	-1037.33	-474.506	-0.618	1.808	1.908	3.079	2.102	2.172	29.308	28.869	28.132	27.013	25.059	0.692
2025-07-06	-93.639	32.411	0	31.923	24.04	46.56	28.769	23.8	34.9	74.665	50.456	95.683	100.947	2.884	293.04	0.949	2.146	1.145	0	0.285	0.258	0.362	0.337	0.395	-1043.64	-576.525	-0.816	1.816	1.899	3.086	1.767	2.177	30.076	29.478	28.48	27.059	25.1	0.696
2025-07-07	-93.639	32.411	0	30.547	23.44	45.32	27.881	23.3	34	79.44	57.433	96.895	101.07	2.936	237.89	1.081	2.33	0.892	0	0.284	0.257	0.361	0.289	0.394	-1076.017	-668.302	-1.303	1.783	1.892	3.095	1.75	2.169	30.043	29.534	28.661	27.181	25.158	0.698
2025-07-08	-93.639	32.411	3.553	28.497	23.5	41.65	26.543	22.8	32	85.255	65.361	100	101.307	2.943	216.01	1.332	3.044	0.562	0	0.283	0.255	0.36	0.266	0.393	-1151.335	-727.717	-2.358	1.748	1.88	3.105	1.795	2.168	29.162	28.922	28.462	27.223	25.214	0.722
2025-07-09	-93.639	32.411	0	29.363	21.94	42.93	26.668	22.1	33.5	82.32	57.917	99.282	101.213	2.845	266.72	1.4	3.165	0.712	0	0.281	0.254	0.359	0.252	0.392	-1193.904	-764.676	-4.411	1.764	1.866	3.113	1.788	2.181	29.014	28.651	28.134	27.168	25.3	0.717
2025-07-10	-93.639	32.411	0	30.25	22.62	42.5	27.452	22.7	33.2	79.079	58.405	95.728	101.064	2.852	282.93	1.364	3.064	0.883	0	0.28	0.253	0.358	0.24	0.392	-1209.136	-816.333	-6.159	1.77	1.86	3.112	1.785	2.195	29.365	28.842	28.17	27.12	25.314	0.721
2025-07-11	-93.639	32.411	0	31.003	23.52	43.65	28.552	24.1	34.1	74.616	50.402	95.863	101.056	2.854	301.31	1.587	3.616	1.121	0	0.279	0.252	0.358	0.229	0.391	-1233.923	-870.706	-8.537	1.752	1.857	3.112	1.769	2.211	29.984	29.321	28.396	27.153	25.4	0.719
2025-07-12	-93.639	32.411	0	29.255	23.81	43.56	26.877	24.1	34.1	83.099	57.338	94.34	101.141	2.92	216.889	1.542	3.401	0.666	0	0.278	0.251	0.357	0.221	0.391	-1271.84	-918.803	-11.444	1.717	1.84	3.111	1.75	2.211	29.687	29.243	28.497	27.2	25.4	0.719
2025-07-13	-93.639	32.411	6.357	29.827	22.74	43.51	27.094	21.7	34.5	83.268	50.32	99.868	101.135	2.907	249.78	1.539	3.496	0.78	0	0.277	0.25	0.356	0.216	0.39	-1273.892	-956.736	-14.295	1.704	1.819	3.111	1.73	2.213	29.509	29.043	28.342	27.233	25.469	0.725
2025-07-14	-93.639	32.411	0.051	29.596	22.81	42.08	27.341	22.2	33.8	83.806	59.544	100	101.172	2.991	258.608	1.342	2.966	0.736	0	0.279	0.249	0.355	0.211	0.389	-1284.383	-989.447	-18.776	1.761	1.806	3.115	1.698	2.23	28.997	28.724	28.193	27.193	25.5	0.736
2025-07-15	-93.639	32.411	0	31.381	23.68	43.51	28.904	23.8	34.8	78	53.535	99.415	101.099	3.031	305.477	1.096	2.577	1.034	0	0.278	0.249	0.356	0.209	0.385	-1233.597	-1007.69	-23.989	1.812	1.792	3.12	1.7	2.261	29.695	29.234	28.379	27.2	25.5	0.736
2025-07-16	-93.639	32.411	0	31.119	23.07	43.06	28.959	23.8	34.8	76.159	49.471	97.891	100.932	2.962	287.18	0.972	2.289	1.116	0	0.277	0.249	0.357	0.207	0.383	-1228.754	-1032.778	-32.724	1.824	1.785	3.114	1.705	2.259	29.891	29.449	28.606	27.293	25.576	0.736
2025-07-17	-93.639	32.411	0	31.979	22.42	44.65	29.228	22.5	36.1	74.712	43.976	100	100.926	2.911	308.57	0.983	2.065	1.28	0	0.277	0.249	0.356	0.205	0.382	-1158.537	-1059.97	-43.245	1.808	1.778	3.109	1.707	2.247	30.294	29.725	28.714	27.392	25.6	0.729
2025-07-18	-93.639	32.411	0.085	29.169	24.79	39.98	27.152	24.5	31.8	84.617	69.843	97.009	101.085	3.035	178.002	1.099	2.501	0.583	0	0.276	0.249	0.356	0.204	0.38	-1151.023	-1093.402	-55.545	1.747	1.769	3.112	1.707	2.247	29.802	29.509	28.862	27.49	25.667	0.74
2025-07-19	-93.639	32.411	0	31.006	23.96	43.33	28.7	24.3	33.9	78.63	57.319	94.237	101.232	3.046	246.162	1.347	3.125	0.958	0	0.275	0.248	0.355	0.203	0.377	-1262.047	-1117.202	-65.396	1.723	1.767	3.115	1.706	2.23	29.735	29.279	28.59	27.517	25.7	0.729
2025-07-20	-93.639	32.411	0	32.477	24.94	43.67	30.12	25.3	35.4	74.233	50.065	95.944	101.174	3.098	302.945	1.476	3.353	1.252	0	0.274	0.247	0.355	0.203	0.373	-1310.651	-1147.598	-74.257	1.707	1.762	3.11	1.704	2.205	30.364	29.79	28.799	27.523	25.791	0.722
2025-07-21	-93.639	32.411	0	32.179	24.46	43.52	29.835	25	35.4	74.128	50.38	96.842	101.068	3.04	299.327	1.296	3.036	1.237	0	0.273	0.247	0.355	0.202	0.369	-1333.404	-1179.441	-86.327	1.683	1.75	3.104	1.7	2.181	30.81	30.204	29.092	27.639	25.8	0.715
2025-07-22	-93.639	32.411	0	31.952	22.71	44.4	29.535	23.4	36.1	73.548	45.598	95.94	101.059	2.944	321.286	1.086	2.446	1.291	0	0.272	0.246	0.354	0.202	0.365	-1351.151	-1213.036	-102.894	1.655	1.737	3.102	1.698	2.153	30.926	30.329	29.221	27.772	25.898	0.711
2025-07-23	-93.639	32.411	0	32.152	23.5	44.8	29.602	23.3	36.9	70.923	40.263	97.629	101.143	2.805	319.1	0.805	1.948	1.478	0	0.27	0.245	0.353	0.201	0.36	-1372.334	-1269.871	-123.699	1.628	1.722	3.099	1.692	2.135	30.938	30.275	29.184	27.825	25.927	0.706
2025-07-24	-93.639	32.411	0	32.785	22.92	46.66	30.035	22.7	37.8	71.648	42.283	99.051	101.047	2.917	301.172	0.938	1.997	1.504	0	0.269	0.243	0.352	0.201	0.354	-1346.378	-1328.399	-148.994	1.6	1.71	3.095	1.689	2.124	31.125	30.427	29.217	27.88	26	0.71
2025-07-25	-93.639	32.411	0	32.521	24.4	45.05	29.654	24.1	35.4	74.792	54.922	94.804	100.839	3.062	286.497	1.547	3.262	1.176	0	0.268	0.242	0.352	0.2	0.35	-1407.869	-1360.737	-179.752	1.578	1.7	3.094	1.688	2.101	31.221	30.582	29.449	27.98	26.08	0.709
2025-07-26	-93.639	32.411	22.646	27.838	22.99	34.74	26.646	21.9	31.2	89.751	67.87	100	101.016	3.122	149.419	1.788	4.044	0.39	0	0.271	0.243	0.354	0.194	0.348	-799.561	-1394.565	-212.633	1.727	1.546	3.084	1.734	2.079	29.683	29.491	29.212	28.092	26.135	0.73
2025-07-27	-93.639	32.411	0.357	30.268	24.35	42.67	28.391	24.2	35.2	84.001	55.513	99.565	101.433	3.205	273.885	1.206	2.594	0.724	0	0.276	0.246	0.357	0.188	0.348	-25.335	-1368.286	-240.805	1.988	1.28	3.133	1.757	2.066	29.75	29.406	28.794	28.006	26.201	0.734
2025-07-28	-93.639	32.411	0	31.791	24.05	42.84	29.832	24.5	35.9	74.902	48.862	96.921	101.545	3.054	312.321	0.866	1.964	1.245	0	0.275	0.247	0.358	0.19	0.346	-34.486	-1341.436	-274.481	1.886	1.235	3.12	1.725	2.054	30.584	30.129	29.183	27.978	26.3	0.73
2025-07-29	-93.639	32.411	0	24.171	23.35	25.04	24.3	23.5	25.3	95.449	91.106	98.807	101.393	2.899	0	0.505	0.875	0.138	0	0.273	0.248	0.358	0.191	0.344	-40.988	-1331.206	-296.465	1.784	1.189	3.107	1.712	2.048	29.75	29.982	29.609	28.035	26.3	NA
2025-07-31	-93.639	32.411	0	30.542	24.34	44.01	28.275	24.6	37	77.938	48.958	95.529	101.026	2.924	241.498	1.279	2.866	1.018	0	0.272	0.247	0.357	0.193	0.335	-85.319	-1312.209	-397.422	1.567	1.201	3.041	1.679	2.001	30.851	30.431	29.595	28.274	26.4	0.732
2025-08-01	-93.639	32.411	0	30.328	22.47	41.42	27.907	22.2	34	78.238	56.509	98.78	101.363	2.879	250.872	1.07	2.22	0.975	0	0.27	0.246	0.355	0.193	0.332	-144.082	-1338.028	-434.015	1.48	1.192	3.03	1.672	1.987	30.351	29.969	29.292	28.254	26.443	0.732
2025-08-02	-93.639	32.411	24.157	27.715	23.74	36.12	25.924	23.4	29.6	89.119	75.001	100	101.367	2.971	162.8	1.002	2.185	0.387	0.001	0.272	0.263	0.356	0.194	0.328	-181.795	-960.435	-347.489	1.56	1.349	2.926	1.706	1.978	29.562	29.496	29.166	28.201	26.5	0.731
2025-08-03	-93.639	32.411	0.34	27.265	20.6	37.75	25.229	20.2	32	81.389	51.773	100	101.049	2.528	289.256	0.985	2.183	0.769	0	0.277	0.283	0.358	0.201	0.327	-0.672	-27.271	-79.046	1.861	1.533	2.769	1.78	1.972	28.824	28.779	28.59	28.091	26.5	0.733
2025-08-04	-93.639	32.411	0.017	27.026	19.21	39.14	25.523	19.1	32.8	77.742	50.543	100	100.969	2.457	256.8	0.954	2.107	0.927	0	0.276	0.276	0.358	0.202	0.324	-7.365	-31.538	-87.29	1.653	1.331	2.956	1.743	1.962	28.333	28.353	28.309	27.922	26.598	0.731
2025-08-05	-93.639	32.411	0	28.302	19.08	40.36	26.468	19.4	33.7	76.237	47.758	100	101.305	2.516	293.751	1.005	2.145	1.09	0	0.275	0.268	0.357	0.204	0.322	-26.519	-37.398	-102.358	1.441	1.122	2.966	1.689	1.956	28.704	28.466	28.099	27.729	26.517	0.729
2025-08-06	-93.639	32.411	0.017	29.394	20.04	41.6	27.723	20.2	35.9	74.513	38.572	100	101.505	2.622	297.402	0.709	1.533	1.286	0	0.274	0.262	0.357	0.204	0.318	-87.969	-46.306	-124.477	1.373	1.009	2.929	1.655	1.951	29.099	28.751	28.19	27.641	26.5	0.731
2025-08-07	-93.639	32.411	0	30.395	21.85	41.96	28.807	21.8	36.3	74.713	42.901	99.809	101.325	2.844	288.516	0.857	1.762	1.277	0	0.272	0.258	0.357	0.205	0.315	-242.012	-63.117	-152.493	1.35	0.944	2.896	1.639	1.949	29.608	29.178	28.387	27.623	26.5	0.73
2025-08-08	-93.639	32.411	0	31.126	23.53	42.27	29.569	23.4	36.3	72.965	43.861	95.861	100.964	2.91	290.576	1.028	2.083	1.354	0	0.271	0.254	0.357	0.205	0.312	-499.85	-101.805	-183.856	1.329	0.906	2.876	1.628	1.948	30.127	29.642	28.679	27.708	26.422	0.732
2025-08-09	-93.639	32.411	0	30.419	23.71	41.61	28.788	23.9	36	74.085	49.124	93.38	100.94	2.879	263.552	1.263	2.761	1.159	0	0.27	0.252	0.357	0.204	0.309	-692.527	-212.474	-218.494	1.299	0.875	2.862	1.621	1.946	30.164	29.732	28.876	27.83	26.416	0.727
2025-08-10	-93.639	32.411	7.243	28.458	22.86	38.81	27.215	22.8	34.4	82.623	54.796	100	101	2.941	234.274	1.033	2.244	0.744	0.001	0.271	0.249	0.356	0.204	0.306	-791.455	-371.389	-253.055	1.28	0.811	2.879	1.582	1.944	29.615	29.374	28.767	27.878	26.5	0.73
2025-08-11	-93.639	32.411	0	28.934	21.4	40.24	27.628	21.5	35.4	77.638	48.595	100	100.948	2.776	268.906	0.884	1.956	1.069	0	0.272	0.248	0.357	0.203	0.304	-829.23	-490.009	-281.695	1.319	0.739	2.924	1.555	1.941	29.155	29.017	28.577	27.884	26.5	0.729
2025-08-12	-93.639	32.411	0	29.804	22.63	41.53	28.28	22.4	35.7	77.241	51.9	96.601	100.835	2.904	261.015	0.981	2.143	1.055	0	0.27	0.248	0.356	0.203	0.301	-876.127	-628.654	-305.245	1.333	0.745	2.864	1.551	1.939	29.491	29.19	28.563	27.831	26.5	0.734
2025-08-13	-93.639	32.411	0	30.156	23.78	40.58	28.702	23.8	33.8	78.501	59.036	97.088	100.802	3.045	247.935	1.218	2.567	0.958	0	0.27	0.248	0.356	0.203	0.298	-908.544	-763.56	-327.602	1.337	0.772	2.836	1.551	1.939	29.958	29.576	28.772	27.849	26.5	0.733
2025-08-14	-93.639	32.411	0.187	29.201	23.8	41.29	27.784	24.1	34.6	81.815	58.937	95.115	100.893	3.02	202.47	1.316	3.067	0.785	0	0.269	0.247	0.356	0.202	0.296	-963.098	-879.055	-349.455	1.324	0.775	2.829	1.551	1.936	29.631	29.401	28.821	27.936	26.575	0.732
2025-08-15	-93.639	32.411	0	30.585	23.24	42.1	28.897	23.5	36.2	77.059	50.029	96.079	101.185	2.99	273.828	1.28	2.794	1.12	0	0.269	0.247	0.355	0.202	0.294	-1012.268	-970.51	-366.204	1.314	0.778	2.824	1.549	1.934	29.812	29.429	28.714	27.93	26.6	0.721
2025-08-16	-93.639	32.411	0	31.447	23.03	42.48	29.688	22.9	36.7	74.856	46.46	98.548	101.227	3.02	287.148	1.14	2.52	1.281	0	0.268	0.246	0.355	0.202	0.291	-1043.961	-1057.621	-386.801	1.306	0.786	2.807	1.546	1.93	30.376	29.873	28.923	27.949	26.6	0.714
2025-08-17	-93.639	32.411	0	31.133	23.01	42.61	29.61	23.1	37.6	74.378	41.534	97.15	100.997	2.993	273.278	0.812	1.836	1.286	0	0.268	0.245	0.355	0.201	0.288	-1093.861	-1130.773	-414.558	1.285	0.785	2.795	1.546	1.926	30.646	30.134	29.143	28.042	26.6	0.722
2025-08-18	-93.639	32.411	0	31.766	23.85	44.02	30.327	23.8	38.3	72.632	44.007	99.194	100.891	3.022	254.253	0.919	2.1	1.464	0	0.267	0.244	0.354	0.201	0.285	-1138.866	-1182.661	-443.839	1.262	0.782	2.789	1.546	1.92	30.817	30.286	29.255	28.143	26.624	0.721
2025-08-19	-93.639	32.411	0	31.402	22.69	42.95	29.92	22.5	36.8	72.011	47.287	96.852	100.919	2.941	277.115	0.84	1.819	1.443	0	0.267	0.243	0.354	0.2	0.283	-1190.609	-1225.836	-470.89	1.246	0.774	2.789	1.55	1.911	30.861	30.336	29.358	28.239	26.7	0.703
2025-08-20	-93.639	32.411	1.327	29.081	23.36	40.72	27.265	23	34.8	82.256	55.369	97.6	100.771	2.942	228.461	1.311	2.851	0.747	0.001	0.266	0.242	0.353	0.199	0.28	-1241.086	-1260.845	-498.688	1.23	0.766	2.793	1.554	1.904	30.644	30.249	29.412	28.307	26.72	0.705
2025-08-21	-93.639	32.411	0.051	27.339	22.76	38.71	26.258	22.4	33.2	85.952	58.917	99.824	100.684	2.888	154.627	0.933	2.057	0.591	0	0.266	0.241	0.352	0.199	0.279	-1278.921	-1269.033	-518.703	1.218	0.737	2.807	1.558	1.896	29.463	29.365	29.055	28.312	26.8	0.714
2025-08-22	-93.639	32.411	0	28.665	22.53	40.99	27.221	22.7	33.6	77.968	51.077	97.172	100.834	2.732	228.265	1.046	2.343	0.969	0	0.264	0.241	0.352	0.198	0.277	-1277.75	-1284.725	-526.805	1.243	0.735	2.807	1.557	1.887	29.387	29.124	28.707	28.181	26.8	0.705
2025-08-23	-93.639	32.411	0	28.455	19.89	41.16	27.128	20	34.9	75.296	44.978	100	100.888	2.588	240.761	0.801	1.77	1.155	0	0.264	0.24	0.351	0.197	0.274	-1278.39	-1308.601	-529.133	1.248	0.738	2.808	1.557	1.876	29.432	29.062	28.549	28.055	26.8	0.715
2025-08-24	-93.639	32.411	0	28.351	20.06	40.36	27.178	20.2	34.7	70.573	41.963	98.041	100.965	2.408	252.933	1.082	2.433	1.354	0	0.263	0.24	0.351	0.197	0.272	-1295.881	-1347.506	-531.022	1.238	0.737	2.806	1.556	1.864	29.458	28.991	28.391	27.934	26.8	0.7
2025-08-25	-93.639	32.411	0	27.694	18.18	39.61	26.533	18.4	34.9	69.49	37.112	100	101.124	2.285	240.152	0.97	2.172	1.363	0	0.262	0.239	0.35	0.196	0.27	-1327.953	-1376.768	-533.031	1.212	0.725	2.806	1.553	1.851	28.923	28.49	28.08	27.794	26.8	0.69
2025-08-26	-93.639	32.411	0	26.465	18.65	36.95	24.962	19.3	31.5	68.578	53.025	87.679	101.471	2.145	150.421	1.861	3.866	1.083	0	0.261	0.238	0.349	0.196	0.267	-1352.982	-1393.211	-530.024	1.198	0.717	2.804	1.551	1.839	28.589	28.167	27.815	27.619	26.741	0.69
2025-08-27	-93.639	32.411	0	27.211	21.27	37.42	25.445	20.8	32.7	72.934	54.572	87.071	101.522	2.344	158.791	1.277	2.905	0.991	0	0.26	0.237	0.348	0.195	0.266	-1359.458	-1410.793	-529.263	1.192	0.716	2.803	1.551	1.827	28.569	28.121	27.669	27.458	26.7	0.684
2025-08-28	-93.639	32.411	0.629	27.749	20.53	41.39	26.232	20.4	35.7	80.431	49.333	98.636	101.088	2.673	119.491	1.242	2.983	0.886	0	0.26	0.236	0.348	0.194	0.263	-1349.855	-1414.443	-531.272	1.187	0.707	2.801	1.551	1.819	28.738	28.241	27.682	27.36	26.614	0.675
2025-08-29	-93.639	32.411	61.229	22.963	21.4	27.28	22.193	20.9	24.5	97.301	89.961	100	101	2.604	31.576	1.342	2.947	0.073	0.002	0.255	0.314	0.355	0.306	0.264	-287.948	-327.566	-113.956	1.61	1.601	2.703	2.396	1.87	26.309	26.328	27.022	27.3	26.6	NA
2025-08-30	-93.639	32.411	0	25.593	20.89	33.34	25.049	20.6	29.7	86.138	66.192	100	100.912	2.706	99.9	0.79	1.813	0.522	0	0.258	0.307	0.351	0.345	0.264	-1.499	-1.016	-0.324	1.629	1.605	2.523	2.829	1.863	26.933	26.805	26.784	27.04	26.571	NA
2025-08-31	-93.639	32.411	0.017	25.826	21.51	33.28	25.323	21.7	31.2	85.739	59.81	100	101.041	2.722	107.068	0.751	1.573	0.564	0	0.264	0.294	0.352	0.343	0.262	-13.154	-6.515	-0.801	1.368	1.343	2.666	2.793	1.86	27.234	27.186	27.029	26.969	26.5	0.704
2025-09-01	-93.639	32.411	0	26.389	20.88	36.28	25.622	21.2	31.3	81.114	56.316	100	101.067	2.613	115.501	0.921	1.853	0.736	0	0.267	0.278	0.355	0.338	0.261	-38.795	-13.835	-2.421	1.203	0.944	2.91	2.678	1.851	27.626	27.48	27.176	26.95	26.404	0.695
2025-09-02	-93.639	32.411	0	26.87	20.53	37.38	26.019	20.8	32.9	79.645	51.837	99.477	100.95	2.612	133.19	0.623	1.4	0.833	0	0.268	0.268	0.356	0.33	0.261	-100.594	-25.949	-5.932	1.086	0.702	3.089	2.517	1.842	28.201	27.92	27.398	26.994	26.4	0.696
2025-09-03	-93.639	32.411	4.541	25.515	21.02	34.86	24.701	21.1	31	87.733	64.532	99.163	100.69	2.704	107.385	0.678	1.671	0.46	0.001	0.27	0.261	0.357	0.323	0.26	-208.2	-44.054	-9.102	1.061	0.6	3.054	2.363	1.842	27.91	27.803	27.489	27.067	26.339	0.708
2025-09-04	-93.639	32.411	0.119	26.29	18.82	36.55	26.163	19.3	34	79.051	48.951	100	100.49	2.585	151.368	0.552	1.503	0.944	0	0.269	0.257	0.356	0.316	0.26	-369.29	-69.46	-11.798	1.092	0.566	3.016	2.159	1.838	27.733	27.597	27.371	27.076	26.3	0.689
2025-09-05	-93.639	32.411	0	27.52	21.32	36.64	27.44	22.8	33	81.684	63.903	96.283	100.625	2.972	126.003	0.816	2.097	0.756	0	0.267	0.253	0.357	0.307	0.259	-550.918	-130.54	-14.348	1.114	0.546	2.982	1.884	1.834	28.071	27.857	27.452	27.063	26.3	0.693
2025-09-06	-93.639	32.411	0	23.781	19.04	28.32	22.98	18.7	27.4	88.508	81.242	95.018	101.171	2.499	48.399	1.184	3.451	0.333	0	0.266	0.25	0.358	0.298	0.258	-669.923	-222.967	-17.48	1.141	0.556	2.962	1.618	1.834	27.614	27.658	27.576	27.094	26.3	NA
2025-09-07	-93.639	32.411	0	21.721	14.13	31.88	21.149	15.6	28.3	78.106	45.903	100	101.496	1.89	89.542	1.055	2.58	0.705	0	0.264	0.247	0.358	0.286	0.258	-814.955	-327.743	-21.265	1.12	0.552	2.937	1.364	1.834	26.47	26.447	26.837	26.992	26.3	NA
2025-09-08	-93.639	32.411	0	20.346	12.16	32.32	20.509	13.7	28.3	68.86	39.142	94.774	101.436	1.591	96.277	1.068	2.868	0.936	0	0.262	0.244	0.357	0.265	0.257	-931.626	-466.489	-25.723	1.111	0.532	2.918	1.197	1.83	25.573	25.599	26.2	26.686	26.279	NA
2025-09-09	-93.639	32.411	0	20.502	9.76	33.53	20.345	11	31	76.808	44.335	100	101.156	1.76	118.001	0.593	1.664	0.838	0	0.26	0.242	0.355	0.245	0.256	-1002.929	-622.752	-32.49	1.094	0.513	2.899	1.12	1.827	24.917	24.899	25.547	26.285	26.189	0.68
2025-09-10	-93.639	32.411	0	24.185	14.31	36.13	23.822	15.2	34	77.958	43.103	100	101.252	2.212	155.637	0.501	1.266	0.945	0	0.259	0.241	0.355	0.229	0.255	-989.744	-756.647	-41.579	1.093	0.502	2.878	1.049	1.825	25.735	25.447	25.448	25.968	26.067	0.677
2025-09-11	-93.639	32.411	0	26.408	18.32	38.33	25.882	18.8	34.8	79.115	45.784	100	101.356	2.543	174.584	0.574	1.388	0.959	0	0.259	0.241	0.355	0.221	0.254	-925.214	-807.077	-48.936	1.093	0.494	2.851	0.914	1.825	26.935	26.505	25.923	25.897	25.938	0.669
2025-09-12	-93.639	32.411	0	27.097	19.13	39.04	26.568	19.7	35.4	77.077	46.258	100	101.3	2.572	154.885	0.563	1.302	1.064	0	0.258	0.24	0.355	0.215	0.253	-943.218	-835.733	-56.248	1.084	0.502	2.824	0.733	1.825	27.59	27.145	26.423	26.021	25.825	0.667
2025-09-13	-93.639	32.411	0	26.783	19.12	39.99	25.991	19.8	35.4	79.849	43.829	100	101.082	2.587	146.97	0.516	1.249	0.92	0	0.257	0.239	0.355	0.204	0.252	-1029.024	-868.71	-63.314	1.073	0.513	2.805	0.669	1.823	27.843	27.423	26.73	26.176	25.8	0.669
2025-09-14	-93.639	32.411	0	25.806	18.65	37.56	25.559	19.3	34	77.044	43.49	100	100.933	2.403	120.252	0.595	1.306	1.017	0	0.256	0.238	0.355	0.197	0.251	-1137.965	-894.856	-70.29	1.057	0.527	2.795	0.619	1.82	27.591	27.265	26.791	26.296	25.701	0.661
2025-09-15	-93.639	32.411	0	26.31	18.11	38.8	25.621	18.6	34.8	78.019	43.127	99.833	101.155	2.459	136.333	1.484	2.891	1.006	0	0.255	0.238	0.354	0.191	0.25	-1194.436	-925.728	-77.815	1.045	0.541	2.788	0.596	1.814	27.564	27.173	26.69	26.328	25.704	0.655
2025-09-16	-93.639	32.411	0	27.2	19.08	38.68	26.509	19.6	34.8	76.515	45.515	99.483	101.251	2.549	149.969	0.97	2.136	1.064	0	0.255	0.237	0.353	0.185	0.249	-1215.194	-946.546	-86.621	1.043	0.549	2.779	0.588	1.81	28.089	27.578	26.859	26.34	25.717	0.658
2025-09-17	-93.639	32.411	0	27.339	19.57	39.56	26.48	20.1	35.2	75.903	45.012	97.23	101.026	2.533	118.519	0.739	1.841	1.076	0	0.254	0.236	0.353	0.181	0.248	-1240.361	-960.715	-98.078	1.036	0.554	2.771	0.557	1.805	28.43	27.899	27.078	26.411	25.7	0.652
2025-09-18	-93.639	32.411	0	27.562	19.91	38.89	26.899	20.6	34.6	73.55	40.989	95.897	100.944	2.503	134.432	0.749	2.135	1.168	0	0.253	0.236	0.352	0.177	0.248	-1264.273	-971.831	-112.261	1.028	0.554	2.772	0.521	1.799	28.511	27.992	27.222	26.503	25.775	0.64
2025-09-19	-93.639	32.411	0	26.767	19.33	38.95	25.959	20	33.3	78.642	48.54	97.395	101.046	2.583	149.919	0.853	2.133	0.867	0	0.252	0.235	0.352	0.174	0.247	-1292.698	-982.055	-129.625	1.02	0.552	2.768	0.51	1.794	28.411	27.933	27.259	26.597	25.8	0.639
2025-09-20	-93.639	32.411	0	26.577	17.99	39.61	25.907	18.5	33.9	74.595	42.196	97.506	101.05	2.413	167.423	0.738	2.221	1.06	0	0.251	0.234	0.351	0.171	0.245	-1313.514	-990.251	-150.073	1.012	0.557	2.763	0.493	1.787	28.243	27.768	27.155	26.6	25.8	0.623
2025-09-21	-93.639	32.411	0	26.31	17.5	38.43	25.38	18.3	32.2	80.712	57.416	99.192	100.86	2.583	149.855	1.047	5.986	0.745	0	0.251	0.233	0.35	0.17	0.244	-1332.785	-1003.764	-173.999	1.008	0.55	2.761	0.478	1.781	28.045	27.62	27.076	26.586	25.8	0.608
2025-09-22	-93.639	32.411	0	27.819	22.2	39.1	26.711	22.5	32.8	82.434	59.308	97.459	100.659	2.848	142.043	1.514	8.088	0.726	0	0.25	0.233	0.349	0.168	0.243	-1338.688	-1021.899	-202.299	1.017	0.541	2.766	0.47	1.773	28.376	27.89	27.142	26.598	25.8	0.601
2025-09-23	-93.639	32.411	0	28.824	22.13	40.85	27.822	22.8	35.1	80.677	56.298	96.938	100.695	2.974	140.47	2.391	12.453	0.849	0	0.249	0.232	0.349	0.166	0.242	-1334.733	-1025.38	-237.145	1.026	0.533	2.762	0.463	1.763	28.83	28.301	27.406	26.675	25.8	0.582
2025-09-24	-93.639	32.411	39.5	24.411	21.19	28.04	24.211	21.2	26.5	95.017	84.989	100	100.826	2.875	33.979	1.995	6.943	0.155	0.017	0.278	0.289	0.356	0.218	0.241	-523.731	-529.461	-110.123	1.789	1.293	3.061	1.34	1.772	27.421	27.479	27.445	26.81	25.848	NA
2025-09-25	-93.639	32.411	0	23.595	17.72	32.65	23.041	18.6	29.2	84.988	58.011	98.5	100.912	2.357	169.22	0.779	1.872	0.505	0	0.291	0.321	0.36	0.269	0.241	-0.395	-0.841	-0.489	2.288	1.781	3.078	2.382	1.777	26.636	26.556	26.701	26.726	25.9	0.598
2025-09-26	-93.639	32.411	0	22.398	15.71	33.78	22.025	16.6	29.4	81.214	47.821	100	100.792	2.074	162.826	0.61	1.573	0.673	0	0.29	0.307	0.362	0.261	0.241	-5.059	-5.416	-0.925	2.049	1.632	2.913	2.149	1.775	25.895	25.928	26.363	26.525	25.9	0.608
2025-09-27	-93.639	32.411	0	22.005	14.05	33.29	21.718	15	29.9	77.543	43.97	100	100.914	1.922	186.581	0.764	1.919	0.807	0	0.29	0.295	0.362	0.255	0.241	-13.979	-10.654	-1.617	1.82	1.434	2.895	1.941	1.772	25.336	25.315	25.847	26.261	25.9	0.606
2025-09-28	-93.639	32.411	0	21.955	13.45	34.17	21.705	14.8	30.6	78.153	47.437	100	101.195	1.946	184.786	0.887	2.019	0.8	0	0.289	0.285	0.361	0.248	0.24	-19.773	-14.033	-2.78	1.604	1.261	2.931	1.647	1.768	25.122	24.988	25.46	25.985	25.809	0.607
2025-09-29	-93.639	32.411	0	23.23	13.99	36.31	23.167	15.2	32.5	73.994	43.163	99.568	101.194	2.004	178.453	0.749	1.753	1.008	0	0.288	0.278	0.36	0.238	0.24	-25.42	-17.932	-4.567	1.463	1.064	2.954	1.339	1.764	25.303	25.059	25.283	25.749	25.719	0.606
2025-09-30	-93.639	32.411	0	23.749	17.58	35.31	23.419	19	30.4	79.152	56.141	97.009	101.1	2.248	131.9	0.611	1.31	0.721	0	0.288	0.273	0.358	0.224	0.24	-30.526	-21.935	-5.647	1.358	0.832	2.956	1.192	1.763	25.77	25.494	25.412	25.62	25.617	0.625
2025-10-01	-93.639	32.411	0	21.924	15.59	36.57	21.824	16.7	32.2	84.576	44.796	100	101.093	2.139	136.054	0.536	1.166	0.6	0	0.286	0.269	0.357	0.214	0.24	-36.986	-25.988	-6.328	1.276	0.704	2.959	1.084	1.763	25.056	25.013	25.367	25.576	25.513	0.607
2025-10-02	-93.639	32.411	0	24.574	16.63	37.43	24.154	17.4	33.4	79.262	50.874	100	101.316	2.308	165.684	0.627	1.428	0.864	0	0.284	0.263	0.355	0.207	0.239	-43.725	-32.082	-7.222	1.198	0.61	2.951	0.982	1.758	25.872	25.473	25.343	25.479	25.439	0.602
2025-10-03	-93.639	32.411	0	23.145	15.31	35.28	22.883	16.6	31	77.848	43.317	100	101.438	2.105	179.953	0.927	2.199	0.806	0	0.28	0.258	0.354	0.204	0.239	-49.439	-38.421	-8.213	1.074	0.57	2.934	0.821	1.753	25.68	25.427	25.392	25.455	25.371	0.603
2025-10-04	-93.639	32.411	0.034	22.499	12.75	36.68	21.766	13.5	30.6	77.244	49.581	100	101.112	1.959	216.669	1.144	2.622	0.81	0	0.274	0.253	0.353	0.203	0.238	-59.188	-45.286	-9.467	0.901	0.555	2.933	0.581	1.748	24.885	24.766	24.982	25.342	25.3	0.623
2025-10-05	-93.639	32.411	0	24.299	14.21	37.68	23.312	14.6	31.7	77.515	55.353	99.879	100.826	2.202	215.495	1.263	2.812	0.807	0	0.272	0.252	0.352	0.201	0.238	-67.417	-53.523	-10.454	0.814	0.517	2.919	0.508	1.742	25.385	25.105	24.955	25.205	25.243	0.613
2025-10-06	-93.639	32.411	0	24.298	18.12	35.18	23.604	18.8	29.7	85.743	65.338	100	100.83	2.483	134.886	0.961	2.117	0.483	0	0.27	0.251	0.353	0.199	0.238	-73.238	-61.818	-11.261	0.748	0.471	2.898	0.509	1.74	25.9	25.69	25.321	25.196	25.174	0.622
2025-10-07	-93.639	32.411	0.187	25.582	18.38	39.12	24.26	18.6	32.2	84.164	56.028	100	101.134	2.496	197.367	1.186	2.378	0.648	0	0.268	0.25	0.353	0.197	0.238	-81.617	-69.287	-12.291	0.727	0.444	2.883	0.527	1.738	26.169	25.861	25.4	25.25	25.1	0.596
2025-10-08	-93.639	32.411	0.136	24.381	17.55	37.29	23.589	18.4	30.4	85.43	63.407	100	101.475	2.463	175.634	1.701	3.342	0.516	0	0.265	0.249	0.353	0.195	0.237	-92.45	-78.246	-13.547	0.7	0.442	2.866	0.549	1.732	25.865	25.707	25.506	25.335	25.1	0.589
2025-10-09	-93.639	32.411	0	23.204	14.18	36.46	22.038	15.6	29.4	77.522	52	100	101.704	2.017	209.639	1.658	3.376	0.718	0	0.262	0.247	0.352	0.194	0.237	-110.556	-90.065	-15.021	0.685	0.455	2.855	0.561	1.723	25.522	25.378	25.313	25.33	25.1	0.587
2025-10-10	-93.639	32.411	0	20.385	10.68	35.58	19.447	11.6	29.1	69	36.08	99.691	101.575	1.474	215.145	1.337	2.725	0.932	0	0.258	0.244	0.351	0.191	0.237	-144.035	-105.709	-16.953	0.666	0.461	2.852	0.585	1.715	24.279	24.312	24.788	25.186	25.1	0.583
2025-10-11	-93.639	32.411	0	22.113	11.67	37.25	20.903	12.3	31.1	74.697	44.398	100	101.04	1.768	207.609	0.856	1.839	0.89	0	0.254	0.242	0.351	0.19	0.237	-195.773	-125.833	-19.372	0.65	0.454	2.856	0.615	1.711	24.17	24.093	24.319	24.898	25.014	0.581
2025-10-12	-93.639	32.411	0.017	22.843	13.45	38.05	21.928	14	31.4	74.859	43.42	99.99	100.621	1.873	205.167	0.87	1.884	0.93	0	0.251	0.241	0.351	0.188	0.237	-246.519	-146.331	-21.245	0.636	0.446	2.855	0.631	1.706	24.639	24.449	24.366	24.735	24.952	0.578
2025-10-13	-93.639	32.411	0	22.491	12.47	38.48	21.602	13.2	31.9	75.836	43.803	100	100.95	1.882	197.602	0.823	1.8	0.871	0	0.248	0.24	0.35	0.187	0.236	-309.794	-165.669	-23.196	0.631	0.448	2.848	0.628	1.701	24.596	24.453	24.411	24.682	24.877	0.569
2025-10-14	-93.639	32.411	0.017	21.927	12.32	37.3	21.315	13.5	31	70.19	36.641	99.623	101.369	1.67	204.047	1.098	2.341	1.036	0	0.244	0.239	0.35	0.186	0.236	-400.691	-182.267	-25.445	0.628	0.449	2.847	0.615	1.695	24.313	24.223	24.306	24.64	24.8	0.56
2025-10-15	-93.639	32.411	0	21.269	10.98	36.92	20.899	12	30.8	67.648	36.002	100	101.192	1.587	206.455	1.069	2.428	1.051	0	0.241	0.238	0.35	0.185	0.236	-522.308	-202.463	-28.21	0.619	0.447	2.848	0.585	1.687	23.865	23.815	24.033	24.509	24.73	0.551
2025-10-16	-93.639	32.411	0	21.605	10.48	37.53	20.854	11.1	32	72.46	39.918	100	100.856	1.697	201.422	0.857	1.81	1.004	0	0.237	0.236	0.349	0.184	0.236	-651.211	-228.104	-31.653	0.612	0.445	2.852	0.535	1.683	23.703	23.621	23.805	24.321	24.689	0.553
2025-10-17	-93.639	32.411	0	23.79	13.78	36.64	23.348	14.5	31.8	74.22	48.492	100	100.658	2.088	156.107	1.082	2.253	0.921	0	0.235	0.236	0.349	0.183	0.235	-746.52	-250.378	-34.777	0.604	0.439	2.85	0.499	1.677	24.333	24.122	23.957	24.252	24.6	0.545
2025-10-18	-93.639	32.411	6.462	23.835	19.07	37.09	23.121	19.1	30.5	85.707	59.59	99.404	100.469	2.409	110.74	1.778	3.845	0.474	0.002	0.234	0.235	0.349	0.181	0.235	-849.302	-267.249	-38.075	0.614	0.439	2.843	0.5	1.679	24.565	24.439	24.258	24.296	24.508	0.552
2025-10-19	-93.639	32.411	0.255	19.356	9.23	30.05	18.236	10.4	24	77.203	36.462	100	101.254	1.575	207.741	2.039	3.647	0.571	0	0.233	0.233	0.349	0.183	0.235	-1000.217	-296.314	-41.911	0.752	0.369	2.833	0.514	1.672	22.829	23.06	23.86	24.319	24.5	0.577
2025-10-20	-93.639	32.411	0.051	18.808	7.05	33.66	18.576	7.6	29.5	68.473	33.739	100	101.149	1.374	203.898	1.823	3.796	0.958	0	0.23	0.231	0.347	0.182	0.235	-993.754	-353.38	-49.143	0.857	0.359	2.845	0.505	1.66	20.63	21.18	22.641	23.849	24.449	0.583
2025-10-21	-93.639	32.411	1.378	19.142	8.32	29.84	19.258	10.3	26	80.103	37.599	99.392	101.206	1.759	108.904	1.654	3.281	0.533	0.002	0.231	0.231	0.347	0.181	0.235	-1091.119	-430.839	-57.1	0.924	0.321	2.859	0.508	1.656	21.446	21.688	22.467	23.508	24.349	0.602
2025-10-22	-93.639	32.411	0.051	14.903	3.65	32.67	14.544	4.9	26.7	72.243	31.536	100	101.535	1.091	201.844	0.95	2.077	0.762	0	0.23	0.23	0.345	0.18	0.235	-1040.114	-513.772	-64.269	0.922	0.342	2.861	0.504	1.649	19.598	20.225	21.615	23.039	24.201	0.57
2025-10-23	-93.639	32.411	0.034	15.702	4.76	33.45	15.183	5.7	27.8	72.653	31.728	100	101.459	1.164	185.036	0.838	1.666	0.757	0	0.229	0.23	0.344	0.179	0.234	-1040.793	-613.939	-73.866	0.925	0.35	2.864	0.502	1.645	19.261	19.781	20.945	22.525	24.026	0.548
2025-10-24	-93.639	32.411	0	18.564	9.75	32	18.413	11.2	26.7	72.838	45.278	91.232	101.294	1.526	123.221	1.323	2.889	0.683	0	0.23	0.231	0.344	0.178	0.234	-1057.811	-649.054	-86.145	0.931	0.343	2.872	0.51	1.637	19.889	20.14	20.847	22.218	23.81	0.556
2025-10-25	-93.639	32.411	30.177	20.342	16.79	29.06	20.137	16.1	26.8	85.328	62.311	99.964	100.853	2.008	84.36	1.92	4.01	0.384	0.003	0.266	0.268	0.351	0.19	0.234	-403.403	-666.224	-35.596	1.491	0.611	2.735	0.745	1.648	20.623	20.66	21.104	22.109	23.592	NA
2025-10-26	-93.639	32.411	1.651	19.576	13.14	30.17	18.115	14.1	24.6	89.248	63.454	100	100.787	1.835	177.018	1.328	2.661	0.284	0	0.309	0.314	0.382	0.291	0.234	-0.234	-0.93	-0.145	2.394	1.879	3.471	2.591	1.665	21.026	21.059	21.353	22.101	23.411	0.591
2025-10-27	-93.639	32.411	0.051	17.899	12.19	28.7	17.021	13	24.3	92.293	68.037	100	100.822	1.785	109.25	0.987	2.243	0.194	0	0.3	0.297	0.374	0.283	0.234	-0.409	-0.247	-0.464	2.153	1.744	3.494	2.537	1.664	20.111	20.35	21.196	22.133	23.266	0.598
2025-10-28	-93.639	32.411	0.221	18.024	12.84	26.21	17.309	14.3	22.8	90.157	77.676	98.006	100.761	1.79	75.391	2.849	5.387	0.209	0	0.296	0.293	0.372	0.278	0.234	-2.181	-0.981	-1.706	2.028	1.661	3.478	2.361	1.662	20.029	20.249	21.045	22.015	23.168	NA
2025-10-29	-93.639	32.411	0	13.302	8.89	19.36	13.178	10.7	15.6	63.041	49.801	81.044	101.137	0.95	123.26	5.922	10.716	0.568	0	0.291	0.29	0.371	0.274	0.233	-9.171	-4.436	-5.407	1.882	1.538	3.393	2.168	1.653	17.115	17.839	20.147	21.724	23.058	0.593
2025-10-30	-93.639	32.411	0	13.266	4.54	25.27	12.441	5.9	19.2	73.557	48.585	100	101.285	1.035	181.616	2.225	4.166	0.454	0	0.288	0.287	0.369	0.268	0.233	-12.36	-8.208	-9.532	1.781	1.427	3.38	1.897	1.646	16.895	17.286	19.034	21.124	22.939	0.575
2025-10-31	-93.639	32.411	0.034	11.68	1.79	27.18	10.846	2.5	21.4	79.839	42.05	100	101.366	0.996	182.11	0.831	1.683	0.417	0	0.286	0.284	0.367	0.263	0.233	-14.248	-10.374	-12.853	1.658	1.302	3.403	1.514	1.646	16.354	16.788	18.506	20.61	22.73	0.583
2025-11-01	-93.639	32.411	0	10.533	4.03	22.78	10.522	5	18	89.759	65.536	100	101.408	1.143	66.476	0.838	1.639	0.168	0	0.284	0.283	0.366	0.257	0.233	-16.346	-11.872	-16.77	1.537	1.185	3.414	1.173	1.644	15.578	16.155	18.088	20.2	22.495	NA
2025-11-02	-93.639	32.411	0.085	6.117	4.84	8.28	6.559	5.5	7.8	98.638	96.566	100	101.614	0.96	0	0.704	1.324	0.011	0	0.284	0.281	0.365	0.255	0.233	-17.957	-12.426	-19.913	1.46	1.145	3.416	1.102	1.645	14.346	15.3	17.859	19.977	22.338	NA
2025-11-03	-93.639	32.411	0.034	10.826	0.17	27.33	10.427	0.9	23	78.425	37.089	100	102.093	0.945	175.812	0.967	1.982	0.463	0	0.28	0.279	0.363	0.246	0.233	-20.917	-15.497	-29.106	1.304	1.044	3.383	0.998	1.638	14.973	15.391	17.118	19.384	22.001	0.573
2025-11-04	-93.639	32.411	0.051	12.978	2.29	29.04	13.297	3.4	23.9	74.07	39.008	100	101.94	1.074	176.466	1.022	2.192	0.588	0	0.278	0.278	0.363	0.24	0.233	-22.276	-17.459	-37.764	1.226	1.004	3.376	0.971	1.636	15.524	15.781	17.055	19.073	21.746	0.579
2025-11-05	-93.639	32.411	0	14.807	3.42	32.15	14.915	5.1	26.9	80.91	48.611	100	101.588	1.361	169.247	1.018	2.102	0.521	0	0.276	0.278	0.362	0.235	0.233	-23.125	-19.056	-46.727	1.169	0.97	3.364	0.952	1.634	16.327	16.428	17.224	18.922	21.498	0.568
2025-11-06	-93.639	32.411	0.051	17.453	7.59	32.11	17.069	8.6	26.6	84.327	55.994	100	101.138	1.639	151.053	1.229	2.587	0.448	0	0.275	0.277	0.362	0.23	0.232	-22.846	-20.153	-56.418	1.132	0.939	3.348	0.934	1.635	17.486	17.436	17.714	18.949	21.286	0.581
2025-11-07	-93.639	32.411	0	19.901	13.63	29.58	19.969	15.8	26.1	88.239	67.01	98.224	100.409	2.045	92.691	1.349	2.821	0.323	0	0.273	0.277	0.363	0.226	0.232	-21.29	-21.299	-64.105	1.115	0.904	3.314	0.912	1.635	19.237	19.043	18.594	19.161	21.13	NA
2025-11-08	-93.639	32.411	0.085	19.539	12.28	32.66	18.994	13.3	26.9	89.996	67.852	100	100.485	1.974	154.128	0.872	1.728	0.315	0	0.272	0.276	0.363	0.223	0.232	-20.919	-22.747	-71.286	1.088	0.884	3.289	0.892	1.639	19.79	19.611	19.194	19.486	21.011	0.584
2025-11-09	-93.639	32.411	0.017	12.443	2.57	23.63	12.72	4.8	17.4	59.241	43.955	93.762	101.842	0.886	163.267	4.434	7.316	0.621	0	0.268	0.275	0.361	0.219	0.232	-23.108	-24.429	-80.986	1.028	0.849	3.218	0.844	1.632	17.461	17.749	18.968	19.7	21	0.57
2025-11-10	-93.639	32.411	0	4.727	-4.18	19.12	4.261	-2	12.2	60.79	33.775	93.096	102.667	0.477	167.454	2.2	3.669	0.394	0	0.262	0.272	0.357	0.216	0.232	-29.935	-27.418	-99.994	0.946	0.797	3.153	0.772	1.624	13.892	14.545	17.18	19.258	21	0.559
2025-11-11	-93.639	32.411	0	9.768	-3.51	23.67	9.466	-2.6	19.1	64.387	31.206	96.29	102.019	0.722	160.478	2.051	4.103	0.586	0	0.259	0.271	0.355	0.213	0.232	-38.027	-30.953	-138.926	0.84	0.789	3.142	0.737	1.621	13.044	13.546	15.85	18.447	20.943	0.549
2025-11-12	-93.639	32.411	0	15.966	6.83	31.24	15.935	8.3	25.7	80.822	53.145	100	101.631	1.45	149.503	1.565	3.056	0.477	0	0.258	0.27	0.355	0.211	0.232	-41.011	-33.234	-187.024	0.77	0.786	3.161	0.718	1.621	15.573	15.535	16.13	18.016	20.73	0.536
2025-11-13	-93.639	32.411	0	17.975	9.25	33.74	18.305	10.9	27.9	81.923	51.791	100	101.606	1.686	133.973	1.067	2.114	0.54	0	0.256	0.269	0.355	0.209	0.231	-39.535	-34.957	-227.078	0.738	0.78	3.179	0.645	1.622	17.286	17.16	17.062	18.095	20.498	0.543
2025-11-14	-93.639	32.411	0	19.288	10.22	33.76	19.676	12.5	27.6	79.658	53.374	100	101.36	1.789	136.431	1.622	3.278	0.599	0	0.254	0.269	0.354	0.208	0.231	-38.632	-36.683	-246.625	0.715	0.775	3.183	0.575	1.621	18.001	17.881	17.702	18.368	20.328	0.534
2025-11-15	-93.639	32.411	0	21.019	14.39	32.88	21.021	15.5	28	78.056	56.721	99.159	100.847	1.914	147.988	2.204	4.288	0.646	0	0.251	0.268	0.354	0.206	0.231	-37.479	-38.419	-254.224	0.685	0.773	3.169	0.547	1.62	19.166	18.943	18.411	18.667	20.233	0.533
2025-11-16	-93.639	32.411	0	19.772	14.13	27.65	19.893	16	24.4	85.756	70.673	97.019	100.624	1.989	64.713	1.429	2.829	0.358	0	0.248	0.268	0.354	0.205	0.231	-37.214	-40.107	-255.283	0.675	0.774	3.164	0.527	1.622	19.394	19.281	18.914	19.015	20.2	NA
2025-11-17	-93.639	32.411	0	21.683	13.85	33.44	21.631	15.9	28.7	83.917	59.008	99.741	100.729	2.14	105.549	1.816	3.578	0.508	0	0.246	0.267	0.353	0.205	0.231	-37.401	-41.888	-257.302	0.661	0.768	3.163	0.517	1.623	20.182	19.974	19.355	19.306	20.259	0.536
2025-11-18	-93.639	32.411	0	22.061	17.01	33.69	22.186	19.1	28.3	84.573	65.723	95.657	101.018	2.248	100.166	2.01	3.909	0.459	0	0.243	0.267	0.353	0.204	0.231	-36.866	-43.612	-263.505	0.649	0.762	3.159	0.504	1.623	20.88	20.649	19.906	19.617	20.3	0.545
2025-11-19	-93.639	32.411	0	22.553	17.24	33.25	22.66	19.1	28.4	86.35	64.571	98.13	101.347	2.356	90.609	1.24	2.44	0.434	0	0.241	0.266	0.353	0.203	0.231	-36.845	-45.053	-273.221	0.642	0.758	3.164	0.476	1.625	21.337	21.111	20.365	19.939	20.399	NA
2025-11-20	-93.639	32.411	0	22.307	18	29.55	22.204	19.6	25.6	85.458	69.45	99.549	101.101	2.272	68.651	1.656	3.248	0.419	0	0.238	0.265	0.352	0.203	0.231	-38.474	-46.532	-283.965	0.636	0.751	3.153	0.444	1.625	21.447	21.276	20.703	20.254	20.506	NA
2025-11-21	-93.639	32.411	0	21.758	13.57	30.79	21.932	15	27	87.528	70.12	98.541	100.827	2.301	73.47	1.492	2.929	0.366	0	0.236	0.264	0.352	0.202	0.23	-41.068	-48.139	-293.502	0.634	0.745	3.145	0.434	1.625	21.767	21.579	20.965	20.504	20.626	NA
2025-11-22	-93.639	32.411	0.119	16.772	7.01	29.38	16.799	9.6	24.2	78.467	46.454	99.688	101.386	1.471	147.481	2.203	3.729	0.494	0	0.232	0.262	0.35	0.201	0.23	-46.646	-50.237	-299.801	0.628	0.717	3.139	0.43	1.624	19.772	19.948	20.546	20.672	20.738	0.53
2025-11-23	-93.639	32.411	0	11.621	4.45	24.2	11.633	5.8	19.2	88.756	68.646	100	101.551	1.221	101.009	1.35	2.683	0.196	0	0.227	0.259	0.348	0.199	0.23	-56.817	-54.033	-316.648	0.631	0.676	3.145	0.427	1.62	17.476	17.92	19.368	20.382	20.834	0.551
2025-11-24	-93.639	32.411	33.699	13.739	7.59	16.79	13.244	9	16.5	98.181	91.944	100	100.912	1.506	30.727	2.486	4.975	0.025	0.004	0.243	0.271	0.357	0.236	0.23	-51.599	-50.499	-274.271	1.176	0.972	3.21	0.811	1.623	16.491	16.77	18.379	19.839	20.878	NA
2025-11-25	-93.639	32.411	0	16.867	9.5	25.35	16.597	11.8	21.4	89.135	63.629	100	100.99	1.677	110.868	2.024	3.605	0.234	0	0.309	0.31	0.395	0.383	0.231	-0.285	-0.202	-0.2	2.583	1.845	3.501	3.134	1.638	17.754	17.788	18.225	19.404	20.76	0.61
2025-11-26	-93.639	32.411	0.051	10.765	1.54	21.78	10.903	3	17.5	73.519	36.65	100	102.064	0.929	141.222	2.202	3.739	0.418	0	0.298	0.298	0.386	0.381	0.231	-0.295	-0.186	-0.288	2.308	1.698	3.498	3.118	1.633	15.186	15.761	17.76	19.217	20.631	0.609
2025-11-27	-93.639	32.411	0	8.138	0.38	21.05	7.94	1.9	15.7	68.084	37.819	94.132	102.427	0.689	134.109	1.456	2.663	0.431	0	0.291	0.294	0.381	0.379	0.232	-0.741	-0.347	-0.42	2.168	1.629	3.494	3.113	1.631	13.117	13.835	16.473	18.624	20.49	0.603
2025-11-28	-93.639	32.411	0	8.091	-0.86	21.72	7.925	-0.5	16.1	70.795	41.891	100	102.287	0.721	120.266	1.567	2.942	0.416	0	0.287	0.292	0.379	0.377	0.232	-2.145	-0.953	-0.675	2.066	1.553	3.488	3.106	1.628	11.861	12.643	15.399	17.913	20.321	0.596
2025-11-29	-93.639	32.411	21.484	10.519	6.26	17.01	9.954	5.8	15	88.876	59.553	99.869	101.457	1.105	56.243	2.614	5.134	0.142	0.007	0.313	0.321	0.392	0.383	0.232	-1.025	-0.606	-0.278	2.332	1.927	3.73	3.189	1.636	12.388	12.816	14.904	17.329	20.09	NA
2025-11-30	-93.639	32.411	3.983	7.148	3.52	11.56	6.189	3.6	10.8	80.16	63.482	100	102.002	0.773	103.011	3.723	6.735	0.183	0.001	0.343	0.325	0.397	0.412	0.232	-0.2	-0.1	-0.1	2.258	2.017	3.753	3.252	1.632	12.06	12.625	14.743	16.924	19.802	0.669
2025-12-01	-93.639	32.411	11.337	3.832	2.87	5.4	2.877	2.1	3.8	89.543	71.083	99.9	101.523	0.671	17.841	2.591	4.381	0.081	0.001	0.338	0.318	0.391	0.407	0.232	-0.175	-0.1	-0.1	2.051	1.972	3.693	3.228	1.631	9.51	10.384	13.621	16.361	19.52	NA
2025-12-02	-93.639	32.411	0.017	3.955	-1.48	12.67	3.217	-0.2	7.9	88.466	67.481	98.843	101.45	0.679	84.921	2.191	3.654	0.098	0	0.346	0.326	0.394	0.413	0.232	-0.182	-0.1	-0.1	2.065	2.041	3.778	3.23	1.632	9.077	9.744	12.574	15.577	19.241	NA
2025-12-03	-93.639	32.411	2.346	4.869	-2.68	9.06	4.079	-1.4	7.7	89.275	78.953	97.223	101.381	0.734	45.608	1.681	3.065	0.098	0.001	0.338	0.317	0.389	0.407	0.232	-0.109	-0.1	-0.1	1.944	1.99	3.713	3.238	1.631	8.363	9.008	11.924	14.978	18.909	NA
2025-12-04	-93.639	32.411	7.465	5.286	3.32	7.02	4.726	2.8	6.1	97.533	95.693	99.089	101.538	0.837	17.029	2.913	5.076	0.021	0.001	0.358	0.344	0.399	0.42	0.232	-0.1	-0.1	-0.1	2.198	2.142	3.862	3.275	1.635	9.089	9.599	11.828	14.532	18.553	NA
2025-12-05	-93.639	32.411	0	5.276	2.62	11.77	4.161	2.3	7.8	90.905	75.908	99.107	101.355	0.747	74.789	1.354	2.442	0.08	0	0.352	0.328	0.394	0.415	0.232	-0.1	-0.1	-0.1	2.06	2.074	3.788	3.269	1.634	8.954	9.385	11.516	14.215	18.205	NA
2025-12-06	-93.639	32.411	0	7.952	1.26	17.87	7.856	2.2	15.1	88.538	65.559	100	100.913	0.938	121.297	1.148	2.187	0.157	0	0.346	0.322	0.39	0.41	0.232	-0.1	-0.1	-0.1	1.995	2.051	3.76	3.268	1.636	9.843	10.105	11.644	14.027	17.884	0.597
2025-12-07	-93.639	32.411	0.272	11.283	6.28	15.97	10.877	8.5	14.1	97.235	91.951	100	100.981	1.272	31.957	2.684	4.478	0.033	0	0.34	0.318	0.388	0.408	0.233	-0.1	-0.1	-0.1	1.926	2.043	3.763	3.282	1.641	11.306	11.369	12.165	14.023	17.604	NA
2025-12-08	-93.639	32.411	0	5.567	-1.11	11.53	5.527	0.9	9	90.887	78.931	100	101.932	0.828	61.225	2.182	3.612	0.088	0	0.338	0.317	0.387	0.407	0.233	-0.1	-0.1	-0.1	1.933	2.021	3.74	3.284	1.642	10.367	10.821	12.4	14.154	17.38	NA
2025-12-09	-93.639	32.411	0	5.261	1.7	13.42	4.877	2.5	9.4	91.744	75.022	100	101.478	0.791	67.441	1.677	3.329	0.084	0	0.334	0.315	0.385	0.406	0.233	-0.183	-0.1	-0.1	1.89	2.005	3.731	3.293	1.645	8.979	9.53	11.768	14.006	17.226	NA
2025-12-10	-93.639	32.411	0.068	8.134	-0.78	22.41	9.339	2	18.5	78.696	43.25	100	101.074	0.913	123.568	2.089	3.606	0.327	0	0.333	0.313	0.383	0.405	0.233	-0.226	-0.1	-0.1	1.883	2	3.741	3.297	1.649	9.701	10	11.539	13.748	17.068	0.602
2025-12-11	-93.639	32.411	0	6.475	-2.92	20.53	7.645	-1.4	17.6	71.431	38.109	100	101.296	0.711	131.92	1.279	2.434	0.432	0	0.33	0.312	0.382	0.404	0.234	-0.498	-0.1	-0.1	1.848	1.976	3.732	3.302	1.65	8.997	9.476	11.411	13.591	16.915	0.58
2025-12-12	-93.639	32.411	0	10.826	1.96	24.25	11.292	3.3	21.9	89.228	67.545	100	101.077	1.234	98.32	0.93	1.843	0.19	0	0.328	0.31	0.381	0.403	0.234	-0.992	-0.1	-0.1	1.842	1.968	3.738	3.31	1.655	10.403	10.499	11.492	13.456	16.747	NA
2025-12-13	-93.639	32.411	9.278	14.385	9.28	20.12	13.958	10.6	17.9	97.976	92.565	100	101.273	1.573	45.556	1.584	3.015	0.035	0.003	0.332	0.314	0.384	0.405	0.235	-1.614	-0.1	-0.1	1.864	2.02	3.781	3.325	1.659	12.966	12.75	12.508	13.61	16.596	NA
2025-12-14	-93.639	32.411	2.024	4.733	-3.88	10.92	4.191	-2.8	10.4	65.647	42.072	95.38	102.671	0.578	115.722	3.411	6.215	0.267	0.001	0.352	0.328	0.395	0.417	0.235	-0.2	-0.1	-0.1	1.991	2.143	3.865	3.321	1.658	10.811	11.348	12.867	13.927	16.48	0.632
2025-12-15	-93.639	32.411	0	0.764	-6.85	13.86	0.399	-6.3	9.7	58.835	33.66	80.68	102.507	0.364	132.899	1.113	2.106	0.304	0	0.341	0.321	0.388	0.411	0.236	-0.2	-0.1	-0.1	1.891	2.075	3.766	3.304	1.66	7.209	8.011	11.148	13.653	16.4	0.588
2025-12-16	-93.639	32.411	0	5.783	-3.83	16.47	6.096	-3.1	13.8	75.061	55.704	90.538	101.627	0.725	97.118	1.188	2.195	0.28	0	0.338	0.319	0.386	0.407	0.237	-0.2	-0.1	-0.1	1.865	2.074	3.759	3.311	1.667	7.623	8.066	10.333	13.058	16.357	NA
2025-12-17	-93.639	32.411	0	10.432	9.07	10.97	10.709	9.6	11.2	84.241	79.514	93.272	101.325	1.084	0.85	1.087	2.22	0.203	0	0.334	0.318	0.385	0.406	0.237	-0.228	-0.1	-0.1	1.848	2.086	3.768	3.315	1.671	9.588	9.7	10.703	12.848	16.256	NA
2025-12-18	-93.639	32.411	0	16.052	7.01	25.59	17.796	10.9	22.6	58.202	36.924	91.672	100.631	1.275	95.669	4.732	8.552	0.808	0	0.331	0.316	0.386	0.406	0.239	-0.352	-0.1	-0.1	1.848	2.079	3.765	3.335	1.681	14.089	13.827	12.858	13.317	16	NA
2025-12-19	-93.639	32.411	0	7.213	-2.32	20.04	9.067	-0.1	16.9	56.591	34.652	96.541	101.514	0.629	127.218	1.279	2.394	0.579	0	0.328	0.314	0.384	0.406	0.239	-0.733	-0.1	-0.1	1.833	2.037	3.717	3.332	1.683	10.803	11.248	12.543	13.604	15.906	0.578
2025-12-20	-93.639	32.411	0	13.759	2.34	26.3	14.661	6.1	24.7	77.64	61.104	92.626	100.937	1.364	122.236	2.323	4.601	0.451	0	0.324	0.312	0.383	0.405	0.24	-1.627	-0.1	-0.1	1.814	2.011	3.714	3.327	1.686	11.565	11.559	12.184	13.585	15.9	0.578
2025-12-21	-93.639	32.411	0	15.944	13.91	19.26	15.906	14.3	17.4	81.614	70.01	95.351	101.641	1.481	49.402	2.304	4.366	0.328	0	0.322	0.31	0.383	0.405	0.241	-3.249	-0.1	-0.1	1.814	1.984	3.716	3.334	1.689	14.217	13.993	13.323	13.768	15.9	NA
2025-12-22	-93.639	32.411	0	16.652	11.98	24.06	16.562	12	21.8	86.344	76.015	97.908	101.795	1.664	62.573	1.552	2.798	0.257	0	0.319	0.308	0.383	0.405	0.242	-6.556	-0.11	-0.1	1.803	1.922	3.699	3.342	1.69	14.701	14.491	13.926	14.162	15.9	NA
2025-12-23	-93.639	32.411	0	19.955	12.44	28.63	20.735	16	26.5	85.918	63.968	100	101.828	2.083	100.935	1.778	3.389	0.398	0	0.318	0.306	0.383	0.405	0.243	-8.781	-0.2	-0.1	1.804	1.87	3.698	3.352	1.694	16.877	16.417	14.96	14.579	15.959	0.617
2025-12-24	-93.639	32.411	0	18.413	11.18	28.3	19.059	14.3	25.1	90.384	68.817	100	101.89	1.983	80.697	1.363	2.475	0.256	0	0.314	0.304	0.384	0.405	0.244	-10.679	-0.246	-0.1	1.775	1.785	3.684	3.359	1.697	16.961	16.701	15.696	15.108	16.054	NA
2025-12-25	-93.639	32.411	0.102	18.292	12.4	25.27	18.829	15	23	91.485	75.93	100	101.514	1.983	54.819	1.738	3.216	0.213	0	0.31	0.301	0.383	0.405	0.244	-11.974	-0.345	-0.1	1.71	1.697	3.672	3.362	1.699	16.925	16.75	16.053	15.557	16.216	NA
2025-12-26	-93.639	32.411	0	21.113	15.92	30.55	21.646	17	28.1	85.361	62.091	98.253	100.929	2.183	104.939	2.234	4.152	0.459	0	0.307	0.299	0.384	0.404	0.245	-12.859	-0.501	-0.1	1.685	1.597	3.661	3.363	1.7	18.281	17.917	16.641	15.927	16.391	0.639
2025-12-27	-93.639	32.411	0	20.12	14.14	24.01	20.878	17.3	23.8	88.723	78.715	97.728	100.841	2.187	43.3	2.025	3.869	0.291	0	0.304	0.296	0.384	0.404	0.245	-13.959	-0.743	-0.1	1.64	1.513	3.642	3.363	1.701	18.52	18.288	17.251	16.364	16.57	NA
2025-12-28	-93.639	32.411	0.068	19.53	11.27	27.6	20.064	11.6	25.2	83.509	52.636	99.436	100.888	2.001	57.07	3.36	6.226	0.38	0	0.302	0.293	0.383	0.404	0.245	-15.471	-1.146	-0.1	1.621	1.451	3.619	3.359	1.702	18.533	18.36	17.534	16.741	16.767	NA
2025-12-29	-93.639	32.411	0	5.645	-0.99	14.25	5.25	1	11.3	48.086	41.745	56.671	102.431	0.431	119.285	4.511	7.297	0.466	0	0.298	0.291	0.381	0.404	0.246	-17.811	-2.295	-0.1	1.523	1.309	3.557	3.319	1.697	14	14.658	16.571	16.929	16.97	0.667
2025-12-30	-93.639	32.411	0	2.643	-6.54	15.25	2.47	-5	9.9	59.581	36.563	91.09	102.517	0.421	131.511	1.555	2.748	0.34	0	0.301	0.288	0.378	0.403	0.246	-18.889	-4.611	-0.1	1.456	1.175	3.543	3.279	1.693	11.108	11.758	14.484	16.363	17.146	0.613
2025-12-31	-93.639	32.411	0	5.739	-5.34	23.25	7.117	-4.2	19.8	66.18	36.607	100	101.764	0.639	128.184	1.422	2.587	0.524	0	0.3	0.286	0.376	0.401	0.246	-19.356	-6.385	-0.128	1.414	1.117	3.552	3.284	1.689	10.345	10.823	13.187	15.527	17.191	0.601
