2025-05-20	-91.098	30.268	0	31.557	24.79	38.65	29.325	25.5	31.9	69.718	57.682	91.746	101.041	2.811	393.425	3.051	5.676	1.295	0	0.185	0.223	0.341	0.432	0.468	-126.458	-269.392	-127.377	0.262	0.674	1.423	3.4	4.012	29.517	28.683	28.005	26.217	23.117	0.497
2025-05-21	-91.098	30.268	3.233	23.388	19.15	26.73	22.951	19.6	25.5	86.469	74.39	96.047	101.399	2.435	79.659	1.394	2.75	0.378	0.006	0.186	0.221	0.342	0.434	0.468	-111.479	-182.586	-65.896	0.256	0.675	1.418	3.409	4.004	26.851	26.925	27.239	26.129	23.169	NA
2025-05-22	-91.098	30.268	0	27.879	17.81	44.13	24.307	18.4	30.9	83.716	60.461	99.31	101.533	2.518	267.242	1.365	2.671	0.61	0	0.186	0.218	0.341	0.434	0.469	-96.034	-147.344	-35.057	0.264	0.684	1.419	3.403	3.987	26.467	26.122	26.149	25.693	23.34	0.335
2025-05-23	-91.098	30.268	31.962	29.852	20.03	53.54	24.982	20.3	33.2	85.732	53.194	100	101.575	2.66	247.914	1.333	2.811	0.59	0.001	0.213	0.221	0.343	0.434	0.47	-65.19	-92.358	-21.777	0.362	0.784	1.437	3.406	3.98	27.764	27.296	26.839	25.649	23.407	0.288
2025-05-24	-91.098	30.268	0.119	26.503	19.82	36.69	25.587	19.6	31.1	86.351	65.419	100	101.638	2.814	243.629	1.503	2.854	0.539	0	0.292	0.244	0.353	0.433	0.471	-1.778	-3.698	-16.15	0.574	1.024	1.476	3.406	3.973	27.226	26.878	26.74	25.778	23.5	0.328
2025-05-25	-91.098	30.268	0	27.859	22.75	35.55	27.523	23.2	32.1	82.167	60.041	99.936	101.656	2.978	284.519	2.028	3.735	0.749	0	0.278	0.241	0.35	0.433	0.471	-7.873	-8.221	-13.162	0.518	0.989	1.484	3.408	3.979	28.533	27.896	27.239	25.895	23.562	0.327
2025-05-26	-91.098	30.268	5.392	26.696	23.22	34.88	26.092	21.3	31.6	86.204	59.031	97.849	101.425	2.891	218.661	2.759	5.006	0.522	0.001	0.269	0.238	0.35	0.434	0.471	-10.856	-10.713	-11.33	0.486	0.964	1.478	3.404	3.983	28.557	28.155	27.707	26.197	23.644	0.342
2025-05-27	-91.098	30.268	12.65	27.251	21.59	35.04	25.978	20.9	30.8	85.293	63.602	100	101.454	2.831	270.041	1.579	3.064	0.569	0	0.297	0.247	0.352	0.434	0.472	-4.231	-9.561	-10.028	0.531	1.041	1.486	3.4	3.971	28.166	27.689	27.348	26.256	23.753	0.382
2025-05-28	-91.098	30.268	16.258	25.499	20.92	35.86	23.568	20.3	30.7	92.743	67.543	100	101.616	2.685	183.704	1.249	2.692	0.276	0.001	0.309	0.26	0.359	0.436	0.473	-0.729	-5.943	-6.773	0.53	1.038	1.51	3.404	3.977	28.091	27.833	27.663	26.397	23.905	0.417
2025-05-29	-91.098	30.268	5.088	27.161	20.92	35.58	24.492	20	30	90.059	69.843	100	101.545	2.755	302.829	1.343	2.768	0.378	0	0.339	0.294	0.381	0.44	0.475	-0.21	-0.307	-0.111	0.562	1.031	1.584	3.422	3.985	27.274	26.801	26.718	26.295	24.142	0.423
2025-05-30	-91.098	30.268	0.272	26.843	22.25	35.93	25.143	21.9	30.2	90.018	70.534	100	101.418	2.865	216.805	1.329	2.56	0.359	0	0.314	0.275	0.366	0.437	0.474	-0.2	-0.3	-0.1	0.51	0.982	1.563	3.402	3.973	28.389	28.005	27.401	26.283	24.1	0.481
2025-05-31	-91.098	30.268	0	25.433	19.27	33.69	23.983	19.5	28.6	71.26	48.102	94.476	101.372	2.06	335.102	1.339	2.656	0.964	0	0.303	0.271	0.363	0.437	0.474	-0.33	-0.341	-0.1	0.471	0.95	1.553	3.4	3.958	28.381	27.849	27.354	26.415	24.1	0.534
2025-06-01	-91.098	30.268	0	25.289	17.41	35.2	23.793	17.2	29.5	76.788	52.243	99.534	101.27	2.199	269.388	1.006	2.116	0.832	0	0.289	0.267	0.359	0.436	0.477	-1.029	-0.482	-0.1	0.439	0.917	1.539	3.402	3.901	28.254	27.773	27.337	26.422	24.151	0.514
2025-06-02	-91.098	30.268	0	27.555	19.32	38.23	25.648	19.2	31.2	75.467	51.232	100	101.408	2.411	294.688	1.159	2.388	0.964	0	0.279	0.264	0.356	0.436	0.478	-3.358	-0.779	-0.1	0.418	0.897	1.53	3.403	3.881	28.743	28.071	27.4	26.429	24.205	0.438
2025-06-03	-91.098	30.268	0	28.859	19.61	45.29	25.273	19.8	30.2	79.81	62.465	98.479	101.386	2.535	261.856	2.08	3.871	0.744	0	0.27	0.26	0.353	0.436	0.479	-6.683	-1.329	-0.1	0.392	0.878	1.518	3.409	3.877	28.363	27.91	27.484	26.504	24.3	0.249
2025-06-04	-91.098	30.268	0	32.208	21.23	52.2	26.904	21.2	32	78.912	58.489	99.365	101.339	2.753	285.161	1.757	3.301	0.857	0	0.261	0.255	0.351	0.436	0.479	-9.849	-2.382	-0.1	0.374	0.866	1.508	3.407	3.879	28.567	27.876	27.303	26.454	24.321	0.214
2025-06-05	-91.098	30.268	0	34.245	22.01	53.06	27.954	21.6	33.6	75.12	48.77	99.142	101.462	2.758	327.025	1.28	2.598	1.094	0	0.249	0.249	0.348	0.435	0.479	-12.316	-4.339	-0.1	0.356	0.858	1.505	3.408	3.852	29.99	29.067	27.895	26.592	24.4	0.204
2025-06-06	-91.098	30.268	0.017	34.582	22.92	54.26	28.242	22.6	33.7	77.444	51.921	99.042	101.515	2.911	302.217	1.557	3.14	0.983	0	0.236	0.239	0.345	0.436	0.479	-15.4	-6.757	-0.1	0.337	0.851	1.497	3.406	3.847	30.827	29.999	28.685	27.02	24.451	0.198
2025-06-07	-91.098	30.268	0	33.292	23.62	51.56	28.228	22.9	33	80.37	60.654	99.522	101.4	3.034	262.549	1.891	3.657	0.851	0	0.219	0.229	0.342	0.436	0.48	-18.984	-9.78	-0.1	0.32	0.834	1.488	3.404	3.833	30.755	30.086	29.022	27.408	24.552	0.182
2025-06-08	-91.098	30.268	0	33.774	24.54	52.96	28.493	25.1	33.1	80.842	60.177	97.17	101.234	3.108	272.227	2.075	3.98	0.822	0	0.203	0.22	0.338	0.436	0.48	-22.958	-11.997	-0.1	0.297	0.827	1.48	3.399	3.847	30.79	30.091	29.093	27.613	24.686	0.194
2025-06-09	-91.098	30.268	0.119	32.052	24.71	46.31	27.632	24.6	31.4	80.65	65.493	95.221	101.174	2.961	220.975	1.994	3.817	0.759	0	0.189	0.211	0.333	0.435	0.48	-27.683	-14.419	-0.129	0.254	0.827	1.469	3.391	3.852	30.512	29.97	29.199	27.798	24.834	0.187
2025-06-10	-91.098	30.268	23.007	30.606	22.13	52.05	25.958	20.9	33	86.929	60.575	99.734	101.458	2.89	208.932	1.759	3.6	0.53	0.004	0.178	0.202	0.326	0.434	0.48	-33.087	-17.354	-0.291	0.2	0.836	1.457	3.387	3.867	30.15	29.72	29.08	27.827	24.958	0.204
2025-06-11	-91.098	30.268	23.987	27.773	20.92	38.69	25.145	19.6	31.5	87.148	63.262	100	101.635	2.752	296.26	1.606	3.207	0.532	0	0.198	0.208	0.326	0.434	0.48	-33.892	-17.878	-0.589	0.284	0.846	1.471	3.399	3.881	28.906	28.512	28.434	27.72	25.142	0.272
2025-06-12	-91.098	30.268	0.153	27.596	22.19	34.52	26.409	21.6	30.8	86.108	69.16	100	101.435	2.943	268.207	2.21	3.954	0.562	0	0.325	0.291	0.359	0.435	0.481	-0.357	-0.457	-0.1	0.434	0.928	1.52	3.405	3.885	28.91	28.546	28.333	27.56	25.291	0.308
2025-06-13	-91.098	30.268	32.451	25.668	21.07	32.96	25.078	20.2	30	92.542	74.977	100	101.492	2.944	124.392	1.449	2.911	0.27	0.001	0.34	0.29	0.376	0.437	0.48	-0.459	-0.504	-0.1	0.424	0.941	1.52	3.429	3.942	27.735	27.521	27.675	27.201	25.62	0.254
2025-06-14	-91.098	30.268	11.698	26.599	22.98	36.39	25.157	22.2	30.4	95.176	79.662	100	101.667	3.051	145.55	1.555	2.977	0.171	0.001	0.343	0.272	0.382	0.439	0.481	-0.185	-0.266	-0.1	0.427	0.997	1.526	3.384	3.973	27.993	27.746	27.746	27.299	25.717	0.374
2025-06-15	-91.098	30.268	3.281	26.466	22.65	36.71	24.735	21.1	30	94.15	72.347	100	101.707	2.937	167.537	1.291	2.533	0.203	0.001	0.343	0.27	0.382	0.438	0.48	-0.1	-0.2	-0.1	0.433	1.003	1.517	3.386	3.972	27.608	27.324	27.43	27.091	25.507	0.269
2025-06-16	-91.098	30.268	1.36	26.697	23.04	34.56	25.372	23.2	29	91.471	74.768	99.908	101.542	2.962	184.892	1.666	3.263	0.286	0.003	0.34	0.266	0.375	0.436	0.482	-0.1	-0.252	-0.1	0.431	0.998	1.521	3.403	3.924	27.755	27.419	27.357	26.917	25.316	0.298
2025-06-17	-91.098	30.268	0.017	26.779	23.61	34.38	26.158	24.2	29	91.44	78.39	99.292	101.468	3.103	141.613	1.756	3.247	0.301	0	0.335	0.262	0.372	0.435	0.483	-0.14	-0.462	-0.1	0.41	0.987	1.517	3.411	3.906	27.901	27.568	27.432	26.859	25.274	0.301
2025-06-18	-91.098	30.268	0.051	28.467	22.98	37.44	27.365	23.8	31	87.094	69.915	98.149	101.604	3.154	268.525	1.598	3.036	0.517	0	0.326	0.258	0.37	0.434	0.483	-0.254	-0.985	-0.1	0.398	0.978	1.511	3.413	3.902	28.414	27.907	27.509	26.832	25.2	0.319
2025-06-19	-91.098	30.268	1.19	29.884	23.24	42.92	27.301	23.1	33.4	85.47	61.993	100	101.817	3.074	273.438	1.476	2.942	0.618	0.003	0.31	0.252	0.367	0.433	0.483	-0.814	-2.459	-0.1	0.381	0.96	1.498	3.414	3.898	29.044	28.552	27.966	26.99	25.2	0.285
2025-06-20	-91.098	30.268	0.051	32.042	22.42	45.87	27.941	22	33.5	81.333	55.986	100	101.797	3.011	324.618	1.173	2.328	0.847	0	0.297	0.247	0.363	0.433	0.483	-3.002	-5.931	-0.195	0.36	0.945	1.483	3.412	3.901	29.266	28.75	28.189	27.187	25.203	0.28
2025-06-21	-91.098	30.268	2.174	33.371	24.31	48.45	28.328	23.7	33.9	80.825	51.898	99.337	101.79	3.046	323.383	1.04	2.132	0.882	0.001	0.283	0.24	0.36	0.432	0.483	-6.772	-9.695	-0.582	0.339	0.931	1.47	3.407	3.902	29.892	29.339	28.573	27.39	25.3	0.271
2025-06-22	-91.098	30.268	0.085	32.123	24.58	45.95	28.291	23.8	34.2	81.29	50.571	100	101.89	3.056	288.661	1.221	2.443	0.856	0	0.27	0.233	0.357	0.432	0.483	-10.482	-12.004	-1.992	0.327	0.921	1.46	3.399	3.897	29.905	29.409	28.76	27.603	25.334	0.309
2025-06-23	-91.098	30.268	0.034	32.943	24.04	48.56	28.056	23.4	33.6	80.844	52.904	99.868	101.981	3.009	304.888	1.328	2.549	0.845	0	0.259	0.226	0.353	0.431	0.483	-13.134	-14.071	-5.347	0.315	0.91	1.45	3.391	3.892	29.988	29.476	28.864	27.753	25.422	0.301
2025-06-24	-91.098	30.268	0.051	31.603	23.85	44.58	27.104	23.3	31.7	83.637	64.709	97.905	102.045	2.969	284.488	1.807	3.414	0.66	0	0.248	0.218	0.349	0.431	0.483	-16.019	-16.275	-7.779	0.305	0.906	1.44	3.378	3.887	29.934	29.479	28.944	27.879	25.501	0.306
2025-06-25	-91.098	30.268	0.289	31.877	23.35	46.48	27.691	22.7	32.7	79.917	56.279	99.603	101.917	2.91	272.608	1.318	2.603	0.866	0	0.234	0.211	0.344	0.43	0.483	-19.265	-18.702	-10.177	0.294	0.908	1.431	3.368	3.868	29.68	29.278	28.874	27.932	25.6	0.348
2025-06-26	-91.098	30.268	0.034	33.029	23.56	47.02	27.914	22.7	33.2	79.458	56.4	100	101.682	2.928	287.849	1.074	2.256	0.91	0	0.217	0.203	0.337	0.429	0.483	-23.003	-21.283	-11.382	0.276	0.915	1.42	3.355	3.841	29.637	29.169	28.766	27.928	25.686	0.426
2025-06-27	-91.098	30.268	2.723	29.294	24.41	44.91	26.344	22.9	31.4	86.607	71.302	97.718	101.713	2.961	164.991	0.964	1.934	0.485	0.001	0.204	0.196	0.331	0.428	0.482	-27.229	-23.546	-12.71	0.258	0.925	1.412	3.342	3.833	29.319	29.053	28.822	27.953	25.738	0.425
2025-06-28	-91.098	30.268	0.085	30.561	22.44	46.79	26.509	21.9	33.4	84.43	52.234	100	101.784	2.88	278.4	1.146	2.452	0.646	0	0.195	0.19	0.326	0.427	0.481	-31.815	-25.628	-13.982	0.245	0.936	1.406	3.316	3.85	28.932	28.561	28.434	27.843	25.8	0.417
2025-06-29	-91.098	30.268	2.825	28.667	23.21	43.01	25.814	22.4	31	91.504	70.247	99.659	101.712	3.038	195.292	1.081	2.192	0.314	0.001	0.185	0.184	0.32	0.426	0.481	-37.643	-27.809	-15.323	0.224	0.952	1.4	3.26	3.86	28.382	28.175	28.279	27.76	25.87	0.438
2025-06-30	-91.098	30.268	4.54	28.957	24.09	44.98	26.536	22.3	32.6	89.374	65.916	100	101.673	3.089	223.461	1.286	2.582	0.415	0	0.181	0.18	0.316	0.425	0.481	-43.061	-29.66	-16.544	0.21	0.969	1.399	3.208	3.859	28.469	28.154	28.09	27.629	25.9	0.5
2025-07-01	-91.098	30.268	0.034	31.521	23.13	43.5	28.159	22.7	33.8	80.892	53.231	100	101.615	3.015	320.612	1.445	2.688	0.888	0	0.175	0.175	0.311	0.423	0.481	-50.21	-31.866	-17.703	0.193	0.988	1.399	3.137	3.859	28.553	28.136	28.015	27.551	25.9	0.506
2025-07-02	-91.098	30.268	7.174	30.462	24.39	45.87	27.227	22.4	33.8	87.933	61.726	99.351	101.503	3.151	238.447	1.415	2.895	0.509	0	0.169	0.169	0.305	0.42	0.481	-60.216	-34.59	-18.976	0.17	1.015	1.406	3.064	3.875	28.792	28.448	28.245	27.591	25.9	0.526
2025-07-03	-91.098	30.268	8.996	28.624	24.14	40.09	26.431	22.1	33.9	90.579	60.514	100	101.519	3.093	254.188	1.473	2.824	0.417	0.001	0.166	0.165	0.301	0.418	0.481	-69.636	-36.729	-20.163	0.165	1.036	1.412	3.047	3.873	28.528	28.223	28.147	27.591	25.9	0.599
2025-07-04	-91.098	30.268	0.765	28.619	24.65	36.76	26.769	23.6	32	91.514	68.645	100	101.576	3.197	192.211	0.86	1.708	0.358	0	0.168	0.163	0.299	0.417	0.481	-78.8	-38.1	-21.255	0.175	1.047	1.416	3.045	3.882	28.335	28.036	28.036	27.564	25.911	0.69
2025-07-05	-91.098	30.268	0.085	30.788	23.39	41	28.326	22.8	33.9	79.328	54.234	99.803	101.515	2.981	300.636	0.959	2.113	0.949	0	0.169	0.161	0.297	0.416	0.48	-86.345	-40.085	-22.325	0.176	1.054	1.421	3.036	3.877	28.824	28.406	28.127	27.548	26	0.694
2025-07-06	-91.098	30.268	0	29.364	23.62	44.21	26.215	22.9	33.2	84.707	58.13	99.313	101.49	2.866	242.179	1.175	2.511	0.582	0	0.168	0.16	0.294	0.414	0.48	-96.045	-42.702	-23.512	0.165	1.063	1.426	3.025	3.882	28.645	28.385	28.283	27.644	26	0.705
2025-07-07	-91.098	30.268	0.051	31.054	22.75	45.89	26.87	22.2	31.7	84.148	65.479	99.557	101.712	2.95	273.93	1.328	2.693	0.643	0	0.166	0.158	0.292	0.411	0.479	-108.266	-45.801	-24.856	0.15	1.068	1.43	3.008	3.892	27.988	27.746	27.919	27.579	26	0.611
2025-07-08	-91.098	30.268	5.154	29.715	23.1	44.15	26.63	22.2	30.6	84.279	65.355	100	101.931	2.917	270.224	1.164	2.502	0.606	0.002	0.164	0.156	0.288	0.408	0.478	-120.758	-49.595	-26.422	0.136	1.081	1.435	2.974	3.905	27.997	27.735	27.823	27.461	26	0.606
2025-07-09	-91.098	30.268	23.477	27.41	22.82	38.38	25.473	22.3	30.5	90.632	73.414	99.978	101.858	2.949	192.811	1.216	2.551	0.333	0.003	0.227	0.188	0.302	0.41	0.479	-72.885	-28.797	-15.354	0.224	1.044	1.44	3.037	3.896	27.494	27.341	27.641	27.374	26.024	0.639
2025-07-10	-91.098	30.268	16.624	26.035	22.86	36.6	24.14	21.8	30.1	96.818	75.582	100	101.73	2.916	169.701	1.054	2.127	0.118	0.001	0.325	0.251	0.346	0.423	0.481	-1.704	-1.379	-0.841	0.36	0.942	1.432	3.22	3.89	26.851	26.759	27.231	27.179	26.157	0.559
2025-07-11	-91.098	30.268	1.071	28.709	22.25	37.78	26.78	21.8	32.2	88.824	68.437	100	101.735	3.112	273.568	1.193	2.4	0.472	0	0.33	0.261	0.372	0.432	0.484	-0.365	-0.301	-0.1	0.377	0.912	1.419	3.311	3.891	26.922	26.616	26.905	26.948	26.126	0.648
2025-07-12	-91.098	30.268	6.784	29.149	23.5	38.26	27.133	23.1	32.1	89.243	71.079	99.733	101.772	3.19	244.517	1.1	2.261	0.442	0	0.315	0.245	0.36	0.428	0.484	-3.123	-0.59	-0.267	0.351	0.911	1.396	3.337	3.863	27.874	27.512	27.346	26.966	26.006	0.731
2025-07-13	-91.098	30.268	3.352	26.594	23.73	33.85	25.262	22.9	30.2	95.755	83.482	100	101.792	3.086	118.967	0.924	1.919	0.146	0.001	0.325	0.243	0.354	0.426	0.482	-6.309	-2.453	-3.539	0.361	0.932	1.396	3.351	3.852	27.601	27.443	27.561	27.111	26	0.769
2025-07-14	-91.098	30.268	2.264	27.567	22.61	36.78	25.778	22.2	31.4	92.746	75.937	100	101.782	3.079	211.598	0.831	1.902	0.278	0	0.324	0.244	0.352	0.425	0.482	-6.361	-6.893	-9.505	0.354	0.928	1.401	3.362	3.853	27.347	27.103	27.281	27.06	26	0.778
2025-07-15	-91.098	30.268	0.102	29.432	22.4	37.76	27.57	21.8	33.6	85.14	57.767	100	101.679	3.093	311.408	0.934	1.945	0.685	0	0.316	0.242	0.35	0.422	0.481	-7.177	-10.56	-12.445	0.345	0.921	1.405	3.363	3.862	27.554	27.226	27.27	27.011	26	0.776
2025-07-16	-91.098	30.268	0.902	30.481	24.25	38.86	28.896	24.1	33.6	83.406	60.99	98.871	101.441	3.283	278.414	1.31	2.524	0.745	0	0.298	0.236	0.346	0.42	0.48	-9.949	-12.48	-15.123	0.328	0.909	1.403	3.345	3.867	28.249	27.907	27.666	27.098	26	0.8
2025-07-17	-91.098	30.268	16.683	25.976	24.76	29.74	24.634	23.5	28.2	99.104	86.058	100	101.37	3.073	73.565	1.581	3.395	0.027	0.004	0.345	0.293	0.383	0.433	0.482	-2.918	-3.549	-4.388	0.401	0.863	1.434	3.326	3.847	27.307	27.179	27.451	27.196	26.397	NA
2025-07-18	-91.098	30.268	2.652	27.632	24.61	34.24	26.535	24.2	30.6	91.351	73.714	100	101.695	3.151	195.023	1.321	2.904	0.342	0	0.343	0.276	0.386	0.435	0.485	-0.162	-0.2	-0.1	0.431	0.897	1.43	3.304	3.836	27.01	26.775	27.132	27.102	26.221	0.827
2025-07-19	-91.098	30.268	1.02	27.462	23.49	36.4	26.02	22.2	31.6	95.852	77.55	100	101.925	3.234	212.438	0.678	1.67	0.161	0	0.345	0.28	0.385	0.434	0.488	-0.174	-0.2	-0.1	0.4	0.876	1.41	3.327	3.775	27.268	27.058	27.252	27.056	26.312	0.788
2025-07-20	-91.098	30.268	0.969	29.419	23.88	36.61	28.258	23.7	32.8	86.803	67.494	100	101.849	3.301	305.174	0.744	1.721	0.594	0	0.345	0.272	0.388	0.435	0.489	-0.101	-0.2	-0.1	0.411	0.897	1.411	3.3	3.762	27.593	27.264	27.281	27.041	26.255	0.785
2025-07-21	-91.098	30.268	0.425	29.584	24.42	36.56	28.758	24.3	33	85.82	68.07	99.742	101.695	3.362	286.272	0.712	1.627	0.628	0	0.328	0.256	0.377	0.431	0.492	-0.277	-0.2	-0.1	0.375	0.894	1.394	3.337	3.722	28.315	27.978	27.703	27.165	26.117	0.797
2025-07-22	-91.098	30.268	0.255	30.288	24.47	37.25	29.173	24.5	34.6	84.329	60.367	100	101.611	3.358	303.7	0.612	1.545	0.753	0	0.31	0.248	0.371	0.428	0.493	-1.235	-0.216	-0.1	0.352	0.882	1.386	3.349	3.686	28.751	28.432	28.101	27.403	26.1	0.781
2025-07-23	-91.098	30.268	0.34	29.661	25.84	35.61	29.047	25.8	33.3	85.706	65.257	96.857	101.64	3.42	181.685	0.95	2.121	0.63	0.001	0.291	0.242	0.366	0.426	0.493	-5.107	-0.395	-0.277	0.327	0.868	1.375	3.342	3.659	28.827	28.585	28.358	27.648	26.17	0.824
2025-07-24	-91.098	30.268	0.748	27.313	24.74	38.51	26.202	23.7	32.6	92.985	72.411	100	101.513	3.162	86.234	0.647	1.552	0.263	0.006	0.278	0.237	0.363	0.425	0.492	-8.018	-0.908	-2.789	0.318	0.859	1.368	3.332	3.645	28.501	28.326	28.322	27.758	26.212	NA
2025-07-25	-91.098	30.268	24.568	26.718	24.4	33.1	25.691	23.5	30.7	96.461	80.246	100	101.416	3.184	99.24	1.182	2.803	0.131	0.028	0.305	0.254	0.374	0.429	0.491	-5.947	-1.275	-4.361	0.386	0.856	1.382	3.328	3.658	27.906	27.759	28.047	27.756	26.546	NA
2025-07-26	-91.098	30.268	1.327	27.523	24.27	32.37	27.15	24.3	30.9	91.27	77.209	99.759	101.75	3.274	197.63	1.033	2.716	0.347	0.001	0.344	0.27	0.391	0.436	0.49	-0.124	-0.2	-0.1	0.498	0.899	1.404	3.299	3.706	27.633	27.381	27.667	27.577	26.558	0.585
2025-07-27	-91.098	30.268	0	29.04	23.56	37.4	28.09	23.3	34	86.668	63.236	100	102.016	3.262	275.649	0.507	1.373	0.603	0	0.329	0.257	0.381	0.43	0.492	-0.189	-0.2	-0.1	0.502	0.901	1.388	3.333	3.696	28.101	27.781	27.752	27.463	26.4	0.579
2025-07-28	-91.098	30.268	0	30.307	23.93	38.92	28.707	23.7	34.6	82.682	55.676	100	102.055	3.185	292.98	0.901	1.888	0.836	0	0.32	0.251	0.376	0.428	0.494	-0.24	-0.2	-0.1	0.525	0.9	1.384	3.342	3.657	28.463	28.176	28.029	27.536	26.4	0.569
2025-07-29	-91.098	30.268	0	24.671	24.23	25.46	24.537	24.1	25.4	97.575	94.851	98.648	101.854	3.007	0	0.187	0.517	0.075	0	0.315	0.248	0.374	0.427	0.494	-0.376	-0.2	-0.135	0.541	0.902	1.384	3.343	3.657	28.526	28.5	28.282	27.6	26.4	NA
2025-07-31	-91.098	30.268	0.034	27.414	22.66	33.98	26.745	22.3	32	87.579	69.009	100	101.592	3.052	169.235	0.587	1.54	0.516	0	0.333	0.262	0.392	0.432	0.493	-0.132	-0.1	-0.1	0.752	1.016	1.426	3.369	3.625	28.236	27.969	28.068	27.738	26.424	0.66
2025-08-01	-91.098	30.268	0	28.181	24.29	34.05	27.589	24	32.6	87.506	68.315	98.91	101.764	3.208	115.09	0.644	1.676	0.528	0	0.325	0.255	0.387	0.429	0.493	-0.1	-0.1	-0.1	0.767	0.993	1.408	3.365	3.608	28.748	28.441	28.227	27.717	26.5	0.721
2025-08-02	-91.098	30.268	0	27.542	23.34	36.15	26.446	23.3	32.6	86.372	63.466	97.02	101.714	2.959	103.485	0.939	2.3	0.537	0	0.321	0.253	0.385	0.428	0.493	-0.1	-0.1	-0.207	0.792	0.989	1.41	3.36	3.609	28.754	28.536	28.396	27.826	26.5	0.697
2025-08-03	-91.098	30.268	0	28.898	23.64	36.72	27.135	23.4	32.1	83.924	62.485	98.394	101.389	2.976	153.233	1.029	2.233	0.668	0	0.318	0.251	0.383	0.428	0.493	-0.1	-0.1	-0.929	0.813	0.993	1.412	3.353	3.614	28.56	28.314	28.283	27.848	26.5	0.602
2025-08-04	-91.098	30.268	0	28.892	21.81	37.85	27.325	21.6	32.4	78.739	57.847	97.441	101.345	2.813	138.515	0.652	1.613	0.886	0	0.314	0.249	0.381	0.427	0.493	-0.174	-0.172	-3.421	0.83	1.002	1.412	3.351	3.614	28.632	28.364	28.284	27.831	26.582	0.691
2025-08-05	-91.098	30.268	0.238	27.664	23.64	37.01	26.391	23.5	32.5	89.165	65.102	99.749	101.747	3.045	123.406	0.581	1.555	0.442	0	0.308	0.247	0.38	0.427	0.493	-0.205	-0.2	-5.853	0.846	1.012	1.41	3.351	3.615	28.857	28.604	28.417	27.875	26.6	0.699
2025-08-06	-91.098	30.268	0	28.219	22.74	36.52	26.903	22.6	32.9	86.17	66.433	100	102.038	3.029	136.244	0.633	1.66	0.573	0	0.302	0.246	0.378	0.427	0.493	-0.317	-0.23	-7.115	0.857	1.016	1.407	3.347	3.617	28.779	28.504	28.407	27.927	26.6	0.668
2025-08-07	-91.098	30.268	1.362	28.077	23.1	37.24	26.698	22.8	33	88.356	65.647	99.945	101.867	3.07	108.161	0.643	1.723	0.497	0.024	0.296	0.244	0.377	0.426	0.493	-0.48	-0.3	-8.323	0.858	1.019	1.406	3.345	3.623	28.874	28.614	28.485	27.968	26.61	0.677
2025-08-08	-91.098	30.268	3.638	26.714	21.83	34.79	25.565	21.6	31.4	91.815	69.036	100	101.547	2.998	90.589	0.498	1.296	0.324	0.009	0.293	0.242	0.376	0.426	0.493	-0.764	-0.423	-9.44	0.865	1.024	1.404	3.342	3.627	28.389	28.215	28.341	27.967	26.7	NA
2025-08-09	-91.098	30.268	0.034	27.199	22.38	34.81	26.188	22.3	31.5	88.495	66.247	100	101.483	2.982	112.951	0.662	1.676	0.47	0	0.294	0.242	0.374	0.426	0.493	-1.034	-0.559	-10.19	0.892	1.052	1.403	3.34	3.621	28.245	28.014	28.133	27.876	26.7	0.377
2025-08-10	-91.098	30.268	0	26.91	22.45	34.4	26.204	22.4	31.3	89.728	71.052	100	101.491	3.039	65.374	0.632	1.538	0.405	0	0.291	0.241	0.373	0.426	0.493	-1.293	-0.734	-10.494	0.897	1.091	1.402	3.338	3.622	27.939	27.741	28.002	27.798	26.7	NA
2025-08-11	-91.098	30.268	0	29.074	22.93	36.43	27.84	23.1	32.9	84.76	63.954	99.849	101.389	3.144	113.931	0.984	3.111	0.656	0	0.286	0.239	0.373	0.426	0.493	-1.81	-0.934	-10.779	0.889	1.102	1.405	3.335	3.615	28.444	28.104	28.013	27.714	26.7	0.32
2025-08-12	-91.098	30.268	0	28.497	23.52	37.07	27.277	23.6	31.6	88.774	73.239	100	101.33	3.2	95.026	1.45	3.104	0.462	0	0.279	0.238	0.372	0.426	0.493	-3.307	-1.206	-10.974	0.835	1.104	1.406	3.332	3.615	28.664	28.386	28.268	27.801	26.7	NA
2025-08-13	-91.098	30.268	0	30.292	24.21	38.84	28.893	24.1	33.7	84.08	64.213	99.971	101.332	3.307	139.924	0.756	2.06	0.725	0	0.271	0.235	0.372	0.426	0.493	-5.194	-1.609	-11.164	0.768	1.106	1.404	3.325	3.612	29.011	28.664	28.424	27.898	26.7	0.163
2025-08-14	-91.098	30.268	0	29.619	23.66	39.04	28.48	23.7	33.3	83.496	64.881	99.704	101.514	3.213	101.693	1.312	4.368	0.723	0	0.263	0.233	0.371	0.426	0.493	-6.608	-1.944	-11.333	0.708	1.098	1.403	3.317	3.608	29.182	28.891	28.671	28.066	26.735	0.209
2025-08-15	-91.098	30.268	6.552	25.887	22.99	36.11	25.39	23.4	31.5	94.858	76.667	99.791	101.803	3.075	28.499	0.969	1.923	0.188	0.046	0.258	0.231	0.37	0.426	0.488	-8.473	-2.797	-11.481	0.657	1.088	1.401	3.312	3.702	28.426	28.352	28.577	28.141	26.8	NA
2025-08-16	-91.098	30.268	0	28.093	21.41	36.23	27.054	21.1	34.2	86.501	59.844	100	101.764	3.053	89.888	0.489	1.002	0.627	0	0.258	0.23	0.368	0.426	0.482	-10.147	-4.304	-11.713	0.655	1.092	1.401	3.306	3.792	27.86	27.601	27.927	27.917	26.8	NA
2025-08-17	-91.098	30.268	0	27.778	23.65	38.38	27.218	23.7	34.1	85.995	63.38	98.018	101.465	3.083	47.384	0.527	1.364	0.582	0	0.255	0.228	0.367	0.425	0.482	-11.022	-5.367	-11.931	0.633	1.1	1.403	3.304	3.782	28.368	28.163	28.174	27.842	26.8	NA
2025-08-18	-91.098	30.268	11.885	27.267	22.61	38.16	26.174	22.3	34.4	88.966	59.736	100	101.369	2.987	65.526	0.492	1.469	0.502	0.062	0.267	0.233	0.372	0.427	0.482	-8.696	-4.636	-8.799	0.709	1.148	1.427	3.299	3.792	28.191	27.972	28.115	27.857	26.822	NA
2025-08-19	-91.098	30.268	8.178	26.969	21.86	36.08	25.562	21.8	33.8	91.954	63.133	100	101.391	2.991	90.539	0.435	1.241	0.374	0.174	0.318	0.257	0.389	0.432	0.483	-0.174	-0.201	-0.1	1.017	1.292	1.494	3.31	3.8	27.81	27.666	28.016	27.865	26.975	NA
2025-08-20	-91.098	30.268	8.542	27.976	22.33	39.02	26.796	22	33.8	87.542	63.741	100	101.176	3.059	135.832	0.742	1.623	0.546	0.079	0.326	0.257	0.393	0.436	0.484	-0.1	-0.18	-0.1	0.983	1.346	1.562	3.287	3.811	27.977	27.722	27.866	27.719	26.98	0.333
2025-08-21	-91.098	30.268	0.187	27.729	22.48	39.2	25.884	22.2	33	89.806	66.857	99.936	101.082	2.991	211.041	1.005	2.132	0.399	0	0.32	0.248	0.387	0.432	0.485	-0.1	-0.1	-0.1	0.986	1.312	1.527	3.312	3.735	28.385	28.159	28.128	27.741	26.852	0.576
2025-08-22	-91.098	30.268	0.085	27.578	22.81	40.89	25.679	22.4	31.8	92.06	71.831	99.997	101.226	3.026	165.732	0.843	1.769	0.305	0	0.318	0.245	0.385	0.431	0.485	-0.1	-0.1	-0.1	1.003	1.298	1.523	3.324	3.723	28.325	28.118	28.194	27.823	26.8	0.514
2025-08-23	-91.098	30.268	0	29.472	22.34	41.23	26.961	22	32.8	83.782	56.938	100	101.286	2.913	262.761	1.09	2.176	0.728	0	0.317	0.243	0.383	0.431	0.482	-0.1	-0.1	-0.1	1.021	1.303	1.527	3.328	3.761	28.471	28.215	28.19	27.832	26.8	0.449
2025-08-24	-91.098	30.268	0	29.993	22.14	42.79	27.13	22.1	33.3	77.72	49.478	98.156	101.311	2.696	277.62	0.865	1.917	0.993	0	0.312	0.241	0.381	0.43	0.482	-0.1	-0.1	-0.1	1.061	1.303	1.528	3.329	3.753	28.688	28.45	28.369	27.911	26.8	0.411
2025-08-25	-91.098	30.268	0	30.459	21.85	43.51	27.581	22.1	33.6	76.595	52.137	97.328	101.514	2.762	279.756	1.066	2.311	1.024	0	0.306	0.239	0.38	0.43	0.482	-0.1	-0.1	-0.1	1.084	1.298	1.526	3.33	3.755	28.821	28.576	28.489	27.989	26.897	0.379
2025-08-26	-91.098	30.268	0	30.295	21.31	44.25	26.96	21.9	33	80.006	55.201	97.896	101.824	2.802	258.786	1.116	2.319	0.838	0	0.3	0.237	0.379	0.43	0.482	-0.186	-0.159	-0.1	1.083	1.291	1.521	3.327	3.76	28.939	28.67	28.591	28.076	26.9	0.361
2025-08-27	-91.098	30.268	0	28.392	22.74	40.52	25.61	22.4	31.1	84.586	63.957	98.077	101.963	2.748	185.11	0.963	2.036	0.583	0	0.294	0.236	0.377	0.43	0.482	-0.27	-0.2	-0.123	1.053	1.282	1.517	3.326	3.778	28.56	28.374	28.543	28.133	26.9	0.329
2025-08-28	-91.098	30.268	2.11	29.128	22.46	43.64	26.934	22.1	32.1	83.684	64.281	98.23	101.697	2.947	206.276	1.054	2.314	0.659	0.016	0.289	0.235	0.376	0.43	0.482	-0.443	-0.2	-0.2	1.033	1.277	1.515	3.325	3.787	28.532	28.248	28.348	28.056	26.976	0.336
2025-08-29	-91.098	30.268	17.159	24.962	22.76	27.45	24.528	22.4	26.4	95.802	88.117	100	101.476	2.951	29.208	0.988	2.097	0.135	0.153	0.309	0.243	0.383	0.433	0.483	-0.396	-0.196	-0.159	1.18	1.347	1.565	3.325	3.795	27.746	27.7	28.188	28.02	27.028	NA
2025-08-30	-91.098	30.268	0.408	26.335	22.77	37.28	24.494	22.3	30.2	97.805	79.117	100	101.33	3.01	155.984	0.969	2.091	0.084	0.007	0.329	0.255	0.395	0.438	0.485	-0.1	-0.1	-0.1	1.34	1.48	1.654	3.332	3.79	27.416	27.192	27.584	27.738	27.032	0.285
2025-08-31	-91.098	30.268	0.068	27.573	21.55	38.24	25.423	21.1	31	86.282	62.158	100	101.456	2.761	261.953	1.048	2.13	0.546	0	0.326	0.253	0.394	0.439	0.485	-0.1	-0.1	-0.1	1.33	1.499	1.684	3.34	3.813	27.896	27.652	27.726	27.617	27.006	0.279
2025-09-01	-91.098	30.268	0	28.319	22.78	40.04	25.939	22.5	31.3	82.721	55.165	99.519	101.503	2.713	239.774	0.985	2.05	0.688	0	0.311	0.237	0.386	0.436	0.487	-0.1	-0.1	-0.1	1.24	1.408	1.621	3.355	3.753	28.381	28.129	28.054	27.678	26.936	0.311
2025-09-02	-91.098	30.268	0	28.635	21.93	40.1	26.281	22	31.5	80.358	57.517	99.195	101.419	2.695	267.129	1.153	2.466	0.782	0	0.303	0.233	0.383	0.435	0.487	-0.1	-0.1	-0.1	1.242	1.379	1.616	3.356	3.737	28.709	28.387	28.199	27.778	26.9	0.304
2025-09-03	-91.098	30.268	0	28.056	19.78	39.71	25.589	19.5	31.6	79.48	56.343	99.707	101.249	2.544	241.986	0.725	1.684	0.824	0	0.294	0.23	0.38	0.435	0.487	-0.1	-0.1	-0.1	1.214	1.347	1.611	3.353	3.737	28.853	28.53	28.331	27.869	26.9	0.293
2025-09-04	-91.098	30.268	0	29.569	21.15	41.31	26.892	20.9	32.6	82.419	59.897	99.534	101.122	2.876	246.894	0.957	2.174	0.757	0	0.285	0.228	0.379	0.435	0.483	-0.169	-0.1	-0.1	1.139	1.322	1.603	3.347	3.798	29.244	28.837	28.45	27.939	26.9	0.306
2025-09-05	-91.098	30.268	0	30.225	21.73	42.7	27.385	21.7	33.4	80.977	57.697	98.826	101.304	2.904	215.171	0.895	1.935	0.822	0	0.276	0.226	0.377	0.435	0.483	-0.279	-0.1	-0.1	1.056	1.296	1.593	3.342	3.799	29.743	29.325	28.778	28.067	26.907	0.303
2025-09-06	-91.098	30.268	0	29.171	21.12	41.59	26.667	21	32.1	82.349	60.802	99.36	101.493	2.842	213.257	1.053	2.193	0.728	0	0.269	0.224	0.376	0.435	0.483	-0.626	-0.148	-0.1	0.989	1.269	1.582	3.335	3.797	29.685	29.368	28.99	28.258	27	0.301
2025-09-07	-91.098	30.268	0	28.168	20.91	39.94	25.312	20.7	31	77.893	59.681	95.999	101.678	2.484	240.158	1.68	3.542	0.798	0	0.264	0.222	0.374	0.435	0.483	-1.703	-0.2	-0.1	0.942	1.235	1.572	3.329	3.795	29.196	28.926	28.786	28.292	27	0.301
2025-09-08	-91.098	30.268	0	25.811	17.02	38.93	23.056	17.1	29.3	64.623	45.71	91.947	101.691	1.782	251.009	1.436	3.165	1.112	0	0.26	0.22	0.372	0.434	0.482	-4.748	-0.27	-0.1	0.887	1.204	1.562	3.32	3.794	28.167	28.02	28.254	28.135	27.026	0.3
2025-09-09	-91.098	30.268	0	25.291	15.23	40.91	22.875	14.9	31.4	84.698	63.926	97.498	101.492	2.383	181.115	0.895	1.913	0.538	0	0.256	0.218	0.37	0.434	0.482	-6.809	-0.401	-0.1	0.853	1.183	1.556	3.317	3.799	27.287	27.128	27.603	27.788	27.068	0.309
2025-09-10	-91.098	30.268	0	28.164	20.04	42.47	25.57	20	32.7	84.254	60.372	100	101.698	2.724	209.98	1.058	2.222	0.642	0	0.252	0.216	0.369	0.433	0.482	-8.557	-0.555	-0.1	0.844	1.176	1.553	3.317	3.799	28.085	27.722	27.641	27.542	27	0.306
2025-09-11	-91.098	30.268	0	28.808	19.81	42.5	25.672	19.8	33.1	80.181	47.505	100	101.844	2.558	246.199	0.808	1.818	0.851	0	0.249	0.213	0.368	0.433	0.482	-10.315	-0.714	-0.1	0.821	1.167	1.548	3.315	3.8	28.821	28.43	28.056	27.64	26.973	0.302
2025-09-12	-91.098	30.268	0	29.362	18.74	44.72	26.296	18.6	33.8	75.179	46.994	99.144	101.778	2.476	238.877	0.754	1.744	1.094	0	0.245	0.21	0.367	0.433	0.482	-11.49	-0.966	-0.1	0.792	1.152	1.542	3.309	3.801	29.146	28.773	28.384	27.83	26.9	0.292
2025-09-13	-91.098	30.268	0	29.92	19.87	44.9	27.414	20.4	34.2	71.689	43.969	94.793	101.538	2.531	232.635	1.098	2.3	1.225	0	0.241	0.207	0.366	0.433	0.482	-12.591	-1.292	-0.1	0.754	1.14	1.536	3.301	3.797	29.569	29.218	28.735	28.016	26.9	0.298
2025-09-14	-91.098	30.268	0	28.852	20.07	42.67	26.757	20.1	32.7	72.448	42.067	99.401	101.441	2.458	196.239	0.976	2.157	1.136	0	0.237	0.204	0.365	0.433	0.482	-13.756	-1.856	-0.1	0.701	1.127	1.529	3.294	3.799	29.243	28.97	28.792	28.183	26.94	0.326
2025-09-15	-91.098	30.268	0	27.935	19.79	43.77	25.306	19.7	32	79.867	49.603	99.041	101.654	2.502	188.625	0.832	1.7	0.818	0	0.233	0.202	0.363	0.433	0.482	-14.934	-2.748	-0.1	0.651	1.115	1.522	3.287	3.8	28.892	28.615	28.579	28.18	27	0.306
2025-09-16	-91.098	30.268	1.173	27.78	20.83	43.15	25.315	20.6	31.6	85.407	57.856	99.581	101.758	2.726	192.189	0.939	2.082	0.557	0.018	0.229	0.199	0.362	0.433	0.482	-16.015	-3.734	-0.1	0.611	1.105	1.514	3.283	3.799	28.883	28.626	28.579	28.154	27	0.372
2025-09-17	-91.098	30.268	0.544	26.45	20.7	41.29	23.739	20.2	31.3	90.663	62.522	100	101.628	2.635	191.324	0.819	1.883	0.379	0.011	0.228	0.196	0.36	0.432	0.482	-17.093	-5.049	-0.1	0.595	1.093	1.505	3.285	3.809	28.237	28.076	28.324	28.094	27	0.259
2025-09-18	-91.098	30.268	0.051	26.144	18.1	38.49	24.17	17.8	31.2	84.723	57.152	100	101.536	2.511	225.169	0.948	1.977	0.608	0	0.232	0.195	0.358	0.432	0.481	-17.949	-6.415	-0.1	0.602	1.089	1.501	3.284	3.803	27.57	27.404	27.805	27.873	27.075	0.215
2025-09-19	-91.098	30.268	0.017	27.12	18.12	40.36	24.683	17.9	32.3	81.024	48.181	100	101.579	2.436	248.651	0.998	2.145	0.806	0	0.232	0.195	0.357	0.431	0.481	-18.492	-7.505	-0.1	0.584	1.088	1.497	3.284	3.797	27.918	27.644	27.732	27.691	27	0.297
2025-09-20	-91.098	30.268	0	27.298	18.64	41.24	25.064	18.4	32.7	80.324	51.506	100	101.611	2.492	217.504	1.034	2.151	0.813	0	0.231	0.194	0.356	0.431	0.481	-18.966	-8.435	-0.1	0.564	1.076	1.492	3.283	3.794	28.095	27.809	27.822	27.639	27	0.307
2025-09-21	-91.098	30.268	0	27.283	20.17	40.85	25.031	20.1	32.3	84.749	54.115	100	101.497	2.649	199.05	1.22	2.398	0.611	0	0.228	0.192	0.355	0.431	0.481	-19.465	-9.328	-0.1	0.542	1.06	1.486	3.281	3.789	28.241	27.929	27.911	27.645	27	0.35
2025-09-22	-91.098	30.268	1.649	26.179	20.37	42.32	24.353	20	32.2	90.309	62.548	100	101.35	2.741	171.264	1.235	2.434	0.365	0.02	0.224	0.189	0.352	0.431	0.481	-20.179	-10.098	-0.1	0.523	1.052	1.479	3.279	3.796	27.91	27.706	27.913	27.659	26.917	0.296
2025-09-23	-91.098	30.268	0.17	28.199	21.25	40.89	26.202	21	33.1	88.384	62.801	100	101.42	2.986	196.394	1.407	2.678	0.494	0	0.22	0.186	0.35	0.43	0.481	-21.017	-10.577	-0.1	0.515	1.053	1.474	3.279	3.79	27.904	27.567	27.688	27.581	26.9	0.265
2025-09-24	-91.098	30.268	0.698	26.993	23.45	40.36	26.084	23.4	33	91.893	65.505	99.459	101.503	3.096	117.686	1.552	3.102	0.309	0.004	0.217	0.183	0.347	0.43	0.481	-21.806	-10.955	-0.1	0.505	1.058	1.471	3.281	3.788	28.072	27.876	27.967	27.609	26.9	0.328
2025-09-25	-91.098	30.268	0.017	25.588	22.01	31.13	24.543	22.1	27.2	93.079	80.739	99.552	101.364	2.866	107.375	1.442	2.649	0.224	0	0.217	0.181	0.345	0.43	0.48	-22.761	-11.512	-0.126	0.501	1.058	1.465	3.277	3.783	27.295	27.146	27.626	27.594	26.9	0.237
2025-09-26	-91.098	30.268	0	25.591	17.78	38.09	23.551	18	29.8	82.383	52.496	100	101.15	2.342	231.7	1.179	2.425	0.635	0	0.216	0.179	0.342	0.429	0.48	-24.031	-12.34	-0.208	0.497	1.065	1.463	3.275	3.783	26.941	26.73	27.157	27.344	26.9	0.344
2025-09-27	-91.098	30.268	0	25.693	15.94	38.58	23.592	16.2	30.7	75.002	47.504	99.564	101.237	2.11	227.098	1.179	2.426	0.922	0	0.213	0.177	0.339	0.429	0.48	-25.494	-13.395	-0.343	0.483	1.076	1.461	3.274	3.779	26.758	26.582	26.978	27.139	26.835	0.369
2025-09-28	-91.098	30.268	0	26.124	15.67	41.04	24.225	16.3	31.9	70.689	48.658	92.1	101.474	2.096	235.684	1.178	2.49	1.054	0	0.208	0.174	0.336	0.428	0.48	-26.749	-14.757	-0.734	0.464	1.081	1.46	3.276	3.772	27.052	26.824	26.996	27.034	26.8	0.355
2025-09-29	-91.098	30.268	0	26.712	17.35	41.62	24.594	18	32.7	75.907	48.422	90.72	101.471	2.309	226.569	1.029	2.167	0.915	0	0.203	0.171	0.334	0.428	0.48	-28.176	-16.631	-3.111	0.441	1.084	1.458	3.276	3.773	27.356	27.078	27.148	27.036	26.721	0.362
2025-09-30	-91.098	30.268	0	26.435	17.73	40.1	24.398	17.7	32.1	77.012	46.669	97.795	101.416	2.294	206.822	0.977	2.033	0.873	0	0.198	0.167	0.331	0.428	0.48	-29.878	-19.083	-7.797	0.421	1.087	1.455	3.275	3.776	27.519	27.282	27.344	27.122	26.7	0.326
2025-10-01	-91.098	30.268	0	25.492	17.25	40.43	23.783	17.3	32.9	79.093	45.126	98.994	101.443	2.262	181.263	0.814	1.732	0.808	0	0.193	0.164	0.329	0.427	0.48	-31.874	-22.11	-11.174	0.403	1.087	1.448	3.267	3.774	27.171	27.072	27.386	27.169	26.7	0.362
2025-10-02	-91.098	30.268	0.068	27.491	21	39.45	25.556	21.2	31.5	78.38	46.494	99.875	101.757	2.506	212.127	1.467	2.899	0.828	0	0.186	0.16	0.326	0.426	0.48	-34.893	-28.499	-15.644	0.39	1.099	1.444	3.257	3.777	28.051	27.76	27.64	27.257	26.655	0.388
2025-10-03	-91.098	30.268	0	25.375	19.49	37.59	23.438	19.7	28.8	82.275	62.519	96.963	101.811	2.346	185.257	1.628	3.28	0.583	0	0.182	0.157	0.323	0.426	0.479	-39.086	-35.138	-22.109	0.374	1.101	1.436	3.232	3.775	27.564	27.373	27.596	27.359	26.677	0.381
2025-10-04	-91.098	30.268	0	24.987	18.87	35.37	23.266	19.3	27.9	80.351	69.421	90.939	101.472	2.287	188.118	2.379	4.638	0.609	0	0.177	0.154	0.32	0.424	0.479	-44.766	-43.143	-30.788	0.361	1.101	1.428	3.147	3.773	27.043	26.873	27.307	27.294	26.7	0.341
2025-10-05	-91.098	30.268	0.238	25.048	21.64	31.21	23.67	22	26.5	86.958	78.307	98.464	101.14	2.549	104.16	2.249	4.665	0.384	0	0.174	0.15	0.317	0.422	0.479	-52.487	-51.101	-38.857	0.352	1.102	1.421	2.985	3.784	26.928	26.742	27.169	27.16	26.7	0.436
2025-10-06	-91.098	30.268	1.496	27.34	22.43	34.76	26.133	21.8	31.2	89.226	70.626	100	101.318	3.004	190.9	1.666	3.728	0.436	0.007	0.262	0.246	0.36	0.428	0.482	-5.905	-6.822	-4.657	0.957	1.212	1.556	3.215	3.79	26.972	26.649	26.902	27.009	26.685	0.526
2025-10-07	-91.098	30.268	0.068	27.386	22.55	36.89	25.592	22.2	30.9	89.587	63.99	100	101.592	2.913	189.206	0.663	1.533	0.415	0	0.28	0.23	0.354	0.424	0.481	-10.281	-1.494	-4.06	0.983	1.202	1.496	3.278	3.772	27.674	27.389	27.342	27.082	26.6	0.507
2025-10-08	-91.098	30.268	0.051	26.189	21.33	36.79	24.61	21	31.4	90.085	66.624	100	101.738	2.78	176.332	0.941	2.167	0.36	0	0.27	0.219	0.347	0.421	0.481	-15.582	-8.838	-13.135	0.809	1.181	1.463	3.245	3.782	27.509	27.325	27.479	27.205	26.6	0.687
2025-10-09	-91.098	30.268	0.017	25.866	20.25	34.56	24.843	20.7	30.3	78.585	57.612	94.367	101.888	2.443	214.783	1.809	3.996	0.745	0	0.262	0.213	0.342	0.42	0.48	-18.775	-15.721	-20.34	0.687	1.165	1.428	3.182	3.783	27.21	27.075	27.373	27.219	26.6	0.557
2025-10-10	-91.098	30.268	0	22.545	14.75	33.17	21.501	15	28.4	74.587	55.262	88.452	101.815	1.917	219.598	1.372	3.148	0.721	0	0.256	0.208	0.338	0.418	0.48	-21.616	-23.003	-29.276	0.593	1.143	1.395	3.069	3.78	25.914	25.934	26.806	27.071	26.6	0.572
2025-10-11	-91.098	30.268	0	21.309	14.01	32.32	20.147	14.3	27.2	80.016	49.72	98.451	101.447	1.842	217.523	0.989	2.282	0.599	0	0.251	0.204	0.335	0.415	0.479	-24.236	-30.908	-37.88	0.528	1.119	1.372	2.915	3.779	25.068	25.069	26.1	26.681	26.6	0.633
2025-10-12	-91.098	30.268	0	20.626	12.15	32.68	19.337	12.1	27.4	78.469	47.763	99.469	101.161	1.692	219.882	0.696	1.724	0.676	0	0.246	0.201	0.333	0.411	0.479	-26.99	-40.255	-46.046	0.476	1.098	1.352	2.772	3.776	24.158	24.152	25.389	26.241	26.547	0.598
2025-10-13	-91.098	30.268	0	20.87	12.19	33.37	19.688	12.2	28.5	77.898	41.965	100	101.445	1.7	216.096	0.83	1.911	0.737	0	0.241	0.197	0.331	0.407	0.478	-29.777	-51.689	-54.594	0.436	1.084	1.338	2.684	3.768	23.732	23.684	24.872	25.802	26.434	0.617
2025-10-14	-91.098	30.268	0	21.606	12.66	35.06	20.27	12.9	29.4	76.293	41.545	98.798	101.682	1.73	208.768	1.098	2.437	0.796	0	0.235	0.193	0.329	0.403	0.478	-32.795	-61.757	-63.371	0.404	1.066	1.329	2.647	3.761	23.589	23.5	24.563	25.448	26.279	0.576
2025-10-15	-91.098	30.268	0	22.154	12.38	36.72	20.526	13.4	29.5	76.654	45.914	95.626	101.539	1.792	200.964	0.855	1.848	0.766	0	0.229	0.19	0.328	0.399	0.478	-36.467	-68.157	-71.297	0.375	1.039	1.323	2.63	3.753	23.562	23.458	24.407	25.201	26.132	0.552
2025-10-16	-91.098	30.268	0	22.729	13.1	37.11	20.946	13.5	30.2	80.994	48.389	99.942	101.357	1.953	196.921	0.712	1.671	0.675	0	0.221	0.185	0.326	0.395	0.477	-41.541	-76.062	-79.037	0.349	1.017	1.317	2.619	3.75	23.735	23.59	24.368	25.037	25.965	0.552
2025-10-17	-91.098	30.268	0	23.638	14.94	36.41	22.015	14.7	29.4	83.208	55.994	100	101.295	2.169	180.341	1	2.316	0.598	0	0.213	0.18	0.324	0.392	0.477	-48.174	-83.906	-85.617	0.329	1.003	1.312	2.611	3.735	24.005	23.817	24.457	24.98	25.842	0.587
2025-10-18	-91.098	30.268	0.68	24.582	16.92	36.39	23.404	17.1	29.8	90.372	70.984	100	101.196	2.613	107.007	1.666	3.469	0.329	0	0.205	0.175	0.322	0.39	0.476	-57.065	-91.068	-89.723	0.313	0.995	1.307	2.603	3.722	24.529	24.314	24.721	25.018	25.724	0.605
2025-10-19	-91.098	30.268	0.374	23.811	12.14	33.51	22.989	14.1	27.9	79.239	55.39	99.959	101.545	2.252	190.479	1.431	3.088	0.603	0.007	0.199	0.169	0.32	0.387	0.476	-65.639	-95.85	-90.118	0.299	0.992	1.307	2.603	3.709	25.205	25.006	25.13	25.173	25.639	0.655
2025-10-20	-91.098	30.268	0	19.321	7.78	33.34	18.149	8.5	27.2	75.59	51.299	95.508	101.875	1.567	205.935	1.008	2.272	0.667	0	0.193	0.165	0.316	0.383	0.475	-81.083	-103.839	-90.714	0.275	0.97	1.296	2.589	3.698	23.247	23.291	24.498	25.147	25.6	0.577
2025-10-21	-91.098	30.268	0	23.856	14.26	36.68	22.186	14.6	29.4	84.121	62.731	99.824	101.665	2.248	186.584	1.144	2.352	0.54	0	0.187	0.159	0.313	0.377	0.475	-100.096	-113.246	-92.564	0.264	0.974	1.294	2.58	3.688	23.866	23.621	24.255	24.859	25.548	0.533
2025-10-22	-91.098	30.268	0	21.136	9.36	32.99	19.491	9.9	25.7	64.894	36.96	91.248	101.961	1.421	200.022	1.496	2.997	0.914	0	0.182	0.153	0.31	0.371	0.474	-123.461	-121.148	-94.029	0.253	0.981	1.298	2.613	3.677	24.31	24.209	24.676	24.889	25.488	0.518
2025-10-23	-91.098	30.268	0	18.509	7.85	33.66	16.892	8.2	25.8	73.957	44.577	94.896	101.99	1.382	197.767	1.307	2.463	0.69	0	0.177	0.15	0.306	0.364	0.474	-149.651	-132.54	-94.948	0.244	0.96	1.292	2.616	3.677	22.632	22.672	23.931	24.753	25.4	0.521
2025-10-24	-91.098	30.268	0	19.827	9.47	34.22	18.462	9.8	26.9	80.637	55.1	99.798	101.899	1.699	180.093	1.515	3.108	0.553	0	0.173	0.146	0.303	0.358	0.473	-172.38	-143.021	-96.556	0.243	NA	1.296	2.624	3.672	22.623	22.55	23.578	24.428	25.337	0.523
2025-10-25	-91.098	30.268	0.34	20.042	16.95	22.76	19.929	17.1	23.2	94.652	88.703	100	101.587	2.213	25.19	2.077	4.306	0.123	0	0.203	0.178	0.311	0.37	0.474	-109.787	-88.204	-56.589	0.412	1.162	1.319	2.772	3.685	22.606	22.556	23.567	24.249	25.24	NA
2025-10-26	-91.098	30.268	0.051	23.731	19.72	29.4	23.11	19.8	27.1	90.119	72.693	100	101.234	2.537	143.393	1.722	3.749	0.314	0	0.324	0.287	0.369	0.423	0.479	-2.244	-0.218	-0.1	0.813	1.092	1.522	3.144	3.707	23.43	23.044	23.229	23.68	24.46	0.601
2025-10-27	-91.098	30.268	0.051	20.609	15.02	27.58	19.926	14.7	25.8	86.611	62.886	100	101.253	1.995	188.662	1.798	3.473	0.386	0	0.313	0.261	0.366	0.415	0.479	-0.293	-0.2	-0.102	0.759	1.023	1.467	3.254	3.677	23.614	23.455	23.906	24.15	24.789	0.58
2025-10-28	-91.098	30.268	0.017	20.569	13.96	29.05	19.518	13.5	25.9	90.674	72.288	100	101.265	2.065	143.26	1.624	3.436	0.268	0	0.305	0.247	0.358	0.41	0.477	-3.814	-0.371	-1.161	0.716	0.991	1.435	3.276	3.704	22.965	22.855	23.639	24.163	24.8	0.515
2025-10-29	-91.098	30.268	0	15.638	11.29	21.76	15.686	12.6	21.8	67.601	51.497	94.875	101.418	1.223	173.019	4.095	8.462	0.573	0	0.299	0.239	0.353	0.407	0.476	-9.262	-1.362	-8.4	0.674	0.967	1.422	3.273	3.71	22.149	22.253	23.382	24.058	24.8	0.324
2025-10-30	-91.098	30.268	0	14.362	7.57	21.89	13.465	7.5	18.2	74.213	57.58	95.199	101.682	1.136	184.188	2.569	4.735	0.43	0	0.292	0.234	0.348	0.403	0.476	-11.865	-5.443	-13.225	0.618	0.945	1.407	3.239	3.723	20.509	20.605	22.197	23.57	24.775	0.332
2025-10-31	-91.098	30.268	0	12.986	4.95	24.04	11.548	4.6	19.7	81.33	49.759	100	101.87	1.085	189.132	0.943	1.911	0.355	0	0.287	0.23	0.346	0.4	0.476	-13.247	-10.414	-16.915	0.576	0.927	1.39	3.188	3.729	19.254	19.358	21.226	22.936	24.657	0.424
2025-11-01	-91.098	30.268	0	14.55	5.56	24.94	13.523	5.4	21.5	81.058	56.559	100	101.867	1.246	178.067	1.066	2.429	0.399	0	0.282	0.226	0.344	0.397	0.475	-14.281	-12.896	-20.268	0.552	0.917	1.382	3.144	3.722	18.857	18.828	20.54	22.316	24.469	0.451
2025-11-02	-91.098	30.268	0	11.482	9.32	13.56	11.843	9.4	13.6	89.398	86.928	93.895	102.004	1.242	1.621	1.166	2.147	0.149	0	0.279	0.224	0.343	0.396	0.475	-14.859	-14.232	-22.373	0.548	0.916	1.382	3.123	3.716	19.259	19.391	20.716	22.05	24.3	NA
2025-11-03	-91.098	30.268	0	12.512	3.88	25.54	11.25	4.1	20.6	73.969	39.061	98.473	102.572	0.94	192.371	1.21	3.923	0.482	0	0.274	0.219	0.34	0.393	0.474	-16.429	-16.664	-25.712	0.53	0.901	1.372	3.095	3.722	18.295	18.358	20.061	21.67	23.986	0.418
2025-11-04	-91.098	30.268	0	14.188	4.19	28.06	12.981	4.2	22.9	77.32	49.669	98.553	102.535	1.134	187.321	0.892	2.689	0.48	0	0.271	0.217	0.338	0.391	0.473	-17.188	-18.475	-28.276	0.514	0.894	1.364	3.056	3.718	17.843	17.802	19.465	21.232	23.768	0.491
2025-11-05	-91.098	30.268	0	17.693	7.75	32.26	16.257	7.5	25.8	85.438	59.213	100	102.178	1.603	178.559	0.844	1.929	0.396	0	0.267	0.214	0.337	0.39	0.472	-17.904	-19.869	-30.752	0.507	0.895	1.361	3.023	3.713	18.594	18.383	19.482	20.931	23.525	0.508
2025-11-06	-91.098	30.268	0	19.614	10.69	31.84	18.271	10.4	25	86.233	69.702	100	101.768	1.818	137.66	1.034	2.428	0.376	0	0.264	0.21	0.336	0.389	0.472	-18.481	-20.508	-32.461	0.503	0.897	1.362	3.011	3.705	19.639	19.39	20.051	20.951	23.306	0.405
2025-11-07	-91.098	30.268	0	22.958	17.09	33.39	22.092	17.4	28.2	85.351	61.283	99.725	101.071	2.252	146.718	1.768	3.239	0.465	0	0.26	0.207	0.335	0.388	0.471	-18.984	-20.684	-33.485	0.502	0.902	1.362	3.01	3.698	21.119	20.771	20.854	21.217	23.142	0.39
2025-11-08	-91.098	30.268	0	22.88	15.15	34.91	21.675	14.8	28.2	87.651	65.736	100	101.049	2.262	144.531	1.202	2.391	0.398	0	0.257	0.204	0.334	0.389	0.471	-19.621	-20.842	-33.742	0.494	0.903	1.359	3.007	3.703	21.824	21.523	21.558	21.636	23.025	0.334
2025-11-09	-91.098	30.268	0.017	18.684	8.44	26.33	17.885	9.4	21.2	69.921	41.954	99.552	101.884	1.479	151.954	3.45	6.905	0.608	0	0.254	0.201	0.333	0.389	0.47	-20.332	-21.24	-33.858	0.482	0.901	1.361	3.014	3.708	21.758	21.684	22.002	22.004	23	0.314
2025-11-10	-91.098	30.268	0	7.9	-0.32	17.36	6.811	-0.3	11.7	59.862	38.338	84.767	103.017	0.58	180.82	2.542	5.016	0.431	0	0.255	0.2	0.331	0.388	0.47	-21.783	-22.428	-34.778	0.46	0.879	1.349	2.994	3.714	18.497	18.791	20.726	21.883	23	0.318
2025-11-11	-91.098	30.268	0	8.218	-1.82	21.01	6.691	-1.9	15.5	67.266	36.062	92.64	102.88	0.635	167.077	0.963	2.004	0.422	0	0.254	0.199	0.329	0.385	0.47	-22.911	-25.249	-37.283	0.446	0.862	1.328	2.88	3.706	16.103	16.296	18.81	20.999	22.997	0.305
2025-11-12	-91.098	30.268	0	15.372	3.59	30.63	14.336	3.2	24.4	77.702	54.562	94.614	102.372	1.302	161.969	1.258	2.96	0.509	0	0.251	0.198	0.329	0.382	0.47	-23.255	-27.595	-40.975	0.447	0.868	1.327	2.812	3.693	16.742	16.546	18.18	20.152	22.842	0.288
2025-11-13	-91.098	30.268	0	17.502	9.2	28.81	17.069	9.3	25.3	81.526	55.309	97.642	102.282	1.573	130.296	1.099	2.106	0.486	0	0.247	0.195	0.329	0.381	0.469	-23.54	-27.918	-43.189	0.45	0.88	1.333	2.811	3.688	18.255	18.005	18.828	19.98	22.608	0.276
2025-11-14	-91.098	30.268	0	18.998	9.22	32.32	17.803	9.2	25.6	78.329	52.654	100	102.105	1.567	150.828	1.186	2.669	0.592	0	0.244	0.192	0.328	0.381	0.469	-24.109	-27.485	-43.696	0.448	0.88	1.334	2.818	3.683	18.92	18.684	19.335	20.15	22.406	0.264
2025-11-15	-91.098	30.268	0	18.915	9.52	30.96	18.13	9.3	25.8	80.594	58.877	100	101.631	1.673	141.464	1.52	3.21	0.519	0	0.241	0.19	0.328	0.381	0.469	-24.803	-27.451	-43.518	0.444	0.875	1.333	2.819	3.678	19.341	19.132	19.71	20.344	22.268	0.248
2025-11-16	-91.098	30.268	0	20.328	12.23	32.8	19.322	12.4	27	84.784	58.716	98.457	101.264	1.891	154.042	1.143	2.597	0.44	0	0.238	0.188	0.327	0.381	0.469	-25.298	-27.517	-43.167	0.442	0.875	1.335	2.819	3.679	20.028	19.766	20.102	20.54	22.2	0.24
2025-11-17	-91.098	30.268	0	20.275	13.23	32.22	19.005	13.3	25	89.668	68.813	100	101.486	1.968	110.845	1.656	3.367	0.283	0	0.236	0.186	0.327	0.381	0.468	-25.657	-27.523	-42.618	0.438	0.875	1.334	2.822	3.693	20.456	20.211	20.527	20.789	22.122	0.254
2025-11-18	-91.098	30.268	0	23.828	16.17	33.38	22.768	16.3	28	85.141	63.983	100	101.77	2.331	137.469	2.218	4.613	0.49	0	0.234	0.184	0.326	0.381	0.468	-25.895	-27.702	-42.049	0.438	0.88	1.333	2.823	3.694	21.512	21.16	21.073	21.058	22.1	0.212
2025-11-19	-91.098	30.268	0	22.227	14.69	33.74	21.26	14.5	28	85.591	62.014	100	102.031	2.15	132.404	1.969	4.558	0.449	0	0.231	0.182	0.326	0.382	0.468	-26.373	-27.818	-41.575	0.434	0.879	1.333	2.829	3.688	21.752	21.505	21.56	21.431	22.164	0.233
2025-11-20	-91.098	30.268	0	22.578	14.6	33.93	21.333	14.2	27.3	86.083	63.398	100	101.786	2.175	130.923	2.639	5.235	0.433	0	0.229	0.181	0.325	0.382	0.468	-27.041	-28.22	-41.37	0.43	0.878	1.331	2.83	3.69	21.837	21.58	21.724	21.676	22.2	0.227
2025-11-21	-91.098	30.268	0.187	23.956	20.39	31.71	23.369	20.2	27.6	90.165	74.645	98.91	101.494	2.584	106.982	2.559	4.855	0.312	0	0.225	0.179	0.325	0.382	0.468	-27.205	-28.423	-41.206	0.432	0.885	1.333	2.833	3.688	22.728	22.398	22.186	21.895	22.298	0.224
2025-11-22	-91.098	30.268	0	23.368	16.76	33.95	22.698	17	28	90.887	74.199	100	101.772	2.513	83.69	1.333	2.329	0.276	0	0.224	0.177	0.325	0.382	0.468	-27.396	-28.364	-40.758	0.433	0.889	1.334	2.836	3.693	23.111	22.811	22.651	22.249	22.356	NA
2025-11-23	-91.098	30.268	0	18.67	11.29	28.95	17.595	11.4	24	80.367	57.288	100	101.953	1.601	152.96	1.471	2.775	0.46	0	0.223	0.176	0.324	0.382	0.468	-28.457	-28.783	-40.495	0.428	0.883	1.329	2.834	3.679	21.895	21.834	22.446	22.444	22.45	0.255
2025-11-24	-91.098	30.268	0	20.126	11.13	31.46	19.184	11	26.5	89.549	71.214	100	101.575	2.039	104.451	2.169	3.803	0.302	0	0.221	0.176	0.323	0.381	0.468	-30.074	-30.115	-41.216	0.425	0.883	1.323	2.822	3.686	20.926	20.781	21.679	22.19	22.546	0.241
2025-11-25	-91.098	30.268	0	21.739	15.57	27.7	21.699	16.1	25.6	94.554	83.987	100	101.457	2.468	72.345	1.881	3.344	0.145	0	0.223	0.174	0.323	0.381	0.468	-25.294	-30.526	-41.971	0.444	0.902	1.33	2.822	3.688	22.068	21.807	21.967	22.101	22.6	NA
2025-11-26	-91.098	30.268	0	14.844	7.06	21.97	15.039	8.5	19.3	74.919	47.368	99.316	102.284	1.3	121.096	2.146	4.423	0.431	0	0.236	0.174	0.322	0.381	0.468	-25.423	-30.654	-41.882	0.514	0.907	1.327	2.822	3.671	20.557	20.611	21.684	22.133	22.6	0.229
2025-11-27	-91.098	30.268	0	9.852	3.67	18.92	9.896	3.9	16.5	56.152	37.556	77.61	102.801	0.668	154.37	1.556	3.751	0.589	0	0.244	0.176	0.321	0.38	0.468	-29.957	-32.969	-42.702	0.513	0.893	1.317	2.77	3.667	17.741	17.954	20.13	21.631	22.6	0.245
2025-11-28	-91.098	30.268	0	9.148	2.41	19	8.88	3.1	15	58.033	37.719	80.191	102.911	0.639	151.094	1.741	8.792	0.532	0	0.248	0.177	0.32	0.377	0.468	-31.515	-37.044	-43.608	0.504	0.887	1.309	2.692	3.669	16.087	16.212	18.602	20.686	22.516	0.246
2025-11-29	-91.098	30.268	0	13.296	2.87	23.2	13.153	3	21.6	72.79	59.872	88.213	102.174	1.149	111.324	2.29	6.486	0.48	0	0.25	0.177	0.32	0.374	0.468	-31.505	-40.34	-45.396	0.5	0.889	1.306	2.653	3.661	15.765	15.64	17.655	19.771	22.324	0.251
2025-11-30	-91.098	30.268	0	14.082	9.2	18.01	13.81	8.3	17	94.789	78.818	100	102.053	1.51	31.194	2.507	4.891	0.086	0	0.252	0.177	0.32	0.372	0.468	-30.705	-40.408	-47.016	0.605	0.908	1.315	2.658	3.675	16.842	16.652	17.916	19.382	22.068	NA
2025-12-01	-91.098	30.268	0.034	12.212	8.91	15.9	11.073	8.2	13.9	95.131	88.278	100	101.78	1.265	58.379	2.32	4.891	0.065	0	0.271	0.178	0.32	0.371	0.467	-31.147	-39.599	-47.459	0.767	0.922	1.316	2.677	3.678	16.414	16.266	17.781	19.232	21.805	NA
2025-12-02	-91.098	30.268	0	6.907	2.75	11.53	5.648	2.6	8.8	90.113	75.678	100	101.754	0.83	80.207	2.943	5.997	0.089	0	0.291	0.181	0.32	0.371	0.467	-31.36	-39.605	-47.643	0.852	0.983	1.314	2.688	3.68	15.484	15.514	17.362	18.952	21.59	NA
2025-12-03	-91.098	30.268	2.941	7.609	0.22	15.05	6.202	-0.5	11.3	87.213	74.004	99.547	101.981	0.84	75.715	1.389	2.639	0.144	0.059	0.291	0.186	0.32	0.369	0.467	-30.889	-41.949	-48.533	0.811	0.991	1.303	2.671	3.678	13.753	13.725	16.064	18.295	21.376	NA
2025-12-04	-91.098	30.268	6.018	11.504	9.86	13.46	11.007	9.1	12.5	99.55	92.687	100	101.679	1.311	8.89	2.805	5.415	0.004	0.009	0.348	0.31	0.373	0.413	0.468	-3.442	-5.155	-4.897	0.823	1.038	1.603	3.277	3.86	13.461	13.24	14.14	15.363	17.431	NA
2025-12-05	-91.098	30.268	3.264	8.741	6.91	10.74	7.871	6.4	9.5	97.809	92.615	100	101.721	1.041	33.3	2.127	3.713	0.022	0.005	0.335	0.282	0.385	0.419	0.469	-0.1	-0.2	-0.1	0.778	0.922	1.549	3.27	3.807	13.656	13.583	14.939	16.524	18.675	NA
2025-12-06	-91.098	30.268	3.111	10.975	8.64	14.08	10.001	7.9	12.2	98.542	94.714	100	101.542	1.216	44.039	1.578	2.849	0.019	0.01	0.337	0.284	0.389	0.419	0.468	-0.1	-0.147	-0.1	0.805	0.926	1.566	3.272	3.796	13.697	13.495	14.822	16.537	19.37	NA
2025-12-07	-91.098	30.268	1.105	16.246	12.11	23.18	15.54	11.7	20.2	93.881	82.113	100	101.381	1.665	101.338	2.332	4.257	0.128	0.003	0.328	0.275	0.388	0.419	0.469	-0.1	-0.1	-0.1	0.828	0.906	1.565	3.287	3.767	15.277	14.815	15.381	16.583	19.5	0.254
2025-12-08	-91.098	30.268	0	11.542	7.35	14.93	10.915	6.9	14.8	85.224	72.101	95.752	102.155	1.129	70.596	2.695	7.699	0.186	0	0.328	0.274	0.389	0.421	0.471	-0.1	-0.1	-0.1	0.836	0.892	1.579	3.293	3.729	15.59	15.502	16.258	16.994	19.5	NA
2025-12-09	-91.098	30.268	0.34	8.702	3.03	15.72	7.242	2.7	12.4	84.738	69.555	95.824	102.173	0.866	111.547	1.232	2.432	0.165	0.001	0.32	0.266	0.384	0.416	0.471	-0.1	-0.1	-0.1	0.807	0.863	1.543	3.298	3.72	14.181	14.137	15.642	17.072	19.5	0.259
2025-12-10	-91.098	30.268	0	11.579	1.59	22.44	11.662	1.1	21.6	84.595	63.097	100	101.59	1.21	144.432	2.401	4.989	0.304	0	0.318	0.263	0.382	0.411	0.47	-0.1	-0.1	-0.1	0.801	0.858	1.529	3.315	3.723	13.726	13.568	14.976	16.735	19.5	0.272
2025-12-11	-91.098	30.268	0	9.769	2.66	19.36	9.582	2.6	16.5	74.565	47.642	100	101.906	0.869	145.365	1.422	2.523	0.371	0	0.315	0.26	0.38	0.408	0.469	-0.1	-0.1	-0.1	0.791	0.854	1.52	3.316	3.724	13.869	13.852	15.099	16.585	19.415	0.276
2025-12-12	-91.098	30.268	0	14.138	4.86	25.58	13.798	4.4	24.2	92.643	73.398	99.842	101.669	1.541	82.082	1.226	2.168	0.159	0	0.315	0.258	0.38	0.407	0.468	-0.1	-0.1	-0.1	0.812	0.86	1.518	3.309	3.741	14.188	13.92	14.93	16.421	19.289	NA
2025-12-13	-91.098	30.268	0.085	17.698	11.05	26.96	17.616	10.9	25.2	90.268	68.66	100	101.779	1.833	131.725	1.537	2.638	0.268	0	0.317	0.259	0.384	0.406	0.468	-0.1	-0.1	-0.1	0.844	0.882	1.541	3.323	3.74	16.147	15.71	15.878	16.56	19.167	0.262
2025-12-14	-91.098	30.268	0.017	9.439	-0.57	17.35	8.732	-0.5	17.4	81.179	55.937	100	102.609	1.012	108.745	3.336	6.252	0.173	0	0.329	0.277	0.392	0.417	0.47	-0.1	-0.1	-0.1	0.866	0.853	1.524	3.309	3.732	15.779	15.86	16.592	16.954	18.697	0.262
2025-12-15	-91.098	30.268	5.902	2.736	-3.45	12.32	1.297	-3.9	9.6	68.018	43.164	89.675	102.931	0.452	149.877	1.124	2.115	0.246	0.022	0.322	0.266	0.385	0.416	0.471	-0.1	-0.1	-0.1	0.815	0.789	1.484	3.289	3.713	11.963	12.331	14.735	16.756	18.982	0.272
2025-12-16	-91.098	30.268	0	7.574	-2.22	19.46	6.912	-3.1	16.4	82.557	65.192	95.885	102.273	0.861	124.275	1.112	2.065	0.24	0	0.319	0.262	0.382	0.411	0.47	-0.1	-0.1	-0.1	0.812	0.788	1.478	3.276	3.714	11.364	11.34	13.406	15.909	18.997	0.269
2025-12-17	-91.098	30.268	0	9.549	8.57	10.79	9.997	8.8	11	95.926	95.044	96.986	101.928	1.178	1.694	1.13	1.945	0.049	0	0.317	0.26	0.382	0.41	0.469	-0.1	-0.1	-0.1	0.811	0.794	1.482	3.282	3.721	12.22	12.257	13.683	15.55	18.9	NA
2025-12-18	-91.098	30.268	0	21.755	15.21	27.23	22.267	17.3	25.1	79.66	67.839	92.528	101.034	2.137	160.402	3.691	6.851	0.571	0	0.312	0.255	0.382	0.409	0.467	-0.1	-0.1	-0.1	0.854	0.823	1.495	3.293	3.722	16.619	15.887	15.349	15.831	18.609	0.265
2025-12-19	-91.098	30.268	0	11.38	4.12	20.35	11.769	4.6	17.7	57.418	36.569	83.082	102.046	0.774	147.387	1.675	3.221	0.651	0	0.312	0.253	0.38	0.409	0.467	-0.1	-0.1	-0.1	0.834	0.811	1.486	3.292	3.726	15.302	15.3	15.906	16.304	18.526	0.291
2025-12-20	-91.098	30.268	0	14.212	2.25	25.13	14.166	1.7	23.2	84.438	70.783	96.565	101.807	1.48	129.682	2.22	3.794	0.332	0	0.31	0.251	0.378	0.409	0.467	-0.1	-0.1	-0.1	0.833	0.808	1.48	3.281	3.729	14.356	14.13	15.193	16.321	18.5	0.285
2025-12-21	-91.098	30.268	13.209	21.621	17.58	28.28	21.14	18.5	26.4	95.965	77.174	100	102.065	2.409	88.071	1.372	2.449	0.118	0.058	0.314	0.258	0.383	0.411	0.468	-0.1	-0.1	-0.1	0.893	0.85	1.511	3.283	3.743	17.556	16.935	16.512	16.508	18.44	NA
2025-12-22	-91.098	30.268	3.351	21.05	16.12	27.48	20.561	16.2	25.4	95.981	77.758	100	102.417	2.33	64.724	1.438	2.574	0.108	0.024	0.334	0.28	0.396	0.423	0.469	-0.1	-0.1	-0.1	0.975	0.899	1.555	3.26	3.756	19.476	19.023	18.38	17.521	18.259	NA
2025-12-23	-91.098	30.268	0	19.164	14.52	27.82	18.648	14.3	26.2	90.675	63.768	100	102.528	1.944	116.656	1.442	2.619	0.265	0	0.322	0.261	0.392	0.424	0.47	-0.1	-0.1	-0.1	0.952	0.854	1.528	3.26	3.743	19.211	18.899	18.649	18.026	18.549	0.338
2025-12-24	-91.098	30.268	0	18.952	13.6	27.65	18.268	13.2	25.2	91.717	69.607	100	102.545	1.928	105.878	1.211	2.107	0.227	0	0.318	0.257	0.388	0.422	0.471	-0.1	-0.1	-0.1	0.93	0.847	1.515	3.236	3.723	19.209	18.899	18.835	18.395	18.739	0.327
2025-12-25	-91.098	30.268	0	19.657	14.46	28.03	18.96	14.4	25.6	90.617	65.577	100	102.217	1.976	108.026	1.161	2.14	0.26	0	0.316	0.253	0.387	0.419	0.471	-0.1	-0.1	-0.1	0.919	0.848	1.512	3.234	3.717	19.508	19.174	19.082	18.684	18.92	0.338
2025-12-26	-91.098	30.268	0	20.21	15.25	27.94	20.296	15.5	25.6	91.529	73.616	100	101.766	2.178	74.781	1.598	2.891	0.237	0	0.314	0.25	0.386	0.419	0.47	-0.1	-0.1	-0.1	0.913	0.848	1.508	3.234	3.712	19.536	19.255	19.297	18.951	19.065	NA
2025-12-27	-91.098	30.268	0	21.138	18.11	29.33	20.887	18.5	26	90.277	67.618	100	101.653	2.216	102.247	1.58	2.798	0.276	0	0.313	0.248	0.385	0.419	0.47	-0.1	-0.1	-0.1	0.916	0.854	1.509	3.231	3.716	20.255	19.889	19.643	19.184	19.22	0.371
2025-12-28	-91.098	30.268	0.408	20.295	16.7	26.2	20.422	17.1	25.3	92.84	77.662	100	101.601	2.226	81.495	2.465	4.206	0.2	0	0.312	0.246	0.384	0.419	0.469	-0.1	-0.1	-0.1	0.917	0.854	1.508	3.228	3.727	20.058	19.806	19.871	19.477	19.346	NA
2025-12-29	-91.098	30.268	2.04	10.52	3.13	19.5	10.289	3.9	19.4	63.865	42.671	100	102.418	0.884	75.355	3.739	7.242	0.407	0.018	0.318	0.251	0.387	0.418	0.469	-0.1	-0.1	-0.1	0.928	0.85	1.514	3.226	3.721	17.748	18.061	19.316	19.54	19.476	NA
2025-12-30	-91.098	30.268	0	5.003	-0.34	12.87	4.581	-0.4	10	60.116	45.757	80.911	102.866	0.507	146.988	2.348	4.157	0.356	0	0.317	0.251	0.383	0.417	0.469	-0.1	-0.1	-0.1	0.895	0.831	1.503	3.218	3.721	13.886	14.312	16.858	18.788	19.595	0.437
2025-12-31	-91.098	30.268	0	6.558	-2.43	17.52	6.349	-3	15.7	69.018	37.001	99.837	102.47	0.636	143.464	1.301	2.319	0.41	0	0.315	0.25	0.381	0.415	0.469	-0.1	-0.1	-0.1	0.889	0.83	1.504	3.215	3.723	12.553	12.728	15.117	17.651	19.571	0.376
