2025-07-08	-91.708	32.1	NA	25.096	24.36	28.34	NA	NA	NA	NA	NA	NA	NA	NA	NA	NA	NA	NA	NA	0.295	0.255	0.343	0.365	0.368	-65.575	-40.087	-52.294	0.252	0.137	0.288	0.372	0.536	30.831	31.1	29.934	28.022	26.2	NA
2025-07-09	-91.708	32.1	NA	28.893	22.47	44.53	NA	NA	NA	NA	NA	NA	NA	NA	NA	NA	NA	NA	NA	0.293	0.256	0.344	0.367	0.369	-59.34	-41.13	-48.883	0.263	0.136	0.288	0.371	0.539	30.207	30.059	29.28	27.899	26.1	NA
2025-07-10	-91.708	32.1	NA	26.623	21.84	43.09	NA	NA	NA	NA	NA	NA	NA	NA	NA	NA	NA	NA	NA	0.291	0.254	0.344	0.368	0.369	-52.834	-39.471	-33.322	0.272	0.14	0.288	0.369	0.543	28.973	29.1	28.764	27.82	26.1	NA
2025-07-11	-91.708	32.1	NA	29.866	22.59	43.29	NA	NA	NA	NA	NA	NA	NA	NA	NA	NA	NA	NA	NA	0.292	0.254	0.343	0.368	0.369	-45.638	-38.317	-23.439	0.299	0.147	0.288	0.368	0.543	29.969	29.5	28.511	27.613	26.1	NA
2025-07-12	-91.708	32.1	NA	30.406	23.67	42.53	NA	NA	NA	NA	NA	NA	NA	NA	NA	NA	NA	NA	NA	0.306	0.268	0.344	0.369	0.369	-22.321	-36.824	-19.168	0.367	0.177	0.29	0.367	0.541	30.575	30.089	28.936	27.619	26.1	NA
2025-07-13	-91.708	32.1	NA	27.629	22.59	42.41	NA	NA	NA	NA	NA	NA	NA	NA	NA	NA	NA	NA	NA	0.3	0.265	0.344	0.369	0.369	-28.454	-34.878	-17.607	0.35	0.181	0.29	0.368	0.539	29.84	29.821	29.116	27.732	26.1	NA
2025-07-14	-91.708	32.1	0	30.504	21.98	44.66	29.227	24.7	33.9	69.147	51.553	89.993	101.415	2.754	300.062	0.974	2.152	1.373	0	0.286	0.26	0.344	0.368	0.369	-32.227	-35.179	-17.216	0.315	0.176	0.29	0.368	0.538	30.458	29.919	28.721	27.66	26.186	0.646
2025-07-15	-91.708	32.1	0	31.428	22.47	45.08	28.052	22.9	34	79.3	51.492	99.833	101.394	2.93	329.78	0.975	2.104	0.943	0	0.266	0.252	0.343	0.368	0.369	-38.352	-36.544	-17.218	0.269	0.167	0.291	0.369	0.538	31.423	30.799	29.282	27.707	26.2	0.732
2025-07-16	-91.708	32.1	0	31.531	22.75	45.97	28.552	23	34.2	79.764	52.967	99.273	101.192	3.042	311.012	0.794	1.741	0.942	0	0.257	0.243	0.342	0.368	0.369	-46.18	-38.253	-17.403	0.264	0.16	0.291	0.37	0.538	31.81	31.226	29.672	27.868	26.2	0.736
2025-07-17	-91.708	32.1	7.587	30.472	23.48	44.82	27.606	23.5	35.6	84.846	50.913	100	101.131	3.046	271.849	1.019	2.361	0.75	0.001	0.254	0.234	0.34	0.367	0.369	-52.65	-40.275	-17.791	0.273	0.155	0.29	0.37	0.541	31.277	31.034	29.829	28.021	26.275	0.746
2025-07-18	-91.708	32.1	16.186	27.965	24.17	39.3	25.917	23.7	31	96.818	76.03	100	101.33	3.237	172.141	1.047	2.303	0.127	0.001	0.293	0.262	0.347	0.368	0.369	-23.376	-29.685	-13.67	0.406	0.229	0.313	0.36	0.539	29.581	29.719	29.283	28.077	26.351	0.772
2025-07-19	-91.708	32.1	11.63	28.295	22.92	40.24	25.87	21.5	31.4	93.056	72.029	100	101.557	3.095	240.147	1.179	2.731	0.285	0	0.335	0.299	0.363	0.37	0.37	-3.632	-7.299	-7.297	0.484	0.348	0.364	0.341	0.542	29.362	29.37	28.782	27.926	26.4	0.774
2025-07-20	-91.708	32.1	0.034	29.755	24.37	39.8	28.252	24.5	33.2	85.897	61.862	100	101.49	3.254	273.626	0.979	2.369	0.637	0	0.339	0.304	0.369	0.373	0.373	-2.294	-0.262	-2.416	0.424	0.389	0.39	0.35	0.558	29.839	29.601	28.669	27.798	26.4	0.787
2025-07-21	-91.708	32.1	0	30.075	22.1	40.79	28.216	23.1	33.7	83.264	60.6	99.627	101.378	3.144	316.64	1.025	2.273	0.752	0	0.331	0.296	0.361	0.373	0.373	-12.227	-6.263	-5.532	0.376	0.326	0.364	0.347	0.55	30.494	30.215	29.009	27.819	26.4	0.789
2025-07-22	-91.708	32.1	0	31.37	23.39	43.42	28.74	23.8	34.6	81.323	54.552	99.763	101.334	3.14	325.766	0.888	1.958	0.88	0	0.321	0.289	0.357	0.372	0.371	-16.904	-13.028	-6.32	0.359	0.291	0.351	0.345	0.548	31.275	30.889	29.436	27.947	26.414	0.779
2025-07-23	-91.708	32.1	0	31.845	23.25	45.81	28.844	23.7	35.4	81.489	48.694	99.985	101.393	3.151	293.918	0.745	1.57	0.91	0	0.312	0.283	0.353	0.371	0.37	-20.403	-16.224	-8.016	0.364	0.275	0.345	0.343	0.546	31.53	31.15	29.737	28.111	26.5	0.746
2025-07-24	-91.708	32.1	0.238	31.56	24.34	47.68	28.386	24.3	35.2	83.634	55.267	100	101.29	3.172	250.464	0.938	2.068	0.765	0	0.305	0.278	0.352	0.37	0.37	-22.716	-18.447	-10.251	0.371	0.267	0.344	0.341	0.546	31.532	31.23	29.941	28.259	26.576	0.68
2025-07-25	-91.708	32.1	1.174	30.828	24.69	48.05	27.165	24.5	33.2	88.107	61.489	99.943	101.199	3.141	259.451	1.361	3.118	0.493	0	0.301	0.274	0.351	0.369	0.369	-24.43	-19.754	-11.377	0.38	0.261	0.341	0.339	0.546	31.068	30.907	29.823	28.351	26.661	0.626
2025-07-26	-91.708	32.1	5.693	28.627	23.95	42.78	25.955	23.4	31.3	90.382	70.494	99.952	101.416	3.023	228.699	1.558	3.59	0.353	0	0.304	0.275	0.35	0.369	0.368	-24.264	-20.582	-12.133	0.401	0.265	0.338	0.338	0.545	30.014	30.054	29.451	28.359	26.73	0.586
2025-07-27	-91.708	32.1	0	32.785	22.68	48.77	28.132	23	34.5	81.85	53.096	100	101.736	3.041	324.129	0.966	2.127	0.856	0	0.308	0.28	0.351	0.369	0.368	-20.788	-19.833	-12.533	0.428	0.282	0.34	0.34	0.543	30.911	30.49	29.267	28.243	26.8	0.54
2025-07-28	-91.708	32.1	0	33.74	23.21	51.27	28.732	23.1	35.1	78.919	48.331	99.944	101.785	3.013	320.26	0.913	2.038	1.033	0	0.301	0.276	0.351	0.369	0.368	-22.17	-19.59	-12.615	0.433	0.275	0.34	0.34	0.543	32.187	31.601	29.923	28.336	26.8	0.486
2025-07-29	-91.708	32.1	0	32.797	23.95	54.81	28.364	24	35.9	79.805	50.595	96.592	101.532	3.018	254.407	1.029	2.376	0.92	0	0.296	0.272	0.35	0.369	0.368	-24.195	-20.114	-12.6	0.437	0.266	0.339	0.341	0.544	32.078	31.709	30.309	28.537	26.844	0.427
2025-07-30	-91.708	32.1	3.349	32.893	24.61	52.33	28.626	24	36.4	82.368	51.362	99.323	101.186	3.161	232.814	0.994	2.278	0.868	0	0.294	0.27	0.35	0.368	0.368	-25.596	-20.758	-12.676	0.446	0.26	0.338	0.341	0.545	31.786	31.479	30.192	28.633	26.933	0.409
2025-07-31	-91.708	32.1	1.957	30.635	23.34	49.89	26.478	22.6	34.1	87.302	59.376	100	101.269	2.988	246.529	1.142	2.636	0.541	0	0.298	0.273	0.35	0.368	0.367	-24.422	-20.872	-12.951	0.464	0.268	0.338	0.34	0.546	30.826	30.768	29.957	28.646	27	0.404
2025-08-01	-91.708	32.1	2.974	28.729	24.73	43.74	25.553	23.6	32	92.375	71.717	100	101.553	3.015	152.885	0.856	1.996	0.291	0	0.301	0.275	0.35	0.368	0.367	-23.483	-20.525	-13.127	0.478	0.273	0.337	0.339	0.547	29.786	29.952	29.545	28.58	27.074	0.397
2025-08-02	-91.708	32.1	8.636	28.285	23.4	44.41	25.127	22.9	30.5	94.353	70.217	100	101.554	2.996	170.591	0.928	2.141	0.222	0.001	0.31	0.283	0.351	0.368	0.367	-16.438	-20.106	-13.2	0.555	0.303	0.339	0.339	0.546	29.107	29.268	28.986	28.43	27.1	0.402
2025-08-03	-91.708	32.1	0.374	29.344	20.94	47.42	24.91	20.1	30.8	82.722	52.518	100	101.236	2.54	291.054	0.886	2.077	0.682	0	0.319	0.293	0.355	0.369	0.367	-7.39	-17.759	-13.071	0.655	0.344	0.347	0.34	0.543	29.059	29.062	28.603	28.231	27.082	0.376
2025-08-04	-91.708	32.1	0	29.223	18.7	47	24.505	18.4	31.7	78.68	48.863	99.984	101.195	2.336	298.411	0.97	2.113	0.846	0	0.314	0.289	0.355	0.369	0.367	-14.776	-16.822	-12.714	0.606	0.324	0.344	0.34	0.542	29.071	29.018	28.497	28.073	27	0.353
2025-08-05	-91.708	32.1	0	30.982	20.3	52.91	26.345	20.1	32.8	81.285	52.465	99.997	101.53	2.732	271.694	0.753	1.673	0.806	0	0.308	0.285	0.354	0.369	0.367	-17.554	-17.355	-12.483	0.585	0.311	0.342	0.341	0.542	29.879	29.574	28.606	27.974	26.96	0.353
2025-08-06	-91.708	32.1	0	31.135	21.69	53.22	26.85	22.2	34.4	81.718	51.201	99.804	101.789	2.821	243.74	0.766	1.714	0.792	0	0.303	0.281	0.353	0.369	0.367	-19.583	-18.016	-12.416	0.573	0.301	0.342	0.341	0.542	30.474	30.159	29.005	28.012	26.9	0.329
2025-08-07	-91.708	32.1	0	32.216	21.56	51.95	27.626	21.8	35	78.562	43.129	100	101.623	2.8	289.265	0.832	1.931	1.02	0	0.298	0.277	0.352	0.369	0.367	-21.438	-18.762	-12.52	0.561	0.291	0.341	0.341	0.543	30.747	30.348	29.085	28.069	26.9	0.341
2025-08-08	-91.708	32.1	0	31.504	21.3	50.05	27.764	21.7	34.7	77.126	50.058	100	101.279	2.771	244.086	0.754	1.734	1.082	0	0.293	0.273	0.351	0.368	0.367	-23.501	-19.474	-12.672	0.548	0.281	0.34	0.341	0.543	30.754	30.469	29.307	28.126	26.9	0.335
2025-08-09	-91.708	32.1	0	31.066	22.39	53.65	27.086	22.9	34.1	80.041	50.515	98.81	101.271	2.8	238.01	0.872	2.002	0.859	0	0.289	0.269	0.35	0.368	0.367	-25.341	-20.227	-12.899	0.539	0.272	0.338	0.341	0.544	30.691	30.427	29.298	28.185	26.9	0.339
2025-08-10	-91.708	32.1	0	31.17	20.68	51.14	27.137	21.3	33.3	77.382	49.32	99.828	101.316	2.692	270.24	0.919	2.029	1.005	0	0.286	0.266	0.35	0.368	0.367	-27.001	-20.972	-13.128	0.53	0.265	0.336	0.341	0.545	30.341	30.09	29.092	28.183	26.9	0.325
2025-08-11	-91.708	32.1	0.034	31.125	22.63	49.52	27.842	23.1	33.9	78.379	49.225	97.281	101.196	2.867	221.946	1.023	2.172	0.965	0	0.282	0.263	0.349	0.368	0.367	-28.443	-21.656	-13.467	0.524	0.26	0.335	0.34	0.546	30.354	30.139	29.113	28.17	26.92	0.322
2025-08-12	-91.708	32.1	3.149	31.411	22.8	54.41	27.169	22.8	35.1	83.503	51.77	99.641	101.074	2.934	223.601	0.907	2.122	0.767	0.001	0.281	0.26	0.348	0.368	0.367	-29.354	-22.364	-13.829	0.521	0.258	0.334	0.34	0.547	30.52	30.235	29.125	28.136	26.956	0.332
2025-08-13	-91.708	32.1	0.051	30.86	22.53	53.52	27.142	22.2	34.2	85.171	55.4	100	101.047	3.006	220.609	0.86	1.925	0.675	0	0.285	0.263	0.348	0.367	0.366	-28.061	-22.758	-14.192	0.531	0.269	0.334	0.338	0.546	29.993	29.812	28.993	28.132	26.991	0.333
2025-08-14	-91.708	32.1	0.748	29.919	23.54	51.73	26.387	23	32.5	88.064	60.843	100	101.213	3.005	174.373	0.993	2.246	0.478	0	0.283	0.262	0.349	0.367	0.366	-28.117	-22.782	-14.497	0.533	0.27	0.334	0.337	0.545	29.884	29.769	28.998	28.122	27	0.309
2025-08-15	-91.708	32.1	0.051	31.618	21.96	52.49	27.034	21.6	35.3	82.927	50.835	100	101.505	2.887	254.273	0.98	2.332	0.805	0	0.28	0.261	0.348	0.367	0.366	-28.574	-23.14	-14.759	0.536	0.272	0.333	0.335	0.545	30.19	29.818	28.78	28.068	27	0.323
2025-08-16	-91.708	32.1	0	33.089	22.12	56.82	28.282	22.1	35.6	80.288	52.475	100	101.505	3.006	256.299	0.862	1.962	0.964	0	0.276	0.258	0.348	0.367	0.366	-29.38	-23.451	-14.993	0.533	0.27	0.334	0.335	0.544	31.054	30.594	29.213	28.083	27	0.342
2025-08-17	-91.708	32.1	0	32.663	23.34	57.13	28.339	23.6	37.1	78.67	47.202	98.214	101.233	2.951	235.137	0.952	2.203	1.008	0	0.273	0.255	0.347	0.367	0.366	-30.997	-23.903	-15.191	0.541	0.266	0.334	0.334	0.544	31.411	31.024	29.625	28.227	27	0.322
2025-08-18	-91.708	32.1	2.262	31.035	22.79	55.63	27.149	22.6	37.1	81.612	45.085	99.194	101.153	2.844	207.486	0.946	2.207	0.899	0.001	0.271	0.253	0.347	0.366	0.366	-32.735	-24.558	-15.454	0.546	0.262	0.332	0.334	0.545	30.645	30.48	29.538	28.347	27	0.315
2025-08-19	-91.708	32.1	0.017	32.531	22.06	54.19	28.385	21.6	36.2	78.379	47.265	100	101.162	2.92	263.898	0.873	2.166	1.103	0	0.272	0.252	0.346	0.366	0.366	-32.641	-25.186	-15.749	0.555	0.265	0.331	0.333	0.545	30.605	30.248	29.198	28.304	27.096	0.35
2025-08-20	-91.708	32.1	14.645	32.782	22.84	53.63	27.134	22.2	34.6	77.566	49.99	98.7	101.006	2.718	275.77	1.474	3.524	0.987	0.002	0.272	0.252	0.346	0.366	0.366	-30.086	-25.432	-16.056	0.587	0.272	0.332	0.332	0.543	31.17	30.852	29.586	28.352	27.1	0.323
2025-08-21	-91.708	32.1	2.229	29.032	23.27	43.06	25.167	22.2	31.8	92.835	68.538	100	100.903	2.956	183.76	0.935	2.159	0.285	0	0.306	0.285	0.348	0.366	0.366	-9.685	-24.098	-16.321	0.841	0.41	0.338	0.331	0.539	29.333	29.472	29.162	28.384	27.1	0.352
2025-08-22	-91.708	32.1	0	30.495	22.31	47.86	26.508	21.8	32.4	78.012	50.034	98.447	101.047	2.637	272.89	1.208	2.644	0.894	0	0.303	0.285	0.351	0.366	0.366	-13.851	-20.917	-16.298	0.822	0.414	0.342	0.331	0.538	29.429	29.356	28.758	28.235	27.1	0.339
2025-08-23	-91.708	32.1	0	30.415	19.89	49.98	25.881	19.4	33.2	74.769	44.142	98.143	101.118	2.392	297.196	1.141	2.528	1.067	0	0.297	0.28	0.351	0.366	0.365	-17.725	-20.232	-15.961	0.773	0.397	0.341	0.331	0.538	29.675	29.485	28.744	28.165	27.1	0.338
2025-08-24	-91.708	32.1	0	30.178	18.75	50.62	25.746	18.8	33.3	73.144	42.993	96.953	101.18	2.316	294.184	1.095	2.555	1.134	0	0.291	0.275	0.35	0.366	0.365	-20.409	-20.825	-15.768	0.751	0.38	0.34	0.331	0.538	29.682	29.469	28.687	28.09	27.1	0.336
2025-08-25	-91.708	32.1	0	29.899	18.39	50.56	26.572	19.5	33.8	63.851	36.666	90.274	101.404	2.116	275.19	1.143	2.502	1.479	0	0.285	0.271	0.35	0.366	0.366	-22.938	-21.667	-15.834	0.734	0.364	0.339	0.331	0.538	29.486	29.323	28.586	28.035	27.1	0.325
2025-08-26	-91.708	32.1	0	29.724	20.26	48.79	25.494	20.8	31.3	65.053	49.428	81.616	101.734	2.088	253.232	1.765	3.723	1.231	0	0.28	0.266	0.349	0.366	0.366	-25.293	-22.6	-16.054	0.719	0.347	0.338	0.329	0.538	29.221	29.089	28.41	27.936	27.022	0.329
2025-08-27	-91.708	32.1	0	29.328	21.58	48.74	25.322	21.2	30.7	71.357	56.688	87.384	101.808	2.286	197.973	1.379	2.917	0.994	0	0.276	0.262	0.348	0.366	0.366	-27.613	-23.52	-16.269	0.692	0.333	0.337	0.329	0.538	28.802	28.719	28.146	27.806	27	0.323
2025-08-28	-91.708	32.1	15.523	27.221	21.53	48.03	24.545	21.1	32.4	89.459	58.726	99.907	101.41	2.74	143.969	1.296	2.892	0.389	0.001	0.281	0.262	0.347	0.366	0.366	-26.609	-24.292	-16.519	0.714	0.344	0.337	0.329	0.539	28.199	28.326	27.966	27.682	26.927	0.342
2025-08-29	-91.708	32.1	24.706	23.437	21.22	25.8	21.825	20.7	23.5	98.883	95.492	100	101.273	2.589	53.391	1.275	2.563	0.028	0	0.324	0.299	0.366	0.372	0.373	-2.619	-8.045	-6.242	1.334	0.676	0.539	0.351	0.576	25.728	26.258	26.872	27.477	26.882	NA
2025-08-30	-91.708	32.1	0.017	28.003	20.51	43.85	24.865	20.7	31.4	85.262	56.159	100	101.159	2.628	228.124	0.986	2.118	0.578	0	0.318	0.292	0.367	0.378	0.377	-0.105	-0.1	-0.401	1.337	0.704	0.603	0.364	0.579	26.772	26.704	26.391	27.039	26.765	0.347
2025-08-31	-91.708	32.1	0	27.726	19.79	44.15	24.939	19.7	31.5	80.476	48.608	100	101.294	2.458	222.647	0.964	1.932	0.789	0	0.314	0.288	0.362	0.378	0.377	-3.748	-0.1	-0.3	1.179	0.672	0.565	0.364	0.571	27.083	27.166	26.844	26.928	26.628	0.35
2025-09-01	-91.708	32.1	0	28.126	19.38	47.33	25.026	19.2	31.8	80.507	49.992	99.734	101.32	2.494	213.745	0.814	1.751	0.76	0	0.31	0.285	0.359	0.377	0.377	-11.573	-0.261	-0.3	1.098	0.638	0.548	0.365	0.566	27.178	27.223	26.879	26.895	26.519	0.342
2025-09-02	-91.708	32.1	0	29.12	22.19	46.54	25.643	22.4	31.4	80.153	58.008	93.611	101.211	2.613	221.501	1.268	2.783	0.716	0	0.305	0.281	0.357	0.376	0.376	-13.918	-3.212	-0.3	1.043	0.611	0.537	0.365	0.562	27.891	27.84	27.147	26.924	26.468	0.357
2025-09-03	-91.708	32.1	0	29.07	20.68	46.51	25.469	20.6	32.1	83.538	57.333	100	100.935	2.672	234.214	0.962	2.136	0.661	0	0.3	0.277	0.355	0.376	0.376	-16.405	-9.275	-0.3	0.983	0.583	0.528	0.365	0.558	28.183	28.068	27.313	26.976	26.4	0.37
2025-09-04	-91.708	32.1	0	29.658	20.31	46.78	26.11	20.6	33	81.135	52.599	100	100.786	2.668	270.724	0.924	2.122	0.817	0	0.294	0.272	0.353	0.375	0.376	-18.635	-11.397	-0.358	0.935	0.557	0.521	0.365	0.556	28.798	28.571	27.579	27.058	26.4	0.371
2025-09-05	-91.708	32.1	0	29.456	20.92	45.53	27.194	22.1	32.6	83.548	62.424	99.969	100.974	2.979	203.823	1.071	2.335	0.686	0	0.289	0.268	0.352	0.374	0.375	-20.817	-12.906	-0.53	0.887	0.529	0.512	0.364	0.553	28.842	28.694	27.819	27.161	26.4	0.36
2025-09-06	-91.708	32.1	20.643	24.457	19.36	33.32	22.535	18.6	26.2	88.727	72.556	100	101.406	2.431	140.714	1.582	3.727	0.325	0.001	0.31	0.283	0.36	0.374	0.379	-9.534	-6.103	-0.516	1.072	0.665	0.621	0.372	0.575	27.054	27.441	27.496	27.23	26.436	0.395
2025-09-07	-91.708	32.1	0	24.443	16.03	38.28	21.451	16.7	27.8	73.917	41.091	99.374	101.685	1.812	272.471	1.856	4.082	0.815	0	0.32	0.287	0.361	0.375	0.38	-3.299	-0.105	-0.3	1.029	0.687	0.646	0.389	0.579	25.272	25.73	26.267	26.927	26.455	0.38
2025-09-08	-91.708	32.1	0	23.335	14.3	40.22	20.755	15.1	28.3	68.743	40.041	87.905	101.62	1.619	283.361	1.322	2.908	0.932	0	0.315	0.283	0.356	0.375	0.379	-12.949	-2.185	-0.3	0.885	0.627	0.61	0.393	0.569	24.533	24.967	25.484	26.533	26.368	0.383
2025-09-09	-91.708	32.1	0	25.33	14.12	44	22.36	13.6	31.6	78.836	53.221	94.04	101.345	2.145	237.969	0.876	1.858	0.718	0	0.308	0.277	0.354	0.374	0.378	-16.604	-9.854	-0.3	0.814	0.582	0.591	0.395	0.562	25.029	25.174	25.2	26.176	26.229	0.393
2025-09-10	-91.708	32.1	0	28.425	19.3	45.74	25.802	20.2	32.6	80.516	52.568	100	101.508	2.612	240.102	0.736	1.634	0.8	0	0.299	0.271	0.353	0.373	0.377	-19.298	-12.188	-0.395	0.751	0.547	0.576	0.396	0.558	27.145	26.947	25.945	26.057	26.055	0.389
2025-09-11	-91.708	32.1	0	28.633	19.47	46.83	25.89	19.8	33.2	80.192	50.345	100	101.624	2.598	235.717	0.737	1.588	0.857	0	0.29	0.263	0.352	0.372	0.377	-22.697	-14.104	-0.704	0.678	0.495	0.563	0.398	0.554	27.798	27.633	26.591	26.206	25.95	0.389
2025-09-12	-91.708	32.1	0	29.272	19.89	48.08	26.408	20.1	34	77.924	49.225	100	101.559	2.587	247.35	0.741	1.619	0.983	0	0.28	0.255	0.351	0.371	0.376	-26.841	-16.01	-1.368	0.606	0.436	0.554	0.399	0.553	28.37	28.157	27.007	26.382	25.9	0.414
2025-09-13	-91.708	32.1	0	29.247	19.34	47.46	27.336	20.2	35.1	67.899	35.614	94.503	101.344	2.36	235.743	1.06	2.383	1.405	0	0.268	0.244	0.349	0.37	0.375	-32.002	-17.911	-3.157	0.523	0.374	0.545	0.399	0.551	28.71	28.547	27.391	26.574	25.941	0.429
2025-09-14	-91.708	32.1	0	26.998	17.45	44.72	24.966	18	33.4	75.112	41.556	99.112	101.215	2.268	233.316	0.807	1.709	1.048	0	0.256	0.231	0.346	0.369	0.374	-38.709	-19.903	-5.627	0.43	0.314	0.535	0.397	0.552	27.752	27.786	27.166	26.678	26	0.46
2025-09-15	-91.708	32.1	0	27.911	18.56	45.19	25.723	18.9	33.8	75.502	40.24	99.7	101.407	2.389	222.404	0.91	1.967	1.06	0	0.241	0.219	0.344	0.368	0.372	-46.983	-21.803	-7.266	0.363	0.278	0.529	0.396	0.554	27.664	27.644	26.961	26.634	26	0.454
2025-09-16	-91.708	32.1	4.795	27.967	20.42	45.96	24.91	20	34.1	79.563	49.524	96.743	101.493	2.446	219.428	1.494	3.426	0.8	0	0.219	0.207	0.342	0.367	0.371	-64.551	-23.653	-9.195	0.283	0.242	0.523	0.396	0.556	27.913	27.886	27.084	26.619	26	0.447
2025-09-17	-91.708	32.1	0.357	27.781	19.37	43.03	25.675	19.2	33.8	78.928	44.487	100	101.304	2.513	240.143	0.902	1.988	0.914	0	0.206	0.198	0.341	0.366	0.37	-87.951	-25.402	-10.666	0.217	0.222	0.518	0.395	0.558	27.302	27.378	26.858	26.607	26	0.487
2025-09-18	-91.708	32.1	0	27.745	19.59	44.1	25.839	19.8	33.4	73.537	40.28	99.376	101.272	2.333	249.516	1.092	2.288	1.121	0	0.19	0.188	0.34	0.365	0.37	-141.194	-26.889	-11.767	0.177	0.203	0.512	0.394	0.557	27.573	27.624	26.94	26.592	26	0.513
2025-09-19	-91.708	32.1	0	27.652	17.73	45.43	25.193	18.2	33.9	74.456	40.415	99.754	101.343	2.272	251.121	1.157	2.512	1.095	0	0.173	0.175	0.338	0.365	0.369	-227.659	-28.793	-12.832	0.144	0.182	0.503	0.392	0.558	27.543	27.549	26.862	26.594	26	0.48
2025-09-20	-91.708	32.1	5.353	27.503	18.44	49.57	24.723	18.5	32.9	81.6	48.532	99.852	101.352	2.483	205.977	0.839	1.798	0.752	0.001	0.169	0.164	0.337	0.364	0.369	-291.467	-30.164	-13.833	0.128	0.172	0.496	0.391	0.558	27.493	27.462	26.875	26.578	26	0.421
2025-09-21	-91.708	32.1	0	27.401	19.91	43.96	25.284	19.9	32.6	78.841	46.784	99.054	101.22	2.482	212.59	1.372	2.958	0.821	0	0.173	0.16	0.336	0.364	0.368	-299.457	-31.106	-14.697	0.13	0.163	0.488	0.39	0.558	27.198	27.196	26.774	26.561	26	0.393
2025-09-22	-91.708	32.1	0.051	28.364	19.89	46.34	25.705	20.4	32.2	82.117	58.222	99.978	101.044	2.671	239.477	1.822	3.609	0.717	0	0.172	0.154	0.335	0.363	0.368	-310.651	-32.323	-15.491	0.127	0.155	0.475	0.387	0.558	27.667	27.429	26.738	26.53	26	0.374
2025-09-23	-91.708	32.1	0.835	28.445	20.72	46.52	25.904	21.6	33.3	85.46	56.379	100	101.098	2.823	218.251	1.741	3.44	0.591	0	0.17	0.148	0.331	0.363	0.368	-328.161	-34.333	-16.212	0.122	0.15	0.456	0.385	0.557	28.102	27.878	27.059	26.558	26	0.383
2025-09-24	-91.708	32.1	3.826	25.947	22.09	36.35	24.628	22.5	28.2	93.624	77.167	98.457	101.15	2.899	92.269	1.465	3.047	0.208	0.001	0.171	0.148	0.329	0.362	0.367	-313.388	-36.715	-16.827	0.118	NA	0.44	0.384	0.559	27.125	27.282	27.006	26.62	26	NA
2025-09-25	-91.708	32.1	0.374	24.707	18.82	39.6	22.79	19.4	28.7	87.809	60.571	100	101.086	2.405	164.484	1.292	2.71	0.405	0	0.173	0.148	0.329	0.362	0.367	-306.418	-39.139	-17.439	0.117	NA	0.424	0.384	0.559	25.827	26.125	26.27	26.503	26	0.375
2025-09-26	-91.708	32.1	0	24.583	15.87	43.92	21.939	16.1	29.2	78.943	48.862	100	100.988	2.016	205.554	1.236	2.539	0.704	0	0.17	0.146	0.326	0.361	0.367	-319.967	-42.839	-18.098	0.114	NA	0.408	0.383	0.558	25.393	25.574	25.702	26.255	25.976	0.378
2025-09-27	-91.708	32.1	0	24.719	14.17	45.75	21.61	14.6	29.7	72.566	39.429	100	101.114	1.776	247.475	1.247	2.625	0.937	0	0.168	0.144	0.322	0.361	0.367	-351.016	-48.148	-18.773	0.109	NA	0.393	0.383	0.557	25.488	25.533	25.452	26.011	25.87	0.35
2025-09-28	-91.708	32.1	0	24.841	12.68	47.51	21.874	13.4	31.1	71.144	40.989	100	101.385	1.768	239.656	1.34	2.765	1.035	0	0.165	0.141	0.317	0.361	0.367	-385.136	-56.291	-19.471	0.103	NA	0.378	0.382	0.556	25.402	25.409	25.283	25.821	25.758	0.336
2025-09-29	-91.708	32.1	0	26.567	16.18	51.25	24.023	16.6	32.8	70.831	44.572	94.875	101.375	2.035	194.476	1.144	2.428	1.105	0	0.161	0.138	0.313	0.36	0.366	-414.694	-66.896	-20.118	0.098	NA	0.367	0.381	0.555	26.084	25.943	25.44	25.697	25.645	0.339
2025-09-30	-91.708	32.1	0	25.86	16.43	50.85	24.085	17.4	31.4	70.536	44.638	92.863	101.306	2.059	165.594	1.145	2.529	1.038	0	0.159	0.136	0.31	0.36	0.366	-439.377	-81.098	-20.691	0.094	NA	0.359	0.38	0.554	25.947	25.918	25.538	25.688	25.553	0.297
2025-10-01	-91.708	32.1	0	24.735	15.68	51.63	22.662	17	32.8	78.944	42.738	100	101.278	2.098	171.708	0.86	1.807	0.782	0	0.157	0.135	0.308	0.359	0.366	-461.873	-103.909	-21.208	0.09	NA	0.353	0.378	0.553	25.48	25.637	25.508	25.635	25.5	0.302
2025-10-02	-91.708	32.1	0	27.894	18.53	51.44	25.477	19.4	32.5	68.609	40.912	94.908	101.598	2.163	207.268	1.602	3.089	1.2	0	0.154	0.133	0.303	0.358	0.366	-472.767	-157.656	-21.831	0.085	NA	0.344	0.375	0.552	27.011	26.743	25.865	25.67	25.423	0.303
2025-10-03	-91.708	32.1	0	25.526	15.23	45.51	23.185	16.6	30	64.291	39.641	92.581	101.749	1.745	230.853	1.908	3.613	1.194	0	0.152	0.132	0.299	0.356	0.366	-509.817	-218.321	-22.445	0.078	NA	0.337	0.371	0.552	26.299	26.284	25.868	25.724	25.4	0.302
2025-10-04	-91.708	32.1	0	25.42	14.98	44.97	23.624	16.6	31	62.828	38.747	88.46	101.41	1.774	227.333	2.203	4.004	1.254	0	0.15	0.131	0.296	0.354	0.365	-538.513	-275.041	-23.07	0.071	NA	0.33	0.363	0.552	25.97	25.941	25.588	25.681	25.4	0.299
2025-10-05	-91.708	32.1	0	26.68	16.84	44.83	24.546	19.6	30.1	69.017	56.888	87.598	101.11	2.137	167.1	2.837	5.181	1.018	0	0.149	0.131	0.294	0.352	0.365	-559.243	-315.342	-23.757	NA	NA	0.324	0.353	0.552	25.977	25.909	25.498	25.624	25.4	0.29
2025-10-06	-91.708	32.1	0.204	27.076	21.15	42.72	24.993	22.6	30.1	84.867	64.387	98.667	101.065	2.666	117.273	1.594	3.11	0.535	0	0.149	0.131	0.293	0.35	0.365	-558.2	-300.738	-24.494	NA	NA	0.319	0.345	0.551	26.703	26.568	25.821	25.601	25.309	0.303
2025-10-07	-91.708	32.1	9.705	25.308	20.12	40.45	23.876	21.3	29.3	92.505	70.418	100	101.363	2.732	99.817	0.946	1.981	0.256	0.001	0.15	0.131	0.293	0.348	0.365	-582.09	-273.969	-25.241	0.061	NA	0.315	0.34	0.55	26.059	26.16	25.816	25.669	25.3	NA
2025-10-08	-91.708	32.1	0.068	24.995	19.82	37.16	23.679	20.4	28.4	88.263	69.851	100	101.648	2.572	164.493	1.588	3.343	0.39	0	0.152	0.131	0.294	0.347	0.365	-565.672	-229.171	-25.855	0.06	NA	0.309	0.335	0.55	25.316	25.504	25.391	25.605	25.3	0.309
2025-10-09	-91.708	32.1	0	24.241	14.03	41.25	22.499	17.2	28.7	69.277	36.212	99.238	101.897	1.827	220.032	1.999	4.118	0.958	0	0.153	0.131	0.295	0.347	0.365	-514.511	-208.946	-26.538	0.064	NA	0.304	0.332	0.548	24.995	25.148	25.096	25.491	25.3	0.312
2025-10-10	-91.708	32.1	0	22.082	11.14	43	19.658	12.3	28.3	70.482	46.706	87.61	101.758	1.6	221.596	1.495	3.161	0.806	0	0.153	0.132	0.295	0.346	0.364	-502.319	-208.715	-27.202	0.065	NA	0.3	0.328	0.547	23.807	24.075	24.461	25.291	25.228	0.304
2025-10-11	-91.708	32.1	0	22.973	12.49	44.54	20.253	13.2	29	72.356	37.608	100	101.29	1.629	216.869	1.095	2.335	0.881	0	0.154	0.134	0.295	0.344	0.364	-443.225	-210.375	-27.874	0.068	NA	0.299	0.325	0.547	24.079	24.156	24.224	25.016	25.146	0.293
2025-10-12	-91.708	32.1	0	22.593	10.99	44.28	19.857	11.7	29.2	71.392	37.93	99.571	100.934	1.566	216.906	0.927	2.031	0.914	0	0.154	0.136	0.295	0.343	0.364	-426.577	-212.875	-28.523	0.066	NA	0.298	0.32	0.546	23.958	24.017	24.086	24.826	25.033	0.289
2025-10-13	-91.708	32.1	0	22.935	11.26	45.18	20.558	12.4	30.6	69.922	34.331	99.489	101.239	1.582	213.07	0.998	2.013	1.027	0	0.153	0.136	0.295	0.341	0.364	-432.041	-214.593	-29.18	0.065	NA	0.298	0.314	0.545	23.983	24	23.968	24.682	24.918	0.339
2025-10-14	-91.708	32.1	0	22.388	11.57	42.95	20.594	12.6	29.9	66.749	33.706	99.839	101.586	1.508	210.864	1.476	2.894	1.075	0	0.152	0.135	0.295	0.34	0.364	-452.929	-217.35	-29.844	0.059	NA	0.298	0.309	0.544	23.789	23.852	23.876	24.549	24.801	0.265
2025-10-15	-91.708	32.1	0	22.642	10.66	44.35	21.062	13	30.1	65.335	37.405	91.282	101.429	1.55	212.19	1.135	2.456	1.095	0	0.151	0.135	0.295	0.339	0.364	-488.8	-221.433	-30.451	0.051	NA	0.298	0.304	0.544	23.725	23.729	23.691	24.416	24.686	0.261
2025-10-16	-91.708	32.1	0	23.531	11.52	45.98	21.574	12.8	31.6	69.191	38.482	97.387	101.155	1.69	205.603	1.038	2.174	1.087	0	0.151	0.135	0.295	0.338	0.363	-527.574	-223.877	-31.044	0.047	NA	0.299	0.299	0.544	24.061	23.955	23.703	24.308	24.582	0.233
2025-10-17	-91.708	32.1	0	25	14.42	44.62	22.936	15.9	31.3	70.967	44.619	94.847	101.028	1.924	198.842	1.122	2.41	1.027	0	0.15	0.134	0.294	0.338	0.363	-552.405	-225.043	-31.519	0.042	NA	0.3	0.296	0.542	24.736	24.498	23.966	24.283	24.5	0.264
2025-10-18	-91.708	32.1	17.226	25.471	14.52	41.8	23.795	17.1	31	82.135	53.978	99.277	100.848	2.387	171.278	2.607	5.03	0.65	0	0.151	0.134	0.294	0.337	0.363	-490.268	-225.103	-31.947	0.048	NA	0.301	0.294	0.542	24.923	24.747	24.236	24.356	24.403	0.33
2025-10-19	-91.708	32.1	0.697	20.55	10.64	32.22	18.852	11	24	79.425	44.593	99.9	101.425	1.72	203.485	1.785	4.006	0.494	0	0.156	0.134	0.294	0.337	0.363	-79.28	-207.72	-32.111	0.134	NA	0.301	0.294	0.542	23.46	23.844	24.12	24.403	24.4	0.292
2025-10-20	-91.708	32.1	0.034	17.488	8.09	33.68	16.543	7.8	25.9	71.3	39.254	100	101.558	1.273	209.751	2.011	3.637	0.747	0	0.158	0.135	0.295	0.338	0.363	-86.032	-201.332	-32.186	0.143	NA	0.299	0.293	0.542	20.228	20.907	22.348	24.105	24.399	0.287
2025-10-21	-91.708	32.1	5.544	17.687	11	26.95	17.49	11.6	22.8	89.275	57.358	100	101.461	1.797	86.968	1.191	2.465	0.232	0	0.16	0.135	0.296	0.338	0.363	-92.489	-183.303	-32.342	0.153	NA	0.3	0.291	0.54	20.427	20.928	21.79	23.593	24.258	NA
2025-10-22	-91.708	32.1	0	16.23	6.75	33.85	15.209	7.2	25.2	71.928	32.106	100	101.79	1.153	205.628	1.201	2.332	0.707	0	0.163	0.136	0.296	0.339	0.362	-95.298	-166.657	-32.319	0.184	NA	0.299	0.29	0.543	18.771	19.452	20.85	23.168	24.069	0.285
2025-10-23	-91.708	32.1	0	16.612	6.78	35.67	15.547	7	26	70.776	32.361	100	101.773	1.163	187.335	1.055	1.989	0.759	0	0.163	0.137	0.297	0.34	0.361	-95.109	-156.19	-32.329	0.178	NA	0.299	0.289	0.542	18.628	19.076	20.201	22.679	23.835	0.265
2025-10-24	-91.708	32.1	0	17.952	8.15	35.86	17.448	9	26.7	71.445	40.188	99.558	101.688	1.359	184.346	1.532	2.85	0.779	0	0.164	0.137	0.298	0.34	0.361	-95.42	-145.454	-32.555	0.168	NA	0.301	0.289	0.54	19.31	19.524	20.151	22.336	23.585	0.27
2025-10-25	-91.708	32.1	1.6	18.633	10.92	29.66	18.962	14.2	23.9	82.146	68.28	94.476	101.317	1.834	84.056	3.056	5.581	0.394	0.001	0.164	0.138	0.299	0.34	0.361	-97.229	-135.811	-32.515	0.158	NA	0.302	0.289	0.54	19.534	19.782	20.294	22.147	23.343	NA
2025-10-26	-91.708	32.1	62.837	19.875	15.23	29.59	18.667	15.7	22.4	95.14	76.152	100	101.019	2.048	93.755	1.415	2.92	0.114	0	0.342	0.33	0.377	0.385	0.399	-4.544	-6.106	-1.914	0.514	0.27	0.416	0.372	0.681	20.577	20.663	20.509	21.856	23.059	NA
2025-10-27	-91.708	32.1	0	18.942	13.77	30.4	17.299	14	21.6	91.77	75.385	100	101.087	1.811	117.969	1.339	2.825	0.177	0	0.341	0.321	0.371	0.376	0.395	-0.434	-0.124	-0.229	0.481	0.273	0.405	0.349	0.648	20.066	20.405	20.853	22.085	22.976	0.303
2025-10-28	-91.708	32.1	10.951	19.911	13.7	31.02	17.562	14	22.5	93.055	76.099	99.926	100.992	1.866	132.824	2.107	4.314	0.167	0.001	0.339	0.318	0.367	0.373	0.379	-5.51	-1.666	-0.2	0.437	0.276	0.405	0.343	0.586	19.887	20.146	20.692	22.047	22.889	0.304
2025-10-29	-91.708	32.1	0	12.986	9.02	16.81	12.793	10.4	15.8	72.221	58.612	97.539	101.091	1.072	97.304	3.895	9.297	0.409	0	0.348	0.327	0.375	0.373	0.376	-0.1	-0.422	-0.2	0.48	0.338	0.431	0.342	0.568	16.219	17.712	20.142	21.93	22.799	NA
2025-10-30	-91.708	32.1	0	13.077	7.08	24.88	11.604	7.2	17	78.771	53.463	99.954	101.429	1.059	186.252	1.645	3.716	0.334	0	0.343	0.322	0.37	0.373	0.375	-1.899	-0.966	-0.2	0.411	0.307	0.415	0.339	0.56	15.206	16.171	18.544	21.361	22.664	0.29
2025-10-31	-91.708	32.1	0	12.722	5.04	26.94	10.979	4.7	19.4	80.87	47.92	100	101.608	1.041	186.053	0.831	1.65	0.34	0	0.341	0.319	0.367	0.373	0.374	-9.112	-4.8	-0.282	0.373	0.294	0.412	0.337	0.554	14.656	15.602	17.832	20.781	22.419	0.306
2025-11-01	-91.708	32.1	0	12.839	5.9	29.51	11.497	5.6	19.1	83.682	57.863	99.927	101.671	1.129	127.792	1.073	1.997	0.284	0	0.338	0.316	0.365	0.373	0.372	-11.706	-8.804	-0.416	0.339	0.284	0.409	0.335	0.551	14.742	15.539	17.489	20.35	22.114	0.304
2025-11-02	-91.708	32.1	0	6.784	6.01	7.53	7.235	6.4	8.5	93.486	90.8	96.698	101.787	0.953	0	0.66	1.062	0.066	0	0.338	0.314	0.364	0.373	0.371	-12.595	-10.275	-0.621	0.324	0.277	0.408	0.335	0.549	13.229	14.961	17.45	20.265	21.929	NA
2025-11-03	-91.708	32.1	0.017	11.428	2.65	26.17	10.006	2	19.6	77.538	43.275	100	102.382	0.925	183.247	0.964	1.876	0.39	0	0.333	0.31	0.362	0.373	0.369	-14.963	-11.436	-1.704	0.298	0.258	0.403	0.332	0.543	13.235	14.228	16.551	19.634	21.578	0.31
2025-11-04	-91.708	32.1	0	12.643	4.13	28.2	12.446	4.2	22.3	75.637	39.956	100	102.268	1.05	183.079	1.177	2.191	0.502	0	0.328	0.307	0.361	0.372	0.368	-16.442	-12.194	-3.122	0.286	0.248	0.402	0.332	0.541	13.769	14.553	16.37	19.287	21.299	0.318
2025-11-05	-91.708	32.1	0	14.831	6.14	30.32	14.709	6.4	24.4	84.143	59.207	99.795	101.927	1.424	167.941	1.168	2.295	0.361	0	0.323	0.303	0.36	0.372	0.368	-17.824	-12.947	-4.91	0.276	0.239	0.402	0.331	0.539	14.938	15.399	16.528	19.084	21.033	0.339
2025-11-06	-91.708	32.1	0.051	17.443	8.9	31.96	17.318	10.2	24.8	85.522	61.048	100	101.49	1.693	159.371	1.06	2.073	0.378	0	0.319	0.3	0.359	0.371	0.367	-18.926	-13.644	-5.766	0.27	0.234	0.402	0.33	0.538	16.561	16.743	17.146	19.099	20.832	0.331
2025-11-07	-91.708	32.1	0	20.712	13.68	32.59	20.482	15.4	26.1	85.765	64.933	96.651	100.74	2.052	141.779	1.558	3.067	0.394	0	0.313	0.295	0.357	0.371	0.367	-19.913	-14.255	-6.471	0.267	0.232	0.405	0.331	0.536	19.134	18.951	18.271	19.32	20.7	0.339
2025-11-08	-91.708	32.1	0	20.568	14.85	33.78	20.085	15.7	26.5	90.192	72.859	100	100.728	2.118	146.899	1.11	2.233	0.283	0	0.309	0.291	0.356	0.37	0.367	-21.165	-14.882	-7.254	0.26	0.226	0.405	0.33	0.536	19.682	19.686	19.128	19.733	20.7	0.378
2025-11-09	-91.708	32.1	0	14.017	4.75	23.28	14.186	6.4	18	64.426	48.206	97.898	101.89	1.072	166.527	2.734	6.188	0.571	0	0.307	0.289	0.355	0.369	0.366	-23.005	-15.57	-8.172	0.247	0.213	0.399	0.328	0.536	16.854	17.964	19.181	20.065	20.75	0.358
2025-11-10	-91.708	32.1	0	6.004	0.17	17.53	4.304	-0.3	9.8	62.117	39.255	83.167	102.84	0.502	173.172	1.601	3.614	0.347	0	0.306	0.288	0.355	0.369	0.366	-25.086	-16.4	-9.141	0.225	0.195	0.39	0.326	0.538	11.808	13.739	17.318	19.821	20.8	0.355
2025-11-11	-91.708	32.1	0	7.473	-1.13	20.17	6.991	-1.5	15.1	64.216	38.643	91.442	102.442	0.618	168.44	2.236	4.115	0.457	0	0.304	0.286	0.355	0.369	0.366	-26.455	-17.144	-10.043	0.213	0.187	0.389	0.322	0.538	10.643	12.071	15.483	19.052	20.746	0.357
2025-11-12	-91.708	32.1	0	13.699	4.33	30.21	14.168	5.2	23.9	77.754	56.218	93.751	102.017	1.28	146.671	1.365	2.72	0.459	0	0.298	0.281	0.354	0.369	0.366	-27.108	-17.755	-10.677	0.218	0.187	0.39	0.32	0.536	13.489	13.886	15.244	18.392	20.473	0.364
2025-11-13	-91.708	32.1	0.017	16.644	9.12	33.31	17.554	11.1	25.8	83.557	58.177	100	101.958	1.667	131.93	0.998	2.043	0.425	0	0.293	0.277	0.353	0.369	0.366	-27.808	-18.239	-11.252	0.221	0.188	0.392	0.32	0.534	15.906	16.031	16.188	18.274	20.16	0.393
2025-11-14	-91.708	32.1	0.017	16.889	9.53	29.74	18.26	11.4	25.6	79.307	54.788	100	101.758	1.642	144.744	1.474	2.868	0.533	0	0.288	0.273	0.352	0.368	0.365	-28.837	-18.688	-11.702	0.217	0.187	0.392	0.321	0.533	16.795	16.976	17.02	18.456	19.956	0.447
2025-11-15	-91.708	32.1	0	17.337	10.2	29.02	18.592	13	25.7	81.044	57.272	99.937	101.237	1.721	141.211	1.802	3.655	0.487	0	0.283	0.269	0.352	0.367	0.365	-29.934	-19.163	-12.106	0.211	0.186	0.392	0.322	0.532	17.334	17.471	17.504	18.683	19.9	0.488
2025-11-16	-91.708	32.1	0.068	19.331	11.57	32.77	20.195	14.2	27.1	85.082	65.279	100	100.934	2.009	135.739	1.256	2.582	0.424	0	0.278	0.265	0.351	0.367	0.365	-30.955	-19.607	-12.515	0.206	0.186	0.392	0.321	0.532	18.518	18.483	18.028	18.889	19.9	0.508
2025-11-17	-91.708	32.1	0	20.122	14.87	29.67	21.128	17.6	26.8	81.057	58.083	98.411	101.146	2.011	134.3	1.872	3.524	0.535	0	0.272	0.26	0.35	0.367	0.365	-32.12	-20.024	-12.942	0.2	0.184	0.393	0.321	0.532	19.508	19.448	18.741	19.193	19.921	0.56
2025-11-18	-91.708	32.1	0	19.852	13.16	29.34	20.975	15.6	27.4	84.657	60.988	100	101.403	2.089	122.339	2.052	4.091	0.452	0	0.265	0.256	0.349	0.366	0.364	-33.638	-20.509	-13.317	0.19	0.181	0.394	0.321	0.533	19.688	19.708	19.165	19.507	20.021	0.597
2025-11-19	-91.708	32.1	0.034	20.292	14.69	29.78	21.205	17.1	27.4	88.592	67.078	100	101.707	2.22	94.399	1.029	2.077	0.336	0	0.259	0.251	0.348	0.366	0.364	-35.001	-20.962	-13.677	0.179	0.179	0.395	0.321	0.533	20.22	20.236	19.571	19.765	20.136	NA
2025-11-20	-91.708	32.1	0.068	19.145	14.68	26.94	20.059	16.9	24.4	90.029	73.379	100	101.485	2.109	81.632	1.154	2.296	0.258	0	0.254	0.246	0.348	0.365	0.364	-36.411	-21.443	-14.01	0.166	0.176	0.395	0.321	0.534	20.001	20.144	19.793	20.006	20.257	NA
2025-11-21	-91.708	32.1	0.289	21.48	16.54	29.88	22.218	18.1	27.8	86.7	64.264	99.41	101.146	2.305	97.986	1.358	2.752	0.41	0	0.247	0.242	0.347	0.365	0.364	-37.358	-21.907	-14.38	0.157	0.175	0.395	0.321	0.535	20.804	20.706	19.976	20.168	20.377	NA
2025-11-22	-91.708	32.1	0.119	18.549	9.33	26.93	20.509	12.4	27.1	75.039	41.435	100	101.527	1.772	134.491	1.393	3.152	0.698	0	0.241	0.238	0.346	0.364	0.364	-38.922	-22.331	-14.78	0.149	0.173	0.395	0.319	0.535	20.179	20.541	20.303	20.377	20.48	0.747
2025-11-23	-91.708	32.1	0.017	13.035	6.81	23.35	13.405	8.6	19	85.804	67.622	100	101.794	1.316	135.171	1.542	2.992	0.251	0	0.233	0.235	0.346	0.364	0.364	-41.654	-22.908	-15.141	0.131	0.163	0.392	0.319	0.535	17.335	18.279	19.582	20.408	20.592	0.76
2025-11-24	-91.708	32.1	179.76	14.377	5.86	26.65	13.874	6.9	23.7	90.139	64.064	100	101.28	1.455	100.051	1.571	3.025	0.213	0.004	0.227	0.231	0.346	0.364	0.364	-41.154	-23.512	-15.525	0.12	0.159	0.391	0.317	0.538	16.746	17.353	18.671	20.136	20.6	0.763
2025-11-25	-91.708	32.1	32.386	16.833	9.79	24.72	17.165	11.7	21.6	91.73	70.308	100	101.185	1.801	101.426	1.463	3.159	0.177	0.001	0.324	0.3	0.349	0.364	0.364	-9.926	-23.309	-15.957	0.334	0.256	0.422	0.317	0.527	18.592	18.774	18.842	19.917	20.594	0.819
2025-11-26	-91.708	32.1	0.238	10.121	2.26	18	10.98	3.4	15.2	75.771	36.171	99.996	102.212	0.998	144.694	1.923	4.032	0.343	0	0.329	0.309	0.353	0.364	0.364	-13.422	-22.559	-16.231	0.324	0.242	0.432	0.316	0.528	15.681	16.731	18.449	19.847	20.5	0.807
2025-11-27	-91.708	32.1	0	6.349	0.93	16.79	6.724	1.8	13.6	71.407	39.547	98	102.624	0.674	143.379	1.282	2.454	0.346	0	0.328	0.307	0.354	0.365	0.364	-16.316	-22.045	-16.115	0.26	0.217	0.429	0.315	0.527	12.82	14.128	16.96	19.42	20.445	0.811
2025-11-28	-91.708	32.1	0	6.095	0.05	16.87	6.634	0.6	13.6	71.504	43.465	99.909	102.653	0.672	144.12	1.522	2.653	0.349	0	0.325	0.304	0.354	0.365	0.364	-18.386	-21.786	-15.948	0.21	0.201	0.426	0.313	0.528	11.696	12.87	15.734	18.785	20.266	0.81
2025-11-29	-91.708	32.1	1.7	9.383	1.96	14.12	9.859	5.1	15.6	79.05	67.254	87.337	101.858	1.007	34.378	2.206	3.851	0.247	0.001	0.324	0.302	0.353	0.366	0.363	-19.204	-21.7	-15.804	0.178	0.191	0.426	0.312	0.529	12.105	12.78	15.026	18.167	19.971	NA
2025-11-30	-91.708	32.1	13.622	8.442	5.27	13.98	7.298	4.6	15.4	88.405	77.073	99.61	102.128	0.931	34.223	2.718	5.555	0.11	0.002	0.347	0.321	0.361	0.366	0.364	-3.523	-21.266	-15.8	0.274	0.236	0.479	0.312	0.525	12.598	13.397	15.077	17.768	19.655	NA
2025-12-01	-91.708	32.1	7.365	5.96	4.52	7.76	4.306	2.8	5.2	88.65	79.458	98.144	101.688	0.736	17.651	2.105	4.045	0.095	0.001	0.354	0.329	0.37	0.367	0.364	-0.1	-18.225	-15.547	0.26	0.22	0.51	0.314	0.526	10.795	11.795	14.307	17.418	19.374	NA
2025-12-02	-91.708	32.1	0.17	4.792	2.76	8.72	2.866	1.5	4.9	87.28	76.392	97.5	101.644	0.654	54.408	1.992	4.125	0.099	0	0.359	0.332	0.377	0.369	0.364	-0.1	-6.417	-14.98	0.255	0.196	0.51	0.319	0.528	10.115	11.024	13.511	16.907	19.089	NA
2025-12-03	-91.708	32.1	0	6.524	2.31	12.6	4.396	0.8	8.6	84.76	73.991	96.337	101.724	0.715	87.918	1.728	3.088	0.14	0	0.355	0.328	0.373	0.372	0.364	-0.1	-1.735	-13.838	0.225	0.176	0.488	0.324	0.527	10.127	10.822	12.988	16.423	18.757	NA
2025-12-04	-91.708	32.1	23.514	7.314	4.5	11.12	5.899	2.9	8.9	96.763	82.222	100	101.691	0.902	33.667	2.771	5.349	0.031	0.001	0.371	0.344	0.388	0.384	0.373	-0.1	-0.632	-3.871	0.235	0.188	0.488	0.372	0.569	10.698	11.286	12.872	15.978	18.417	NA
2025-12-05	-91.708	32.1	0	5.911	4.12	8.74	3.91	2.4	5.2	96.035	90.666	100	101.556	0.776	33.402	1.435	2.796	0.034	0	0.365	0.337	0.383	0.388	0.388	-0.1	-0.1	-0.214	0.214	0.166	0.447	0.37	0.603	10.058	10.7	12.641	15.733	18.124	NA
2025-12-06	-91.708	32.1	0	8.553	3.41	16.33	7.834	5	13.3	90.629	70.182	100	101.246	0.962	122.231	1.521	2.773	0.117	0	0.36	0.332	0.379	0.387	0.401	-0.1	-0.1	-0.2	0.202	0.156	0.433	0.363	0.682	10.979	11.405	12.653	15.484	17.845	0.852
2025-12-07	-91.708	32.1	5.599	12.25	9.66	17.47	11.59	9.1	14.9	96.689	92.243	99.918	101.196	1.327	37.57	2.287	4.283	0.044	0.001	0.359	0.333	0.378	0.386	0.402	-0.1	-0.1	-0.2	0.209	0.161	0.436	0.36	0.701	12.589	12.667	13.155	15.443	17.598	NA
2025-12-08	-91.708	32.1	0.017	7.57	4.73	10.3	6.562	3.5	9	89.15	84.787	96.772	102.105	0.875	38.76	2.323	4.777	0.103	0	0.363	0.335	0.381	0.388	0.403	-0.1	-0.1	-0.109	0.209	0.162	0.427	0.365	0.703	11.848	12.457	13.55	15.533	17.431	NA
2025-12-09	-91.708	32.1	0	6.207	1.28	14.11	5.603	3	11	85.489	67.394	93.36	101.814	0.778	107.6	1.534	3.205	0.144	0	0.36	0.332	0.378	0.387	0.403	-0.1	-0.1	-0.1	0.195	0.152	0.415	0.365	0.702	10.744	11.391	13.062	15.467	17.321	0.871
2025-12-10	-91.708	32.1	0.034	7.42	0.65	18.18	9.534	3.1	18.1	82.56	51.85	100	101.272	0.995	116.735	1.616	3.477	0.261	0	0.358	0.33	0.376	0.387	0.403	-0.1	-0.1	-0.1	0.19	0.15	0.411	0.363	0.704	10.725	11.267	12.757	15.284	17.21	0.853
2025-12-11	-91.708	32.1	0	5.378	-0.76	15.98	7.305	0.3	14.7	75.402	51.355	100	101.568	0.76	122.894	1.278	2.382	0.306	0	0.356	0.328	0.375	0.386	0.403	-0.195	-0.1	-0.1	0.183	0.146	0.407	0.36	0.704	9.929	10.725	12.577	15.13	17.066	0.85
2025-12-12	-91.708	32.1	0	11.178	2.55	23.65	13.009	4.5	22.4	84.892	67.513	97.522	101.381	1.321	110.924	0.921	1.891	0.271	0	0.353	0.326	0.373	0.385	0.402	-0.952	-0.1	-0.1	0.182	0.146	0.406	0.359	0.689	11.534	11.769	12.565	14.961	16.938	0.867
2025-12-13	-91.708	32.1	14.485	14.92	7.08	23.71	14.8	9.5	22.1	96.158	82.628	100	101.528	1.642	74.161	1.398	2.894	0.08	0	0.352	0.326	0.374	0.385	0.399	-1.749	-0.1	-0.1	0.188	0.152	0.409	0.36	0.624	13.786	13.716	13.44	15.046	16.805	NA
2025-12-14	-91.708	32.1	1.191	3.299	-3.52	10.45	2.181	-3.3	9.3	72.484	47.872	99.696	102.821	0.553	131.207	3.117	6.268	0.178	0	0.368	0.343	0.387	0.39	0.402	-0.1	-0.1	-0.1	0.184	0.163	0.406	0.383	0.688	10.938	12.176	13.785	15.292	16.706	0.908
2025-12-15	-91.708	32.1	0	0.082	-5.42	10.49	-1.134	-5.9	6.3	69.3	47.449	86.388	102.755	0.39	141.884	1.179	2.406	0.193	0	0.364	0.336	0.381	0.39	0.404	-0.1	-0.1	-0.1	0.159	0.146	0.386	0.374	0.696	7.597	8.87	12.074	15.046	16.7	0.914
2025-12-17	-91.708	32.1	0	6.467	3.52	9.55	7.509	6.3	9	88.194	81.058	92.802	101.67	0.917	0.188	0.729	1.137	0.121	0	0.36	0.333	0.379	0.388	0.404	-0.1	-0.1	-0.1	0.158	0.144	0.385	0.371	0.691	9.055	9.594	11.231	14.155	16.438	NA
2025-12-18	-91.708	32.1	0	16.328	3.99	22.3	19.112	10	23.2	72.396	48.824	96.557	100.746	1.68	112.787	3.216	7.113	0.581	0	0.353	0.329	0.378	0.388	0.404	-0.1	-0.1	-0.1	0.171	0.153	0.388	0.37	0.688	14.53	14.244	12.971	14.26	16.1	0.864
2025-12-19	-91.708	32.1	0	5.688	-0.25	15.58	8.379	2.6	14.8	59.85	39.742	83.517	101.791	0.643	133.361	1.127	2.344	0.489	0	0.355	0.328	0.377	0.387	0.404	-0.823	-0.1	-0.1	0.162	0.147	0.381	0.368	0.691	11.343	12.218	13.176	14.568	16.024	0.854
2025-12-20	-91.708	32.1	0	11.352	-0.18	22.02	13.79	2.8	23.1	76.376	65.102	93.169	101.373	1.314	127.414	2.364	4.352	0.422	0	0.352	0.326	0.375	0.386	0.404	-5.523	-0.1	-0.1	0.159	0.144	0.379	0.367	0.691	11.359	11.689	12.622	14.559	16.1	0.855
2025-12-21	-91.708	32.1	0.17	15.629	12.25	18.66	16.066	13.8	18.8	89.486	75.972	100	101.907	1.653	52.351	1.962	3.738	0.182	0	0.348	0.324	0.374	0.386	0.403	-8.76	-0.1	-0.1	0.165	0.149	0.377	0.364	0.691	14.433	14.358	13.615	14.659	16.024	NA
2025-12-22	-91.708	32.1	0	17.442	13.83	24.35	17.853	14.1	23.3	92.798	81.375	100	102.116	1.917	87.867	1.985	3.622	0.163	0	0.346	0.322	0.373	0.385	0.402	-9.804	-0.1	-0.1	0.168	0.15	0.375	0.364	0.632	15.544	15.371	14.412	15.023	16.061	NA
2025-12-23	-91.708	32.1	0	17.234	10.08	24.43	18.493	13.2	23.6	90.231	70.83	97.86	102.214	1.924	84.61	1.573	3.087	0.231	0	0.344	0.32	0.373	0.384	0.391	-10.825	-0.1	-0.1	0.17	0.152	0.372	0.364	0.613	16.805	16.725	15.434	15.465	16.157	NA
2025-12-24	-91.708	32.1	0.153	13.992	8.64	23.97	15.601	11.1	23	94.245	75.745	100	102.213	1.69	82.532	0.915	1.793	0.123	0	0.344	0.32	0.372	0.383	0.386	-11.65	-0.1	-0.1	0.167	0.15	0.363	0.363	0.608	15.729	15.973	15.661	15.871	16.325	NA
2025-12-25	-91.708	32.1	0.357	14.528	9.77	20.74	16.015	11.6	19.8	97.182	91.101	100	101.858	1.782	42.349	0.992	2.002	0.052	0	0.343	0.319	0.371	0.383	0.385	-11.898	-0.1	-0.1	0.167	0.151	0.357	0.363	0.605	15.692	15.872	15.678	16.084	16.5	NA
2025-12-26	-91.708	32.1	0.068	19.2	14.62	25.36	20.56	16.3	25	89.098	71.86	100	101.285	2.146	95.429	2.278	4.725	0.302	0	0.341	0.318	0.371	0.382	0.384	-12.157	-0.1	-0.1	0.168	0.152	0.352	0.363	0.599	16.996	16.851	15.969	16.24	16.642	NA
2025-12-27	-91.708	32.1	0	19.776	17.05	23.55	21.204	19.2	24.2	87.641	76.263	96.212	101.215	2.201	46.401	1.744	3.587	0.325	0	0.339	0.316	0.37	0.382	0.383	-13.003	-0.1	-0.1	0.168	0.152	0.347	0.361	0.594	18.037	17.921	16.724	16.545	16.758	NA
2025-12-28	-91.708	32.1	0.8	19.821	12.21	25.29	21.886	13.1	26.9	80.916	56.889	97.505	101.156	2.107	103.042	2.578	5.493	0.552	0.001	0.336	0.314	0.371	0.381	0.383	-14.006	-0.1	-0.1	0.168	0.154	0.342	0.358	0.59	18.547	18.465	17.271	16.912	16.929	0.885
2025-12-29	-91.708	32.1	0.085	6.173	-0.28	12.17	6.468	2.8	13.3	50.341	40.184	77.451	102.456	0.507	126.918	3.033	6.557	0.477	0	0.336	0.314	0.37	0.38	0.382	-16.11	-0.1	-0.1	0.159	0.149	0.331	0.349	0.587	14.808	15.795	16.956	17.184	17.116	0.89
2025-12-30	-91.708	32.1	0	1.937	-3.47	10.09	1.825	-2.3	7	61.343	41.423	85.249	102.681	0.421	136.165	1.396	3.104	0.288	0	0.335	0.312	0.369	0.38	0.381	-17.949	-0.1	-0.1	0.15	0.14	0.324	0.346	0.58	11.611	12.65	15.178	16.882	17.275	0.887
2025-12-31	-91.708	32.1	0.034	4.395	-4.09	17.37	6.732	-3	17.7	62.964	32.594	96.652	102.021	0.581	135.219	1.312	2.752	0.521	0	0.333	0.311	0.368	0.38	0.38	-19.11	-0.23	-0.1	0.145	0.136	0.322	0.344	0.578	10.412	11.238	13.722	16.235	17.25	0.859
