2026-01-01	-92.411	31.167	0	11.837	-0.13	25.28	13.551	5.6	21.2	58.241	36.166	81.417	101.531	0.887	143.526	2.447	4.295	0.734	0	0.352	0.343	0.337	0.358	0.39	-29.311	-0.1	-0.1	1.954	2.162	2.498	1.807	1.948	11.878	12.061	13.574	14.897	17.514	0.598
2026-01-02	-92.411	31.167	0	17.567	10.8	29.07	18.865	13.3	26.1	80.783	62.027	94.65	100.57	1.761	112.618	3.168	5.69	0.49	0	0.35	0.342	0.336	0.358	0.39	-36.135	-0.1	-0.1	1.933	2.133	2.516	1.81	1.948	15.146	14.574	14.508	15.01	17.29	0.594
2026-01-03	-92.411	31.167	0.017	15.574	11.26	23.09	15.306	11	18.7	91.605	83.836	99.142	100.877	1.624	48.479	2.341	4.546	0.136	0	0.348	0.34	0.336	0.357	0.39	-42.022	-0.1	-0.1	1.895	2.08	2.515	1.818	1.952	15.741	15.519	15.524	15.609	17.125	NA
2026-01-04	-92.411	31.167	0	10.703	2.16	21.65	10.382	5.1	15.2	80.545	60.691	95.203	101.62	1.008	143.039	1.731	3.539	0.27	0	0.346	0.339	0.335	0.355	0.39	-46.614	-0.1	-0.1	1.853	2.004	2.489	1.815	1.953	14.008	14.235	15.269	15.782	17.1	0.602
2026-01-05	-92.411	31.167	0.102	11.071	1.15	25.22	10.11	2.6	20.2	90.589	74.47	100	101.316	1.179	131.09	1.71	2.976	0.167	0	0.344	0.339	0.335	0.355	0.39	-48.416	-0.1	-0.1	1.827	1.973	2.466	1.812	1.958	13.2	13.213	14.544	15.511	17.1	0.615
2026-01-06	-92.411	31.167	0	19.139	15.47	24.55	19.48	16.3	22.8	92.415	83.211	98.059	101.072	2.093	55.208	2.386	4.326	0.18	0	0.343	0.338	0.334	0.354	0.39	-54.133	-0.1	-0.1	1.836	2.054	2.483	1.816	1.96	16.673	15.976	15.477	15.603	17.01	NA
2026-01-07	-92.411	31.167	0	19.983	13.37	28.62	20.045	17.7	24.1	90.672	73.346	97.236	101.133	2.122	73.054	2.129	3.941	0.232	0	0.342	0.337	0.333	0.353	0.389	-58.161	-0.1	-0.1	1.833	2.033	2.486	1.829	1.963	18.152	17.435	16.578	16.189	17	NA
2026-01-08	-92.411	31.167	1.224	20.867	17.37	25.83	21.514	18.6	25.1	88.932	68.344	97.192	100.862	2.272	49.901	3.353	6.591	0.309	0.002	0.341	0.336	0.333	0.352	0.389	-61.893	-0.1	-0.1	1.828	2	2.481	1.838	1.969	18.748	18.086	17.294	16.763	17.036	NA
2026-01-09	-92.411	31.167	0.153	22.542	18.57	29.28	22.721	19.6	25.6	92.31	81.212	99.66	101.035	2.548	77.16	1.855	3.563	0.223	0	0.341	0.335	0.332	0.351	0.388	-56.501	-0.1	-0.1	1.84	1.986	2.484	1.845	1.975	20.257	19.386	18.121	17.304	17.149	NA
2026-01-10	-92.411	31.167	17.636	15.256	5.64	22.12	15.209	7.4	22.8	87.558	76.18	100	101.808	1.594	65.904	3.779	7.029	0.19	0.001	0.381	0.373	0.352	0.37	0.391	-9.62	-0.1	-0.1	2.212	2.412	2.542	2.004	1.973	18.333	18.479	18.57	17.922	17.307	NA
2026-01-11	-92.411	31.167	0	7.922	-0.93	20.36	8.366	3.1	15.1	66.589	50.136	85.225	102.764	0.727	151.976	1.941	3.861	0.409	0	0.375	0.365	0.343	0.367	0.391	-0.1	-0.1	-0.1	2.175	2.413	2.524	1.997	1.963	13.589	14.386	16.562	17.404	17.509	0.646
2026-01-12	-92.411	31.167	0	4.292	-3.14	19.91	5.028	-1.6	13.1	68.385	35.415	92.241	102.682	0.583	137.671	0.807	1.713	0.328	0	0.369	0.357	0.341	0.363	0.391	-0.18	-0.1	-0.1	2.124	2.412	2.501	1.89	1.965	11.823	12.468	14.896	16.37	17.6	0.634
2026-01-13	-92.411	31.167	0.714	9.011	-1.57	22.82	8.182	0.3	17	73.71	38.987	100	101.957	0.768	140.478	1.554	2.849	0.394	0	0.365	0.354	0.34	0.362	0.39	-3.027	-0.1	-0.1	2.102	2.397	2.482	1.841	1.966	11.733	12.049	14.001	15.458	17.552	0.643
2026-01-14	-92.411	31.167	0.153	11.806	8.24	20.45	11.736	8.6	16.2	72.733	56.948	87.76	101.211	0.998	124.014	3.424	6.377	0.395	0	0.363	0.351	0.339	0.362	0.39	-3.325	-0.1	-0.1	2.102	2.393	2.495	1.839	1.966	13.081	13.143	14.288	15.14	17.374	0.641
2026-01-15	-92.411	31.167	0	5.356	-3.65	17.97	5.903	-0.1	11.8	58.059	35.078	80.905	101.694	0.526	160.627	1.755	3.339	0.423	0	0.359	0.349	0.338	0.361	0.39	-13.964	-0.1	-0.1	2.025	2.316	2.48	1.831	1.968	10.942	11.58	13.669	14.928	17.185	0.636
2026-01-16	-92.411	31.167	0	10.737	-1.89	24.27	11.808	0.8	20.8	68.099	54.399	86.974	101.152	0.991	147.784	3.227	5.713	0.52	0	0.356	0.346	0.338	0.359	0.389	-20.809	-0.1	-0.1	1.978	2.235	2.472	1.825	1.97	11.345	11.451	13.001	14.396	17.03	0.626
2026-01-17	-92.411	31.167	0	8.168	0.23	14.48	8.297	2.5	13.7	50.798	42.181	57.388	102.018	0.565	82.601	2.566	5.052	0.542	0	0.352	0.343	0.337	0.358	0.39	-30.764	-0.1	-0.1	1.905	2.152	2.474	1.82	1.97	11.549	11.952	13.419	14.334	16.842	NA
2026-01-18	-92.411	31.167	0	1.21	-7.3	14.01	1.902	-3	8.7	52.561	32.767	76.971	102.215	0.356	162.744	1.739	3.196	0.367	0	0.349	0.343	0.337	0.356	0.39	-33.815	-0.1	-0.1	1.841	2.042	2.439	1.815	1.971	8.621	9.456	12.112	13.854	16.666	0.583
2026-01-19	-92.411	31.167	0	4.255	-5.9	22.45	5.15	-4.2	16.3	63.506	33.49	92.797	102.268	0.536	159.104	0.934	1.841	0.45	0	0.347	0.342	0.336	0.355	0.39	-37.569	-0.1	-0.1	1.819	1.986	2.422	1.807	1.972	8.742	9.157	11.32	13.105	16.499	0.563
2026-01-20	-92.411	31.167	0	6.441	-2.76	21.8	6.814	-0.3	15.4	69.291	46.138	88.187	102.536	0.68	135.453	1.239	2.403	0.364	0	0.345	0.341	0.335	0.354	0.39	-43.47	-0.1	-0.1	1.801	1.938	2.421	1.807	1.975	9.334	9.593	11.307	12.783	16.269	0.56
2026-01-21	-92.411	31.167	10.243	13.01	9.62	15.88	13.381	11	15.4	84.889	66.835	98.514	101.901	1.328	25.345	2.352	4.218	0.213	0.003	0.351	0.342	0.334	0.354	0.389	-42.032	-0.1	-0.1	2.005	2.125	2.434	1.811	1.98	11.713	11.457	12.021	12.854	16.02	NA
2026-01-22	-92.411	31.167	0.969	13.356	11.64	15.69	12.65	11.2	14.9	97.309	93.284	100	101.71	1.427	47.756	1.753	3.181	0.038	0	0.375	0.362	0.335	0.354	0.39	-0.12	-0.1	-0.1	2.382	2.579	2.504	1.835	1.98	13.561	13.135	13.052	13.394	15.831	NA
2026-01-23	-92.411	31.167	0	12.232	6.55	19.1	11.384	6	14.7	93.456	81.274	100	101.777	1.276	53.538	3.017	5.458	0.083	0	0.373	0.359	0.336	0.354	0.39	-0.1	-0.1	-0.1	2.346	2.541	2.537	1.856	1.98	13.614	13.414	13.624	13.886	15.71	NA
2026-01-24	-92.411	31.167	20.404	3.916	1.92	6.45	2.573	0.5	6	89.928	76.958	99.955	101.355	0.657	17.333	2.761	5.144	0.086	0.001	0.382	0.372	0.355	0.363	0.391	-0.1	-0.1	-0.1	2.351	2.546	2.501	1.929	1.984	9.811	10.567	12.816	13.848	15.72	NA
2026-01-25	-92.411	31.167	35.654	0.993	-1.36	3.77	-0.923	-3.1	0.8	98.389	95.278	100	101.243	0.564	33.487	2.655	5.227	0.008	0	0.399	0.403	0.41	0.383	0.394	-0.1	-0.1	-0.1	2.289	2.414	2.481	2.024	1.984	7.419	9.614	11.325	11.765	15.604	NA
2026-01-26	-92.411	31.167	0	-0.851	-4.1	5.96	-3.146	-5.1	-1.1	88.867	81.118	98.802	102.873	0.431	127.876	2.28	4.596	0.055	0	0.401	0.406	0.412	0.385	0.395	-0.1	-0.1	-0.1	2.257	2.456	2.5	2.022	1.977	6.418	8.586	9.785	10.253	15.191	0.56
2026-01-27	-92.411	31.167	1.054	0.386	-9.3	15.2	-0.22	-7.3	7.3	80.512	47.16	100	102.875	0.483	153.78	0.984	1.849	0.154	0	0.399	0.408	0.412	0.385	0.395	-0.1	-0.1	-0.1	2.252	2.427	2.5	2.01	1.974	6.191	7.55	9.319	9.722	14.758	0.526
2026-01-28	-92.411	31.167	0.136	2.621	-5.47	17.82	2.955	-2.5	10.7	81.061	50.891	99.976	102.5	0.608	176.541	1.246	2.494	0.185	0	0.395	0.395	0.406	0.385	0.395	-0.1	-0.1	-0.1	2.282	2.537	2.532	1.99	1.97	6.896	7.469	9.527	9.852	14.363	0.521
2026-01-29	-92.411	31.167	0.068	4.609	-5.88	21.09	5.055	-3.4	14.6	79.004	47.415	99.891	101.762	0.687	171.848	1.692	3.001	0.271	0	0.39	0.386	0.4	0.384	0.395	-0.1	-0.1	-0.1	2.292	2.583	2.342	1.975	1.968	7.573	7.734	9.728	10.119	14.072	0.5
2026-01-30	-92.411	31.167	0	5.354	-4.71	17.78	5.949	-0.7	10.9	75.407	54.404	96.241	101.864	0.703	157.77	2.194	4.324	0.246	0	0.386	0.382	0.37	0.384	0.395	-0.1	-0.1	-0.1	2.262	2.583	2.434	1.959	1.964	8.127	8.299	9.865	10.512	13.846	0.514
2026-01-31	-92.411	31.167	0	-0.161	-9.67	10.16	-0.901	-6	1.7	61.91	42.165	84.611	102.717	0.354	176.981	2.108	4.239	0.222	0	0.381	0.376	0.352	0.382	0.395	-0.1	-0.1	-0.1	2.208	2.465	2.506	1.957	1.958	6.23	6.898	9.119	10.727	13.715	0.506
2026-02-01	-92.411	31.167	0	1.291	-9.51	16.57	0.484	-6.4	9.7	62.061	34.13	83.873	102.779	0.384	178.577	1.139	2.237	0.285	0	0.377	0.373	0.35	0.378	0.395	-0.1	-0.1	-0.1	2.176	2.433	2.5	1.969	1.955	5.859	6.198	8.271	10.357	13.617	0.493
2026-02-02	-92.411	31.167	0	8.141	-6.04	25.02	8.159	-4.1	18.9	74.272	52.209	95.676	102.292	0.845	174.806	2.496	4.306	0.373	0	0.375	0.365	0.349	0.376	0.394	-0.1	-0.1	-0.1	2.177	2.476	2.509	1.964	1.954	7.604	7.432	8.435	10.07	13.467	0.484
2026-02-03	-92.411	31.167	9.265	13.386	7.68	18.67	13.798	9.9	18.3	87.835	79.853	97.596	101.806	1.401	65.602	3.202	5.591	0.198	0.003	0.376	0.363	0.347	0.376	0.394	-0.1	-0.1	-0.1	2.24	2.536	2.545	1.965	1.956	11.023	10.327	9.91	10.467	13.326	NA
2026-02-04	-92.411	31.167	3.115	10.315	2.64	17.84	9.917	5.8	13.7	77.372	56.831	98.677	102.107	0.956	179.227	2.584	5.128	0.278	0	0.395	0.398	0.403	0.384	0.396	-0.1	-0.1	-0.1	2.434	2.59	2.589	1.978	1.961	11.44	11.266	11.159	11.244	13.252	0.514
2026-02-05	-92.411	31.167	0	6.449	-1.76	19.09	7.376	1.5	14.6	69.986	51.227	90.244	102.194	0.718	183.91	1.915	3.599	0.344	0	0.393	0.39	0.405	0.384	0.396	-0.1	-0.1	-0.1	2.407	2.63	2.608	1.979	1.959	9.58	9.951	11.146	11.335	13.2	0.481
2026-02-06	-92.411	31.167	0	12.346	1.31	29.67	14.572	6.7	25.7	60.804	35.702	80.646	101.539	0.972	182.412	2.116	3.832	0.837	0	0.387	0.376	0.389	0.383	0.395	-0.1	-0.1	-0.1	2.38	2.697	2.42	1.969	1.959	10.867	10.611	11.18	11.356	13.249	0.473
2026-02-07	-92.411	31.167	0	10.602	0.55	26.39	12.461	5.1	19.7	63.773	43.734	86.064	102.047	0.911	189.033	1.664	3.164	0.58	0	0.383	0.369	0.355	0.383	0.395	-0.1	-0.1	-0.1	2.317	2.604	2.555	1.961	1.957	11.472	11.29	11.547	11.785	13.3	0.47
2026-02-08	-92.411	31.167	0	12.973	-0.52	29.91	13.275	1.2	24.2	73.749	42.111	98.046	101.981	1.125	185.346	2.203	3.854	0.591	0	0.38	0.365	0.35	0.379	0.394	-0.1	-0.1	-0.1	2.278	2.591	2.578	1.977	1.958	11.701	11.349	11.565	12.01	13.344	0.479
2026-02-09	-92.411	31.167	0	18.127	10.79	29.25	17.834	13.8	23.4	86.162	66.711	98.685	101.826	1.75	140.978	2.537	4.484	0.327	0	0.377	0.362	0.348	0.376	0.394	-0.283	-0.1	-0.1	2.282	2.611	2.607	1.993	1.96	15.088	14.12	12.857	12.403	13.416	0.466
2026-02-10	-92.411	31.167	0	19.434	13.79	29.57	19.454	15.4	24.4	81.411	59.662	95.588	101.668	1.816	120.87	3.057	5.371	0.474	0	0.374	0.354	0.346	0.373	0.394	-4.107	-0.1	-0.1	2.276	2.637	2.623	1.995	1.962	16.309	15.428	14.092	13.21	13.534	0.47
2026-02-11	-92.411	31.167	0.119	19.293	10.51	33.48	19.108	13.9	25.9	83.528	60.781	99.276	101.736	1.839	141.746	1.843	3.503	0.433	0	0.371	0.351	0.345	0.373	0.393	-12.914	-0.1	-0.1	2.247	2.591	2.633	1.984	1.964	17.065	16.247	14.941	13.962	13.719	0.466
2026-02-12	-92.411	31.167	0	15.868	8.7	29.13	15.102	10.8	22	87.056	65.525	95.566	101.744	1.5	132.958	1.132	2.35	0.254	0	0.367	0.349	0.344	0.377	0.393	-18.539	-0.1	-0.1	2.196	2.512	2.631	1.945	1.966	16.527	16.045	15.358	14.544	13.964	0.473
2026-02-13	-92.411	31.167	0.119	16.753	8	33.49	16.857	9.6	25.3	80.415	54.476	100	101.589	1.519	165.424	1.124	2.123	0.498	0	0.364	0.346	0.344	0.375	0.392	-24.678	-0.1	-0.1	2.151	2.436	2.626	1.948	1.968	16.414	15.909	15.364	14.822	14.215	0.49
2026-02-14	-92.411	31.167	7.756	18.714	10.85	25.46	18.432	14.3	22.6	84.299	67.985	97.008	101.014	1.779	97.802	3.844	7.064	0.367	0.001	0.362	0.345	0.343	0.373	0.392	-30.132	-0.1	-0.1	2.127	2.394	2.622	1.955	1.97	16.947	16.379	15.701	15.07	14.454	NA
2026-02-15	-92.411	31.167	0.017	16.089	12.35	21.62	16.04	14.3	18.2	88.581	79.702	96.813	100.826	1.614	87.374	3.626	6.443	0.213	0	0.384	0.37	0.347	0.375	0.392	-0.327	-0.1	-0.1	2.407	2.729	2.691	2.009	1.974	16.524	16.265	15.942	15.318	14.672	NA
2026-02-16	-92.411	31.167	0	11.859	3.24	24.91	12.074	6.5	17.1	88.019	74.269	99.878	101.519	1.25	118.707	1.501	2.934	0.179	0	0.378	0.361	0.346	0.372	0.392	-0.1	-0.1	-0.1	2.338	2.654	2.668	2.008	1.975	15.048	15.058	15.457	15.371	14.87	0.503
2026-02-17	-92.411	31.167	0.034	16.183	8.32	22.52	16.387	10.6	20.2	83.657	70.979	96.776	101.391	1.552	79.523	3.011	5.42	0.33	0	0.373	0.354	0.345	0.376	0.391	-0.117	-0.1	-0.1	2.315	2.672	2.665	1.96	1.977	15.359	15.061	15.146	15.198	15.04	NA
2026-02-18	-92.411	31.167	0.034	20.117	15.6	30.68	20.142	17.1	24.7	83.702	66.838	96.856	100.797	1.96	127.662	3.345	5.999	0.417	0	0.37	0.351	0.344	0.374	0.391	-1.818	-0.1	-0.1	2.297	2.652	2.681	1.972	1.979	17.412	16.65	15.737	15.296	15.141	0.507
2026-02-19	-92.411	31.167	0	22.567	17.73	31.6	22.496	18.6	26.6	81.912	64.21	93.574	100.383	2.215	150.861	3.992	7.23	0.53	0	0.368	0.347	0.343	0.372	0.39	-11.951	-0.1	-0.1	2.25	2.577	2.686	1.986	1.981	19.078	18.159	16.747	15.799	15.24	0.508
2026-02-20	-92.411	31.167	0.289	21.806	14.59	32.7	21.521	16.7	27.3	85.549	57.798	100	100.567	2.191	120.164	1.723	3.247	0.412	0	0.364	0.344	0.343	0.369	0.39	-20.298	-0.1	-0.1	2.184	2.47	2.684	2	1.986	19.749	18.907	17.54	16.42	15.376	0.541
2026-02-21	-92.411	31.167	0.051	18.543	10.79	30.17	17.946	12.8	22.5	66.026	59.398	73.119	101.289	1.372	128.438	2.344	4.591	0.701	0	0.36	0.342	0.342	0.366	0.389	-29.652	-0.1	-0.1	2.091	2.348	2.673	1.993	1.987	18.737	18.471	17.878	16.904	15.583	0.543
2026-02-22	-92.411	31.167	0	10.625	1.39	21.45	10.671	6.8	15.5	46.212	25.008	66.789	102.829	0.578	220.364	3.792	7.399	0.725	0	0.353	0.34	0.341	0.365	0.39	-39.909	-0.1	-0.1	1.937	2.187	2.626	1.91	1.989	14.48	15.238	16.602	16.754	15.809	0.539
2026-02-23	-92.411	31.167	0	6.914	-4.01	22.7	7.248	-0.6	14.5	43.275	26.243	66.537	102.872	0.422	222.718	1.959	4.087	0.639	0	0.348	0.339	0.34	0.365	0.39	-46.76	-0.1	-0.1	1.858	2.045	2.582	1.887	1.992	12.352	13.218	14.884	15.766	15.978	0.54
2026-02-24	-92.411	31.167	0	8.632	-5.3	24.04	8.422	-2.9	18	62.949	38.547	84.128	101.833	0.705	212.503	3.133	5.535	0.521	0	0.344	0.338	0.339	0.364	0.389	-53.2	-0.1	-0.1	1.819	1.947	2.555	1.878	1.991	11.924	12.441	13.846	14.905	16	0.523
2026-02-25	-92.411	31.167	0.034	15.725	3.95	23.89	16.485	7.5	22.3	79.545	65.862	95.137	100.735	1.508	101.889	3.961	7.283	0.457	0	0.341	0.336	0.338	0.364	0.388	-65.35	-0.1	-0.1	1.806	1.884	2.553	1.878	1.989	14.204	13.89	14.06	14.621	15.894	0.55
2026-02-26	-92.411	31.167	0	19.342	12.38	25.63	20.046	16	23.2	84.795	74.926	95.09	100.667	1.987	85.992	2.569	4.69	0.371	0	0.338	0.334	0.336	0.363	0.388	-77.2	-0.1	-0.1	1.806	1.822	2.553	1.886	1.99	17.147	16.302	15.294	15.005	15.77	NA
2026-02-27	-92.411	31.167	0.085	17.778	6.44	32.64	18.6	13.4	26.3	73.95	41.327	100	101.108	1.549	192.877	1.506	2.908	0.674	0	0.335	0.332	0.335	0.361	0.388	-87.092	-0.1	-0.1	1.793	1.757	2.533	1.895	1.995	17.754	17.075	16.168	15.584	15.7	0.56
2026-02-28	-92.411	31.167	0	15.51	4.25	33.5	16.935	7.1	26.3	60.652	33.507	89.318	101.384	1.142	217.265	1.293	2.576	0.923	0	0.329	0.329	0.334	0.36	0.388	-98.27	-0.1	-0.1	1.768	1.652	2.503	1.895	1.996	16.81	16.422	16.203	15.935	15.786	0.559
2026-03-01	-92.411	31.167	0.119	17.309	7.18	32.25	18.034	9.4	26.6	73.154	44.799	99.988	101.634	1.457	204.728	1.816	3.346	0.733	0	0.322	0.325	0.332	0.359	0.388	-112.447	-0.1	-0.1	1.746	1.561	2.482	1.894	2.001	17.34	16.804	16.347	16.055	15.877	0.562
2026-03-02	-92.411	31.167	0.051	17.081	5.21	33.54	17.721	7.5	26.4	75.489	45.958	100	101.628	1.506	225.96	1.627	3.105	0.657	0	0.316	0.321	0.33	0.357	0.388	-129.335	-0.1	-0.1	1.724	1.47	2.458	1.896	2.001	17.603	17.071	16.57	16.23	15.971	0.569
2026-03-03	-92.411	31.167	0.068	19.213	9.56	32.81	19.982	12.8	26.6	82.654	62.414	98.245	101.632	1.917	134.037	2.374	4.311	0.487	0	0.312	0.317	0.328	0.356	0.387	-149.092	-0.1	-0.1	1.712	1.398	2.434	1.902	2.003	18.428	17.777	17.004	16.455	16.062	0.582
2026-03-04	-92.411	31.167	0	23.084	11.45	35.27	21.993	15	28.4	85.426	58.411	99.966	101.61	2.233	173.135	2.55	4.839	0.462	0	0.308	0.313	0.327	0.354	0.387	-170.939	-0.1	-0.1	1.71	1.347	2.454	1.904	2.007	20.253	19.253	17.752	16.832	16.166	0.565
2026-03-05	-92.411	31.167	0	22.492	14.67	35.49	22.632	18.8	28	79.385	56.671	96.775	101.422	2.141	173.229	2.647	5.015	0.651	0	0.304	0.31	0.325	0.352	0.387	-196.282	-0.1	-0.1	1.702	1.292	2.486	1.91	2.008	21.095	20.212	18.667	17.441	16.302	0.573
2026-03-06	-92.411	31.167	0	23.729	16.59	34.17	23.63	19.5	28.8	81.01	61.556	94.583	101.338	2.342	152.301	3.221	6.106	0.617	0	0.299	0.306	0.323	0.351	0.386	-224.941	-0.1	-0.1	1.696	1.238	2.489	1.913	2.01	21.278	20.414	19.045	17.918	16.481	0.581
2026-03-07	-92.411	31.167	25.184	22.925	17.52	33.7	22.398	16.9	28.1	88.559	70.222	99.568	101.31	2.396	122.411	3.232	6.123	0.349	0.001	0.31	0.307	0.324	0.349	0.385	-249.893	-0.1	-0.1	1.779	1.34	2.48	1.914	2.016	21.784	21.019	19.623	18.343	16.689	0.593
2026-03-08	-92.411	31.167	6.598	20.364	16.14	27.37	19.472	17.8	22	96.506	86.172	100	101.399	2.183	75.341	1.359	2.575	0.084	0.001	0.393	0.379	0.355	0.364	0.388	-0.923	-0.1	-0.1	2.373	2.579	2.637	2.081	2.021	20.624	20.195	19.6	18.658	16.903	NA
2026-03-09	-92.411	31.167	5	21.351	14.61	28.75	21.658	17.5	25.5	94.722	83.476	100	101.369	2.463	75.579	2.16	4.061	0.146	0	0.391	0.374	0.354	0.368	0.388	-0.1	-0.1	-0.1	2.439	2.628	2.666	2.127	2.022	20.997	20.422	19.603	18.742	17.142	NA
2026-03-10	-92.411	31.167	0	23.4	19.74	31.4	23.482	20.6	28	87.011	69.296	97.711	101.35	2.499	130.341	2.632	4.977	0.417	0	0.39	0.373	0.354	0.375	0.389	-0.1	-0.1	-0.1	2.477	2.674	2.702	2.122	2.023	22.064	21.274	20.017	18.948	17.343	0.658
2026-03-11	-92.411	31.167	64.374	22.602	17.36	32.88	22.148	16.5	28.2	87.016	66.812	99.315	101.094	2.317	134.55	2.933	5.755	0.408	0.001	0.39	0.371	0.358	0.373	0.388	-0.1	-0.1	-0.1	2.428	2.674	2.708	2.14	2.026	22.265	21.671	20.484	19.259	17.528	0.646
2026-03-12	-92.411	31.167	0.783	12.725	3.56	21.02	11.78	6.6	17	74.201	46.692	100	102.045	1.028	253.571	3.808	7.268	0.376	0	0.407	0.403	0.408	0.382	0.39	-0.1	-0.1	-0.1	2.519	2.734	2.71	2.144	2.034	18.239	18.967	19.44	19.178	17.709	0.672
2026-03-13	-92.411	31.167	0.068	13.136	2.05	28.91	12.969	4	22.5	73.438	47.95	99.476	101.567	1.078	254.633	1.84	3.252	0.537	0	0.403	0.402	0.408	0.382	0.39	-0.1	-0.1	-0.1	2.509	2.706	2.704	2.139	2.032	17.022	17.614	17.869	17.982	17.87	0.665
2026-03-14	-92.411	31.167	0.102	16.415	5.23	30.61	16.674	7.3	23.8	77.839	58.695	100	101.239	1.47	241.378	2.43	4.508	0.524	0	0.395	0.385	0.398	0.383	0.389	-0.1	-0.1	-0.1	2.48	2.791	2.656	2.128	2.033	17.852	17.585	17.787	17.779	17.863	0.664
2026-03-15	-92.411	31.167	0.051	20.288	12.69	32.26	20.221	14.2	26.9	80.246	61.307	97.384	100.448	1.901	182.647	4.537	8.273	0.544	0	0.39	0.374	0.368	0.382	0.388	-0.1	-0.1	-0.1	2.398	2.83	2.679	2.122	2.033	19.371	18.804	18.179	17.9	17.8	0.662
2026-03-16	-92.411	31.167	0.017	9.632	3.14	18.01	8.195	5.2	14.2	47.728	34.126	73.79	101.652	0.533	211.155	5.012	9.63	0.565	0	0.38	0.361	0.355	0.378	0.388	-0.688	-0.1	-0.1	2.303	2.723	2.719	2.149	2.035	14.936	16.019	17.609	17.966	17.8	0.657
2026-03-17	-92.411	31.167	0	7.117	-4.92	23.17	5.317	-3.2	13	47.672	31.513	72.767	102.322	0.416	259.522	1.257	2.731	0.513	0	0.372	0.353	0.352	0.379	0.388	-9.97	-0.1	-0.1	2.239	2.526	2.691	2.102	2.039	13.003	13.808	15.58	16.794	17.749	0.651
2026-03-18	-92.411	31.167	0	11.084	0.19	28.31	10.622	1.4	19.2	65.064	43.188	87.591	102.088	0.832	178.793	2.105	3.829	0.544	0	0.367	0.349	0.351	0.378	0.387	-16.69	-0.1	-0.1	2.175	2.381	2.692	2.093	2.039	13.972	14.101	15.099	16.125	17.627	0.646
2026-03-19	-92.411	31.167	0.017	17.116	4.4	32.34	16.401	7.7	25.4	74.097	47.133	96.34	101.934	1.356	232.848	2.41	4.458	0.634	0	0.363	0.346	0.35	0.374	0.387	-25.339	-0.1	-0.1	2.142	2.314	2.709	2.098	2.039	16.504	15.957	15.66	16.041	17.427	0.643
2026-03-20	-92.411	31.167	0.119	19.456	8.46	33.8	19.032	10.5	26.7	77.067	50.499	99.952	101.71	1.658	248.822	2.756	4.957	0.642	0	0.359	0.342	0.349	0.37	0.387	-36.438	-0.1	-0.1	2.078	2.253	2.712	2.089	2.04	18.411	17.671	16.757	16.474	17.247	0.64
2026-03-21	-92.411	31.167	0	22.46	13.71	34.49	21.122	16.5	27.9	79.861	57.584	95.745	101.397	1.969	234.49	3.319	5.97	0.601	0	0.353	0.338	0.348	0.369	0.387	-48.918	-0.1	-0.1	1.999	2.152	2.708	2.085	2.039	20.432	19.461	17.927	17.093	17.2	0.634
2026-03-22	-92.411	31.167	0	22.477	15.91	34.97	21.849	17.5	28.2	76.702	55.471	93.513	101.199	1.967	254.988	3.893	7.052	0.716	0	0.344	0.337	0.348	0.368	0.387	-64.048	-0.1	-0.1	1.911	2.04	2.696	2.075	2.039	21.114	20.296	18.834	17.785	17.2	0.64
2026-03-23	-92.411	31.167	0	22.567	12.97	35.72	21.749	17.2	27.8	73.229	42.988	95.282	101.568	1.862	231.381	1.846	3.812	0.793	0	0.336	0.333	0.347	0.367	0.387	-80.582	-0.1	-0.1	1.814	1.882	2.669	2.045	2.042	21.499	20.747	19.416	18.331	17.324	0.64
2026-03-24	-92.411	31.167	0	18.92	9.32	35.45	19.148	11	27.6	63.809	50.488	86.342	101.689	1.427	215.805	1.165	2.406	0.899	0	0.328	0.328	0.345	0.366	0.386	-100.944	-0.1	-0.1	1.743	1.705	2.629	1.973	2.044	20.453	20.004	19.391	18.64	17.475	0.646
2026-03-25	-92.411	31.167	0.051	20.769	10.84	34.89	20.416	13.1	27.8	77.199	52.088	100	101.624	1.817	237.021	1.813	3.474	0.677	0	0.317	0.321	0.343	0.365	0.386	-126.729	-0.1	-0.1	1.719	1.529	2.597	1.935	2.047	21.155	20.467	19.484	18.733	17.647	0.653
2026-03-26	-92.411	31.167	0.102	20.427	9.76	35.52	20.312	12	27	77.297	55.619	100	101.541	1.815	218.566	2.333	4.337	0.665	0	0.31	0.315	0.349	0.364	0.386	-162.8	-0.1	-0.1	1.687	1.373	2.521	1.932	2.05	21.255	20.649	19.744	18.94	17.777	0.661
2026-03-27	-92.411	31.167	0.119	21.27	10.3	36.38	20.854	13.1	29	77.491	48.278	100	101.69	1.874	209.903	1.585	3.247	0.696	0	0.302	0.308	0.354	0.363	0.386	-207.396	-0.1	-0.1	1.666	1.248	2.433	1.931	2.053	21.404	20.788	19.893	19.12	17.923	0.67
2026-03-28	-92.411	31.167	0	17.106	7.67	29.65	16.04	11.6	21.4	45.538	31.152	62.738	102.527	0.82	255.935	3.608	6.798	1.033	0	0.293	0.301	0.35	0.361	0.386	-263.465	-0.1	-0.1	1.569	1.106	2.344	1.924	2.056	19.873	19.567	19.574	19.193	18.041	0.673
2026-03-29	-92.411	31.167	0	18.7	5.94	34.97	18.036	7.7	27	59.279	41.371	84.823	102.106	1.23	263.39	1.87	3.665	1.009	0	0.285	0.295	0.345	0.36	0.385	-312.768	-0.1	-0.1	1.519	1.028	2.302	1.917	2.061	19.736	19.104	18.81	18.783	18.141	0.68
2026-03-30	-92.411	31.167	0	22.949	15.23	32.93	22.772	19.2	28.4	75.71	54.512	90.761	101.817	2.071	168.707	2.574	4.844	0.737	0	0.28	0.289	0.341	0.357	0.385	-396.46	-0.1	-0.1	1.51	0.978	2.349	1.925	2.062	21.719	20.873	19.618	18.889	18.2	0.684
2026-03-31	-92.411	31.167	0	23.122	13.08	37.09	22.671	15.6	29.3	77.592	51.207	97.078	101.586	2.092	221.445	2.48	4.687	0.743	0	0.275	0.284	0.338	0.354	0.385	-479.244	-0.1	-0.1	1.479	0.934	2.35	1.94	2.066	22.344	21.519	20.173	19.259	18.21	0.687
2026-04-01	-92.411	31.167	0.034	24.074	15.68	36.95	23.457	19	28.8	79.285	57.398	99.16	101.386	2.251	212.011	2.66	5.059	0.689	0	0.271	0.278	0.334	0.351	0.384	-583.4	-0.1	-0.1	1.46	0.898	2.319	1.944	2.066	23.031	22.209	20.768	19.656	18.314	0.697
2026-04-02	-92.411	31.167	0.017	24.126	19.2	36.45	23.623	20.5	28.7	82.815	64.907	93.616	101.215	2.399	160.383	3.158	6.201	0.544	0	0.268	0.274	0.332	0.349	0.384	-692.114	-0.1	-0.1	1.456	0.872	2.288	1.941	2.066	23.315	22.575	21.222	20.045	18.438	0.7
2026-04-03	-92.411	31.167	11.239	24.244	19.71	35.5	23.461	20.8	28.9	88.189	66.275	98.846	101.419	2.529	178.089	2.641	5.086	0.393	0.002	0.267	0.273	0.331	0.348	0.384	-769.924	-0.1	-0.1	1.454	0.841	2.271	1.941	2.073	23.531	22.831	21.508	20.36	18.566	0.714
2026-04-04	-92.411	31.167	15.92	23.357	19.44	32.9	22.651	19.1	28	92.012	69.649	99.253	101.431	2.526	119.05	2.06	3.956	0.252	0	0.29	0.284	0.333	0.347	0.384	-433.199	-0.1	-0.1	1.62	1.076	2.312	1.949	2.069	23.466	22.909	21.829	20.684	18.744	0.74
2026-04-05	-92.411	31.167	0.102	18.264	13.55	27.32	16.914	14.6	19.7	78.077	57.102	100	101.915	1.51	191.423	3.312	6.421	0.423	0	0.358	0.335	0.342	0.348	0.385	-0.489	-0.1	-0.1	2.406	2.601	2.445	1.974	2.07	21.99	21.874	21.62	20.822	18.924	0.737
2026-04-06	-92.411	31.167	0	15.942	6	27.63	15.494	9.8	21.5	57.993	37.155	74.792	101.995	0.996	260.949	2.591	5.101	0.801	0	0.338	0.324	0.341	0.348	0.385	-10.795	-0.1	-0.1	2.277	2.36	2.471	1.98	2.071	19.873	19.983	20.546	20.499	19.075	0.742
2026-04-07	-92.411	31.167	0.034	15.374	3.66	31.03	15.271	5.8	24.5	65.505	38.014	96.146	101.707	1.072	287.583	2.042	3.767	0.804	0	0.323	0.315	0.34	0.349	0.385	-24.76	-0.1	-0.1	2.069	1.997	2.465	1.968	2.072	18.711	18.805	19.55	19.89	19.191	0.736
2026-04-08	-92.411	31.167	0.017	18.656	7.91	32.94	18.378	9.8	26.4	65.8	40.187	95.86	101.7	1.317	278.479	1.982	3.836	0.929	0	0.312	0.305	0.338	0.348	0.385	-41.621	-0.1	-0.1	1.839	1.656	2.446	1.955	2.074	19.733	19.485	19.447	19.539	19.2	0.742
2026-04-09	-92.411	31.167	0	20.644	10.63	33.76	20.353	13	26.9	72.606	52.076	91.133	101.911	1.721	269.573	2.311	4.434	0.747	0	0.3	0.296	0.336	0.348	0.385	-62.646	-0.1	-0.1	1.7	1.299	2.416	1.95	2.074	20.851	20.396	19.862	19.58	19.103	0.738
2026-04-10	-92.411	31.167	0.017	20.827	11.06	34.94	20.564	13.1	27.8	79.1	56	97.007	101.987	1.904	218.061	1.678	3.279	0.601	0	0.293	0.289	0.335	0.347	0.385	-85.669	-0.1	-0.1	1.612	1.06	2.404	1.947	2.076	21.392	20.922	20.276	19.789	19.1	0.747
2026-04-11	-92.411	31.167	0.068	21.532	12.78	33.87	21.283	14.9	27.9	76.678	52.023	99.991	102.022	1.882	251.534	1.749	3.344	0.727	0	0.285	0.284	0.333	0.346	0.384	-115.206	-0.1	-0.1	1.527	0.944	2.388	1.947	2.08	22.312	21.733	20.733	20.011	19.1	0.754
2026-04-12	-92.411	31.167	0.051	21.752	11.58	35.02	21.664	13.6	28.1	78.072	61.125	98.273	101.828	2.012	220.572	2.436	4.689	0.672	0	0.278	0.279	0.331	0.344	0.384	-153.044	-0.1	-0.1	1.378	0.841	2.373	1.942	2.083	22.221	21.722	20.951	20.273	19.182	0.755
2026-04-13	-92.411	31.167	0	24.18	17.3	36.05	23.692	20.1	29.2	76.599	57.023	92.883	101.779	2.219	212.914	2.656	5.191	0.748	0	0.271	0.275	0.328	0.342	0.382	-200.539	-0.1	-0.62	1.363	0.774	2.359	1.937	2.089	23.506	22.795	21.468	20.511	19.244	0.761
2026-04-14	-92.411	31.167	0.102	23.359	15.62	35.83	23.118	17.7	29.4	76.683	53.849	98.859	101.584	2.122	252.246	2.378	4.652	0.773	0	0.266	0.271	0.327	0.339	0.382	-265.947	-0.1	-5.624	1.359	0.726	2.32	1.92	2.095	23.511	22.922	21.819	20.85	19.345	0.763
2026-04-15	-92.411	31.167	0.102	22.649	14.24	32.8	22.837	16.8	28.9	77.042	54.374	98.513	101.393	2.099	213.405	2.371	4.741	0.752	0	0.261	0.268	0.324	0.335	0.381	-345.535	-0.1	-12.643	1.355	0.685	2.27	1.901	2.094	23.173	22.7	21.908	21.06	19.462	0.765
2026-04-16	-92.411	31.167	0.051	23.142	14.91	36.78	23.391	16.6	29.8	77.922	54.859	100	101.375	2.2	206.671	1.946	3.759	0.76	0	0.258	0.265	0.321	0.332	0.38	-424.575	-0.12	-14.561	1.352	0.658	2.239	1.883	2.084	23.39	22.86	21.965	21.153	19.591	0.769
2026-04-17	-92.411	31.167	0.068	23.254	14.16	35.47	22.955	16.1	29.4	74.678	52.205	100	101.206	2.038	265.561	2.291	4.422	0.862	0	0.255	0.263	0.318	0.328	0.381	-510.715	-0.231	-16.58	1.347	0.638	2.208	1.859	2.053	23.648	23.074	22.112	21.303	19.719	0.769
2026-04-18	-92.411	31.167	18.995	21.872	13.99	32.7	21.486	13.5	27.4	86.881	67.26	99.851	101.188	2.222	142.684	1.823	3.785	0.392	0.002	0.255	0.26	0.315	0.326	0.381	-625.418	-0.416	-17.555	1.344	0.661	2.183	1.842	2.035	23.199	22.852	22.252	21.466	19.828	0.767
2026-04-19	-92.411	31.167	5.565	15.716	8.03	25.84	14.312	10.4	20.6	75.95	45.703	98.274	102.179	1.197	268.462	2.778	5.616	0.475	0	0.334	0.277	0.318	0.327	0.382	-42.421	-0.59	-14.139	2.469	2.622	2.248	1.864	2.042	21.028	21.189	21.576	21.372	19.94	0.779
2026-04-20	-92.411	31.167	0.085	15.069	5.25	28.12	15.057	7.1	23.4	71.826	42.632	96.02	102.194	1.174	242.508	1.603	2.992	0.639	0	0.325	0.28	0.32	0.327	0.382	-8.869	-0.652	-12.82	2.409	2.227	2.293	1.881	2.078	19.435	19.702	20.576	20.865	20	0.767
2026-04-21	-92.411	31.167	0.051	16.598	8.19	25.78	16.376	9.8	22.1	82.535	61.013	97.607	102.023	1.531	113.258	1.069	2.065	0.382	0	0.317	0.277	0.321	0.328	0.382	-19.707	-0.618	-11.982	2.248	1.606	2.309	1.884	2.101	19.077	19.175	19.98	20.382	20	0.778
2026-04-22	-92.411	31.167	0.323	21.483	14.84	33.06	20.567	16.6	26.9	81.119	56.408	96.203	101.572	1.94	235.456	1.916	3.679	0.531	0	0.312	0.275	0.322	0.328	0.382	-30.641	-0.534	-11.824	2.104	1.238	2.327	1.889	2.1	21.451	20.924	20.299	20.181	19.99	0.769
2026-04-23	-92.411	31.167	0.068	22.88	14.2	34.24	22.352	15.6	27.8	82.702	64.384	99.174	101.06	2.209	208.336	2.231	4.61	0.555	0	0.306	0.273	0.322	0.328	0.382	-45.445	-0.756	-12.114	1.958	0.994	2.317	1.893	2.078	22.235	21.734	20.972	20.487	19.9	0.774
2026-04-24	-92.411	31.167	0	23.816	16.7	33.15	23.225	18.4	28.3	85.446	71.368	97.034	100.624	2.43	173.832	2.136	4.278	0.464	0	0.301	0.271	0.322	0.327	0.382	-60.538	-1.131	-12.482	1.85	0.869	2.303	1.894	2.062	22.924	22.38	21.531	20.81	19.9	0.779
2026-04-25	-92.411	31.167	2.06	23.151	17.16	31.85	22.285	17	27.9	90.22	79.199	98.517	100.58	2.446	156.801	1.716	3.587	0.295	0.001	0.298	0.27	0.322	0.327	0.382	-72.848	-1.742	-12.448	1.791	0.8	2.291	1.895	2.052	23.145	22.676	21.904	21.141	19.961	0.791
2026-04-26	-92.411	31.167	0.034	25.336	19.99	34.11	24.715	19.7	30.9	85.702	67.384	99.217	100.711	2.654	206.605	1.961	3.92	0.51	0	0.295	0.269	0.322	0.327	0.382	-82.766	-2.848	-12.882	1.759	0.754	2.288	1.895	2.046	24.251	23.583	22.374	21.443	20.047	0.788
2026-04-27	-92.411	31.167	0	26.288	21.8	34.65	26.019	22.6	30.1	81.773	67.142	95.945	100.899	2.737	197.601	2.772	5.697	0.662	0	0.289	0.267	0.32	0.326	0.382	-96.69	-4.93	-14.27	1.691	0.709	2.271	1.89	2.038	24.899	24.245	22.976	21.843	20.163	0.786
2026-04-28	-92.411	31.167	0	26.059	20.76	34.36	25.883	22.3	31	80.261	58.608	95.571	101.114	2.65	203.562	2.936	6.035	0.727	0	0.283	0.266	0.319	0.325	0.382	-111.926	-6.067	-15.547	1.609	0.674	2.252	1.883	2.035	24.871	24.32	23.271	22.18	20.323	0.788
2026-04-29	-92.411	31.167	47.047	25.068	19.99	32.9	24.149	19.5	28.7	87.864	74.668	98.99	100.926	2.646	154.979	2.505	4.941	0.398	0.001	0.295	0.283	0.327	0.33	0.383	-112.95	-6.12	-14.118	1.576	0.912	2.277	1.903	2.045	24.759	24.29	23.478	22.48	20.482	0.784
2026-04-30	-92.411	31.167	20.563	19.214	17.37	20.8	18.542	17.2	20.3	98.129	94.651	100	100.889	2.1	35.032	2.704	4.85	0.038	0.002	0.403	0.396	0.387	0.377	0.391	-0.1	-0.1	-0.1	2.344	2.467	2.635	2.093	2.108	22.513	22.531	22.834	22.532	20.675	NA
2026-05-01	-92.411	31.167	50.504	14.546	11.07	17.62	13.783	10.3	17.4	98.736	95.502	100	101.03	1.57	26.978	3.089	6.279	0.02	0.01	0.406	0.401	0.392	0.38	0.392	-0.1	-0.1	-0.1	2.346	2.504	2.647	2.076	2.097	21.053	21.109	21.54	21.612	20.836	NA
2026-05-02	-92.411	31.167	0.476	16.433	9.33	25.44	15.613	10.5	22	78.176	47.467	99.71	101.473	1.335	316.617	2.313	4.771	0.494	0	0.405	0.4	0.394	0.382	0.393	-0.1	-0.1	-0.1	2.369	2.531	2.632	2.056	2.085	20.909	20.498	20.243	20.324	20.82	0.78
2026-05-03	-92.411	31.167	0.119	18.09	7.14	30.89	17.608	8.6	25.8	71.869	45.398	99.002	101.711	1.391	316.758	1.143	2.435	0.748	0	0.396	0.394	0.392	0.382	0.393	-0.1	-0.1	-0.1	2.44	2.505	2.657	2.039	2.073	20.776	20.688	20.293	20.27	20.641	0.782
2026-05-04	-92.411	31.167	0	19.61	8.34	31.55	18.929	10.2	25.8	72.322	53.16	95.921	101.23	1.559	301.858	2.342	4.549	0.725	0	0.383	0.372	0.382	0.381	0.392	-0.1	-0.1	-0.1	2.387	2.495	2.58	2.026	2.061	21.047	20.756	20.636	20.485	20.508	0.772
2026-05-05	-92.411	31.167	0	22.428	15.68	28.77	22.014	17	25.8	84.476	79.456	89.106	100.721	2.272	107.717	2.599	5.228	0.422	0	0.374	0.359	0.37	0.378	0.392	-0.1	-0.1	-0.1	2.337	2.485	2.561	2.021	2.049	21.646	21.274	20.944	20.672	20.416	0.779
2026-05-06	-92.411	31.167	16.357	23.682	17	30.91	23.041	16.3	26.5	95.346	89.398	100	100.745	2.7	63.56	1.663	3.585	0.135	0.003	0.378	0.365	0.369	0.373	0.391	-0.1	-0.1	-0.1	2.426	2.576	2.62	2.049	2.047	22.959	22.399	21.573	20.919	20.4	NA
2026-05-07	-92.411	31.167	0.017	18.105	14.5	25.51	16.64	13.8	20.6	92.683	79.511	99.512	101.21	1.756	176.118	2.038	4.339	0.154	0	0.408	0.404	0.394	0.382	0.393	-0.1	-0.1	-0.1	2.425	2.745	2.739	2.033	2.031	21.902	21.628	21.498	21.213	20.425	0.789
2026-05-08	-92.411	31.167	45.258	18.856	16.06	22.98	17.877	15.6	20.7	97.006	93.189	100	100.987	1.998	73.835	1.573	3.186	0.061	0.001	0.406	0.405	0.396	0.381	0.393	-0.1	-0.1	-0.1	2.493	2.74	2.736	2.03	2.027	20.962	20.908	21.094	21.034	20.5	NA
2026-05-09	-92.411	31.167	23.513	20.859	18.21	25.38	19.928	17.7	22.4	97.229	89.366	100	100.808	2.266	82.928	1.376	2.77	0.066	0.002	0.408	0.405	0.397	0.382	0.393	-0.1	-0.1	-0.1	2.536	2.803	2.749	2.019	2.024	21.496	21.205	21.035	20.948	20.5	NA
2026-05-10	-92.411	31.167	0.017	24.915	17.99	34.25	23.443	18.7	29.5	88.853	67.086	100	101.17	2.552	261.301	1.136	2.441	0.4	0	0.407	0.404	0.397	0.381	0.394	-0.1	-0.1	-0.1	2.551	2.839	2.77	2.017	2.015	23.386	22.595	21.475	21.028	20.5	0.785
2026-05-11	-92.411	31.167	1.139	22.312	19.4	26.34	21.703	19.8	23.5	92.238	85.195	96.388	101.444	2.398	122.306	1.839	3.963	0.202	0.001	0.403	0.403	0.397	0.38	0.394	-0.1	-0.1	-0.1	2.568	2.774	2.777	2.025	2.012	23.863	23.444	22.552	21.578	20.543	0.78
2026-05-12	-92.411	31.167	0	19.066	16.34	26.29	18.88	17.4	22.2	87.012	79.362	92.401	101.543	1.9	114.432	1.225	2.846	0.286	0	0.401	0.403	0.396	0.379	0.394	-0.1	-0.1	-0.1	2.609	2.699	2.773	2.028	2.013	22.012	22.198	22.416	21.835	20.6	0.766
2026-05-13	-92.411	31.167	0.136	22.554	12.73	33.23	22.042	14.9	29.4	77.982	49.546	99.601	101.386	2.003	315.06	0.866	1.97	0.757	0	0.388	0.379	0.382	0.376	0.393	-0.1	-0.1	-0.1	2.476	2.671	2.629	2.01	2.01	23.969	23.458	22.723	22.01	20.749	0.757
2026-05-14	-92.411	31.167	0.085	24.325	15.41	35.23	23.566	16.5	30.4	76.873	53.878	99.52	101.24	2.177	305.409	1.021	2.239	0.839	0	0.378	0.365	0.369	0.371	0.392	-0.126	-0.1	-0.1	2.563	2.624	2.68	2.018	2.007	24.732	24.125	23.096	22.21	20.852	0.756
2026-05-15	-92.411	31.167	0.051	25.309	17.69	35.29	24.532	19	30.2	80.912	65.307	98.876	101.2	2.471	276.567	1.81	3.683	0.683	0	0.37	0.355	0.366	0.367	0.391	-5.794	-0.1	-0.1	2.52	2.568	2.707	2.004	2.006	25.336	24.762	23.618	22.549	20.956	0.758
2026-05-16	-92.411	31.167	0.034	25.152	18.4	34.49	24.253	19.2	29.4	81.225	61.571	96.701	101.223	2.431	252.812	1.859	3.941	0.653	0	0.363	0.347	0.364	0.362	0.391	-17.494	-0.1	-0.1	2.451	2.387	2.722	2.015	2.009	25.336	24.868	23.907	22.859	21.083	0.761
2026-05-17	-92.411	31.167	1.226	26.354	20.47	34.77	25.664	21.3	30.9	83.914	66.624	97.371	101.089	2.753	206.173	2.541	5.397	0.59	0	0.356	0.342	0.363	0.358	0.39	-21.86	-0.1	-0.1	2.349	2.225	2.716	2.028	2.011	25.596	25.086	24.124	23.12	21.235	0.765
2026-05-18	-92.411	31.167	0.34	27.503	21.25	35.63	26.806	22.4	31	81.202	63.061	97.165	101.29	2.839	238.323	2.388	4.892	0.722	0.003	0.354	0.339	0.362	0.357	0.39	-28.306	-0.1	-0.1	2.292	2.219	2.698	2.006	2.015	26.646	25.921	24.552	23.374	21.375	0.747
2026-05-19	-92.411	31.167	19.774	27.354	19.31	39.3	25.848	18.7	31	85.705	68.178	97.616	101.444	2.849	233.204	2.153	4.65	0.54	0.001	0.358	0.342	0.363	0.356	0.39	-31.934	-0.1	-0.1	2.254	2.286	2.691	2.017	2.019	27.341	26.589	25.078	23.745	21.541	0.695
2026-05-20	-92.411	31.167	2.704	24.064	18.75	34.33	21.98	18.9	26.5	94.954	84.633	100	101.328	2.515	163.04	1.21	2.526	0.15	0.001	0.38	0.375	0.372	0.369	0.392	-0.1	-0.1	-0.1	2.598	2.629	2.755	2.226	2.021	25.986	25.618	25.023	23.998	21.709	0.674
2026-05-21	-92.411	31.167	15.885	24.359	20.28	30.25	22.846	20.6	26.3	96.58	82.754	100	101.053	2.69	130.245	0.996	2.22	0.102	0.001	0.381	0.371	0.37	0.369	0.391	-0.1	-0.1	-0.1	2.674	2.705	2.762	2.211	2.026	26.024	25.623	24.953	24.051	21.873	0.683
2026-05-22	-92.411	31.167	2.212	26.501	19.85	35.91	24.553	20	30.1	88.178	68.518	100	100.832	2.7	288.291	1.497	3.051	0.444	0	0.407	0.401	0.395	0.377	0.393	-0.1	-0.1	-0.1	2.685	2.814	2.896	2.255	2.026	27.349	26.368	24.975	24.061	22.027	0.677
2026-05-23	-92.411	31.167	13.941	23.07	19.52	30.14	22.085	18.4	24.3	94.758	87.119	99.853	101.149	2.523	114.463	1.597	3.414	0.142	0	0.404	0.398	0.394	0.377	0.393	-0.1	-0.1	-0.1	2.735	2.806	2.925	2.247	2.028	26.109	25.922	25.457	24.356	22.164	0.679
2026-05-24	-92.411	31.167	0.034	24.523	18.7	31.82	22.814	19.2	26.8	91.278	78.951	100	101.254	2.529	209.554	0.859	1.857	0.278	0	0.41	0.401	0.398	0.378	0.393	-0.1	-0.1	-0.1	2.735	2.892	2.934	2.229	2.031	26.25	25.615	24.827	24.249	22.304	0.68
2026-05-25	-92.411	31.167	0.051	25.777	19.29	37.44	24.027	20	29.2	90.081	69.542	99.948	101.059	2.682	246.931	0.94	2.043	0.35	0	0.403	0.4	0.395	0.377	0.393	-0.1	-0.1	-0.1	2.737	2.759	2.946	2.222	2.037	27.201	26.47	25.18	24.254	22.4	0.678
2026-05-26	-92.411	31.167	0.119	25.797	19.2	37.61	24.031	19.9	28.7	90.874	75.651	100	100.946	2.713	228.806	1.091	2.377	0.314	0	0.395	0.383	0.386	0.375	0.392	-0.1	-0.1	-0.1	2.699	2.775	2.772	2.202	2.045	27.462	26.828	25.651	24.524	22.492	0.685
2026-05-27	-92.411	31.167	3.86	25.609	22.03	34.92	24.561	21.4	28.4	92.356	79.452	100	100.877	2.845	164.043	1.798	3.71	0.257	0	0.392	0.381	0.38	0.374	0.391	-0.1	-0.1	-0.1	2.706	2.786	2.756	2.209	2.05	27.07	26.613	25.735	24.69	22.58	0.696
2026-05-28	-92.411	31.167	71.657	25.548	21.37	32.32	24.244	22.1	27.5	93.404	80.02	100	100.883	2.826	205.484	1.248	2.646	0.217	0.001	0.406	0.395	0.391	0.376	0.392	-0.1	-0.1	-0.1	2.733	2.894	2.936	2.24	2.056	26.957	26.491	25.636	24.74	22.689	0.685
2026-05-29	-92.411	31.167	5.507	26.498	20.21	37.26	25.242	20.8	30.2	90.703	74.639	100	100.91	2.915	243.697	1.053	2.215	0.348	0	0.41	0.401	0.398	0.377	0.392	-0.1	-0.1	-0.1	2.802	2.99	2.985	2.24	2.059	27.939	27.146	25.919	24.897	22.802	0.714
2026-05-30	-92.411	31.167	0.034	28.68	21.57	37.97	27.059	22	32.6	85.65	66.712	99.877	100.92	3.041	309.448	1.115	2.398	0.601	0	0.409	0.401	0.398	0.376	0.392	-0.1	-0.1	-0.1	2.809	2.951	2.998	2.241	2.065	29.439	28.346	26.539	25.161	22.917	0.713
2026-05-31	-92.411	31.167	0.034	29.202	22.36	39.13	27.53	22.6	32.3	84.724	66.65	98.761	101.037	3.083	301.414	0.975	2.101	0.654	0	0.399	0.391	0.391	0.374	0.392	-0.1	-0.1	-0.1	2.818	2.825	2.923	2.237	2.072	30.141	29.225	27.315	25.642	23.038	0.719
2026-06-01	-92.411	31.167	0.034	29.462	22.79	40.11	27.528	23.2	33.4	84.81	63.148	99.064	101.159	3.096	313.541	1.08	2.368	0.635	0	0.387	0.375	0.379	0.372	0.391	-1.733	-0.1	-0.1	2.738	2.797	2.774	2.226	2.078	30.545	29.651	27.754	26.073	23.197	0.718
2026-06-02	-92.411	31.167	53.178	27.916	21.8	39.16	25.833	21.5	32.4	88.386	66.698	99.241	101.282	2.927	277.136	1.108	2.688	0.467	0.001	0.384	0.369	0.376	0.366	0.39	-9.567	-0.1	-0.1	2.684	2.765	2.827	2.243	2.086	29.896	29.206	27.962	26.35	23.365	0.716
2026-06-03	-92.411	31.167	10.072	26.057	22.04	35.13	24.069	21.4	30	93.41	76.44	100	101.449	2.795	229.734	1.3	2.808	0.234	0.001	0.409	0.401	0.398	0.378	0.392	-0.1	-0.1	-0.1	2.718	2.944	2.961	2.248	2.093	28.68	28.05	27.252	26.369	23.568	0.755
2026-06-04	-92.411	31.167	2.858	25.077	21.42	34.46	23.685	21.7	28.5	95.594	81.693	100	101.42	2.8	161.416	1.315	2.767	0.138	0.001	0.409	0.402	0.398	0.378	0.392	-0.1	-0.1	-0.1	2.77	2.966	2.998	2.242	2.099	27.992	27.555	27.004	26.189	23.731	0.743
2026-06-05	-92.411	31.167	12.379	25.835	18.91	35.53	24.205	19.4	29.8	92.378	78.402	100	101.194	2.809	237.831	1.329	2.809	0.262	0.001	0.409	0.401	0.398	0.377	0.391	-0.1	-0.1	-0.1	2.785	2.972	3.023	2.229	2.102	28.107	27.403	26.533	25.935	23.818	0.736
2026-06-06	-92.411	31.167	9.592	26.69	22.79	35.32	24.932	22.7	29.6	96.759	86.479	100	100.907	3.06	188.637	1.158	2.518	0.108	0	0.408	0.401	0.398	0.377	0.391	-0.1	-0.1	-0.1	2.827	2.994	3.051	2.228	2.107	28.349	27.718	26.821	25.94	23.9	0.744
