2026-01-01	-91.098	30.268	0	11.166	1.41	22.25	11.691	1.6	20.5	71.671	42.751	99.159	101.934	0.968	142.13	1.544	2.754	0.502	0	0.312	0.248	0.379	0.414	0.468	-0.1	-0.1	-0.1	0.894	0.836	1.509	3.219	3.721	13.059	12.973	14.614	16.773	19.396	0.396
2026-01-02	-91.098	30.268	0	17.641	9.57	23.14	18.097	10.8	22.7	85.223	78.181	92.159	101.086	1.822	69.718	3.289	6.024	0.315	0	0.309	0.246	0.379	0.413	0.468	-0.1	-0.1	-0.1	0.908	0.848	1.515	3.225	3.718	14.893	14.456	15.147	16.433	19.141	NA
2026-01-03	-91.098	30.268	0	19.525	12.52	27.13	19.574	12	25.8	85.337	64.773	94.599	101.06	1.974	108.838	3.378	6.047	0.362	0	0.307	0.243	0.379	0.414	0.467	-0.1	-0.1	-0.1	0.923	0.86	1.522	3.233	3.723	17.592	17.125	16.714	16.778	18.914	0.406
2026-01-04	-91.098	30.268	0	14.09	11.6	17.95	13.007	11	15.2	84.168	76.324	90.728	101.866	1.261	60.958	1.682	3.293	0.241	0	0.306	0.242	0.377	0.415	0.467	-0.1	-0.1	-0.1	0.906	0.851	1.512	3.234	3.732	16.551	16.458	17.111	17.322	18.8	NA
2026-01-05	-91.098	30.268	0	15.188	7.31	24.78	14.803	7.1	22	86.328	68.136	100	101.693	1.468	126.574	1.237	2.386	0.284	0	0.303	0.241	0.375	0.415	0.467	-0.1	-0.1	-0.1	0.905	0.851	1.514	3.226	3.738	16.434	16.17	16.826	17.397	18.8	0.415
2026-01-06	-91.098	30.268	0	19.446	14.29	26.96	19.628	15	25.5	89.245	68.365	100	101.481	2.029	110.39	2.035	3.636	0.302	0	0.3	0.239	0.375	0.415	0.467	-0.1	-0.1	-0.1	0.907	0.857	1.515	3.225	3.746	17.389	17.005	17.19	17.473	18.8	0.437
2026-01-07	-91.098	30.268	0	19.856	15.6	26.75	19.805	16.3	24.8	92.958	75.549	100	101.52	2.144	85.097	1.408	2.526	0.188	0	0.298	0.237	0.374	0.415	0.467	-0.1	-0.1	-0.1	0.905	0.861	1.517	3.227	3.752	18.407	18.017	17.907	17.756	18.8	NA
2026-01-08	-91.098	30.268	0	21.617	15.3	28.09	21.721	15.4	27	84.899	56.889	100	101.362	2.173	120.724	3.547	5.999	0.469	0	0.296	0.236	0.374	0.415	0.467	-0.1	-0.1	-0.1	0.899	0.862	1.515	3.222	3.745	19.039	18.655	18.497	18.147	18.8	0.433
2026-01-09	-91.098	30.268	4.936	23.401	20.74	27.85	23.233	20.4	26.5	94.923	86.322	100	101.438	2.708	87.964	3.037	5.387	0.151	0.055	0.32	0.268	0.391	0.424	0.47	-0.1	-0.1	-0.1	1.011	0.924	1.559	3.22	3.722	20.717	20.24	19.71	18.804	18.842	NA
2026-01-10	-91.098	30.268	0.782	19.599	11.58	23.24	19.415	12	23.6	88.77	74.305	100	101.926	2.063	69.086	3.642	6.691	0.23	0.008	0.334	0.273	0.396	0.428	0.47	-0.1	-0.1	-0.1	1.071	0.953	1.604	3.219	3.744	20.986	20.812	20.532	19.554	19.048	NA
2026-01-11	-91.098	30.268	0.068	10.581	5.51	17.92	10.702	6.1	16	61.807	43.997	79.051	102.988	0.783	150.715	3.201	6.061	0.527	0	0.323	0.259	0.39	0.427	0.47	-0.1	-0.1	-0.1	0.996	0.874	1.566	3.212	3.755	17.018	17.371	19.001	19.455	19.235	0.512
2026-01-12	-91.098	30.268	0.034	6.987	1.14	15.63	6.524	1.1	13.3	61.206	38.063	83.2	103.004	0.576	149.085	1.427	2.738	0.422	0	0.319	0.254	0.384	0.422	0.473	-0.1	-0.1	-0.1	0.94	0.848	1.537	3.195	3.71	14.453	14.726	16.954	18.635	19.376	0.504
2026-01-13	-91.098	30.268	0.017	9.135	0.46	19.29	8.342	-0.3	16.4	66.469	31.118	100	102.336	0.684	138.948	0.981	1.848	0.495	0	0.317	0.251	0.381	0.419	0.473	-0.1	-0.1	-0.1	0.919	0.843	1.53	3.2	3.694	13.456	13.457	15.56	17.711	19.366	0.493
2026-01-14	-91.098	30.268	0	12.654	8.25	20.36	12.475	9.1	18.4	75.31	59.043	89.187	101.491	1.086	126.196	2.675	4.752	0.387	0	0.315	0.25	0.381	0.418	0.471	-0.1	-0.1	-0.1	0.923	0.852	1.535	3.211	3.69	14.48	14.296	15.52	17.066	19.215	0.543
2026-01-15	-91.098	30.268	0	7.096	0.02	14	6.882	0.2	11.1	61.568	39.541	82.51	101.985	0.612	163.941	2.231	4.006	0.404	0	0.314	0.248	0.378	0.418	0.471	-0.1	-0.1	-0.1	0.888	0.842	1.531	3.214	3.686	13.386	13.508	15.238	16.805	19.014	0.532
2026-01-16	-91.098	30.268	0	10.258	-0.42	22.56	10.586	-0.6	20.3	76.194	59.244	96.048	101.599	1.027	144.231	2.017	3.677	0.395	0	0.311	0.246	0.376	0.416	0.471	-0.1	-0.1	-0.1	0.872	0.837	1.524	3.21	3.687	12.549	12.412	14.248	16.319	18.824	0.502
2026-01-17	-91.098	30.268	0.799	9.601	5.84	13.84	9.595	6	13.7	72.874	50.083	94.272	102.136	0.891	50.089	3.064	5.648	0.31	0.007	0.311	0.245	0.376	0.416	0.471	-0.1	-0.1	-0.1	0.876	0.841	1.528	3.216	3.691	13.156	13.174	14.54	15.969	18.61	NA
2026-01-18	-91.098	30.268	0	3.214	-3.65	10.73	2.866	-3.1	7.6	57.628	40.957	82.015	102.556	0.425	166.704	2.26	3.972	0.342	0	0.313	0.246	0.375	0.415	0.471	-0.1	-0.1	-0.1	0.852	0.83	1.521	3.217	3.684	10.991	11.229	13.525	15.674	18.403	0.519
2026-01-19	-91.098	30.268	0	5.7	-3.68	18.28	5.522	-3.7	15.1	68.417	38.878	99.958	102.656	0.603	163.488	0.935	1.857	0.394	0	0.311	0.246	0.374	0.414	0.469	-0.1	-0.1	-0.1	0.84	0.831	1.519	3.215	3.701	10.378	10.252	12.447	14.988	18.201	0.486
2026-01-20	-91.098	30.268	0	9.124	-0.39	20.42	8.89	-0.5	17.3	70.714	44.614	98.211	102.903	0.791	153.807	1.471	2.947	0.436	0	0.307	0.244	0.373	0.413	0.467	-0.1	-0.1	-0.1	0.831	0.834	1.522	3.217	3.734	11.114	10.908	12.461	14.504	17.944	0.497
2026-01-21	-91.098	30.268	1.105	14.545	6.9	20.56	15.102	9.5	20.1	78.966	66.644	99.122	102.315	1.377	64.283	2.166	3.964	0.369	0.007	0.303	0.242	0.373	0.413	0.467	-0.1	-0.1	-0.1	0.823	0.842	1.526	3.223	3.744	12.635	12.247	13.082	14.401	17.682	NA
2026-01-22	-91.098	30.268	10.665	16.245	12.57	20.33	15.852	13.2	18.8	97.15	88.91	100	101.938	1.753	54.098	0.881	1.709	0.054	0.036	0.324	0.272	0.39	0.42	0.469	-0.1	-0.1	-0.1	0.92	0.875	1.523	3.237	3.729	14.686	14.218	14.218	14.623	17.316	NA
2026-01-23	-91.098	30.268	0.051	15.413	13.38	18.44	14.897	13.5	17.2	95.984	87.494	100	102.012	1.627	51.441	1.675	3.116	0.067	0	0.323	0.261	0.388	0.42	0.469	-0.1	-0.1	-0.1	0.909	0.841	1.508	3.24	3.723	15.399	15.065	15.164	15.233	17.3	NA
2026-01-24	-91.098	30.268	1.938	11.748	9.8	15.27	11.262	9	15.8	95.161	87.775	100	101.625	1.275	11.162	2.503	4.814	0.065	0.007	0.332	0.278	0.391	0.421	0.467	-0.1	-0.1	-0.1	0.866	0.829	1.468	3.23	3.78	14.148	14.017	14.601	15.105	16.653	NA
2026-01-25	-91.098	30.268	1.955	6.544	0.16	20.98	5.453	-1	21.5	97.325	91.767	100	101.414	1.006	28.619	3.57	6.464	0.021	0.001	0.347	0.297	0.396	0.423	0.468	-0.1	-0.1	-0.1	0.867	0.845	1.445	3.209	3.79	12.658	12.666	13.976	14.998	16.476	NA
2026-01-26	-91.098	30.268	8.159	0.183	-3.96	7.16	-1.314	-4.3	3.5	81.497	65.504	94.414	103.114	0.452	169.296	2.911	5.307	0.111	0	0.336	0.274	0.393	0.423	0.469	-0.1	-0.1	-0.1	0.829	0.796	1.457	3.202	3.767	9.2	9.527	12.288	14.705	16.76	0.566
2026-01-27	-91.098	30.268	0.323	1.676	-7.08	12.99	0.322	-7	9.2	73.607	39.914	100	103.329	0.449	178.976	0.851	1.759	0.219	0	0.329	0.264	0.386	0.419	0.468	-0.1	-0.1	-0.1	0.798	0.761	1.442	3.183	3.774	8.283	8.274	10.871	13.76	16.8	0.52
2026-01-28	-91.098	30.268	0	3.711	-3.97	15.31	3.352	-3.5	11.9	75.508	48.982	100	102.864	0.579	180.436	1.35	2.396	0.249	0	0.326	0.261	0.384	0.416	0.469	-0.1	-0.1	-0.1	0.785	0.758	1.445	3.187	3.748	8.773	8.656	10.605	13.08	16.688	0.507
2026-01-29	-91.098	30.268	0	6.021	-3.62	18.13	5.646	-3.2	15.2	78.605	47.982	100	102.218	0.715	175.559	1.115	2.29	0.279	0	0.323	0.257	0.382	0.415	0.47	-0.1	-0.1	-0.1	0.773	0.758	1.444	3.195	3.723	9.113	8.918	10.572	12.717	16.475	0.457
2026-01-30	-91.098	30.268	0	7.667	1.63	16.74	7.335	2.9	14.2	77.289	58.848	96.455	102.058	0.794	148.684	2.855	5.17	0.256	0	0.32	0.254	0.38	0.414	0.469	-0.1	-0.1	-0.1	0.762	0.76	1.45	3.2	3.716	10.089	9.875	11.051	12.619	16.249	0.543
2026-01-31	-91.098	30.268	0	0.249	-6.33	6.63	-0.495	-5	2.9	58.206	48.537	70.129	102.967	0.346	182.598	3.072	5.781	0.248	0	0.319	0.252	0.378	0.414	0.469	-0.1	-0.1	-0.1	0.731	0.745	1.442	3.198	3.705	8.44	8.715	10.758	12.621	16.053	0.514
2026-02-01	-91.098	30.268	0	0.531	-7.3	11.46	-0.446	-6.9	7.6	60.318	39.414	76.125	103.178	0.356	178.44	1.325	2.392	0.268	0	0.317	0.251	0.376	0.413	0.469	-0.1	-0.1	-0.1	0.718	0.737	1.439	3.193	3.704	7.107	7.143	9.508	12.147	15.9	0.509
2026-02-02	-91.098	30.268	0	6.485	-4.54	18.92	6.499	-4.1	16.2	73.817	53.213	97.711	102.781	0.729	177.666	1.429	2.686	0.339	0	0.313	0.249	0.375	0.412	0.468	-0.1	-0.1	-0.1	0.719	0.743	1.448	3.196	3.707	8.132	7.834	9.395	11.652	15.708	0.411
2026-02-03	-91.098	30.268	3.319	13.233	3.11	24.22	13.69	5.5	20.6	78.858	61.955	96.591	102.25	1.254	130.539	2.15	3.932	0.382	0.008	0.309	0.246	0.374	0.412	0.468	-0.1	-0.1	-0.1	0.721	0.752	1.458	3.204	3.712	10.389	9.86	10.406	11.66	15.486	0.254
2026-02-04	-91.098	30.268	22.016	11.885	3.4	16.03	11.897	5.2	14.7	81.631	59.321	100	102.225	1.167	168.328	3.286	5.737	0.242	0.007	0.325	0.28	0.39	0.418	0.469	-0.1	-0.1	-0.1	0.752	0.732	1.421	3.208	3.715	12.546	12.204	12.103	12.158	14.735	0.36
2026-02-05	-91.098	30.268	0	5.777	-0.3	12.73	5.876	0.6	11.7	72.68	56.705	86.764	102.517	0.673	190.049	2.171	3.677	0.277	0	0.324	0.259	0.384	0.416	0.469	-0.1	-0.1	-0.1	0.713	0.69	1.399	3.207	3.697	10.559	10.554	11.803	12.66	15.097	0.383
2026-02-06	-91.098	30.268	0	12.839	4.48	24.02	14.043	6.6	23.3	71.016	45.092	92.795	101.898	1.109	189.302	2.237	3.927	0.589	0	0.321	0.255	0.381	0.414	0.468	-0.1	-0.1	-0.1	0.71	0.688	1.406	3.194	3.701	11.285	10.844	11.576	12.608	15.2	0.369
2026-02-07	-91.098	30.268	0	12.034	4.71	23.71	12.452	6	20.8	69.672	40.385	94.765	102.28	0.971	193.629	1.356	2.873	0.542	0	0.318	0.25	0.379	0.413	0.467	-0.1	-0.1	-0.1	0.7	0.689	1.413	3.198	3.698	12.481	12.129	12.42	12.846	15.2	0.319
2026-02-08	-91.098	30.268	0	12.895	1.77	24.82	12.933	2.3	22.8	75.437	49.059	100	102.378	1.126	189.822	1.605	2.802	0.504	0	0.316	0.247	0.378	0.413	0.467	-0.1	-0.1	-0.1	0.687	0.685	1.415	3.201	3.703	12.606	12.264	12.714	13.161	15.2	0.302
2026-02-09	-91.098	30.268	0	17.029	10.92	27.68	16.426	11.9	23.8	87.915	61.37	100	102.217	1.633	154.078	1.434	2.658	0.285	0	0.311	0.243	0.377	0.413	0.465	-0.1	-0.1	-0.1	0.682	0.69	1.426	3.203	3.739	14.509	13.943	13.592	13.482	15.236	0.311
2026-02-10	-91.098	30.268	0	17.809	10.61	27.11	17.741	11.2	24.6	85.334	61.222	100	102.071	1.72	150.585	1.889	3.363	0.375	0	0.307	0.241	0.376	0.414	0.463	-0.1	-0.1	-0.1	0.67	0.687	1.431	3.207	3.763	15.383	14.927	14.569	14.082	15.308	0.3
2026-02-11	-91.098	30.268	0	20.576	13.04	29.98	20.131	13.3	26.4	80.994	54.862	100	102.017	1.88	151.111	1.213	2.35	0.537	0	0.302	0.238	0.375	0.414	0.463	-0.1	-0.1	-0.1	0.66	0.687	1.438	3.205	3.754	16.793	16.219	15.494	14.696	15.436	0.324
2026-02-12	-91.098	30.268	0	19.548	13.86	30.38	18.752	14.7	24.3	87.494	69.454	98.664	101.983	1.888	142.86	1.414	2.692	0.304	0	0.298	0.235	0.374	0.415	0.463	-0.115	-0.1	-0.1	0.645	0.684	1.442	3.202	3.754	17.528	17.052	16.367	15.378	15.595	0.352
2026-02-13	-91.098	30.268	0	19.296	15.64	29.48	18.155	15	23.9	89.447	64.315	100	101.944	1.848	126.324	1.411	2.615	0.267	0	0.294	0.232	0.373	0.416	0.464	-0.227	-0.1	-0.1	0.631	0.682	1.443	3.2	3.758	18.057	17.624	17.001	15.984	15.805	0.381
2026-02-14	-91.098	30.268	17.681	19.509	15.19	25.39	19.157	15.6	23.8	87.149	66.061	97.091	101.474	1.925	84.714	2.951	5.191	0.319	0	0.29	0.23	0.372	0.416	0.464	-0.425	-0.1	-0.1	0.617	0.676	1.44	3.197	3.75	17.93	17.584	17.303	16.457	16.048	NA
2026-02-15	-91.098	30.268	21.736	17.417	13.09	22.95	17.205	14.3	21.3	87.389	74.574	100	101.106	1.712	173.668	4.083	7.129	0.263	0.002	0.319	0.256	0.386	0.423	0.468	-0.111	-0.1	-0.1	0.694	0.693	1.382	3.209	3.756	17.887	17.582	17.471	16.766	16.38	0.482
2026-02-16	-91.098	30.268	0	14.575	9.87	21.76	13.833	10.9	17.9	87.202	76.936	92.973	101.858	1.381	113.933	1.75	3.415	0.209	0	0.32	0.242	0.378	0.418	0.468	-0.1	-0.1	-0.1	0.673	0.675	1.382	3.227	3.755	17.087	16.925	17.247	16.846	16.549	0.523
2026-02-17	-91.098	30.268	0	16.598	9.84	22.95	16.492	10.8	21.7	87.159	70.269	97.681	101.813	1.637	106.476	2.066	3.822	0.28	0	0.317	0.239	0.376	0.417	0.466	-0.1	-0.1	-0.1	0.659	0.666	1.385	3.233	3.767	16.83	16.547	16.921	16.859	16.732	0.517
2026-02-18	-91.098	30.268	0	19.544	14.23	26.38	19.986	15.7	24.4	86.407	67.192	99.912	101.232	2.005	152.473	2.706	4.645	0.359	0	0.313	0.237	0.375	0.417	0.467	-0.12	-0.1	-0.1	0.652	0.666	1.386	3.237	3.738	17.876	17.445	17.262	16.893	16.866	0.48
2026-02-19	-91.098	30.268	0	22.868	18.53	28.84	23.142	19.4	27.8	84.82	62.31	95.674	100.819	2.377	175.306	3.463	6.063	0.487	0	0.306	0.233	0.374	0.417	0.468	-0.223	-0.1	-0.1	0.643	0.662	1.383	3.237	3.717	19.32	18.752	18.077	17.176	16.967	0.491
2026-02-20	-91.098	30.268	0	24.161	20.94	31.25	23.884	21.2	28	85.642	65.182	97.31	100.942	2.515	165.358	3.115	5.435	0.471	0	0.298	0.23	0.374	0.417	0.468	-0.433	-0.1	-0.1	0.629	0.657	1.374	3.236	3.721	20.73	20.156	19.115	17.695	17.099	0.499
2026-02-21	-91.098	30.268	0	22.697	13.79	30.67	22.581	14.9	28	83.502	64.523	99.203	101.425	2.319	129.945	3.062	5.622	0.459	0	0.291	0.227	0.373	0.418	0.468	-1.044	-0.1	-0.1	0.611	0.648	1.362	3.233	3.718	21.228	20.818	19.908	18.29	17.273	0.487
2026-02-22	-91.098	30.268	0	11.538	5.84	19.06	11.485	8.1	15.2	46.78	27.747	66.28	102.93	0.628	222.929	5.273	10.03	0.74	0	0.286	0.224	0.37	0.418	0.469	-3.848	-0.1	-0.1	0.575	0.622	1.339	3.224	3.695	17.972	18.22	19.167	18.636	17.5	0.508
2026-02-23	-91.098	30.268	0	7.665	-0.59	17.55	7.838	2.1	13.4	42.953	31.5	60.644	103.117	0.448	227.959	3.057	5.577	0.636	0	0.281	0.222	0.367	0.417	0.47	-6.486	-0.183	-0.1	0.548	0.602	1.319	3.207	3.695	15.223	15.402	17.139	18.158	17.719	0.471
2026-02-24	-91.098	30.268	0	9.039	-2.94	22.08	8.401	-0.8	17.2	58.952	33.751	80.967	102.336	0.646	224.004	2.195	4.042	0.538	0	0.276	0.22	0.365	0.416	0.469	-8.139	-0.307	-0.1	0.529	0.59	1.303	3.196	3.696	14.089	14.07	15.784	17.404	17.8	0.474
2026-02-25	-91.098	30.268	0	16.603	7.59	24.09	17.103	9.6	22.1	78.387	62.063	90.762	101.26	1.536	103.635	3.623	6.384	0.479	0	0.269	0.216	0.363	0.415	0.469	-9.803	-0.411	-0.1	0.522	0.592	1.298	3.196	3.699	15.109	14.772	15.646	16.831	17.779	0.45
2026-02-26	-91.098	30.268	0	20.173	16.11	26.32	20.256	17.3	24.4	86.688	72.287	95.955	101.065	2.056	91.792	2.987	5.243	0.335	0	0.261	0.212	0.363	0.415	0.468	-10.835	-0.521	-0.1	0.517	0.602	1.295	3.206	3.706	17.183	16.711	16.565	16.754	17.667	NA
2026-02-27	-91.098	30.268	4.433	20.704	14.25	30.41	20.79	16.2	26.6	81.892	51.496	100	101.323	1.979	172.38	1.39	2.884	0.519	0.003	0.256	0.208	0.362	0.415	0.468	-11.752	-0.648	-0.1	0.518	0.612	1.292	3.215	3.718	18.705	18.15	17.58	17.095	17.6	0.51
2026-02-28	-91.098	30.268	0	19.586	10.87	30.39	18.921	12.7	25.5	77.446	47.444	100	101.684	1.649	211.128	1.507	2.995	0.599	0	0.253	0.204	0.36	0.415	0.468	-12.916	-0.86	-0.1	0.514	0.614	1.284	3.217	3.712	19.053	18.67	18.303	17.552	17.6	0.498
2026-03-01	-91.098	30.268	0	17.816	8.03	30.24	17.258	9.1	25.2	76.627	52.652	100	101.994	1.482	213.507	2.018	3.739	0.597	0	0.249	0.2	0.357	0.416	0.469	-14.373	-1.279	-0.1	0.498	0.613	1.27	3.215	3.712	18.334	18.085	18.26	17.85	17.665	0.504
2026-03-02	-91.098	30.268	0	18.851	7.57	31.75	17.949	8.8	26.6	80.344	51.096	100	101.985	1.634	217.881	1.848	3.566	0.545	0	0.239	0.195	0.354	0.415	0.469	-15.872	-2.046	-0.1	0.478	0.617	1.259	3.212	3.715	18.333	18.007	18.151	17.914	17.769	0.51
2026-03-03	-91.098	30.268	0	22.906	13.53	34.63	21.608	15.2	28.4	83.36	51.535	100	102.002	2.111	191.671	2.779	4.872	0.554	0	0.226	0.189	0.351	0.415	0.469	-17.514	-3.354	-0.1	0.457	0.628	1.25	3.21	3.721	19.418	18.942	18.604	18.049	17.858	0.515
2026-03-04	-91.098	30.268	9.121	20.524	15.98	27.64	20.342	16.8	24.2	94.426	86.833	100	102.008	2.263	56.297	2.613	4.644	0.137	0.008	0.218	0.184	0.349	0.415	0.469	-18.567	-4.991	-0.1	0.442	0.641	1.244	3.22	3.734	20.119	19.808	19.391	18.402	17.94	NA
2026-03-05	-91.098	30.268	0	22.706	18.92	28.84	22.378	19.4	27.5	89.776	64.419	100	101.8	2.411	171.291	2.902	5.09	0.322	0	0.219	0.181	0.347	0.416	0.469	-19.312	-5.999	-0.1	0.431	0.65	1.244	3.222	3.727	20.431	19.967	19.547	18.71	18.062	0.559
2026-03-06	-91.098	30.268	0	24.378	20.15	31.51	24.097	20.7	29	85.415	65.482	96.967	101.75	2.541	168.812	3.565	5.98	0.492	0	0.218	0.175	0.345	0.416	0.469	-21.102	-7.377	-0.1	0.43	0.664	1.238	3.223	3.718	21.341	20.895	20.233	19.057	18.216	0.512
2026-03-07	-91.098	30.268	2.621	25.297	19.73	34.19	24.726	19.1	29.9	85.308	63.17	98.546	101.648	2.635	178.022	3.491	6.042	0.513	0.005	0.211	0.168	0.341	0.416	0.469	-23.568	-9.524	-0.1	0.428	0.683	1.229	3.221	3.727	22.035	21.567	20.821	19.46	18.361	0.553
2026-03-08	-91.098	30.268	43.698	21.171	18.3	27.05	20.423	17.8	24	93.508	78.219	100	101.744	2.24	121.48	1.679	3.242	0.177	0.004	0.328	0.315	0.388	0.427	0.473	-1.223	-0.496	-0.1	0.633	0.618	1.322	3.218	3.743	21.64	21.351	21.17	20.004	18.661	0.721
2026-03-09	-91.098	30.268	0	23.033	18.29	30.2	22.896	18.8	27.9	90.369	73.766	100	101.785	2.52	163.617	2.56	4.402	0.303	0	0.333	0.303	0.396	0.429	0.475	-0.1	-0.2	-0.1	0.63	0.594	1.313	3.241	3.725	21.929	21.547	21.116	20.05	18.802	0.634
2026-03-10	-91.098	30.268	0	23.685	20.05	29.61	23.728	20.6	28.1	87.597	67.386	100	101.783	2.55	204.359	3.493	5.741	0.416	0	0.32	0.264	0.378	0.427	0.474	-0.352	-0.2	-0.1	0.61	0.59	1.296	3.238	3.733	22.462	22.093	21.536	20.306	18.996	0.631
2026-03-11	-91.098	30.268	9.684	23.084	16.8	28.76	23.102	16.1	27.4	88.901	74.277	99.879	101.476	2.513	146.172	4.106	7.158	0.356	0.002	0.311	0.249	0.37	0.427	0.473	-3.483	-0.1	-0.1	0.591	0.585	1.299	3.159	3.742	22.56	22.249	21.844	20.613	19.185	0.621
2026-03-12	-91.098	30.268	4.273	14.585	7.89	19.33	13.94	8.5	17	76.807	47.929	99.654	102.131	1.225	252.385	3.612	6.901	0.385	0.001	0.338	0.293	0.387	0.43	0.476	-0.114	-0.1	-0.1	0.592	0.597	1.296	3.211	3.713	20.916	20.852	21.402	20.987	19.514	0.695
2026-03-13	-91.098	30.268	0	14.141	5.23	23.98	13.503	5.4	21.4	78.714	56.253	99.922	101.953	1.207	255.684	1.137	2.228	0.432	0	0.325	0.261	0.373	0.429	0.475	-0.548	-0.1	-0.1	0.571	0.57	1.281	3.159	3.719	18.955	18.906	20.028	20.486	19.566	0.649
2026-03-14	-91.098	30.268	0	16.921	7.74	26.07	16.64	8	23.7	81.897	62.821	100	101.632	1.558	240.474	1.917	3.744	0.433	0	0.317	0.248	0.366	0.427	0.474	-3.774	-0.1	-0.1	0.561	0.564	1.284	3.143	3.725	18.954	18.759	19.504	19.97	19.6	0.66
2026-03-15	-91.098	30.268	0	21.46	15.9	27.6	21.709	17.1	26.4	85.268	67.502	96.427	100.9	2.207	204.877	4.401	7.765	0.433	0	0.305	0.237	0.361	0.425	0.473	-8.286	-0.1	-0.1	0.551	0.557	1.279	3.151	3.723	20.061	19.695	19.783	19.752	19.6	0.623
2026-03-16	-91.098	30.268	1.362	10.614	4	21.81	10.395	6	22.4	56.678	35.425	100	101.711	0.774	219.903	5.397	9.889	0.52	0.001	0.296	0.229	0.357	0.424	0.472	-11.369	-0.182	-0.1	0.528	0.542	1.264	3.15	3.733	18.821	18.993	19.848	19.846	19.6	0.752
2026-03-17	-91.098	30.268	0	7.94	0.12	18.3	6.764	1.5	13.6	47.878	32.132	78.242	102.626	0.463	262.762	1.748	3.428	0.554	0	0.29	0.223	0.352	0.423	0.474	-13.502	-0.39	-0.1	0.509	0.523	1.248	3.138	3.684	15.997	16.1	17.981	19.415	19.577	0.719
2026-03-18	-91.098	30.268	0	9.94	2.08	20.86	9.309	2.2	17.3	68.894	40.561	97.633	102.5	0.774	164.669	1.114	2.189	0.466	0	0.284	0.217	0.349	0.421	0.475	-14.772	-0.76	-0.1	0.494	0.512	1.241	3.142	3.676	15.167	15.206	17.017	18.696	19.486	0.707
2026-03-19	-91.098	30.268	0	15.047	3.09	26.93	14.407	3.4	23.2	70.162	44.177	97.309	102.333	1.135	250.476	1.738	3.207	0.638	0	0.276	0.21	0.346	0.419	0.474	-16.141	-1.442	-0.1	0.483	0.511	1.24	3.147	3.668	15.685	15.425	16.609	18.12	19.346	0.686
2026-03-20	-91.098	30.268	0	18.363	8.35	29.3	17.484	8.8	25.1	77.83	56.451	99.996	102.108	1.536	256.494	2.036	3.785	0.561	0	0.267	0.201	0.343	0.418	0.474	-17.739	-2.819	-0.1	0.472	0.517	1.241	3.155	3.666	17.407	17.019	17.309	17.941	19.151	0.678
2026-03-21	-91.098	30.268	0	19.58	9.24	30.57	18.705	10	26	80.326	57.892	99.176	101.807	1.727	261.814	2.889	4.984	0.535	0	0.256	0.192	0.339	0.418	0.473	-19.658	-5.448	-0.1	0.455	0.525	1.234	3.163	3.667	18.418	18.043	18.075	18.156	19.004	0.685
2026-03-22	-91.098	30.268	0	21.856	15.17	31.01	20.894	16.5	26.7	82.801	57.975	99.326	101.642	2.012	254.728	2.956	5.073	0.509	0	0.241	0.182	0.335	0.417	0.473	-21.91	-8.383	-0.1	0.442	0.538	1.226	3.168	3.674	19.721	19.274	18.898	18.467	18.9	0.687
2026-03-23	-91.098	30.268	0	21.306	12.02	30.95	20.366	12	27.2	82.381	55.256	100	101.85	1.945	253.034	1.624	3.138	0.521	0	0.226	0.173	0.331	0.417	0.473	-24.395	-10.797	-0.1	0.43	0.551	1.216	3.168	3.675	20.119	19.759	19.488	18.881	18.9	0.667
2026-03-24	-91.098	30.268	5.438	21.512	12.16	33.5	20.491	12.9	27.9	74.771	50.152	96.459	101.925	1.765	238.353	1.208	2.453	0.747	0	0.212	0.164	0.326	0.417	0.473	-27.443	-12.268	-0.1	0.421	0.563	1.209	3.166	3.673	20.255	19.941	19.798	19.197	18.978	0.683
2026-03-25	-91.098	30.268	0	22.992	13.42	33.89	21.507	13.7	28.4	77.64	49.004	100	101.946	1.942	258.095	1.4	2.878	0.718	0	0.198	0.155	0.318	0.416	0.473	-32.024	-13.936	-0.1	0.416	0.575	1.204	3.169	3.67	20.792	20.418	20.141	19.449	19.058	0.669
2026-03-26	-91.098	30.268	4.421	23.401	16.5	33	21.966	17.1	27.9	80.495	54.62	99.012	101.899	2.085	243.059	2.393	4.184	0.608	0	0.185	0.144	0.307	0.415	0.473	-39.664	-15.791	-0.1	0.413	NA	1.201	3.158	3.667	21.54	21.13	20.658	19.74	19.16	0.684
2026-03-27	-91.098	30.268	0	22.298	13.18	33.57	21.17	13.5	28.4	79.473	53.225	100	101.957	1.959	228.578	1.276	2.436	0.66	0	0.176	0.135	0.295	0.413	0.473	-50.295	-17.709	-0.1	0.407	NA	1.199	3.099	3.673	21.354	21.062	20.893	20.051	19.283	0.651
2026-03-28	-91.098	30.268	1.021	19.735	13.31	28.45	18.535	14.6	23.5	56.875	36.85	86.408	102.584	1.196	265.782	3.104	5.878	0.967	0	0.169	0.128	0.284	0.41	0.474	-66.32	-19.867	-0.1	0.401	NA	1.202	3.001	3.662	21.115	20.907	20.921	20.26	19.433	0.648
2026-03-29	-91.098	30.268	0	19.676	9.15	32.14	18.402	10.3	25	71.964	50.885	90.281	102.419	1.606	191.741	2.227	3.946	0.607	0	0.163	0.123	0.277	0.406	0.474	-85.871	-22.554	-0.1	0.395	NA	1.205	2.81	3.664	19.933	19.791	20.356	20.251	19.556	0.679
2026-03-30	-91.098	30.268	2.142	22.666	19.07	30.23	21.976	19.3	27	87.621	70.035	99.617	102.16	2.303	159.059	2.62	4.686	0.364	0.027	0.16	0.12	0.272	0.401	0.474	-107.178	-25.004	-0.1	0.398	NA	1.216	2.631	3.675	21.164	20.81	20.637	20.21	19.655	0.667
2026-03-31	-91.098	30.268	13.736	24.176	18.92	34.79	23.167	20	29	86.036	63.987	99.695	101.946	2.423	206.141	2.734	4.787	0.444	0.007	0.157	0.117	0.266	0.394	0.473	-130.299	-27.458	-0.1	0.399	NA	1.222	2.476	3.68	21.944	21.556	21.167	20.407	19.725	0.652
2026-04-01	-91.098	30.268	0	23.87	15.99	35	22.808	16.4	29.6	83.753	54.84	99.892	101.782	2.299	226.119	2.609	4.51	0.537	0	0.154	0.115	0.259	0.382	0.473	-166.838	-30.885	-0.1	0.393	NA	1.231	2.338	3.679	22.252	21.889	21.558	20.673	19.819	0.642
2026-04-02	-91.098	30.268	2.519	23.473	19.74	32.41	23.05	20	28.1	89.072	75.949	96.267	101.636	2.509	155.901	3.384	6.017	0.328	0.013	0.151	0.113	0.253	0.366	0.473	-210.175	-35.552	-0.1	0.391	NA	1.239	2.246	3.682	22.499	22.182	21.884	20.935	19.938	0.615
2026-04-03	-91.098	30.268	117.672	23.23	20.62	29.45	23.075	21.4	26.1	91.419	80.785	99.222	101.83	2.581	117.292	2.609	4.647	0.247	0.01	0.15	0.112	0.251	0.356	0.473	-230.181	-39.979	-0.1	0.389	NA	1.24	2.212	3.679	22.573	22.264	22.015	21.14	20.055	0.625
2026-04-04	-91.098	30.268	17.426	23.864	20.96	29.42	23.258	20.6	26	94.087	84.061	100	101.786	2.686	170.7	2.818	4.89	0.173	0.019	0.159	0.165	0.282	0.372	0.474	-150.83	-28.572	-0.1	0.389	0.522	1.278	2.425	3.67	22.858	22.521	22.241	21.348	20.22	0.589
2026-04-05	-91.098	30.268	3.353	19.226	14.57	21.76	18.85	15.4	21.6	89.295	73.667	100	102.001	1.962	85.729	2.769	5.319	0.221	0.008	0.206	0.23	0.33	0.401	0.475	-5.496	-0.407	-0.1	0.403	0.486	1.307	2.951	3.667	22.455	22.348	22.368	21.518	20.326	NA
2026-04-06	-91.098	30.268	0	15.044	8.21	22.26	15.088	9.3	20.3	66.202	45.084	86.468	102.161	1.118	210.753	3.045	5.668	0.621	0	0.224	0.21	0.32	0.394	0.475	-13.662	-1.156	-0.1	0.419	0.474	1.288	2.859	3.654	20.731	20.694	21.446	21.435	20.447	0.595
2026-04-07	-91.098	30.268	0	15.492	5.34	27.38	15.192	6.2	24.3	66.859	38.32	90.42	101.947	1.102	293.136	1.882	3.566	0.742	0	0.23	0.196	0.314	0.385	0.475	-18.576	-5.817	-0.1	0.404	0.458	1.269	2.668	3.653	19.397	19.322	20.39	21.007	20.5	0.622
2026-04-08	-91.098	30.268	0	18.686	9.68	29.93	17.673	9.7	24.5	76.904	56.503	94.977	101.991	1.549	269.416	2.332	4.304	0.574	0	0.229	0.185	0.308	0.376	0.475	-23.269	-11.495	-0.1	0.393	0.449	1.256	2.518	3.651	19.582	19.339	20.049	20.569	20.5	0.585
2026-04-09	-91.098	30.268	0	19.777	12.98	29.73	18.824	13.6	23.6	84.267	67.103	98.471	102.222	1.826	224.35	2.548	4.488	0.391	0	0.226	0.176	0.303	0.369	0.475	-27.785	-15.197	-0.1	0.383	0.446	1.246	2.43	3.654	20.145	19.861	20.231	20.421	20.469	0.559
2026-04-10	-91.098	30.268	0	21.207	13.09	32.75	19.972	13.7	26.4	86.872	70.296	100	102.293	2.031	225.624	2.474	4.332	0.375	0	0.221	0.169	0.299	0.361	0.475	-32.237	-19.114	-0.1	0.377	0.444	1.235	2.389	3.656	20.465	20.14	20.38	20.42	20.4	0.532
2026-04-11	-91.098	30.268	0	22.088	14.04	34.57	20.628	14.1	27.5	81.882	56.03	100	102.345	1.951	246.02	2.072	3.667	0.558	0	0.215	0.162	0.295	0.353	0.475	-37.736	-22.898	-0.1	0.37	0.449	1.227	2.376	3.663	21.174	20.836	20.792	20.496	20.4	0.533
2026-04-12	-91.098	30.268	0	23.345	12.6	35.04	21.919	13.1	27.6	78.4	55.469	98.181	102.217	2.035	256.459	2.944	5.228	0.667	0	0.207	0.155	0.29	0.345	0.475	-44.983	-26.578	-0.1	0.364	0.455	1.216	2.341	3.651	21.532	21.179	21.113	20.679	20.4	0.52
2026-04-13	-91.098	30.268	0	24.885	17.7	36.18	23.41	18.5	28.5	77.669	56.996	96.4	102.186	2.204	247.703	2.91	5.073	0.722	0	0.197	0.149	0.283	0.334	0.475	-55.944	-30.339	-0.1	0.359	0.46	1.208	2.274	3.646	22.367	21.953	21.586	20.889	20.4	0.512
2026-04-14	-91.098	30.268	0	24.8	17.57	35.63	23.339	19	28.5	76.458	56.97	93.687	101.969	2.158	241.775	3.062	5.251	0.754	0	0.188	0.142	0.277	0.325	0.475	-69.468	-34.638	-0.1	0.355	NA	1.201	2.227	3.641	22.731	22.366	22.013	21.171	20.441	0.504
2026-04-15	-91.098	30.268	0	23.304	13.82	35.55	21.968	14.2	27.9	81.122	62.507	100	101.777	2.137	201.355	2.604	4.532	0.582	0	0.18	0.137	0.272	0.316	0.475	-85.412	-38.867	-0.1	0.352	NA	1.195	2.199	3.642	22.544	22.261	22.156	21.415	20.53	0.483
2026-04-16	-91.098	30.268	0	25.719	17.08	38.97	23.748	17.3	30	80.918	54.62	99.874	101.743	2.332	220.185	2.255	4.069	0.677	0	0.172	0.133	0.268	0.308	0.475	-104.72	-42.77	-0.1	0.351	NA	1.195	2.168	3.639	23.223	22.804	22.385	21.577	20.643	0.484
2026-04-17	-91.098	30.268	0	24.854	18.18	35.27	23.589	18.3	28.8	79.067	61.117	99.632	101.58	2.267	178.507	1.954	3.452	0.693	0	0.166	0.128	0.263	0.3	0.475	-128.306	-47.025	-0.1	0.348	NA	1.194	2.131	3.631	23.484	23.18	22.843	21.824	20.744	0.476
2026-04-18	-91.098	30.268	0	25.819	18.42	35.79	24.041	19.2	29.7	79.766	59.353	95.457	101.446	2.361	197.297	2.071	3.731	0.687	0	0.16	0.124	0.258	0.289	0.473	-160.105	-52.68	-0.1	0.345	NA	1.194	2.099	3.651	23.627	23.238	22.908	22.029	20.864	0.463
2026-04-19	-91.098	30.268	8.119	16.227	11.4	24.13	15.191	11.1	21.1	75.888	45.053	99.679	102.308	1.287	221.499	3.623	7.001	0.473	0.111	0.156	0.121	0.255	0.281	0.473	-184.493	-59.12	-0.1	0.349	NA	1.19	2.099	3.67	22.559	22.554	22.869	22.188	20.984	0.514
2026-04-20	-91.098	30.268	0	16.812	6.97	31.78	15.166	7.9	23.1	69.189	38.98	90.757	102.469	1.141	269.968	1.995	3.641	0.668	0	0.156	0.119	0.254	0.278	0.473	-200.8	-65.873	-0.1	0.341	NA	1.178	2.102	3.658	20.489	20.492	21.557	21.927	21.098	0.505
2026-04-21	-91.098	30.268	0	18.74	9.29	31.23	17.701	9.5	24.6	76.551	52.234	95.838	102.317	1.535	148.34	2.086	3.774	0.601	0	0.155	0.118	0.253	0.275	0.473	-215.323	-73.75	-0.1	0.338	NA	1.174	2.108	3.657	19.86	19.781	20.829	21.456	21.157	0.501
2026-04-22	-91.098	30.268	0	23.54	14.57	36.59	21.902	15.4	27.6	73.852	55.595	90.522	101.895	1.922	235.433	2.73	4.861	0.768	0	0.155	0.116	0.252	0.269	0.473	-227.1	-81.037	-0.1	0.341	NA	1.177	2.111	3.644	21.048	20.658	20.901	21.156	21.1	0.468
2026-04-23	-91.098	30.268	0	24.478	15.9	37.11	22.67	16.6	27.7	76.353	55.566	97.98	101.439	2.063	234.108	2.977	5.203	0.742	0	0.153	0.115	0.25	0.263	0.472	-246.825	-87.397	-0.1	0.341	NA	1.18	2.118	3.647	22.07	21.695	21.552	21.249	21.043	0.445
2026-04-24	-91.098	30.268	0	25.781	17.51	36.97	23.78	17.8	29	83.138	65.232	98.961	100.998	2.43	217.019	2.552	4.355	0.575	0	0.151	0.113	0.247	0.256	0.472	-277.152	-94.55	-0.1	0.339	NA	1.184	2.138	3.647	22.87	22.429	22.069	21.479	21	0.46
2026-04-25	-91.098	30.268	23.332	24.693	18.86	31.63	23.373	18.2	28	90.779	79.647	100	100.907	2.612	211.173	2.441	4.349	0.297	0.047	0.247	0.253	0.329	0.367	0.474	-68.138	-23.942	-0.1	0.486	0.581	1.321	2.567	3.622	23.627	23.211	22.772	21.831	21.077	0.456
2026-04-26	-91.098	30.268	0	25.991	22.07	33.26	24.71	22.1	28.7	89.215	74.526	99.912	101.08	2.765	220.52	2.838	4.794	0.372	0	0.28	0.252	0.349	0.383	0.475	-1.866	-0.314	-0.1	0.526	0.515	1.305	2.902	3.611	24.514	24.115	23.412	22.165	21.135	0.474
2026-04-27	-91.098	30.268	0	26.433	21.87	33.57	25.915	22.4	30.8	79.459	54.232	97.951	101.338	2.606	256.441	3.754	6.374	0.783	0	0.272	0.231	0.341	0.373	0.475	-9.264	-0.685	-0.1	0.498	0.504	1.282	2.879	3.604	24.738	24.425	23.895	22.564	21.249	0.447
2026-04-28	-91.098	30.268	0	26.798	21.69	34.12	25.785	22.4	30.2	81.946	65.867	95.497	101.54	2.698	249.068	3.275	5.569	0.656	0	0.263	0.216	0.333	0.359	0.476	-14.137	-3.272	-0.1	0.46	0.492	1.263	2.663	3.599	24.793	24.434	24.034	22.854	21.402	0.476
2026-04-29	-91.098	30.268	0	26.834	20.08	36.18	25.029	20.2	30.8	82.413	60.182	99.955	101.297	2.583	271.651	2.139	3.782	0.64	0	0.255	0.205	0.327	0.344	0.474	-17.822	-9.053	-0.1	0.43	0.484	1.243	2.387	3.609	25.357	24.925	24.34	23.068	21.555	0.476
2026-04-30	-91.098	30.268	59.067	21.766	19.38	28.66	20.893	18.2	24.7	96.669	86.705	100	101.11	2.394	66.85	2.104	3.891	0.082	0.112	0.283	0.244	0.34	0.366	0.475	-13.948	-8.679	-0.1	0.497	0.546	1.283	2.404	3.62	24.503	24.405	24.469	23.396	21.911	NA
2026-05-01	-91.098	30.268	22.401	16.936	12.87	20.15	16.153	12.1	19.7	99.592	98.459	100	101.172	1.849	23.553	3.598	6.574	0.006	0.018	0.346	0.33	0.384	0.426	0.478	-0.142	-0.256	-0.1	0.667	0.621	1.405	2.83	3.606	22.177	22.271	22.968	22.858	21.941	NA
2026-05-02	-91.098	30.268	9.962	17.412	12.3	24.96	16.345	11.6	22	77.927	48.253	100	101.629	1.406	301.499	3.545	6.565	0.501	0	0.351	0.338	0.39	0.428	0.48	-0.1	-0.2	-0.1	0.664	0.608	1.383	2.9	3.565	20.921	20.657	21.497	22.312	21.927	0.516
2026-05-03	-91.098	30.268	0	18.445	8.6	29.07	16.982	8.7	23.9	70.51	44.941	98.203	102.043	1.311	313	1.127	2.345	0.724	0	0.325	0.295	0.379	0.427	0.48	-0.1	-0.2	-0.1	0.586	0.504	1.358	2.833	3.578	21.36	21.134	21.753	22.173	21.9	0.531
2026-05-04	-91.098	30.268	0	19.675	10	28.27	18.669	9.8	24.7	70.748	48.722	99.332	101.617	1.476	313.265	2.019	3.743	0.764	0	0.314	0.277	0.372	0.42	0.48	-0.13	-0.2	-0.1	0.556	0.494	1.348	2.899	3.581	21.68	21.444	21.838	22.015	21.842	0.556
2026-05-05	-91.098	30.268	0	22.574	13.84	30.96	21.859	13.8	27.6	81.891	69.773	95.387	101.168	2.175	226.006	2.783	4.833	0.537	0	0.305	0.266	0.366	0.418	0.479	-0.298	-0.2	-0.1	0.536	0.489	1.342	2.917	3.584	22.068	21.769	22.006	21.974	21.8	0.55
2026-05-06	-91.098	30.268	0	26.12	21.01	32.71	25.46	21.8	29.6	89.414	78.063	97.35	101.108	2.914	142.034	2.898	5.009	0.372	0	0.296	0.257	0.362	0.416	0.478	-0.787	-0.293	-0.1	0.524	0.487	1.341	2.924	3.592	23.271	22.837	22.555	22.065	21.704	0.564
2026-05-07	-91.098	30.268	0.595	22.938	18.11	28.76	21.514	17.3	25.2	92.015	79.802	100	101.334	2.373	167.404	2.458	4.565	0.222	0	0.289	0.25	0.36	0.415	0.478	-2.125	-0.576	-0.1	0.514	0.483	1.339	2.932	3.603	24	23.663	23.248	22.352	21.7	0.596
2026-05-08	-91.098	30.268	22.791	20.161	18.35	25.73	19.328	17.7	22.8	96.423	89.534	100	101.285	2.166	44.686	2.349	4.293	0.08	0.191	0.317	0.291	0.37	0.422	0.48	-2.497	-0.694	-0.1	0.544	0.504	1.358	2.891	3.579	22.657	22.594	22.933	22.492	21.76	NA
2026-05-09	-91.098	30.268	23.959	19.819	18.25	21.58	19.494	17.7	21.8	99.275	95.692	100	101.155	2.254	13.012	2.416	4.513	0.016	0.176	0.359	0.343	0.392	0.429	0.482	-0.106	-0.2	-0.1	0.608	0.519	1.323	2.867	3.561	21.337	21.25	21.928	22.114	21.786	NA
2026-05-10	-91.098	30.268	3.335	24.056	19.25	32.82	22.405	18.8	27.7	93.975	77.638	100	101.471	2.55	239.105	1.914	3.338	0.201	0.024	0.353	0.337	0.397	0.429	0.482	-0.1	-0.2	-0.1	0.62	0.525	1.286	2.882	3.543	22.446	21.908	22.003	22.043	21.794	0.622
2026-05-11	-91.098	30.268	6.188	22.172	19.49	26.87	21.421	19	24.9	97.777	89.214	100	101.65	2.501	74.126	1.302	2.44	0.063	0.007	0.348	0.33	0.398	0.432	0.483	-0.1	-0.117	-0.1	0.595	0.493	1.273	2.816	3.539	23.141	22.917	22.936	22.391	21.803	NA
2026-05-12	-91.098	30.268	6.41	22.911	19.39	30.87	21.359	19.4	26.6	94.298	72.218	100	101.704	2.388	281.471	2.494	5.036	0.175	0.03	0.365	0.352	0.406	0.433	0.483	-0.1	-0.1	-0.1	0.604	0.512	1.256	2.836	3.52	22.441	22.206	22.684	22.552	21.963	0.625
2026-05-13	-91.098	30.268	1.547	23.922	17.18	31.9	23.148	18	28.5	74.08	50.65	94.476	101.614	2.049	282.049	1.735	3.178	0.846	0.026	0.342	0.309	0.398	0.434	0.483	-0.1	-0.1	-0.1	0.598	0.519	1.259	2.807	3.521	24.44	24.094	23.584	22.631	21.9	0.657
2026-05-14	-91.098	30.268	0.017	25.591	16.54	35.77	23.812	16.6	30.7	76.321	51.49	99.372	101.513	2.188	321.432	1.279	2.386	0.877	0	0.347	0.296	0.395	0.432	0.483	-0.1	-0.1	-0.1	0.668	0.582	1.249	2.821	3.527	25.194	24.708	23.992	22.89	21.949	0.618
2026-05-15	-91.098	30.268	0.017	26.195	18.54	36.44	24.424	18.4	30.1	81.296	60.634	100	101.565	2.457	273.957	1.505	2.724	0.677	0	0.34	0.288	0.393	0.428	0.483	-0.1	-0.1	-0.1	0.708	0.582	1.233	2.891	3.529	26.356	25.897	24.877	23.261	22.024	0.585
2026-05-16	-91.098	30.268	0	26.621	20.16	36.08	24.928	20.1	29.6	75.4	57.523	94.908	101.594	2.348	292.314	2.479	4.501	0.847	0	0.333	0.282	0.392	0.427	0.483	-0.1	-0.1	-0.1	0.755	0.596	1.243	2.928	3.522	27.379	26.876	25.629	23.729	22.14	0.582
2026-05-17	-91.098	30.268	0	26.996	20.93	36.88	26.03	21	30.7	82.36	66.909	94.852	101.495	2.771	212.358	3.675	6.259	0.639	0	0.325	0.278	0.39	0.426	0.483	-0.1	-0.1	-0.1	0.793	0.608	1.251	2.947	3.525	27.617	27.22	26.19	24.202	22.295	0.581
2026-05-18	-91.098	30.268	0	28.316	22.16	36.61	27.055	22.6	31.8	80.74	62.73	96.836	101.669	2.857	276.035	3.71	6.139	0.765	0	0.318	0.274	0.388	0.426	0.481	-0.1	-0.1	-0.1	0.821	0.618	1.257	2.949	3.544	28.449	27.902	26.588	24.546	22.471	0.576
2026-05-19	-91.098	30.268	0.051	28.501	23.76	37.6	27.24	24	31.4	84.593	68.539	98.247	101.751	3.039	240.146	2.96	5.355	0.605	0	0.312	0.27	0.386	0.426	0.482	-0.1	-0.1	-0.1	0.842	0.625	1.258	2.94	3.534	29.035	28.542	27.186	24.93	22.663	0.577
2026-05-20	-91.098	30.268	24.875	25.685	22.66	35	24.119	21.9	28.8	94.722	81.498	100	101.61	2.848	161.236	1.678	3.16	0.172	0.003	0.317	0.279	0.391	0.43	0.482	-0.141	-0.1	-0.1	0.874	0.631	1.276	2.898	3.553	28.183	28.042	27.383	25.293	22.863	0.62
2026-05-21	-91.098	30.268	6.838	25.125	21.82	30.88	23.967	21.4	27.1	93.253	81.383	100	101.348	2.772	171.811	1.972	3.499	0.225	0.001	0.34	0.293	0.399	0.434	0.483	-0.1	-0.1	-0.1	0.934	0.641	1.319	2.864	3.551	27.236	26.939	26.655	25.328	23.052	0.662
2026-05-22	-91.098	30.268	20.893	26.566	21.7	34.91	25.219	21.5	30.5	89.03	71.617	100	101.192	2.851	262.222	2.405	4.441	0.393	0	0.34	0.287	0.397	0.434	0.484	-0.1	-0.1	-0.1	0.917	0.652	1.313	2.881	3.535	27.904	27.549	26.823	25.303	23.219	0.614
2026-05-23	-91.098	30.268	23.813	22.116	20.79	24.89	21.519	19.9	23.7	97.993	93.025	100	101.503	2.519	46.298	2.01	3.646	0.05	0.001	0.348	0.295	0.402	0.437	0.485	-0.1	-0.1	-0.1	0.872	0.672	1.338	2.872	3.548	25.96	26.056	26.527	25.404	23.295	NA
2026-05-24	-91.098	30.268	1.819	23.496	20.53	27.32	22.564	20.1	25.1	97.298	90.189	100	101.512	2.668	103.392	1.438	2.568	0.079	0	0.352	0.302	0.404	0.435	0.486	-0.1	-0.1	-0.1	0.822	0.685	1.356	3.039	3.535	25.102	24.866	25.315	25.09	23.431	0.583
2026-05-25	-91.098	30.268	2.195	24.762	21.35	31.62	23.488	21.2	27.1	95.483	84.197	100	101.327	2.764	179.07	1.388	2.595	0.14	0	0.348	0.293	0.401	0.439	0.486	-0.1	-0.1	-0.1	0.802	0.674	1.361	2.846	3.526	25.98	25.634	25.422	24.867	23.561	0.683
2026-05-26	-91.098	30.268	0.612	26.106	19.51	34.36	24.674	19.4	30.7	90.239	70.025	100	101.276	2.795	260.446	1.479	2.891	0.378	0	0.344	0.286	0.398	0.436	0.486	-0.1	-0.1	-0.1	0.799	0.672	1.33	2.874	3.532	26.91	26.467	25.86	24.873	23.599	0.653
2026-05-27	-91.098	30.268	19.974	25.92	23.54	33.27	25.029	22.7	28.7	94.154	80.65	100	101.266	2.986	180.665	2.246	4.056	0.199	0.004	0.341	0.284	0.399	0.435	0.486	-0.1	-0.1	-0.1	0.806	0.686	1.34	2.915	3.529	27.58	27.324	26.63	25.107	23.558	0.778
2026-05-28	-91.098	30.268	0.851	27.247	23.78	33.54	26.211	24	29.6	89.993	73.697	99.541	101.151	3.05	236.578	2.134	3.906	0.37	0.002	0.345	0.286	0.401	0.439	0.486	-0.1	-0.1	-0.1	0.792	0.69	1.334	2.876	3.528	27.974	27.592	26.812	25.334	23.623	0.796
2026-05-29	-91.098	30.268	0.085	27.743	21.53	35.1	26.108	21.5	30.7	85.814	66.681	99.984	101.243	2.878	312.929	1.624	3.058	0.548	0	0.338	0.279	0.396	0.433	0.486	-0.1	-0.1	-0.1	0.787	0.687	1.314	2.955	3.529	29.028	28.541	27.381	25.624	23.721	0.665
2026-05-30	-91.098	30.268	0	28.663	22.58	36.35	27.166	22.6	32.1	83.982	66.067	97.988	101.233	3	320.46	1.328	2.608	0.654	0	0.331	0.274	0.395	0.432	0.486	-0.1	-0.1	-0.1	0.768	0.679	1.303	2.975	3.53	30.118	29.567	28.129	25.989	23.836	0.685
2026-05-31	-91.098	30.268	0	28.746	22.71	36.38	27.383	22.5	33.5	84.93	63.002	99.759	101.34	3.062	294.9	1.111	2.27	0.646	0	0.321	0.27	0.392	0.431	0.486	-0.1	-0.1	-0.1	0.741	0.664	1.283	2.969	3.534	30.779	30.26	28.772	26.403	23.965	0.7
2026-06-01	-91.098	30.268	0.204	27.807	23.12	35.19	26.804	23.1	30.9	89.502	74.971	99.797	101.459	3.147	211.338	1.137	2.203	0.405	0	0.312	0.267	0.391	0.43	0.485	-0.1	-0.1	-0.1	0.716	0.626	1.257	2.949	3.547	30.203	29.901	28.963	26.753	24.143	0.685
2026-06-02	-91.098	30.268	27.795	27.16	21.98	34.92	25.989	21.2	31.4	89.398	70.577	100	101.559	2.992	209.153	1.282	2.572	0.412	0.001	0.309	0.269	0.391	0.431	0.484	-0.156	-0.1	-0.1	0.689	0.591	1.236	2.921	3.572	29.567	29.269	28.647	26.882	24.315	0.725
2026-06-03	-91.098	30.268	1.905	25.806	21.8	32.91	24.603	21.7	29.6	93.278	75.796	100	101.686	2.878	231.035	1.982	3.759	0.245	0	0.34	0.289	0.401	0.435	0.486	-0.1	-0.1	-0.1	0.678	0.57	1.221	2.888	3.557	28.514	28.298	28.127	26.836	24.462	0.743
2026-06-04	-91.098	30.268	0	25.75	21.21	32.15	25.169	22.2	28.3	83.72	69.727	95.688	101.7	2.675	214.923	2.84	5.271	0.543	0	0.335	0.278	0.396	0.431	0.486	-0.1	-0.1	-0.1	0.678	0.571	1.2	2.936	3.546	27.995	27.83	27.756	26.718	24.569	0.715
2026-06-05	-91.098	30.268	0.323	26.071	19.61	33.93	24.872	19.6	29.8	87.879	76.694	96.261	101.484	2.776	253.007	2.488	4.68	0.428	0	0.329	0.274	0.393	0.429	0.486	-0.1	-0.1	-0.1	0.671	0.566	1.197	2.951	3.559	27.704	27.369	27.305	26.549	24.626	0.683
