2026-01-01	-90.969	30.815	0	8.969	-1.33	25.1	10.019	-0.4	19.8	65.845	33.957	99.55	101.146	0.767	128.192	1.045	2.163	0.575	0	0.375	0.326	0.329	0.433	0.449	-0.1	-0.1	-0.1	0.092	0.114	0.084	0.08	0.093	11.102	11.444	14.052	15.999	17.116	0.501
2026-01-02	-90.969	30.815	0	16.473	5.81	26.28	17.032	8.6	22.9	85.275	77.598	96.849	100.307	1.709	71.056	2.384	5.079	0.319	0	0.372	0.324	0.327	0.432	0.449	-0.1	-0.1	-0.1	0.095	0.116	0.086	0.08	0.093	15.006	14.316	14.588	15.742	16.759	NA
2026-01-03	-90.969	30.815	0	18.794	11.36	31.22	18.352	10.9	24.6	85.822	67.441	94.403	100.356	1.849	105.683	2.743	5.478	0.325	0	0.369	0.322	0.325	0.432	0.449	-0.1	-0.1	-0.1	0.099	0.118	0.088	0.081	0.093	17.331	16.587	15.99	16.064	16.659	0.421
2026-01-04	-90.969	30.815	0	12.508	10.11	17.37	10.897	9.4	12.5	88.727	83.823	95.07	101.154	1.158	46.073	1.713	3.425	0.147	0	0.371	0.322	0.323	0.428	0.449	-0.1	-0.1	-0.1	0.096	0.117	0.085	0.076	0.093	14.382	14.879	16.183	16.524	16.861	NA
2026-01-05	-90.969	30.815	0	13.471	4.36	26.98	13.488	6.4	21	88.792	63.852	100	100.97	1.372	105.59	0.923	1.898	0.223	0	0.371	0.322	0.322	0.422	0.449	-0.1	-0.1	-0.1	0.095	0.116	0.084	0.074	0.094	14.765	14.913	15.925	16.529	16.999	0.466
2026-01-06	-90.969	30.815	0	18.718	9.01	30.3	18.874	10.6	25.2	88.459	66.097	100	100.724	1.922	88.318	1.79	3.826	0.316	0	0.369	0.321	0.321	0.41	0.449	-0.1	-0.1	-0.1	0.097	0.118	0.084	0.072	0.094	17.197	16.516	16.266	16.57	17	NA
2026-01-07	-90.969	30.815	0	19.24	12.73	30.83	19.579	15.8	24.6	91.908	70.06	100	100.772	2.084	86.076	1.263	2.523	0.216	0	0.367	0.319	0.32	0.401	0.449	-0.1	-0.1	-0.1	0.099	0.118	0.085	0.074	0.094	18.321	17.774	17.134	16.882	17.08	NA
2026-01-08	-90.969	30.815	0	20.991	13.48	30.22	21.132	16.4	26.1	84.462	57.479	100	100.63	2.082	85.22	2.577	5.174	0.457	0	0.367	0.318	0.319	0.394	0.449	-0.1	-0.1	-0.1	0.097	0.119	0.085	0.075	0.095	19.21	18.395	17.651	17.28	17.309	NA
2026-01-09	-90.969	30.815	110.061	21.028	19.25	25.23	20.825	19.9	22.1	99.005	91.386	100	100.728	2.437	31.48	1.835	5.147	0.021	0.003	0.411	0.403	0.36	0.419	0.45	-0.1	-0.1	-0.1	0.125	0.134	0.141	0.079	0.096	20.193	19.748	18.581	17.832	17.58	NA
2026-01-10	-90.969	30.815	42.66	17.733	8.7	23.32	17.695	10.2	22.8	94.259	82.815	100	101.209	1.973	50.178	3.3	6.655	0.093	0.001	0.419	0.418	0.372	0.426	0.45	-0.1	-0.1	-0.1	0.127	0.135	0.151	0.078	0.096	19.245	19.468	19.078	18.239	17.915	NA
2026-01-11	-90.969	30.815	0	8.389	1.13	19.48	9.04	3.8	15.2	64.627	40.545	86.709	102.24	0.725	133.247	2.624	4.941	0.455	0	0.395	0.347	0.375	0.427	0.45	-0.1	-0.1	-0.1	0.11	0.131	0.146	0.078	0.096	13.505	14.889	17.766	18.291	18.178	0.575
2026-01-12	-90.969	30.815	0	4.776	-2.46	20.44	4.549	-1.1	11.7	66.812	35.499	91.025	102.243	0.539	127.157	1.279	2.532	0.338	0	0.386	0.332	0.353	0.428	0.45	-0.1	-0.1	-0.1	0.097	0.124	0.109	0.079	0.096	10.497	12.195	15.953	17.583	18.028	0.573
2026-01-13	-90.969	30.815	0.068	8.845	-2.27	22.75	7.673	-1	16.2	65.589	31.054	100	101.551	0.632	139.071	0.765	1.607	0.505	0	0.383	0.33	0.34	0.429	0.45	-0.1	-0.1	-0.1	0.095	0.121	0.101	0.079	0.096	11.224	11.855	14.754	16.712	17.582	0.57
2026-01-14	-90.969	30.815	1.31	11.592	4.17	22.1	11.069	8	16.5	77.995	61.825	94.414	100.732	1.025	110.061	2.134	4.241	0.312	0.002	0.382	0.33	0.341	0.43	0.45	-0.1	-0.1	-0.1	0.098	0.124	0.102	0.08	0.096	13.343	13.621	14.954	16.23	17.13	0.544
2026-01-15	-90.969	30.815	0	5.443	-2.55	18.25	5.473	-1.4	10.5	60.13	32.114	90.695	101.21	0.529	146.24	1.836	3.704	0.4	0	0.381	0.329	0.334	0.431	0.451	-0.1	-0.1	-0.1	0.095	0.119	0.097	0.081	0.095	10.517	11.765	14.679	16.092	16.894	0.572
2026-01-16	-90.969	30.815	0.017	8.692	-3.27	23.72	9.234	-2.2	19	78.188	57.022	99.858	100.824	0.946	120.741	1.567	3.125	0.375	0	0.38	0.329	0.331	0.431	0.451	-0.1	-0.1	-0.1	0.092	0.116	0.092	0.082	0.096	10.909	11.291	13.735	15.617	16.632	0.547
2026-01-17	-90.969	30.815	2.535	8.046	1.31	12.5	8.231	4	13.4	73.167	53.645	98.949	101.424	0.821	43.517	2.407	4.618	0.279	0.001	0.382	0.33	0.334	0.432	0.452	-0.1	-0.1	-0.1	0.095	0.122	0.095	0.082	0.097	11.096	12.008	14.024	15.338	16.311	NA
2026-01-18	-90.969	30.815	0	1.37	-6.73	13.78	1.306	-4.2	6.8	58.684	35.435	88.686	101.746	0.378	149.782	1.564	3.046	0.312	0	0.382	0.33	0.331	0.432	0.452	-0.1	-0.1	-0.1	0.091	0.113	0.09	0.083	0.095	7.654	9.292	13.089	15.093	16.117	0.544
2026-01-19	-90.969	30.815	0.017	4.259	-5.39	22.32	4.181	-4.4	15.3	70.189	32.427	100	101.885	0.534	148.223	0.757	1.656	0.389	0	0.381	0.329	0.329	0.432	0.452	-0.1	-0.1	-0.1	0.09	0.112	0.085	0.083	0.095	8.026	8.922	12.162	14.485	15.747	0.494
2026-01-20	-90.969	30.815	0	7.452	-2.55	24.42	7.32	-1.3	17	69.696	35.892	100	102.155	0.668	144.57	1.001	2.285	0.454	0	0.379	0.328	0.328	0.431	0.453	-0.1	-0.1	-0.1	0.092	0.112	0.084	0.082	0.095	9.405	9.774	12.084	14.059	15.349	0.485
2026-01-21	-90.969	30.815	5.834	12.145	2.2	20.43	12.392	4.8	17.7	84.691	70.297	100	101.597	1.249	50.075	1.525	3.157	0.224	0.003	0.381	0.329	0.329	0.431	0.453	-0.1	-0.1	-0.1	0.097	0.118	0.088	0.082	0.096	11.787	11.65	12.581	13.952	15.098	NA
2026-01-22	-90.969	30.815	3.061	15.713	12.66	20.52	15.009	13.3	17	99.217	95.111	100	101.231	1.697	52.399	1.136	2.059	0.013	0	0.389	0.335	0.39	0.434	0.454	-0.1	-0.1	-0.1	0.111	0.13	0.131	0.082	0.097	14.628	14.067	13.658	14.184	15.029	NA
2026-01-23	-90.969	30.815	0	15.533	11.59	25.16	14.13	11.8	18.1	91.613	75.5	100	101.324	1.476	106.155	2.662	4.848	0.147	0	0.382	0.331	0.372	0.433	0.453	-0.1	-0.1	-0.1	0.109	0.125	0.112	0.083	0.096	15.346	14.945	14.645	14.702	15.199	0.45
2026-01-24	-90.969	30.815	29.183	9.146	7.61	11.72	8.182	6.3	11.7	92.816	79.902	100	100.935	1.01	18.56	2.596	4.822	0.08	0.002	0.403	0.369	0.368	0.433	0.453	-0.1	-0.1	-0.1	0.111	0.124	0.117	0.083	0.097	11.838	12.674	14.496	15.053	15.44	NA
2026-01-25	-90.969	30.815	14.661	4.35	-1.3	12.05	2.453	-2.9	11.7	99.143	96.026	100	100.675	0.765	30.113	2.785	5.487	0.004	0.001	0.434	0.427	0.399	0.435	0.454	-0.1	-0.1	-0.1	0.114	0.125	0.135	0.076	0.098	9.724	10.718	13.477	14.842	15.485	NA
2026-01-26	-90.969	30.815	0	-1.407	-7.14	8.78	-3.312	-6.2	1.4	82.416	63.344	96.802	102.343	0.392	145.269	2.875	5.443	0.093	0	0.412	0.38	0.402	0.437	0.454	-0.1	-0.1	-0.1	0.112	0.121	0.134	0.073	0.096	5.046	7.009	11.608	14.143	15.241	0.468
2026-01-27	-90.969	30.815	0	0.658	-10.05	17.08	-0.639	-8.9	9	71.127	35.107	100	102.512	0.394	158.648	0.782	1.682	0.243	0	0.396	0.34	0.4	0.438	0.455	-0.1	-0.1	-0.1	0.102	0.116	0.122	0.072	0.094	5.585	6.642	10.415	13.192	14.701	0.421
2026-01-28	-90.969	30.815	0	3.095	-6.3	20.43	2.632	-4.1	12	72.911	37.883	97.863	102.078	0.51	165.251	1.132	2.34	0.286	0	0.392	0.337	0.372	0.438	0.455	-0.1	-0.1	-0.1	0.101	0.115	0.105	0.072	0.094	6.941	7.581	10.324	12.592	14.14	0.415
2026-01-29	-90.969	30.815	0	3.684	-6.3	21.65	4.017	-4.9	14.8	71.135	33.654	100	101.451	0.547	145.251	1.004	2.152	0.352	0	0.39	0.336	0.354	0.438	0.455	-0.1	-0.1	-0.1	0.098	0.114	0.101	0.073	0.094	6.927	7.694	10.277	12.33	13.779	0.405
2026-01-30	-90.969	30.815	0	6.414	-1.86	20.59	5.864	0.2	13.9	74.281	51.132	99.88	101.321	0.689	131.143	2.49	4.745	0.271	0	0.387	0.334	0.347	0.438	0.455	-0.1	-0.1	-0.1	0.099	0.114	0.098	0.074	0.094	8.372	8.718	10.535	12.18	13.528	0.4
2026-01-31	-90.969	30.815	0	-1.032	-8.04	8.17	-2.086	-5.6	0.4	55.047	41.72	70.992	102.188	0.29	179.192	3.073	5.9	0.236	0	0.388	0.334	0.34	0.438	0.455	-0.1	-0.1	-0.1	0.096	0.109	0.091	0.074	0.093	4.785	6.425	10.215	12.172	13.387	0.396
2026-02-02	-90.969	30.815	0	4.969	-6.71	24.89	4.94	-5.4	16.1	72.24	43.063	99.629	101.966	0.617	168.257	1.033	2.206	0.373	0	0.385	0.331	0.336	0.438	0.456	-0.1	-0.1	-0.1	0.092	0.108	0.084	0.075	0.093	6.881	6.998	9.123	11.271	12.78	0.357
2026-02-03	-90.969	30.815	1.054	10.901	-0.43	24.37	11.195	1.5	18.7	83.486	59.306	98.922	101.478	1.142	88.572	1.673	3.338	0.293	0.001	0.383	0.33	0.335	0.438	0.456	-0.1	-0.1	-0.1	0.095	0.112	0.086	0.076	0.093	9.905	9.342	9.924	11.269	12.572	NA
2026-02-04	-90.969	30.815	8.937	10.619	-0.09	18.7	10.57	3.5	14.2	77.236	46.976	100	101.517	1.015	172.721	2.98	5.651	0.283	0.001	0.401	0.374	0.373	0.439	0.457	-0.1	-0.1	-0.1	0.135	0.128	0.135	0.077	0.094	11.646	11.275	11.299	11.706	12.603	0.378
2026-02-05	-90.969	30.815	0	4.299	-4.08	17.71	4.412	-1.8	11.5	70.225	46.24	94.787	101.714	0.573	178.099	1.677	3.296	0.298	0	0.393	0.337	0.374	0.439	0.456	-0.1	-0.1	-0.1	0.131	0.119	0.129	0.079	0.093	8.349	8.994	11.086	12.081	12.845	0.361
2026-02-06	-90.969	30.815	0	11.033	-1.08	29.64	12.373	1.8	23.3	70.008	34.815	99.723	101.093	0.943	178.935	1.523	3.151	0.634	0	0.387	0.334	0.358	0.438	0.456	-0.1	-0.1	-0.1	0.124	0.118	0.106	0.08	0.093	10.686	10.096	10.939	12.011	12.9	0.339
2026-02-07	-90.969	30.815	0	10.556	0.61	27.32	11.878	4.9	19.8	62.45	32.944	93.659	101.569	0.825	182.06	1.801	3.558	0.629	0	0.384	0.332	0.344	0.438	0.456	-0.1	-0.1	-0.1	0.121	0.117	0.101	0.081	0.093	11.262	10.952	11.604	12.184	12.91	0.34
2026-02-08	-90.969	30.815	0	11.144	-1.57	29.61	11.895	0.5	22.5	65.332	35.43	94.139	101.635	0.871	178.844	1.067	2.204	0.672	0	0.383	0.33	0.338	0.438	0.456	-0.1	-0.1	-0.1	0.118	0.117	0.096	0.082	0.094	11.389	10.975	11.751	12.399	13.049	0.333
2026-02-09	-90.969	30.815	0	15.942	6.47	29.99	15.767	10.6	22.2	87.451	63.58	100	101.462	1.563	125.186	1.206	2.5	0.267	0	0.381	0.329	0.336	0.438	0.456	-0.1	-0.1	-0.1	0.119	0.119	0.096	0.083	0.094	14.221	13.38	12.623	12.67	13.158	0.307
2026-02-10	-90.969	30.815	0.034	17.722	7.19	31.59	17.578	10.8	24.2	83.505	55.672	100	101.319	1.649	131.342	1.673	3.377	0.415	0	0.379	0.328	0.335	0.437	0.455	-0.1	-0.1	-0.1	0.119	0.122	0.096	0.084	0.094	15.565	14.535	13.541	13.197	13.435	0.317
2026-02-11	-90.969	30.815	0	19.975	10.11	36.76	19.409	12.8	26.3	81.612	54.04	100	101.286	1.808	151.673	1.364	2.778	0.507	0	0.377	0.327	0.333	0.436	0.455	-0.1	-0.1	-0.1	0.12	0.122	0.096	0.085	0.094	17.335	16.012	14.524	13.783	13.793	0.294
2026-02-12	-90.969	30.815	0	18.77	11.26	34.88	17.501	14.4	22.9	88.507	65.799	98.829	101.264	1.757	131.073	1.12	2.264	0.27	0	0.376	0.326	0.331	0.435	0.454	-0.1	-0.1	-0.1	0.12	0.122	0.096	0.086	0.095	17.383	16.636	15.372	14.421	14.214	0.297
2026-02-13	-90.969	30.815	0.034	18.608	10.49	35.64	17.561	13.4	24.2	88.294	51.442	100	101.198	1.742	131.211	1.007	2.075	0.302	0	0.376	0.326	0.33	0.434	0.454	-0.1	-0.1	-0.1	0.119	0.124	0.096	0.087	0.096	17.304	16.681	15.776	14.938	14.646	0.304
2026-02-14	-90.969	30.815	20.57	18.376	10.48	26.77	17.808	13.4	22	89.595	72.702	100	100.733	1.817	86.851	2.364	4.826	0.246	0.001	0.378	0.327	0.329	0.433	0.453	-0.1	-0.1	-0.1	0.12	0.123	0.095	0.087	0.096	17.304	16.812	16.063	15.31	15.007	NA
2026-02-15	-90.969	30.815	6.039	16.464	10.91	23.94	16.266	13.2	19.9	88.569	74.406	100	100.323	1.633	116.931	3.042	6.052	0.23	0	0.407	0.392	0.373	0.436	0.454	-0.1	-0.1	-0.1	0.136	0.136	0.139	0.076	0.097	17.102	16.732	16.314	15.669	15.31	0.383
2026-02-16	-90.969	30.815	0	13.692	5.53	29.21	12.497	8.3	17.7	88.628	71.383	97.193	101.116	1.283	107.895	1.551	3.258	0.182	0	0.392	0.336	0.37	0.436	0.454	-0.1	-0.1	-0.1	0.127	0.133	0.129	0.079	0.097	15.153	15.504	16.011	15.759	15.541	0.346
2026-02-17	-90.969	30.815	0	15.377	6.26	24.55	14.787	8.8	19.8	90.541	73.937	100	101.074	1.525	82.907	1.445	2.884	0.195	0	0.388	0.334	0.353	0.436	0.453	-0.1	-0.1	-0.1	0.121	0.132	0.11	0.081	0.097	15.409	15.338	15.613	15.68	15.6	NA
2026-02-18	-90.969	30.815	0	19.073	11.5	28.44	19.099	14.6	24	86.382	66.827	100	100.476	1.892	100.848	1.907	3.849	0.355	0	0.383	0.332	0.347	0.436	0.453	-0.1	-0.1	-0.1	0.121	0.132	0.108	0.083	0.097	17.409	16.715	15.963	15.674	15.668	0.337
2026-02-19	-90.969	30.815	0	23.004	18.11	33.2	22.834	18.8	28	80.885	50.001	97.379	100.058	2.202	154.99	2.962	6.024	0.614	0	0.379	0.331	0.341	0.435	0.453	-0.1	-0.1	-0.1	0.123	0.133	0.107	0.084	0.097	19.846	18.45	16.817	16.002	15.806	0.331
2026-02-20	-90.969	30.815	0.051	23.649	18.42	36.93	23.359	20.6	28.1	83.596	60.903	99.96	100.2	2.366	141.647	1.873	3.664	0.529	0	0.378	0.33	0.335	0.435	0.453	-0.1	-0.1	-0.1	0.126	0.135	0.104	0.085	0.098	20.957	19.741	17.81	16.547	16.117	0.349
2026-02-21	-90.969	30.815	0	21.529	10.52	35.82	21.163	12.7	26.8	83.518	65.522	100	100.713	2.146	126.29	2.767	5.362	0.414	0	0.377	0.329	0.331	0.434	0.452	-0.1	-0.1	-0.1	0.125	0.134	0.102	0.086	0.099	20.564	19.878	18.461	17.118	16.517	0.36
2026-02-22	-90.969	30.815	0	9.377	-1.01	21.5	9.574	2.9	14.6	45.987	26.335	67.475	102.19	0.538	217.209	3.836	7.222	0.674	0	0.38	0.33	0.329	0.43	0.452	-0.1	-0.1	-0.1	0.118	0.125	0.096	0.087	0.099	14.264	15.291	17.596	17.378	16.854	0.457
2026-02-23	-90.969	30.815	0	5.928	-3.5	21.6	5.965	-1.2	12.8	45.755	27.639	74.857	102.325	0.407	222.45	2.283	4.371	0.558	0	0.382	0.33	0.328	0.411	0.452	-0.1	-0.1	-0.1	0.114	0.121	0.092	0.081	0.099	11.594	12.585	15.677	16.759	16.833	0.465
2026-02-24	-90.969	30.815	0	7.64	-4.96	26.3	6.566	-3.8	16.2	61.216	30.193	97.268	101.519	0.556	213.083	1.637	3.422	0.521	0	0.382	0.328	0.327	0.407	0.452	-0.1	-0.1	-0.1	0.11	0.119	0.089	0.077	0.099	11.165	11.765	14.432	15.93	16.455	0.439
2026-02-25	-90.969	30.815	0	14.923	4.05	23.51	15.494	6.6	21	78.481	64.043	94.742	100.49	1.404	83.809	2.42	5.141	0.441	0	0.379	0.326	0.326	0.406	0.452	-0.1	-0.1	-0.1	0.111	0.12	0.091	0.077	0.099	14.014	13.657	14.394	15.393	16.03	NA
2026-02-26	-90.969	30.815	1.48	19.552	14.79	27.98	19.735	16.9	23.8	88.941	74.384	99.833	100.321	2.043	89.727	1.624	3.252	0.273	0.003	0.377	0.326	0.325	0.406	0.452	-0.1	-0.1	-0.1	0.119	0.125	0.094	0.078	0.099	17.424	16.452	15.414	15.423	15.807	NA
2026-02-27	-90.969	30.815	0.868	19.619	8.1	36.05	19.784	11.8	26	78.065	44.396	100	100.614	1.764	186.722	1.466	2.891	0.602	0.001	0.376	0.325	0.325	0.406	0.452	-0.1	-0.1	-0.1	0.122	0.127	0.095	0.079	0.1	18.746	17.805	16.581	15.91	15.94	0.412
2026-02-28	-90.969	30.815	0	17.379	6.79	33.43	16.368	9.4	24.8	78.384	37.698	100	100.964	1.394	200.626	1.096	2.448	0.56	0	0.375	0.324	0.323	0.405	0.452	-0.1	-0.1	-0.1	0.12	0.124	0.093	0.079	0.1	17.694	17.143	16.899	16.383	16.223	0.424
2026-03-01	-90.969	30.815	0	16.405	5.57	33.68	16.176	7	25	73.838	41.832	99.842	101.262	1.307	208.74	1.363	2.919	0.661	0	0.375	0.323	0.322	0.396	0.452	-0.1	-0.1	-0.1	0.125	0.121	0.092	0.078	0.1	16.973	16.608	16.829	16.569	16.445	0.445
2026-03-02	-90.969	30.815	0.017	18.03	6.37	33.87	16.898	8.2	25.2	81.673	53.912	100	101.262	1.552	212.731	1.466	3.2	0.483	0	0.373	0.322	0.32	0.39	0.452	-0.1	-0.1	-0.1	0.125	0.121	0.091	0.077	0.1	17.859	17.133	16.911	16.648	16.56	0.456
2026-03-03	-90.969	30.815	0	21.593	9.82	35.82	20.585	13.2	27.1	83.478	53.676	100	101.286	1.989	173.279	2.091	4.301	0.502	0	0.371	0.32	0.319	0.385	0.451	-0.1	-0.1	-0.1	0.125	0.121	0.091	0.077	0.1	19.671	18.581	17.505	16.854	16.671	0.421
2026-03-04	-90.969	30.815	3.539	20.244	13.9	27.62	20.174	15.9	23.7	95.998	82.54	100	101.29	2.274	63.548	1.949	3.81	0.098	0.003	0.372	0.321	0.319	0.379	0.451	-0.1	-0.1	-0.1	0.132	0.127	0.092	0.076	0.102	19.936	19.518	18.294	17.272	16.904	NA
2026-03-05	-90.969	30.815	0.034	22.705	17.18	34.52	21.866	18.6	27.2	88.498	64.426	100	101.085	2.293	152.755	1.931	3.928	0.362	0	0.372	0.322	0.319	0.379	0.451	-0.1	-0.1	-0.1	0.13	0.125	0.094	0.078	0.102	20.9	19.959	18.605	17.64	17.196	0.464
2026-03-06	-90.969	30.815	0.391	24.25	19.73	35.94	23.292	20.5	29.1	87.118	58.491	98.445	101.023	2.457	149.443	2.524	5.067	0.436	0	0.37	0.32	0.319	0.378	0.451	-0.1	-0.1	-0.1	0.128	0.123	0.094	0.078	0.102	22.078	21.002	19.284	18.027	17.473	0.473
2026-03-07	-90.969	30.815	55.649	23.34	19.39	33.99	22.52	18.9	28	94.61	73.541	100	100.93	2.577	119.494	2.243	4.533	0.172	0.001	0.378	0.334	0.325	0.382	0.45	-0.1	-0.1	-0.1	0.131	0.13	0.102	0.08	0.103	22.328	21.535	19.972	18.579	17.808	0.519
2026-03-08	-90.969	30.815	39.356	20.867	17.79	28.21	19.592	18	23.4	97.388	84.536	100	100.995	2.222	105.627	1.249	2.59	0.067	0.001	0.424	0.418	0.371	0.425	0.452	-0.1	-0.1	-0.1	0.139	0.134	0.141	0.079	0.104	21.172	20.987	20.21	19.098	18.201	0.589
2026-03-09	-90.969	30.815	32.281	21.077	15.11	31.89	20.389	16	26.8	96.894	78.017	100	101.047	2.334	107.903	1.4	2.862	0.092	0	0.409	0.4	0.373	0.427	0.451	-0.1	-0.1	-0.1	0.147	0.139	0.142	0.078	0.104	21.365	20.981	20.114	19.086	18.414	0.525
2026-03-10	-90.969	30.815	0.051	22.638	16.47	31.76	22.849	18.3	27.7	86.536	61.733	100	101.04	2.378	153.219	1.864	3.647	0.446	0	0.409	0.398	0.374	0.428	0.451	-0.1	-0.1	-0.1	0.149	0.143	0.143	0.078	0.105	22.07	21.407	20.302	19.227	18.582	0.573
2026-03-11	-90.969	30.815	30.63	23.408	16.87	34.29	22.499	15.9	28	89.031	64.846	100	100.735	2.411	162.306	2.895	5.939	0.366	0.001	0.393	0.35	0.373	0.428	0.451	-0.1	-0.1	-0.1	0.146	0.143	0.139	0.08	0.105	22.615	21.778	20.673	19.478	18.783	0.605
2026-03-12	-90.969	30.815	4.544	14.079	4.18	23.42	12.477	6	16.4	74.872	42.514	100	101.409	1.082	252.633	3.589	7.183	0.39	0	0.412	0.397	0.386	0.43	0.451	-0.1	-0.1	-0.1	0.146	0.14	0.139	0.08	0.106	18.897	18.851	20.145	19.647	18.98	0.651
2026-03-13	-90.969	30.815	0	13.526	2.02	30.65	12.088	2.8	22.4	74.988	43.336	100	101.189	1.026	254.276	0.992	2.144	0.517	0	0.39	0.336	0.368	0.43	0.45	-0.1	-0.1	-0.1	0.134	0.139	0.123	0.08	0.105	16.876	17.086	18.628	19.114	18.944	0.656
2026-03-14	-90.969	30.815	0.034	16.564	4.6	32.31	15.248	5.9	23.8	80.539	54.472	100	100.891	1.392	248.233	1.376	2.918	0.467	0	0.383	0.332	0.34	0.43	0.45	-0.1	-0.1	-0.1	0.127	0.136	0.11	0.08	0.106	17.999	17.707	18.264	18.596	18.651	0.646
2026-03-15	-90.969	30.815	0	22.038	14.04	32.94	21.17	15.5	26.9	82.457	57.401	100	100.136	2.036	212.99	3.307	6.663	0.538	0	0.378	0.33	0.333	0.43	0.45	-0.1	-0.1	-0.1	0.127	0.133	0.105	0.081	0.106	20.452	19.589	18.798	18.49	18.5	0.637
2026-03-16	-90.969	30.815	0.595	10.462	0.12	21.51	8.427	2.8	22.2	56.966	32.812	99.603	100.974	0.662	218.954	4.02	7.955	0.469	0	0.379	0.33	0.329	0.428	0.45	-0.1	-0.1	-0.1	0.125	0.13	0.1	0.082	0.106	16.941	17.658	18.854	18.679	18.5	0.643
2026-03-17	-90.969	30.815	0	7.687	-4	25.05	5.14	-2.8	13.2	52.289	27.532	84.818	101.815	0.435	262.606	1.239	2.769	0.491	0	0.38	0.33	0.327	0.411	0.45	-0.1	-0.1	-0.1	0.12	0.125	0.094	0.078	0.105	14.037	14.748	17.171	18.237	18.426	0.651
2026-03-18	-90.969	30.815	0	9.799	0.3	26.63	8.25	0.7	17.5	68.914	36.05	99.722	101.711	0.701	175.048	0.892	1.956	0.476	0	0.38	0.328	0.326	0.398	0.451	-0.1	-0.1	-0.1	0.118	0.123	0.093	0.073	0.106	13.576	14.298	16.297	17.536	18.041	0.636
2026-03-19	-90.969	30.815	0	14.425	1.32	32.47	12.921	2.3	23	75.902	49.597	100	101.544	1.127	250.199	1.041	2.3	0.523	0	0.376	0.326	0.324	0.391	0.451	-0.1	-0.1	-0.1	0.119	0.122	0.092	0.073	0.106	16.192	15.585	16.149	17.056	17.651	0.629
2026-03-20	-90.969	30.815	0.085	18.074	6.84	34.92	16.691	7.6	24.9	79.967	55.031	100	101.326	1.504	248.019	1.527	3.218	0.521	0	0.372	0.323	0.321	0.385	0.451	-0.1	-0.1	-0.1	0.121	0.122	0.093	0.075	0.106	18.432	17.434	16.932	17.062	17.423	0.619
2026-03-21	-90.969	30.815	0	19.328	8.03	34.49	18.234	9.7	25.9	82.18	60.176	100	101.027	1.718	227.548	1.744	3.69	0.487	0	0.369	0.32	0.319	0.379	0.451	-0.1	-0.1	-0.1	0.123	0.121	0.093	0.076	0.106	19.594	18.619	17.747	17.386	17.467	0.6
2026-03-22	-90.969	30.815	0	22.301	13.79	35.66	20.939	16.4	26.9	81.037	51.096	98.814	100.856	1.964	242.934	2.463	5.014	0.564	0	0.365	0.318	0.318	0.373	0.45	-0.275	-0.1	-0.1	0.124	0.12	0.094	0.077	0.106	21.558	20.236	18.663	17.802	17.656	0.6
2026-03-23	-90.969	30.815	0.204	20.263	11.1	36.28	19.669	12.3	27.2	80.138	51.284	100	101.101	1.792	206.259	1.223	2.663	0.589	0	0.362	0.316	0.317	0.366	0.449	-2.499	-0.1	-0.1	0.124	0.118	0.092	0.076	0.107	20.871	20.165	19.191	18.278	17.94	0.606
2026-03-24	-90.969	30.815	0	19.902	10.87	36.34	19.214	12.9	26.8	66.733	50.345	86.345	101.213	1.482	230.412	1.238	2.602	0.827	0	0.358	0.314	0.315	0.36	0.447	-8.435	-0.1	-0.1	0.122	0.113	0.091	0.075	0.097	20.897	20.159	19.395	18.573	18.204	0.626
2026-03-25	-90.969	30.815	0.068	20.976	10.67	36.89	19.719	12.1	27.4	78.413	50.424	100	101.21	1.756	232.144	1.13	2.459	0.655	0	0.353	0.312	0.314	0.353	0.41	-12.218	-0.1	-0.1	0.12	0.112	0.09	0.074	0.082	21.322	20.53	19.629	18.789	18.404	0.619
2026-03-26	-90.969	30.815	0	22.059	12.37	36.71	21.309	16.7	27.3	81.075	50.163	100	101.148	2.008	209.504	1.601	3.249	0.584	0	0.348	0.31	0.313	0.348	0.358	-14.434	-0.1	-0.1	0.119	0.111	0.09	0.074	0.085	22.088	21.293	20.08	19.063	18.589	0.625
2026-03-27	-90.969	30.815	0.681	21.079	10.89	36.96	19.606	12.4	28.1	80.847	53.454	100	101.229	1.806	238.191	1.138	2.507	0.588	0	0.332	0.309	0.312	0.344	0.334	-15.989	-0.1	-0.1	0.096	0.108	0.089	0.073	0.087	22.215	21.31	20.267	19.311	18.817	0.589
2026-03-28	-90.969	30.815	0	18.46	8.44	34.15	16.703	11.4	22.1	52.464	29.753	74.577	101.898	0.972	269.328	3.07	6.08	0.962	0	0.309	0.309	0.311	0.339	0.318	-16.925	-0.1	-0.1	0.056	0.101	0.088	0.071	0.085	20.417	20.488	20.281	19.514	19.011	0.503
2026-03-29	-90.969	30.815	0	18.866	6.42	38.3	16.845	7.6	24.7	74.733	55.859	92.006	101.701	1.499	194.642	2.071	4.337	0.531	0	0.307	0.309	0.31	0.336	0.308	-17.935	-0.1	-0.1	0.055	0.099	0.086	0.07	0.085	19.641	19.515	19.6	19.378	19.09	0.482
2026-03-30	-90.969	30.815	1.208	22.026	16.98	34.59	20.699	17.6	26.3	88.677	66.802	97.976	101.46	2.157	156.716	2.303	4.746	0.316	0.001	0.305	0.308	0.31	0.333	0.297	-18.382	-0.1	-0.1	0.056	0.1	0.086	0.068	0.083	20.852	20.53	19.846	19.293	19.01	0.448
2026-03-31	-90.969	30.815	5.647	23.905	16.55	38.98	22.399	19.2	28.2	89.456	63.02	99.883	101.214	2.407	190.656	1.988	4.035	0.325	0.001	0.306	0.308	0.309	0.33	0.289	-17.572	-0.1	-0.1	0.063	0.102	0.086	0.068	0.083	22.116	21.593	20.396	19.496	19.131	0.493
2026-04-01	-90.969	30.815	2.127	23.597	15.99	38.11	21.914	18.4	28.1	88.873	58.968	100	101.051	2.314	221.772	2.003	4.003	0.351	0	0.309	0.309	0.309	0.328	0.282	-14.777	-0.1	-0.1	0.069	0.106	0.086	0.067	0.083	22.603	22.17	20.959	19.858	19.322	0.501
2026-04-02	-90.969	30.815	28.97	21.634	17.29	33.06	20.395	17.4	25.6	97.636	80.867	100	100.932	2.344	117.722	1.828	3.773	0.067	0.001	0.339	0.326	0.336	0.36	0.338	-8.85	-0.1	-0.1	0.1	0.118	0.104	0.071	0.091	22.108	22.051	21.482	20.413	19.611	0.498
2026-04-03	-90.969	30.815	0.136	23.467	16.78	35.4	22.243	17.4	26.8	91.508	74.352	100	101.12	2.447	177.677	2.073	4.176	0.261	0	0.349	0.331	0.354	0.42	0.445	-0.1	-0.1	-0.1	0.123	0.129	0.119	0.079	0.103	22.535	22.228	21.414	20.5	19.854	0.512
2026-04-04	-90.969	30.815	32.79	23.079	20.17	35.75	21.792	19.3	26.5	97.754	80.888	100	101.066	2.552	105.103	1.711	3.368	0.067	0.001	0.364	0.354	0.346	0.421	0.444	-0.1	-0.1	-0.1	0.134	0.13	0.116	0.08	0.104	22.757	22.533	21.814	20.728	19.999	0.505
2026-04-05	-90.969	30.815	0.425	19.056	13.08	27.53	17.536	14	20.3	88.867	70.842	100	101.309	1.798	146.807	2.767	5.475	0.218	0	0.39	0.384	0.386	0.426	0.445	-0.1	-0.1	-0.1	0.147	0.134	0.135	0.08	0.104	21.576	21.642	21.672	20.888	20.215	0.577
2026-04-06	-90.969	30.815	0	15.261	5.79	29.95	14.144	8	20.3	64.694	39.046	89.768	101.445	1.011	226.551	2.696	5.211	0.639	0	0.359	0.335	0.354	0.426	0.444	-0.1	-0.1	-0.1	0.123	0.13	0.117	0.08	0.103	18.834	19.401	20.542	20.615	20.265	0.581
2026-04-07	-90.969	30.815	0.051	15.413	3.76	33.16	14.585	5.6	24.2	65.271	32.617	93.455	101.219	1.004	294.269	1.997	3.912	0.791	0	0.353	0.332	0.332	0.426	0.444	-0.1	-0.1	-0.1	0.112	0.126	0.103	0.081	0.102	17.919	18.275	19.454	20.042	20.032	0.588
2026-04-08	-90.969	30.815	0	18.313	7.86	35.28	17.01	9	25.4	73.07	47.133	97.904	101.278	1.38	270.255	1.758	3.677	0.672	0	0.349	0.33	0.327	0.408	0.444	-0.1	-0.1	-0.1	0.11	0.125	0.097	0.083	0.103	19.074	19.036	19.346	19.652	19.748	0.588
2026-04-09	-90.969	30.815	0.085	19.681	10.82	36.79	18.125	12.1	24.3	82.96	63.412	97.385	101.511	1.71	251.719	1.888	3.878	0.432	0	0.345	0.327	0.324	0.387	0.444	-0.1	-0.1	-0.1	0.109	0.123	0.095	0.074	0.103	20.11	19.919	19.719	19.61	19.6	0.591
2026-04-10	-90.969	30.815	0.17	20.594	10.2	37.36	19.134	11.6	26.4	84.903	61.343	100	101.577	1.873	244.636	1.633	3.388	0.436	0	0.341	0.325	0.321	0.376	0.444	-0.114	-0.1	-0.1	0.108	0.123	0.094	0.072	0.104	20.757	20.493	20.08	19.739	19.6	0.595
2026-04-11	-90.969	30.815	0.102	22.194	12.82	37.87	20.192	14.7	26.8	80.272	51.108	100	101.626	1.84	279.035	1.535	3.228	0.602	0	0.336	0.322	0.319	0.368	0.443	-1.145	-0.1	-0.1	0.107	0.121	0.094	0.073	0.104	22.01	21.562	20.644	19.945	19.691	0.592
2026-04-12	-90.969	30.815	0.136	21.154	10.49	36.23	19.627	11.8	26.3	80.264	58.379	100	101.487	1.81	267.084	1.654	3.451	0.572	0	0.331	0.319	0.317	0.361	0.442	-7.073	-0.1	-0.1	0.104	0.117	0.093	0.073	0.104	21.908	21.618	20.999	20.263	19.864	0.588
2026-04-13	-90.969	30.815	0.051	22.998	14.15	37.8	21.541	15.1	27.8	81.793	56.074	99.899	101.45	2.069	233.672	1.835	3.695	0.57	0	0.324	0.316	0.315	0.354	0.441	-11.454	-0.1	-0.1	0.102	0.114	0.093	0.073	0.1	22.716	22.279	21.343	20.484	20.041	0.593
2026-04-14	-90.969	30.815	0.085	23.102	13.24	38.56	21.494	14.9	27.9	80.289	55.084	100	101.232	2.021	274.509	1.784	3.485	0.616	0	0.319	0.314	0.314	0.348	0.43	-14.22	-0.1	-0.1	0.097	0.112	0.092	0.073	0.08	23.207	22.73	21.7	20.732	20.222	0.615
2026-04-15	-90.969	30.815	0.017	21.843	11.16	35.35	20.383	12.6	26.8	84.598	67.344	100	101.043	2.033	220.724	1.753	3.402	0.448	0	0.315	0.312	0.312	0.342	0.403	-17.22	-0.1	-0.1	0.091	0.11	0.091	0.072	0.076	22.808	22.553	21.881	20.977	20.412	0.612
2026-04-16	-90.969	30.815	0.017	23.794	13.82	38.17	22.118	15.4	28.7	83.499	58.906	100	101.016	2.199	216.814	1.452	2.879	0.544	0	0.311	0.31	0.311	0.338	0.342	-19.628	-0.1	-0.1	0.087	0.108	0.09	0.071	0.084	23.474	23.019	22.048	21.095	20.561	0.604
2026-04-17	-90.969	30.815	0.068	23.562	15.52	36.79	22.205	16.8	28	83.811	63.547	100	100.838	2.224	209.678	1.422	2.874	0.513	0	0.306	0.308	0.31	0.333	0.318	-22.068	-0.1	-0.1	0.084	0.107	0.09	0.071	0.084	23.97	23.515	22.417	21.329	20.719	0.616
2026-04-18	-90.969	30.815	5.123	22.858	13.25	38.74	21.228	14.5	28	87.928	68.149	100	100.729	2.228	189.6	1.182	2.481	0.376	0.01	0.301	0.306	0.309	0.33	0.304	-24.279	-0.1	-0.1	0.084	0.105	0.089	0.071	0.084	23.712	23.337	22.505	21.517	20.879	0.621
2026-04-19	-90.969	30.815	4.409	15.791	6.95	28.24	13.776	8.8	20.3	76.423	41.824	100	101.612	1.161	232.779	3.409	6.501	0.452	0.001	0.313	0.309	0.309	0.327	0.291	-15.671	-0.1	-0.1	0.102	0.109	0.086	0.069	0.084	21.028	21.571	22.158	21.605	21.04	0.665
2026-04-20	-90.969	30.815	0.034	15.642	4.64	33.52	14.207	6.1	22.8	72.361	40.703	96.342	101.732	1.11	267.806	1.607	3.108	0.617	0	0.314	0.311	0.308	0.325	0.282	-15.382	-0.1	-0.1	0.088	0.105	0.085	0.068	0.082	19.626	19.943	20.908	21.189	20.96	0.665
2026-04-21	-90.969	30.815	0.051	17.12	6.41	30.39	15.911	7.3	23.4	81.377	51.941	100	101.592	1.462	158.424	1.293	2.544	0.454	0	0.312	0.311	0.308	0.324	0.275	-18.604	-0.1	-0.1	0.083	0.104	0.085	0.066	0.081	19.514	19.727	20.492	20.776	20.734	0.629
2026-04-22	-90.969	30.815	0	22.515	15.45	36.82	20.695	15.5	26.4	76.523	53.596	94.604	101.188	1.834	248.282	1.973	3.965	0.663	0	0.306	0.308	0.307	0.322	0.27	-21.593	-0.1	-0.1	0.082	0.105	0.086	0.065	0.08	21.891	21.402	20.776	20.557	20.546	0.649
2026-04-23	-90.969	30.815	0.068	22.867	12.43	36.11	21.254	14.3	27	80.359	54.415	99.855	100.724	1.987	278.428	2.091	4.239	0.6	0	0.299	0.306	0.306	0.32	0.265	-25.959	-0.1	-0.1	0.079	0.104	0.086	0.065	0.08	22.905	22.395	21.453	20.784	20.548	0.652
2026-04-24	-90.969	30.815	0	24.509	15	37.78	22.827	17	28.7	86.107	64.799	100	100.26	2.373	199.825	1.795	3.578	0.463	0	0.289	0.304	0.305	0.317	0.26	-30.55	-0.1	-0.1	0.076	0.103	0.086	0.065	0.08	23.727	23.168	22.023	21.085	20.67	0.639
2026-04-25	-90.969	30.815	22.186	23.455	17.3	33.26	21.871	16.8	27.1	93.184	78.085	100	100.186	2.45	165.871	1.558	3.06	0.212	0.002	0.34	0.326	0.332	0.39	0.359	-6.95	-0.1	-0.1	0.122	0.122	0.11	0.077	0.12	23.285	22.931	22.184	21.345	20.889	0.685
2026-04-26	-90.969	30.815	2.621	25.351	18.89	36.19	23.457	17.8	28.8	89.469	71.723	100	100.354	2.565	244.221	1.632	3.233	0.365	0.001	0.345	0.325	0.324	0.379	0.408	-0.1	-0.1	-0.1	0.116	0.126	0.099	0.068	0.122	24.809	24.272	22.812	21.644	21.065	0.65
2026-04-27	-90.969	30.815	0.051	26.176	19.09	36.56	25.092	20.3	31	81.033	52.93	100	100.591	2.518	263.433	2.437	4.849	0.729	0	0.337	0.323	0.32	0.364	0.409	-0.178	-0.1	-0.1	0.108	0.124	0.097	0.063	0.121	25.259	24.847	23.445	22.031	21.319	0.667
2026-04-28	-90.969	30.815	0	26.095	19.89	36.86	24.843	20.9	30.1	84.805	65.865	100	100.782	2.635	241.357	2.231	4.409	0.549	0	0.329	0.319	0.316	0.353	0.409	-4.443	-0.1	-0.1	0.101	0.121	0.095	0.063	0.122	25.52	25.07	23.777	22.384	21.609	0.678
2026-04-29	-90.969	30.815	47.859	25.382	18.98	37.29	23.34	18.8	29.7	89.497	69.626	100	100.556	2.552	217.154	2.005	3.898	0.378	0.003	0.335	0.326	0.321	0.352	0.408	-9.127	-0.1	-0.1	0.107	0.122	0.099	0.066	0.123	25.636	25.118	24.015	22.708	21.847	0.669
2026-04-30	-90.969	30.815	23.691	20.815	17.99	26.43	19.529	17.4	22.2	99.555	97.21	100	100.41	2.268	60.501	2.254	4.318	0.008	0.002	0.401	0.401	0.395	0.415	0.414	-0.1	-0.1	-0.1	0.146	0.131	0.149	0.077	0.123	22.697	22.667	23.336	22.847	22.07	NA
2026-05-01	-90.969	30.815	40.465	15.789	12.29	18.63	14.376	11	17.3	99.871	99.485	100	100.51	1.652	27.697	3.004	5.84	0	0.003	0.411	0.417	0.397	0.418	0.415	-0.1	-0.1	-0.1	0.148	0.133	0.153	0.078	0.123	19.821	20.048	22.288	22.503	22.065	NA
2026-05-02	-90.969	30.815	5.719	17.364	8.92	27.28	15.285	9.9	21.8	77.527	43.147	100	100.914	1.288	322.302	3.136	5.986	0.506	0.001	0.399	0.397	0.4	0.421	0.416	-0.1	-0.1	-0.1	0.146	0.131	0.149	0.075	0.122	20.156	19.676	20.658	21.653	21.781	0.725
2026-05-03	-90.969	30.815	0.051	18.049	6.6	33.07	15.971	7	24.4	71.577	37.202	100	101.269	1.219	328.343	0.877	2.018	0.733	0	0.367	0.337	0.371	0.421	0.415	-0.1	-0.1	-0.1	0.121	0.135	0.126	0.076	0.121	21.125	20.944	21.066	21.309	21.412	0.711
2026-05-04	-90.969	30.815	0.068	19.206	7.83	33.62	17.265	8.3	24.9	74.341	46.2	100	100.848	1.405	321.865	1.5	3.171	0.688	0	0.358	0.333	0.334	0.42	0.414	-0.1	-0.1	-0.1	0.11	0.133	0.107	0.079	0.121	21.77	21.573	21.378	21.236	21.212	0.713
2026-05-05	-90.969	30.815	0	21.547	11.7	32.71	20.276	12	26.4	84.605	70.4	98.807	100.419	2.041	203.853	1.778	3.604	0.455	0	0.354	0.331	0.327	0.407	0.413	-0.1	-0.1	-0.1	0.106	0.13	0.1	0.068	0.121	22.207	21.965	21.644	21.322	21.2	0.691
2026-05-06	-90.969	30.815	9.983	24.717	18.83	34.09	23.702	20.3	28.6	96.691	81.879	100	100.358	2.843	96.493	1.645	3.131	0.113	0	0.363	0.335	0.34	0.393	0.413	-0.1	-0.1	-0.1	0.121	0.136	0.109	0.068	0.122	23.621	23.235	22.31	21.526	21.222	NA
2026-05-07	-90.969	30.815	3.965	21.439	15.82	29.73	18.64	15.2	24.1	95.423	85.126	100	100.647	2.066	168.158	2.141	4.123	0.103	0.002	0.384	0.351	0.396	0.428	0.417	-0.1	-0.1	-0.1	0.138	0.141	0.148	0.09	0.122	23.953	23.689	22.824	21.844	21.393	0.717
2026-05-08	-90.969	30.815	57.303	18.377	15.91	20.34	17.416	15.8	19.7	99.352	96.796	100	100.577	1.981	17.94	1.73	3.766	0.01	0.003	0.401	0.389	0.378	0.43	0.417	-0.1	-0.1	-0.1	0.134	0.137	0.143	0.086	0.124	21.121	21.315	22.215	21.96	21.565	NA
2026-05-09	-90.969	30.815	39.677	19.839	18.46	21.39	18.947	17.8	20.8	99.868	99.223	100	100.41	2.191	32.82	NA	NA	0	0.002	0.419	0.42	0.392	0.432	0.419	-0.1	-0.1	-0.1	0.147	0.138	0.156	0.08	0.124	20.956	20.96	21.521	21.649	21.509	NA
2026-05-10	-90.969	30.815	0.085	23.868	16.15	33.8	22.225	16.9	28.4	89.908	69.05	100	100.749	2.396	254.35	1.442	3.15	0.348	0	0.401	0.395	0.394	0.432	0.419	-0.1	-0.1	-0.1	0.149	0.142	0.157	0.079	0.123	23.144	22.485	21.643	21.437	21.36	0.717
2026-05-11	-90.969	30.815	12.918	22.342	17.01	29.71	21.04	17.2	26	95.44	83.649	100	100.934	2.388	120.927	1.102	2.311	0.135	0.003	0.386	0.354	0.389	0.432	0.418	-0.1	-0.1	-0.1	0.135	0.149	0.141	0.08	0.122	23.534	23.316	22.672	21.758	21.393	0.684
2026-05-12	-90.969	30.815	3.982	21.26	17.87	29.43	19.905	18.1	23.8	96.601	80.691	100	100.98	2.243	158.677	1.713	3.4	0.086	0.001	0.417	0.42	0.398	0.432	0.42	-0.1	-0.1	-0.1	0.154	0.147	0.155	0.082	0.123	22.361	22.193	22.718	22.036	21.543	0.757
2026-05-13	-90.969	30.815	0.017	23.732	15.13	35.53	22.064	15.4	28.5	73.788	45.588	97.124	100.883	1.874	327.781	1.411	2.898	0.872	0	0.373	0.338	0.368	0.431	0.417	-0.1	-0.1	-0.1	0.129	0.152	0.127	0.082	0.122	25.421	24.833	23.49	22.333	21.754	0.714
2026-05-14	-90.969	30.815	0.034	24.318	14.58	36.58	22.368	14.9	29.8	76.402	49.606	99.949	100.783	1.988	320.911	0.946	2.1	0.839	0	0.363	0.333	0.334	0.426	0.416	-0.1	-0.1	-0.1	0.115	0.149	0.108	0.078	0.123	25.61	25.079	23.836	22.62	21.95	0.713
2026-05-15	-90.969	30.815	0.085	25.812	15.44	36.9	23.36	15.8	30.2	80.275	60.515	99.196	100.814	2.278	363.532	1.378	2.867	0.73	0	0.357	0.33	0.329	0.388	0.415	-0.1	-0.1	-0.1	0.111	0.145	0.102	0.056	0.123	25.814	25.242	24.086	22.868	22.145	0.711
