2026-01-01	-92.354	30.178	0	10.79	0.63	24.25	11.673	3.8	19.8	80.953	44.06	100	101.855	1.105	141.278	1.85	3.128	0.351	0	0.328	0.351	0.361	0.405	0.43	-0.1	-0.1	-0.1	0.772	1.103	1.027	1.153	2.578	12.292	13.097	14.152	16.739	18.93	0.646
2026-01-02	-92.354	30.178	0	19.207	12.98	25.7	19.609	14.2	23.5	89.319	78.154	95.986	100.96	2.055	95.533	5.197	8.624	0.26	0	0.318	0.349	0.359	0.405	0.43	-0.1	-0.1	-0.1	0.777	1.11	1.031	1.156	2.58	16.423	15.698	15.362	16.542	18.577	NA
2026-01-03	-92.354	30.178	0	19.665	11.56	28.88	19.029	11.2	23.5	87.965	72.304	95.864	101.065	1.973	122.388	5.307	8.702	0.276	0	0.309	0.347	0.358	0.405	0.43	-0.1	-0.1	-0.1	0.795	1.114	1.037	1.158	2.582	18.66	18.181	17.302	17.102	18.4	0.81
2026-01-04	-92.354	30.178	0	12.082	8.12	16.02	11.147	9.2	12.6	89.021	84.086	92.416	101.849	1.181	52.782	2.791	4.648	0.147	0	0.3	0.346	0.357	0.405	0.431	-0.1	-0.1	-0.1	0.808	1.092	1.022	1.157	2.586	15.19	16.206	16.93	17.656	18.4	NA
2026-01-05	-92.354	30.178	0	14.562	4.91	24.18	14.449	8.6	20	93.337	85.02	100	101.613	1.571	89.75	1.633	2.785	0.119	0	0.294	0.345	0.357	0.405	0.431	-0.216	-0.1	-0.1	0.794	1.084	1.016	1.156	2.589	15.829	16.021	16.385	17.509	18.491	NA
2026-01-06	-92.354	30.178	0	19.281	13.86	26.5	19.216	14.7	24.1	94.312	80.329	100	101.409	2.109	96.51	3.021	4.716	0.152	0	0.287	0.343	0.356	0.405	0.431	-0.299	-0.1	-0.1	0.791	1.085	1.019	1.156	2.595	18.183	17.688	17.257	17.561	18.457	NA
2026-01-07	-92.354	30.178	0	19.794	14.08	27.78	19.573	17.1	23.7	96.687	81.865	100	101.439	2.203	88.772	2.38	3.646	0.088	0	0.282	0.342	0.355	0.405	0.431	-0.362	-0.1	-0.1	0.797	1.085	1.02	1.157	2.6	19.105	18.678	18.144	17.966	18.495	NA
2026-01-08	-92.354	30.178	3.115	20.906	14.67	27.43	21.284	17.5	25.4	92.523	71.404	100	101.185	2.332	104.166	4.199	6.942	0.222	0.002	0.279	0.341	0.354	0.405	0.431	-0.461	-0.1	-0.1	0.797	1.08	1.015	1.157	2.603	19.644	19.208	18.688	18.388	18.568	0.883
2026-01-09	-92.354	30.178	23.552	22.377	19.61	28.83	21.972	20.2	25.6	99.481	93.22	100	101.329	2.633	59.003	3.744	6.714	0.013	0.002	0.386	0.355	0.358	0.406	0.431	-0.1	-0.1	-0.1	0.653	1.106	1.029	1.156	2.608	21.019	20.36	19.509	18.804	18.731	NA
2026-01-10	-92.354	30.178	2.365	17.429	8.83	22.51	17.642	9.8	22.7	90.308	77.666	100	101.979	1.911	60.372	5.81	9.242	0.161	0.001	0.464	0.371	0.366	0.409	0.432	-0.1	-0.1	-0.1	0.561	1.118	1.055	1.15	2.603	19.772	20.283	20.069	19.347	18.921	NA
2026-01-11	-92.354	30.178	0	9.631	3.34	19.86	10.152	5.3	15.6	63.842	42.748	82.669	103.005	0.775	153.593	4.638	7.142	0.489	0	0.416	0.367	0.369	0.41	0.432	-0.1	-0.1	-0.1	0.674	1.07	1.041	1.144	2.601	14.355	16.345	17.892	19.25	19.143	0.733
2026-01-12	-92.354	30.178	0	6.829	0.66	19.5	7.475	3	13.2	61.827	35.915	78.552	102.964	0.624	154.92	2.565	4.133	0.435	0	0.386	0.364	0.368	0.41	0.432	-0.1	-0.1	-0.1	0.712	1.066	1.024	1.145	2.604	12.459	14.332	15.999	18.354	19.182	0.731
2026-01-13	-92.354	30.178	0.391	9.549	0.11	22.45	9.426	3.4	15.8	69.444	34.676	98.43	102.304	0.787	127.579	1.382	2.381	0.437	0	0.374	0.361	0.368	0.409	0.432	-0.1	-0.1	-0.1	0.7	1.064	1.022	1.147	2.608	12.809	13.802	15.03	17.479	19	0.819
2026-01-14	-92.354	30.178	0	12.491	6.34	22.19	12.945	9.8	18.2	73.003	56.537	87.559	101.502	1.082	136.797	3.789	6.211	0.431	0	0.365	0.358	0.368	0.409	0.431	-0.1	-0.1	-0.1	0.698	1.064	1.025	1.15	2.615	14.182	14.811	15.361	17.021	18.707	0.735
2026-01-15	-92.354	30.178	0	6.74	0	17.6	7.53	3.9	11.6	60.243	37.215	76.842	102.016	0.616	159.344	3.132	5.105	0.434	0	0.352	0.357	0.367	0.409	0.431	-0.1	-0.1	-0.1	0.714	1.052	1.016	1.148	2.619	11.846	13.492	14.79	16.82	18.472	0.723
2026-01-16	-92.354	30.178	0	10.012	-0.09	23.42	11.961	3.9	19.4	80.637	64.523	96.279	101.498	1.157	114.702	2.381	4.01	0.323	0	0.342	0.356	0.366	0.41	0.431	-0.1	-0.1	-0.1	0.71	1.044	1.008	1.144	2.62	12.2	12.971	14.021	16.318	18.265	0.85
2026-01-17	-92.354	30.178	6.039	8.955	4.26	14.91	9.347	5.4	11.2	64.52	45.776	100	102.172	0.77	79.333	5.129	7.881	0.41	0.001	0.397	0.356	0.365	0.41	0.431	-0.1	-0.1	-0.1	0.639	1.047	1.007	1.14	2.624	11.955	13.21	14.236	16.069	18.016	NA
2026-01-18	-92.354	30.178	0	2.847	-5.54	15.15	3.836	-1.4	9.3	55.203	34.754	77.465	102.58	0.434	159.637	3.06	4.664	0.386	0	0.382	0.356	0.366	0.409	0.431	-0.1	-0.1	-0.1	0.677	1.044	0.995	1.144	2.631	9.135	11.102	12.87	15.682	17.814	0.705
2026-01-19	-92.354	30.178	0	6.548	-3.12	23.68	7.907	0.3	15.9	69.236	33.402	100	102.594	0.697	162.662	0.969	1.839	0.44	0	0.366	0.356	0.366	0.409	0.431	-0.1	-0.1	-0.1	0.68	1.044	0.993	1.144	2.634	9.964	10.97	12.167	15.006	17.556	0.825
2026-01-20	-92.354	30.178	0	9.756	0.3	23.82	10.361	4	17.6	76.932	48.155	100	102.799	0.947	149.958	1.78	3.07	0.362	0	0.355	0.354	0.364	0.409	0.431	-0.1	-0.1	-0.1	0.686	1.043	0.994	1.144	2.638	11.31	11.841	12.528	14.699	17.242	0.819
2026-01-21	-92.354	30.178	37.03	14.402	10.41	18.75	14.695	11.5	18	86.422	73.939	100	102.182	1.459	36.594	3.019	5.133	0.223	0.002	0.386	0.358	0.365	0.41	0.431	-0.1	-0.1	-0.1	0.629	1.046	1	1.144	2.641	13.449	13.314	13.401	14.744	16.991	NA
2026-01-22	-92.354	30.178	9.681	15.866	12.86	18.98	15.218	13.5	16.8	98.455	93.189	100	101.902	1.704	59.235	1.754	2.899	0.026	0	0.485	0.374	0.371	0.413	0.431	-0.1	-0.1	-0.1	0.485	1.066	1.035	1.141	2.642	15.454	15.044	14.614	15.107	16.844	NA
2026-01-23	-92.354	30.178	0	14.986	11.55	17.84	14.435	11.6	16.5	96.882	89.132	100	101.927	1.596	47.432	2.923	4.735	0.052	0	0.482	0.375	0.371	0.413	0.431	-0.1	-0.1	-0.1	0.506	1.078	1.045	1.137	2.636	15.474	15.452	15.302	15.612	16.836	NA
2026-01-24	-92.354	30.178	67.423	8.791	5.63	11.21	7.849	4.3	11.4	97.806	91.615	100	101.495	1.047	7.962	4.603	8.258	0.026	0.004	0.488	0.377	0.372	0.413	0.431	-0.1	-0.1	-0.1	0.51	1.073	1.045	1.134	2.637	12.746	14.012	14.949	15.885	16.925	NA
2026-01-25	-92.354	30.178	19.517	3.148	-0.27	6.24	1.421	-1.7	4.2	98.462	94.41	100	101.502	0.671	39.879	6.594	9.804	0.01	0.002	0.497	0.381	0.375	0.413	0.432	-0.1	-0.1	-0.1	0.493	1.053	1.03	1.13	2.637	9.022	11.019	12.989	15.503	17	NA
2026-01-26	-92.354	30.178	0	-0.035	-3.87	6.82	-1.598	-3.2	0.9	86.584	73.099	97.147	103.157	0.47	139.471	5.256	7.917	0.076	0	0.495	0.383	0.378	0.414	0.432	-0.1	-0.1	-0.1	0.493	1.035	1.015	1.129	2.63	6.017	8.322	10.722	14.478	16.861	0.681
2026-01-27	-92.354	30.178	0	1.636	-7.46	15.13	0.505	-5.2	6.9	79.646	49.687	100	103.281	0.497	177.901	1.319	2.432	0.162	0	0.48	0.381	0.379	0.414	0.432	-0.1	-0.1	-0.1	0.508	1.014	1.009	1.131	2.626	6.246	7.671	9.444	13.307	16.524	0.601
2026-01-28	-92.354	30.178	0	3.728	-4.09	18.92	4.73	-0.9	11.5	79.302	50.258	100	102.834	0.668	178.22	1.862	3.021	0.22	0	0.456	0.379	0.379	0.414	0.432	-0.1	-0.1	-0.1	0.543	1	1.017	1.132	2.623	7.743	8.685	9.704	12.661	16.068	0.585
2026-01-29	-92.354	30.178	0.017	6.72	-2.71	20.88	7.771	1.6	14.7	82.329	59.169	100	102.132	0.867	168.424	1.615	2.93	0.234	0	0.436	0.376	0.378	0.413	0.432	-0.1	-0.1	-0.1	0.561	1.002	1.001	1.134	2.622	8.895	9.399	10.102	12.468	15.656	0.562
2026-01-30	-92.354	30.178	0	7.955	1.77	16.61	8.559	4.4	11.8	76.437	56.75	99.771	102.113	0.851	140.601	4.754	7.305	0.271	0	0.42	0.373	0.376	0.413	0.431	-0.1	-0.1	-0.1	0.586	1.006	0.992	1.136	2.62	9.746	10.374	10.853	12.561	15.372	0.565
2026-01-31	-92.354	30.178	0	1.898	-4.25	10.75	1.334	-2.2	4.2	62.188	44.805	76.744	102.98	0.42	188.253	4.388	6.917	0.256	0	0.405	0.373	0.376	0.413	0.431	-0.1	-0.1	-0.1	0.614	0.997	0.986	1.135	2.618	7.07	8.939	10.328	12.621	15.221	0.533
2026-02-02	-92.354	30.178	0	7.722	-4.32	23.43	8.003	-0.4	16.8	84.002	62.061	100	102.681	0.926	173.26	2.219	3.668	0.228	0	0.379	0.369	0.376	0.413	0.431	-0.1	-0.1	-0.1	0.626	0.989	0.978	1.135	2.619	8.531	8.85	9.411	11.768	14.824	0.506
2026-02-03	-92.354	30.178	11.09	13.096	4.22	20.49	13.839	7.6	18.7	91.41	75.503	100	102.135	1.462	68.45	2.13	3.726	0.152	0.002	0.378	0.367	0.375	0.413	0.431	-0.1	-0.1	-0.1	0.62	0.995	0.983	1.137	2.62	11.561	11.068	10.807	11.941	14.605	NA
2026-02-04	-92.354	30.178	25.593	11.63	1.64	16.46	11.68	5.8	14.4	81.897	57.736	100	102.263	1.142	180.304	4.788	7.393	0.244	0.001	0.488	0.375	0.377	0.414	0.432	-0.1	-0.1	-0.1	0.457	1.031	0.995	1.138	2.617	12.99	12.909	12.34	12.557	14.5	0.745
2026-02-05	-92.354	30.178	0	7.177	-0.07	17.03	8.017	2.9	14	76.59	54.273	93.964	102.533	0.814	188.29	2.981	4.734	0.286	0	0.483	0.377	0.378	0.414	0.432	-0.1	-0.1	-0.1	0.483	1.032	0.99	1.138	2.611	10.463	11.315	11.866	12.988	14.575	0.509
2026-02-06	-92.354	30.178	0	13.07	6.4	24.65	13.851	8.7	21.9	77.567	51.734	93.587	101.909	1.205	188.249	2.983	4.892	0.435	0	0.462	0.375	0.378	0.413	0.432	-0.1	-0.1	-0.1	0.514	1.021	0.999	1.137	2.608	12.274	12.145	11.998	12.967	14.67	0.502
2026-02-07	-92.354	30.178	0	12.791	3.89	26.65	14.473	9.7	20.6	69.381	45.06	92.109	102.233	1.113	190.194	2.431	3.951	0.572	0	0.432	0.374	0.377	0.413	0.432	-0.1	-0.1	-0.1	0.563	1.014	1	1.137	2.605	13.292	13.233	12.863	13.269	14.7	0.49
2026-02-08	-92.354	30.178	0	13.699	3.34	27.12	14.309	8	21.5	85.912	67.64	100	102.315	1.41	187.241	2.311	3.785	0.285	0	0.41	0.373	0.375	0.413	0.432	-0.1	-0.1	-0.1	0.59	1.012	0.994	1.137	2.605	13.608	13.474	13.241	13.622	14.768	0.629
2026-02-09	-92.354	30.178	0	17.614	11.71	29.4	16.965	12.5	23	91.536	70.434	100	102.143	1.764	149.742	2.456	3.976	0.209	0	0.394	0.372	0.374	0.413	0.432	-0.1	-0.1	-0.1	0.607	1.017	1.003	1.138	2.606	16.049	15.283	14.351	14.03	14.879	0.77
2026-02-10	-92.354	30.178	0.204	18.35	12.03	29.13	18.499	14.6	23.1	90.502	73.299	100	101.97	1.921	146.919	3.06	4.865	0.238	0	0.383	0.37	0.373	0.412	0.432	-0.1	-0.1	-0.1	0.624	1.016	1.005	1.138	2.603	16.716	16.081	15.26	14.666	15.053	0.747
2026-02-11	-92.354	30.178	0	20.114	12.01	32.92	19.408	14.8	25.2	90.21	63.335	100	101.983	2.022	158.314	1.836	3.221	0.267	0	0.369	0.369	0.372	0.412	0.432	-0.1	-0.1	-0.1	0.639	1.016	1.009	1.138	2.603	18.183	17.348	16.198	15.252	15.281	0.767
2026-02-12	-92.354	30.178	0	19.26	12.6	31.23	18.429	13.8	24.2	87.766	66.641	98.9	101.949	1.851	170.136	1.775	3.095	0.302	0	0.353	0.368	0.371	0.412	0.432	-0.1	-0.1	-0.1	0.662	1.01	1.012	1.14	2.604	18.644	18.087	17.025	15.899	15.546	0.766
2026-02-13	-92.354	30.178	0	19.42	14.63	30.36	17.821	15.1	23.9	91.348	59.885	100	101.879	1.844	144.374	1.535	2.749	0.227	0	0.34	0.367	0.371	0.412	0.432	-0.1	-0.1	-0.1	0.675	1.002	1.013	1.141	2.609	18.873	18.31	17.456	16.44	15.857	0.813
2026-02-14	-92.354	30.178	15.553	19.151	15.72	26.69	18.714	15.1	23.2	90.875	72.281	100	101.326	1.955	118.175	4.676	7.825	0.225	0	0.335	0.366	0.37	0.412	0.432	-0.1	-0.1	-0.1	0.678	0.99	1.006	1.143	2.61	18.592	18.242	17.702	16.855	16.171	0.804
2026-02-15	-92.354	30.178	0.647	16.849	12.28	24.41	16.639	13.6	20.4	90.823	77.496	100	101.123	1.717	135.993	4.244	7.038	0.187	0	0.48	0.377	0.375	0.413	0.433	-0.1	-0.1	-0.1	0.465	1.018	1.011	1.142	2.606	17.837	17.922	17.634	17.091	16.448	0.77
2026-02-16	-92.354	30.178	0	15.974	9.93	26.94	14.767	12.1	19.4	90.06	74.413	98.419	101.781	1.511	164.669	2.01	3.538	0.184	0	0.456	0.377	0.376	0.413	0.433	-0.1	-0.1	-0.1	0.519	1.019	1.022	1.141	2.605	17.242	17.333	17.23	17.158	16.672	0.616
2026-02-17	-92.354	30.178	0	17.449	13.54	24.81	17.47	13.6	21	84.822	69.811	97.147	101.702	1.688	108.141	3.288	5.615	0.324	0	0.424	0.376	0.376	0.412	0.433	-0.1	-0.1	-0.1	0.564	1.002	1.029	1.142	2.604	17.364	17.29	17.197	17.149	16.835	0.708
2026-02-18	-92.354	30.178	0	19.408	13.81	26.62	19.528	16.7	22.8	90.857	76.149	100	101.128	2.054	136.079	3.383	5.424	0.23	0	0.402	0.374	0.374	0.412	0.433	-0.1	-0.1	-0.1	0.584	1.007	1.018	1.142	2.606	18.51	18.08	17.547	17.229	16.946	0.828
2026-02-19	-92.354	30.178	0	22.874	19.29	29.31	22.438	19.4	25.6	93.262	79.068	99.973	100.71	2.525	153.989	5.457	8.715	0.202	0	0.381	0.372	0.373	0.412	0.433	-0.1	-0.1	-0.1	0.604	1.011	1.013	1.144	2.607	20.445	19.445	18.354	17.521	17.057	0.847
2026-02-20	-92.354	30.178	0	23.694	21.01	29.77	23.235	21.1	26.2	91.543	74.194	100	100.825	2.595	146.18	3.49	5.672	0.266	0	0.36	0.371	0.371	0.412	0.433	-0.1	-0.1	-0.1	0.63	1.007	1.017	1.144	2.609	21.626	20.632	19.394	18.048	17.223	0.85
2026-02-21	-92.354	30.178	0	21.75	13.31	31.48	21.999	15.8	27.1	85.654	66.533	100	101.407	2.294	137.35	4.053	6.481	0.38	0	0.341	0.37	0.371	0.412	0.433	-0.1	-0.1	-0.1	0.66	0.995	1.019	1.145	2.61	21.478	21.012	20.012	18.597	17.466	0.831
2026-02-22	-92.354	30.178	0	10.681	3.15	19.42	11.485	8	15.5	50.916	28.767	73.19	102.998	0.685	228.153	6.797	10.576	0.683	0	0.316	0.369	0.372	0.412	0.433	-3.139	-0.1	-0.1	0.699	0.957	1.005	1.144	2.612	15.655	17.701	18.669	18.82	17.739	0.684
2026-02-23	-92.354	30.178	0	7.001	-1.05	20.14	8.45	4.3	14.2	46.732	27.91	77.183	103.139	0.501	230.185	3.623	5.719	0.626	0	0.294	0.367	0.373	0.412	0.433	-16.064	-0.1	-0.1	0.699	0.925	0.984	1.142	2.614	13.302	15.097	16.42	18.089	17.9	0.689
2026-02-24	-92.354	30.178	0	9.408	-2.67	23.28	10.067	2.8	16.1	68.522	47.226	89.537	102.22	0.854	225.06	3.037	5.192	0.434	0	0.278	0.363	0.373	0.412	0.433	-23.552	-0.1	-0.1	0.694	0.902	0.963	1.144	2.619	13.11	14.108	15.265	17.198	17.852	0.683
2026-02-25	-92.354	30.178	0.017	16.158	7.05	21.73	17.315	11.2	21.6	84.518	69.249	97.024	101.107	1.67	95.95	4.189	6.883	0.353	0	0.261	0.358	0.372	0.411	0.433	-29.997	-0.1	-0.1	0.695	0.894	0.954	1.146	2.624	15.36	15.305	15.498	16.686	17.637	NA
2026-02-26	-92.354	30.178	0.731	19.617	15.09	27.04	19.839	16.5	23.5	92.234	75.737	100	100.958	2.135	91.515	2.859	4.655	0.199	0	0.248	0.353	0.37	0.411	0.433	-34.323	-0.1	-0.1	0.705	0.896	0.95	1.146	2.631	17.812	17.142	16.548	16.723	17.444	NA
2026-02-27	-92.354	30.178	0.102	19.71	12.11	31.22	20.575	16.5	26.2	81.805	49.58	100	101.298	1.953	185.756	1.838	3.138	0.501	0	0.236	0.348	0.369	0.411	0.433	-35.351	-0.1	-0.1	0.721	0.898	0.949	1.149	2.632	19.329	18.6	17.635	17.127	17.4	0.849
2026-02-28	-92.354	30.178	0	19.036	10.97	32.82	19.52	15.1	24.8	76.071	51.502	100	101.609	1.709	209.332	2.076	3.619	0.604	0	0.217	0.343	0.367	0.411	0.433	-42.517	-0.1	-0.1	0.755	0.88	0.94	1.148	2.634	19.154	18.716	18.08	17.581	17.431	0.789
2026-03-01	-92.354	30.178	0.187	17.634	9.39	29.16	18.689	14	24.9	79.998	50.271	100	101.897	1.684	224.191	2.46	4.132	0.518	0	0.191	0.336	0.366	0.411	0.433	-52.785	-0.1	-0.1	0.812	0.854	0.931	1.145	2.639	18.597	18.511	18.231	17.883	17.552	0.84
2026-03-02	-92.354	30.178	0.102	18.262	7.69	31.34	18.786	13	25.1	83.509	50.699	100	101.898	1.785	232.921	2.001	3.468	0.441	0	0.169	0.328	0.364	0.411	0.433	-66.126	-0.1	-0.1	0.871	0.825	0.923	1.143	2.642	18.907	18.632	18.237	18.012	17.677	0.855
2026-03-03	-92.354	30.178	0.17	21.132	15.3	30.72	21.106	16.7	26.5	85.518	58.159	100	101.892	2.102	194.539	3.16	5.072	0.449	0	0.153	0.321	0.362	0.411	0.433	-82.285	-0.1	-0.1	0.908	0.796	0.915	1.143	2.646	19.905	19.354	18.71	18.195	17.794	0.88
2026-03-04	-92.354	30.178	0.953	22.736	18.85	30.79	22.35	20	26.6	92.075	70.743	99.892	101.862	2.476	141.25	3.368	5.533	0.237	0.006	0.145	0.315	0.361	0.411	0.433	-101.794	-0.1	-0.1	NA	0.775	0.909	1.144	2.647	21.083	20.292	19.389	18.5	17.925	0.894
2026-03-05	-92.354	30.178	0	22.891	19.17	31.08	22.709	20.1	27	87.127	62.322	100	101.678	2.377	191.595	3.428	5.688	0.406	0	0.142	0.31	0.359	0.411	0.433	-116.694	-0.1	-0.1	NA	0.76	0.902	1.143	2.649	21.493	20.76	19.892	18.894	18.071	0.884
2026-03-06	-92.354	30.178	0	23.729	19.23	30.69	23.567	20.1	27.6	89.045	70.189	100	101.6	2.574	169.514	4.284	7.087	0.359	0	0.136	0.303	0.357	0.411	0.433	-146.312	-0.1	-0.1	NA	0.734	0.894	1.142	2.652	21.881	21.163	20.282	19.249	18.262	0.885
2026-03-07	-92.354	30.178	44.202	23.773	19.83	30.55	23.799	19.4	27.3	91.209	77.386	100	101.533	2.683	103.489	4.669	7.801	0.277	0.004	0.143	0.301	0.355	0.41	0.433	-175.273	-0.1	-0.1	0.753	0.726	0.887	1.137	2.658	22.284	21.643	20.771	19.593	18.464	0.904
2026-03-08	-92.354	30.178	24.862	21.73	19.37	31.4	21.209	19.1	24.4	94.516	82.223	100	101.633	2.377	113.053	2.47	4.026	0.153	0.001	0.464	0.366	0.367	0.415	0.433	-0.541	-0.1	-0.1	0.463	0.964	0.916	1.122	2.651	21.837	21.463	20.867	19.91	18.671	0.927
2026-03-09	-92.354	30.178	0	22.584	17.38	27.79	22.733	19.7	25.7	94.675	86.032	100	101.668	2.619	114.024	3.35	5.243	0.159	0	0.455	0.369	0.37	0.415	0.433	-0.1	-0.1	-0.1	0.506	0.999	0.944	1.119	2.646	22.078	21.625	20.999	20.079	18.875	0.925
2026-03-10	-92.354	30.178	0	23.946	21.38	31.6	23.803	22	27.7	89.916	74.999	98.918	101.646	2.64	185.194	4.116	6.618	0.321	0	0.416	0.368	0.371	0.415	0.433	-0.1	-0.1	-0.1	0.564	0.972	0.966	1.119	2.646	22.921	22.221	21.376	20.314	19.056	0.913
2026-03-11	-92.354	30.178	38.813	22.767	16.86	28.71	22.617	16.3	26.2	92.021	80.021	100	101.357	2.537	140.783	5.301	8.626	0.245	0.001	0.396	0.364	0.37	0.415	0.433	-0.1	-0.1	-0.1	0.587	0.963	0.973	1.12	2.649	22.698	22.36	21.711	20.605	19.244	0.916
2026-03-12	-92.354	30.178	0.068	13.641	4.92	19.63	13.296	10.4	16.9	76.528	52.034	100	102.198	1.181	259.19	7.096	10.741	0.356	0	0.479	0.373	0.372	0.415	0.434	-0.1	-0.1	-0.1	0.468	0.99	0.979	1.116	2.649	19.033	20.226	20.788	20.699	19.434	0.903
2026-03-13	-92.354	30.178	0	13.921	3.05	28.31	14.429	7.1	21.2	75.41	63.192	91.892	101.884	1.253	261.324	1.804	3.251	0.451	0	0.441	0.371	0.373	0.415	0.433	-0.1	-0.1	-0.1	0.529	0.979	0.988	1.116	2.651	18.177	18.654	19.159	20.107	19.545	0.829
2026-03-14	-92.354	30.178	0.034	17.257	8.38	27.16	17.863	12.8	23	80.994	61.788	98.609	101.527	1.64	233.632	2.488	4.214	0.45	0	0.396	0.367	0.373	0.415	0.433	-0.1	-0.1	-0.1	0.596	0.959	0.999	1.118	2.654	19.216	19.247	19.258	19.663	19.492	0.897
2026-03-15	-92.354	30.178	3.842	20.791	13.07	28.04	20.964	16.2	25.2	89.463	76.173	100	100.768	2.224	206.16	4.905	7.688	0.296	0	0.364	0.364	0.371	0.414	0.433	-0.1	-0.1	-0.1	0.628	0.95	0.98	1.121	2.656	20.349	19.97	19.601	19.565	19.4	0.907
2026-03-16	-92.354	30.178	6.017	10.265	3.17	16.98	9.896	6.2	14.7	52.691	36.388	100	101.821	0.664	235.682	8.089	12.346	0.568	0	0.456	0.374	0.373	0.415	0.433	-0.1	-0.1	-0.1	0.498	0.965	0.985	1.119	2.657	16.519	18.242	19.105	19.621	19.333	0.907
2026-03-17	-92.354	30.178	0	7.435	-0.93	22.31	6.6	1.8	12.3	51.311	33.89	72.957	102.624	0.494	269.903	2.319	4.01	0.502	0	0.396	0.372	0.374	0.415	0.433	-0.1	-0.1	-0.1	0.586	0.941	0.987	1.117	2.659	14.48	15.859	17.019	18.94	19.291	0.823
2026-03-18	-92.354	30.178	0	10.741	1.25	25.53	11.389	5.8	17.8	68.986	42.047	89.054	102.423	0.908	199.899	1.82	3.219	0.483	0	0.37	0.369	0.373	0.415	0.433	-0.1	-0.1	-0.1	0.614	0.937	0.968	1.118	2.661	15.155	15.781	16.533	18.2	19.108	0.85
2026-03-19	-92.354	30.178	0.017	15.574	4.8	27.76	15.664	9.2	22.2	82.245	62.216	99.344	102.26	1.461	262.452	2.627	4.341	0.382	0	0.342	0.365	0.373	0.414	0.433	-0.1	-0.1	-0.1	0.643	0.926	0.967	1.12	2.666	17.021	16.88	16.853	17.851	18.842	0.875
2026-03-20	-92.354	30.178	0.119	17.548	8.21	29.38	18.188	12.8	23.7	85.844	65.174	100	102.037	1.779	243.485	2.816	4.607	0.362	0	0.31	0.36	0.372	0.414	0.432	-0.138	-0.1	-0.1	0.676	0.915	0.965	1.123	2.671	18.36	18.032	17.659	17.904	18.631	0.904
2026-03-21	-92.354	30.178	0.17	19.276	12.25	28.18	19.633	15	24.8	86.591	66.051	100	101.734	1.958	241.088	3.501	5.495	0.375	0	0.282	0.355	0.371	0.414	0.432	-5.321	-0.1	-0.1	0.685	0.901	0.954	1.126	2.676	19.374	18.898	18.344	18.181	18.505	0.909
2026-03-22	-92.354	30.178	0.255	20.412	13.72	29.08	20.63	15.9	25.6	86.438	64.333	100	101.552	2.072	249.865	3.763	5.879	0.401	0	0.257	0.347	0.371	0.414	0.432	-18.387	-0.1	-0.1	0.696	0.881	0.934	1.127	2.679	20.161	19.624	18.959	18.502	18.5	0.908
2026-03-23	-92.354	30.178	0.306	20.819	11.13	33.05	20.851	15	26.5	84.734	52.656	100	101.794	2.051	228.33	1.684	2.94	0.468	0	0.232	0.339	0.37	0.414	0.432	-27.805	-0.1	-0.1	0.719	0.864	0.916	1.13	2.681	20.796	20.207	19.458	18.837	18.586	0.906
2026-03-24	-92.354	30.178	0.017	20.203	11.64	32.72	20.782	15.4	26.6	74.414	49.51	96.533	101.893	1.799	245.643	1.787	3.116	0.71	0	0.212	0.332	0.368	0.413	0.432	-39.415	-0.1	-0.1	0.756	0.843	0.909	1.133	2.681	21.076	20.66	19.944	19.194	18.689	0.87
2026-03-25	-92.354	30.178	0.187	20.616	13.11	32.1	20.836	16.4	26.6	84.068	55.371	100	101.888	2.031	240.971	1.829	3.238	0.475	0	0.191	0.325	0.366	0.413	0.432	-53.653	-0.1	-0.1	0.797	0.812	0.903	1.132	2.686	21.669	21.17	20.383	19.51	18.842	0.909
2026-03-26	-92.354	30.178	0.204	20.606	12.06	30.34	20.877	17.1	26	83.853	59.972	100	101.826	2.034	242.386	2.598	4.295	0.472	0	0.172	0.317	0.363	0.413	0.432	-72.648	-0.1	-0.1	0.856	0.773	0.894	1.133	2.689	21.512	21.166	20.62	19.805	18.997	0.903
2026-03-27	-92.354	30.178	0.204	21.877	13.54	33.19	22.314	17	28	81.88	54.403	100	101.896	2.161	267.086	2.011	3.385	0.592	0	0.157	0.308	0.36	0.413	0.432	-99.945	-0.1	-0.1	0.896	0.74	0.887	1.131	2.692	22.082	21.465	20.754	19.997	19.154	0.897
2026-03-28	-92.354	30.178	0	17.203	11.23	25.79	17.743	13.2	21.9	54.871	39.222	91.392	102.597	1.108	264.266	5.218	8.622	0.947	0	0.147	0.298	0.356	0.412	0.432	-170.231	-0.1	-0.1	0.982	0.676	0.878	1.132	2.69	19.89	20.598	20.654	20.214	19.301	0.834
2026-03-29	-92.354	30.178	0	18.831	8.46	31.27	19.493	12.5	26.3	60.161	44.629	89.265	102.342	1.38	271.755	2.19	3.949	0.973	0	0.14	0.286	0.352	0.412	0.431	-277.508	-0.248	-0.1	NA	0.604	0.876	1.132	2.696	20.333	20.182	19.987	20.041	19.418	0.828
2026-03-30	-92.354	30.178	0.017	22.497	16.92	32.88	22.483	19	27.6	81.269	53.645	98.667	102.059	2.173	246.072	2.825	4.727	0.588	0	0.133	0.274	0.347	0.412	0.431	-381.221	-4.577	-0.1	NA	0.58	0.876	1.133	2.699	22.043	21.374	20.634	20.038	19.5	0.9
2026-03-31	-92.354	30.178	0.238	22.643	15.36	31.69	22.753	19.2	28	85.141	59.711	100	101.841	2.318	214.258	2.983	4.816	0.491	0	0.13	0.261	0.341	0.412	0.431	-491.12	-12.692	-0.1	NA	0.57	0.876	1.129	2.705	22.292	21.761	21.086	20.298	19.524	0.906
2026-04-01	-92.354	30.178	0.306	22.978	15.63	31.44	23.324	19.7	28	84.556	62.409	100	101.654	2.384	223.095	3.182	5.127	0.515	0	0.127	0.249	0.334	0.411	0.431	-602.441	-18.277	-0.1	NA	0.562	0.876	1.127	2.707	22.52	21.99	21.342	20.519	19.632	0.894
2026-04-02	-92.354	30.178	0	23.859	20.39	30.32	24.108	21.8	27.3	86.664	73.251	94.335	101.482	2.595	167.089	4.417	7.274	0.419	0	0.125	0.238	0.328	0.411	0.432	-712.222	-24.435	-0.1	NA	0.557	0.876	1.125	2.715	22.796	22.273	21.611	20.754	19.751	0.88
2026-04-03	-92.354	30.178	0.153	24.656	21.19	32.01	24.775	22.4	28.6	83.914	64.463	99.259	101.67	2.599	221.206	3.887	6.485	0.547	0	0.124	0.228	0.321	0.411	0.432	-795.951	-31.795	-0.1	NA	0.558	0.882	1.122	2.724	23.269	22.663	21.89	20.966	19.876	0.866
2026-04-04	-92.354	30.178	3.589	24.521	20.41	32.17	24.396	21	28.7	86.571	67.791	97.789	101.665	2.623	205.914	3.769	6.015	0.459	0.028	0.123	0.217	0.311	0.411	0.431	-903.218	-42.542	-0.1	NA	0.56	0.898	1.12	2.73	23.59	22.983	22.184	21.194	20.031	0.904
2026-04-05	-92.354	30.178	1.293	19.032	14.6	24.11	18.594	15.9	21.5	82.751	61.603	99.932	101.998	1.795	171.215	4.972	8.404	0.355	0.003	0.14	0.212	0.304	0.411	0.432	-867.657	-51.099	-0.1	NA	0.558	0.904	1.117	2.729	21.541	22.046	22.007	21.404	20.174	0.895
2026-04-06	-92.354	30.178	0	16.072	9.46	25.41	16.461	13.4	21	59.458	41.145	71.019	102.126	1.097	249.17	4.275	7.458	0.795	0	0.136	0.209	0.299	0.411	0.433	-747.329	-61.42	-0.1	NA	0.553	0.907	1.115	2.719	19.281	20.163	20.724	21.172	20.3	0.815
2026-04-07	-92.354	30.178	0	15.831	3.15	29.9	17.288	9.5	24.4	54.993	30.63	78.405	101.906	1.038	298.696	2.738	4.732	1.014	0	0.128	0.204	0.287	0.411	0.433	-897.86	-75.809	-0.1	NA	0.546	0.931	1.111	2.73	19.076	19.618	20.034	20.707	20.3	0.804
2026-04-08	-92.354	30.178	0	18.902	9.52	32.09	19.683	13.9	26	66.517	47.162	85.512	101.895	1.499	254.104	2.276	4.017	0.868	0	0.122	0.198	0.271	0.411	0.435	-1098.583	-94.341	-0.1	NA	0.541	0.967	1.106	2.695	20.152	20.14	20.085	20.428	20.261	0.802
2026-04-09	-92.354	30.178	0	21.38	14.1	32.02	20.992	16.3	26	78.132	60.959	93.024	102.084	1.927	258.397	3.816	6.403	0.602	0	0.119	0.193	0.255	0.41	0.433	-1253.487	-116.066	-0.1	NA	0.54	1.001	1.102	2.658	21.239	20.947	20.564	20.44	20.2	0.819
2026-04-10	-92.354	30.178	9.379	20.596	15.88	29.87	20.363	17.4	25.2	89.296	72.786	97.852	102.183	2.141	150.789	2.988	5.061	0.268	0.004	0.124	0.191	0.244	0.409	0.427	-1363.88	-134.605	-0.1	NA	0.541	1.025	1.101	2.667	21.289	21.143	20.855	20.551	20.107	0.845
2026-04-11	-92.354	30.178	0.068	22.652	17.06	32.37	21.721	18	26.4	84.201	60.028	100	102.231	2.154	272.535	2.731	4.757	0.48	0	0.142	0.193	0.242	0.407	0.424	-997.641	-141.824	-0.1	NA	0.546	1.033	1.1	2.667	22.584	22.007	21.269	20.703	20.199	0.874
2026-04-12	-92.354	30.178	0.051	22.296	16.49	29.83	22.325	18.9	26.2	84.612	69.9	98.51	102.08	2.267	251.345	3.275	5.482	0.458	0	0.135	0.193	0.239	0.406	0.422	-606.82	-153.019	-0.1	NA	0.541	1.039	1.098	2.665	22.64	22.322	21.753	20.986	20.221	0.858
2026-04-13	-92.354	30.178	0.034	23.35	16.48	31.49	23.344	19.5	27.4	82.749	61.597	100	102.053	2.341	245.461	3.437	5.587	0.559	0	0.127	0.191	0.234	0.404	0.42	-564.38	-166.46	-0.1	NA	0.536	1.054	1.096	2.673	22.826	22.454	21.896	21.194	20.327	0.867
2026-04-14	-92.354	30.178	0.017	23.369	17.9	32.7	23.26	20	27.9	81.362	49.998	100	101.846	2.28	246.572	3.142	5.268	0.606	0	0.122	0.19	0.225	0.403	0.418	-698.966	-184.458	-0.1	NA	0.531	1.078	1.093	2.673	23.039	22.654	22.096	21.383	20.432	0.849
2026-04-15	-92.354	30.178	0.068	22.84	17.64	32.48	23.163	19.3	28.4	81.57	52.134	100	101.651	2.275	180.109	3.118	5.014	0.596	0	0.119	0.188	0.218	0.401	0.416	-919.443	-204.357	-0.1	NA	0.524	1.1	1.09	2.676	22.77	22.551	22.157	21.508	20.543	0.855
2026-04-16	-92.354	30.178	0.034	24.005	15.8	34.06	24.226	20	29.3	79.619	48.843	99.356	101.634	2.347	228.476	2.642	4.43	0.725	0	0.117	0.186	0.212	0.399	0.415	-1073.972	-227.026	-0.1	NA	0.521	1.116	1.085	2.674	23.215	22.786	22.233	21.603	20.644	0.872
2026-04-17	-92.354	30.178	0.204	23.64	14.27	34.3	23.771	19.3	29.1	78.334	50.039	100	101.473	2.246	280.167	3.072	5.101	0.747	0	0.115	0.183	0.205	0.396	0.414	-1225.143	-259.117	-0.1	NA	0.519	1.14	1.078	2.671	23.324	22.958	22.424	21.709	20.734	0.86
2026-04-18	-92.354	30.178	4.936	22.898	15.04	34.05	22.683	19.5	28.6	88.278	63.223	99.24	101.386	2.42	176.933	2.388	3.997	0.37	0.003	0.115	0.181	0.199	0.394	0.414	-1342.153	-291.764	-2.735	NA	0.517	1.158	1.072	2.667	23.303	23.002	22.535	21.823	20.828	0.88
2026-04-19	-92.354	30.178	7.385	16.184	11.1	25.04	15.827	10.6	20.3	73.525	44.99	100	102.297	1.288	225.072	4.985	8.476	0.539	0.001	0.165	0.18	0.199	0.392	0.412	-658.625	-300.632	-10.705	0.681	0.512	1.149	1.065	2.662	20.056	21.126	21.728	21.842	20.917	0.887
2026-04-20	-92.354	30.178	0	16.945	5.8	30.72	17.328	10.5	23.5	64.965	42.925	90.02	102.408	1.254	277.248	2.332	4.153	0.786	0	0.165	0.18	0.199	0.39	0.412	-218.904	-298.193	-13.514	0.699	0.512	1.146	1.056	2.648	19.673	20.126	20.556	21.37	20.98	0.809
2026-04-21	-92.354	30.178	0.017	18.162	13.08	23.99	19.292	16	22.6	72.532	64.612	81.535	102.235	1.639	87.489	2.301	3.909	0.617	0	0.147	0.181	0.199	0.387	0.412	-206.751	-296.527	-15.808	0.766	0.515	1.147	1.048	2.64	19.883	20.292	20.603	21.086	20.887	NA
2026-04-22	-92.354	30.178	4.625	19.939	15.13	25.55	20.381	17.6	23.4	86.794	75.633	98.727	101.789	2.08	114.868	2.632	4.298	0.325	0.003	0.15	0.182	0.199	0.386	0.412	-200.606	-284.717	-17.235	0.744	0.521	1.148	1.042	2.639	20.656	20.664	20.646	20.928	20.8	0.818
2026-04-23	-92.354	30.178	0.136	23.143	17.05	32.34	22.438	19.1	27	86.658	68.885	100	101.311	2.332	268.126	3.342	5.562	0.411	0	0.154	0.182	0.199	0.384	0.412	-206.725	-287.178	-18.425	0.731	0.529	1.152	1.037	2.637	22.22	21.736	21.172	20.96	20.706	0.861
2026-04-24	-92.354	30.178	0.068	24.133	18.61	33.08	23.52	19.9	27.6	89.617	75.071	100	100.881	2.588	190.234	3.126	5.058	0.337	0	0.139	0.183	0.199	0.381	0.411	-247.77	-298.894	-19.863	NA	0.532	1.157	1.024	2.635	23.035	22.53	21.868	21.223	20.7	0.88
2026-04-25	-92.354	30.178	5.833	25.603	20.47	33.9	24.658	19.7	28.8	90.271	75.74	100	100.803	2.791	240.783	3.151	5.055	0.341	0.001	0.144	0.183	0.198	0.378	0.411	-141.23	-302.021	-21.405	0.804	0.534	1.163	1.019	2.628	24.337	23.581	22.59	21.557	20.764	0.893
2026-04-26	-92.354	30.178	0.068	26.233	21.8	34.24	25.558	22.7	29.8	88.061	67.4	100	100.954	2.859	231.382	2.795	4.735	0.443	0	0.139	0.183	0.198	0.375	0.411	-128.397	-309.391	-23.101	NA	0.536	1.167	1.013	2.62	24.92	24.232	23.259	21.953	20.871	0.878
2026-04-27	-92.354	30.178	0	26.459	22.54	34.06	26.041	23.7	29.7	84.6	66.13	94.861	101.181	2.833	247.268	4.213	7.053	0.557	0	0.126	0.182	0.196	0.37	0.411	-249.631	-334.64	-25.342	NA	0.533	1.17	1.005	2.611	25.121	24.54	23.66	22.335	21.047	0.819
2026-04-28	-92.354	30.178	0	26.421	21.4	33.97	25.776	23.2	29.3	84.213	67.537	96.417	101.415	2.774	268.328	3.995	6.688	0.564	0	0.118	0.181	0.195	0.365	0.41	-510.21	-369.241	-28.277	NA	0.528	1.176	0.993	2.6	25.143	24.631	23.846	22.628	21.231	0.841
2026-04-29	-92.354	30.178	0	26.262	20.2	35.61	25.286	22.8	29.9	85.238	64.163	97.798	101.187	2.724	204.859	2.662	4.33	0.52	0	0.114	0.18	0.192	0.36	0.41	-806.76	-401.515	-31.831	NA	0.525	1.185	0.983	2.595	25.283	24.72	23.96	22.812	21.415	0.861
2026-04-30	-92.354	30.178	57.153	23.168	19.67	32.59	22.286	19.2	26.3	93.622	86.171	100	101.013	2.528	112.893	2.122	3.927	0.176	0.001	0.242	0.238	0.229	0.371	0.42	-579.573	-248.869	-20.618	0.551	0.725	1.139	1.018	2.578	24.086	24.157	23.93	23.038	21.566	0.861
2026-05-01	-92.354	30.178	63.89	17.24	12.99	19.75	16.515	12	19.3	99.431	98.041	100	101.083	1.884	23.118	5.126	9.152	0.009	0.003	0.452	0.353	0.332	0.401	0.437	-0.1	-0.102	-0.1	0.536	1.007	1.025	1.075	2.565	21.446	22.415	22.944	22.956	21.723	NA
2026-05-02	-92.354	30.178	2.569	17.389	11.11	26.02	16.509	11.9	21.5	76.703	50.84	100	101.639	1.397	326.684	4.666	7.688	0.521	0	0.452	0.369	0.357	0.404	0.438	-0.1	-0.1	-0.1	0.544	0.999	1.017	1.079	2.562	19.664	20.498	21.209	22.3	21.791	0.881
2026-05-03	-92.354	30.178	0.034	18.343	7.53	31.23	18.595	11.9	24.2	66.381	42.407	99.192	102.004	1.362	328.623	1.184	2.407	0.845	0	0.372	0.36	0.359	0.405	0.437	-0.1	-0.1	-0.1	0.668	0.977	1.018	1.082	2.564	20.556	20.76	20.899	21.693	21.657	0.854
2026-05-04	-92.354	30.178	0.051	19.571	9.26	30.81	19.933	15	24.6	73.014	55.626	93.705	101.524	1.67	320.223	2.507	4.376	0.703	0	0.329	0.354	0.356	0.406	0.437	-0.1	-0.1	-0.1	0.705	0.96	1.012	1.086	2.568	21.417	21.356	21.263	21.544	21.499	0.861
2026-05-05	-92.354	30.178	0	22.816	16.45	31.41	22.725	18.2	26.8	87.007	79.913	94.553	101.021	2.424	176.882	3.687	5.982	0.378	0	0.306	0.347	0.353	0.405	0.437	-0.1	-0.1	-0.1	0.714	0.946	1.002	1.088	2.571	22.328	22.029	21.71	21.567	21.392	0.861
2026-05-06	-92.354	30.178	0	25.667	22.02	32.76	25.296	22.8	28.5	92.896	82.606	99.229	100.988	2.996	119.942	3.466	5.607	0.242	0	0.294	0.341	0.351	0.403	0.437	-0.1	-0.1	-0.1	0.711	0.938	0.993	1.087	2.576	23.583	23.023	22.301	21.765	21.3	0.9
2026-05-07	-92.354	30.178	0.323	21.517	16.52	28.23	19.695	15.7	25.2	92.609	82.432	100	101.317	2.143	225.754	3.895	6.61	0.178	0	0.283	0.336	0.349	0.403	0.437	-0.178	-0.1	-0.1	0.716	0.928	0.984	1.088	2.581	22.851	23.021	22.681	22.068	21.358	0.9
2026-05-08	-92.354	30.178	27.136	20.384	18.24	26.3	19.603	18.2	21.4	97.032	91.426	100	101.17	2.222	55.886	2.752	4.699	0.062	0.003	0.359	0.349	0.352	0.404	0.437	-0.565	-0.1	-0.1	0.62	0.93	0.989	1.092	2.581	21.881	22.236	22.275	22.17	21.441	NA
2026-05-09	-92.354	30.178	30.261	20.982	18.9	23.77	20.48	19.3	22.2	99.122	93.566	100	101.015	2.39	45.922	3.574	5.665	0.019	0.001	0.43	0.369	0.362	0.405	0.437	-0.1	-0.1	-0.1	0.56	0.956	1.015	1.097	2.58	22.053	22.175	22.091	22.056	21.5	NA
2026-05-10	-92.354	30.178	31.097	23.862	17.79	34.6	22.03	19	28.4	94.997	80.565	100	101.363	2.527	239.519	1.992	3.836	0.171	0.001	0.466	0.374	0.365	0.405	0.438	-0.1	-0.1	-0.1	0.511	0.987	1.027	1.098	2.579	23.175	22.685	22.131	21.986	21.5	0.927
2026-05-11	-92.354	30.178	47.152	22.129	18.77	26.87	21.634	20.5	24.7	98.971	94.067	100	101.581	2.565	71.471	2.032	4.137	0.026	0.001	0.476	0.374	0.365	0.406	0.438	-0.1	-0.1	-0.1	0.509	1.001	1.037	1.098	2.579	22.865	22.886	22.619	22.153	21.5	NA
2026-05-12	-92.354	30.178	0.034	23.217	18.23	32.15	21.188	19.1	25.4	94.881	79.006	99.975	101.708	2.383	307.764	2.045	3.857	0.145	0	0.476	0.374	0.366	0.406	0.438	-0.1	-0.1	-0.1	0.52	1.015	1.043	1.098	2.578	22.451	22.436	22.381	22.2	21.555	0.928
2026-05-13	-92.354	30.178	0.187	23.447	16.05	32.54	23.651	18.9	28.2	77.692	54.287	98.224	101.597	2.219	338.727	1.312	2.635	0.748	0	0.414	0.367	0.364	0.406	0.438	-0.1	-0.1	-0.1	0.623	1.002	1.061	1.101	2.577	23.66	23.476	22.92	22.371	21.6	0.903
2026-05-14	-92.354	30.178	0.119	25.719	17.04	35.26	25.528	20.2	30.6	77.867	53.217	99.333	101.462	2.483	323.039	1.721	2.972	0.841	0	0.363	0.36	0.362	0.406	0.437	-0.1	-0.1	-0.1	0.642	0.981	1.054	1.101	2.577	24.744	24.169	23.325	22.567	21.681	0.902
2026-05-15	-92.354	30.178	0.051	25.339	18.6	33.91	25.064	21.5	28.9	81.833	63.163	99.015	101.471	2.574	324.101	2.959	4.718	0.635	0	0.328	0.356	0.36	0.406	0.437	-0.1	-0.1	-0.1	0.661	0.964	1.039	1.103	2.581	25.577	24.976	24.034	22.883	21.767	0.901
2026-05-16	-92.354	30.178	0	24.62	19.47	31.98	24.527	21.4	27.6	82.896	72.196	93.574	101.465	2.543	230.387	2.711	4.67	0.556	0	0.298	0.352	0.359	0.406	0.437	-0.1	-0.1	-0.1	0.676	0.942	1.02	1.103	2.584	25.192	24.861	24.252	23.219	21.899	0.882
2026-05-17	-92.354	30.178	0	26.593	22.25	33.32	26.273	23.3	29.5	87.202	75.627	96.756	101.328	2.973	224.44	3.934	6.972	0.46	0	0.278	0.347	0.359	0.406	0.437	-2.875	-0.1	-0.1	0.666	0.923	1	1.107	2.589	25.632	25.097	24.379	23.394	22.052	0.896
2026-05-18	-92.354	30.178	0	26.728	22.31	33.04	26.459	23.7	29.4	88.814	78.893	99.131	101.517	3.062	232.659	3.631	6.389	0.404	0	0.261	0.342	0.359	0.406	0.437	-13.831	-0.1	-0.1	0.646	0.9	0.985	1.108	2.594	25.832	25.35	24.62	23.588	22.193	0.894
2026-05-19	-92.354	30.178	0	27.471	23.2	34.28	27.059	25.1	30	87.352	74.429	95.899	101.631	3.112	275.916	3.268	5.786	0.481	0	0.242	0.336	0.357	0.406	0.437	-20.629	-0.1	-0.1	0.633	0.871	0.975	1.108	2.599	26.439	25.799	24.909	23.789	22.342	0.914
2026-05-20	-92.354	30.178	20.527	24.869	20.16	33.72	23.506	19.9	27.5	94.801	85.052	100	101.521	2.752	177.59	2.487	4.376	0.163	0.001	0.344	0.353	0.361	0.407	0.438	-1.297	-0.1	-0.1	0.659	0.937	0.989	1.11	2.602	25.619	25.449	24.946	24.016	22.483	0.94
2026-05-21	-92.354	30.178	4.542	24.621	22.21	29.15	23.847	22.3	25.7	95.066	89.509	100	101.25	2.81	100.38	1.659	3.003	0.152	0.001	0.354	0.353	0.363	0.406	0.438	-0.1	-0.1	-0.1	0.654	0.954	1	1.111	2.606	25.508	25.358	24.889	24.089	22.634	0.942
2026-05-22	-92.354	30.178	0.153	27.008	20.43	36.14	25.657	21.9	29.5	88.669	71.052	100	101.089	2.901	287.71	2.673	4.32	0.426	0	0.349	0.353	0.363	0.406	0.438	-0.1	-0.1	-0.1	0.64	0.963	1.004	1.113	2.609	26.076	25.633	24.939	24.104	22.741	0.883
2026-05-23	-92.354	30.178	43.076	21.984	20.27	24.08	21.801	19.1	24.1	97.623	90.519	100	101.376	2.554	28.972	2.636	4.511	0.065	0.004	0.408	0.366	0.365	0.407	0.438	-0.1	-0.1	-0.1	0.575	0.995	1.022	1.114	2.611	24.597	24.946	24.953	24.27	22.832	NA
2026-05-24	-92.354	30.178	0.102	24.39	19.79	30.76	22.617	20.1	25.8	96.498	84.68	100	101.44	2.654	163	1.35	2.485	0.105	0	0.468	0.381	0.369	0.408	0.438	-0.1	-0.1	-0.1	0.545	1.071	1.06	1.116	2.607	24.382	24.269	24.124	24.058	22.9	0.828
2026-05-25	-92.354	30.178	0.051	26.992	20.15	38.56	24.986	21.5	28.8	88.077	71.121	100	101.256	2.768	262.099	1.304	2.569	0.421	0	0.446	0.378	0.368	0.408	0.438	-0.1	-0.1	-0.1	0.596	1.1	1.078	1.119	2.608	26.149	25.646	24.771	24.003	22.915	0.784
2026-05-26	-92.354	30.178	0.034	27.404	21.02	38.31	25.447	22.1	29.8	90.333	75.93	100	101.151	2.931	272.578	1.957	3.648	0.349	0	0.403	0.371	0.367	0.408	0.438	-0.1	-0.1	-0.1	0.61	1.024	1.094	1.12	2.609	26.978	26.427	25.546	24.358	23	0.817
2026-05-27	-92.354	30.178	7.242	25.101	20.98	33.88	24.14	20.1	27	94.519	82.792	100	101.107	2.848	146.412	2.575	4.471	0.17	0	0.422	0.371	0.366	0.408	0.438	-0.1	-0.1	-0.1	0.6	1.024	1.107	1.121	2.613	26.598	26.447	25.924	24.739	23.114	0.861
2026-05-28	-92.354	30.178	8.434	26.823	22.95	33.53	25.191	22.7	28.3	92.396	77.038	100	101.087	2.952	221.916	2.116	3.42	0.267	0.001	0.462	0.376	0.367	0.409	0.438	-0.1	-0.1	-0.1	0.563	1.072	1.117	1.123	2.612	26.975	26.541	25.819	24.853	23.265	0.852
2026-05-29	-92.354	30.178	0	28.57	20.84	38.85	26.534	22.8	30.8	86.474	65.988	99.674	101.169	2.977	335.83	2.403	3.974	0.525	0	0.449	0.374	0.366	0.409	0.439	-0.1	-0.1	-0.1	0.604	1.105	1.132	1.126	2.609	28.257	27.509	26.402	25.036	23.391	0.841
2026-05-30	-92.354	30.178	0	29.016	22.54	38.69	27.136	23.7	31.6	85.8	69.379	100	101.171	3.062	326.11	2.145	3.553	0.564	0	0.4	0.367	0.365	0.409	0.439	-0.1	-0.1	-0.1	0.638	1.036	1.146	1.128	2.613	29.265	28.48	27.239	25.452	23.536	0.858
2026-05-31	-92.354	30.178	0	28.884	22.33	38.93	27.514	24	32	86.912	68.037	99.479	101.267	3.173	281.006	1.728	3.005	0.534	0	0.369	0.358	0.362	0.408	0.439	-0.1	-0.1	-0.1	0.671	1.021	1.107	1.128	2.616	29.549	28.903	27.766	25.902	23.718	0.88
2026-06-01	-92.354	30.178	0	27.876	23.14	37.26	26.824	24.9	30.2	91.588	77.25	99.572	101.386	3.227	201.614	1.626	2.806	0.31	0	0.349	0.355	0.361	0.408	0.439	-0.1	-0.1	-0.1	0.68	0.992	1.079	1.13	2.621	29.365	28.959	28.057	26.272	23.943	0.892
2026-06-02	-92.354	30.178	16.118	27.395	22.18	37.48	25.991	21.2	30.2	91.621	80.336	99.733	101.481	3.08	205.466	1.469	3.04	0.302	0.001	0.342	0.354	0.361	0.408	0.439	-0.22	-0.1	-0.1	0.67	0.974	1.062	1.131	2.624	28.866	28.628	27.928	26.467	24.169	0.903
2026-06-03	-92.354	30.178	6.085	26.062	21.99	35.59	24.151	21.9	29	95.441	79.583	100	101.598	2.872	225.615	1.735	3.608	0.162	0	0.448	0.377	0.367	0.409	0.439	-0.1	-0.1	-0.1	0.551	1.013	1.092	1.134	2.624	28.14	28.069	27.552	26.5	24.352	0.917
2026-06-04	-92.354	30.178	21.947	25.082	21.68	32.03	24.534	22.4	27.1	93.531	79.612	100	101.572	2.88	149.169	2.917	5.593	0.207	0.001	0.464	0.379	0.367	0.41	0.439	-0.1	-0.1	-0.1	0.557	1.038	1.111	1.14	2.623	27.455	27.514	27.204	26.4	24.476	0.91
2026-06-05	-92.354	30.178	3.536	26.402	21.04	34.6	25.318	21.4	30.1	89.952	79.204	99.902	101.353	2.913	254.316	2.493	4.617	0.351	0.001	0.462	0.378	0.367	0.41	0.439	-0.1	-0.1	-0.1	0.582	1.061	1.125	1.141	2.622	27.538	27.281	26.749	26.18	24.531	0.899
2026-06-06	-92.354	30.178	0	23.902	23.71	24.09	24.462	24.2	24.8	94.967	93.763	96.062	101.185	2.913	0	2.3	4.144	0.154	0	0.464	0.378	0.367	0.41	0.439	-0.1	-0.1	-0.1	0.594	1.068	1.134	1.144	2.623	27.575	27.825	27.169	26.1	24.6	NA
