2026-01-01	-91.189	30.404	0	11.471	0.7	31.07	11.773	2.9	21.9	66.704	32.782	99.969	101.87	0.877	148.178	0.6	1.512	0.606	0	0.349	0.36	0.233	0.383	0.356	-0.1	-0.1	-0.1	0.713	2.213	6.002	2.476	2.501	13.079	13.529	14.919	16.629	18.651	0.346
2026-01-02	-91.189	30.404	0	17.857	7.9	29.86	18.272	10.9	23.5	82.85	73.327	89.551	101.036	1.791	79.119	1.105	3.472	0.382	0	0.346	0.36	0.231	0.383	0.355	-0.1	-0.1	-0.1	0.719	2.227	6.079	2.486	2.5	16.036	15.465	15.78	16.672	18.297	NA
2026-01-03	-91.189	30.404	0	20.085	12.36	35	19.524	11.8	25.9	81.509	58.682	93.588	101.048	1.876	119.267	1.56	4.325	0.458	0	0.344	0.36	0.229	0.382	0.355	-0.1	-0.1	-0.1	0.729	2.238	6.144	2.504	2.504	18.532	17.87	17.438	17.282	18.2	0.345
2026-01-04	-91.189	30.404	0	14.961	11.7	22.14	12.841	10.9	14.8	80.327	72.399	85.889	101.844	1.19	63.025	1.053	2.967	0.297	0	0.344	0.359	0.228	0.382	0.355	-0.1	-0.1	-0.1	0.709	2.221	6.118	2.519	2.492	16.071	16.621	17.432	17.758	18.349	NA
2026-01-05	-91.189	30.404	0	15.515	6.6	32.03	15.302	9	23	82.821	57.837	100	101.662	1.431	128.355	0.626	1.537	0.367	0	0.342	0.359	0.227	0.382	0.355	-0.1	-0.1	-0.1	0.71	2.233	6.143	2.524	2.486	16.495	16.623	17.201	17.694	18.4	0.347
2026-01-06	-91.189	30.404	0	19.849	10.99	37.45	19.597	13.7	27.4	85.94	58.035	100	101.451	1.938	115.024	0.682	2.085	0.412	0	0.34	0.358	0.226	0.381	0.355	-0.1	-0.1	-0.1	0.718	2.249	6.183	2.532	2.485	18.286	17.718	17.698	17.806	18.454	0.347
2026-01-07	-91.189	30.404	0	20.339	13.73	35.95	20.222	17.3	26.2	89.965	65.328	100	101.492	2.115	92.286	0.482	1.51	0.284	0	0.338	0.358	0.225	0.381	0.355	-0.1	-0.1	-0.1	0.718	2.259	6.231	2.542	2.488	19.343	18.85	18.608	18.274	18.549	NA
2026-01-08	-91.189	30.404	0.017	21.989	15.94	33.38	21.523	17.3	26.7	84.566	56.107	100	101.326	2.135	108.498	1.598	4.211	0.471	0	0.336	0.358	0.223	0.38	0.354	-0.1	-0.1	-0.1	0.695	2.25	6.254	2.553	2.488	20.049	19.451	19.187	18.715	18.752	0.351
2026-01-09	-91.189	30.404	102.678	23.179	19.9	31.93	22.217	20.1	25.8	98.938	90.436	100	101.416	2.658	75.398	0.839	2.65	0.026	0.003	0.381	0.38	0.291	0.382	0.355	-0.1	-0.1	-0.1	0.669	2.344	5.304	2.546	2.51	22.128	21.333	20.896	19.558	19.031	NA
2026-01-10	-91.189	30.404	18.256	19.21	10.67	24.76	18.837	11.8	23.1	89.971	71.876	100	101.913	2.025	52.454	1.884	4.83	0.184	0	0.379	0.383	0.294	0.383	0.356	-0.1	-0.1	-0.1	0.656	2.297	5.224	2.517	2.536	21.106	21.2	21.178	20.317	19.472	NA
2026-01-11	-91.189	30.404	0	11.799	4.51	26.15	10.901	6.7	16.4	56.549	34.592	75.685	102.953	0.72	151.829	1.529	4.185	0.606	0	0.36	0.367	0.271	0.383	0.356	-0.1	-0.1	-0.1	0.651	2.17	5.363	2.5	2.536	15.855	17.432	19.061	19.714	19.7	0.371
2026-01-12	-91.189	30.404	0	8.454	0.63	24.66	7.616	2.9	13.7	50.748	27.449	73.432	102.957	0.51	152.215	1.024	2.825	0.56	0	0.356	0.363	0.258	0.383	0.355	-0.1	-0.1	-0.1	0.626	2.154	5.453	2.482	2.53	13.045	14.869	17.1	18.623	19.577	0.372
2026-01-13	-91.189	30.404	0	10.983	0.3	27.67	9.162	1.5	16.7	57.642	27.223	97.915	102.284	0.621	142.023	0.59	1.325	0.601	0	0.353	0.362	0.254	0.383	0.355	-0.1	-0.1	-0.1	0.635	2.163	5.508	2.465	2.52	13.291	14.191	15.964	17.644	19.188	0.366
2026-01-14	-91.189	30.404	0.34	13.726	5.88	28.02	12.641	9.2	18.8	68.917	50.953	81.728	101.456	0.997	115.73	1.256	3.166	0.494	0	0.351	0.362	0.251	0.383	0.355	-0.1	-0.1	-0.1	0.653	2.176	5.579	2.455	2.515	15.019	15.311	16.255	17.309	18.776	0.37
2026-01-15	-91.189	30.404	0	8.333	-0.57	23.42	7.428	2.3	11.2	53.288	30.648	80.209	101.94	0.547	162.629	1.153	3	0.5	0	0.35	0.361	0.248	0.383	0.355	-0.1	-0.1	-0.1	0.636	2.157	5.589	2.45	2.516	13.104	14.297	15.82	17.093	18.522	0.36
2026-01-16	-91.189	30.404	0	11.507	-1.16	32.29	11.539	0.8	21.3	69.197	51.792	86.411	101.545	0.98	139.726	0.872	2.214	0.508	0	0.349	0.361	0.247	0.383	0.355	-0.1	-0.1	-0.1	0.632	2.162	5.6	2.447	2.515	13.155	13.599	14.964	16.523	18.254	0.347
2026-01-17	-91.189	30.404	1.786	9.529	5.69	12.93	9.787	6.1	13.6	66.468	45.333	92.202	102.118	0.828	38.064	1.353	4.093	0.39	0.002	0.35	0.361	0.245	0.383	0.356	-0.1	-0.1	-0.1	0.641	2.162	5.639	2.455	2.519	12.872	13.928	15.318	16.451	17.976	NA
2026-01-18	-91.189	30.404	0	3.977	-4.62	18.87	3.087	-1.3	7.5	49.463	30.865	75.348	102.491	0.368	164.508	1.179	2.72	0.408	0	0.35	0.36	0.244	0.383	0.356	-0.1	-0.1	-0.1	0.629	2.146	5.619	2.454	2.521	10.279	11.817	13.932	15.858	17.756	0.353
2026-01-19	-91.189	30.404	0	6.822	-3.59	27.63	6.217	-2.2	15.1	62.54	30.567	100	102.594	0.561	161.914	0.579	1.252	0.464	0	0.349	0.36	0.243	0.384	0.356	-0.1	-0.1	-0.1	0.628	2.151	5.63	2.449	2.521	10.459	11.301	13.074	15.124	17.376	0.342
2026-01-20	-91.189	30.404	0	10.4	-0.35	29.43	9.777	1.8	17.6	64.476	35.472	92.256	102.856	0.741	154.623	1.153	2.495	0.538	0	0.347	0.36	0.242	0.384	0.357	-0.1	-0.1	-0.1	0.62	2.15	5.672	2.452	2.523	11.447	11.984	13.293	14.886	16.99	0.336
2026-01-21	-91.189	30.404	3.095	14.106	4.91	23.29	14.541	8.7	19.9	76.024	62.717	99.233	102.283	1.285	51.015	1.353	2.808	0.403	0.002	0.345	0.36	0.24	0.383	0.357	-0.1	-0.1	-0.1	0.621	2.152	5.731	2.456	2.521	13.229	13.164	13.91	14.983	16.748	NA
2026-01-22	-91.189	30.404	3.693	16.708	11.29	26.51	16.051	14.1	18.3	96.862	88.712	100	101.923	1.768	57.688	0.66	1.54	0.06	0.001	0.358	0.366	0.238	0.383	0.356	-0.1	-0.1	-0.1	0.724	2.227	5.822	2.462	2.521	15.882	15.204	15.092	15.391	16.7	NA
2026-01-23	-91.189	30.404	0	16.653	13.34	24.98	15.367	13.6	18.5	91.627	76.313	100	101.99	1.596	64.827	1.744	3.984	0.157	0	0.354	0.365	0.237	0.382	0.356	-0.1	-0.1	-0.1	0.681	2.199	5.851	2.473	2.522	16.182	15.948	15.99	16.005	16.767	NA
2026-01-24	-91.189	30.404	71.738	11.376	9.89	13.33	10.474	8.6	13.4	93.044	83.588	100	101.589	1.179	11.778	1.836	4.335	0.092	0.001	0.373	0.372	0.28	0.383	0.356	-0.1	-0.1	-0.1	0.623	2.281	5.276	2.471	2.528	13.405	14.136	15.073	15.97	16.943	NA
2026-01-25	-91.189	30.404	11.419	5.185	0.51	11.54	2.8	-1.3	10.4	98.064	91.83	100	101.38	0.756	29.261	2.261	5.439	0.011	0.003	0.394	0.383	0.318	0.385	0.358	-0.1	-0.1	-0.1	0.575	2.298	4.679	2.457	2.538	10.262	11.527	13.087	14.883	16.767	NA
2026-01-26	-91.189	30.404	0	1.538	-4.7	14.7	-1.605	-4.5	2.9	78.356	57.211	92.907	103.05	0.423	154.552	1.624	4.301	0.127	0	0.371	0.375	0.298	0.385	0.359	-0.1	-0.1	-0.1	0.561	2.013	4.827	2.447	2.544	7.234	9.11	11.654	14.054	16.428	0.34
2026-01-27	-91.189	30.404	0	3.323	-8.06	22.73	1.011	-6.5	8.7	63.469	33.33	97.385	103.248	0.397	176.092	0.659	1.647	0.303	0	0.363	0.367	0.274	0.386	0.358	-0.1	-0.1	-0.1	0.571	2.039	5.041	2.432	2.544	7.492	8.675	10.878	13.291	15.976	0.3
2026-01-28	-91.189	30.404	0	5.08	-4.93	25.34	3.976	-1.8	11.6	67.02	35.652	96.315	102.8	0.524	178.241	0.787	1.725	0.33	0	0.359	0.365	0.265	0.385	0.358	-0.1	-0.1	-0.1	0.587	2.064	5.172	2.421	2.541	8.865	9.545	11.077	12.951	15.522	0.287
2026-01-29	-91.189	30.404	0	7.107	-4.33	27.68	6.586	-2.6	16	70.978	34.809	97.95	102.154	0.663	168.861	0.743	1.659	0.391	0	0.356	0.364	0.261	0.385	0.358	-0.1	-0.1	-0.1	0.587	2.075	5.246	2.405	2.535	9.316	9.849	11.221	12.865	15.21	0.259
2026-01-30	-91.189	30.404	0	8.841	0.33	24.82	7.761	3.2	13.8	69.378	51.276	89.255	102.03	0.732	138.535	1.421	3.497	0.342	0	0.353	0.363	0.258	0.385	0.358	-0.1	-0.1	-0.1	0.596	2.098	5.309	2.396	2.534	10.645	10.936	11.856	13.016	15.021	0.264
2026-01-31	-91.189	30.404	0	3.498	-3.62	15.76	0.225	-1.9	2.8	51.854	39.745	62.213	102.866	0.323	217.562	1.76	4.881	0.301	0	0.353	0.362	0.256	0.385	0.359	-0.1	-0.1	-0.1	0.579	2.074	5.298	2.386	2.537	8.116	9.47	11.339	12.985	14.928	0.26
2026-02-02	-91.189	30.404	0	7.769	-4.82	30.03	7.04	-2.8	17.6	68.491	41.55	96.107	102.702	0.685	177.993	0.678	1.66	0.426	0	0.35	0.362	0.252	0.386	0.359	-0.1	-0.1	-0.1	0.581	2.086	5.357	2.371	2.537	9.056	9.201	10.319	12.003	14.399	0.248
2026-02-03	-91.189	30.404	7.642	13.818	1.29	34.31	13.706	5.7	21.9	76.184	52.064	97.15	102.198	1.201	109.128	0.92	2.487	0.451	0.001	0.348	0.362	0.25	0.385	0.359	-0.1	-0.1	-0.1	0.595	2.106	5.443	2.375	2.533	12.032	11.374	11.564	12.339	14.204	0.243
2026-02-04	-91.189	30.404	18.579	12.655	3.85	22.66	11.894	6.5	15	75.9	47.917	100	102.21	1.082	168.399	1.648	4.222	0.325	0	0.377	0.376	0.298	0.386	0.359	-0.1	-0.1	-0.1	0.615	2.252	4.841	2.372	2.537	13.719	13.435	13.277	13.161	14.262	0.268
2026-02-05	-91.189	30.404	0	7.435	-0.69	22.81	6.224	1.3	12.2	64.418	45.948	84.068	102.461	0.604	184.741	1.143	2.762	0.369	0	0.361	0.369	0.269	0.386	0.359	-0.1	-0.1	-0.1	0.591	2.103	5.118	2.351	2.541	10.945	11.596	12.688	13.419	14.472	0.258
2026-02-06	-91.189	30.404	0	12.913	1.25	35.42	13.806	4.9	24.1	65.471	32.34	94.984	101.836	0.967	184.787	0.922	2.259	0.746	0	0.356	0.366	0.263	0.386	0.358	-0.1	-0.1	-0.1	0.605	2.12	5.204	2.335	2.536	12.344	12.041	12.504	13.246	14.531	0.246
2026-02-07	-91.189	30.404	0	13.203	3.57	33.72	13.716	8	21.1	59.19	32.268	90.669	102.246	0.888	187.805	1.037	2.371	0.733	0	0.352	0.365	0.259	0.386	0.358	-0.1	-0.1	-0.1	0.595	2.123	5.272	2.326	2.537	13.29	13.131	13.33	13.577	14.573	0.246
2026-02-08	-91.189	30.404	0	13.855	1.08	35.55	13.817	3.8	24.1	66.356	36.093	90.021	102.337	1.029	183.729	0.755	1.815	0.679	0	0.35	0.364	0.256	0.386	0.358	-0.1	-0.1	-0.1	0.593	2.127	5.324	2.32	2.536	13.635	13.42	13.665	13.896	14.72	0.247
2026-02-09	-91.189	30.404	0	17.283	7.92	36.2	16.432	12.2	24.8	86.101	54.541	100	102.179	1.585	134.967	0.582	1.658	0.339	0	0.347	0.364	0.253	0.385	0.358	-0.1	-0.1	-0.1	0.605	2.148	5.401	2.322	2.534	15.738	15.024	14.626	14.346	14.881	0.251
2026-02-10	-91.189	30.404	0.153	18.756	8.67	35.95	17.93	11.8	25.4	82.992	53.192	100	102.032	1.674	143.27	0.869	2.312	0.453	0	0.346	0.364	0.25	0.385	0.358	-0.1	-0.1	-0.1	0.607	2.155	5.468	2.329	2.535	16.816	16.016	15.497	14.968	15.137	0.244
2026-02-11	-91.189	30.404	0	21.996	10.63	40.47	20.485	13.2	26.8	76.975	49.364	100	101.989	1.809	160.968	0.773	1.818	0.665	0	0.344	0.364	0.248	0.384	0.358	-0.1	-0.1	-0.1	0.618	2.174	5.537	2.338	2.535	18.739	17.535	16.571	15.612	15.458	0.229
2026-02-12	-91.189	30.404	0	20.212	13.59	39.53	19.009	15.6	24	82.97	62.268	97.436	101.956	1.808	132.804	0.867	2.195	0.413	0	0.343	0.364	0.245	0.384	0.357	-0.1	-0.1	-0.1	0.613	2.177	5.59	2.35	2.537	18.913	18.217	17.482	16.37	15.868	0.255
2026-02-13	-91.189	30.404	0.034	20.54	12.55	38.58	18.581	15.6	24.5	86.277	59.643	100	101.901	1.82	143.137	0.769	1.87	0.353	0	0.352	0.37	0.265	0.384	0.356	-0.1	-0.1	-0.1	0.701	2.191	5.355	2.364	2.539	20.102	19.474	18.996	17.399	16.355	0.264
2026-02-14	-91.189	30.404	17.511	20.002	12.51	33.75	18.897	15.2	24.2	86.677	64.746	99.628	101.432	1.879	96.433	1.6	3.792	0.33	0.001	0.348	0.366	0.253	0.383	0.356	-0.1	-0.1	-0.1	0.668	2.179	5.507	2.369	2.535	18.962	18.689	18.503	17.635	16.818	NA
2026-02-15	-91.189	30.404	11.918	18.283	12.33	30.06	17.17	14.2	21.1	85.326	66.718	100	101.069	1.657	159.841	1.921	4.621	0.318	0	0.369	0.376	0.282	0.386	0.356	-0.1	-0.1	-0.1	0.663	2.328	5.137	2.346	2.516	18.834	18.372	18.151	17.654	17.113	0.236
2026-02-16	-91.189	30.404	0	15.143	7.23	30.06	14.06	9.8	18.3	82.487	66.551	93.76	101.819	1.321	94.99	1.125	2.809	0.294	0	0.355	0.368	0.262	0.383	0.356	-0.1	-0.1	-0.1	0.648	2.198	5.34	2.357	2.48	16.436	16.908	17.57	17.548	17.28	NA
2026-02-17	-91.189	30.404	0	17.369	6.83	28.93	16.383	9.5	22.1	83.981	61.651	97.463	101.774	1.554	99.228	0.953	2.311	0.354	0	0.36	0.376	0.281	0.384	0.356	-0.1	-0.1	-0.1	0.704	2.208	5.126	2.336	2.46	18.002	17.853	18.27	17.749	17.424	NA
2026-02-18	-91.189	30.404	0.051	20.834	13.7	35.52	20.118	15.7	25.9	83.771	63.382	99.817	101.194	1.949	130.706	0.898	2.597	0.448	0	0.352	0.369	0.264	0.386	0.356	-0.1	-0.1	-0.1	0.692	2.216	5.35	2.297	2.443	19.348	18.63	18.204	17.698	17.5	0.276
2026-02-19	-91.189	30.404	0	24.989	16.7	40.17	23.666	18.4	29.5	80.41	51.351	95.588	100.783	2.302	160.71	1.173	3.729	0.664	0	0.348	0.367	0.256	0.383	0.356	-0.1	-0.1	-0.1	0.684	2.236	5.459	2.298	2.432	21.491	20.311	19.205	18.087	17.639	0.273
2026-02-20	-91.189	30.404	0	24.924	18.08	38.81	23.792	19.8	28.9	83.196	57.403	99.308	100.909	2.416	151.361	0.999	2.663	0.563	0	0.355	0.374	0.277	0.384	0.356	-0.1	-0.1	-0.1	0.759	2.259	5.241	2.291	2.422	23.206	22.25	21.351	19.289	17.98	0.29
2026-02-21	-91.189	30.404	0	23.421	12.6	40.87	22.379	14.6	28.8	79.798	57.346	100	101.413	2.192	132.998	1.418	3.649	0.566	0	0.348	0.368	0.26	0.383	0.355	-0.1	-0.1	-0.1	0.741	2.256	5.434	2.282	2.416	22.632	22.003	21.166	19.71	18.436	0.3
2026-02-22	-91.189	30.404	0	13.102	4.31	28.69	11.583	8.2	15.2	41.251	21.957	61.9	102.903	0.553	211.926	2.105	5.838	0.823	0	0.347	0.364	0.254	0.383	0.356	-0.1	-0.1	-0.1	0.694	2.23	5.426	2.278	2.414	16.152	17.504	18.794	19.152	18.694	0.312
2026-02-23	-91.189	30.404	0	10.25	0.37	29.28	8.739	4.6	13.5	35.486	24.556	49.629	103.064	0.39	217.932	1.362	3.726	0.756	0	0.346	0.363	0.252	0.383	0.356	-0.1	-0.1	-0.1	0.673	2.214	5.409	2.269	2.405	13.592	14.649	16.281	17.783	18.602	0.314
2026-02-24	-91.189	30.404	0	11.147	-1.61	32.5	9.244	0.9	18.1	49.782	27.713	79.363	102.27	0.582	211.929	1.172	2.783	0.649	0	0.344	0.361	0.25	0.383	0.356	-0.1	-0.1	-0.1	0.649	2.201	5.442	2.269	2.393	13.053	13.726	15.113	16.743	18.212	0.306
2026-02-25	-91.189	30.404	0	16.679	5.37	34	16.807	8.5	23.4	76.992	57.153	94.154	101.206	1.474	100.615	1.111	3.101	0.523	0	0.34	0.361	0.247	0.383	0.356	-0.1	-0.1	-0.1	0.647	2.204	5.511	2.276	2.383	15.696	15.338	15.763	16.583	17.841	0.312
2026-02-26	-91.189	30.404	0.408	20.157	13.83	32.99	20.181	16.5	24.9	85.543	69.515	96.201	101.035	2.017	87.963	0.807	2.252	0.37	0	0.338	0.362	0.244	0.382	0.356	-0.1	-0.1	-0.1	0.654	2.213	5.596	2.292	2.378	18.633	17.766	17.278	17.086	17.7	NA
2026-02-27	-91.189	30.404	4.762	22.497	12.74	40.4	21.396	17	27.5	75.82	43.25	100	101.3	1.87	170.906	1.02	2.36	0.727	0.001	0.353	0.373	0.277	0.384	0.356	-0.1	-0.1	-0.1	0.787	2.234	5.22	2.298	2.377	21.056	20.27	19.747	18.291	17.841	0.328
2026-02-28	-91.189	30.404	0	21.042	11.1	39.74	19.434	14.8	26.4	72.209	38.028	98.035	101.651	1.567	203.354	0.971	2.352	0.744	0	0.345	0.366	0.257	0.382	0.356	-0.1	-0.1	-0.1	0.736	2.216	5.457	2.298	2.372	20.161	19.854	19.453	18.626	18.15	0.331
2026-03-01	-91.189	30.404	0.051	19.062	9.03	37.59	18.236	10.9	25.2	73.119	45.732	99.204	101.956	1.478	201.69	1.308	2.943	0.698	0	0.342	0.364	0.25	0.382	0.356	-0.1	-0.1	-0.1	0.716	2.214	5.535	2.303	2.367	19.035	18.997	19.045	18.63	18.36	0.339
2026-03-02	-91.189	30.404	0.017	20.191	8.28	39.79	18.907	11.6	26.2	76.147	44.482	99.791	101.955	1.625	210.502	1.177	2.776	0.643	0	0.339	0.363	0.245	0.381	0.356	-0.1	-0.1	-0.1	0.701	2.214	5.601	2.313	2.362	19.528	19.161	19.003	18.624	18.489	0.345
2026-03-03	-91.189	30.404	0	23.688	13.46	39.77	21.652	16.3	28.2	81.279	49.895	100	101.977	2.056	180.305	1.764	3.978	0.604	0	0.347	0.37	0.281	0.382	0.356	-0.1	-0.1	-0.1	0.788	2.211	5.186	2.324	2.356	21.913	21.381	21.243	19.683	18.696	0.353
2026-03-04	-91.189	30.404	11.65	20.806	16.66	26.11	20.436	18	23	95.377	89.227	100	101.981	2.296	55.606	1.609	3.407	0.113	0.003	0.361	0.374	0.272	0.382	0.356	-0.1	-0.1	-0.1	0.842	2.315	5.312	2.326	2.347	21.456	21.231	20.935	19.91	19.005	NA
2026-03-05	-91.189	30.404	0.051	25.096	19.06	40.64	22.824	19.3	28.1	87	59.728	100	101.773	2.386	187.801	1.638	3.689	0.431	0	0.356	0.376	0.274	0.383	0.356	-0.1	-0.1	-0.1	0.808	2.254	5.336	2.324	2.336	22.451	21.635	20.947	19.975	19.229	0.375
2026-03-06	-91.189	30.404	0	26.01	19.07	41.51	24.093	20	30.1	83.537	61.061	97.703	101.719	2.474	188.055	1.524	3.777	0.571	0	0.352	0.376	0.27	0.382	0.356	-0.1	-0.1	-0.1	0.828	2.251	5.343	2.326	2.325	24.241	23.534	22.896	20.956	19.514	0.376
2026-03-07	-91.189	30.404	126.241	25.492	19.66	41.33	24.012	19.1	30.1	87.464	64.099	100	101.622	2.594	153.445	1.531	3.997	0.428	0.001	0.352	0.372	0.26	0.381	0.355	-0.1	-0.1	-0.1	0.829	2.269	5.461	2.335	2.313	24.353	23.608	22.722	21.252	19.887	0.381
2026-03-08	-91.189	30.404	81.999	22.065	18.79	32.19	20.58	17.8	24.8	93.29	73.677	100	101.717	2.255	127.237	0.96	2.16	0.185	0.001	0.377	0.385	0.345	0.385	0.357	-0.1	-0.1	-0.1	0.714	2.421	4.441	2.321	2.321	22.701	22.263	21.793	21.149	20.173	0.439
2026-03-09	-91.189	30.404	0	23.587	17.1	37.82	22.619	18.5	28.7	89.561	69.885	100	101.759	2.454	127.976	0.855	2.325	0.332	0	0.359	0.374	0.34	0.384	0.357	-0.1	-0.1	-0.1	0.71	2.252	4.453	2.324	2.306	23.186	22.66	22.147	21.231	20.352	0.421
2026-03-10	-91.189	30.404	0.017	25.012	18.8	39.92	23.644	20.3	28.9	86.031	65.281	100	101.756	2.485	160.974	1.007	2.739	0.474	0	0.351	0.371	0.309	0.382	0.357	-0.1	-0.1	-0.1	0.717	2.232	4.717	2.332	2.294	23.911	23.278	22.599	21.489	20.532	0.427
2026-03-11	-91.189	30.404	45.596	24.971	17.47	39.8	22.68	16	29	90.855	65.711	100	101.456	2.496	149.708	1.418	3.882	0.314	0.002	0.355	0.372	0.279	0.382	0.356	-0.1	-0.1	-0.1	0.718	2.283	5.049	2.335	2.288	24.132	23.554	22.869	21.785	20.736	0.422
2026-03-12	-91.189	30.404	2.263	17.258	7.18	31.17	14.222	9.1	17.8	69.762	38.931	100	102.125	1.116	239.154	1.947	5.474	0.522	0	0.372	0.378	0.323	0.384	0.357	-0.1	-0.1	-0.1	0.639	2.432	4.567	2.326	2.298	19.701	20.489	21.165	21.433	20.898	0.442
2026-03-13	-91.189	30.404	0	16.72	5.48	36.83	14.048	6.1	21.9	69.545	47.129	94.52	101.917	1.09	241.87	0.807	1.867	0.603	0	0.36	0.376	0.316	0.382	0.357	-0.1	-0.1	-0.1	0.711	2.287	4.557	2.326	2.288	19.123	19.567	20.656	20.904	20.864	0.444
2026-03-14	-91.189	30.404	0.051	19.404	7.95	39.97	17.113	9.8	24.8	78.687	54.501	98.114	101.603	1.516	238.555	0.983	2.359	0.524	0	0.35	0.369	0.279	0.382	0.356	-0.1	-0.1	-0.1	0.687	2.247	4.914	2.324	2.279	19.642	19.686	20.02	20.347	20.675	0.436
2026-03-15	-91.189	30.404	0.068	23.638	13.92	41.56	21.607	16.2	28	83.418	59.332	99.852	100.872	2.126	205.485	1.315	3.737	0.528	0	0.345	0.368	0.262	0.381	0.356	-0.1	-0.1	-0.1	0.677	2.242	5.145	2.324	2.273	21.806	21.168	20.828	20.461	20.508	0.435
2026-03-16	-91.189	30.404	1.038	14.054	4.67	29.02	10.527	6.5	22.1	51.596	29.494	99.377	101.701	0.707	219.05	2.392	6.603	0.591	0	0.345	0.366	0.256	0.381	0.356	-0.1	-0.1	-0.1	0.668	2.226	5.206	2.319	2.277	17.754	18.948	19.982	20.409	20.5	0.428
2026-03-17	-91.189	30.404	0	11.384	0.88	31.97	7.277	2.3	13.6	40.327	26.692	68.026	102.567	0.405	245.928	1.02	2.628	0.644	0	0.343	0.365	0.254	0.382	0.356	-0.1	-0.1	-0.1	0.642	2.207	5.196	2.307	2.277	14.73	15.742	17.359	19.095	20.33	0.439
2026-03-18	-91.189	30.404	0	11.755	2.63	32.41	10.057	3.4	17.8	62.482	36.16	90.57	102.444	0.735	159.947	0.708	1.556	0.557	0	0.341	0.364	0.252	0.382	0.357	-0.1	-0.1	-0.1	0.627	2.197	5.247	2.299	2.274	14.349	15.209	16.714	18.335	19.889	0.461
2026-03-19	-91.189	30.404	0	17.391	3.9	39.57	14.998	5.8	24.2	69.984	45.73	94.336	102.283	1.17	228.805	0.688	1.84	0.666	0	0.337	0.363	0.249	0.382	0.357	-0.1	-0.1	-0.1	0.611	2.199	5.323	2.296	2.271	16.914	16.658	17.032	18.006	19.5	0.449
2026-03-20	-91.189	30.404	0.068	20.434	9.18	41.1	17.993	11.2	25.8	78.033	53.267	100	102.072	1.579	234.747	0.715	2.144	0.584	0	0.343	0.37	0.274	0.383	0.357	-0.1	-0.1	-0.1	0.738	2.202	5.103	2.308	2.272	20.478	19.906	19.942	19.072	19.346	0.44
2026-03-21	-91.189	30.404	0.068	21.664	9.95	43.35	19.355	12.3	27.3	79.602	55.303	98.105	101.772	1.77	232.474	0.733	2.19	0.585	0	0.338	0.365	0.255	0.382	0.357	-0.1	-0.1	-0.1	0.713	2.222	5.343	2.312	2.271	20.897	20.304	19.811	19.329	19.472	0.44
2026-03-22	-91.189	30.404	0.153	23.373	12.64	43.07	20.997	15.8	28	82.13	56.288	99.888	101.604	2.006	236.294	0.743	2.375	0.558	0	0.333	0.364	0.248	0.381	0.357	-0.1	-0.1	-0.1	0.676	2.225	5.465	2.312	2.274	22.184	21.399	20.621	19.783	19.597	0.44
2026-03-23	-91.189	30.404	0.153	21.865	11.89	43.2	19.957	13.8	27.4	82.247	49.699	100	101.827	1.873	207.134	0.764	1.901	0.532	0	0.329	0.362	0.244	0.38	0.356	-0.1	-0.1	-0.1	0.619	2.228	5.548	2.317	2.274	21.72	21.27	20.871	20.176	19.81	0.45
2026-03-24	-91.189	30.404	0	23.032	12.87	43.33	21.157	15.3	27.7	63.208	47.932	82.52	101.908	1.582	215.192	0.826	2.124	0.994	0	0.337	0.369	0.269	0.381	0.356	-0.104	-0.1	-0.1	0.732	2.216	5.258	2.324	2.274	23.016	22.542	22.371	21	20.082	0.444
2026-03-25	-91.189	30.404	0	23.955	13.67	44.74	21.699	15.4	28.3	75.109	48.031	100	101.919	1.898	216.884	0.673	1.724	0.775	0	0.332	0.365	0.253	0.38	0.356	-0.1	-0.1	-0.1	0.712	2.228	5.443	2.332	2.273	23.221	22.652	22.005	21.077	20.361	0.447
2026-03-26	-91.189	30.404	0.034	24.531	14.72	45.92	21.818	17.4	28.5	80.727	51.971	99.928	101.871	2.068	222.75	0.812	2.191	0.613	0	0.326	0.363	0.247	0.38	0.356	-0.1	-0.1	-0.1	0.624	2.231	5.548	2.339	2.274	23.57	23.004	22.291	21.274	20.55	0.454
2026-03-27	-91.189	30.404	0.136	23.988	14.02	45.96	21.921	16.5	29	77.236	48.043	100	101.932	1.969	212.554	0.614	1.574	0.751	0	0.334	0.369	0.267	0.381	0.356	-0.1	-0.1	-0.1	0.747	2.24	5.325	2.345	2.277	24.16	23.577	23.199	21.876	20.795	0.449
2026-03-28	-91.189	30.404	0	21.784	13.2	39.37	19.032	14.4	23.5	48.593	30.085	73.767	102.575	1.044	238.178	1.808	5.202	1.182	0	0.329	0.364	0.253	0.38	0.355	-0.1	-0.1	-0.1	0.667	2.26	5.462	2.347	2.278	21.408	21.86	22.149	21.744	21.054	0.453
2026-03-29	-91.189	30.404	0	22.433	10.29	44.65	19.483	12.7	25.7	61.053	37.687	86.657	102.396	1.456	206.377	1.871	4.127	0.876	0	0.321	0.36	0.245	0.38	0.355	-0.298	-0.1	-0.1	0.512	2.251	5.561	2.352	2.275	21.168	21.036	21.144	21.174	21.069	0.441
2026-03-30	-91.189	30.404	1.054	24.57	18.89	42.23	22.136	19.4	27.5	84.621	62.758	98.947	102.141	2.242	170.03	1.818	4.072	0.456	0.001	0.316	0.36	0.24	0.379	0.355	-0.702	-0.1	-0.1	0.456	2.232	5.67	2.364	2.275	23.073	22.562	22.115	21.439	21.034	0.462
2026-03-31	-91.189	30.404	3.727	27.014	19.1	47.01	23.261	20.2	30.1	85.646	56.041	97.228	101.917	2.415	222.06	1.171	3.059	0.48	0.002	0.332	0.371	0.269	0.38	0.355	-0.297	-0.1	-0.1	0.77	2.227	5.354	2.378	2.28	25.412	24.666	24.172	22.381	21.219	0.446
2026-04-01	-91.189	30.404	0.918	25.42	16.77	45.4	22.745	18.1	29.8	85.845	59.934	100	101.75	2.352	223.169	1.231	2.905	0.465	0.001	0.331	0.37	0.252	0.379	0.355	-0.1	-0.1	-0.1	0.793	2.243	5.55	2.386	2.283	24.886	24.394	23.764	22.586	21.518	0.455
2026-04-02	-91.189	30.404	0	25.402	18.29	40.23	23.047	19.7	28.3	87.318	71.165	97.498	101.611	2.453	153.707	1.506	3.589	0.393	0	0.325	0.367	0.245	0.378	0.354	-0.1	-0.1	-0.1	0.661	2.227	5.658	2.393	2.283	24.546	24.151	23.766	22.755	21.728	0.462
2026-04-03	-91.189	30.404	3.433	24.355	19.95	41.59	22.928	21.2	26.8	91.181	78.569	97.741	101.806	2.55	130.477	1.879	4.035	0.256	0.001	0.337	0.373	0.271	0.379	0.354	-0.1	-0.1	-0.1	0.846	2.234	5.406	2.407	2.284	24.876	24.754	24.82	23.345	21.951	0.47
2026-04-04	-91.189	30.404	23.633	24.829	20.23	35.96	22.836	20.6	26.5	96.737	88.199	100	101.762	2.698	174.689	1.306	3.086	0.091	0.001	0.351	0.377	0.266	0.379	0.354	-0.1	-0.1	-0.1	0.914	2.357	5.445	2.404	2.279	25.193	24.784	24.41	23.311	22.171	0.492
2026-04-05	-91.189	30.404	11.459	20.777	15.39	30.39	18.669	15.6	20.8	86.799	64.959	100	101.999	1.881	99.984	1.61	4.636	0.277	0	0.361	0.38	0.281	0.379	0.354	-0.1	-0.1	-0.1	0.808	2.41	5.262	2.399	2.284	22.784	23.298	23.754	23.31	22.336	NA
2026-04-06	-91.189	30.404	0	18.173	10.19	35.32	16.151	13.1	21.1	55.687	35.527	70.311	102.144	0.998	197.095	1.598	4.518	0.858	0	0.343	0.372	0.263	0.379	0.354	-0.1	-0.1	-0.1	0.728	2.285	5.367	2.391	2.288	19.645	20.576	21.748	22.359	22.302	0.511
2026-04-07	-91.189	30.404	0	18.017	8.04	35.88	16.817	9.7	24.6	52.96	30.597	76.344	101.93	0.97	268.322	1.604	3.8	1.029	0	0.359	0.378	0.278	0.38	0.354	-0.1	-0.1	-0.1	1.036	2.394	5.222	2.389	2.292	20.691	20.892	21.729	21.915	22.073	0.461
2026-04-08	-91.189	30.404	0	21.024	10.5	40.27	18.835	12	24.5	66.961	48.761	88.265	101.975	1.44	255.499	1.759	4.221	0.806	0	0.365	0.371	0.261	0.379	0.355	-0.1	-0.1	-0.1	1.365	2.417	5.412	2.379	2.29	21.747	21.411	21.623	21.729	21.863	0.447
2026-04-09	-91.189	30.404	0	20.462	13.51	35.98	19.519	15.3	23.3	79.566	64.96	91.884	102.206	1.797	182.463	1.775	4.235	0.496	0	0.364	0.371	0.264	0.379	0.355	-0.1	-0.1	-0.1	1.436	2.447	5.442	2.381	2.292	21.305	21.532	22.184	21.838	21.71	0.455
2026-04-10	-91.189	30.404	0.153	22.402	14	37.85	20.733	16	26.4	83.09	63.768	96.849	102.271	2.02	198.855	1.639	4.009	0.475	0	0.364	0.374	0.281	0.38	0.355	-0.1	-0.1	-0.1	1.485	2.47	5.245	2.376	2.289	22.358	22.393	23.077	22.312	21.74	0.432
2026-04-11	-91.189	30.404	0.051	23.677	14.94	43.02	21.499	16.9	27.2	78.566	53.966	100	102.32	1.969	219.236	1.477	3.499	0.645	0	0.362	0.37	0.266	0.379	0.355	-0.1	-0.1	-0.1	1.455	2.52	5.425	2.363	2.289	22.971	22.75	22.645	22.12	21.703	0.432
2026-04-12	-91.189	30.404	0.153	24.206	13.23	42.61	21.622	16.1	27.5	79.413	57.065	97.576	102.186	2.021	252.2	1.141	3.002	0.631	0	0.358	0.369	0.255	0.378	0.355	-0.1	-0.1	-0.1	1.432	2.562	5.588	2.356	2.292	23.568	23.049	22.711	22.138	21.767	0.435
2026-04-13	-91.189	30.404	0.085	26.107	17.09	43.85	22.892	18.5	29.1	79.704	56.104	98.024	102.155	2.189	255.585	0.955	2.735	0.663	0	0.354	0.368	0.249	0.378	0.354	-0.1	-0.1	-0.1	1.42	2.6	5.707	2.358	2.294	25.294	24.445	23.536	22.457	21.824	0.434
2026-04-14	-91.189	30.404	0.136	25.464	16.14	43.82	22.803	18	28.7	78.944	58.679	97.426	101.939	2.161	239.85	0.955	2.667	0.674	0	0.357	0.372	0.265	0.38	0.354	-0.1	-0.1	-0.1	1.462	2.596	5.547	2.342	2.302	25.381	25.164	25.042	23.538	22.086	0.446
2026-04-15	-91.189	30.404	0.102	24.943	14.82	44.93	22.118	16.1	28.7	81.942	61.599	97.737	101.746	2.171	217.568	0.938	2.513	0.564	0	0.353	0.367	0.251	0.377	0.353	-0.1	-0.1	-0.1	1.438	2.614	5.717	2.361	2.274	24.957	24.581	24.282	23.446	22.366	0.438
2026-04-16	-91.189	30.404	0.136	26.814	17.18	43.43	23.955	18.8	30.3	80.5	53.12	99.119	101.717	2.346	252.472	1.016	2.766	0.701	0	0.348	0.367	0.251	0.378	0.353	-0.1	-0.1	-0.1	1.353	2.606	5.725	2.366	2.27	25.528	25.236	24.981	23.714	22.514	0.404
2026-04-17	-91.189	30.404	0.119	24.92	18.17	36.93	23.42	19.3	29	80.606	60.839	99.704	101.551	2.297	217.483	0.748	2.206	0.636	0	0.154	0.162	0.116	0.171	0.168	-5.018	-752.969	-88.027	1.262	2.595	5.738	2.369	2.22	25.474	25.689	27.023	26.452	26.118	0.429
2026-04-18	-91.189	30.404	2.57	25.111	17.96	41.07	23.129	19.1	29	83.64	64.153	96.429	101.431	2.359	162.652	0.87	2.351	0.519	0.003	0.022	0.02	0.022	0.022	0.032	-61.868	-3237.175	-853.415	NA	NA	NA	NA	NA	25.363	25.657	26.866	26.408	25.878	0.428
2026-04-19	-91.189	30.404	9.65	18.054	12.63	29.97	15.688	11	20.8	70.699	40.014	100	102.306	1.214	202.091	1.925	5.537	0.602	0.001	0.033	0.035	0.033	0.037	0.05	-17.348	-9696.654	-306.62	NA	NA	NA	NA	NA	17.952	17.35	18.352	18.757	18.999	0.448
2026-04-20	-91.189	30.404	0	18.522	9.53	36.53	16.597	11.6	22.9	58.509	39.608	85.065	102.45	1.078	246.349	1.476	3.521	0.858	0	0.02	0.015	0.018	0.019	0.027	-1326.599	-31125.006	-1835.412	NA	NA	NA	NA	NA	19.046	19.129	19.927	20.353	20.105	0.424
2026-04-21	-91.189	30.404	0.017	19.228	10.59	31.77	18.442	11.3	23.9	72.691	55.458	97.603	102.292	1.52	140.106	1.12	2.699	0.678	0	0.026	0.025	0.025	0.031	0.04	-440.091	-8437.301	-573.548	NA	NA	NA	NA	0.358	18.629	18.604	19.837	19.299	19.108	0.442
2026-04-22	-91.189	30.404	2.788	23.91	15.58	39.88	21.846	17.3	27.3	73.331	53.936	94.339	101.873	1.904	212.201	1.227	3.054	0.754	0.001	0.023	0.02	0.022	0.024	0.03	-563.94	-9937.551	-1045.291	NA	NA	NA	NA	NA	24.199	24.681	26.041	25.819	25.328	0.426
2026-04-23	-91.189	30.404	0.391	24.353	17.08	40.14	22.517	18	27.4	78.268	56.254	95.01	101.413	2.104	212.603	1.447	3.504	0.664	0	0.028	0.027	0.028	0.032	0.034	-54.745	-5145.889	-949.177	NA	NA	NA	NA	NA	24.188	24.14	25.748	25.185	24.786	0.441
2026-04-24	-91.189	30.404	0.051	25.674	17.73	39.78	23.446	19.2	29.4	85.674	67.94	98.443	100.973	2.462	199.747	0.83	2.422	0.474	0	0.025	0.025	0.023	0.028	0.037	-59.71	-4476.642	-696.502	NA	NA	NA	NA	0.315	25.777	25.494	27.225	26.561	25.921	0.455
2026-04-25	-91.189	30.404	11.152	25.38	19.31	35.48	23	18	28.8	91.219	74.382	100	100.886	2.566	175.123	0.755	2.252	0.287	0.001	0.024	0.031	0.016	0.02	0.044	-12.69	-1732.923	-114.399	NA	NA	NA	NA	0.078	25.336	25.121	26.741	25.923	25.359	0.478
2026-04-26	-91.189	30.404	0	27.983	21.2	42.66	24.792	21.4	29.8	88.008	72.768	99.373	101.055	2.739	227.067	0.992	2.619	0.421	0	0.019	0.019	0.013	0.012	0.028	-392.852	-4000.631	-1071.683	NA	NA	NA	NA	NA	28.321	28.265	30.003	30.029	28.476	0.462
2026-04-27	-91.189	30.404	0	28.855	21.93	43.6	25.823	22.4	30.9	80.062	55.678	97.721	101.305	2.619	243.42	1.205	3.635	0.755	0	0.018	0.015	0.012	0.011	0.025	-1695.342	-5711.829	-1792.441	NA	NA	NA	NA	NA	30.102	29.428	31.141	31.378	29.97	0.456
2026-04-28	-91.189	30.404	0	28.161	21.7	40.77	25.532	22.1	30.3	82.409	65.872	95.982	101.514	2.679	240.508	0.924	2.838	0.633	0	0.021	0.023	0.013	0.015	0.033	-529.239	-5274.678	-1010.71	NA	NA	NA	NA	0.247	28.295	27.85	29.831	29.512	28.345	0.474
2026-04-29	-91.189	30.404	0.578	27.491	20.18	42.99	24.956	21	31.4	83.243	58.889	99.415	101.276	2.606	215.147	0.934	2.573	0.605	0	0.101	0.125	0.108	0.098	0.097	-56.642	-2553.091	-630.951	0.876	1.054	3.087	1.802	1.888	28.526	28.34	29.608	28.286	26.953	0.455
2026-04-30	-91.189	30.404	46.38	23.231	19.96	35.96	20.942	18.2	25.8	95.523	82.973	100	101.101	2.371	88.517	1.321	3.561	0.121	0.003	0.303	0.347	0.312	0.274	0.258	-0.185	-0.1	-0.116	1.005	1.248	3.151	1.962	2.041	24.293	24.88	25.453	25.006	24.123	NA
2026-05-01	-91.189	30.404	45.377	17.723	13.97	21.53	15.543	11.7	18.6	99.847	99.043	100	101.169	1.782	23.426	2.204	5.725	0	0.002	0.365	0.376	0.347	0.286	0.347	-0.1	-0.1	-0.1	0.855	1.308	3.194	1.839	2.174	20.004	21.389	23.045	24.34	24.041	NA
2026-05-02	-91.189	30.404	8.084	19.576	12.8	33	16.758	11	22.8	72.869	41.18	100	101.619	1.32	299.075	1.83	5.125	0.649	0.001	0.358	0.376	0.351	0.304	0.356	-0.1	-0.1	-0.1	0.721	1.272	3.019	1.674	2.003	19.766	20.029	20.951	22.998	23.567	0.449
2026-05-03	-91.189	30.404	0	21.019	9.69	39.95	17.886	9.4	24.9	61.36	39.289	93.395	102.008	1.2	303.95	0.709	1.862	0.949	0	0.299	0.353	0.331	0.285	0.341	-0.1	-0.1	-0.1	0.669	1.243	2.929	1.711	2.272	21.351	21.432	21.914	22.618	23.057	0.408
2026-05-04	-91.189	30.404	0	22.413	11.38	41.43	18.766	11.5	25.4	70.638	49.878	95.901	101.579	1.484	298.714	0.647	1.937	0.773	0	0.261	0.348	0.327	0.279	0.337	-0.1	-0.1	-0.1	0.692	1.08	2.935	1.756	2.444	22.928	22.694	22.712	22.635	22.81	0.387
2026-05-05	-91.189	30.404	0	24.104	15.03	39.23	21.895	15.5	28	82.06	71.668	92.266	101.14	2.189	205.993	0.719	2.109	0.52	0	0.298	0.355	0.337	0.29	0.349	-0.1	-0.1	-0.1	0.84	1.229	3.002	1.774	2.237	23.782	23.298	23.097	22.799	22.79	0.405
2026-05-06	-91.189	30.404	0	27.19	20.95	39.31	25.199	21.1	29.1	90.913	82.504	97.402	101.086	2.923	121.106	0.686	2.316	0.31	0	0.286	0.354	0.328	0.277	0.351	-0.1	-0.1	-0.1	0.804	1.262	2.917	1.743	2.194	25.808	24.935	24.381	23.243	22.874	0.412
2026-05-07	-91.189	30.404	1.259	24.743	18.68	35.79	20.893	16.7	25.3	89.808	77.187	100	101.332	2.23	198.496	1.497	3.955	0.268	0.002	0.272	0.352	0.327	0.275	0.346	-0.1	-0.1	-0.1	0.796	1.203	2.944	1.812	2.264	25.115	25.107	24.954	23.731	23.125	0.431
2026-05-08	-91.189	30.404	136.362	20.256	18.82	25.95	18.961	17.6	21.2	95.907	85.328	100	101.271	2.105	31.44	1.763	4.454	0.088	0.002	0.32	0.359	0.35	0.319	0.351	-0.1	-0.1	-0.1	0.946	1.256	3.078	1.968	2.24	21.729	22.522	23.46	23.791	23.374	NA
2026-05-09	-91.189	30.404	95.131	19.952	18.7	21.16	19.087	17.7	20.5	99.891	99.475	100	101.131	2.211	11.989	NA	NA	0	0.002	0.347	0.366	0.361	0.335	0.361	-0.1	-0.1	-0.1	0.867	1.189	3.048	2.021	2.195	21.036	21.475	22.385	23.19	23.236	NA
2026-05-10	-91.189	30.404	0.034	26.27	19.44	40.32	22.908	18.8	28.5	90.014	70.253	100	101.451	2.502	262.111	1.269	3.079	0.344	0	0.327	0.363	0.356	0.335	0.361	-0.1	-0.1	-0.1	0.795	1.181	2.893	2.051	2.245	25.045	23.635	22.91	22.742	22.951	0.444
2026-05-11	-91.189	30.404	62.081	23.95	20.49	31.12	22.16	18.9	25.7	93.655	80.071	100	101.636	2.499	100.227	0.889	2.235	0.189	0.001	0.32	0.361	0.348	0.333	0.362	-0.1	-0.1	-0.1	0.752	1.158	2.76	2.084	2.283	24.482	24.381	24.303	23.306	22.935	0.446
2026-05-12	-91.189	30.404	1.514	24.716	19.5	37.54	21.273	18.9	26.9	92.691	66.272	100	101.698	2.324	296.877	1.58	3.978	0.232	0	0.351	0.365	0.363	0.335	0.357	-0.1	-0.1	-0.1	0.803	1.204	2.94	2.18	2.359	23.696	23.093	23.534	23.503	23.1	0.433
2026-05-13	-91.189	30.404	0	26.04	18.35	41.88	23.895	18.8	29.4	64.932	45.195	88.198	101.602	1.872	304.846	1.035	2.802	1.155	0	0.302	0.36	0.344	0.333	0.357	-0.1	-0.1	-0.1	0.72	1.074	2.662	2.182	2.361	25.628	25.276	24.953	23.802	23.25	0.469
2026-05-14	-91.189	30.404	0	27.391	17.44	43.23	24.348	17.1	31.1	70.433	47.211	96.818	101.496	2.069	294.622	0.669	1.725	1.094	0	0.273	0.351	0.339	0.324	0.356	-0.1	-0.1	-0.1	0.724	1.026	2.652	1.932	2.39	26.505	25.821	25.299	24.114	23.473	0.467
2026-05-15	-91.189	30.404	0	27.047	19.36	38.78	24.705	19.4	30.2	79.353	62.259	95.086	101.539	2.454	279.702	0.567	1.662	0.725	0	0.277	0.352	0.339	0.294	0.357	-0.1	-0.1	-0.1	0.877	1.034	2.718	1.829	2.366	27.827	27.077	26.28	24.555	23.726	0.488
2026-05-16	-91.189	30.404	0	27.763	20.78	41.61	24.577	20.3	29.6	77.23	59.491	92.525	101.569	2.36	256.726	0.732	2.254	0.769	0	0.271	0.352	0.334	0.283	0.354	-0.1	-0.1	-0.1	0.897	1.031	2.652	1.794	2.383	27.661	27.113	26.628	25.006	24.046	0.478
2026-05-17	-91.189	30.404	0	28.688	20.86	43.54	25.759	21.2	31.2	82.733	69.636	91.344	101.474	2.747	231.469	1.404	3.756	0.619	0	0.248	0.348	0.331	0.279	0.35	-0.1	-0.1	-0.1	0.853	0.895	2.673	1.797	2.454	28.121	27.343	26.756	25.254	24.33	0.467
2026-05-18	-91.189	30.404	0	28.77	22.53	39.66	26.977	23.1	31.8	80.591	65.532	93.578	101.648	2.846	279.059	1.505	4.097	0.757	0	0.264	0.351	0.337	0.279	0.349	-0.1	-0.1	-0.1	1.001	0.917	2.723	1.835	2.464	29.015	28.286	27.492	25.566	24.566	0.493
2026-05-19	-91.189	30.404	1.412	29.584	23.79	43.9	26.634	23.8	31	87.523	70.627	95.899	101.733	3.041	229.283	1.151	3.092	0.477	0.001	0.261	0.35	0.333	0.276	0.346	-0.1	-0.1	-0.1	1.046	0.99	2.737	1.816	2.486	29.191	28.418	27.759	25.947	24.85	0.475
2026-05-20	-91.189	30.404	9.428	26.952	22.64	38.45	24.183	21.8	29.8	94.193	74.879	99.891	101.592	2.836	158.8	0.665	1.834	0.201	0.001	0.294	0.358	0.347	0.283	0.35	-0.1	-0.1	-0.1	1.24	1.158	2.862	1.873	2.446	28.277	28.232	28.148	26.298	25.133	0.496
2026-05-21	-91.189	30.404	12.292	26.628	22.97	34.29	24.029	21.8	26.8	94.008	84.012	100	101.329	2.809	149.938	0.723	2.08	0.192	0	0.321	0.363	0.353	0.278	0.354	-0.1	-0.1	-0.1	1.086	1.249	2.825	1.812	2.388	27.788	27.526	27.411	26.33	25.363	0.514
2026-05-22	-91.189	30.404	0.102	28.817	22.87	44.18	25.379	21.9	31.7	84.871	67.144	97.659	101.171	2.748	221.578	0.724	2.223	0.525	0	0.291	0.358	0.34	0.277	0.348	-0.1	-0.1	-0.1	0.943	1.201	2.755	1.821	2.455	28.617	28.044	27.589	26.236	25.4	0.49
2026-05-23	-91.189	30.404	18.411	23.403	21.55	28.61	21.736	20.4	24	96.763	86.235	100	101.48	2.52	54.344	0.783	2.085	0.084	0.008	0.305	0.36	0.35	0.299	0.353	-0.1	-0.1	-0.1	0.937	1.219	2.834	1.883	2.34	25.545	26.197	26.853	26.398	25.544	NA
2026-05-24	-91.189	30.404	1.02	24.796	20.94	30.52	22.631	20.2	25.2	96.936	90.824	100	101.499	2.67	108.881	0.707	1.809	0.089	0	0.334	0.363	0.355	0.298	0.368	-0.1	-0.1	-0.1	0.904	1.257	2.803	1.701	2.067	25.46	25.301	25.619	25.808	25.47	0.517
2026-05-25	-91.189	30.404	7.447	25.634	21.87	33.37	23.499	21.5	26.3	94.347	83.04	100	101.316	2.729	137.575	0.779	1.978	0.173	0	0.317	0.361	0.345	0.295	0.361	-0.1	-0.1	-0.1	0.902	1.228	2.802	1.762	2.158	26.29	26.049	26.109	25.614	25.259	0.527
2026-05-26	-91.189	30.404	0	28.247	20.13	42.55	25.103	20.3	30.5	88.415	70.768	99.771	101.255	2.806	263.697	0.757	2.107	0.44	0	0.314	0.36	0.344	0.283	0.364	-0.1	-0.1	-0.1	0.869	1.268	2.8	1.706	2.105	27.769	26.883	26.39	25.588	25.2	0.524
2026-05-27	-91.189	30.404	8.468	26.756	23.02	38.72	24.622	22	29.2	94.78	78.723	99.889	101.248	2.935	164.424	0.984	2.385	0.175	0	0.306	0.356	0.351	0.3	0.361	-0.1	-0.1	-0.1	0.975	1.286	2.848	1.841	2.153	27.927	27.653	27.509	26.021	25.297	0.524
2026-05-28	-91.189	30.404	0	24.256	24.16	24.34	24.45	24	24.6	95.612	95.116	96.506	101.051	2.931	0	1.69	3.725	0.132	0	0.323	0.361	0.361	0.292	0.366	-0.1	-0.1	-0.1	1.053	1.307	2.874	1.706	2.106	26.344	27.175	27.575	26.25	25.4	NA
