2026-01-01	-91.708	32.1	0	8.489	-0.56	19.53	11.746	2	20.6	57.466	34.421	88.25	101.489	0.765	124.769	1.466	2.97	0.718	0	0.328	0.308	0.368	0.379	0.38	-20.222	-0.62	-0.1	0.144	0.136	0.319	0.338	0.573	11.231	11.709	13.254	15.683	17.056	0.878
2026-01-02	-91.708	32.1	0	16.408	11.54	23.56	18.548	12.7	25.1	77.557	61.136	88.323	100.556	1.669	84.631	2.612	5.154	0.533	0	0.322	0.303	0.367	0.379	0.379	-21.28	-1.793	-0.1	0.148	0.137	0.322	0.335	0.57	14.019	13.901	13.735	15.434	16.818	NA
2026-01-03	-91.708	32.1	0.102	11.583	9.72	13.62	11.356	9.5	16	93.414	86.51	99.078	100.995	1.264	31.507	2.579	5.141	0.087	0	0.32	0.301	0.365	0.378	0.379	-22.074	-4.473	-0.1	0.143	0.136	0.317	0.33	0.569	14.306	14.554	14.567	15.569	16.647	NA
2026-01-04	-91.708	32.1	0	8.13	1.86	15.5	8.939	4.6	13.7	76.433	57.14	90.346	101.707	0.868	114.261	1.484	2.965	0.292	0	0.32	0.301	0.365	0.377	0.379	-22.832	-6.995	-0.1	0.136	0.133	0.312	0.326	0.566	12.992	13.494	14.338	15.679	16.6	0.885
2026-01-05	-91.708	32.1	0	9.872	1.03	19.83	11.41	3.7	17.9	85.771	71.839	100	101.354	1.192	133.704	1.718	3.19	0.232	0	0.317	0.299	0.364	0.377	0.378	-24.051	-9.512	-0.1	0.134	0.13	0.312	0.323	0.565	12.551	12.96	13.926	15.543	16.59	0.878
2026-01-06	-91.708	32.1	0	17.129	11.46	24.61	18.964	14	23.6	88.739	76.172	96.291	101.029	1.946	66.232	1.944	3.993	0.268	0	0.312	0.296	0.364	0.377	0.378	-24.633	-10.509	-0.1	0.139	0.132	0.314	0.323	0.563	14.986	14.894	14.394	15.48	16.5	NA
2026-01-07	-91.708	32.1	0.085	17.75	11.32	24.14	19.401	15.7	24.7	85.494	55.373	99.275	101.13	1.898	128.531	1.516	3.193	0.382	0	0.308	0.293	0.363	0.376	0.377	-25.492	-11.048	-0.1	0.153	0.133	0.314	0.325	0.561	16.24	16.174	15.276	15.715	16.5	0.887
2026-01-08	-91.708	32.1	6.072	19.39	14.02	22.57	20.614	16.6	24.4	88.733	68.723	97.029	100.889	2.146	36.835	2.814	5.48	0.299	0.001	0.307	0.291	0.363	0.375	0.376	-24.887	-11.588	-0.1	0.154	0.133	0.315	0.325	0.56	16.965	16.875	15.932	16.064	16.508	NA
2026-01-09	-91.708	32.1	2.093	21.005	17.42	25.61	21.461	19.3	24.4	93.947	79.933	100	101.081	2.401	63.924	1.529	2.974	0.164	0	0.324	0.301	0.364	0.375	0.376	-15.438	-11.678	-0.178	0.161	0.144	0.317	0.323	0.559	18.341	18.167	16.708	16.431	16.629	NA
2026-01-10	-91.708	32.1	31.269	13.998	4.1	20.9	14.29	6.8	21	88.946	72.476	100	101.82	1.508	70.425	2.564	5.594	0.153	0.002	0.356	0.339	0.39	0.384	0.398	-2.131	-1.59	-0.115	0.189	0.166	0.331	0.335	0.643	17.705	17.941	17.367	16.899	16.774	NA
2026-01-11	-91.708	32.1	0	4.978	-1.58	13.92	6.477	0.2	12.2	68.776	43.88	99.617	102.841	0.659	151.166	1.935	3.854	0.334	0	0.357	0.335	0.385	0.386	0.401	-0.1	-0.1	-0.1	0.16	0.159	0.322	0.332	0.655	13.98	14.845	16.305	16.979	16.971	0.876
2026-01-12	-91.708	32.1	0.017	2.853	-2.82	14.54	3.926	-1.8	12.3	71.747	35.771	97.465	102.757	0.559	134.164	0.99	1.779	0.292	0	0.356	0.332	0.381	0.386	0.399	-0.1	-0.1	-0.1	0.149	0.151	0.318	0.331	0.624	11.653	12.541	14.798	16.573	17.1	0.858
2026-01-13	-91.708	32.1	0.816	6.146	-2.68	17.71	7.467	-1.3	16.6	70.184	40.441	99.899	101.947	0.702	130.058	1.445	2.911	0.418	0	0.354	0.331	0.379	0.387	0.392	-0.536	-0.1	-0.1	0.146	0.148	0.319	0.329	0.603	11.213	11.798	13.735	16.005	17.007	0.866
2026-01-14	-91.708	32.1	9.562	9.875	5.39	15.6	10.117	7.2	14.1	83.048	52.978	98.831	101.182	1.021	90.572	2.233	4.952	0.226	0	0.362	0.343	0.388	0.388	0.386	-0.203	-0.1	-0.1	0.167	0.162	0.332	0.33	0.592	12.649	12.849	13.638	15.584	16.817	NA
2026-01-15	-91.708	32.1	0	3.018	-2.48	11.58	4.7	-0.6	9.6	55.586	36.89	69.98	101.732	0.468	150.306	1.342	2.91	0.398	0	0.362	0.339	0.387	0.39	0.385	-0.1	-0.1	-0.1	0.153	0.154	0.322	0.329	0.583	10.995	11.8	13.422	15.369	16.616	0.867
2026-01-16	-91.708	32.1	12.139	9.375	-0.71	19.7	10.708	1.9	19.9	70.08	54.177	95.108	101.147	0.951	130.521	2.453	5.01	0.438	0.002	0.359	0.336	0.383	0.39	0.384	-0.1	-0.1	-0.1	0.148	0.151	0.322	0.329	0.582	11.13	11.427	12.758	15.031	16.439	0.868
2026-01-17	-91.708	32.1	0	3.302	-1.27	8.1	4.74	0.4	11.1	66.108	42.796	94.623	102.037	0.567	57.707	1.439	3.14	0.3	0	0.364	0.34	0.385	0.39	0.383	-0.1	-0.1	-0.1	0.153	0.153	0.32	0.326	0.571	10.826	11.48	12.798	14.792	16.24	NA
2026-01-18	-91.708	32.1	0	-0.247	-5.93	9.2	0.198	-3.6	6.4	61.932	37.968	78.316	102.229	0.377	150.557	1.002	2.286	0.256	0	0.365	0.337	0.383	0.391	0.383	-0.1	-0.1	-0.1	0.142	0.145	0.317	0.325	0.568	8.806	9.698	12.004	14.523	16.053	0.856
2026-01-19	-91.708	32.1	0.017	2.971	-5.32	16.07	4.653	-4	13.7	66.411	41.055	99.515	102.393	0.548	148.927	1.077	2.022	0.378	0	0.363	0.335	0.382	0.391	0.383	-0.106	-0.1	-0.1	0.137	0.142	0.314	0.323	0.562	8.324	8.999	11.17	14.062	15.843	0.84
2026-01-20	-91.708	32.1	0	3.485	-1.99	14.28	4.719	-0.4	12	63.659	50.333	77.343	102.68	0.549	132.555	1.338	2.518	0.333	0	0.36	0.333	0.38	0.39	0.383	-0.868	-0.1	-0.1	0.137	0.141	0.313	0.321	0.557	8.762	9.308	10.971	13.684	15.591	0.865
2026-01-21	-91.708	32.1	17.453	11.405	5.82	15.57	11.817	7.9	14.8	85.735	65.505	99.654	101.974	1.212	40.882	2.421	4.238	0.183	0.003	0.364	0.339	0.383	0.391	0.386	-1.56	-0.1	-0.1	0.144	0.148	0.322	0.325	0.567	10.416	10.472	11.096	13.423	15.334	NA
2026-01-22	-91.708	32.1	2.52	11.528	9.68	13.75	11.169	9.4	12.4	94.454	88.637	99.918	101.819	1.254	47.441	2.642	4.715	0.074	0	0.373	0.354	0.397	0.408	0.405	-0.1	-0.1	-0.1	0.148	0.154	0.329	0.346	0.616	12.002	12.039	11.864	13.38	15.117	NA
2026-01-23	-91.708	32.1	0.068	9.149	2.72	14.04	8.658	2.7	11.8	88.347	68.73	100	101.969	1.024	47.043	3.012	5.535	0.112	0	0.367	0.342	0.39	0.407	0.407	-0.1	-0.1	-0.1	0.137	0.15	0.324	0.34	0.612	12.079	12.32	12.429	13.649	15	NA
2026-01-24	-91.708	32.1	0.715	1.13	-0.44	2.88	0.051	-2.4	2.6	87.94	74.919	99.753	101.604	0.537	17.828	2.5	4.903	0.078	0	0.373	0.348	0.392	0.406	0.408	-0.1	-0.1	-0.1	0.13	0.145	0.324	0.34	0.611	9.441	10.183	11.948	13.722	15	NA
2026-01-25	-91.708	32.1	0	-1.439	-4.32	0.11	-2.878	-5	-0.4	96.405	90.062	100	101.371	0.479	32.303	1.575	3.828	0.017	0	0.389	0.382	0.408	0.416	0.41	-0.1	-0.1	-0.1	0.121	0.135	0.319	0.332	0.608	6.572	7.171	9.659	13.095	14.922	NA
2026-01-26	-91.708	32.1	0	-4.32	-8.64	-0.07	-5.468	-7.4	-3.6	91.691	84.665	100	102.996	0.374	87.142	1.125	2.445	0.034	0	0.38	0.359	0.407	0.419	0.411	-0.1	-0.1	-0.1	0.114	0.135	0.309	0.33	0.605	6.089	6.717	9.294	12.584	14.714	NA
2026-01-27	-91.708	32.1	16.559	-1.505	-9.23	9.9	-2.25	-8.1	3.5	91.649	76.842	100	102.953	0.491	112.776	0.616	1.347	0.049	0	0.377	0.356	0.404	0.421	0.411	-0.1	-0.1	-0.1	0.106	0.133	0.307	0.334	0.603	5.393	6.065	8.635	12.064	14.408	0.777
2026-01-28	-91.708	32.1	13.124	2.177	-5.46	13.92	2.547	-3.4	10.2	82.534	53.113	100	102.561	0.597	147.137	0.915	2.024	0.169	0	0.376	0.353	0.404	0.423	0.412	-0.1	-0.1	-0.1	0.109	0.134	0.308	0.334	0.6	6.654	7.081	8.59	11.624	14.06	0.838
2026-01-29	-91.708	32.1	0	3.011	-5.5	18.37	4.232	-3.3	13	76.628	49.211	100	101.849	0.628	132.374	1.526	2.707	0.258	0	0.375	0.35	0.401	0.423	0.412	-0.1	-0.1	-0.1	0.108	0.132	0.306	0.336	0.599	6.683	7.152	8.633	11.41	13.738	0.814
2026-01-30	-91.708	32.1	0	3.279	-4.71	10.97	3.818	-3.2	7.6	72.263	57.021	89.683	101.961	0.586	146.347	1.905	3.801	0.23	0	0.373	0.347	0.398	0.424	0.413	-0.1	-0.1	-0.1	0.108	0.133	0.307	0.338	0.597	7.651	7.974	8.915	11.281	13.482	0.834
2026-01-31	-91.708	32.1	0	-2.348	-9.23	4.46	-3.155	-6.7	-0.7	61.804	44.033	83.533	102.893	0.3	152.911	2.338	4.837	0.188	0	0.374	0.346	0.395	0.424	0.413	-0.1	-0.1	-0.1	0.105	0.13	0.305	0.34	0.6	6.093	6.802	8.742	11.224	13.275	0.838
2026-02-01	-91.708	32.1	0	-0.718	-9.67	12.16	-1.046	-8	6.5	65.778	43.378	90.062	102.836	0.367	156.541	0.856	1.807	0.227	0	0.373	0.345	0.394	0.425	0.413	-0.1	-0.1	-0.1	0.101	0.128	0.305	0.336	0.6	5.32	5.894	8.017	10.953	13.123	0.822
2026-02-02	-91.708	32.1	0	6.859	-4.92	20.41	8.178	-1.5	17.6	67.945	49.915	84.099	102.294	0.776	155.596	1.995	3.912	0.414	0	0.371	0.344	0.393	0.424	0.413	-0.1	-0.1	-0.1	0.104	0.13	0.307	0.314	0.601	6.656	6.835	7.959	10.682	12.926	0.806
2026-02-03	-91.708	32.1	16.568	11.235	6.66	14.7	11.781	8.2	14.4	92.026	80.137	99.58	101.812	1.293	37.438	2.063	4.189	0.102	0.002	0.376	0.353	0.398	0.422	0.414	-0.1	-0.1	-0.1	0.116	0.138	0.316	0.315	0.603	9.247	9.175	8.919	10.677	12.727	NA
2026-02-04	-91.708	32.1	0.017	7.392	-1.2	13.57	7.294	2.5	13.3	77.538	56.241	100	102.213	0.802	160.59	2.562	5.423	0.234	0	0.379	0.362	0.41	0.424	0.415	-0.1	-0.1	-0.1	0.125	0.137	0.321	0.325	0.599	9.954	10.05	9.808	10.977	12.6	0.775
2026-02-05	-91.708	32.1	0.017	3.818	-4.69	14.87	5.089	-2.8	13	74.165	51.543	100	102.166	0.648	165.658	1.358	2.9	0.281	0	0.376	0.353	0.406	0.426	0.415	-0.1	-0.1	-0.1	0.113	0.137	0.312	0.327	0.601	8.547	8.993	9.77	11.228	12.608	0.734
2026-02-06	-91.708	32.1	0	10.338	0.03	23.77	14.217	4.7	25.7	58.432	33.004	80.827	101.465	0.915	166.469	1.545	3.307	0.858	0	0.373	0.348	0.401	0.427	0.415	-0.1	-0.1	-0.1	0.113	0.136	0.31	0.329	0.602	9.646	9.696	9.812	11.252	12.7	0.789
2026-02-07	-91.708	32.1	0	8.274	0.22	18.5	10.9	4.3	15.5	64.804	48.833	82.683	102.192	0.837	171.758	1.953	3.693	0.488	0	0.371	0.343	0.396	0.427	0.415	-0.1	-0.1	-0.1	0.112	0.134	0.311	0.332	0.602	10.285	10.452	10.369	11.419	12.7	0.798
2026-02-08	-91.708	32.1	0	10.878	-0.98	22.61	12.711	0.6	22	67.267	42.383	94.202	102.006	0.982	150.854	2.05	3.804	0.65	0	0.369	0.341	0.393	0.426	0.415	-0.1	-0.1	-0.1	0.112	0.133	0.311	0.332	0.603	10.21	10.333	10.478	11.596	12.7	0.806
2026-02-09	-91.708	32.1	0	16.763	10.14	25.52	18.179	13.6	24	80.543	62.306	94.519	101.792	1.672	162.06	2.241	4.357	0.459	0	0.365	0.337	0.39	0.423	0.415	-0.1	-0.1	-0.1	0.118	0.136	0.315	0.309	0.605	12.818	12.565	11.318	11.813	12.794	0.81
2026-02-10	-91.708	32.1	0	17.203	13.6	23.08	18.828	15.5	22.5	81.935	66.665	93.706	101.651	1.771	86.978	2.318	4.606	0.419	0	0.363	0.335	0.389	0.41	0.415	-0.1	-0.1	-0.1	0.121	0.139	0.317	0.317	0.606	14.007	13.862	12.422	12.296	12.867	NA
2026-02-11	-91.708	32.1	1.209	15.894	6.74	23.59	16.674	9.4	21.8	86.48	78.105	94.465	101.793	1.672	92.623	1.997	4.053	0.258	0.001	0.362	0.335	0.388	0.406	0.414	-0.1	-0.1	-0.1	0.123	0.141	0.318	0.321	0.607	14.776	14.696	13.244	12.826	13.068	NA
2026-02-12	-91.708	32.1	0	12.023	4.32	22.58	13.272	6.3	21.7	79.333	56.973	93.616	101.805	1.216	164.489	1.284	2.451	0.375	0	0.362	0.334	0.386	0.404	0.414	-0.1	-0.1	-0.1	0.121	0.139	0.316	0.32	0.609	13.939	14.076	13.468	13.258	13.31	0.814
2026-02-13	-91.708	32.1	0	13.724	5.09	24.67	16.045	7	23.8	70.583	53.724	95.906	101.659	1.294	160.946	0.959	1.92	0.628	0	0.36	0.332	0.385	0.403	0.414	-0.426	-0.1	-0.1	0.121	0.138	0.316	0.32	0.609	14.062	14.113	13.502	13.501	13.56	0.815
2026-02-14	-91.708	32.1	5.029	16.097	8.48	21.47	17.54	11.8	21.9	81.509	65.246	96.15	101.023	1.648	69.45	3.59	6.608	0.388	0.001	0.359	0.331	0.384	0.402	0.414	-1.756	-0.1	-0.1	0.122	0.139	0.317	0.321	0.611	14.556	14.557	13.781	13.708	13.751	NA
2026-02-15	-91.708	32.1	6.876	15.508	6.61	20.85	16.009	10.2	20.1	86.958	73.574	100	100.725	1.587	77.786	3.171	6.946	0.248	0	0.37	0.346	0.392	0.404	0.414	-0.1	-0.1	-0.1	0.137	0.15	0.33	0.328	0.614	15.46	15.395	14.296	13.972	13.928	NA
2026-02-16	-91.708	32.1	0	9.559	3.9	14.57	10.13	6.8	13.2	91.471	85.009	96.852	101.58	1.138	42.735	1.489	2.76	0.108	0	0.368	0.341	0.391	0.407	0.414	-0.1	-0.1	-0.1	0.126	0.141	0.322	0.328	0.614	14.026	14.37	14.277	14.229	14.106	NA
2026-02-17	-91.708	32.1	0.034	13.063	4.06	19.08	14.09	7.6	19.2	87.193	69.26	99.446	101.406	1.399	77.746	2.477	4.739	0.241	0	0.366	0.338	0.389	0.405	0.414	-0.1	-0.1	-0.1	0.121	0.14	0.319	0.326	0.618	13.642	13.791	13.826	14.244	14.267	NA
2026-02-18	-91.708	32.1	0	18.171	11.86	24.21	19.637	14.4	23.2	82.096	67.696	94.704	100.767	1.867	87.643	2.843	5.659	0.442	0	0.363	0.336	0.387	0.404	0.414	-0.1	-0.1	-0.1	0.123	0.141	0.322	0.327	0.616	15.038	14.917	14.084	14.261	14.371	NA
2026-02-19	-91.708	32.1	0	20.169	15.75	26.94	22.153	17.7	27.6	77.764	53.142	96.165	100.343	2.042	133.523	2.989	6.099	0.669	0	0.36	0.332	0.385	0.402	0.414	-0.16	-0.1	-0.1	0.126	0.142	0.323	0.326	0.617	16.423	16.228	14.82	14.481	14.442	0.844
2026-02-20	-91.708	32.1	0	16.49	11.01	21.91	18.69	14.2	22.9	61.869	40.388	96.029	100.718	1.333	110.635	2.038	3.984	0.839	0	0.357	0.329	0.383	0.401	0.414	-4.573	-0.1	-0.1	0.127	0.139	0.32	0.324	0.619	16.643	16.64	15.483	14.866	14.581	0.86
2026-02-21	-91.708	32.1	0	14.079	6.59	21.76	14.524	9.3	19.2	67.086	56.129	76.612	101.41	1.12	90.033	2.252	4.694	0.549	0	0.354	0.326	0.381	0.399	0.414	-11.468	-0.1	-0.1	0.118	0.137	0.316	0.322	0.619	15.974	16.061	15.457	15.144	14.774	NA
2026-02-22	-91.708	32.1	0	7.111	0.17	15.76	8.585	4.7	13.5	49.95	30.028	72.845	102.88	0.544	206.606	2.735	6.242	0.589	0	0.352	0.323	0.379	0.398	0.414	-13.724	-0.1	-0.1	0.117	0.132	0.313	0.32	0.62	14.061	14.495	15.004	15.198	14.95	0.845
2026-02-23	-91.708	32.1	0	4.113	-2.31	15.12	5.492	0.9	11.4	47.501	31.883	63.231	102.943	0.421	208.756	1.835	3.864	0.502	0	0.349	0.321	0.378	0.397	0.414	-16.283	-0.1	-0.1	0.115	0.128	0.311	0.318	0.622	12.096	12.685	13.966	14.973	15.057	0.846
2026-02-24	-91.708	32.1	0	6.92	-4.54	17.96	7.807	-2.4	16.3	58.485	34.261	80.31	101.848	0.62	189.829	2.894	5.405	0.542	0	0.346	0.318	0.376	0.396	0.413	-18.108	-0.1	-0.1	0.111	0.125	0.311	0.317	0.624	11.084	11.55	12.968	14.557	15.035	0.836
2026-02-25	-91.708	32.1	0	15.057	4.78	22.5	16.458	8.1	22.3	75.617	61.798	91.229	100.734	1.436	132.421	3.709	7.14	0.529	0	0.339	0.314	0.375	0.395	0.413	-19.577	-0.1	-0.1	0.115	0.127	0.314	0.316	0.624	12.989	12.942	12.925	14.204	14.933	0.85
2026-02-26	-91.708	32.1	0	18.559	13.07	25.37	20.256	16.4	23.5	81.713	71.662	92.695	100.663	1.939	103.551	2.214	4.446	0.455	0	0.333	0.309	0.374	0.395	0.411	-20.726	-0.1	-0.1	0.119	0.128	0.314	0.315	0.605	15.234	15.047	13.875	14.257	14.802	0.858
2026-02-27	-91.708	32.1	0.068	15.05	5.35	25.16	18.232	10.7	24.8	66.271	30.798	100	101.184	1.333	207.497	1.693	3.425	0.824	0	0.327	0.306	0.372	0.394	0.401	-22.97	-0.1	-0.1	0.117	0.125	0.311	0.313	0.574	15.662	15.661	14.666	14.567	14.8	0.843
2026-02-28	-91.708	32.1	0	12.34	2.51	25.54	15.584	5.3	26	59.559	31.039	89.488	101.431	1.012	205.351	1.159	2.216	0.925	0	0.32	0.301	0.37	0.393	0.393	-26.683	-0.1	-0.1	0.111	0.12	0.308	0.31	0.569	14.576	14.803	14.649	14.805	14.851	0.845
2026-03-01	-91.708	32.1	0	15.024	5.92	26.37	18.25	8.7	26.5	61.117	40.667	84.228	101.661	1.263	202.169	1.801	3.46	0.965	0	0.312	0.295	0.369	0.392	0.391	-29.801	-0.1	-0.1	0.108	0.117	0.307	0.308	0.555	14.995	15.047	14.647	14.886	14.949	0.847
2026-03-02	-91.708	32.1	0	15.172	5.34	25.92	18.178	9.1	26.3	66.701	40.771	95.448	101.673	1.351	213.03	1.761	3.435	0.84	0	0.304	0.289	0.367	0.391	0.39	-33.072	-0.1	-0.1	0.106	0.116	0.306	0.307	0.551	15.414	15.466	14.909	14.988	15.011	0.837
2026-03-03	-91.708	32.1	0.017	17.569	9.51	26.63	20.066	14.5	26.7	77.764	57.296	98.51	101.678	1.811	160.556	2.113	4.047	0.595	0	0.297	0.284	0.366	0.389	0.389	-35.354	-0.1	-0.1	0.105	0.114	0.306	0.305	0.55	16.103	16.049	15.217	15.143	15.1	0.849
2026-03-04	-91.708	32.1	0.017	20.008	13.84	27.94	21.461	17.2	26.9	84.759	70.853	97.71	101.654	2.169	140.773	2.821	5.121	0.432	0	0.29	0.278	0.364	0.388	0.389	-37.154	-0.1	-0.1	0.106	0.114	0.306	0.304	0.55	17.188	17	15.733	15.367	15.199	0.859
2026-03-05	-91.708	32.1	0.051	20.876	16.44	28.16	22.516	17.9	28.2	75.86	52.885	97.807	101.457	2.033	181.907	2.468	4.812	0.744	0	0.281	0.272	0.363	0.387	0.388	-40.362	-0.146	-0.1	0.105	0.114	0.306	0.303	0.55	18.226	18.005	16.44	15.695	15.325	0.851
2026-03-06	-91.708	32.1	4.421	22.392	15.97	29.17	23.865	19.5	29.4	77.761	55.694	93.359	101.371	2.271	168.734	3.066	5.909	0.728	0	0.268	0.264	0.361	0.386	0.387	-45.135	-1.096	-0.1	0.104	0.113	0.306	0.301	0.549	19.005	18.757	17.044	16.083	15.485	0.857
2026-03-07	-91.708	32.1	69.956	20.799	16.14	28.79	20.87	15.6	26.9	91.857	71.828	100	101.37	2.285	111.415	2.867	5.653	0.227	0.001	0.283	0.278	0.369	0.386	0.389	-32.742	-2.404	-0.1	0.115	0.119	0.313	0.303	0.552	19.491	19.353	17.718	16.503	15.696	0.872
2026-03-08	-91.708	32.1	2.654	19.023	17.05	22.88	18.546	17	21.2	95.473	81.844	100	101.441	2.037	72.604	1.136	2.294	0.104	0	0.356	0.335	0.38	0.386	0.393	-0.1	-0.1	-0.1	0.146	0.148	0.326	0.305	0.565	18.963	18.953	17.84	16.831	15.925	NA
2026-03-09	-91.708	32.1	17.072	19.38	14.3	26.15	19.62	16.3	23.3	96.97	88.069	100	101.399	2.227	71.004	1.705	3.193	0.069	0	0.361	0.339	0.388	0.392	0.394	-0.1	-0.1	-0.1	0.137	0.144	0.322	0.313	0.57	18.929	18.924	17.951	17.066	16.174	NA
2026-03-10	-91.708	32.1	0	21.915	18.59	27.14	23.1	19.8	27.4	88.326	69.181	100	101.358	2.48	127.727	2.365	4.585	0.368	0	0.363	0.341	0.396	0.396	0.408	-0.1	-0.1	-0.1	0.143	0.145	0.321	0.322	0.601	19.73	19.591	18.212	17.248	16.354	0.877
2026-03-11	-91.708	32.1	26.471	20.705	16.92	27.98	21.166	16.6	28.4	88.166	59.364	99.252	101.13	2.207	141.13	3.027	6.037	0.361	0.002	0.363	0.338	0.391	0.402	0.409	-0.1	-0.1	-0.1	0.133	0.141	0.322	0.32	0.606	20.029	19.972	18.683	17.53	16.544	0.888
2026-03-12	-91.708	32.1	3.812	10.531	3.95	17.76	10.205	5.6	14.7	73.238	45.632	100	102.143	0.9	241.15	3.496	7.224	0.361	0	0.377	0.355	0.407	0.418	0.41	-0.1	-0.1	-0.1	0.143	0.139	0.319	0.327	0.597	18.038	18.489	18.506	17.845	16.751	0.888
2026-03-13	-91.708	32.1	0.051	11.302	2.17	22.81	12.414	3.6	21.5	72.533	47.305	98.378	101.601	1.024	242.073	1.596	3.105	0.529	0	0.369	0.342	0.398	0.419	0.41	-0.1	-0.1	-0.1	0.125	0.131	0.309	0.335	0.596	15.827	16.292	17.128	17.549	16.9	0.874
2026-03-14	-91.708	32.1	0	14.644	5.87	24.55	15.991	8.2	23.3	77.51	56.513	99.767	101.279	1.405	240.918	2.023	3.835	0.501	0	0.363	0.336	0.391	0.415	0.41	-0.1	-0.1	-0.1	0.118	0.128	0.31	0.319	0.594	16.262	16.427	16.596	17.158	16.9	0.872
2026-03-15	-91.708	32.1	3.093	18.74	10.83	26.63	19.748	11.1	27.1	77.856	58.226	96.564	100.424	1.792	174.512	4.007	8.165	0.597	0	0.358	0.331	0.387	0.403	0.41	-1.724	-0.1	-0.1	0.116	0.128	0.314	0.313	0.596	17.575	17.492	16.831	17.008	16.884	0.883
2026-03-16	-91.708	32.1	0	7.187	0.03	14.54	6.843	3.4	12.9	48.095	32.49	64.18	101.678	0.482	221.262	3.276	7.634	0.518	0	0.356	0.329	0.384	0.4	0.41	-6.807	-0.1	-0.1	0.11	0.126	0.315	0.313	0.596	16.303	16.801	16.922	17.076	16.8	0.882
2026-03-17	-91.708	32.1	0	4.924	-4.74	17.36	4.059	-3.9	11.3	53.862	34.127	84.494	102.365	0.427	249.853	1.124	2.395	0.429	0	0.356	0.328	0.382	0.398	0.411	-11.567	-0.1	-0.1	0.102	0.12	0.307	0.308	0.599	13.334	14.104	15.673	16.819	16.8	0.872
2026-03-18	-91.708	32.1	0	10.252	1.05	22.37	10.975	2.4	19.3	56.348	37.187	79.942	102.118	0.72	201.217	1.855	3.675	0.674	0	0.353	0.326	0.38	0.397	0.411	-13.057	-0.1	-0.1	0.1	0.119	0.308	0.306	0.599	13.37	13.739	14.8	16.311	16.747	0.875
2026-03-19	-91.708	32.1	0	15.855	7.03	27.68	16.555	9.7	24.6	68.034	50.803	88.562	101.941	1.278	232.343	1.902	4.024	0.695	0	0.346	0.321	0.378	0.396	0.411	-15.265	-0.1	-0.1	0.101	0.12	0.309	0.305	0.597	15.114	15.079	14.911	15.993	16.562	0.861
2026-03-20	-91.708	32.1	0.017	19.708	10.72	28.86	19.835	12.9	26.4	72.495	50.391	97.693	101.672	1.634	239.714	2.724	5.513	0.749	0	0.339	0.316	0.376	0.395	0.411	-17.809	-0.1	-0.1	0.103	0.121	0.31	0.305	0.597	16.74	16.552	15.634	16.019	16.416	0.846
2026-03-21	-91.708	32.1	0	21.79	15.06	31.03	21.481	16.3	27.8	76.269	55.469	92.583	101.333	1.931	228.868	2.647	5.54	0.696	0	0.333	0.311	0.374	0.394	0.41	-19.609	-0.1	-0.1	0.104	0.121	0.311	0.306	0.6	18.253	17.964	16.508	16.277	16.339	0.82
2026-03-22	-91.708	32.1	0.017	22.401	14.97	32.42	22.323	16.3	29.2	72.818	47.801	93.934	101.128	1.909	245.643	3.089	6.331	0.865	0	0.329	0.307	0.373	0.393	0.409	-21.066	-0.1	-0.1	0.106	0.121	0.312	0.306	0.594	19.303	19.041	17.379	16.671	16.408	0.754
2026-03-23	-91.708	32.1	0	19.176	11.4	31.37	18.869	14.9	23	71.502	47.313	99.354	101.656	1.549	198.382	1.896	4.098	0.648	0	0.325	0.304	0.371	0.392	0.403	-22.798	-0.1	-0.1	0.107	0.12	0.31	0.305	0.566	19.503	19.426	17.991	17.087	16.543	0.724
2026-03-24	-91.708	32.1	0	17.081	8.04	30.94	17.23	10.2	25.4	58.717	48.406	78.553	101.787	1.169	196.298	1.291	2.624	0.872	0	0.323	0.303	0.37	0.391	0.394	-24.468	-0.1	-0.1	0.106	0.117	0.308	0.302	0.569	18.366	18.535	17.916	17.371	16.726	0.686
2026-03-25	-91.708	32.1	0	19.726	10.16	35	19.855	12.5	27.9	69.712	47.677	89.428	101.631	1.594	234.568	1.395	2.914	0.85	0	0.321	0.3	0.369	0.39	0.392	-26.061	-0.1	-0.1	0.107	0.117	0.307	0.302	0.567	18.871	18.802	17.864	17.44	16.879	0.621
2026-03-26	-91.708	32.1	0	21.009	10.82	32.98	21.331	14.4	27.4	72.151	51.012	96.608	101.521	1.802	249.202	2.499	4.972	0.816	0	0.318	0.298	0.368	0.389	0.391	-27.398	-0.1	-0.1	0.11	0.117	0.308	0.301	0.566	19.534	19.383	18.203	17.59	17.01	0.566
2026-03-27	-91.708	32.1	0	22.217	11.98	36.43	20.775	15.1	27.7	73.438	54.566	98.183	101.776	1.791	221.4	2.109	4.781	0.732	0	0.316	0.296	0.367	0.388	0.39	-28.551	-0.1	-0.1	0.113	0.118	0.308	0.3	0.565	20.595	20.329	18.69	17.817	17.128	0.538
2026-03-28	-91.708	32.1	0	15.608	7.05	27.74	14.019	10	18.8	46.09	34.066	58.323	102.686	0.729	253.868	3.217	6.774	0.894	0	0.315	0.295	0.366	0.387	0.389	-30.042	-0.1	-0.1	0.111	0.115	0.306	0.299	0.562	19.048	19.333	18.804	18.079	17.258	0.533
2026-03-29	-91.708	32.1	0	18.644	5.62	34.42	17.352	6.6	26.6	59.852	40.997	83.317	102.15	1.185	257.196	1.903	3.935	0.982	0	0.313	0.294	0.366	0.387	0.389	-31.143	-0.1	-0.1	0.109	0.113	0.305	0.298	0.56	18.502	18.534	18.198	18.06	17.417	0.509
2026-03-30	-91.708	32.1	0	22.497	16.49	34.41	21.87	17.9	26.5	79.217	63.729	88.764	101.868	2.069	168.906	2.692	5.181	0.588	0	0.311	0.292	0.366	0.386	0.389	-31.985	-0.123	-0.1	0.113	0.116	0.307	0.298	0.558	20.177	19.919	18.563	18.045	17.5	0.499
2026-03-31	-91.708	32.1	0	24.606	17.96	36.67	23.769	19.1	29.1	74.484	50.179	95.503	101.586	2.141	234.723	2.629	5.394	0.856	0	0.311	0.291	0.364	0.385	0.388	-32.147	-0.307	-0.1	0.116	0.118	0.308	0.298	0.558	21.411	21.024	19.178	18.244	17.545	0.464
2026-04-01	-91.708	32.1	0	24.475	15.94	35.52	23.361	18.2	28.8	77.55	54.475	95.54	101.415	2.187	218.026	2.638	5.28	0.733	0	0.31	0.289	0.364	0.384	0.388	-32.803	-0.791	-0.1	0.117	0.121	0.309	0.297	0.557	22.061	21.727	19.842	18.589	17.657	0.468
2026-04-02	-91.708	32.1	0	23.227	18.9	33.86	22.674	19.6	27.7	81.93	64.112	94.036	101.268	2.243	141.439	3.303	6.379	0.541	0	0.309	0.289	0.363	0.384	0.388	-32.98	-1.835	-0.1	0.117	0.121	0.308	0.299	0.558	22.039	21.84	20.252	18.919	17.841	0.455
2026-04-03	-91.708	32.1	9.779	23.968	19.96	36.27	22.782	20	29	87.063	65.709	97.087	101.507	2.398	163.448	2.855	5.421	0.408	0.001	0.315	0.289	0.366	0.383	0.387	-30.933	-2.546	-0.1	0.136	0.125	0.315	0.297	0.558	22.342	22.067	20.453	19.183	18.032	0.446
2026-04-04	-91.708	32.1	50.683	22.259	17.94	32.61	21.24	17	27.2	94.252	78.228	100	101.506	2.386	118.569	1.999	3.877	0.165	0.001	0.344	0.315	0.377	0.39	0.392	-15.442	-0.1	-0.1	0.186	0.144	0.334	0.314	0.567	22.107	22.046	20.85	19.591	18.247	0.464
2026-04-05	-91.708	32.1	1.173	17.674	11.26	27.3	15.547	12.8	18.4	75.493	55.415	100	102.038	1.331	236.283	2.675	6.031	0.443	0	0.365	0.342	0.397	0.402	0.408	-0.1	-0.1	-0.1	0.256	0.177	0.348	0.343	0.609	21.28	21.421	20.753	19.817	18.479	0.459
2026-04-06	-91.708	32.1	0	15.978	7.16	29.64	14.394	9.5	20.5	61.411	39.174	79.584	102.106	0.981	263.688	2.273	4.666	0.701	0	0.36	0.333	0.388	0.395	0.408	-0.1	-0.1	-0.1	0.227	0.173	0.339	0.321	0.612	19.702	20.069	20.015	19.616	18.6	0.45
2026-04-07	-91.708	32.1	0	16.483	4.82	33.35	15.365	6.1	24.7	65.79	38.021	98.13	101.809	1.094	270.092	1.816	3.402	0.782	0	0.357	0.33	0.384	0.393	0.408	-0.1	-0.1	-0.1	0.211	0.17	0.335	0.315	0.616	18.831	19.134	19.264	19.358	18.683	0.442
2026-04-08	-91.708	32.1	0	18.894	8.23	34.47	18.208	10.5	26	60.614	36.154	85.119	101.798	1.204	276.519	1.882	3.617	1.006	0	0.354	0.327	0.382	0.393	0.408	-0.183	-0.1	-0.1	0.204	0.172	0.333	0.313	0.609	19.516	19.574	19.091	19.108	18.601	0.428
2026-04-09	-91.708	32.1	0	20.806	9.64	37.55	19.52	11.9	26.7	66.948	48.987	85.558	102.01	1.501	263.395	1.766	3.495	0.866	0	0.352	0.325	0.38	0.392	0.394	-2.783	-0.1	-0.1	0.201	0.173	0.331	0.312	0.579	20.233	20.152	19.269	19.055	18.592	0.411
2026-04-10	-91.708	32.1	0	22.039	10.65	39.63	20.635	12.7	28.1	73.719	52.385	99.382	102.067	1.764	245.267	1.507	2.915	0.764	0	0.349	0.323	0.378	0.391	0.39	-8.871	-0.1	-0.1	0.202	0.175	0.332	0.311	0.569	20.944	20.839	19.647	19.117	18.5	0.409
2026-04-11	-91.708	32.1	0	23.044	12.8	39.73	21.762	14.7	28.3	72.064	46.064	99.199	102.081	1.815	255.519	1.427	2.922	0.874	0	0.346	0.321	0.376	0.39	0.39	-10.656	-0.1	-0.1	0.206	0.177	0.332	0.311	0.568	21.793	21.619	20.129	19.296	18.585	0.408
2026-04-12	-91.708	32.1	0	23.004	11.67	37.63	21.884	14.4	27.7	71.846	56.413	95.434	101.871	1.86	253.003	2.528	4.991	0.842	0	0.344	0.319	0.375	0.39	0.389	-11.611	-0.1	-0.1	0.208	0.179	0.332	0.311	0.567	21.983	21.783	20.453	19.507	18.636	0.396
2026-04-13	-91.708	32.1	0	24.877	16.52	38.51	23.53	18.5	28.6	74.476	58.891	93.463	101.804	2.143	212.438	2.639	5.321	0.792	0	0.342	0.317	0.374	0.389	0.389	-12.319	-0.1	-0.1	0.214	0.183	0.332	0.311	0.567	22.828	22.531	20.868	19.727	18.746	0.401
2026-04-14	-91.708	32.1	0	24.877	15.69	38.76	23.275	17.2	29	75	55.072	95.835	101.606	2.113	248.517	2.271	4.579	0.802	0	0.34	0.315	0.373	0.388	0.389	-13.17	-0.1	-0.1	0.219	0.184	0.331	0.311	0.567	23.274	22.957	21.241	19.994	18.882	0.402
2026-04-15	-91.708	32.1	NA	NA	NA	NA	NA	NA	NA	NA	NA	NA	NA	NA	NA	NA	NA	NA	NA	0.337	0.308	0.372	0.388	0.388	-14.084	-0.1	-0.1	0.224	0.188	0.331	0.31	0.55	23.564	23.542	21.609	20.253	19.451	NA
2026-04-16	-91.708	32.1	NA	NA	NA	NA	NA	NA	NA	NA	NA	NA	NA	NA	NA	NA	NA	NA	NA	0.335	0.31	0.372	0.387	0.388	-15.07	-0.1	-0.1	0.229	0.195	0.33	0.31	0.552	23.51	22.283	21.814	20.474	19.585	NA
2026-04-17	-91.708	32.1	0	26.723	18.56	37.49	25.984	21.8	28.5	62.92	58.835	70.562	101.068	2.115	247.116	2.588	5.292	1.271	0	0.313	0.312	0.371	0.386	0.388	-15.771	-0.1	-0.1	0.164	0.198	0.33	0.309	0.545	23.631	21.094	21.963	20.668	19.7	0.417
2026-04-18	-91.708	32.1	2.603	21.72	11.97	34.63	20.542	10.6	25.8	85.865	72.035	93.051	101.246	2.111	113.304	2.176	4.903	0.358	0.005	0.289	0.309	0.37	0.386	0.387	-16.843	-0.1	-0.1	0.087	0.198	0.33	0.308	0.544	23.118	20.29	21.974	20.829	19.7	0.415
2026-04-19	-91.708	32.1	0.918	16.803	6.98	32.95	14.169	9.2	21.6	69.493	34.958	95.832	102.258	1.059	284.121	2.141	4.553	0.62	0	0.293	0.308	0.369	0.385	0.387	-15.917	-0.1	-0.1	0.096	0.199	0.33	0.306	0.541	21.835	19.909	21.451	20.791	19.649	0.43
2026-04-20	-91.708	32.1	0	16.53	3.78	35.02	14.981	5.5	24.3	66.336	36.16	99.663	102.261	1.061	274.572	1.517	2.776	0.788	0	0.293	0.305	0.369	0.384	0.386	-16.288	-0.1	-0.1	0.096	0.207	0.33	0.305	0.54	20.315	21.167	20.621	20.579	19.538	0.409
2026-04-21	-91.708	32.1	0	16.886	5.58	28.67	16.038	7.6	22.7	73.654	45.997	98.803	102.097	1.312	145.143	1.332	2.491	0.609	0	0.293	0.304	0.368	0.384	0.386	-17.186	-0.1	-0.1	0.098	0.212	0.33	0.305	0.538	19.333	21.55	19.923	20.243	19.5	0.415
2026-04-22	-91.708	32.1	0	22.71	14.61	39.64	21.267	16.8	27.8	67.396	46.224	84.482	101.655	1.672	221.048	1.766	3.466	0.916	0	0.29	NA	0.368	0.384	NA	-17.36	-0.156	-0.1	0.107	NA	0.331	0.304	NA	20.797	NA	19.813	19.939	NA	0.416
2026-04-23	-91.708	32.1	0.051	24.507	13.71	40.73	22.464	16.2	28.8	74.984	54.604	95.597	101.113	2	263.607	2.353	4.67	0.805	0	0.288	0.304	0.367	0.383	0.386	-18.04	-0.3	-0.1	0.125	0.21	0.332	0.304	0.54	21.883	21.741	20.346	19.958	19.5	0.399
2026-04-24	-91.708	32.1	2.297	23.42	17.45	37.2	21.666	17.9	27.7	85.988	70.994	96.958	100.664	2.227	159.198	2.34	4.737	0.41	0.001	0.287	0.302	0.366	0.383	0.386	-18.621	-0.562	-0.1	0.151	0.216	0.333	0.304	0.54	22.442	22.365	20.941	20.14	19.5	0.408
2026-04-25	-91.708	32.1	14.886	22.723	15.78	34.72	20.432	16	25.6	92.72	78.361	100	100.63	2.235	193.897	1.39	2.973	0.21	0.001	0.323	0.324	0.377	0.382	0.385	-2.793	-0.603	-0.1	0.343	0.285	0.356	0.303	0.541	22.553	22.451	21.142	20.338	19.516	0.456
2026-04-26	-91.708	32.1	15.556	25.63	17.25	38.37	23.512	16.9	28.8	89.248	74.932	100	100.732	2.583	211.184	1.692	3.63	0.372	0.001	0.332	0.334	0.392	0.391	0.394	-0.1	-0.112	-0.1	0.37	0.328	0.413	0.321	0.555	23.59	23.372	21.634	20.564	19.611	0.416
2026-04-27	-91.708	32.1	0	26.926	21.59	38.59	25.667	22.2	29.8	81.297	62.926	94.713	100.907	2.668	186.782	2.854	5.714	0.659	0	0.321	0.325	0.386	0.39	0.39	-0.1	-0.1	-0.1	0.331	0.327	0.418	0.323	0.557	24.482	24.286	22.315	20.868	19.731	0.409
2026-04-28	-91.708	32.1	0	26.748	21.11	38.07	25.517	21.6	30.1	81.075	65.651	95.257	101.087	2.636	178.425	2.584	5.407	0.662	0	0.318	0.321	0.381	0.389	0.389	-0.1	-0.1	-0.1	0.344	0.329	0.413	0.321	0.558	24.517	24.373	22.642	21.196	19.883	0.412
2026-04-29	-91.708	32.1	50.035	23.189	19.09	32.98	22.228	18.9	26.6	92.752	79.54	100	100.946	2.492	77.251	1.666	3.708	0.213	0.002	0.336	0.337	0.389	0.4	0.397	-0.1	-0.1	-0.1	0.339	0.343	0.421	0.361	0.582	23.805	23.923	22.98	21.697	20.135	NA
2026-04-30	-91.708	32.1	19.809	18.204	15.62	20.64	17.068	14.9	19.2	95.254	84.208	100	101.031	1.856	65.318	2.241	4.476	0.093	0.001	0.35	0.35	0.402	0.418	0.41	-0.1	-0.1	-0.1	0.213	0.326	0.432	0.417	0.617	21.697	21.999	22.083	21.718	20.365	NA
2026-05-01	-91.708	32.1	22.838	14.39	12.36	16.13	13.118	11.4	15.3	96.155	90.166	100	101.191	1.455	35.577	2.049	3.961	0.059	0.002	0.358	0.351	0.4	0.421	0.41	-0.1	-0.1	-0.1	0.179	0.275	0.448	0.421	0.615	19.446	19.948	20.958	21.328	20.48	NA
2026-05-02	-91.708	32.1	0.782	18.938	10.06	34.1	15.728	11.2	21.8	76.476	43.747	99.383	101.521	1.307	321.456	1.778	3.679	0.53	0	0.351	0.348	0.403	0.424	0.411	-0.1	-0.1	-0.1	0.153	0.215	0.455	0.411	0.611	20.104	20.027	19.965	20.769	20.439	0.438
2026-05-03	-91.708	32.1	0.068	20.515	7.99	39.33	17.291	8.8	25.3	75.1	48.133	99.748	101.702	1.438	309.899	1.052	2.537	0.653	0	0.341	0.336	0.392	0.423	0.411	-0.1	-0.1	-0.1	0.153	0.214	0.448	0.402	0.604	20.961	20.919	20.283	20.51	20.27	0.435
2026-05-04	-91.708	32.1	0.051	21.429	10.04	36.64	18.879	11.3	24.7	72.693	49.999	95.637	101.222	1.549	318.979	2.071	4.275	0.706	0	0.337	0.332	0.387	0.407	0.411	-0.1	-0.1	-0.1	0.16	0.226	0.448	0.359	0.6	21.502	21.5	20.652	20.499	20.134	0.43
2026-05-05	-91.708	32.1	0	22.101	15.38	29.95	21.331	16.2	25.3	82.254	71.14	88.761	100.727	2.125	111.145	2.792	5.655	0.453	0	0.335	0.33	0.384	0.399	0.411	-0.1	-0.1	-0.1	0.166	0.237	0.445	0.357	0.598	21.274	21.352	20.78	20.542	20.1	0.434
2026-05-06	-91.708	32.1	9.679	22.492	15.27	33.57	21.117	13.7	26.8	93.525	86.72	99.527	100.821	2.384	88.823	2.224	4.915	0.184	0.003	0.339	0.332	0.385	0.397	0.411	-0.1	-0.1	-0.1	0.184	0.253	0.454	0.357	0.601	22.449	22.363	21.139	20.625	20.1	NA
2026-05-07	-91.708	32.1	0.34	19.378	14.12	32.63	16.214	12.8	22	88.706	69.269	99.193	101.275	1.627	170.249	1.675	3.803	0.25	0	0.342	0.337	0.39	0.4	0.412	-0.1	-0.1	-0.1	0.188	0.245	0.478	0.366	0.6	21.348	21.429	21.016	20.733	20.1	0.446
2026-05-08	-91.708	32.1	0.834	19.492	14.83	30.23	17.68	14.9	21.6	89.521	81.798	96.532	101.077	1.824	124.588	1.751	3.314	0.212	0	0.338	0.333	0.385	0.398	0.412	-0.1	-0.1	-0.1	0.179	0.242	0.469	0.36	0.598	20.977	21.125	20.799	20.698	20.118	0.447
2026-05-09	-91.708	32.1	46.572	20.478	17.43	25.26	19.118	17.2	21.5	98.689	94.305	100	100.843	2.191	92.801	1.279	2.859	0.027	0.001	0.394	0.395	0.407	0.42	0.413	-0.1	-0.1	-0.1	0.193	0.241	0.452	0.385	0.599	21.328	21.347	20.577	20.556	20.197	NA
2026-05-10	-91.708	32.1	2.076	24.446	18.36	36.93	21.848	18.7	28	93.727	75.16	100	101.236	2.453	190.981	1.093	2.353	0.195	0	0.357	0.362	0.411	0.426	0.413	-0.1	-0.1	-0.1	0.159	0.222	0.435	0.389	0.594	22.77	22.583	21.11	20.633	20.101	0.447
2026-05-11	-91.708	32.1	0.17	22.697	19.06	31.55	21.201	19.4	24	89.699	74.456	100	101.528	2.249	127.003	1.598	3.541	0.275	0	0.345	0.342	0.401	0.427	0.413	-0.1	-0.1	-0.1	0.153	0.216	0.425	0.393	0.592	23.09	23.085	21.799	20.908	20.191	0.477
2026-05-12	-91.708	32.1	0	19.821	14.32	35.46	18.411	15	23	79.287	68.163	89.097	101.63	1.678	160.498	1.371	2.843	0.457	0	0.344	0.339	0.393	0.426	0.413	-0.1	-0.1	-0.1	0.149	0.21	0.425	0.395	0.587	21.688	22.041	21.808	21.075	20.23	0.437
2026-05-13	-91.708	32.1	0.085	24.89	11.89	42.92	21.023	12.8	29	76.174	48.411	100	101.415	1.839	323.296	0.889	1.989	0.785	0	0.338	0.333	0.387	0.403	0.412	-0.1	-0.1	-0.1	0.149	0.221	0.423	0.356	0.587	23.897	23.801	22.292	21.309	20.376	0.465
2026-05-14	-91.708	32.1	0.017	26.534	14.47	46.72	22.205	15.7	28.3	70.442	45.687	96.44	101.33	1.811	324.417	1.283	2.577	0.941	0	0.334	0.329	0.384	0.4	0.412	-0.1	-0.1	-0.1	0.131	0.23	0.42	0.354	0.587	24.507	24.393	22.707	21.534	20.507	0.426
2026-05-15	-91.708	32.1	0	27.872	15.9	46.42	24.275	17.7	30.7	74.649	63.321	85.038	101.222	2.287	303.419	1.945	3.826	0.84	0	0.33	0.326	0.382	0.398	0.412	-0.88	-0.1	-0.1	0.117	0.238	0.418	0.353	0.589	25.055	24.822	23.081	21.78	20.641	0.403
2026-05-16	-91.708	32.1	0	27.45	20	45.51	24.515	20.4	29.5	76.255	57.51	94.08	101.268	2.313	265.491	2.173	4.285	0.806	0	0.328	0.324	0.38	0.396	0.412	-6.021	-0.1	-0.1	0.118	0.245	0.416	0.351	0.59	25.331	25.173	23.522	22.057	20.785	0.408
2026-05-17	-91.708	32.1	0	28.296	18.36	43.15	25.424	19.8	31.1	80.544	66.774	91.615	101.161	2.622	251.506	2.755	5.28	0.696	0	0.327	0.321	0.378	0.395	0.412	-10.793	-0.1	-0.1	0.12	0.25	0.415	0.351	0.593	25.316	25.125	23.614	22.288	20.953	0.394
2026-05-18	-91.708	32.1	0	30.017	21.68	45.94	26.872	22.6	31.5	78.652	60.947	93.93	101.352	2.75	275.025	2.845	5.462	0.828	0	0.325	0.319	0.377	0.394	0.408	-11.927	-0.1	-0.1	0.124	0.256	0.414	0.349	0.575	26.255	25.982	24.054	22.507	21.126	0.39
2026-05-19	-91.708	32.1	37.811	29.727	20.51	46.64	25.906	19.4	31.4	84.019	64.671	97.935	101.49	2.791	254.215	2.315	4.649	0.62	0.001	0.331	0.322	0.379	0.397	0.396	-10.911	-0.1	-0.1	0.136	0.265	0.419	0.361	0.576	26.36	26.223	24.525	22.883	21.295	0.382
2026-05-20	-91.708	32.1	0.51	26.807	20.98	45.03	22.822	20	26.7	92.926	78.817	100	101.344	2.577	178.803	1.519	2.991	0.224	0	0.342	0.335	0.393	0.421	0.408	-0.1	-0.1	-0.1	0.148	0.271	0.435	0.414	0.614	25.744	25.696	24.556	23.214	21.545	0.464
2026-05-21	-91.708	32.1	41.641	26.132	21.65	47.62	22.705	20.9	27.4	95.601	79.516	99.637	101.105	2.639	150.607	1.428	2.895	0.133	0.001	0.351	0.346	0.392	0.41	0.408	-0.1	-0.1	-0.1	0.141	0.262	0.434	0.374	0.614	25.711	25.767	24.74	23.379	21.724	0.407
2026-05-22	-91.708	32.1	5.19	27.784	21.31	41.38	24.396	20.5	29.6	87.544	67.817	100	100.821	2.652	283.161	2.087	4.07	0.453	0	0.37	0.375	0.407	0.422	0.409	-0.1	-0.1	-0.1	0.145	0.256	0.431	0.387	0.603	26.238	25.947	24.592	23.528	21.889	0.401
2026-05-23	-91.708	32.1	21.447	23.561	19.98	31.08	21.99	19	25.8	91.639	84.741	99.799	101.179	2.427	121.291	2.119	3.947	0.228	0.001	0.363	0.36	0.403	0.423	0.409	-0.1	-0.1	-0.1	0.132	0.236	0.423	0.387	0.6	25.143	25.351	24.745	23.572	22.023	0.456
2026-05-24	-91.708	32.1	0.017	27.584	18.79	41.87	23.466	19.1	27.5	88.182	72.918	100	101.284	2.536	270.775	1.045	2.072	0.391	0	0.35	0.345	0.404	0.424	0.409	-0.1	-0.1	-0.1	0.129	0.205	0.424	0.384	0.596	25.843	25.608	24.342	23.493	22.127	0.419
2026-05-25	-91.708	32.1	0	27.74	21.27	41.07	23.976	20.9	28	89.822	75.399	99.155	101.121	2.668	232.37	1.6	2.866	0.337	0	0.342	0.333	0.392	0.422	0.409	-0.1	-0.1	-0.1	0.117	0.201	0.416	0.376	0.594	26.464	26.357	24.822	23.551	22.2	0.432
2026-05-26	-91.708	32.1	0.085	28.864	20.17	46.04	24.139	20.2	29.2	86.789	70.03	100	101.006	2.592	285.812	1.428	2.806	0.46	0	0.338	0.329	0.388	0.404	0.409	-0.1	-0.1	-0.1	0.115	0.205	0.413	0.353	0.593	26.918	26.734	25.08	23.714	22.282	0.428
2026-05-27	-91.708	32.1	2.281	27.055	21.8	38.3	25.03	21.9	29.3	89.921	75.021	98.896	100.96	2.85	175.742	2.251	4.021	0.351	0	0.337	0.327	0.384	0.399	0.409	-0.129	-0.1	-0.1	0.113	0.209	0.41	0.352	0.595	26.468	26.455	25.294	23.919	22.422	0.465
2026-05-28	-91.708	32.1	0.034	23.325	22.61	24.67	22.747	22.4	23.4	97.964	96.09	99.486	100.935	2.711	8.506	0.684	1.218	0.054	0	0.338	0.329	0.384	0.398	0.409	-0.1	-0.1	-0.1	0.115	0.213	0.414	0.353	0.6	25.627	25.884	25.266	23.981	22.5	NA
