2026-01-01	-93.071	32.754	0	10.592	0.7	25.89	11.774	3.9	19.6	57.585	38.859	78.118	100.262	0.781	105.635	2.152	3.878	0.667	0	0.293	0.255	0.295	0.361	0.373	-0.22	-0.264	-0.1	0.165	0.284	0.278	0.351	0.173	11.891	11.386	11.891	13.463	15.768	0.357
2026-01-02	-93.071	32.754	0.289	16.671	11.46	30.41	17.31	12.9	23.9	78.655	56.714	95.485	99.348	1.547	95.335	2.486	5.151	0.473	0	0.29	0.252	0.293	0.36	0.373	-0.2	-0.23	-0.1	0.17	0.28	0.28	0.352	0.173	14.537	14.627	14.752	13.931	15.453	NA
2026-01-03	-93.071	32.754	0	11.861	9.89	15.3	10.264	7.7	13.3	95.896	88.517	100	99.968	1.204	32.812	2.388	4.676	0.049	0	0.29	0.251	0.292	0.36	0.373	-0.2	-0.245	-0.1	0.172	0.276	0.28	0.353	0.173	14.544	14.101	14.531	14.787	15.418	NA
2026-01-04	-93.071	32.754	0	10.808	4.43	21.64	8.872	6	12.5	85.388	71.75	94.321	100.574	0.97	80.936	1.743	3.396	0.173	0	0.289	0.251	0.293	0.36	0.373	-0.2	-0.3	-0.1	0.164	0.27	0.279	0.354	0.173	13.833	13.309	13.79	14.652	15.5	NA
2026-01-05	-93.071	32.754	0.051	11.633	1.96	26.9	10.518	3.9	18.5	86.592	64.304	100	100.122	1.112	115.478	1.448	3.267	0.222	0	0.289	0.251	0.293	0.36	0.373	-0.2	-0.3	-0.1	0.156	0.267	0.277	0.355	0.174	13.43	12.985	13.448	14.398	15.5	0.391
2026-01-06	-93.071	32.754	0.068	17.296	10.19	28.72	18.061	13.8	23.5	90.189	72.671	97.544	99.827	1.869	75.554	2.57	4.976	0.231	0	0.286	0.248	0.291	0.36	0.373	-0.2	-0.3	-0.1	0.161	0.265	0.281	0.357	0.173	15.698	15.822	15.906	14.753	15.419	NA
2026-01-07	-93.071	32.754	0.238	15.086	4.98	31.38	15.218	7	22.3	85.655	52.497	100	99.983	1.462	117.324	1.306	2.501	0.326	0	0.286	0.247	0.29	0.359	0.372	-0.2	-0.3	-0.1	0.161	0.265	0.284	0.358	0.174	15.774	15.635	15.911	15.369	15.539	0.385
2026-01-08	-93.071	32.754	0	19.336	13.14	25.19	20.147	15.2	23.4	89.067	73.266	98.791	99.604	2.093	42.336	2.419	5.871	0.281	0	0.283	0.245	0.289	0.359	0.372	-0.2	-0.3	-0.1	0.166	0.263	0.287	0.358	0.175	17.233	17.393	17.453	15.883	15.686	NA
2026-01-09	-93.071	32.754	32.268	19.184	15.76	25.89	19.365	15.4	21.6	95.815	86.569	100	99.983	2.156	39.028	1.928	3.768	0.098	0.003	0.282	0.243	0.287	0.359	0.372	-0.2	-0.355	-0.1	0.172	0.266	0.293	0.359	0.175	18.225	18.375	18.438	16.621	15.911	NA
2026-01-10	-93.071	32.754	24.842	11.807	2.2	18.86	10.855	4.6	15.1	86.169	69.421	100	100.884	1.17	95.048	3.368	6.781	0.153	0	0.285	0.245	0.287	0.359	0.372	-0.2	-0.328	-0.1	0.214	0.28	0.299	0.357	0.176	16.517	15.901	16.458	16.947	16.21	NA
2026-01-11	-93.071	32.754	0	6.562	0.68	19.99	6.114	2.4	12	60.305	44.558	74.689	101.75	0.564	121.121	2.533	4.776	0.401	0	0.29	0.25	0.292	0.36	0.372	-0.284	-0.397	-0.1	0.217	0.289	0.31	0.354	0.177	12.068	10.784	11.813	15.608	16.391	0.44
2026-01-12	-93.071	32.754	0	5.618	-1.78	21.93	5.18	-1.3	13.5	59.433	34.864	79.897	101.586	0.511	121.773	0.994	1.94	0.414	0	0.291	0.251	0.294	0.361	0.372	-0.331	-0.378	-0.1	0.206	0.288	0.311	0.355	0.177	10.683	9.595	10.488	14.053	16.144	0.435
2026-01-13	-93.071	32.754	0.221	7.786	-0.63	22.01	8.764	1.1	17	62.233	44.175	78.644	100.727	0.71	101.065	2.485	4.354	0.477	0	0.292	0.251	0.294	0.361	0.373	-0.296	-0.346	-0.1	0.199	0.286	0.311	0.357	0.177	10.554	9.703	10.424	13.189	15.694	0.437
2026-01-14	-93.071	32.754	0.204	9.989	0.88	22.75	9.983	4.7	15.7	71.969	54.826	89.912	100.102	0.881	98.302	4.258	8.081	0.366	0	0.291	0.25	0.293	0.36	0.373	-0.2	-0.3	-0.1	0.2	0.284	0.313	0.361	0.175	11.907	11.403	11.876	13.05	15.274	NA
2026-01-15	-93.071	32.754	0	4.433	-4.06	19.63	4.306	-1.2	10.2	53.069	34.761	72.264	100.537	0.433	129.931	1.669	3.544	0.418	0	0.292	0.252	0.295	0.361	0.373	-0.23	-0.3	-0.1	0.187	0.28	0.31	0.362	0.176	10.335	9.364	10.176	12.858	15.011	0.442
2026-01-16	-93.071	32.754	0	8.743	0.78	23.17	9.634	3.6	17.5	63.349	50.25	86.854	99.932	0.769	121.578	3.544	7.135	0.481	0	0.291	0.252	0.295	0.361	0.373	-0.233	-0.3	-0.1	0.176	0.276	0.308	0.362	0.175	10.544	9.973	10.519	12.281	14.743	0.435
2026-01-17	-93.071	32.754	0	3.075	-5.53	17.47	2.962	-3.4	7.5	55.991	36.534	67.567	100.942	0.431	86.188	2.342	4.544	0.336	0	0.292	0.254	0.296	0.361	0.373	-0.206	-0.3	-0.1	0.164	0.271	0.305	0.364	0.175	9.805	8.822	9.59	12.209	14.467	NA
2026-01-18	-93.071	32.754	0	0.739	-7.2	17.53	-0.321	-5.8	7	52.631	35.419	70.39	101.017	0.308	132.523	1.932	3.643	0.311	0	0.294	0.256	0.298	0.361	0.374	-0.29	-0.3	-0.1	0.137	0.263	0.295	0.365	0.174	7.745	6.635	7.558	11.322	14.211	0.43
2026-01-19	-93.071	32.754	0	5.652	-4.42	24.42	5.635	-2.1	14.1	56.244	38.023	83.835	101.177	0.502	129.216	1.894	3.468	0.477	0	0.293	0.256	0.299	0.361	0.374	-0.281	-0.3	-0.1	0.122	0.258	0.282	0.366	0.173	8.195	7.526	8.151	10.605	13.825	0.43
2026-01-20	-93.071	32.754	0	5.17	-2.66	21.46	4.311	-1.6	12	57.368	45.43	69.437	101.445	0.483	125.558	2.435	4.377	0.38	0	0.293	0.255	0.298	0.361	0.374	-0.232	-0.32	-0.1	0.117	0.248	0.269	0.367	0.173	8.884	8.218	8.814	10.721	13.468	0.422
2026-01-21	-93.071	32.754	18.326	9.479	0.47	13.2	9.221	3.5	11.5	92.498	68.91	100	100.745	1.095	24.436	2.028	4.394	0.077	0.002	0.294	0.259	0.296	0.361	0.374	-0.2	-0.308	-0.1	0.125	0.25	0.273	0.368	0.171	9.889	9.455	9.858	10.923	13.246	NA
2026-01-22	-93.071	32.754	0	11.525	6.91	21.45	9.626	7	13.3	91.552	77.319	100	100.73	1.094	102.234	3.273	5.947	0.111	0	0.294	0.26	0.295	0.36	0.374	-0.2	-0.3	-0.1	0.17	0.264	0.287	0.367	0.171	11.264	11.043	11.355	11.446	13.2	0.437
2026-01-23	-93.071	32.754	0.102	7.329	0.36	14.68	5.723	-1.5	9.4	82.951	65.835	92.479	100.853	0.788	49.784	3.713	7.266	0.152	0	0.295	0.258	0.296	0.36	0.374	-0.2	-0.3	-0.1	0.199	0.273	0.296	0.368	0.171	10.821	10.098	10.716	11.999	13.219	NA
2026-01-24	-93.071	32.754	0	-2.469	-6.21	0.44	-4.681	-8.2	-1.6	93.825	86.418	100	100.47	0.408	16.42	3.012	6.526	0.029	0	0.299	0.261	0.299	0.361	0.374	-0.268	-0.3	-0.1	0.175	0.27	0.292	0.365	0.173	6.543	5	6.203	11.12	13.289	NA
2026-01-25	-93.071	32.754	279.178	-3.514	-6.64	-1.78	-5.139	-8.5	-3.3	97.179	93.97	99.849	100.309	0.407	28.438	2.872	5.744	0.012	0	0.301	0.262	0.3	0.363	0.374	-0.3	-0.3	-0.1	0.167	0.271	0.296	0.364	0.173	5.181	3.91	4.892	9.53	13.018	NA
2026-01-26	-93.071	32.754	1.242	-5.325	-9.29	-0.36	-4.965	-8.3	-0.2	90.271	71.977	100	101.829	0.383	133.084	1.79	3.563	0.046	0	0.302	0.262	0.301	0.362	0.375	-0.3	-0.3	-0.1	0.166	0.27	0.297	0.364	0.171	4.458	3.233	4.176	8.625	12.52	0.309
2026-01-27	-93.071	32.754	5.135	-3.935	-9.03	-0.12	-2.215	-7.9	3.9	84.797	56.866	100	101.677	0.437	118.936	1.666	3.025	0.103	0	0.303	0.263	0.303	0.362	0.375	-0.3	-0.3	-0.1	0.161	0.268	0.294	0.357	0.169	3.684	2.497	3.407	7.856	12.007	0.007
2026-01-28	-93.071	32.754	8.648	-2.564	-5.29	0.69	2.718	-2.4	10.2	77.062	46.685	100	101.359	0.559	149.896	2.082	3.672	0.216	0.001	0.305	0.265	0.303	0.363	0.375	-0.266	-0.26	-0.1	0.158	0.26	0.267	0.352	0.17	3.776	2.736	3.515	7.303	11.502	0.045
2026-01-29	-93.071	32.754	0.017	1.614	-5.17	11.2	5.345	-2.2	12.4	74.802	53.056	96.052	100.608	0.666	132.174	1.469	3.027	0.272	0	0.306	0.273	0.304	0.362	0.376	-0.161	-0.156	-0.14	0.163	0.243	0.246	0.35	0.171	3.958	3.161	3.751	6.906	11.04	0.184
2026-01-30	-93.071	32.754	0	4.228	-2.14	17.08	3.759	-0.4	8	70.368	50.681	88.262	100.907	0.557	145.039	2.459	4.936	0.255	0	0.307	0.277	0.305	0.363	0.378	-0.1	-0.1	-0.1	0.171	0.237	0.241	0.35	0.17	5.54	5.161	5.598	7.049	10.532	0.429
2026-01-31	-93.071	32.754	0	-0.669	-6.73	11.15	-3.018	-6.4	1	53.405	35.92	69.133	101.769	0.263	156.485	2.35	5.152	0.231	0	0.308	0.274	0.307	0.363	0.378	-0.1	-0.1	-0.1	0.18	0.239	0.25	0.35	0.168	4.495	3.522	4.378	7.347	10.329	0.415
2026-02-01	-93.071	32.754	0	1.96	-5.86	16.73	0.181	-5.1	7.2	51.784	34.171	75.507	101.592	0.315	153.951	1.589	3.043	0.328	0	0.308	0.272	0.308	0.363	0.378	-0.1	-0.1	-0.1	0.185	0.243	0.26	0.348	0.167	4.353	3.61	4.284	6.958	10.216	0.409
2026-02-02	-93.071	32.754	0	7.173	-3.95	24.53	8.107	-1.8	17.6	65.341	52.22	81.374	100.979	0.757	152.734	2.475	4.654	0.429	0	0.308	0.27	0.308	0.363	0.378	-0.1	-0.1	-0.1	0.192	0.249	0.262	0.347	0.167	5.784	5.439	5.831	7.045	10.042	0.397
2026-02-03	-93.071	32.754	6.569	11.327	5.27	17.66	12.347	9.1	15.8	93.186	71.204	99.927	100.583	1.353	44.612	2.22	4.761	0.09	0.001	0.305	0.267	0.304	0.362	0.378	-0.1	-0.1	-0.1	0.213	0.256	0.261	0.35	0.167	9.117	9.333	9.367	8.157	9.964	NA
2026-02-04	-93.071	32.754	0	7.12	-0.14	21.04	6.515	2.4	11.5	69.316	52.87	87.669	101.169	0.667	150.299	2.3	4.953	0.316	0	0.306	0.267	0.304	0.361	0.378	-0.1	-0.1	-0.1	0.238	0.258	0.266	0.35	0.169	9.032	8.657	9.086	9.246	10.185	0.385
2026-02-05	-93.071	32.754	0	6.229	-2.72	20.5	6.276	-1.3	14.5	69.477	47.118	90.333	100.969	0.658	159.545	2.779	4.927	0.347	0	0.307	0.267	0.306	0.361	0.378	-0.1	-0.1	-0.1	0.257	0.266	0.276	0.35	0.169	8.069	7.567	8.094	9.29	10.473	0.398
2026-02-06	-93.071	32.754	0	12.943	3.79	30.08	15.773	7.5	25.7	49.864	30.779	66.756	100.359	0.871	162.655	3.652	6.086	1.051	0	0.305	0.264	0.304	0.361	0.377	-0.1	-0.1	-0.1	0.272	0.273	0.288	0.352	0.169	9.84	9.891	10.052	9.441	10.605	0.406
2026-02-07	-93.071	32.754	0	10.161	1.22	25.81	10.902	5.4	16	60.471	45.885	77.755	101.045	0.779	166.354	2.862	5.264	0.549	0	0.304	0.263	0.303	0.361	0.377	-0.1	-0.1	-0.1	0.29	0.277	0.294	0.356	0.169	11.021	10.949	11.192	10.363	10.777	0.408
2026-02-08	-93.071	32.754	0	11.58	0.88	26.57	12.945	3	22.4	68.373	45.992	91.855	100.75	1.013	124.782	1.678	3.355	0.617	0	0.303	0.263	0.303	0.361	0.377	-0.1	-0.1	-0.1	0.295	0.281	0.303	0.356	0.169	10.969	10.843	11.098	10.715	11.046	0.393
2026-02-09	-93.071	32.754	0	17.841	7.85	34.1	18.028	11.1	24.7	78.586	58.13	98.306	100.531	1.617	153.358	2.118	4.533	0.53	0	0.3	0.26	0.301	0.361	0.377	-0.1	-0.1	-0.1	0.312	0.288	0.314	0.358	0.169	13.684	14.185	14.088	11.458	11.29	0.39
2026-02-10	-93.071	32.754	0	17.036	13.95	22.2	17.891	15.8	20.2	86.141	77.343	93.829	100.408	1.764	59.445	2.496	5.296	0.29	0	0.298	0.258	0.299	0.361	0.377	-0.1	-0.1	-0.1	0.339	0.298	0.326	0.361	0.169	15.142	15.429	15.437	12.873	11.664	NA
2026-02-11	-93.071	32.754	0	14.131	5.91	20.61	14.094	8.4	18	87.012	72.708	99.709	100.703	1.434	67.074	2.283	4.301	0.194	0	0.296	0.257	0.298	0.36	0.376	-0.1	-0.1	-0.1	0.352	0.303	0.336	0.362	0.17	15.061	15.053	15.235	13.604	12.186	NA
2026-02-12	-93.071	32.754	0	12.974	3.39	30.97	11.918	4.7	20.6	73.934	52.75	93.358	100.69	1.031	171.077	1.827	3.456	0.438	0	0.297	0.258	0.299	0.36	0.376	-0.1	-0.1	-0.1	0.328	0.305	0.343	0.363	0.17	13.622	13.365	13.737	13.469	12.636	0.442
2026-02-13	-93.071	32.754	0	15.946	5.38	35.78	15.293	7.6	23.4	72.965	54.966	89.629	100.505	1.272	159.454	1.98	3.495	0.557	0	0.295	0.257	0.298	0.36	0.376	-0.1	-0.118	-0.1	0.316	0.305	0.35	0.364	0.17	14.688	14.768	14.92	13.571	12.877	0.428
2026-02-14	-93.071	32.754	25.226	14.667	8.46	21.2	15.246	10.5	17.9	88.455	71.667	100	99.757	1.544	34.562	2.279	4.758	0.197	0.002	0.294	0.257	0.297	0.36	0.375	-0.1	-0.181	-0.1	0.313	0.306	0.355	0.365	0.171	15.043	14.909	15.159	14.146	13.107	NA
2026-02-15	-93.071	32.754	11.498	14.762	7.1	22.34	14.232	9.6	17.4	93.89	84.841	100	99.71	1.528	73.445	3.922	7.205	0.101	0	0.297	0.278	0.304	0.36	0.376	-0.1	-0.1	-0.1	0.343	0.306	0.351	0.362	0.174	15.267	15.209	15.412	14.341	13.38	NA
2026-02-16	-93.071	32.754	0.289	9.108	3.53	22.33	7.916	5.2	11.5	96.191	83.796	100	100.414	1.028	100.528	1.463	2.855	0.044	0	0.301	0.274	0.302	0.36	0.376	-0.1	-0.1	-0.1	0.383	0.319	0.344	0.36	0.175	13.072	12.358	12.989	14.158	13.609	0.477
2026-02-17	-93.071	32.754	0.102	15.32	5.58	27.11	15.058	7.3	20.9	86.736	67.009	100	100.093	1.479	133.408	2.337	5.489	0.281	0	0.301	0.269	0.302	0.361	0.376	-0.1	-0.1	-0.1	0.415	0.333	0.356	0.361	0.173	13.612	13.456	13.739	13.599	13.7	0.463
2026-02-18	-93.071	32.754	0	18.338	12.59	28.11	18.256	14.3	22.8	86.929	73.42	99.639	99.522	1.823	126.659	2.356	5.35	0.303	0	0.299	0.264	0.3	0.36	0.376	-0.1	-0.1	-0.1	0.447	0.339	0.365	0.365	0.172	15.777	16.032	16.07	14.172	13.704	0.468
2026-02-19	-93.071	32.754	0	20.475	13.6	30.85	20.849	17.6	26.2	81.749	59.769	96.137	99.131	1.997	154.215	2.84	6.024	0.501	0	0.296	0.261	0.298	0.361	0.375	-0.1	-0.1	-0.1	0.481	0.345	0.375	0.367	0.172	17.658	18.127	18.063	15.173	13.889	0.479
2026-02-20	-93.071	32.754	0	14.278	7.52	26.14	14.812	10.4	18.2	46.92	38.256	55.596	99.687	0.789	104.685	3.399	6.212	0.908	0	0.297	0.261	0.299	0.36	0.375	-0.1	-0.1	-0.1	0.507	0.348	0.381	0.37	0.173	16.182	15.809	16.262	15.772	14.249	0.483
2026-02-21	-93.071	32.754	0	14.117	5.35	27.47	13.548	9.2	17.5	60.258	51.008	75.312	100.381	0.941	110.878	2.621	5.566	0.628	0	0.296	0.261	0.299	0.36	0.375	-0.1	-0.1	-0.1	0.513	0.346	0.385	0.37	0.174	15.654	15.386	15.752	15.378	14.535	0.478
2026-02-22	-93.071	32.754	0	8.415	0.05	24.55	7.807	2.6	13	46.499	26.521	71.067	101.843	0.476	203.872	3.142	6.597	0.604	0	0.297	0.262	0.3	0.36	0.375	-0.1	-0.1	-0.1	0.499	0.344	0.391	0.373	0.174	13.725	13.011	13.684	14.91	14.639	0.49
2026-02-23	-93.071	32.754	0	6.845	-3.41	25.83	5.589	0.1	12.9	43.095	26.95	61.367	101.776	0.377	206.811	2.021	4.322	0.568	0	0.298	0.264	0.302	0.361	0.375	-0.1	-0.1	-0.1	0.442	0.342	0.397	0.375	0.173	12.117	11.338	12.069	14.019	14.573	0.487
2026-02-24	-93.071	32.754	0	9.212	-3.48	25.45	8.877	-1.1	17.8	52.712	33.384	70.07	100.49	0.597	181.584	2.14	5.208	0.653	0	0.298	0.263	0.302	0.361	0.375	-0.1	-0.1	-0.1	0.377	0.338	0.398	0.377	0.172	11.852	11.293	11.866	13.352	14.363	0.469
2026-02-25	-93.071	32.754	0	16.696	8.24	30.51	16.807	11.1	23	77.668	61.776	90.451	99.374	1.494	115.629	2.376	5.985	0.483	0	0.296	0.26	0.3	0.361	0.375	-0.1	-0.1	-0.1	0.353	0.332	0.397	0.379	0.171	14.123	14.193	14.329	13.499	14.14	0.47
2026-02-26	-93.071	32.754	0	20.4	12.5	35.95	19.991	15.9	25.5	81.787	62.391	99.126	99.478	1.9	149.979	1.403	3.08	0.475	0	0.292	0.257	0.296	0.36	0.375	-0.1	-0.119	-0.1	0.357	0.328	0.395	0.381	0.171	17.055	17.598	17.465	14.583	14.127	0.492
2026-02-27	-93.071	32.754	0	17.88	7.2	35.16	17.558	12.6	23.9	67.33	38.873	100	100.132	1.308	204.578	2.021	4.075	0.749	0	0.29	0.256	0.295	0.36	0.375	-0.1	-0.182	-0.1	0.356	0.324	0.395	0.383	0.172	17.832	18.048	18.117	15.784	14.379	0.496
2026-02-28	-93.071	32.754	0	16.842	5.07	36.17	18.137	9.5	26.3	49.222	30.805	77.9	100.261	0.986	209.147	1.385	2.855	1.202	0	0.289	0.256	0.295	0.36	0.375	-0.1	-0.2	-0.1	0.338	0.32	0.397	0.383	0.173	17.578	17.613	17.77	16.259	14.767	0.503
2026-03-01	-93.071	32.754	0	18.908	8.46	36.25	18.772	11.2	25.9	64.286	40.878	95.661	100.44	1.368	191.817	1.745	3.705	0.877	0	0.287	0.254	0.293	0.36	0.374	-0.1	-0.2	-0.1	0.327	0.316	0.4	0.384	0.172	18.376	18.599	18.642	16.645	15.089	0.501
2026-03-02	-93.071	32.754	0	19.356	9.61	37.65	18.549	12.5	25.9	72.031	47.825	98.18	100.45	1.505	200.116	1.738	3.824	0.699	0	0.286	0.253	0.292	0.36	0.374	-0.1	-0.2	-0.1	0.318	0.314	0.402	0.386	0.172	18.957	19.198	19.24	17.122	15.389	0.509
2026-03-03	-93.071	32.754	0	19.592	10.92	32.26	19.249	12.8	25.2	82.924	66.662	98.82	100.412	1.849	125.414	1.81	4.091	0.432	0	0.285	0.252	0.291	0.36	0.374	-0.1	-0.2	-0.1	0.309	0.31	0.403	0.387	0.172	19.292	19.433	19.517	17.584	15.693	0.498
2026-03-04	-93.071	32.754	0	22.477	13.86	38.66	21.775	16.7	28.1	79.278	56.632	97.315	100.407	2.033	148.863	1.989	4.614	0.629	0	0.283	0.25	0.289	0.36	0.374	-0.1	-0.215	-0.1	0.305	0.306	0.405	0.388	0.173	20.294	20.674	20.62	17.987	15.999	0.496
2026-03-05	-93.071	32.754	0	23.182	16.96	39.32	22.034	18.5	27.2	76.756	54.971	97.711	100.227	2.001	165.739	2.079	4.74	0.68	0	0.28	0.248	0.288	0.36	0.373	-0.1	-0.297	-0.1	0.308	0.304	0.407	0.39	0.174	21.472	21.96	21.843	18.698	16.323	0.507
2026-03-06	-93.071	32.754	0	22.743	13.69	37.1	22.326	16.9	27.8	79.593	60.327	96.656	100.128	2.126	134.426	2.308	5.391	0.614	0	0.279	0.247	0.286	0.359	0.373	-0.1	-0.3	-0.1	0.305	0.302	0.409	0.392	0.175	21.651	21.972	21.944	19.278	16.69	0.518
2026-03-07	-93.071	32.754	5.513	20.81	15.5	32.9	19.812	15.5	26.8	91.718	69.388	99.999	100.221	2.13	94.491	2.43	5.3	0.225	0.003	0.279	0.244	0.286	0.359	0.373	-0.1	-0.342	-0.1	0.313	0.308	0.411	0.393	0.177	21.729	21.898	21.96	19.702	17.055	NA
2026-03-08	-93.071	32.754	2.825	19.833	15.16	32.67	17.455	15	21.7	93.22	76.392	100	100.336	1.854	123.164	1.513	3.248	0.154	0	0.28	0.245	0.286	0.359	0.372	-0.1	-0.4	-0.1	0.346	0.322	0.417	0.394	0.176	20.382	20.273	20.495	19.475	17.371	0.547
2026-03-09	-93.071	32.754	0	21.815	17.97	32.31	20.919	18.4	23.9	92.961	84.682	99.632	100.172	2.306	77.114	1.602	3.624	0.186	0	0.278	0.244	0.285	0.359	0.372	-0.1	-0.4	-0.1	0.324	0.313	0.416	0.395	0.175	21.01	21.14	21.208	19.444	17.546	NA
2026-03-10	-93.071	32.754	0	22.643	18.1	28.27	22.625	19.5	25.7	89.038	80.047	99.561	100.099	2.441	84.846	2.473	5.889	0.319	0	0.277	0.243	0.284	0.359	0.372	-0.1	-0.418	-0.1	0.317	0.307	0.414	0.397	0.176	21.578	21.779	21.811	19.712	17.696	NA
2026-03-11	-93.071	32.754	75.083	17.984	13.11	21.34	17.655	11.9	22.6	96.36	83.073	100	100.022	1.958	8.541	2.161	5.004	0.089	0.003	0.279	0.252	0.287	0.36	0.373	-0.1	-0.423	-0.1	0.326	0.309	0.414	0.396	0.178	20.545	20.195	20.557	19.958	17.88	NA
2026-03-12	-93.071	32.754	0	12.084	3.78	25.62	9.339	4	15.2	70.689	40.051	97.459	101.105	0.807	241.304	2.464	5.349	0.394	0	0.288	0.268	0.292	0.365	0.374	-0.1	-0.218	-0.1	0.369	0.307	0.375	0.387	0.18	16.764	15.875	16.67	18.813	18.068	0.585
2026-03-13	-93.071	32.754	0	14.072	2.72	31.06	12.821	2.7	22.6	61.974	37.762	90.188	100.37	0.892	238.374	1.542	3.347	0.724	0	0.29	0.262	0.293	0.362	0.373	-0.1	-0.149	-0.1	0.404	0.316	0.379	0.391	0.18	16.094	15.529	16.147	17.587	17.869	0.574
2026-03-14	-93.071	32.754	0.017	17.43	6.83	32.7	16.236	8.9	24	76.189	53.822	100	100.02	1.397	225.447	1.998	4.412	0.533	0	0.29	0.258	0.291	0.362	0.373	-0.1	-0.104	-0.1	0.43	0.319	0.385	0.395	0.179	17.493	17.311	17.692	17.428	17.572	0.562
2026-03-15	-93.071	32.754	1.072	18.692	6.61	30.83	18.246	7.3	25.9	75.321	52.532	91.074	99.206	1.63	145.507	4.139	9.72	0.542	0	0.288	0.255	0.29	0.362	0.373	-0.1	-0.1	-0.1	0.455	0.322	0.39	0.399	0.179	18.879	18.821	19.081	17.926	17.403	0.579
2026-03-16	-93.071	32.754	0	7.483	-1.63	20.05	4.401	0.2	7.4	46.699	32.189	63.015	100.657	0.39	235.972	4.527	9.503	0.454	0	0.291	0.257	0.293	0.361	0.373	-0.1	-0.161	-0.1	0.464	0.324	0.398	0.404	0.18	15.617	14.586	15.529	17.739	17.475	0.574
2026-03-17	-93.071	32.754	0	8.399	-4.71	27.24	4.352	-4.7	12.6	47.41	31.101	79.494	101.107	0.385	239.254	1.342	2.99	0.512	0	0.292	0.259	0.295	0.362	0.373	-0.1	-0.193	-0.1	0.434	0.324	0.403	0.406	0.179	13.721	12.894	13.682	16.258	17.334	0.568
2026-03-18	-93.071	32.754	0	13.991	3.79	31.47	12.061	5.4	20.1	53.296	39.776	68.794	100.815	0.753	215.909	2.354	4.911	0.732	0	0.29	0.257	0.294	0.363	0.373	-0.1	-0.2	-0.1	0.42	0.319	0.403	0.409	0.178	15.48	15.209	15.572	15.911	16.957	0.546
2026-03-19	-93.071	32.754	0	18.427	7.83	36.64	16.761	10	25.5	68.858	47.068	90.385	100.671	1.299	236.152	2.267	4.466	0.721	0	0.288	0.255	0.292	0.362	0.373	-0.1	-0.2	-0.1	0.416	0.316	0.401	0.412	0.178	17.433	17.589	17.698	16.406	16.72	0.552
2026-03-20	-93.071	32.754	0.017	21.169	11.36	38.7	19.682	12.7	28	73.042	50.292	99.123	100.394	1.64	241.88	2.26	4.969	0.765	0	0.286	0.253	0.289	0.362	0.373	-0.1	-0.2	-0.1	0.42	0.316	0.399	0.415	0.178	19.472	19.847	19.824	17.393	16.733	0.544
2026-03-21	-93.071	32.754	0	23.49	13.95	40.72	21.837	15	29.6	72.512	47.575	98.553	100.06	1.838	244.836	2.424	5.541	0.888	0	0.283	0.251	0.287	0.362	0.373	-0.1	-0.2	-0.1	0.428	0.318	0.4	0.418	0.178	21.221	21.746	21.63	18.493	16.952	0.538
2026-03-22	-93.071	32.754	0.085	23.388	14.25	40.17	22.221	15.5	29.8	69.75	43.095	99.512	99.855	1.785	249.97	2.62	5.982	0.987	0	0.282	0.249	0.286	0.361	0.373	-0.1	-0.2	-0.1	0.432	0.323	0.403	0.419	0.178	22.222	22.677	22.59	19.503	17.321	0.537
2026-03-23	-93.071	32.754	0	20.887	12.28	37.64	18.658	14.4	22.9	65.894	45.438	94.1	100.507	1.405	220.118	3.464	6.388	0.768	0	0.281	0.248	0.285	0.361	0.373	-0.1	-0.2	-0.1	0.424	0.325	0.406	0.42	0.177	22.078	22.21	22.321	20.138	17.749	0.53
2026-03-24	-93.071	32.754	0	19.825	9.27	37.9	16.709	10.2	25	56.208	48.103	66.854	100.634	1.11	211.178	2.858	5.114	0.872	0	0.28	0.249	0.286	0.361	0.373	-0.1	-0.202	-0.1	0.393	0.322	0.409	0.421	0.179	21.182	21.116	21.338	20.147	18.116	0.534
2026-03-25	-93.071	32.754	0	21.83	11.47	39.96	20.126	13.3	27	69.717	56.236	86.426	100.438	1.668	224.575	1.351	2.962	0.774	0	0.279	0.247	0.284	0.361	0.372	-0.1	-0.284	-0.1	0.378	0.318	0.413	0.423	0.178	22.299	22.666	22.594	20.273	18.347	0.535
2026-03-26	-93.071	32.754	0	23.145	14.68	39.3	21.012	16	27.3	76.278	52.391	98.377	100.271	1.865	224.679	2.212	5.12	0.677	0	0.277	0.245	0.282	0.361	0.372	-0.1	-0.3	-0.1	0.371	0.314	0.416	0.425	0.179	23.118	23.516	23.419	20.836	18.562	0.524
2026-03-27	-93.071	32.754	0.068	22.291	13.41	42.81	19.553	13	27.8	76.399	49.073	98.602	100.658	1.746	203.5	2.765	6.185	0.588	0	0.275	0.243	0.281	0.361	0.372	-0.1	-0.394	-0.1	0.358	0.31	0.419	0.427	0.179	23.488	23.834	23.769	21.286	18.847	0.547
2026-03-28	-93.071	32.754	0	16.151	7.47	33.45	12.672	9.9	17.3	50.609	39.851	67.673	101.594	0.737	178.559	3.784	7.788	0.745	0	0.276	0.244	0.282	0.36	0.372	-0.1	-0.491	-0.1	0.327	0.297	0.421	0.429	0.179	21.522	21.184	21.576	21.306	19.123	0.541
2026-03-29	-93.071	32.754	0	19.109	6.06	39.11	16.778	7.8	26.4	57.785	45.2	77.88	100.926	1.124	209.85	1.471	3.296	0.937	0	0.276	0.244	0.282	0.36	0.372	-0.1	-0.621	-0.1	0.3	0.293	0.427	0.432	0.18	20.94	20.927	21.091	20.569	19.288	0.547
2026-03-30	-93.071	32.754	0	22.675	14.54	42.02	21.1	16.2	27.4	71.995	55.326	92.424	100.61	1.79	185.719	1.892	4.52	0.764	0	0.273	0.241	0.28	0.36	0.372	-0.1	-0.896	-0.1	0.293	0.288	0.429	0.436	0.18	22.543	22.899	22.79	20.756	19.241	0.544
2026-03-31	-93.071	32.754	0	23.704	12.74	41.18	21.97	15.5	28.7	74.397	51.462	96.308	100.357	1.925	196.1	1.848	4.642	0.786	0	0.272	0.238	0.278	0.36	0.372	-0.1	-1.359	-0.1	0.286	0.286	0.432	0.44	0.18	23.332	23.771	23.624	21.246	19.344	0.539
2026-04-01	-93.071	32.754	0	24.237	16.87	40.48	22.389	18.6	28.7	77.76	54.76	96.07	100.158	2.081	189.581	2.188	5.414	0.669	0	0.27	0.236	0.276	0.36	0.371	-0.1	-2.403	-0.1	0.28	0.283	0.435	0.443	0.181	24.221	24.7	24.518	21.796	19.531	0.559
2026-04-02	-93.071	32.754	6.583	21.813	18.67	28.4	21.239	19.2	24.7	89.943	80.587	99.984	99.975	2.271	102.471	2.206	5.38	0.261	0.001	0.27	0.234	0.275	0.36	0.371	-0.1	-4.632	-0.1	0.279	0.288	0.441	0.447	0.183	23.654	23.741	23.811	22.194	19.79	0.588
2026-04-03	-93.071	32.754	26.323	23.925	19.21	36.53	22.044	18.8	28.4	90.512	64.567	100	100.251	2.379	170.901	2.098	4.746	0.307	0.001	0.271	0.232	0.276	0.36	0.371	-0.1	-4.799	-0.1	0.318	0.297	0.45	0.448	0.184	23.59	23.818	23.817	22.036	19.995	0.582
2026-04-04	-93.071	32.754	23.424	20.307	15.19	26.84	18.71	13	23.2	99.376	92.805	100	100.413	2.169	67.028	1.607	3.414	0.013	0.001	0.273	0.234	0.277	0.361	0.371	-0.1	-1.176	-0.1	0.372	0.309	0.432	0.444	0.184	22.768	22.447	22.801	22.183	20.153	NA
2026-04-05	-93.071	32.754	0	16.821	9.53	27.71	14.074	9.5	19	72.615	49.934	100	101.043	1.141	261.506	2.808	6.126	0.484	0	0.278	0.24	0.28	0.36	0.371	-0.1	-0.453	-0.1	0.421	0.318	0.413	0.442	0.185	20.45	19.793	20.447	21.41	20.27	0.585
2026-04-06	-93.071	32.754	0	16.351	8.04	31.24	14.391	8	20.9	57.897	36.841	80.83	101.042	0.919	278.935	2.66	5.128	0.773	0	0.28	0.242	0.281	0.36	0.371	-0.127	-0.3	-0.1	0.45	0.318	0.413	0.447	0.184	19.326	18.635	19.387	20.502	20.147	0.579
2026-04-07	-93.071	32.754	0	16.903	6.39	33.42	15.92	7.9	22.4	56.066	41.213	79.136	100.724	1.003	260.011	2.567	4.75	0.878	0	0.28	0.242	0.282	0.36	0.371	-0.11	-0.3	-0.1	0.465	0.32	0.412	0.451	0.183	19.467	18.986	19.551	20	19.912	0.584
2026-04-08	-93.071	32.754	0	19.594	8.52	36.49	18.44	10.9	25.7	56.341	34.964	84.904	100.631	1.145	277.875	1.915	3.839	1.068	0	0.278	0.241	0.28	0.36	0.372	-0.1	-0.3	-0.1	0.479	0.32	0.411	0.455	0.182	20.869	20.815	21.055	20.028	19.701	0.585
2026-04-09	-93.071	32.754	0	20.969	10.21	39.5	19.129	11.3	25.6	67.282	49.623	90.997	100.814	1.489	264.599	1.748	3.815	0.803	0	0.277	0.24	0.279	0.359	0.372	-0.1	-0.3	-0.1	0.496	0.322	0.409	0.46	0.182	22.071	22.163	22.299	20.568	19.6	0.587
2026-04-10	-93.071	32.754	0	22.577	11.86	39.33	20.345	13.3	26.6	75.018	57.183	99.138	100.89	1.777	248.328	1.46	3.06	0.677	0	0.275	0.239	0.278	0.359	0.371	-0.1	-0.321	-0.1	0.509	0.325	0.407	0.462	0.181	23.29	23.556	23.581	21.221	19.704	0.578
2026-04-11	-93.071	32.754	0	23.394	13.74	39.85	21.211	14.3	27.4	74.104	49.663	100	100.887	1.825	247.717	1.566	3.257	0.771	0	0.274	0.238	0.277	0.359	0.371	-0.1	-0.381	-0.1	0.521	0.327	0.405	0.464	0.181	24.354	24.702	24.654	21.923	19.903	0.585
2026-04-12	-93.071	32.754	0.357	22.024	14.61	32.94	20.964	15.4	24.4	82.183	67.009	96.659	100.6	2.048	135.15	1.984	4.979	0.456	0	0.273	0.238	0.277	0.359	0.371	-0.1	-0.4	-0.1	0.535	0.329	0.405	0.466	0.182	24.002	24.017	24.151	22.461	20.18	0.632
2026-04-13	-93.071	32.754	0	24.182	18.53	36.6	22.454	19.4	26.6	83.29	66.417	94.503	100.55	2.254	151.944	1.879	4.569	0.482	0	0.273	0.237	0.277	0.359	0.371	-0.1	-0.406	-0.1	0.529	0.327	0.404	0.468	0.181	24.392	24.671	24.649	22.501	20.429	0.598
2026-04-14	-93.071	32.754	0	24.524	17.62	40.41	22.335	18.7	27.7	80.887	62.295	97.182	100.373	2.16	217.209	1.745	4.286	0.578	0	0.272	0.237	0.276	0.359	0.371	-0.1	-0.495	-0.1	0.525	0.324	0.401	0.471	0.182	25.212	25.611	25.516	22.858	20.621	0.588
2026-04-15	-93.071	32.754	0	24.232	15.61	38.47	22.16	17.3	27.7	79.568	59.229	97.236	100.17	2.1	209.711	1.734	4.247	0.621	0	0.271	0.236	0.275	0.359	0.371	-0.1	-0.54	-0.1	0.52	0.32	0.398	0.474	0.182	25.692	26.031	25.967	23.37	20.844	0.591
2026-04-16	-93.071	32.754	0	24.983	17.4	39.43	22.839	18.6	28.1	80.96	63.44	98.987	100.207	2.237	204.679	1.375	3.257	0.592	0	0.27	0.235	0.274	0.359	0.37	-0.1	-0.633	-0.1	0.51	0.317	0.397	0.477	0.181	26.212	26.61	26.502	23.749	21.102	0.592
2026-04-17	-93.071	32.754	0.017	25.218	15.57	38.62	22.909	16.9	28.4	76.857	55.298	98.547	99.986	2.11	258.693	1.696	4.297	0.742	0	0.268	0.234	0.273	0.359	0.37	-0.1	-0.799	-0.1	0.498	0.313	0.396	0.48	0.182	26.815	27.306	27.129	24.135	21.363	0.584
2026-04-18	-93.071	32.754	6.19	19.521	11.1	28.72	17.94	9.1	22.7	91.117	74.585	99.598	100.153	1.921	95.828	2.377	5.138	0.203	0.001	0.27	0.234	0.273	0.359	0.37	-0.1	-1.074	-0.1	0.486	0.314	0.396	0.484	0.182	25.531	25.324	25.597	24.465	21.623	NA
2026-04-19	-93.071	32.754	0.153	16.853	7.69	32.12	13.6	7.6	20.8	71.412	40.503	98.121	101.162	1.052	297.112	2.355	4.677	0.571	0	0.273	0.237	0.276	0.359	0.37	-0.165	-1.379	-0.1	0.499	0.322	0.405	0.487	0.183	22.277	21.769	22.347	23.273	21.8	0.581
2026-04-20	-93.071	32.754	0.017	17.605	6.01	35.85	15.428	6.8	23.3	65.833	40.864	96.832	101.106	1.101	277.982	1.579	3.107	0.754	0	0.272	0.237	0.276	0.359	0.37	-0.188	-1.66	-0.1	0.463	0.311	0.405	0.491	0.183	22.262	22.014	22.366	22.473	21.658	0.579
2026-04-21	-93.071	32.754	0	16.491	7.82	32.52	15.393	8.4	22	73.874	52.59	94.681	100.93	1.29	136.093	1.21	2.262	0.51	0	0.272	0.237	0.276	0.358	0.37	-0.194	-1.859	-0.1	0.453	0.308	0.403	0.495	0.182	21.911	21.529	21.918	22.288	21.458	0.603
2026-04-22	-93.071	32.754	6.994	19.286	15.35	28.49	17.764	14.8	23.2	89.408	70.158	100	100.472	1.825	136.125	1.609	3.057	0.234	0.002	0.273	0.236	0.275	0.358	0.37	-0.2	-2.021	-0.1	0.45	0.31	0.404	0.497	0.182	22.078	21.841	22.139	22.005	21.325	0.598
2026-04-23	-93.071	32.754	0.102	22.081	15.4	32.85	20.922	15.8	26.8	87.415	68.711	100	99.877	2.152	171.456	1.661	3.948	0.375	0	0.273	0.236	0.275	0.358	0.37	-0.178	-1.967	-0.1	0.465	0.313	0.403	0.499	0.181	22.587	22.587	22.757	21.893	21.196	0.582
2026-04-24	-93.071	32.754	6.612	22.632	16.79	33.69	20.884	15.5	27.3	89.372	74.382	99.942	99.458	2.221	145.456	2.507	5.56	0.291	0.001	0.272	0.235	0.273	0.358	0.37	-0.157	-1.925	-0.1	0.464	0.308	0.398	0.504	0.182	23.692	23.802	23.894	22.319	21.117	0.585
2026-04-25	-93.071	32.754	6.669	21.479	14.63	31.62	19.355	14.6	26	93.321	77.007	100	99.474	2.109	179.634	1.446	3.067	0.192	0.001	0.273	0.235	0.273	0.358	0.37	-0.193	-1.706	-0.1	0.481	0.316	0.394	0.506	0.182	23.246	23.113	23.403	22.494	21.2	0.598
2026-04-26	-93.071	32.754	20.162	24.313	17.78	34.07	22.682	17.1	28.5	90.419	75.19	100	99.541	2.501	204.622	1.939	4.255	0.324	0.001	0.273	0.233	0.272	0.358	0.37	-0.172	-1.345	-0.1	0.497	0.315	0.388	0.508	0.181	24.344	24.496	24.58	22.698	21.273	0.564
2026-04-27	-93.071	32.754	0	25.006	21.11	33.05	24.473	21.9	28.4	88.032	78.398	96.389	99.66	2.704	114.711	1.809	4.577	0.382	0	0.272	0.235	0.272	0.358	0.37	-0.175	-1.17	-0.1	0.517	0.317	0.387	0.512	0.182	24.852	24.883	25.028	23.244	21.386	0.573
2026-04-28	-93.071	32.754	11.221	25.034	21.14	33.27	24.562	22.6	28.5	88.365	79.371	99.041	99.846	2.728	121.542	1.749	4.399	0.369	0	0.273	0.235	0.271	0.358	0.37	-0.185	-1.14	-0.1	0.529	0.319	0.387	0.516	0.182	25.09	25.13	25.269	23.516	21.574	0.572
2026-04-29	-93.071	32.754	23.873	20.501	17.1	24.37	19.507	15.5	22.9	96.248	85.361	100	99.868	2.195	32.641	1.769	3.822	0.096	0.001	0.273	0.236	0.272	0.358	0.369	-0.2	-1.024	-0.1	0.542	0.333	0.394	0.52	0.182	23.898	23.378	23.875	23.679	21.764	NA
2026-04-30	-93.071	32.754	8.777	17.128	14.99	22.89	15.089	13.9	17.6	94.983	81.332	100	100.014	1.628	96.122	3.077	5.91	0.089	0.001	0.277	0.24	0.275	0.358	0.37	-0.2	-0.366	-0.1	0.554	0.345	0.383	0.517	0.182	21.276	20.404	21.131	22.734	21.885	NA
2026-05-01	-93.071	32.754	7.023	14.26	12.84	17.64	12.512	10.9	14	95.012	88.014	100	100.151	1.378	59.684	1.993	3.809	0.073	0.001	0.28	0.243	0.277	0.358	0.37	-0.2	-0.243	-0.1	0.565	0.349	0.379	0.519	0.182	19.393	18.31	19.167	21.621	21.699	NA
2026-05-02	-93.071	32.754	0	17.819	9.92	30.03	15.795	10.8	22.2	72.59	46.862	95.337	100.479	1.256	284.366	2.026	4.069	0.587	0	0.281	0.244	0.278	0.358	0.37	-0.162	-0.158	-0.1	0.563	0.338	0.371	0.521	0.181	20.478	20.214	20.624	20.715	21.353	0.51
2026-05-03	-93.071	32.754	0	18.696	8.09	32.47	17.086	8.4	25.2	72.69	48.206	98.613	100.533	1.379	302.044	2.205	4.012	0.69	0	0.281	0.244	0.278	0.358	0.37	-0.119	-0.174	-0.1	0.558	0.325	0.363	0.525	0.181	21.834	21.697	22.077	21.057	21.039	0.495
2026-05-04	-93.071	32.754	0	20.662	11.04	33.15	18.821	11.5	25.2	71.194	49.909	94.789	99.969	1.509	303.36	2.211	4.847	0.746	0	0.28	0.243	0.277	0.358	0.371	-0.1	-0.2	-0.1	0.555	0.317	0.358	0.53	0.181	23.241	23.256	23.533	21.681	20.975	0.49
2026-05-05	-93.071	32.754	0	22.945	17.94	31.62	21.855	18.2	26.7	86.592	78.299	92.682	99.399	2.292	141.028	2.25	5.899	0.366	0	0.279	0.243	0.277	0.358	0.371	-0.1	-0.2	-0.1	0.558	0.318	0.362	0.536	0.181	23.704	23.621	23.892	22.354	21.046	0.496
2026-05-06	-93.071	32.754	16.302	19.3	12.67	27.86	17.548	10.4	24.8	96.443	91.271	100	99.738	2.009	75.354	2.5	5.456	0.094	0.001	0.279	0.243	0.277	0.358	0.37	-0.1	-0.2	-0.1	0.561	0.322	0.364	0.541	0.182	23.329	22.906	23.393	22.721	21.215	NA
2026-05-07	-93.071	32.754	0	17.904	10.92	28.63	14.764	9.9	20.1	85.957	69.567	99.899	100.245	1.437	239.47	1.864	3.901	0.278	0	0.28	0.245	0.279	0.358	0.37	-0.1	-0.2	-0.1	0.57	0.327	0.364	0.542	0.181	21.406	20.891	21.465	21.953	21.322	0.481
2026-05-08	-93.071	32.754	0.425	20.996	13.72	33.16	18.204	13.4	23.8	81.819	63.946	95.492	99.935	1.701	243.736	1.837	3.857	0.434	0	0.281	0.245	0.279	0.358	0.371	-0.1	-0.2	-0.1	0.568	0.325	0.365	0.547	0.181	22.452	22.271	22.647	21.786	21.226	0.476
2026-05-09	-93.071	32.754	6.989	21.446	16.83	29.69	19.756	16.4	23	97.802	92.861	100	99.694	2.263	100.922	1.425	2.939	0.053	0.001	0.279	0.244	0.278	0.358	0.371	-0.1	-0.2	-0.1	0.572	0.326	0.36	0.55	0.181	23.234	23.07	23.364	22.213	21.2	0.479
2026-05-10	-93.071	32.754	0.714	23.909	17.84	34.04	21.582	17.7	26.6	91.127	75.95	100	100.124	2.342	213.533	1.698	3.555	0.272	0	0.28	0.244	0.277	0.358	0.371	-0.1	-0.2	-0.1	0.575	0.324	0.359	0.553	0.181	24.213	24.369	24.493	22.468	21.27	0.465
2026-05-11	-93.071	32.754	0	21.067	15.46	31.94	19.216	16.7	23.3	85.152	65.773	98.321	100.551	1.888	169.894	2.176	4.424	0.352	0	0.28	0.245	0.278	0.359	0.371	-0.1	-0.2	-0.1	0.58	0.325	0.361	0.558	0.181	23.823	23.511	23.953	22.976	21.405	0.456
2026-05-12	-93.071	32.754	0	19.471	11.4	34.11	17.223	12.8	24.3	72.295	54.87	81.902	100.642	1.421	315.668	1.803	3.743	0.59	0	0.281	0.247	0.279	0.359	0.371	-0.1	-0.2	-0.1	0.583	0.33	0.364	0.561	0.182	22.137	21.368	22.062	22.832	21.534	0.468
2026-05-13	-93.071	32.754	0	23.488	11.48	37.56	21.541	12.4	29	67.833	45.819	93.474	100.34	1.691	306.711	1.384	2.682	1.019	0	0.278	0.244	0.277	0.359	0.371	-0.1	-0.214	-0.1	0.577	0.326	0.363	0.568	0.182	25.595	25.879	25.949	23.258	21.643	0.441
2026-05-14	-93.071	32.754	0	24.303	15.26	37.9	22.129	16.9	27.6	67.308	50.614	88.751	100.2	1.758	296.334	2.476	4.482	0.955	0	0.276	0.243	0.276	0.359	0.371	-0.1	-0.3	-0.1	0.579	0.327	0.364	0.574	0.182	26.554	26.823	26.889	23.996	21.8	0.444
2026-05-15	-93.071	32.754	0	26.385	16.33	39.43	24.515	17.7	30.5	73.406	57.6	93.065	99.974	2.259	278.32	1.716	4.154	0.906	0	0.275	0.242	0.275	0.359	0.37	-0.1	-0.314	-0.1	0.575	0.327	0.364	0.579	0.182	27.413	27.855	27.771	24.536	22.067	0.447
2026-05-16	-93.071	32.754	0	26.916	19.64	39.58	24.451	20.4	28.5	76.286	59.785	93.671	100.026	2.315	264.799	2.205	4.976	0.782	0	0.273	0.241	0.274	0.359	0.37	-0.1	-0.406	-0.1	0.569	0.326	0.362	0.584	0.183	28.465	28.944	28.823	25.28	22.355	0.45
2026-05-17	-93.071	32.754	0	25.99	20.33	37.32	24.601	20.6	28.9	85.869	70.875	96.635	99.9	2.649	144.017	2.3	5.216	0.481	0	0.273	0.24	0.274	0.359	0.37	-0.1	-0.514	-0.1	0.559	0.328	0.362	0.588	0.183	27.701	27.793	27.883	25.718	22.707	0.467
2026-05-18	-93.071	32.754	0	26.968	23.4	34.67	25.743	23.9	28.4	82.315	74.428	89.91	100.073	2.722	156.417	2.791	6.311	0.597	0	0.272	0.24	0.273	0.359	0.37	-0.1	-0.672	-0.1	0.531	0.326	0.364	0.593	0.183	27.711	27.925	27.939	25.717	23.005	0.486
2026-05-19	-93.071	32.754	5.203	25.058	19.33	37.7	23.298	18	29.9	89.349	68.818	98.89	100.353	2.561	148.165	2.295	5.359	0.358	0.001	0.271	0.239	0.273	0.359	0.37	-0.1	-0.938	-0.1	0.502	0.327	0.365	0.598	0.183	27.668	27.807	27.867	25.821	23.211	0.484
2026-05-20	-93.071	32.754	0.136	23.763	17.81	32.45	20.96	17.3	24	93.618	83.703	100	100.294	2.326	190.161	1.578	3.163	0.176	0	0.273	0.239	0.273	0.359	0.37	-0.1	-1.093	-0.1	0.503	0.332	0.368	0.602	0.184	26.417	26.292	26.581	25.562	23.369	0.497
2026-05-21	-93.071	32.754	43.442	22.901	20.16	30.5	20.872	19.1	23.3	96.951	90.421	100	100.08	2.393	98.367	1.95	3.758	0.077	0.001	0.272	0.242	0.275	0.359	0.369	-0.1	-1.16	-0.1	0.501	0.332	0.373	0.607	0.184	25.802	25.506	25.853	25.313	23.407	NA
2026-05-22	-93.071	32.754	1.191	24.253	19.7	32.95	22.159	18.9	26.9	94.48	80.966	100	99.707	2.524	177.117	1.834	3.438	0.172	0	0.275	0.254	0.277	0.359	0.37	-0.1	-0.383	-0.1	0.5	0.335	0.356	0.607	0.185	25.782	25.757	25.932	24.877	23.409	0.524
2026-05-23	-93.071	32.754	5.957	22.593	18.74	28.93	21.128	18.5	23.7	98.306	92.176	100	100.018	2.47	90.356	1.341	2.711	0.042	0.001	0.276	0.249	0.276	0.359	0.37	-0.1	-0.267	-0.1	0.515	0.334	0.347	0.604	0.185	25.541	25.193	25.559	24.989	23.4	NA
2026-05-24	-93.071	32.754	0.119	24.913	18.96	36.39	22.436	18.4	28.6	90.416	70.005	100	100.19	2.441	221.227	1.177	2.338	0.319	0	0.277	0.247	0.276	0.359	0.37	-0.1	-0.2	-0.1	0.52	0.331	0.345	0.604	0.185	25.769	25.78	25.964	24.674	23.4	0.516
2026-05-25	-93.071	32.754	0.102	26.195	19.39	37.27	23.648	19.8	28.4	87.604	67.541	100	100.066	2.54	257.526	1.806	3.689	0.422	0	0.277	0.245	0.275	0.359	0.37	-0.1	-0.2	-0.1	0.522	0.326	0.345	0.61	0.184	26.936	27.039	27.253	25.065	23.365	0.527
2026-05-26	-93.071	32.754	4.813	24.131	19.35	36.38	21.757	19.6	26.5	95.773	82.278	100	99.895	2.499	165.891	1.541	3.034	0.125	0	0.277	0.245	0.275	0.359	0.37	-0.1	-0.295	-0.1	0.525	0.327	0.345	0.615	0.185	26.757	26.578	26.911	25.448	23.46	0.501
2026-05-27	-93.071	32.754	0.765	24.521	19.26	33.78	23.047	19.2	28.5	93.186	76.014	100	99.782	2.625	155.798	1.839	3.537	0.235	0	0.278	0.246	0.276	0.359	0.37	-0.1	-0.3	-0.1	0.53	0.331	0.345	0.618	0.186	25.927	25.67	26.003	25.29	23.588	0.486
2026-05-28	-93.071	32.754	12.255	23.845	21.12	31.78	21.944	19.8	25.6	97.086	88.523	100	99.911	2.56	142.804	1.33	2.626	0.083	0.001	0.278	0.248	0.276	0.359	0.37	-0.1	-0.253	-0.1	0.532	0.339	0.345	0.621	0.186	26.009	25.796	26.121	25.191	23.6	0.516
2026-05-29	-93.071	32.754	0.119	26.675	20.57	36.83	24.455	20.1	29.5	88.618	69.764	100	99.827	2.698	229.928	1.406	2.725	0.421	0	0.278	0.248	0.276	0.359	0.37	-0.1	-0.2	-0.1	0.536	0.335	0.341	0.623	0.185	27.144	27.343	27.408	25.247	23.654	0.559
2026-05-30	-93.071	32.754	0.034	28.778	21.69	39.22	26.941	22	32.5	85.014	62.945	100	99.827	2.991	272.4	1.192	2.285	0.629	0	0.277	0.246	0.275	0.359	0.37	-0.1	-0.2	-0.1	0.539	0.329	0.34	0.628	0.185	28.763	29.212	29.157	25.899	23.742	0.574
2026-05-31	-93.071	32.754	0	29.48	22.54	39.17	27.547	23.2	32.1	85.208	67.194	100	99.942	3.105	271.322	1.339	2.652	0.625	0	0.276	0.244	0.273	0.36	0.37	-0.1	-0.221	-0.1	0.545	0.328	0.339	0.633	0.185	30.361	30.957	30.796	26.811	23.966	0.576
2026-06-01	-93.071	32.754	0.051	29.789	22.55	41.5	28.118	23.1	33.1	81.553	62.49	99.499	100.07	3.066	274.288	1.04	2.113	0.811	0	0.274	0.243	0.273	0.36	0.37	-0.1	-0.3	-0.1	0.552	0.329	0.339	0.638	0.186	31.145	31.703	31.541	27.616	24.316	0.577
2026-06-02	-93.071	32.754	42.756	24.639	19.35	40.34	23.306	18.7	31.4	91.728	74.67	100	100.254	2.63	138.496	1.588	3.552	0.283	0.001	0.275	0.251	0.276	0.36	0.369	-0.1	-0.306	-0.1	0.559	0.339	0.349	0.641	0.187	29.63	29.349	29.662	28.144	24.695	0.283
2026-06-03	-93.071	32.754	0.085	27.043	20.71	36.51	24.74	20.5	29.3	86.09	68.549	99.617	100.443	2.66	292.878	2.946	5.29	0.502	0	0.278	0.257	0.278	0.36	0.37	-0.1	-0.126	-0.1	0.566	0.345	0.342	0.638	0.188	27.718	27.526	27.866	27.193	24.988	0.356
2026-06-04	-93.071	32.754	1.243	25.493	21.79	34.05	23.986	21.9	27.9	90.922	75.805	100	100.384	2.703	139.778	1.902	3.601	0.294	0	0.279	0.253	0.277	0.36	0.369	-0.1	-0.126	-0.1	0.566	0.342	0.344	0.644	0.188	27.486	27.16	27.529	26.945	25	0.626
2026-06-05	-93.071	32.754	0	26.744	19.85	36.68	24.582	20.1	29.3	83.391	65.931	99.455	100.167	2.549	265.27	1.704	3.444	0.584	0	0.279	0.251	0.277	0.36	0.369	-0.1	-0.2	-0.1	0.559	0.34	0.348	0.653	0.188	27.899	27.926	28.148	26.655	25	0.617
2026-06-06	-93.071	32.754	0	23.693	22.05	27.2	23.093	21.8	24.6	95.058	89.919	99.099	99.954	2.686	43.882	1.458	2.695	0.139	0	0.279	0.251	0.277	0.36	0.369	-0.1	-0.2	-0.1	0.555	0.34	0.348	0.66	0.189	27.409	26.768	27.342	26.969	25	NA
