2026-01-01	-90.202	30.786	0	9.045	0.3	21.56	10.357	0.1	19.4	63.922	36.27	95.374	101.091	0.768	149.883	1.649	2.949	0.584	0	0.322	0.303	0.327	0.32	0.196	-15.879	-2.484	-0.1	0.219	0.397	0.954	0.492	0.17	11.189	11.771	12.848	15.233	17.137	0.774
2026-01-02	-90.202	30.786	0	15.115	5.75	21.45	16.002	7.7	21	85.853	74.165	95.063	100.322	1.617	56.538	2.661	5.168	0.279	0	0.316	0.3	0.326	0.32	0.193	-17.28	-4.407	-0.1	0.225	0.401	0.959	0.492	0.171	13.86	13.593	13.709	15.036	16.714	NA
2026-01-03	-90.202	30.786	0	18.238	12.68	27.2	18.717	11.9	24.5	88.249	68.337	100	100.275	1.924	99.573	2.841	5.432	0.282	0	0.312	0.297	0.324	0.319	0.191	-18.113	-6.293	-0.115	0.233	0.408	0.967	0.495	0.171	16.681	16.241	15.653	15.531	16.6	NA
2026-01-04	-90.202	30.786	0	12.81	11.07	15.18	11.328	10	12.5	94.362	91.521	97.6	101.07	1.268	39.631	1.898	3.601	0.074	0	0.311	0.297	0.324	0.318	0.189	-19.346	-8.653	-0.211	0.226	0.403	0.961	0.496	0.171	15.328	15.558	15.881	16.169	16.734	NA
2026-01-05	-90.202	30.786	0	13.002	5.42	23.07	13.203	5.8	19.9	91.355	69.838	100	100.943	1.397	128.663	1.42	2.602	0.172	0	0.31	0.297	0.324	0.318	0.187	-20.058	-10.173	-0.35	0.225	0.401	0.958	0.494	0.17	15.123	15.288	15.566	16.177	16.886	0.889
2026-01-06	-90.202	30.786	0	18.094	12.69	25.75	18.765	13.6	24.5	89.103	68.17	100	100.697	1.919	110.204	1.899	3.926	0.292	0	0.307	0.295	0.323	0.317	0.185	-21.103	-10.749	-0.632	0.227	0.408	0.96	0.494	0.171	16.741	16.374	16.093	16.268	16.9	0.901
2026-01-07	-90.202	30.786	0	18.868	13.19	26.99	19.466	15.6	24.7	91.556	68.899	100	100.746	2.059	113.298	1.381	2.888	0.226	0	0.303	0.293	0.322	0.317	0.183	-22.16	-11.317	-1.169	0.231	0.406	0.964	0.493	0.171	18.104	17.711	17.211	16.74	17.03	0.931
2026-01-08	-90.202	30.786	0	19.656	12.33	25.74	20.023	14.1	24.8	88.512	66.266	100	100.672	2.056	103.525	3.037	5.742	0.317	0	0.301	0.291	0.321	0.316	0.181	-23.511	-11.954	-2.308	0.227	0.407	0.964	0.496	0.176	18.436	18.089	17.738	17.249	17.274	0.922
2026-01-09	-90.202	30.786	47.911	21.919	19.37	26.67	21.659	20	25.4	98.283	89.099	100	100.729	2.549	57.993	2.72	5.452	0.045	0.006	0.342	0.333	0.34	0.36	0.4	-6.969	-3.55	-1.074	0.324	0.505	1.015	0.472	0.18	20.645	20.129	19.565	18.454	17.643	NA
2026-01-10	-90.202	30.786	22.09	18.918	10.96	22.78	18.168	10.9	22.1	94.489	79.356	100	101.118	2.026	72.155	3.433	6.808	0.094	0.001	0.361	0.349	0.345	0.388	0.491	-0.1	-0.1	-0.1	0.367	0.509	1.022	0.443	0.175	20.593	20.507	20.16	19.057	18.102	NA
2026-01-11	-90.202	30.786	0	9.032	3.4	16.53	8.998	4.4	14.1	67.307	45.852	88.682	102.114	0.763	153.647	2.69	5.434	0.405	0	0.357	0.33	0.338	0.388	0.491	-0.1	-0.1	-0.1	0.302	0.456	0.964	0.463	0.174	15.956	16.975	18.083	18.672	18.349	0.839
2026-01-12	-90.202	30.786	0	4.913	-0.35	16.92	4.409	-0.8	11.8	66.64	39.774	92.512	102.143	0.54	156.46	1.624	3.011	0.325	0	0.355	0.324	0.337	0.384	0.491	-0.1	-0.1	-0.1	0.263	0.42	0.942	0.465	0.175	13.072	14.151	15.725	17.674	18.266	0.836
2026-01-13	-90.202	30.786	0.306	7.534	-0.99	17.85	7.028	-1.8	15.7	68.24	30.434	100	101.475	0.635	161.647	1.202	2.184	0.455	0	0.353	0.321	0.336	0.353	0.491	-0.1	-0.1	-0.1	0.254	0.405	0.937	0.491	0.175	12.031	12.756	14.161	16.545	17.86	0.829
2026-01-14	-90.202	30.786	1.054	11.049	5.36	19.04	10.475	7.4	15.8	81.91	64.373	95.727	100.637	1.033	106.325	1.913	3.997	0.256	0	0.352	0.319	0.335	0.344	0.491	-0.1	-0.1	-0.1	0.263	0.406	0.947	0.493	0.176	13.548	13.765	14.396	15.922	17.37	0.847
2026-01-15	-90.202	30.786	0	5.427	-1.28	14.21	4.88	-1.8	9.5	64.147	36.671	91.543	101.099	0.548	170.323	1.776	3.724	0.34	0	0.35	0.318	0.334	0.34	0.491	-0.1	-0.1	-0.1	0.261	0.396	0.946	0.488	0.175	12.168	13.025	14.107	15.733	17.055	0.828
2026-01-16	-90.202	30.786	0	8.778	-1.84	19.18	8.867	-2.7	18.2	78.428	56.218	99.747	100.806	0.923	152.642	2.721	4.734	0.363	0	0.346	0.316	0.334	0.337	0.491	-0.1	-0.1	-0.1	0.264	0.384	0.939	0.478	0.177	11.358	11.835	12.932	15.166	16.782	0.823
2026-01-17	-90.202	30.786	2.587	8.533	4.14	12.57	8.309	4.4	13.3	79.794	63.989	98.291	101.305	0.896	35.735	2.305	4.779	0.21	0.001	0.35	0.315	0.332	0.335	0.491	-0.1	-0.1	-0.1	0.29	0.39	0.944	0.48	0.179	12.511	12.882	13.522	14.898	16.448	NA
2026-01-18	-90.202	30.786	0	2.596	-3.98	11.87	1.773	-3.9	6.6	57.237	37.808	83.215	101.628	0.388	172.46	1.465	3.246	0.323	0	0.35	0.317	0.333	0.334	0.49	-0.1	-0.1	-0.1	0.265	0.383	0.937	0.48	0.181	10.027	11.037	12.457	14.635	16.235	0.829
2026-01-19	-90.202	30.786	0	3.846	-4.07	17.72	3.804	-4.7	14.2	68.977	35.212	100	101.824	0.52	168.672	1.248	2.093	0.366	0	0.346	0.316	0.334	0.333	0.489	-0.209	-0.1	-0.1	0.253	0.374	0.929	0.477	0.18	9.275	10.026	11.36	13.932	15.92	0.813
2026-01-20	-90.202	30.786	0	5.934	-1.41	18.75	6.409	-1.7	16	72.44	39.216	100	102.121	0.668	165.874	1.572	2.596	0.38	0	0.343	0.314	0.333	0.333	0.487	-1.507	-0.1	-0.1	0.25	0.372	0.928	0.476	0.129	9.918	10.37	11.306	13.453	15.526	0.823
2026-01-21	-90.202	30.786	3.571	10.781	0.53	17.75	11.419	1	18	83.752	68.219	99.952	101.582	1.18	64.228	2.397	4.172	0.243	0.003	0.34	0.312	0.332	0.332	0.436	-6.963	-0.1	-0.1	0.26	0.376	0.93	0.476	0.123	11.185	11.194	11.706	13.309	15.204	NA
2026-01-22	-90.202	30.786	3.148	15.224	12.98	20.66	14.579	12.4	18	99.342	95.61	100	101.195	1.655	47.712	1.3	2.326	0.01	0.001	0.357	0.314	0.331	0.331	0.39	-3.489	-0.1	-0.1	0.302	0.409	0.945	0.479	0.129	13.815	13.428	13.145	13.62	15.049	NA
2026-01-23	-90.202	30.786	0	13.871	10.25	19.58	13.08	10.6	17.5	94.714	80.906	100	101.289	1.429	94.96	2.841	5.121	0.084	0	0.355	0.318	0.331	0.33	0.382	-0.1	-0.1	-0.1	0.289	0.416	0.956	0.483	0.128	14.765	14.506	14.277	14.276	15.15	NA
2026-01-24	-90.202	30.786	53.468	10.493	7.19	18.31	9.667	6.2	18.5	92.757	79.826	100	100.92	1.149	20.322	3.134	6.821	0.077	0.001	0.365	0.338	0.343	0.351	0.391	-0.1	-0.1	-0.1	0.288	0.431	0.969	0.467	0.147	13.066	13.273	13.697	14.136	15.056	NA
2026-01-25	-90.202	30.786	19.784	8.918	-0.46	19.85	6.981	-3	20.5	99.296	93.949	100	100.528	1.181	25.976	3.663	7.672	0.005	0.001	0.386	0.373	0.365	0.392	0.489	-0.1	-0.1	-0.1	0.339	0.485	0.989	0.421	0.153	13.116	13.433	13.806	14.196	15.047	NA
2026-01-26	-90.202	30.786	0	-0.371	-4.66	6.92	-3.035	-5.7	1.7	83.286	62.428	96.767	102.169	0.405	161.586	2.701	5.784	0.091	0	0.381	0.371	0.366	0.392	0.489	-0.1	-0.1	-0.1	0.32	0.47	0.984	0.427	0.156	8.659	9.806	11.477	13.949	15.284	0.848
2026-01-27	-90.202	30.786	0	1.039	-7.73	14.3	-0.546	-8.6	8.9	71.39	34.381	100	102.415	0.394	178.564	1.124	2.11	0.246	0	0.374	0.345	0.353	0.394	0.49	-0.1	-0.1	-0.1	0.274	0.426	0.955	0.429	0.159	7.562	8.443	10.009	12.959	15.018	0.817
2026-01-28	-90.202	30.786	0	3.635	-4.33	16.64	3.002	-4	11.6	70.762	35.557	98.522	101.98	0.509	183.373	1.226	2.393	0.3	0	0.37	0.336	0.345	0.395	0.49	-0.1	-0.1	-0.1	0.262	0.415	0.938	0.43	0.161	8.277	8.794	9.849	12.23	14.509	0.82
2026-01-29	-90.202	30.786	0	3.752	-4.48	17.4	4.183	-4.4	13.3	71.506	37.742	100	101.405	0.561	153.781	1.945	3.106	0.332	0	0.367	0.333	0.343	0.393	0.49	-0.1	-0.1	-0.1	0.257	0.404	0.928	0.434	0.162	8.208	8.708	9.754	11.937	14.1	0.811
2026-01-30	-90.202	30.786	0	6.226	-0.34	17.04	5.627	-0.3	13	78.375	53.237	100	101.18	0.721	132.246	2.226	4.448	0.237	0	0.364	0.33	0.342	0.391	0.49	-0.1	-0.1	-0.1	0.259	0.396	0.929	0.433	0.163	9.194	9.397	10.027	11.793	13.804	0.83
2026-01-31	-90.202	30.786	0	-0.632	-5.8	6.47	-2.518	-5.8	-0.1	52.322	40.495	65.873	102.011	0.266	188.82	3.358	7.316	0.245	0	0.363	0.328	0.341	0.369	0.491	-0.1	-0.1	-0.1	0.247	0.385	0.921	0.442	0.163	7.14	8.241	9.622	11.745	13.622	0.821
2026-02-01	-90.202	30.786	0	0.064	-8.24	13.98	-1.266	-8.3	7.3	55.357	31.702	77.486	102.23	0.3	186.193	1.169	2.504	0.296	0	0.361	0.327	0.341	0.352	0.491	-0.1	-0.1	-0.1	0.242	0.375	0.913	0.45	0.164	5.903	6.753	8.2	11.101	13.385	0.813
2026-02-02	-90.202	30.786	0	4.987	-5.2	19.97	4.927	-5.4	15.1	63.284	40.226	96.644	101.934	0.546	182.479	1.873	3.209	0.412	0	0.357	0.325	0.34	0.349	0.491	-0.1	-0.1	-0.1	0.245	0.371	0.914	0.449	0.165	7.089	7.421	8.261	10.595	12.993	0.796
2026-02-03	-90.202	30.786	0.715	10.974	-0.05	23.48	11.393	0.6	20	75.042	51.379	98.465	101.454	1.035	140.188	2.401	4.366	0.444	0	0.352	0.321	0.338	0.346	0.492	-0.1	-0.1	-0.1	0.249	0.372	0.92	0.452	0.165	9.541	9.292	9.358	10.666	12.715	0.804
2026-02-04	-90.202	30.786	4.813	11.313	2.38	17.99	11.049	3.1	14.2	78.488	49.91	100	101.386	1.063	175.429	2.931	5.76	0.277	0.002	0.362	0.327	0.336	0.344	0.492	-0.1	-0.1	-0.1	0.288	0.396	0.937	0.458	0.167	11.965	11.724	11.293	11.339	12.678	0.825
2026-02-05	-90.202	30.786	0	4.63	-1.56	15.87	3.991	-1.4	10.8	66.698	44.139	85.749	101.583	0.529	192.105	1.645	3.762	0.314	0	0.359	0.326	0.337	0.342	0.492	-0.1	-0.1	-0.1	0.263	0.388	0.929	0.461	0.167	9.797	10.336	10.979	11.872	12.922	0.782
2026-02-06	-90.202	30.786	0	10.286	-0.4	24.02	12.319	1	23.2	65.823	35.448	99.577	101	0.897	192.065	1.77	3.5	0.686	0	0.353	0.322	0.337	0.341	0.491	-0.1	-0.1	-0.1	0.257	0.378	0.926	0.458	0.168	10.463	10.455	10.698	11.775	13	0.773
2026-02-07	-90.202	30.786	0	9.608	1.21	21.39	11.583	3	18.9	58.868	34.024	83.844	101.519	0.77	198.381	2.037	3.702	0.645	0	0.346	0.317	0.336	0.339	0.491	-0.108	-0.1	-0.1	0.253	0.375	0.929	0.46	0.169	11.662	11.657	11.641	12.003	13.054	0.77
2026-02-08	-90.202	30.786	0	9.951	-0.59	23.06	11.064	-0.4	21.5	67.929	36.763	99.738	101.591	0.858	193.974	1.798	3.143	0.609	0	0.341	0.315	0.335	0.337	0.49	-1.49	-0.1	-0.1	0.243	0.367	0.923	0.462	0.171	11.26	11.331	11.594	12.253	13.176	0.777
2026-02-09	-90.202	30.786	0	14.489	7.53	25.29	15.444	11.1	22.2	86.165	59.996	98.057	101.429	1.502	130.759	1.482	2.992	0.292	0	0.334	0.311	0.333	0.336	0.489	-8.646	-0.1	-0.1	0.245	0.366	0.927	0.464	0.173	13.555	13.121	12.647	12.538	13.3	0.79
2026-02-10	-90.202	30.786	0	15.881	7.2	24.8	16.418	9.9	23	84.086	54.566	100	101.307	1.546	166.951	2.069	3.848	0.388	0	0.331	0.308	0.332	0.335	0.488	-12.269	-0.1	-0.1	0.243	0.367	0.926	0.467	0.151	14.514	14.081	13.572	13.137	13.53	0.793
2026-02-11	-90.202	30.786	0	17.948	10.74	27.98	18.916	12.6	25.3	82.25	54.473	100	101.238	1.76	150.152	1.556	3.115	0.487	0	0.326	0.305	0.331	0.333	0.473	-14.459	-0.1	-0.1	0.244	0.368	0.928	0.47	0.114	16.087	15.532	14.75	13.81	13.85	0.805
2026-02-12	-90.202	30.786	0	16.936	11	26.07	16.945	13	22.2	84.26	63.477	100	101.229	1.606	145.383	1.589	2.949	0.352	0	0.323	0.303	0.33	0.332	0.401	-16.331	-0.1	-0.1	0.242	0.368	0.929	0.473	0.121	16.698	16.281	15.639	14.552	14.258	0.823
2026-02-13	-90.202	30.786	0	17.026	12.53	25.32	16.744	13.9	22.1	93.594	70.348	100	101.18	1.778	97.779	1.163	2.289	0.144	0	0.322	0.302	0.329	0.33	0.349	-17.459	-0.1	-0.1	0.241	0.369	0.929	0.474	0.131	16.856	16.5	16.007	15.101	14.696	NA
2026-02-14	-90.202	30.786	0	17.965	14.56	23.91	17.545	13.7	21.6	90.622	70.574	100	100.755	1.81	107.888	3.262	5.863	0.225	0	0.32	0.301	0.329	0.329	0.286	-18.35	-0.1	-0.1	0.24	0.37	0.929	0.475	0.146	17.096	16.709	16.257	15.459	15.061	0.875
2026-02-15	-90.202	30.786	16.823	16.56	13.24	22.82	16.436	13	20.3	86.841	70.53	100	100.235	1.621	115.467	4.357	8.758	0.266	0	0.356	0.333	0.336	0.333	0.471	-1.003	-0.1	-0.1	0.32	0.441	0.972	0.482	0.154	17.082	16.922	16.644	15.847	15.365	0.895
2026-02-16	-90.202	30.786	0	12.764	6.77	18.06	12.102	9	16.5	89.523	76.02	99.455	101.077	1.264	84.495	2.053	3.78	0.155	0	0.352	0.324	0.333	0.331	0.478	-0.1	-0.1	-0.1	0.293	0.417	0.948	0.479	0.115	15.97	16.062	16.195	15.978	15.628	NA
2026-02-17	-90.202	30.786	0	15.864	11.3	22.04	15.766	11.6	20.3	88.112	69.814	98.502	101.068	1.575	108.99	2.501	4.625	0.244	0	0.348	0.319	0.332	0.331	0.421	-0.1	-0.1	-0.1	0.283	0.404	0.948	0.479	0.122	16.096	15.907	15.833	15.822	15.778	0.831
2026-02-18	-90.202	30.786	0	17.713	11.19	23.91	18.674	12.3	24.3	85.764	61.992	100	100.468	1.829	114.667	2.322	4.547	0.377	0	0.343	0.314	0.331	0.33	0.385	-0.1	-0.1	-0.1	0.278	0.396	0.951	0.48	0.125	16.946	16.618	16.282	15.908	15.839	0.902
2026-02-19	-90.202	30.786	0	21.604	17.58	27.75	22.586	18.7	27.7	82.472	50.665	99.875	100.065	2.208	163.305	3.258	6.488	0.569	0	0.335	0.309	0.329	0.329	0.314	-1.415	-0.1	-0.1	0.269	0.388	0.952	0.482	0.142	18.746	18.126	17.302	16.29	15.988	0.847
2026-02-20	-90.202	30.786	0	22.269	18.93	29.15	22.637	19.5	27.3	87.83	63.799	100	100.202	2.384	151.109	2.506	4.78	0.393	0	0.327	0.304	0.328	0.328	0.276	-9.661	-0.1	-0.1	0.259	0.38	0.95	0.485	0.148	19.97	19.331	18.376	16.93	16.277	0.882
2026-02-21	-90.202	30.786	5.698	21.452	12.24	28.21	21.647	13	25.9	86.622	64.394	100	100.638	2.283	116.309	3.063	6.107	0.339	0.001	0.338	0.303	0.326	0.326	0.261	-2.851	-0.1	-0.1	0.303	0.389	0.953	0.49	0.15	20.643	20.135	19.241	17.611	16.664	0.906
2026-02-22	-90.202	30.786	0	9.453	1.18	17.49	9.348	4.3	14.3	47.193	24.77	67.77	102.029	0.545	227.357	3.94	8.171	0.647	0	0.34	0.306	0.328	0.325	0.248	-0.108	-0.1	-0.1	0.275	0.39	0.95	0.492	0.149	16.952	17.583	18.188	17.902	17.065	0.832
2026-02-23	-90.202	30.786	0	6.149	-1.07	17.02	5.864	0.9	12.4	44.944	27.806	62.517	102.196	0.402	228.545	2.07	4.668	0.551	0	0.334	0.307	0.329	0.325	0.234	-3.997	-0.1	-0.1	0.241	0.372	0.938	0.488	0.15	14.017	14.736	15.826	17.07	17.146	0.834
2026-02-24	-90.202	30.786	0	6.381	-3.78	19.09	5.919	-4.4	14.4	59.579	33.159	92.205	101.487	0.533	220.228	2.286	3.957	0.476	0	0.329	0.306	0.329	0.325	0.228	-13.089	-0.154	-0.1	0.224	0.358	0.924	0.484	0.148	12.357	13.035	14.253	16.04	16.826	0.82
2026-02-25	-90.202	30.786	0	14.539	4.21	21.76	15.245	5.7	21.3	78.889	58.146	100	100.505	1.371	109.08	3.011	5.683	0.459	0	0.323	0.304	0.329	0.325	0.223	-18.033	-0.462	-0.1	0.222	0.356	0.92	0.481	0.149	13.975	13.885	14.202	15.351	16.395	0.846
2026-02-26	-90.202	30.786	0	18.976	16.22	24.38	19.125	17.2	22.5	91.078	81.356	97.716	100.331	2.018	101.716	2.661	5.093	0.204	0	0.318	0.3	0.327	0.324	0.217	-20.956	-1.082	-0.1	0.228	0.359	0.924	0.482	0.147	16.73	16.181	15.613	15.482	16.13	0.851
2026-02-27	-90.202	30.786	2.481	18.168	8.11	27.21	19.285	11.7	24.6	80.655	51.937	100	100.582	1.793	180.034	1.714	3.405	0.485	0.001	0.318	0.298	0.326	0.323	0.212	-22.256	-2.681	-0.1	0.25	0.365	0.925	0.483	0.149	18.036	17.595	16.925	16.116	16.201	0.914
2026-02-28	-90.202	30.786	0	15.61	8.15	25.48	15.891	10.7	24.4	80.968	35.839	100	100.932	1.398	199.029	1.276	2.615	0.486	0	0.317	0.297	0.325	0.322	0.208	-23.405	-6.822	-0.1	0.231	0.363	0.925	0.482	0.15	17.667	17.461	17.208	16.645	16.44	0.883
2026-03-01	-90.202	30.786	0	14.396	6.15	25.59	15.352	6.7	24.4	78.89	48.523	100	101.237	1.348	216.338	1.643	3.169	0.511	0	0.314	0.296	0.326	0.321	0.204	-25.989	-10.498	-0.1	0.223	0.352	0.947	0.48	0.148	16.909	16.889	16.962	16.79	16.657	0.872
2026-03-02	-90.202	30.786	0	15.225	6.5	26.44	15.421	6.7	24	85.213	54.526	100	101.255	1.486	208.707	1.847	3.46	0.377	0	0.309	0.295	0.324	0.32	0.2	-29.585	-11.963	-0.1	0.218	0.349	0.907	0.477	0.148	16.972	16.85	16.854	16.785	16.764	0.844
2026-03-03	-90.202	30.786	0	20.598	13.04	28.25	20.647	15.8	26.3	85.989	56.427	100	101.298	2.059	176.784	2.754	5.343	0.422	0	0.302	0.292	0.323	0.319	0.196	-33.689	-13.525	-0.138	0.215	0.347	0.91	0.476	0.148	18.633	18.117	17.562	16.954	16.833	0.875
2026-03-04	-90.202	30.786	0	21.301	18.05	28.13	21.477	19.2	26.3	84.144	61.055	98.682	101.309	2.126	166.694	2.716	5.193	0.454	0	0.296	0.29	0.321	0.318	0.194	-38.18	-15.072	-0.716	0.213	0.346	0.911	0.477	0.148	19.852	19.314	18.589	17.461	17.008	0.856
2026-03-05	-90.202	30.786	0	21.362	17.48	28.44	21.504	18.1	27	87.353	65.155	100	101.095	2.216	152.502	2.379	4.653	0.379	0	0.29	0.288	0.32	0.316	0.191	-41.891	-16.399	-3.296	0.209	0.343	0.909	0.474	0.148	20.238	19.75	19.098	17.977	17.307	0.859
2026-03-06	-90.202	30.786	0.051	23.172	20.27	29.93	23.251	20.3	28.8	86.517	58.703	98.391	101.053	2.44	174.461	3.087	5.895	0.442	0	0.283	0.286	0.319	0.315	0.187	-46.97	-17.929	-7.868	0.203	0.342	0.908	0.474	0.148	21.131	20.528	19.727	18.404	17.616	0.856
2026-03-07	-90.202	30.786	45.69	22.469	18.64	29.2	22.486	18	27.4	92.096	72.846	100	100.962	2.501	113.597	2.733	5.234	0.246	0.003	0.284	0.289	0.32	0.318	0.201	-46.409	-17.506	-9.966	0.215	0.348	0.91	0.47	0.15	21.296	20.864	20.221	18.931	17.984	0.894
2026-03-08	-90.202	30.786	25.961	19.787	16.35	25.69	19.146	17.1	23.1	97.158	82.671	100	100.975	2.157	106.661	1.027	1.972	0.073	0.001	0.358	0.348	0.346	0.363	0.484	-0.128	-0.1	-0.1	0.369	0.451	0.957	0.433	0.166	20.623	20.389	20.115	19.651	18.751	0.944
2026-03-09	-90.202	30.786	4.149	20.913	15.67	28.6	20.81	16.1	26.9	93.66	74.115	100	101.058	2.306	128.208	1.715	3.332	0.198	0.001	0.351	0.337	0.335	0.331	0.482	-0.1	-0.1	-0.1	0.373	0.449	0.952	0.443	0.157	20.857	20.542	20.161	19.356	18.577	0.94
2026-03-10	-90.202	30.786	0.068	22.719	18.8	28.3	22.927	19.6	27.3	90.075	71.045	100	101.057	2.502	160.169	2.609	4.907	0.318	0	0.35	0.33	0.333	0.33	0.475	-0.1	-0.1	-0.1	0.377	0.452	0.95	0.452	0.112	21.81	21.344	20.685	19.514	18.668	0.927
2026-03-11	-90.202	30.786	49.339	22.549	16.71	27.97	22.249	15.8	27.5	93.125	71.828	100	100.728	2.5	140.853	3.7	7.398	0.218	0.002	0.352	0.332	0.337	0.345	0.433	-0.1	-0.1	-0.1	0.361	0.45	0.95	0.443	0.133	22.222	21.86	21.405	20.322	19.12	0.876
2026-03-12	-90.202	30.786	6.075	13.058	5.26	18.06	12.252	5.6	16	79.51	49.8	100	101.285	1.141	243.64	4.18	8.053	0.308	0	0.366	0.364	0.361	0.388	0.486	-0.1	-0.1	-0.1	0.388	0.475	0.974	0.408	0.158	19.514	19.815	20.257	20.407	19.636	0.702
2026-03-13	-90.202	30.786	0	11.64	2.88	23.21	11.454	2.5	21.5	77.286	50.045	100	101.155	1.029	256.59	1.46	2.79	0.446	0	0.362	0.34	0.348	0.388	0.487	-0.1	-0.1	-0.1	0.35	0.44	0.98	0.432	0.161	17.336	17.739	18.665	19.537	19.33	0.913
2026-03-14	-90.202	30.786	0	14.687	5.5	24.4	14.583	5.8	22.3	83.974	59.998	100	100.897	1.4	248.54	1.822	3.643	0.363	0	0.357	0.327	0.338	0.386	0.487	-0.1	-0.1	-0.1	0.321	0.417	0.941	0.439	0.166	17.605	17.67	18.108	18.811	19.032	0.894
2026-03-15	-90.202	30.786	0	20.33	13.32	26.83	20.81	15	27	84.513	57.994	100	100.152	2.048	199.002	3.014	6.092	0.479	0	0.35	0.32	0.335	0.366	0.487	-0.1	-0.1	-0.1	0.301	0.405	0.944	0.44	0.169	19.468	19.084	18.766	18.627	18.766	0.879
2026-03-16	-90.202	30.786	4.948	9.784	1.37	21.3	8.808	3.4	21.7	63.903	37.743	100	100.801	0.788	223.551	3.476	7.797	0.388	0	0.356	0.32	0.334	0.344	0.487	-0.1	-0.1	-0.1	0.302	0.403	0.95	0.455	0.172	17.85	18.306	18.834	18.835	18.7	0.79
2026-03-17	-90.202	30.786	0	5.563	-1.75	15.77	4.625	-1.6	11.7	56.339	33.839	86.304	101.723	0.459	262.004	1.428	3.118	0.426	0	0.351	0.32	0.334	0.34	0.487	-0.1	-0.1	-0.1	0.275	0.384	0.938	0.447	0.172	14.622	15.374	16.711	18.255	18.656	0.861
2026-03-18	-90.202	30.786	0	8.323	0.68	18.6	8.324	0.5	16.9	70.21	42.293	99.273	101.666	0.73	179.387	1.403	2.611	0.448	0	0.344	0.318	0.333	0.338	0.487	-0.184	-0.1	-0.1	0.259	0.374	0.931	0.446	0.174	13.966	14.425	15.562	17.353	18.318	0.858
2026-03-19	-90.202	30.786	0	12.334	2.23	23.55	13.074	2.5	22.5	64.768	35.982	100	101.518	0.907	252.229	1.5	3.034	0.738	0	0.329	0.314	0.332	0.336	0.486	-4.755	-0.1	-0.1	0.243	0.365	0.924	0.447	0.175	14.811	14.892	15.426	16.769	17.902	0.849
2026-03-20	-90.202	30.786	0	15.616	6.48	25.8	16.35	7.3	24	73.228	48.062	99.193	101.306	1.34	256.098	1.855	3.733	0.624	0	0.312	0.309	0.33	0.334	0.481	-13.597	-0.1	-0.1	0.228	0.358	0.918	0.449	0.138	16.565	16.336	16.267	16.727	17.608	0.85
2026-03-21	-90.202	30.786	0	17.272	7.93	26.65	18.502	9.8	26.5	75.328	48.843	97.227	100.993	1.581	257.566	1.779	3.754	0.662	0	0.312	0.303	0.329	0.332	0.382	-19.627	-0.1	-0.1	0.21	0.352	0.91	0.45	0.124	17.647	17.348	17.099	17.06	17.5	0.846
2026-03-22	-90.202	30.786	0	20.025	14.11	27.3	20.609	15.9	26.8	80.003	52.701	98.782	100.833	1.901	235.414	2.213	4.766	0.584	0	0.305	0.298	0.327	0.329	0.283	-25.485	-0.252	-0.1	0.202	0.346	0.906	0.451	0.144	19.34	18.828	18.182	17.518	17.607	0.853
2026-03-23	-90.202	30.786	0.034	18.938	11.31	27.45	19.875	12.3	27.9	81.143	49.122	100	101.036	1.831	234.591	1.551	3.306	0.586	0	0.297	0.295	0.326	0.327	0.256	-32.001	-2.619	-0.1	0.192	0.342	0.899	0.45	0.145	19.538	19.19	18.756	18.041	17.817	0.849
2026-03-24	-90.202	30.786	0	17.559	11.75	26.65	18.745	12.9	26.1	67.679	47.773	84.656	101.174	1.437	235.73	1.615	3.172	0.795	0	0.288	0.293	0.325	0.325	0.236	-40.171	-8.858	-0.1	0.183	0.333	0.892	0.448	0.143	19.451	19.274	19.027	18.403	18.046	0.848
2026-03-25	-90.202	30.786	0	17.887	10.28	27.57	18.589	10.8	26.6	80.146	53.076	99.745	101.198	1.686	218.724	1.48	3.029	0.566	0	0.279	0.291	0.324	0.323	0.224	-48.41	-12.356	-0.1	0.174	0.328	0.887	0.445	0.142	19.235	19.071	18.934	18.523	18.249	0.841
2026-03-26	-90.202	30.786	0	21.666	16.55	28.66	21.641	17.9	27	84.757	58.514	100	101.137	2.151	211.782	1.93	3.962	0.477	0	0.267	0.288	0.322	0.322	0.213	-56.578	-14.509	-0.1	0.172	0.326	0.887	0.444	0.142	20.646	20.132	19.513	18.722	18.365	0.847
2026-03-27	-90.202	30.786	0.17	19.655	12.68	28.36	20.11	12.9	27.5	82.334	52.135	100	101.185	1.892	231.633	1.314	2.809	0.553	0	0.256	0.286	0.321	0.32	0.204	-67.177	-16.864	-0.562	0.166	0.323	0.882	0.44	0.142	20.67	20.368	19.946	19.092	18.558	0.839
2026-03-28	-90.202	30.786	0	17.042	8.87	25.66	17.486	12.6	22.7	51.19	28.946	80.104	101.805	1.005	266.26	3.851	7.256	1.024	0	0.238	0.282	0.319	0.318	0.197	-83.467	-19.948	-5.647	0.16	0.315	0.881	0.437	0.141	20.16	20.113	19.987	19.336	18.758	0.832
2026-03-29	-90.202	30.786	1.038	15.055	6.75	22.92	15.171	7.8	20.6	85.044	52.696	97.71	101.703	1.55	91.743	1.822	3.582	0.231	0.001	0.227	0.281	0.319	0.316	0.193	-93.261	-21.632	-10.453	0.153	0.307	0.867	0.432	0.141	18.339	18.556	19.051	19.222	18.9	NA
2026-03-30	-90.202	30.786	1.379	20.127	16.52	24.29	19.703	16.6	22.8	93.38	83.659	99.605	101.491	2.153	129.918	2.385	4.784	0.159	0	0.225	0.28	0.319	0.316	0.19	-88.235	-21.63	-11.021	0.159	0.308	0.868	0.429	0.14	19.738	19.429	19.169	18.977	18.9	0.826
2026-03-31	-90.202	30.786	5.898	22.036	19	28.3	21.746	19	26.4	91.825	70.7	100	101.243	2.378	189.569	2.329	4.695	0.248	0	0.235	0.278	0.318	0.315	0.186	-86.153	-22.081	-11.958	0.214	0.313	0.871	0.428	0.141	21.087	20.587	19.95	19.191	18.9	0.821
2026-04-01	-90.202	30.786	0	22.233	17.98	29.76	21.975	18.9	27.4	90.057	65.839	100	101.066	2.358	190.161	1.943	4.196	0.311	0	0.242	0.276	0.317	0.313	0.182	-88.932	-23.742	-13.401	0.212	0.312	0.872	0.425	0.141	21.821	21.345	20.691	19.627	19.054	0.824
2026-04-02	-90.202	30.786	3.471	22.051	18.32	29.79	21.828	18.8	27.3	91.046	65.067	100	100.958	2.361	160.006	2.167	4.388	0.287	0.002	0.236	0.275	0.316	0.312	0.179	-89.172	-25.317	-14.928	0.191	0.314	0.869	0.422	0.141	22.004	21.608	21.077	20.021	19.285	0.868
2026-04-03	-90.202	30.786	0.34	22.056	17.01	29.64	22.077	18	28	88.487	63.678	100	101.154	2.324	191.943	1.985	4.067	0.369	0	0.234	0.273	0.315	0.31	0.176	-94.304	-27.069	-16.328	0.194	0.316	0.866	0.42	0.143	22.205	21.844	21.318	20.299	19.509	0.818
2026-04-04	-90.202	30.786	20.846	22.422	19.25	29.84	21.955	19.4	27.9	93.074	71.022	100	101.082	2.439	130.895	1.99	4.106	0.222	0.001	0.249	0.28	0.316	0.309	0.174	-80.096	-24.128	-17.595	0.245	0.332	0.869	0.418	0.141	22.411	22.077	21.607	20.557	19.712	0.851
2026-04-05	-90.202	30.786	12.281	18.382	13.84	23.64	17.573	14.1	19.9	91.073	72.369	100	101.222	1.846	122.275	3.123	5.809	0.169	0.001	0.354	0.333	0.328	0.322	0.414	-0.115	-0.1	-0.753	0.412	0.459	0.903	0.429	0.147	21.507	21.489	21.426	20.829	20.016	0.839
2026-04-06	-90.202	30.786	0	14.136	6.37	22.22	13.991	7.5	19.4	64.263	41.761	87.22	101.37	1.005	184.183	3.162	5.979	0.618	0	0.345	0.317	0.323	0.317	0.236	-0.1	-0.109	-1.931	0.34	0.428	0.913	0.418	0.138	19.893	20.198	20.565	20.555	20	0.79
2026-04-07	-90.202	30.786	0	14.408	4.6	27.09	14.968	5.3	24.5	62.617	30.847	93.047	101.163	0.984	288.434	2.157	4.153	0.861	0	0.333	0.309	0.322	0.315	0.206	-0.535	-4.484	-8.432	0.276	0.39	0.904	0.416	0.135	18.551	18.81	19.351	20.01	19.962	0.774
2026-04-08	-90.202	30.786	0	16.671	8.08	26.63	16.85	8.4	24.8	71.076	45.295	94.505	101.263	1.33	271.05	1.888	3.799	0.702	0	0.316	0.301	0.321	0.314	0.193	-9.428	-14.186	-12.003	0.228	0.365	0.889	0.414	0.135	19.036	19.032	19.213	19.595	19.755	0.755
2026-04-09	-90.202	30.786	0	17.942	12.38	28.16	17.908	13.3	24.1	79.121	61.557	95.34	101.515	1.601	239.893	1.805	3.686	0.501	0	0.305	0.296	0.319	0.312	0.186	-18.199	-18.55	-13.938	0.209	0.353	0.878	0.412	0.134	19.778	19.663	19.576	19.53	19.602	0.752
2026-04-10	-90.202	30.786	0	18.703	10.58	30.14	18.465	11.2	26.6	85.649	62.627	100	101.571	1.819	237.709	1.768	3.518	0.402	0	0.296	0.292	0.318	0.311	0.181	-26.259	-21.664	-15.589	0.2	0.347	0.87	0.41	0.135	20.02	19.865	19.746	19.611	19.6	0.776
2026-04-11	-90.202	30.786	0	19.291	12.1	30.96	19.158	12.6	27	79.287	52.176	100	101.61	1.71	255.301	1.546	3.165	0.606	0	0.286	0.289	0.317	0.309	0.175	-35.252	-24.642	-17.235	0.195	0.343	0.865	0.408	0.136	20.723	20.501	20.179	19.752	19.6	0.751
2026-04-12	-90.202	30.786	0.051	19.557	10.65	28.89	19.202	11.5	26.5	82.474	57.208	100	101.492	1.811	254.129	2.352	4.643	0.512	0	0.274	0.286	0.316	0.308	0.172	-46.926	-28.106	-19.087	0.182	0.335	0.857	0.406	0.137	20.645	20.465	20.285	19.918	19.665	0.744
2026-04-13	-90.202	30.786	0.085	21.532	14.17	31.34	21.109	15.3	27.6	81.522	54.104	100	101.465	1.989	245.743	2.016	3.916	0.586	0	0.26	0.283	0.314	0.306	0.17	-61.956	-31.526	-21.271	0.171	0.333	0.852	0.404	0.138	21.49	21.142	20.717	20.063	19.743	0.812
2026-04-14	-90.202	30.786	0.136	21.222	13.65	31.86	20.668	13.7	27.6	79.735	48.27	100	101.244	1.89	271.981	1.858	3.636	0.633	0	0.243	0.279	0.312	0.303	0.167	-82.62	-35.391	-23.874	0.161	0.327	0.847	0.402	0.138	21.835	21.5	21.086	20.347	19.856	0.789
2026-04-15	-90.202	30.786	0.068	20.44	12.88	29.8	20.077	13	26.4	84.303	63.017	100	101.054	1.965	192.325	2.153	3.863	0.464	0	0.227	0.275	0.311	0.301	0.165	-106.081	-39.25	-26.496	0.151	0.321	0.838	0.399	0.139	21.536	21.353	21.164	20.557	19.982	0.73
2026-04-16	-90.202	30.786	0.153	22.893	15.09	34.61	22.101	15.5	29.4	80.216	47.134	100	101.014	2.063	247.303	1.753	3.408	0.689	0	0.214	0.271	0.309	0.299	0.163	-126.019	-43.28	-28.935	0.145	0.318	0.846	0.396	0.139	22.362	21.906	21.385	20.647	20.109	0.702
2026-04-17	-90.202	30.786	0	22.273	14.18	33.48	21.607	14.6	28.4	79.602	50.532	100	100.848	2.002	251.842	1.907	3.678	0.672	0	0.202	0.265	0.307	0.297	0.161	-152.468	-48.696	-31.968	0.136	0.311	0.83	0.393	0.138	22.597	22.231	21.792	20.895	20.25	0.715
2026-04-18	-90.202	30.786	0.068	22.341	13.61	32.19	21.846	13.8	28.8	83.385	60.705	100	100.693	2.159	201.02	1.501	3.039	0.557	0	0.194	0.259	0.305	0.295	0.159	-176.648	-54.744	-35.234	0.131	0.308	0.819	0.39	0.14	22.639	22.283	21.918	21.095	20.389	0.678
2026-04-19	-90.202	30.786	2.161	15.047	7.25	25.52	13.983	8.2	21.1	75.068	43.37	100	101.513	1.17	218.412	3.941	7.444	0.468	0.002	0.19	0.257	0.304	0.294	0.157	-188.703	-59.328	-37.908	0.129	0.303	0.809	0.387	0.139	21.13	21.402	21.63	21.193	20.542	0.648
2026-04-20	-90.202	30.786	0	14.809	3.9	29.55	14.789	5.2	24.4	67.831	33.842	94.171	101.678	1.059	270.673	1.874	3.542	0.756	0	0.189	0.256	0.304	0.293	0.157	-203.291	-63.82	-39.904	0.126	0.294	0.797	0.381	0.136	19.18	19.42	20.049	20.678	20.546	0.634
2026-04-21	-90.202	30.786	0	16.212	5.22	29.23	16.192	6.4	23.7	73.962	41.841	100	101.575	1.319	165.655	1.841	3.417	0.646	0	0.186	0.253	0.303	0.292	0.156	-218.826	-68.978	-42.041	0.121	0.292	0.792	0.379	0.136	18.68	18.856	19.438	20.124	20.322	0.611
2026-04-22	-90.202	30.786	0	20.985	13.36	33.25	20.167	14.2	27	74.77	46.924	94.29	101.192	1.717	231.766	2.128	4.044	0.721	0	0.183	0.249	0.301	0.291	0.155	-227.434	-74.843	-44.197	0.122	0.292	0.79	0.376	0.135	20.353	20.016	19.784	19.869	20.101	0.598
2026-04-23	-90.202	30.786	0.119	21.557	12.43	35.24	20.559	14	27.2	79.688	51.083	100	100.741	1.872	263.758	2.304	4.378	0.62	0	0.18	0.244	0.298	0.289	0.154	-247.39	-80.794	-46.867	0.118	0.294	0.787	0.375	0.137	21.141	20.757	20.419	20.059	20	0.588
2026-04-24	-90.202	30.786	0.017	23.746	14.82	36.78	22.097	16.5	28.2	85.69	64.834	100	100.272	2.259	215.917	2.419	4.62	0.47	0	0.176	0.24	0.295	0.287	0.153	-260.78	-85.972	-49.584	0.115	0.294	0.783	0.373	0.137	22.004	21.53	21.033	20.369	20.085	0.557
2026-04-25	-90.202	30.786	20.745	23.473	17.51	34.07	21.87	16.7	27	90.907	76.474	100	100.173	2.382	204.719	1.742	3.763	0.285	0.001	0.265	0.269	0.302	0.286	0.152	-63.386	-24.175	-50.91	0.358	0.339	0.823	0.373	0.137	22.634	22.248	21.688	20.774	20.252	0.587
2026-04-26	-90.202	30.786	21.32	24.357	18.12	34.85	22.934	17.2	28.1	89.413	67.832	100	100.354	2.481	241.96	1.813	3.814	0.354	0.001	0.33	0.311	0.315	0.305	0.328	-3.981	-5.232	-19.331	0.448	0.436	0.87	0.404	0.155	23.46	23.003	22.261	21.199	20.538	0.615
2026-04-27	-90.202	30.786	0	25.489	18.15	36.67	24.104	19.4	29.8	83.53	57.508	100	100.63	2.457	263.195	2.968	5.445	0.608	0	0.338	0.31	0.314	0.303	0.222	-0.1	-2.058	-18.254	0.436	0.464	0.905	0.399	0.138	24.086	23.643	22.927	21.616	20.707	0.653
2026-04-28	-90.202	30.786	0	25.553	18.58	37.39	23.811	19.2	29.4	86.368	65.247	100	100.811	2.519	244.701	2.572	4.619	0.481	0	0.323	0.299	0.31	0.3	0.189	-2.806	-16.068	-24.898	0.36	0.435	0.905	0.398	0.135	24.481	24.089	23.397	22.014	20.98	0.638
2026-04-29	-90.202	30.786	46.375	24.679	17.93	37.69	22.747	18.3	29.1	89.433	67.066	100	100.564	2.453	212.929	2.265	4.633	0.371	0.002	0.323	0.304	0.314	0.308	0.215	-9.936	-18.234	-22.335	0.353	0.452	0.909	0.406	0.149	24.41	24.1	23.649	22.439	21.341	0.71
2026-04-30	-90.202	30.786	14.19	20.876	18.03	26.18	19.485	17.2	22.4	99.237	93.934	100	100.389	2.253	80.156	2.42	4.322	0.017	0.001	0.358	0.342	0.34	0.332	0.473	-0.1	-0.1	-0.1	0.453	0.52	0.961	0.433	0.181	22.845	22.846	22.953	22.648	21.765	NA
2026-05-01	-90.202	30.786	34.722	15.416	11.67	18.22	14.228	10.2	17.2	99.781	97.765	100	100.471	1.638	32.236	3.527	6.393	0.002	0.003	0.361	0.339	0.34	0.345	0.399	-0.1	-0.1	-0.1	0.412	0.514	0.954	0.421	0.148	20.342	20.671	21.312	21.592	21.38	NA
2026-05-02	-90.202	30.786	5.429	16.842	9.17	27.17	15.234	10.4	21.4	76.429	44.19	100	100.819	1.27	303.589	3.818	6.773	0.513	0.001	0.363	0.347	0.345	0.37	0.478	-0.1	-0.1	-0.1	0.374	0.48	0.925	0.407	0.191	19.036	19.076	19.562	20.768	21.188	0.519
2026-05-03	-90.202	30.786	0	17.739	6.72	32.05	16.079	6.6	24.5	68.921	38.873	98.803	101.214	1.188	310.945	1.246	2.688	0.77	0	0.352	0.323	0.335	0.346	0.479	-0.1	-0.1	-0.1	0.312	0.427	0.899	0.425	0.193	19.654	19.646	19.936	20.638	21.007	0.447
2026-05-04	-90.202	30.786	0	19.181	8.54	33.24	17.339	8.8	24.2	71.138	45.414	99.488	100.834	1.358	313.003	1.801	3.697	0.721	0	0.345	0.317	0.332	0.338	0.479	-0.1	-0.1	-0.1	0.298	0.412	0.899	0.424	0.195	20.387	20.244	20.254	20.505	20.786	0.442
2026-05-05	-90.202	30.786	0	21.893	11.58	36.55	19.91	11.5	27	83.582	65.485	98.813	100.438	1.961	223.983	2.735	4.932	0.483	0	0.339	0.312	0.33	0.335	0.48	-0.1	-0.1	-0.1	0.287	0.406	0.903	0.418	0.195	21.136	20.898	20.693	20.597	20.7	0.515
2026-05-06	-90.202	30.786	1.089	25.132	19.69	34.43	24.181	20.4	28.1	93.237	82.351	98.228	100.367	2.82	104.932	3.011	5.632	0.216	0.001	0.336	0.309	0.329	0.333	0.479	-0.1	-0.1	-0.1	0.288	0.408	0.909	0.421	0.197	22.607	22.223	21.649	20.907	20.7	0.365
2026-05-07	-90.202	30.786	5.374	22.332	16.49	30.08	20.14	16	24.8	94.022	81.724	100	100.57	2.237	173.024	2.817	5.265	0.149	0.002	0.347	0.314	0.329	0.332	0.478	-0.1	-0.1	-0.1	0.377	0.433	0.921	0.426	0.197	23.036	22.797	22.309	21.38	20.847	0.585
2026-05-08	-90.202	30.786	37.291	18.319	17.1	19.7	17.318	16.5	18.2	98.648	95.049	100	100.571	1.952	16.401	2.316	4.257	0.024	0.004	0.361	0.341	0.341	0.356	0.479	-0.1	-0.1	-0.1	0.415	0.463	0.936	0.434	0.206	21.1	21.275	21.557	21.473	21.072	NA
2026-05-09	-90.202	30.786	52.017	19.387	18.32	20.26	18.5	17.5	19.7	99.866	99.613	100	100.396	2.13	23.11	2.132	4.333	0	0.003	0.375	0.369	0.355	0.389	0.482	-0.1	-0.1	-0.1	0.433	0.498	0.941	0.422	0.206	20.57	20.534	20.781	21.109	21.097	NA
2026-05-10	-90.202	30.786	0.034	23.676	17.84	35.65	21.665	17.1	28.5	91.81	68.844	100	100.741	2.372	233.19	1.68	3.437	0.277	0	0.37	0.369	0.356	0.39	0.482	-0.1	-0.1	-0.1	0.467	0.518	0.95	0.431	0.215	22.153	21.739	21.195	20.982	20.993	0.473
2026-05-11	-90.202	30.786	29.579	23.227	16.93	31.19	21.755	17	26.4	91.612	72.911	100	100.896	2.375	155.506	1.674	3.171	0.271	0.002	0.368	0.367	0.355	0.39	0.482	-0.1	-0.1	-0.1	0.473	0.529	0.962	0.44	0.222	22.768	22.511	22.184	21.413	20.998	0.65
2026-05-12	-90.202	30.786	2.211	20.808	18.46	28.81	19.177	17.3	22.5	98.475	89.583	100	100.918	2.19	147.448	2.42	4.35	0.036	0	0.371	0.37	0.356	0.391	0.482	-0.1	-0.1	-0.1	0.494	0.532	0.959	0.434	0.222	22.234	22.2	22.291	21.75	21.134	0.715
2026-05-13	-90.202	30.786	0.017	23.867	17.06	35.84	21.975	17.2	28.4	82.071	47.518	100	100.824	2.1	274.757	1.497	2.985	0.611	0	0.363	0.363	0.355	0.391	0.482	-0.1	-0.1	-0.1	0.498	0.541	0.971	0.449	0.23	23.819	23.467	22.949	21.956	21.311	0.576
2026-05-14	-90.202	30.786	0.034	23.941	14.76	36.42	22.219	15.1	29.2	72.765	44.544	98.933	100.752	1.852	311.097	1.557	3.082	0.94	0	0.357	0.335	0.344	0.39	0.481	-0.1	-0.1	-0.1	0.407	0.503	0.965	0.455	0.232	23.77	23.467	23.074	22.192	21.488	0.502
2026-05-15	-90.202	30.786	0.017	24.785	14.82	39.01	22.651	15.2	29.6	79.214	56.849	99.247	100.835	2.153	275.745	1.932	3.722	0.711	0	0.352	0.323	0.336	0.387	0.481	-0.1	-0.1	-0.1	0.365	0.48	0.952	0.463	0.235	23.995	23.64	23.214	22.347	21.65	0.513
2026-05-16	-90.202	30.786	0	24.532	18.03	36.74	22.85	18.7	27.7	81.374	60.221	100	100.887	2.222	228.994	1.974	3.755	0.606	0	0.349	0.32	0.334	0.377	0.481	-0.1	-0.1	-0.1	0.358	0.468	0.953	0.447	0.236	24.436	24.157	23.666	22.587	21.774	0.547
2026-05-17	-90.202	30.786	0.051	25.049	16.84	38.74	23.288	17.7	29.4	90.314	74.429	99.741	100.826	2.594	202.738	2.553	4.788	0.325	0	0.347	0.317	0.332	0.353	0.48	-0.1	-0.1	-0.1	0.352	0.462	0.953	0.465	0.234	24.384	24.099	23.684	22.775	21.951	0.551
2026-05-18	-90.202	30.786	3.826	26.026	19.17	39.31	24.531	20.2	30.4	90.02	66.638	100	100.997	2.758	220.197	2.424	4.651	0.367	0.001	0.348	0.317	0.331	0.344	0.48	-0.1	-0.1	-0.1	0.369	0.486	0.956	0.473	0.231	25.142	24.757	24.138	22.982	22.085	0.494
2026-05-19	-90.202	30.786	0	28.201	22.19	39.78	25.846	22.9	30.4	88.265	68.388	100	101.066	2.913	250.525	2.781	5.131	0.453	0	0.348	0.319	0.33	0.342	0.48	-0.1	-0.1	-0.1	0.39	0.504	0.965	0.469	0.231	26.071	25.536	24.694	23.277	22.26	0.564
2026-05-20	-90.202	30.786	1.31	26.057	21.38	38.71	24.159	21.8	29	92.72	71.778	100	100.875	2.781	165.353	1.74	3.255	0.257	0.001	0.345	0.316	0.329	0.34	0.48	-0.1	-0.1	-0.1	0.39	0.51	0.964	0.467	0.231	25.939	25.616	25.033	23.61	22.477	0.579
2026-05-21	-90.202	30.786	3.756	24.224	21.81	31.53	22.706	21.2	26	98.832	90.408	100	100.635	2.731	126.706	1.548	3.054	0.032	0.001	0.348	0.317	0.329	0.338	0.479	-0.1	-0.1	-0.1	0.443	0.526	0.964	0.468	0.231	25.326	25.133	24.816	23.768	22.666	0.55
2026-05-22	-90.202	30.786	3.131	25.699	20.36	41.44	23.656	19.7	30.5	92.481	66.51	100	100.455	2.69	204.097	2.212	4.554	0.282	0	0.35	0.32	0.329	0.338	0.479	-0.1	-0.1	-0.1	0.482	0.545	0.975	0.47	0.23	25.707	25.34	24.787	23.735	22.793	0.503
2026-05-23	-90.202	30.786	0.442	23.746	19.45	30.31	21.973	19.4	25.9	95.55	85.068	100	100.762	2.528	137.557	1.571	3.144	0.127	0	0.349	0.32	0.329	0.336	0.479	-0.1	-0.1	-0.1	0.5	0.541	0.975	0.474	0.23	24.956	24.832	24.647	23.809	22.876	0.457
2026-05-24	-90.202	30.786	2.686	25.538	20.81	37.23	23.172	20.3	26.9	94.442	81.281	100	100.769	2.68	173.71	1.339	2.671	0.183	0	0.35	0.321	0.329	0.336	0.479	-0.1	-0.1	-0.1	0.55	0.551	0.979	0.476	0.231	25.148	24.844	24.478	23.709	22.9	0.474
2026-05-25	-90.202	30.786	12.797	22.853	19.54	27.2	22.001	19.7	24.3	98.594	92.412	100	100.585	2.61	82.411	1.273	2.35	0.037	0.001	0.357	0.331	0.333	0.338	0.479	-0.1	-0.1	-0.1	0.563	0.589	1.001	0.486	0.232	24.607	24.541	24.447	23.763	22.971	NA
2026-05-26	-90.202	30.786	38.331	25.739	19.2	40.04	22.944	19.2	30	93.737	70.828	100	100.559	2.619	193.878	1.64	3.527	0.238	0.001	0.356	0.332	0.336	0.362	0.479	-0.1	-0.1	-0.1	0.535	0.601	0.998	0.494	0.239	24.844	24.512	24.31	23.809	23.077	0.515
2026-05-27	-90.202	30.786	0.562	27.314	21.39	38.33	25.289	21.4	29.6	89.552	70.394	100	100.558	2.864	229.397	2.407	4.643	0.394	0	0.364	0.355	0.357	0.387	0.48	-0.1	-0.1	-0.1	0.511	0.607	1.015	0.516	0.272	25.966	25.493	24.852	23.911	23.107	0.439
2026-05-28	-90.202	30.786	30.471	24.872	21.99	32.25	23.606	21.7	27.8	97.311	83.541	100	100.47	2.836	119.127	1.74	3.429	0.089	0.001	0.367	0.354	0.354	0.388	0.48	-0.1	-0.1	-0.1	0.511	0.578	1.013	0.517	0.264	25.705	25.561	25.177	24.167	23.203	0.503
2026-05-29	-90.202	30.786	0.068	27.748	21.2	39.89	25.125	21.5	29.6	89.128	68.488	100	100.484	2.823	242.358	1.378	2.898	0.403	0	0.365	0.357	0.356	0.388	0.48	-0.1	-0.1	-0.1	0.557	0.592	1.006	0.517	0.25	26.422	25.919	25.223	24.171	23.3	0.449
2026-05-30	-90.202	30.786	0	29.438	21.87	42.14	26.383	21.9	31.7	86.379	64.69	99.465	100.469	2.944	263.62	1.273	2.759	0.547	0	0.359	0.345	0.351	0.387	0.479	-0.1	-0.1	-0.1	0.539	0.588	1.007	0.521	0.255	27.44	26.86	25.948	24.447	23.398	0.256
2026-05-31	-90.202	30.786	0	31.103	23.39	44.99	27.58	23.4	32.8	84.126	64.214	98.629	100.581	3.07	290.684	1.441	3.083	0.672	0	0.352	0.328	0.335	0.386	0.479	-0.1	-0.1	-0.1	0.517	0.587	0.996	0.527	0.257	28.506	27.836	26.744	24.885	23.6	0.256
2026-06-01	-90.202	30.786	0	30.056	23.15	44.67	26.518	23.2	32	90.065	67.28	100	100.737	3.094	275.745	0.911	2.129	0.413	0	0.35	0.324	0.333	0.383	0.478	-0.1	-0.1	-0.1	0.527	0.581	0.99	0.533	0.263	28.008	27.605	27.092	25.318	23.809	0.279
