2026-01-01	-92.389	31.175	0	11.493	-0.17	25.49	13.267	3.2	21.3	59.445	36.183	83.018	101.702	0.89	142.947	1.84	3.636	0.714	0	0.339	0.368	0.389	0.391	0.424	-8.47	-0.1	-0.1	2.887	3.035	3.326	3.283	3.707	11.709	12.315	13.714	15.95	17.875	0.647
2026-01-02	-92.389	31.175	0	17.879	11.67	28.33	18.992	13.6	26.3	81.131	62.107	95.969	100.735	1.783	102.536	2.967	5.431	0.484	0	0.336	0.368	0.388	0.39	0.423	-10.736	-0.1	-0.1	2.872	3.042	3.352	3.294	3.732	14.806	14.377	14.441	15.682	17.746	0.653
2026-01-03	-92.389	31.175	0	15.602	11.31	23.06	15.207	11	18.5	92.453	84.701	99.685	101.052	1.628	50.629	2.619	4.584	0.121	0	0.333	0.368	0.389	0.39	0.42	-12.294	-0.1	-0.1	2.894	3.026	3.355	3.305	3.765	15.627	15.483	15.426	15.916	17.608	NA
2026-01-04	-92.389	31.175	0	10.472	2.08	21.28	10.261	4.9	15.6	81.128	63.621	94.748	101.811	1.008	141.043	1.983	3.566	0.263	0	0.326	0.366	0.388	0.39	0.42	-14.681	-0.1	-0.1	2.943	2.981	3.342	3.308	3.767	14.077	14.608	15.301	16.142	17.5	0.677
2026-01-05	-92.389	31.175	0.136	10.887	1.76	24.15	10.082	2.3	20.3	91.162	74.18	100	101.525	1.184	124.915	1.491	2.769	0.162	0	0.319	0.365	0.387	0.39	0.42	-17.067	-0.1	-0.1	2.977	2.923	3.334	3.308	3.766	13.106	13.623	14.711	16.08	17.5	0.688
2026-01-06	-92.389	31.175	0	19.205	16.04	24.41	19.465	16.3	23	93.04	83.547	98.662	101.244	2.105	58.084	2.244	4.09	0.167	0	0.317	0.365	0.387	0.39	0.419	-18.404	-0.1	-0.1	2.944	2.851	3.354	3.314	3.768	16.3	15.673	15.356	15.971	17.458	NA
2026-01-07	-92.389	31.175	0	19.831	14.1	28.31	20.047	17.6	24.2	91.234	74.458	97.978	101.303	2.135	66.899	1.894	3.555	0.219	0	0.315	0.365	0.387	0.39	0.419	-19.97	-0.1	-0.1	2.943	2.755	3.359	3.324	3.763	17.685	17.007	16.377	16.276	17.4	NA
2026-01-08	-92.389	31.175	1.105	20.901	17.66	26.17	21.44	18.6	25.2	89.947	68.534	98.143	101.035	2.286	51.244	3.508	6.557	0.285	0.002	0.31	0.364	0.387	0.39	0.419	-22.601	-0.1	-0.1	2.935	2.648	3.354	3.328	3.746	18.234	17.607	17.006	16.683	17.4	NA
2026-01-09	-92.389	31.175	0.068	22.531	18.72	28.16	22.716	19.8	26.1	93.415	82.582	100	101.21	2.578	77.345	2.042	3.722	0.194	0	0.308	0.363	0.387	0.39	0.419	-24.878	-0.1	-0.1	2.898	2.57	3.352	3.33	3.731	19.616	18.717	17.771	17.082	17.471	NA
2026-01-10	-92.389	31.175	18.656	15.352	5.96	22.12	15.198	7.5	22.8	88.414	76.709	100	101.995	1.608	64.671	2.967	5.806	0.174	0.002	0.419	0.397	0.411	0.41	0.424	-4.772	-0.1	-0.1	2.42	2.836	3.314	3.375	3.702	18.469	18.611	18.447	17.704	17.551	NA
2026-01-11	-92.389	31.175	0	7.775	-0.15	19.01	8.357	1.4	15.5	67.205	50.136	89.165	102.982	0.732	149.682	2.34	4.222	0.407	0	0.399	0.387	0.408	0.414	0.426	-0.1	-0.1	-0.1	2.608	2.961	3.247	3.378	3.69	13.861	15.266	16.854	17.711	17.682	0.762
2026-01-12	-92.389	31.175	0	4.032	-3.18	18.16	4.681	-1.7	13.2	67.799	37.079	90.697	102.923	0.565	134.214	0.801	1.698	0.332	0	0.381	0.38	0.398	0.411	0.426	-0.1	-0.1	-0.1	2.701	2.984	3.307	3.395	3.68	11.746	13.192	15.226	17.146	17.8	0.75
2026-01-13	-92.389	31.175	0.748	8.556	-1.53	21.08	7.953	-0.2	17.1	73.353	38.987	99.506	102.175	0.757	141.428	1.107	2.275	0.395	0	0.372	0.376	0.394	0.403	0.426	-0.1	-0.1	-0.1	2.711	3.008	3.312	3.357	3.678	11.425	12.381	14.156	16.451	17.8	0.754
2026-01-14	-92.389	31.175	0.561	11.587	8.27	19.52	11.633	8.3	16.1	74.049	56.967	89.629	101.397	1.009	120.879	2.749	5.58	0.376	0	0.371	0.375	0.393	0.4	0.425	-0.1	-0.1	-0.1	2.691	3.035	3.332	3.341	3.683	13.144	13.497	14.321	15.976	17.748	0.762
2026-01-15	-92.389	31.175	0	4.956	-3.99	16.64	5.595	-1.9	11.7	59.025	35.139	83.376	101.911	0.523	158.698	1.534	2.951	0.411	0	0.364	0.373	0.392	0.398	0.425	-0.1	-0.1	-0.1	2.766	3.02	3.325	3.277	3.676	11.244	12.459	14.023	15.794	17.623	0.75
2026-01-16	-92.389	31.175	0	10.564	-1.39	23.15	11.708	0.8	20.9	68.832	56.235	85.769	101.349	0.998	140.906	2.857	5.278	0.509	0	0.358	0.371	0.39	0.396	0.425	-0.1	-0.1	-0.1	2.777	3.027	3.334	3.274	3.676	11.145	11.803	13.246	15.436	17.483	0.737
2026-01-17	-92.389	31.175	0	8.196	-0.45	14.67	8.265	2.2	13.8	51.782	43.262	60.098	102.213	0.575	82.002	2.963	5.27	0.53	0	0.35	0.37	0.389	0.395	0.425	-0.345	-0.1	-0.1	2.817	3.04	3.352	3.274	3.678	11.971	12.647	13.605	15.188	17.35	NA
2026-01-18	-92.389	31.175	0	0.929	-7.82	13.88	1.309	-4.8	8.8	54.956	31.702	76.953	102.465	0.357	159.74	1.533	2.92	0.341	0	0.342	0.368	0.387	0.394	0.425	-5.803	-0.1	-0.1	2.898	3.021	3.346	3.276	3.674	9.137	10.697	12.751	15.009	17.205	0.732
2026-01-19	-92.389	31.175	0	4.114	-6.17	21.92	5.402	-4.6	16.2	62.209	33.72	92.194	102.508	0.535	156.755	0.909	1.799	0.473	0	0.336	0.366	0.386	0.393	0.425	-10.097	-0.1	-0.1	2.895	3.011	3.348	3.274	3.676	8.824	9.909	11.829	14.499	17.06	0.721
2026-01-20	-92.389	31.175	0	6.359	-2.91	20.55	6.723	-1	15.8	68.86	45.68	87.186	102.751	0.674	133.941	1.281	2.452	0.37	0	0.33	0.365	0.385	0.391	0.425	-11.985	-0.1	-0.1	2.906	3.008	3.36	3.292	3.673	9.458	10.217	11.686	14.073	16.893	0.72
2026-01-21	-92.389	31.175	10.091	13.098	9.95	15.67	13.366	11.1	15.4	85.476	64.923	99.276	102.079	1.334	25.033	2.236	4.044	0.205	0.003	0.348	0.366	0.384	0.39	0.425	-9.255	-0.1	-0.1	2.784	3.041	3.38	3.305	3.682	11.69	11.599	12.139	13.861	16.693	NA
2026-01-22	-92.389	31.175	0.986	13.468	11.75	16.03	12.597	11.1	15	97.917	93.897	100	101.896	1.431	46.95	2.165	3.572	0.03	0	0.393	0.374	0.388	0.39	0.424	-0.1	-0.1	-0.1	2.563	3.114	3.457	3.316	3.69	13.594	13.255	13.143	14.031	16.516	NA
2026-01-23	-92.389	31.175	0	12.338	6.78	18.66	11.349	6	15	93.677	80.953	100	101.971	1.277	55.212	3.519	5.725	0.079	0	0.387	0.375	0.39	0.39	0.423	-0.1	-0.1	-0.1	2.602	3.118	3.458	3.327	3.707	13.855	13.754	13.761	14.352	16.385	NA
2026-01-24	-92.389	31.175	21.576	4.153	2.04	6.77	2.51	0.4	5.9	90.136	77.475	100	101.617	0.656	17.128	3.401	5.644	0.083	0.001	0.432	0.39	0.402	0.401	0.423	-0.1	-0.1	-0.1	2.32	3.037	3.378	3.321	3.713	10.816	11.912	13.243	14.34	16.3	NA
2026-01-25	-92.389	31.175	11.358	1.03	-1.08	3.59	-0.905	-3.1	0.8	98.655	95.886	100	101.549	0.566	32.229	2.698	5.238	0.007	0.001	0.489	0.409	0.416	0.412	0.425	-0.1	-0.1	-0.1	1.938	2.924	3.267	3.287	3.678	7.663	9.408	11.933	13.809	16.291	NA
2026-01-26	-92.389	31.175	0	-0.622	-3.87	5.54	-3.176	-5.2	-1	88.648	79.284	97.229	103.206	0.429	120.81	2.844	5.102	0.056	0	0.462	0.41	0.418	0.413	0.425	-0.1	-0.1	-0.1	2.178	2.926	3.246	3.276	3.663	6.331	7.93	10.62	12.926	16.177	0.659
2026-01-27	-92.389	31.175	0.629	0.582	-8.35	14.02	-0.548	-7.9	6.9	81.837	53.937	100	103.179	0.484	154.499	0.842	1.755	0.142	0	0.442	0.408	0.418	0.413	0.425	-0.1	-0.1	-0.1	2.301	2.892	3.264	3.274	3.653	6.156	7.352	9.827	12.192	15.999	0.703
2026-01-28	-92.389	31.175	0.119	2.648	-4.83	16.98	2.529	-3.5	10.9	80.771	52.523	100	102.76	0.588	173.877	1.123	2.211	0.188	0	0.423	0.39	0.417	0.413	0.425	-0.1	-0.1	-0.1	2.398	3.003	3.24	3.278	3.651	6.947	7.749	9.616	11.751	15.738	0.707
2026-01-29	-92.389	31.175	0.051	4.493	-5.22	19.2	4.772	-4.4	14.5	80.104	49.556	100	102.01	0.689	170.432	1.537	2.761	0.252	0	0.411	0.385	0.408	0.413	0.425	-0.1	-0.1	-0.1	2.471	3.044	3.263	3.291	3.65	7.542	8.039	9.354	11.616	15.465	0.694
2026-01-30	-92.389	31.175	0	5.557	-4	16.71	5.938	-1.5	11.2	74.85	52.678	96.147	102.092	0.694	157.997	2.466	4.54	0.257	0	0.399	0.383	0.402	0.412	0.425	-0.1	-0.1	-0.1	2.535	3.047	3.329	3.3	3.648	8.326	8.758	9.656	11.627	15.214	0.707
2026-01-31	-92.389	31.175	0	0.271	-8.71	9.92	-0.794	-5.5	1.9	60.239	42.332	86.924	103.01	0.348	179.242	2.759	4.847	0.233	0	0.389	0.379	0.398	0.41	0.425	-0.1	-0.1	-0.1	2.601	3.048	3.336	3.327	3.645	7.034	8.121	9.582	11.65	15.007	0.699
2026-02-01	-92.389	31.175	0	1.106	-8.81	15.61	0.01	-7.4	9.4	63.367	39.371	83.22	103.052	0.382	174.566	0.932	1.929	0.269	0	0.382	0.376	0.394	0.403	0.424	-0.1	-0.1	-0.1	2.614	3.051	3.345	3.306	3.643	6.207	7.157	8.886	11.462	14.841	0.695
2026-02-02	-92.389	31.175	0	7.972	-5.63	23.94	7.959	-3.9	18.8	75.381	53.315	94.163	102.511	0.848	171.423	2.138	3.887	0.355	0	0.378	0.375	0.393	0.399	0.424	-0.1	-0.1	-0.1	2.599	3.063	3.34	3.295	3.645	7.497	7.744	8.815	11.147	14.659	0.681
2026-02-03	-92.389	31.175	9.724	13.095	6.08	18.72	13.503	9.2	18.3	89.483	81.255	98.419	101.985	1.403	63.086	2.443	4.461	0.17	0.002	0.38	0.375	0.393	0.397	0.424	-0.1	-0.1	-0.1	2.57	3.087	3.353	3.291	3.65	10.582	10.037	9.926	11.174	14.479	NA
2026-02-04	-92.389	31.175	3.455	10.43	4.78	17.21	9.897	5.8	13.6	77.579	58.612	100	102.295	0.957	175.537	3.066	5.582	0.275	0	0.462	0.407	0.419	0.413	0.424	-0.1	-0.1	-0.1	2.123	2.968	3.265	3.263	3.649	11.727	11.521	11.209	11.564	14.324	0.705
2026-02-05	-92.389	31.175	0	6.179	-2.76	17.93	6.743	-0.4	14.7	71.786	53.865	93.39	102.401	0.706	181.939	1.55	3.068	0.318	0	0.43	0.399	0.419	0.414	0.424	-0.1	-0.1	-0.1	2.39	2.983	3.292	3.264	3.64	9.959	10.477	11.202	11.938	14.228	0.681
2026-02-06	-92.389	31.175	0	11.696	1.28	28.16	13.823	4.8	25.8	63.494	36.189	83.817	101.709	0.972	179.102	1.512	3.151	0.763	0	0.41	0.386	0.415	0.414	0.424	-0.1	-0.1	-0.1	2.493	3.073	3.244	3.272	3.636	10.785	10.716	11.104	12.002	14.2	0.685
2026-02-07	-92.389	31.175	0	10.768	0.95	24.49	12.567	4.2	19.9	63.971	44.649	89.915	102.22	0.921	185.57	2.04	3.795	0.581	0	0.394	0.384	0.404	0.414	0.424	-0.1	-0.1	-0.1	2.579	3.077	3.343	3.285	3.634	11.646	11.55	11.59	12.188	14.2	0.683
2026-02-08	-92.389	31.175	0	12.471	-0.26	27.28	13.137	0.9	24.5	73.899	42.808	96.742	102.165	1.126	179.779	1.945	3.66	0.58	0	0.383	0.38	0.4	0.411	0.424	-0.1	-0.1	-0.1	2.63	3.096	3.365	3.318	3.633	11.557	11.46	11.69	12.423	14.2	0.688
2026-02-09	-92.389	31.175	0	17.612	11.08	27.18	17.761	13.7	23.2	86.941	68.341	99.477	101.984	1.759	135.29	2.286	4.176	0.307	0	0.377	0.377	0.398	0.406	0.424	-0.1	-0.1	-0.1	2.646	3.117	3.382	3.316	3.635	14.512	13.567	12.703	12.645	14.276	0.689
2026-02-10	-92.389	31.175	0	18.944	10.87	29.53	19.335	14.6	24.5	82.506	60.101	97.763	101.825	1.826	125.16	2.802	5.085	0.451	0	0.37	0.376	0.396	0.403	0.424	-0.1	-0.1	-0.1	2.695	3.109	3.38	3.322	3.637	15.593	14.719	13.791	13.176	14.3	0.7
2026-02-11	-92.389	31.175	0.102	18.702	11.11	30.62	18.904	13.8	25.6	84.651	62.541	99.98	101.894	1.845	135.09	1.889	3.517	0.398	0	0.362	0.374	0.396	0.401	0.424	-0.1	-0.1	-0.1	2.752	3.12	3.387	3.321	3.64	16.481	15.627	14.62	13.752	14.383	0.708
2026-02-12	-92.389	31.175	0	15.552	9.41	26.5	14.945	11.3	22.2	88.324	70.223	95.833	101.91	1.51	120.633	1.351	2.471	0.226	0	0.353	0.373	0.396	0.4	0.424	-2.167	-0.1	-0.1	2.824	3.123	3.4	3.291	3.642	16.222	15.751	15.105	14.284	14.542	0.723
2026-02-13	-92.389	31.175	0.136	15.97	8	30.38	16.438	9.2	24.7	81.884	55.998	100	101.755	1.513	159.355	0.944	1.872	0.461	0	0.343	0.371	0.394	0.399	0.424	-9.796	-0.1	-0.1	2.881	3.118	3.412	3.274	3.644	16.019	15.604	15.144	14.637	14.72	0.726
2026-02-14	-92.389	31.175	11.718	18.446	10.85	24.97	18.34	13.4	22.6	85.07	67.793	98.396	101.174	1.786	95.467	3.613	6.849	0.35	0	0.34	0.371	0.394	0.399	0.424	-12.741	-0.1	-0.1	2.882	3.098	3.424	3.283	3.649	16.568	16.014	15.47	14.908	14.902	NA
2026-02-15	-92.389	31.175	0	15.987	12.37	20.79	15.921	14.4	18.2	90.183	80.343	100	100.989	1.63	82.63	3.245	6.182	0.185	0	0.444	0.405	0.419	0.416	0.425	-0.1	-0.1	-0.1	2.328	3.035	3.404	3.31	3.643	16.502	16.24	15.838	15.23	15.068	NA
2026-02-16	-92.389	31.175	0	11.992	4.08	21.95	12.15	5.2	17.3	89.05	75.7	99.868	101.707	1.27	111.764	1.617	2.957	0.167	0	0.409	0.388	0.419	0.417	0.425	-0.1	-0.1	-0.1	2.568	3.104	3.334	3.316	3.638	15.342	15.424	15.536	15.389	15.242	0.764
2026-02-17	-92.389	31.175	0.017	15.959	10.07	21.03	16.322	11.6	20	84.616	71.933	97.621	101.564	1.564	78.492	2.784	5.184	0.311	0	0.395	0.385	0.41	0.417	0.425	-0.1	-0.1	-0.1	2.627	3.106	3.393	3.317	3.635	15.416	15.217	15.23	15.372	15.385	NA
2026-02-18	-92.389	31.175	0.017	19.56	15.72	27.01	19.998	17	24.4	84.959	68.001	97.014	100.962	1.973	116.262	3.196	5.756	0.384	0	0.384	0.383	0.406	0.417	0.425	-0.1	-0.1	-0.1	2.681	3.121	3.417	3.326	3.633	16.979	16.279	15.673	15.411	15.516	0.781
2026-02-19	-92.389	31.175	0	21.831	18.01	29.8	22.393	18.4	26.6	82.879	65.986	94.167	100.546	2.228	132.349	3.64	6.843	0.501	0	0.372	0.379	0.403	0.414	0.425	-0.1	-0.1	-0.1	2.782	3.134	3.428	3.368	3.636	18.428	17.529	16.536	15.708	15.619	0.783
2026-02-20	-92.389	31.175	1.192	21.119	14.6	29.29	21.377	17	26.9	86.033	57.708	100	100.732	2.186	116.885	1.779	3.253	0.393	0.001	0.36	0.377	0.401	0.408	0.425	-0.107	-0.1	-0.1	2.846	3.149	3.429	3.347	3.638	19.154	18.3	17.254	16.148	15.739	0.807
2026-02-21	-92.389	31.175	0.204	17.799	10.75	26.93	17.8	12.7	22.4	67.718	59.344	77.64	101.445	1.395	123.703	2.533	4.584	0.657	0	0.348	0.375	0.4	0.406	0.425	-5.027	-0.1	-0.1	2.932	3.156	3.444	3.341	3.639	18.781	18.42	17.711	16.593	15.892	0.811
2026-02-22	-92.389	31.175	0	10.241	2.44	20.32	10.584	6.6	15.3	47.578	26.585	68.351	103.002	0.594	216.006	4.359	7.982	0.699	0	0.328	0.371	0.398	0.404	0.425	-13.948	-0.1	-0.1	3.037	3.1	3.429	3.3	3.637	15.567	16.416	16.987	16.811	16.08	0.796
2026-02-23	-92.389	31.175	0	6.794	-3.2	21.17	7.04	-1.6	14.6	45.245	27.346	70.889	103.066	0.439	218.634	2.031	3.921	0.608	0	0.306	0.366	0.394	0.401	0.425	-21.307	-0.1	-0.1	3.018	2.874	3.43	3.271	3.633	13.393	14.391	15.577	16.525	16.256	0.796
2026-02-24	-92.389	31.175	0	8.4	-5.67	22.84	8.456	-3	18	63.929	39.049	84.18	102.039	0.717	209.949	2.793	5.174	0.508	0	0.291	0.361	0.391	0.4	0.425	-30.145	-0.1	-0.1	2.898	2.563	3.431	3.273	3.626	12.338	13.124	14.488	15.993	16.371	0.78
2026-02-25	-92.389	31.175	0.034	15.854	4.22	23.23	16.479	6.9	22.1	80.419	66.772	96.032	100.903	1.525	100.638	3.725	6.883	0.437	0	0.28	0.356	0.389	0.399	0.425	-37.261	-0.1	-0.1	2.678	2.301	3.438	3.278	3.628	14.337	14.164	14.484	15.536	16.4	0.805
2026-02-26	-92.389	31.175	0	19.213	12.48	24.43	19.916	15	23.2	85.781	75.631	96.819	100.825	1.995	84.395	2.318	4.227	0.346	0	0.274	0.351	0.388	0.398	0.425	-42.388	-0.241	-0.1	2.517	2.115	3.437	3.287	3.634	16.785	16.03	15.433	15.528	16.3	NA
2026-02-27	-92.389	31.175	0.085	17.858	8.08	30.96	18.754	13.1	25.9	73.841	42.711	100	101.267	1.557	188.195	1.834	3.369	0.682	0	0.264	0.345	0.387	0.397	0.425	-52.559	-5.938	-0.1	2.42	1.938	3.403	3.302	3.632	17.499	16.875	16.208	15.843	16.3	0.802
2026-02-28	-92.389	31.175	0	14.847	4.24	30.81	16.705	7	26.4	60.887	34.985	85.072	101.544	1.138	210.931	1.112	2.271	0.909	0	0.249	0.337	0.385	0.395	0.425	-72.732	-12.503	-0.1	2.312	1.688	3.309	3.321	3.629	16.521	16.375	16.293	16.133	16.3	0.797
2026-03-01	-92.389	31.175	0.102	16.796	7.37	29.76	17.802	9.2	26.7	73.087	44.846	100	101.79	1.442	199.199	1.828	3.466	0.726	0	0.236	0.328	0.382	0.394	0.425	-101.33	-17.399	-0.1	2.171	1.516	3.206	3.334	3.63	16.803	16.471	16.288	16.245	16.357	0.798
2026-03-02	-92.389	31.175	0.068	16.784	5.28	30.95	17.744	7.6	26.5	75.482	45.122	99.927	101.791	1.505	221.006	1.698	3.21	0.662	0	0.227	0.318	0.38	0.393	0.425	-141.948	-24.014	-0.1	2.067	1.388	3.11	3.342	3.629	17.094	16.732	16.47	16.343	16.408	0.8
2026-03-03	-92.389	31.175	0.068	18.81	10.02	29.69	19.867	11.6	27	83.32	62.592	99.422	101.789	1.92	123.312	2.383	4.3	0.469	0	0.221	0.307	0.377	0.392	0.425	-182.493	-32.658	-0.1	2.005	1.326	3.031	3.35	3.631	17.747	17.255	16.815	16.511	16.5	0.825
2026-03-04	-92.389	31.175	0	22.59	12.49	32.93	21.992	16.2	28.8	86.041	60.081	99.693	101.768	2.249	175.945	2.61	4.756	0.448	0	0.218	0.296	0.375	0.391	0.425	-215.424	-44.473	-0.1	1.947	1.288	2.971	3.357	3.636	19.27	18.327	17.429	16.74	16.565	0.824
2026-03-05	-92.389	31.175	0	22.529	16.83	32.72	22.694	18.7	28.4	80.163	57.412	97.895	101.579	2.171	188.284	2.79	5.153	0.632	0	0.213	0.285	0.371	0.39	0.425	-261.626	-63.801	-0.1	1.905	1.259	2.935	3.369	3.638	20.321	19.383	18.301	17.151	16.652	0.83
2026-03-06	-92.389	31.175	0	23.541	17.49	32.62	23.694	19.4	29.5	81.574	61.956	94.813	101.498	2.368	157.568	3.433	6.383	0.602	0	0.209	0.275	0.365	0.389	0.423	-328.941	-93.583	-0.1	1.881	1.265	2.932	3.373	3.667	20.513	19.678	18.736	17.594	16.773	0.836
2026-03-07	-92.389	31.175	25.579	22.653	17.52	31.28	22.239	16.9	28	89.978	70.53	100	101.473	2.411	122.494	3.153	5.914	0.311	0.003	0.216	0.299	0.371	0.396	0.423	-331.136	-83.402	-0.1	1.955	1.562	2.955	3.384	3.679	21.105	20.289	19.305	18.036	16.944	0.85
2026-03-08	-92.389	31.175	7.233	20.283	16.89	25.93	19.37	17.9	22	97.116	87.141	100	101.57	2.184	76.26	1.225	2.335	0.07	0.001	0.38	0.395	0.414	0.415	0.426	-0.1	-0.1	-0.1	2.792	2.815	3.208	3.399	3.655	20.547	20.087	19.511	18.441	17.123	NA
2026-03-09	-92.389	31.175	5.973	21.35	15.42	26.86	21.458	17.5	25.4	96.116	85.512	100	101.546	2.469	73.928	2.253	4.068	0.107	0	0.39	0.39	0.407	0.416	0.427	-0.1	-0.1	-0.1	2.724	2.959	3.261	3.423	3.652	20.732	20.208	19.556	18.592	17.316	NA
2026-03-10	-92.389	31.175	0	22.836	19.91	28.6	23.294	20.4	27.3	88.654	68.501	99.257	101.528	2.521	123.801	2.702	4.974	0.36	0	0.403	0.391	0.409	0.417	0.427	-0.1	-0.1	-0.1	2.671	3.02	3.265	3.445	3.65	21.451	20.741	19.869	18.785	17.502	0.875
2026-03-11	-92.389	31.175	55.953	21.995	17.23	30.17	21.939	16.3	27.9	89.053	70.272	100	101.269	2.345	140.819	3.058	5.974	0.342	0.001	0.415	0.395	0.408	0.417	0.427	-0.1	-0.1	-0.1	2.541	3.024	3.303	3.455	3.649	21.68	21.188	20.367	19.069	17.67	0.862
2026-03-12	-92.389	31.175	0.782	12.645	4.34	19.71	11.874	6.4	16.8	74.458	46.188	100	102.235	1.036	246.923	4.273	7.623	0.377	0	0.468	0.413	0.42	0.42	0.427	-0.1	-0.1	-0.1	2.247	2.99	3.275	3.409	3.644	19.46	19.709	19.884	19.298	17.85	0.869
2026-03-13	-92.389	31.175	0.068	12.325	2.13	24.67	12.673	3.4	21.7	74.948	52.671	98.926	101.767	1.091	248.238	1.622	3.157	0.488	0	0.424	0.401	0.42	0.42	0.427	-0.1	-0.1	-0.1	2.553	2.985	3.247	3.4	3.643	17.089	17.552	18.539	18.943	18.019	0.864
2026-03-14	-92.389	31.175	0.102	15.627	5.87	26.65	16.425	7.7	23.3	79.904	62.646	100	101.422	1.495	236.227	2.395	4.497	0.462	0	0.397	0.389	0.41	0.419	0.427	-0.1	-0.1	-0.1	2.647	3.05	3.254	3.411	3.641	17.621	17.602	17.934	18.479	18.1	0.861
2026-03-15	-92.389	31.175	0.017	19.897	13.34	27.8	20.2	14.2	26.6	81.976	64.241	98.229	100.617	1.944	193.941	4.207	8.011	0.492	0	0.377	0.385	0.402	0.417	0.427	-0.1	-0.1	-0.1	2.731	3.022	3.313	3.439	3.642	19.066	18.595	18.264	18.301	18.1	0.865
2026-03-16	-92.389	31.175	0.017	9.212	3.43	16.2	8.188	5	14.1	48.961	34.252	76.692	101.845	0.547	205.639	4.364	8.799	0.55	0	0.356	0.378	0.398	0.41	0.427	-3.666	-0.1	-0.1	2.831	2.92	3.31	3.427	3.641	17.046	17.69	18.259	18.379	18.1	0.873
2026-03-17	-92.389	31.175	0	6.585	-4.21	20.13	5.404	-2	12.7	47.758	33.903	68.047	102.54	0.424	252.174	1.225	2.622	0.51	0	0.338	0.371	0.393	0.406	0.427	-12.079	-0.1	-0.1	2.835	2.838	3.341	3.388	3.64	14.642	15.446	16.806	18.086	18.1	0.861
2026-03-18	-92.389	31.175	0	10.605	0.04	24.7	10.41	1.7	18.9	66.74	46.251	88.855	102.281	0.845	175.278	1.804	3.461	0.511	0	0.323	0.366	0.389	0.403	0.427	-16.516	-0.1	-0.1	2.71	2.7	3.375	3.384	3.635	14.428	14.902	16.013	17.527	18.1	0.854
2026-03-19	-92.389	31.175	0	16.091	4.13	29.18	16.021	7	25	76.222	50.635	95.264	102.104	1.374	225.999	1.95	3.764	0.572	0	0.307	0.357	0.386	0.401	0.427	-21.624	-0.1	-0.1	2.508	2.401	3.378	3.341	3.637	16.397	16.06	16.195	17.147	18.025	0.846
2026-03-20	-92.389	31.175	0.119	18.352	8.3	30.17	18.636	10.4	26.3	79.087	54.919	100	101.872	1.672	242.694	2.473	4.554	0.576	0	0.287	0.343	0.384	0.399	0.427	-30.204	-4.155	-0.1	2.43	2.044	3.315	3.315	3.635	17.938	17.376	16.972	17.172	17.914	0.837
2026-03-21	-92.389	31.175	0	21.378	13.53	30.99	20.88	15.9	27.6	81.918	60.602	96.716	101.553	1.996	227.402	3.072	5.638	0.534	0	0.266	0.327	0.381	0.397	0.427	-45.316	-13.097	-0.1	2.36	1.783	3.2	3.34	3.635	19.55	18.695	17.845	17.436	17.814	0.837
2026-03-22	-92.389	31.175	0.017	21.537	15.81	31.58	21.573	17.2	27.9	78.723	57.611	95.22	101.355	1.991	242.976	3.467	6.353	0.649	0	0.245	0.313	0.378	0.395	0.426	-75.194	-21.658	-0.1	2.215	1.604	3.081	3.363	3.632	20.249	19.497	18.602	17.84	17.8	0.831
2026-03-23	-92.389	31.175	0	21.179	12.05	31.19	21.329	15.7	27.2	76.067	48.607	97.293	101.72	1.897	223.872	1.716	3.545	0.691	0	0.229	0.301	0.374	0.393	0.426	-129.941	-37.819	-0.1	2.094	1.456	2.981	3.371	3.636	20.701	19.926	19.082	18.222	17.832	0.844
2026-03-24	-92.389	31.175	0	17.531	8.84	30.5	18.732	10.8	27.5	65.884	52.785	88.061	101.839	1.447	215.416	1.118	2.274	0.823	0	0.22	0.29	0.368	0.391	0.426	-217.469	-66.468	-0.1	2.029	1.367	2.94	3.381	3.633	19.794	19.482	19.138	18.516	17.924	0.844
2026-03-25	-92.389	31.175	0.051	19.348	10.49	31.51	19.85	12.4	26.9	80.007	56.654	100	101.776	1.835	213.725	1.575	3.174	0.576	0	0.212	0.28	0.361	0.39	0.426	-302.727	-110.327	-0.1	1.978	1.34	2.941	3.386	3.64	19.941	19.489	19.074	18.632	18.033	0.839
2026-03-26	-92.389	31.175	0.085	20.005	9.6	31.62	20.226	12.3	27.2	78.739	58.242	100	101.695	1.847	224.679	2.338	4.387	0.616	0	0.204	0.27	0.357	0.388	0.425	-384.911	-165.097	-0.124	1.954	1.341	2.935	3.377	3.656	20.169	19.686	19.238	18.734	18.131	0.839
2026-03-27	-92.389	31.175	0.119	20.784	11.56	33.74	20.718	13.4	28.5	79.525	51.721	100	101.844	1.914	229.971	1.646	3.222	0.632	0	0.197	0.261	0.352	0.386	0.422	-457.104	-221.982	-1.653	1.951	1.33	2.94	3.341	3.7	20.735	20.118	19.497	18.89	18.224	0.838
2026-03-28	-92.389	31.175	0	16.618	8.07	25.66	16.104	11.7	21.3	47.083	34.153	64.358	102.668	0.854	252.001	4.273	7.413	1.002	0	0.191	0.255	0.348	0.383	0.421	-558.704	-280.824	-10.201	1.959	1.308	2.9	3.242	3.699	19.626	19.576	19.52	19.065	18.32	0.837
2026-03-29	-92.389	31.175	0	17.86	5.4	32.06	17.821	7.3	26.9	60.431	42.948	84.414	102.256	1.248	256.292	1.673	3.276	0.961	0	0.187	0.251	0.341	0.38	0.421	-640.356	-350.082	-15.323	1.943	1.322	2.948	3.154	3.689	19.007	18.771	18.843	18.973	18.409	0.838
2026-03-30	-92.389	31.175	0	22.728	15.64	30.72	22.694	19.4	28.4	76.942	56.502	90.669	101.963	2.099	175.75	2.543	4.718	0.7	0	0.184	0.248	0.337	0.375	0.421	-614.217	-405.775	-22.835	1.926	1.325	2.986	3.083	3.663	20.861	20.071	19.373	18.932	18.5	0.842
2026-03-31	-92.389	31.175	0	22.722	14	33.63	22.628	16.3	29	78.67	53.768	97.377	101.733	2.125	203.374	2.51	4.651	0.695	0	0.181	0.246	0.334	0.37	0.422	-675.188	-451.673	-33.618	1.932	1.322	3.016	3.048	3.651	21.252	20.542	19.836	19.154	18.506	0.835
2026-04-01	-92.389	31.175	0.034	24.069	17.8	34.43	23.488	19.2	29.1	80.65	58.378	98.189	101.535	2.298	219.148	2.906	5.367	0.646	0	0.178	0.244	0.33	0.365	0.424	-694.598	-499.87	-49.304	1.93	1.317	3.034	3.018	3.622	22.018	21.196	20.32	19.427	18.6	0.83
2026-04-02	-92.389	31.175	0	23.91	19.95	33.12	23.511	20.5	28.2	84.4	68.761	94.57	101.37	2.433	154.37	3.245	6.12	0.489	0	0.175	0.243	0.327	0.361	0.426	-725.476	-540.254	-71.949	1.938	1.306	3.038	3.004	3.598	22.318	21.597	20.774	19.745	18.693	0.836
2026-04-03	-92.389	31.175	3.745	24.054	20.64	32.85	23.555	21	29.1	88.311	66.926	97.242	101.581	2.552	182.372	2.772	5.159	0.385	0.004	0.174	0.243	0.324	0.358	0.427	-750.698	-570.368	-98.017	1.944	1.338	3.046	3	3.595	22.591	21.864	21.047	20.034	18.832	0.832
2026-04-04	-92.389	31.175	15.132	23.003	19.5	31	22.568	19.1	27.9	93.025	72.135	100	101.597	2.544	114.456	2.052	3.899	0.218	0.001	0.18	0.266	0.323	0.356	0.427	-692.042	-587.019	-120.504	1.988	1.473	3.077	3.005	3.598	22.626	22.064	21.37	20.327	18.966	0.851
2026-04-05	-92.389	31.175	0.391	17.584	14.11	24.42	16.889	14.7	20.2	78.455	54.888	100	102.078	1.512	192.377	4.081	6.922	0.419	0	0.213	0.324	0.326	0.355	0.427	-3.597	-553.987	-133.378	1.986	1.958	3.054	2.986	3.599	21.008	21.125	21.164	20.538	19.131	0.843
2026-04-06	-92.389	31.175	0	15.88	6.07	24.81	15.782	10.1	21.9	57.047	36.781	74.797	102.159	0.995	256.505	3.426	5.884	0.838	0	0.199	0.293	0.323	0.354	0.427	-28.84	-547.965	-142.249	2.002	1.703	2.972	2.978	3.59	19.106	19.436	20.091	20.384	19.267	0.85
2026-04-07	-92.389	31.175	0	14.56	2.78	27.58	15.113	5.1	24.4	65.379	38.577	96.532	101.88	1.062	282.02	1.863	3.507	0.808	0	0.19	0.275	0.321	0.353	0.428	-103.037	-573.626	-155.241	1.986	1.461	2.936	2.982	3.58	18.111	18.422	19.184	19.958	19.391	0.844
2026-04-08	-92.389	31.175	0	18.072	7.97	29.62	18.282	9.6	26.1	65.415	40.25	96.728	101.861	1.301	275.077	1.837	3.537	0.94	0	0.184	0.263	0.32	0.35	0.428	-293.623	-601.894	-172.429	1.937	1.262	2.909	3	3.576	18.926	18.773	19.012	19.602	19.4	0.856
2026-04-09	-92.389	31.175	0	20.562	10.52	32.04	20.387	12.5	26.8	72.973	53.281	90.91	102.064	1.735	272.701	2.115	4.146	0.738	0	0.179	0.254	0.319	0.348	0.428	-509.498	-621.888	-195.755	1.878	1.18	2.904	3.022	3.576	20.168	19.667	19.409	19.522	19.4	0.857
2026-04-10	-92.389	31.175	0.017	20.527	10.81	30.78	20.52	12.8	27.3	79.665	54.909	97.051	102.139	1.914	228.55	1.627	3.195	0.588	0	0.177	0.249	0.318	0.346	0.427	-656.064	-642.743	-222.254	1.838	1.158	2.91	3.044	3.55	20.659	20.182	19.822	19.632	19.4	0.863
2026-04-11	-92.389	31.175	0.068	21.479	12.87	31.91	21.423	14.5	28.5	76.361	52.084	100	102.174	1.891	255.648	1.676	3.307	0.745	0	0.175	0.246	0.317	0.344	0.427	-728.823	-666.411	-249.842	1.813	1.151	2.926	3.068	3.548	21.405	20.785	20.228	19.812	19.4	0.864
2026-04-12	-92.389	31.175	0.034	21.591	11.66	31.66	21.637	13.6	28.3	78.609	63.087	98.697	101.98	2.028	219.355	2.442	4.609	0.649	0	0.172	0.244	0.315	0.342	0.426	-813.646	-694.059	-281.632	1.804	1.146	2.935	3.091	3.544	21.269	20.848	20.443	20.02	19.4	0.86
2026-04-13	-92.389	31.175	0	23.7	18.7	32.23	23.476	20.2	28.5	78.441	62.161	92.633	101.927	2.249	200.295	2.55	4.925	0.675	0	0.171	0.242	0.313	0.34	0.426	-813.272	-718.274	-312.939	1.784	1.144	2.947	3.112	3.543	22.249	21.542	20.838	20.192	19.476	0.863
2026-04-14	-92.389	31.175	0.153	23.283	16.13	32.6	22.971	18	29	78.546	56.271	98.466	101.733	2.162	264.573	2.461	4.652	0.71	0	0.169	0.241	0.311	0.339	0.426	-857.997	-739.739	-346.318	1.765	1.14	2.96	3.133	3.546	22.446	21.823	21.147	20.442	19.539	0.851
2026-04-15	-92.389	31.175	0.119	23.021	15.82	32.16	22.803	17.2	28.8	78.396	56.221	97.755	101.541	2.137	245.917	2.531	4.768	0.705	0	0.167	0.239	0.309	0.337	0.425	-902.158	-770.401	-384.739	1.736	1.138	2.967	3.154	3.549	22.53	21.991	21.382	20.653	19.633	0.845
2026-04-16	-92.389	31.175	0.051	22.784	15	33.64	23.025	16.4	29.3	79.921	58.175	99.773	101.524	2.219	192.023	1.903	3.664	0.676	0	0.166	0.238	0.308	0.336	0.424	-945.362	-801.827	-421.797	1.739	1.138	2.976	3.17	3.551	22.488	22.001	21.482	20.834	19.742	0.851
2026-04-17	-92.389	31.175	0.051	22.828	14.28	32.83	22.683	15.4	29.1	76.375	55.571	100	101.352	2.064	259.601	2.214	4.197	0.791	0	0.164	0.237	0.306	0.334	0.424	-971.269	-831.136	-458.125	1.737	1.138	2.985	3.181	3.547	22.502	22.009	21.518	20.946	19.847	0.838
2026-04-18	-92.389	31.175	18.526	21.706	13.51	32.84	21.14	12.7	27	89.057	71.771	100	101.336	2.236	140.618	1.829	3.516	0.325	0.012	0.164	0.257	0.306	0.333	0.422	-998.865	-859.542	-492.419	1.826	1.349	3.044	3.193	3.546	22.521	22.104	21.67	21.053	19.947	0.832
2026-04-19	-92.389	31.175	4.731	14.759	6.81	23.61	14.314	9.6	20.9	76.401	46.241	99.82	102.342	1.202	264.59	3.267	5.815	0.477	0	0.237	0.359	0.318	0.332	0.421	-71.324	-826.598	-506.494	2.252	2.417	3.045	3.178	3.554	20.309	20.664	21.144	21.117	20.044	0.816
2026-04-20	-92.389	31.175	0.068	14.184	4.31	26.39	14.812	6.7	23.3	72.951	44.076	99.283	102.359	1.178	248.451	1.424	2.704	0.614	0	0.216	0.321	0.313	0.332	0.42	-14.588	-719.006	-502.34	2.142	2.08	2.848	3.178	3.54	18.591	19.072	19.983	20.776	20.127	0.806
2026-04-21	-92.389	31.175	0.034	16.091	7.73	23.87	16.175	9.8	21.7	83.907	63.913	99.479	102.181	1.539	113.638	0.99	1.849	0.354	0	0.201	0.298	0.31	0.331	0.419	-46.169	-660.959	-498.538	2.117	1.696	2.826	3.187	3.526	18.515	18.793	19.478	20.337	20.2	0.805
2026-04-22	-92.389	31.175	3.382	20.884	15.45	30.57	20.46	16.7	26.9	82.698	60.763	97.28	101.723	1.969	227.43	1.887	3.594	0.482	0.001	0.193	0.283	0.306	0.331	0.418	-114.903	-628.483	-497.768	1.963	1.549	2.828	3.193	3.514	20.533	20.008	19.771	20.092	20.108	0.813
2026-04-23	-92.389	31.175	0.068	22.239	14.14	30.29	22.146	15.1	27.8	84.931	66.162	99.822	101.212	2.244	203.404	2.31	4.485	0.481	0	0.187	0.274	0.305	0.332	0.417	-241.646	-613.652	-499.564	1.783	1.474	2.82	3.197	3.494	21.372	20.851	20.414	20.242	20.1	0.804
2026-04-24	-92.389	31.175	0	23.156	17.07	29.68	22.927	17.9	27.7	87.759	74.135	98.55	100.776	2.456	164.659	2.125	4.059	0.383	0	0.182	0.267	0.304	0.332	0.416	-377.848	-618.372	-502.577	1.682	1.419	2.812	3.201	3.47	22.08	21.539	20.964	20.497	20.1	0.806
2026-04-25	-92.389	31.175	1.021	22.946	17.19	31.91	22.236	16.9	27.9	91.238	79.592	97.804	100.738	2.468	170.246	1.757	3.707	0.265	0.001	0.18	0.263	0.304	0.332	0.415	-482.972	-632.885	-507.3	1.61	1.383	2.805	3.206	3.452	22.391	21.851	21.325	20.769	20.1	0.783
2026-04-26	-92.389	31.175	0.085	25.037	19.64	34.13	24.523	19.5	30.7	87.254	70.415	99.029	100.869	2.677	190.753	2	3.956	0.449	0	0.178	0.26	0.303	0.332	0.413	-561.475	-646.104	-513.806	1.559	1.355	2.807	3.206	3.414	23.255	22.51	21.747	21.005	20.166	0.766
2026-04-27	-92.389	31.175	0	26.123	22.45	33.32	25.898	22.5	30.1	83.445	70.032	96.603	101.057	2.775	198.658	2.977	5.674	0.599	0	0.175	0.257	0.303	0.332	0.41	-644.288	-666.323	-535.106	1.515	1.328	2.798	3.203	3.328	23.788	23.074	22.228	21.314	20.249	0.761
2026-04-28	-92.389	31.175	0	25.9	21.28	33.25	25.667	22	30.6	82.593	64.98	96.96	101.271	2.699	199.291	2.959	5.722	0.634	0	0.173	0.253	0.302	0.332	0.406	-715.798	-698.438	-561.082	1.485	1.298	2.791	3.201	3.229	23.956	23.312	22.549	21.617	20.356	0.758
2026-04-29	-92.389	31.175	22.835	24.753	19.96	31.31	24.055	19.5	28.7	89.393	77.702	100	101.085	2.68	154.777	2.386	4.782	0.347	0.002	0.173	0.269	0.319	0.343	0.403	-645.9	-624.924	-498.916	1.581	1.392	2.818	3.205	3.25	23.971	23.456	22.809	21.919	20.51	0.743
2026-04-30	-92.389	31.175	10.562	19.095	17.29	20.72	18.433	17.2	20.2	98.872	95.904	100	101.053	2.102	35.688	2.272	4.21	0.021	0.002	0.258	0.386	0.418	0.412	0.419	-0.1	-0.1	-0.1	2.527	2.415	2.971	3.223	3.596	22.188	22.356	22.544	22.228	20.7	NA
2026-05-01	-92.389	31.175	1.615	14.476	11.13	17.58	13.685	10	17.2	99.363	97.074	100	101.208	1.571	25.749	3.759	6.536	0.01	0	0.424	0.408	0.425	0.416	0.422	-0.1	-0.1	-0.1	2.429	2.735	2.999	3.204	3.594	20.247	20.871	21.723	21.972	20.799	NA
2026-05-02	-92.389	31.175	1.105	16.647	9.13	26.66	15.677	10.8	22.1	79.142	50.19	99.328	101.643	1.365	313.035	2.668	4.879	0.475	0	0.449	0.416	0.426	0.417	0.423	-0.1	-0.1	-0.1	2.295	2.766	3.022	3.183	3.58	19.455	19.719	20.618	21.394	20.9	0.722
2026-05-03	-92.389	31.175	0.782	17.621	6.86	30.89	17.154	8	25.1	73.817	50.169	100	101.877	1.401	302.098	1.037	2.36	0.679	0	0.377	0.396	0.418	0.417	0.423	-0.1	-0.1	-0.1	2.702	2.803	3.025	3.196	3.568	19.523	19.637	20.189	20.955	20.895	0.701
2026-05-04	-92.389	31.175	0.187	18.697	8.02	30.03	18.471	9.6	24.9	74.99	56.042	97.12	101.386	1.577	283.686	2.118	4.246	0.643	0	0.356	0.389	0.403	0.412	0.423	-0.1	-0.1	-0.1	2.761	2.848	3.143	3.219	3.563	19.968	19.942	20.174	20.759	20.8	0.681
2026-05-05	-92.389	31.175	0.391	22.185	16.13	28.19	21.923	17	25.8	85.885	81.138	90.173	100.875	2.298	107.472	2.689	5.352	0.379	0	0.344	0.381	0.395	0.404	0.423	-0.1	-0.1	-0.1	2.788	2.91	3.192	3.186	3.563	20.902	20.62	20.49	20.732	20.728	0.681
2026-05-06	-92.389	31.175	0.391	23.475	16.6	29.63	22.956	15.7	26.3	96.333	90.848	100	100.906	2.716	61.209	1.824	3.566	0.105	0	0.358	0.384	0.397	0.401	0.423	-0.1	-0.1	-0.1	2.706	2.947	3.206	3.158	3.566	22.185	21.652	21.128	20.863	20.7	NA
2026-05-07	-92.389	31.175	0.51	17.885	14.31	25.53	16.639	13.8	20.8	93.461	79.889	99.698	101.371	1.771	167.608	2.596	4.734	0.139	0	0.411	0.405	0.424	0.418	0.425	-0.1	-0.1	-0.1	2.586	2.911	3.1	3.224	3.557	21.079	21.143	21.301	21.142	20.7	0.615
2026-05-08	-92.389	31.175	0.986	18.707	15.86	22.45	17.757	15.5	20.7	97.64	94.099	100	101.151	1.996	71.985	1.698	3.365	0.047	0	0.45	0.409	0.422	0.419	0.425	-0.1	-0.1	-0.1	2.275	2.912	3.116	3.215	3.554	20.312	20.415	20.819	21.095	20.7	NA
2026-05-09	-92.389	31.175	0.323	20.645	18.24	23.83	19.823	17.6	22.4	97.613	89.477	100	100.972	2.26	81.719	1.633	3.064	0.058	0	0.485	0.417	0.427	0.421	0.426	-0.1	-0.1	-0.1	2.073	2.943	3.123	3.201	3.548	20.91	20.711	20.726	20.952	20.7	NA
2026-05-10	-92.389	31.175	0.323	24.502	18.56	34.15	23.34	18.6	29.7	89.941	68.887	100	101.33	2.569	212.116	1.099	2.241	0.363	0	0.459	0.417	0.427	0.421	0.426	-0.1	-0.1	-0.1	2.31	2.973	3.15	3.202	3.541	22.087	21.458	21.014	20.954	20.7	0.651
2026-05-11	-92.389	31.175	0.153	22.294	19.56	25.62	21.682	19.8	23.5	93.418	86.395	97.459	101.603	2.426	119.851	2.262	4.238	0.171	0	0.42	0.408	0.427	0.421	0.426	-0.1	-0.1	-0.1	2.65	2.94	3.158	3.213	3.538	22.728	22.32	21.765	21.19	20.7	0.625
2026-05-12	-92.389	31.175	0.085	19.658	16.42	28.99	19.086	17	23.5	87.687	77.146	93.397	101.711	1.939	148.205	1.723	3.264	0.28	0	0.405	0.398	0.424	0.421	0.426	-0.1	-0.1	-0.1	2.802	2.959	3.069	3.223	3.537	21.682	21.77	21.783	21.402	20.716	0.606
2026-05-13	-92.389	31.175	0.119	23.306	13.16	36.09	21.925	14.2	29.6	77.769	48.424	99.879	101.538	1.974	311.541	0.965	2.061	0.78	0	0.401	0.391	0.408	0.417	0.426	-0.1	-0.1	-0.1	2.696	3.014	3.237	3.248	3.532	22.725	22.33	21.978	21.573	20.801	0.591
2026-05-14	-92.389	31.175	0.034	25.147	15.39	37.97	23.596	16.6	30.3	76.598	55.761	99.923	101.384	2.171	302.216	1.036	2.194	0.856	0	0.384	0.387	0.401	0.41	0.426	-1.353	-0.1	-0.1	2.782	3.023	3.29	3.206	3.533	23.393	22.819	22.262	21.718	20.9	0.578
2026-05-15	-92.389	31.175	0.017	26.139	17.84	37.91	24.57	18.8	30.1	81.136	64.964	99.432	101.342	2.485	286.171	2.23	4.052	0.681	0	0.363	0.383	0.396	0.406	0.426	-9.449	-0.1	-0.1	2.893	2.989	3.347	3.203	3.534	24.234	23.569	22.779	21.934	20.968	0.572
2026-05-16	-92.389	31.175	0	20.064	19.64	20.51	21.163	20.5	21.6	89.679	87.475	92.51	101.396	2.252	0	1.16	1.845	0.256	0	0.348	0.382	0.395	0.403	0.427	-14.775	-0.1	-0.1	2.969	2.944	3.371	3.225	3.539	24.344	24.15	23.25	22.056	21	NA
