2026-02-02	-91.348	30.981	0.34	8.598	4.57	20.11	11.983	8.2	16.8	57.71	38.781	76.6	101.365	0.785	71.739	2.109	3.957	0.639	0	0.377	0.356	0.351	0.344	0.243	-35.611	-56.453	-51.044	0.396	0.46	0.527	0.295	0.18	10.124	10.028	9.328	9.983	13.067	NA
2026-02-03	-91.348	30.981	2.519	11.075	4.3	18.57	12.48	6.7	16.6	81.553	71.21	94.443	101.033	1.209	60.961	1.873	3.583	0.27	0.003	0.378	0.357	0.352	0.346	0.245	-29.84	-39.755	-33.473	0.37	0.466	0.533	0.298	0.183	10.133	9.706	9.331	10.072	12.724	NA
2026-02-04	-91.348	30.981	11.481	10.756	2.68	19.21	9.224	2.9	13.8	78.785	52.475	100	101.122	0.945	186.981	0.983	3.301	0.246	0.001	0.408	0.387	0.407	0.407	0.415	-4.362	-2.269	-2.119	0.66	0.49	0.62	0.492	0.346	12.389	12.222	11.347	11.143	12.677	0.315
2026-02-05	-91.348	30.981	0	6.375	-0.81	17.97	5.046	-2	12.2	68.525	44.289	99.884	101.263	0.581	191.398	0.907	2.325	0.329	0	0.402	0.369	0.37	0.375	0.422	-0.636	-0.668	-0.892	0.495	0.479	0.594	0.46	0.426	9.044	9.968	10.555	11.542	13.017	0.274
2026-02-06	-91.348	30.981	0	11.753	3.13	26.54	13.681	5.3	23.5	61.717	31.514	96.751	100.686	0.891	191.528	1.257	3.265	0.808	0	0.392	0.367	0.368	0.36	0.406	-0.517	-0.434	-0.971	0.439	0.482	0.579	0.429	0.353	11.002	10.743	10.519	11.399	13.189	0.253
2026-02-07	-91.348	30.981	0	12.006	4.73	27.28	13.079	7.2	19.7	53.816	30.85	74.469	101.168	0.782	192.065	0.748	2.234	0.761	0	0.387	0.365	0.366	0.357	0.391	-0.851	-0.384	-1.151	0.397	0.484	0.571	0.42	0.289	12.284	12.203	11.67	11.927	13.25	0.242
2026-02-08	-91.348	30.981	0	12.706	2.46	28.25	13.734	4.5	22.7	54.135	30.97	82.505	101.214	0.835	187.65	1.56	3.192	0.848	0	0.384	0.364	0.364	0.355	0.386	-3.544	-0.3	-1.348	0.35	0.483	0.569	0.416	0.272	12.151	12.131	11.885	12.34	13.425	0.266
2026-02-09	-91.348	30.981	0	16.182	9.56	28.47	16.359	13.1	22.4	86.271	62.158	100	101.047	1.59	106.832	1.438	3.097	0.296	0	0.38	0.362	0.363	0.353	0.382	-11.27	-0.341	-1.582	0.335	0.488	0.572	0.415	0.262	15.019	14.223	13.078	12.864	13.597	0.267
2026-02-10	-91.348	30.981	0	19.055	11.83	31.47	18.809	14.5	24.3	79.148	51.668	100	100.903	1.673	152.151	2.385	4.99	0.539	0	0.376	0.36	0.362	0.352	0.38	-14.911	-0.4	-1.9	0.322	0.49	0.573	0.416	0.257	16.814	15.744	14.345	13.733	13.849	0.257
2026-02-11	-91.348	30.981	0.681	20.258	12.24	33.77	19.573	14.2	25.7	80.558	53.35	100	100.904	1.793	144.229	0.84	2.255	0.533	0	0.373	0.359	0.36	0.351	0.378	-20.816	-0.439	-2.254	0.305	0.493	0.573	0.415	0.253	18.309	17.234	15.637	14.686	14.204	0.241
2026-02-12	-91.348	30.981	0.34	17.36	12.94	29.92	16.305	13.6	22.5	90.355	69.673	100	100.885	1.666	87.957	0.58	1.595	0.21	0.001	0.373	0.358	0.359	0.35	0.376	-21.296	-0.501	-2.669	0.29	0.496	0.573	0.413	0.25	17.812	17.52	16.407	15.523	14.649	NA
2026-02-13	-91.348	30.981	0	18.536	11.38	36.14	17.392	12.5	24.4	82.598	47.403	100	100.798	1.593	137.066	0.848	2.043	0.439	0	0.372	0.358	0.359	0.349	0.375	-21.306	-0.6	-3.153	0.28	0.496	0.571	0.411	0.248	17.935	17.452	16.437	15.878	15.077	0.264
2026-02-14	-91.348	30.981	15.539	18.046	13.26	25.08	18.056	14.7	22.2	87.338	69.133	98.541	100.308	1.797	58.722	2.332	5.323	0.294	0	0.372	0.358	0.359	0.35	0.375	-24.516	-0.691	-3.573	0.279	0.497	0.572	0.412	0.251	17.652	17.48	16.74	16.264	15.423	NA
2026-02-15	-91.348	30.981	2.994	16.406	12.81	22.62	15.951	13.7	18.9	89.583	76.37	100	99.948	1.619	91.159	1.492	4.692	0.203	0	0.413	0.37	0.375	0.38	0.416	-2.235	-0.2	-0.752	0.688	0.513	0.591	0.495	0.387	17.137	17.199	16.593	16.523	15.829	NA
2026-02-16	-91.348	30.981	0	13.99	9.34	23.04	12.677	10.6	17.4	87.912	70.066	95.66	100.71	1.286	93.885	0.837	2.403	0.19	0	0.404	0.369	0.367	0.36	0.387	-0.396	-0.2	-0.652	0.542	0.506	0.596	0.485	0.288	15.776	16.288	16.202	16.375	15.957	NA
2026-02-17	-91.348	30.981	0	15.009	9.49	20.24	15.327	10.3	20.4	84.887	64.21	99.412	100.661	1.462	80.151	1.96	3.986	0.313	0	0.392	0.367	0.366	0.356	0.381	-0.3	-0.121	-0.682	0.455	0.508	0.584	0.457	0.265	15.296	15.588	15.564	16.062	16.093	NA
2026-02-18	-91.348	30.981	0	19.191	14.94	27.2	19.956	17	24	82.577	59.709	99.29	100.074	1.9	105.786	2.854	5.778	0.453	0	0.386	0.365	0.364	0.354	0.379	-0.398	-0.1	-0.906	0.421	0.514	0.581	0.445	0.258	17.779	17.117	16.17	16.078	16.1	0.262
2026-02-19	-91.348	30.981	0	22.111	18.01	31.83	22.621	19	28.2	79.184	48.978	94.438	99.667	2.132	128.725	3.053	6.432	0.645	0	0.379	0.362	0.363	0.353	0.377	-1.108	-0.1	-1.145	0.384	0.518	0.581	0.441	0.255	19.87	18.874	17.426	16.703	16.205	0.236
2026-02-20	-91.348	30.981	0	23.456	19.22	36.22	23.373	20.6	28.2	80.686	56.744	99.363	99.822	2.277	137.973	1.992	4.092	0.618	0	0.376	0.36	0.362	0.351	0.375	-5.999	-0.1	-1.394	0.356	0.52	0.58	0.439	0.25	21.57	20.436	18.712	17.557	16.439	0.246
2026-02-21	-91.348	30.981	0	21.697	10.39	32.57	20.709	12.5	24.6	80.836	58.424	99.534	100.386	2.041	121.494	1.593	4.335	0.442	0	0.376	0.359	0.361	0.35	0.374	-15.091	-0.185	-1.682	0.316	0.52	0.577	0.436	0.245	21.555	21.018	19.585	18.359	16.79	0.258
2026-02-22	-91.348	30.981	0	11.594	2.74	27.44	9.5	4.5	14	44.048	24.194	68.759	101.835	0.508	225.963	1.211	4.49	0.696	0	0.375	0.36	0.36	0.35	0.373	-27.095	-0.302	-2.079	0.245	0.509	0.569	0.43	0.24	15.883	17.4	18.077	18.331	17.172	0.247
2026-02-23	-91.348	30.981	0	8.794	0.18	26.33	6.008	1.3	12.4	43.113	25.168	65.717	101.935	0.385	229.724	0.853	2.651	0.576	0	0.368	0.36	0.359	0.349	0.372	-38.364	-0.445	-2.691	0.216	0.501	0.568	0.427	0.241	12.92	14.411	15.609	17.058	17.297	0.25
2026-02-24	-91.348	30.981	0	9.822	-1.13	26.43	7.534	-1.5	16.8	55.003	24.565	77.113	101.084	0.546	217.598	2.381	4.615	0.583	0	0.361	0.358	0.358	0.349	0.372	-49.479	-0.572	-3.388	0.205	0.497	0.568	0.425	0.242	12.202	13.143	14.174	15.865	17.098	0.256
2026-02-25	-91.348	30.981	0	16.5	9.18	27.43	17.066	11.7	21.2	75.121	61.833	90.957	100.074	1.463	98.922	3.42	6.984	0.522	0	0.355	0.356	0.357	0.348	0.371	-63.705	-0.752	-4.097	0.209	0.5	0.573	0.426	0.241	15.115	14.699	14.465	15.372	16.75	NA
2026-02-26	-91.348	30.981	5.31	19.721	16.02	28.5	19.735	17.3	23.7	88.475	70.636	99.277	99.939	2.029	88.956	1.854	4.082	0.283	0.011	0.352	0.354	0.356	0.348	0.371	-62.983	-1	-4.677	0.217	0.508	0.576	0.426	0.24	18.209	17.251	16.031	15.867	16.52	NA
2026-02-27	-91.348	30.981	0.085	20.477	11.76	33.81	20.197	14.2	26.6	72.392	37.895	100	100.268	1.667	196.529	0.733	1.946	0.75	0	0.356	0.355	0.355	0.347	0.37	-1.608	-1.251	-5.224	0.246	0.516	0.578	0.426	0.238	19.964	19.127	17.566	16.758	16.54	0.292
2026-02-28	-91.348	30.981	0	18.402	9.51	35.06	17.098	9.7	25.7	64.94	28.161	100	100.594	1.179	207.935	0.749	1.93	0.869	0	0.356	0.355	0.355	0.347	0.369	-7.135	-1.529	-5.717	0.234	0.51	0.575	0.426	0.236	18.832	18.683	17.922	17.46	16.764	0.298
2026-03-01	-91.348	30.981	0	18.817	9.54	37.76	17.852	9.6	25.8	66.047	37.792	99.723	100.878	1.275	205.28	1.253	2.815	0.874	0	0.353	0.354	0.355	0.346	0.369	-17.132	-1.885	-6.305	0.229	0.509	0.575	0.425	0.235	18.843	18.586	17.888	17.631	17.009	0.288
2026-03-02	-91.348	30.981	0	19.343	8.91	36.87	17.867	9.8	25.8	73.219	40.709	100	100.877	1.446	220.836	1.226	2.868	0.694	0	0.35	0.353	0.354	0.346	0.368	-28.22	-2.36	-6.929	0.222	0.506	0.576	0.425	0.234	19.262	18.833	18.023	17.759	17.176	0.293
2026-03-03	-91.348	30.981	0	21.918	12.23	40.06	20.762	15	27.3	79.251	48.757	100	100.9	1.888	166.01	1.997	4.604	0.623	0	0.345	0.351	0.354	0.345	0.367	-47.188	-3.044	-7.583	0.217	0.506	0.577	0.425	0.233	20.651	19.853	18.673	18.083	17.339	0.297
2026-03-04	-91.348	30.981	0.255	20.719	16.42	27.89	20.483	17.8	22.7	92.405	82.454	98.571	100.9	2.234	57.904	1.642	4.1	0.179	0	0.342	0.349	0.353	0.345	0.367	-64.051	-4.128	-8.249	0.211	0.508	0.578	0.425	0.232	20.823	20.505	19.427	18.614	17.52	NA
2026-03-05	-91.348	30.981	0	24.166	18.29	37.7	22.42	18.5	27.9	80.752	47.688	99.218	100.704	2.133	182.495	2.133	4.806	0.62	0	0.339	0.348	0.353	0.345	0.366	-66.272	-5.741	-8.975	0.213	0.509	0.578	0.424	0.232	22.264	21.128	19.681	18.91	17.776	0.31
2026-03-06	-91.348	30.981	0	24.913	19.35	38	23.758	20.6	28.9	79.034	51.449	94.29	100.636	2.277	158.764	2.583	5.627	0.703	0	0.334	0.346	0.352	0.344	0.366	-92.653	-8.052	-9.74	0.206	0.508	0.579	0.424	0.231	23.374	22.324	20.714	19.534	18.012	0.317
2026-03-07	-91.348	30.981	37.638	23.972	19.77	37.87	22.693	18.8	28.5	89.714	60.004	100	100.556	2.452	121.455	2.103	4.808	0.339	0.001	0.348	0.349	0.355	0.353	0.375	-85.678	-8.168	-8.277	0.262	0.516	0.583	0.44	0.261	23.165	22.592	21.329	20.261	18.46	0.348
2026-03-08	-91.348	30.981	20.676	21.585	18.47	30.74	19.443	17.8	22.9	97.885	89.688	100	100.617	2.215	109.582	0.929	2.113	0.052	0.001	0.415	0.367	0.375	0.389	0.425	-0.4	-0.327	-0.676	0.515	0.533	0.591	0.492	0.363	22.133	21.802	20.915	20.598	19.332	0.454
2026-03-09	-91.348	30.981	0.715	21.64	17.56	29.66	21.379	17.7	26.1	94.155	79.315	100	100.664	2.403	91.58	1.727	3.522	0.167	0	0.406	0.367	0.37	0.369	0.4	-0.319	-0.258	-0.621	0.524	0.528	0.594	0.489	0.275	22.034	21.857	21.043	20.467	19	NA
2026-03-10	-91.348	30.981	0	23.127	19.57	30.42	23.494	20.9	27.3	83.287	61.974	99.667	100.659	2.379	149.53	2.637	5.301	0.538	0	0.393	0.364	0.365	0.359	0.383	-0.3	-0.2	-0.518	0.441	0.531	0.595	0.482	0.247	22.824	22.385	21.3	20.572	19.107	0.445
2026-03-11	-91.348	30.981	42.583	22.905	17.76	33.71	22.19	16	27.9	87.609	59.206	100	100.364	2.331	146.136	2.733	6.062	0.39	0.001	0.386	0.363	0.372	0.364	0.387	-0.342	-0.191	-0.509	0.375	0.537	0.582	0.46	0.254	22.489	22.326	21.336	20.828	19.395	0.442
2026-03-12	-91.348	30.981	0.969	16.128	8.54	25.49	12.176	7.5	16.5	73.688	39.962	100	101.087	1.039	255.637	1.322	4.437	0.402	0	0.407	0.369	0.376	0.378	0.417	-0.2	-0.1	-0.4	0.48	0.54	0.589	0.487	0.291	18.86	19.883	19.879	20.555	19.75	0.48
2026-03-13	-91.348	30.981	0	15.381	5.97	30.65	12.675	4	21.9	67.241	40.438	93.313	100.801	0.944	252.684	1.041	2.361	0.636	0	0.389	0.366	0.367	0.359	0.389	-0.217	-0.1	-0.4	0.328	0.532	0.571	0.465	0.236	17.261	18.154	18.776	19.764	19.509	0.451
2026-03-14	-91.348	30.981	0	18.055	8.14	33.72	16.016	7.7	23.7	75.606	50.085	99.707	100.501	1.349	242.414	1.485	3.257	0.575	0	0.379	0.363	0.366	0.356	0.384	-0.891	-0.1	-0.428	0.274	0.535	0.571	0.45	0.227	18.471	18.642	18.586	19.197	19.328	0.448
2026-03-15	-91.348	30.981	0.528	22.066	15.28	34.78	21.125	16.5	26.9	79.879	53.835	98.457	99.743	1.962	206.505	3.689	7.831	0.601	0	0.37	0.36	0.364	0.355	0.381	-8.182	-0.1	-0.508	0.25	0.537	0.575	0.449	0.225	20.864	20.223	19.37	19.278	19.144	0.459
2026-03-16	-91.348	30.981	1.957	12.266	3.9	24.41	8.062	4.1	12.1	55.456	30.636	98.949	100.64	0.613	216.149	1.385	5.024	0.475	0.001	0.364	0.359	0.363	0.354	0.379	-15.983	-0.1	-0.62	0.267	0.527	0.569	0.444	0.221	16.843	18.565	19.19	19.502	19.1	0.454
2026-03-17	-91.348	30.981	0	10.267	-0.32	28.81	5.404	-1.2	13.6	44.6	23.242	65.166	101.418	0.377	255.792	0.788	2.076	0.562	0	0.361	0.36	0.362	0.354	0.377	-20.202	-0.177	-0.75	0.231	0.516	0.566	0.44	0.219	14.043	15.411	16.673	18.366	19.061	0.45
2026-03-18	-91.348	30.981	0	12.087	3.22	30.2	9.344	1.6	18.1	56.175	28.815	85.171	101.309	0.612	184.797	1.197	2.494	0.645	0	0.355	0.359	0.361	0.353	0.376	-27.528	-0.289	-0.983	0.217	0.513	0.568	0.438	0.22	14.532	15.314	16.018	17.464	18.752	0.469
2026-03-19	-91.348	30.981	0	17.196	5.5	36.51	14.858	5.9	23.6	64.908	41.859	90.111	101.17	1.081	240.867	1.48	3.087	0.724	0	0.349	0.356	0.359	0.352	0.375	-37.975	-0.41	-1.2	0.21	0.512	0.572	0.438	0.219	17.1	16.677	16.315	17.129	18.407	0.456
2026-03-20	-91.348	30.981	0.017	20.245	9.62	38.3	18.005	10	25.2	76.546	49.357	99.986	100.951	1.534	244.992	1.84	3.952	0.622	0	0.343	0.353	0.358	0.351	0.373	-57.857	-0.586	-1.407	0.202	0.509	0.575	0.439	0.219	19.632	18.829	17.766	17.64	18.173	0.466
2026-03-21	-91.348	30.981	0	21.924	12.11	38.71	19.636	14	26.2	78.203	52.273	97.96	100.656	1.747	234.998	2.035	4.549	0.611	0	0.342	0.35	0.357	0.35	0.372	-88.29	-0.883	-1.679	0.202	0.506	0.577	0.44	0.219	21.17	20.291	18.995	18.382	18.157	0.479
2026-03-22	-91.348	30.981	0	23.638	15.8	39.31	21.373	17.2	27.5	75.875	47.293	95.527	100.478	1.874	241.879	2.568	5.798	0.725	0	0.337	0.347	0.355	0.349	0.372	-121.176	-1.424	-2.039	0.201	0.504	0.577	0.44	0.219	22.733	21.71	20.151	19.164	18.319	0.478
2026-03-23	-91.348	30.981	0.085	22.993	14.13	40.74	20.586	15.3	27.6	76.688	45.004	100	100.759	1.799	216.102	0.882	2.474	0.691	0	0.331	0.345	0.355	0.348	0.371	-149.889	-2.582	-2.542	0.19	0.499	0.576	0.44	0.219	22.943	22.196	20.816	19.824	18.581	0.507
2026-03-24	-91.348	30.981	0	21.78	12.09	38.87	19.573	12.8	27.1	60.97	44.512	75.718	100.86	1.382	211.469	0.643	1.741	0.979	0	0.327	0.343	0.354	0.348	0.37	-178.945	-5.118	-3.245	0.178	0.485	0.574	0.438	0.218	22.37	21.983	21.014	20.247	18.873	0.521
2026-03-25	-91.348	30.981	0	22.547	13.26	42.32	20.751	13.9	28	69.773	43.572	99.043	100.846	1.659	212.411	1.169	2.681	0.874	0	0.32	0.34	0.353	0.347	0.369	-203.207	-9.403	-4.327	0.171	0.485	0.574	0.437	0.218	22.811	22.26	21.186	20.463	19.122	0.54
2026-03-26	-91.348	30.981	0	22.812	14.81	40.16	21.07	16	27.4	77.11	43.503	100	100.785	1.863	199.463	1.777	3.871	0.695	0	0.318	0.339	0.352	0.346	0.368	-231.343	-11.201	-5.594	0.173	0.485	0.572	0.437	0.218	23.233	22.666	21.52	20.736	19.334	0.553
2026-03-27	-91.348	30.981	0	24.406	14.76	44.04	21.408	17	28	75.115	47.25	100	100.89	1.854	239.117	0.98	2.642	0.758	0	0.311	0.336	0.351	0.346	0.367	-254.713	-12.609	-6.945	0.161	0.482	0.57	0.435	0.217	24.078	23.219	21.881	21.014	19.543	0.491
2026-03-28	-91.348	30.981	0	20.81	10.7	40.5	16.405	11.5	22.6	48.441	25.95	69.131	101.575	0.869	261.851	1.038	3.691	1.036	0	0.307	0.334	0.351	0.345	0.366	-286.94	-14.175	-8.643	0.139	0.472	0.566	0.434	0.216	22.637	22.637	21.94	21.318	19.751	0.413
2026-03-29	-91.348	30.981	0	22.192	9.2	43.27	17.876	9.4	26.5	62.026	38.166	86.875	101.322	1.298	245.286	1.258	3.503	0.875	0	0.3	0.333	0.35	0.344	0.365	-314.715	-15.72	-10.186	0.132	0.471	0.564	0.432	0.216	22.394	22.004	21.355	21.118	19.938	0.425
2026-03-30	-91.348	30.981	0	23.386	18.65	36.68	21.164	18.2	26.7	83.864	57.056	94.814	101.082	2.086	136.358	1.57	4.125	0.455	0	0.293	0.331	0.349	0.344	0.365	-359.424	-16.809	-10.892	0.129	0.471	0.563	0.43	0.215	23.471	22.973	21.962	21.285	20.01	0.444
2026-03-31	-91.348	30.981	0	25.874	18.17	43.04	23.024	19.7	28.5	81.022	49.905	98.876	100.843	2.233	203.772	1.87	4.19	0.618	0	0.287	0.329	0.348	0.343	0.364	-377.554	-17.82	-11.565	0.131	0.472	0.562	0.429	0.214	24.781	23.748	22.333	21.512	20.139	0.443
2026-04-01	-91.348	30.981	0.612	24.974	17.97	41.43	21.981	18.9	28.2	86.426	53.946	100	100.676	2.241	192.215	1.668	3.873	0.441	0	0.281	0.327	0.348	0.343	0.363	-420.317	-18.821	-12.232	0.125	0.473	0.561	0.429	0.213	24.947	24.27	22.971	21.958	20.295	0.48
2026-04-02	-91.348	30.981	5.813	23.723	18.54	41.49	21.557	19.3	27.4	93.703	67.118	99.924	100.542	2.402	149.18	2.058	4.701	0.191	0.002	0.279	0.326	0.347	0.342	0.362	-332.762	-19.766	-12.909	0.128	0.474	0.558	0.428	0.212	24.122	23.863	22.979	22.216	20.503	0.535
2026-04-03	-91.348	30.981	0.561	24.339	19.87	38.96	22.58	20.5	27.4	91.804	70.407	99.937	100.741	2.501	142.396	1.744	4.399	0.254	0	0.286	0.326	0.346	0.342	0.361	-77.21	-20.404	-13.534	0.151	0.475	0.557	0.426	0.211	24.34	23.93	22.948	22.276	20.677	0.542
2026-04-04	-91.348	30.981	46.515	23.269	19.84	39.68	21.666	18.9	27.5	95.721	75.533	100	100.701	2.477	100.713	1.672	4.073	0.134	0.001	0.328	0.334	0.353	0.354	0.381	-47.51	-14.402	-9.766	0.287	0.483	0.565	0.442	0.256	23.609	23.64	23.076	22.537	20.938	0.572
2026-04-05	-91.348	30.981	5.99	19.959	14.02	27.95	16.699	13.2	19.5	89.377	72.266	100	100.996	1.719	167.838	1.091	3.491	0.195	0.001	0.395	0.357	0.366	0.368	0.418	-0.395	-0.328	-0.586	0.46	0.503	0.576	0.469	0.32	22.108	22.542	22.311	22.334	21.07	0.605
2026-04-06	-91.348	30.981	0	17.004	9.57	30.88	14.353	10.1	20.9	62.314	39.073	76.937	101.105	0.99	229.025	0.902	3.12	0.679	0	0.373	0.354	0.358	0.351	0.394	-0.628	-0.215	-0.504	0.29	0.498	0.56	0.431	0.233	19.691	20.651	21.089	21.706	21	0.582
2026-04-07	-91.348	30.981	0	17.927	7.48	35.68	15.523	7.7	24.3	58.379	28.908	85.555	100.879	0.959	274.244	0.8	2.435	0.918	0	0.357	0.351	0.356	0.35	0.379	-6.801	-0.323	-0.626	0.238	0.491	0.562	0.427	0.221	19.361	19.874	20.151	20.962	20.904	0.555
2026-04-08	-91.348	30.981	0	21.086	10.95	39.38	18.082	11.2	25.3	63.153	38.712	86.135	100.926	1.271	278.875	0.987	2.893	0.901	0	0.344	0.348	0.354	0.349	0.375	-17.381	-0.753	-0.96	0.213	0.488	0.564	0.426	0.217	21.474	21.098	20.526	20.742	20.705	0.551
2026-04-09	-91.348	30.981	0	22.016	12.99	39.92	18.86	13.7	25.2	78.48	55.308	98.356	101.141	1.681	250.475	1.05	3.064	0.56	0	0.335	0.346	0.353	0.348	0.373	-25.649	-2.066	-1.538	0.196	0.485	0.564	0.427	0.215	22.683	22.228	21.36	21.057	20.6	0.581
2026-04-10	-91.348	30.981	0.119	22.307	13.38	36.34	20.04	14.2	27	81.286	54.385	100	101.211	1.87	232.608	0.963	2.723	0.551	0	0.328	0.343	0.352	0.347	0.371	-34.228	-7.746	-2.394	0.182	0.484	0.564	0.427	0.214	23.351	22.832	21.878	21.401	20.6	0.589
2026-04-11	-91.348	30.981	0.034	22.819	14.85	39.32	20.547	15.6	27	76.228	45.606	100	101.267	1.77	262.349	1.033	2.742	0.718	0	0.321	0.341	0.351	0.346	0.37	-44.843	-11.774	-3.604	0.173	0.484	0.565	0.428	0.213	24.518	23.795	22.54	21.772	20.663	0.589
2026-04-12	-91.348	30.981	0.051	22.933	13.03	39.02	20.426	14.5	26.3	78.506	56.525	100	101.111	1.85	242.694	1.393	3.383	0.619	0	0.313	0.339	0.35	0.346	0.369	-64.077	-14.218	-5.199	0.161	0.481	0.563	0.427	0.213	24.101	23.701	22.795	22.132	20.81	0.612
2026-04-13	-91.348	30.981	0	25.286	16.61	39.96	22.334	16.9	27.9	79.358	53.225	99.308	101.073	2.096	235.324	1.839	4.062	0.655	0	0.302	0.337	0.349	0.345	0.367	-89.826	-16.298	-6.804	0.153	0.481	0.563	0.427	0.213	25.264	24.446	23.166	22.353	20.957	0.622
2026-04-14	-91.348	30.981	0	24.898	15.7	40.78	22.145	16.8	28.2	77.521	52.714	100	100.861	2.023	244.3	1.723	3.773	0.704	0	0.29	0.334	0.349	0.345	0.366	-133.885	-18.222	-8.857	0.137	0.481	0.561	0.427	0.212	25.633	24.943	23.669	22.735	21.124	0.632
2026-04-15	-91.348	30.981	0.034	23.605	13.62	41.58	21.288	14.7	27.9	80.604	55.207	100	100.671	2.015	221.248	1.45	3.37	0.593	0	0.277	0.332	0.348	0.344	0.365	-196.265	-20.172	-10.493	0.118	0.478	0.558	0.426	0.212	25.083	24.701	23.741	22.977	21.31	0.641
2026-04-16	-91.348	30.981	0	17.31	15.77	19.6	17.791	16.7	20.1	96.085	88.023	100	100.653	1.957	3.825	0.425	1.03	0.081	0	0.271	0.33	0.347	0.344	0.365	-253.666	-21.238	-11.153	0.104	0.474	0.555	0.426	0.211	22.58	24.034	23.959	23.137	21.4	NA
