2026-01-01	-91.159	32.444	0	10.452	-0.25	26.98	11.773	2.3	21.2	50.13	27.287	78.552	101.444	0.653	114.544	1.707	3.205	0.83	0	0.313	0.381	0.428	0.468	0.463	-48.402	-18.359	-1.8	1.855	3.482	3.264	3.439	3.776	10.849	11.863	13.025	15.31	17.182	0.362
2026-01-02	-91.159	32.444	0	17.359	10.22	26.49	18.158	12.7	24.7	72.526	55.381	86.223	100.566	1.533	68.507	2.391	4.784	0.616	0	0.315	0.383	0.429	0.467	0.462	-52.323	-18.093	-1.724	1.829	3.502	3.277	3.451	3.781	14.021	13.573	13.54	15.016	16.969	NA
2026-01-03	-91.159	32.444	0	11.529	9.03	14.4	10.296	7.9	15.4	91.889	77.244	97.639	101.02	1.163	33.498	3.072	5.088	0.099	0	0.315	0.385	0.43	0.467	0.461	-55.842	-17.789	-1.621	1.77	3.492	3.269	3.457	3.784	13.939	14.523	14.539	15.144	16.798	NA
2026-01-04	-91.159	32.444	0	9.638	1.77	24.16	8.4	3.3	14.7	70.853	49.399	89.815	101.711	0.769	107.144	1.687	2.978	0.357	0	0.314	0.384	0.429	0.467	0.461	-58.377	-17.342	-1.598	1.685	3.485	3.26	3.453	3.787	12.436	13.419	14.141	15.28	16.7	0.338
2026-01-05	-91.159	32.444	0	13.614	2.44	28.16	12.476	5.3	19.8	76.497	58.065	94.304	101.406	1.114	142.477	1.331	2.75	0.404	0	0.313	0.383	0.429	0.467	0.461	-61.85	-17.15	-1.5	1.612	3.492	3.264	3.451	3.788	12.966	13.346	13.887	15.182	16.7	0.351
2026-01-06	-91.159	32.444	0	17.215	7.43	27	18.131	10.9	23.2	87.289	71.943	96.315	101.028	1.824	50.064	2.02	3.945	0.293	0	0.314	0.385	0.43	0.467	0.461	-64.422	-16.968	-1.496	1.567	3.504	3.273	3.452	3.791	14.969	14.636	14.408	15.151	16.615	NA
2026-01-07	-91.159	32.444	0	18.613	11.09	32.39	18.977	13.7	25.5	80.417	38.338	100	101.132	1.709	99.268	1.636	3.239	0.53	0	0.315	0.387	0.431	0.468	0.461	-65.502	-16.751	-1.4	1.547	3.514	3.274	3.454	3.792	16.548	15.957	15.258	15.358	16.6	NA
2026-01-08	-91.159	32.444	1.6	19.328	11.47	26.97	20.039	14.1	24.8	84.379	64.799	97.665	100.934	1.965	49.393	2.342	4.377	0.42	0.002	0.316	0.388	0.432	0.468	0.461	-64.431	-16.629	-1.292	1.497	3.51	3.264	3.451	3.792	17.006	16.576	15.926	15.727	16.609	NA
2026-01-09	-91.159	32.444	35.922	20.845	16.47	26.98	20.521	18.7	24	98.539	87.826	100	101.12	2.386	56.294	1.957	4.31	0.036	0.002	0.368	0.408	0.44	0.469	0.466	-38.057	-15.374	-0.309	1.546	3.437	3.215	3.503	3.805	18.841	17.994	16.844	16.179	16.706	NA
2026-01-10	-91.159	32.444	16.229	14.444	5.73	19.93	13.963	6.9	18.9	94.076	81.746	100	101.797	1.543	46.487	3.835	6.731	0.078	0.002	0.426	0.453	0.453	0.47	0.478	-0.228	-9.734	-0.1	2.201	3.153	3.106	3.636	3.803	17.476	18.05	17.553	16.667	16.841	NA
2026-01-11	-91.159	32.444	0	6.284	-0.52	15.83	6.164	1.5	10.5	73.049	45.699	97.959	102.828	0.684	125.115	2.507	4.237	0.275	0	0.401	0.432	0.452	0.471	0.479	-0.2	-0.856	-0.1	2.384	3.256	3.031	3.634	3.806	12.326	14.74	16.211	16.85	17.027	0.413
2026-01-12	-91.159	32.444	0	4.746	-2.05	20.95	4.373	-0.8	11.2	69.284	36.609	97.235	102.757	0.557	113.945	0.94	1.777	0.304	0	0.394	0.424	0.45	0.471	0.479	-0.2	-0.1	-0.1	2.402	3.307	3.011	3.628	3.804	10.121	12.34	14.328	16.363	17.143	0.386
2026-01-13	-91.159	32.444	0.17	7.67	-1.21	20.55	7.732	0.4	15.7	70.778	42.523	95.709	101.92	0.726	108.334	1.239	2.629	0.387	0	0.392	0.421	0.445	0.47	0.479	-0.2	-0.1	-0.1	2.417	3.332	3.063	3.631	3.802	9.898	11.507	13.207	15.67	17.075	0.412
2026-01-14	-91.159	32.444	2.671	10.091	6.48	17.45	9.746	7.4	13	84.344	62.556	94.933	101.153	1.021	67.584	3.004	5.396	0.191	0.001	0.394	0.422	0.445	0.469	0.478	-0.197	-0.1	-0.1	2.415	3.346	3.08	3.646	3.803	11.47	12.241	13.08	15.146	16.893	NA
2026-01-15	-91.159	32.444	0	4.427	-2.2	15.66	3.59	-0.5	8.4	66.435	38.101	88.214	101.693	0.516	134.507	1.663	3.084	0.283	0	0.39	0.419	0.441	0.469	0.478	-0.1	-0.1	-0.1	2.416	3.357	3.115	3.651	3.801	9.604	11.454	12.839	14.89	16.655	0.43
2026-01-16	-91.159	32.444	1.752	9.647	-0.59	22.33	10.075	1.6	19.1	70.986	54.361	93.481	101.125	0.918	94.581	2.431	4.892	0.418	0.001	0.389	0.417	0.44	0.465	0.478	-0.101	-0.1	-0.1	2.435	3.383	3.128	3.673	3.804	9.617	10.655	12.006	14.545	16.466	NA
2026-01-17	-91.159	32.444	0	3.943	-1.44	11.01	4.375	-0.7	8.9	72.238	54.423	89.683	102.007	0.605	59.195	1.965	3.336	0.238	0	0.388	0.417	0.439	0.469	0.478	-0.111	-0.1	-0.1	2.425	3.379	3.142	3.492	3.808	9.328	11.014	12.152	14.193	16.257	NA
2026-01-18	-91.159	32.444	0	1.327	-3.92	13.34	0.044	-3	5	69.14	42.072	84.864	102.18	0.417	134.852	1.568	2.842	0.204	0	0.383	0.413	0.438	0.474	0.478	-0.2	-0.1	-0.1	2.441	3.398	3.138	3.367	3.807	6.993	9.199	11.174	13.845	16.061	0.418
2026-01-19	-91.159	32.444	0.034	4.588	-4.87	21.12	4.351	-3.4	12.8	67.041	39.833	99.163	102.408	0.534	135.332	1.282	2.39	0.354	0	0.382	0.411	0.436	0.471	0.478	-0.2	-0.1	-0.1	2.46	3.418	3.147	3.387	3.808	7.111	8.599	10.316	13.301	15.844	0.413
2026-01-20	-91.159	32.444	0	5.158	-2.3	20.06	4.542	-0.9	11.7	59.72	42.223	79.808	102.698	0.503	120.474	1.491	2.776	0.37	0	0.382	0.411	0.436	0.469	0.477	-0.299	-0.1	-0.1	2.464	3.418	3.158	3.382	3.809	7.839	9.011	10.261	12.872	15.589	0.378
2026-01-21	-91.159	32.444	20.13	9.756	2.81	13.62	10.182	5.4	13	87.012	66.222	100	102.012	1.11	25.14	1.571	2.899	0.144	0.004	0.402	0.425	0.44	0.468	0.477	-0.261	-0.1	-0.1	2.426	3.32	3.136	3.447	3.813	9.231	9.716	10.418	12.631	15.325	NA
2026-01-22	-91.159	32.444	5.82	11.593	9.28	16.41	10.729	8.9	12.5	95.337	86.667	100	101.86	1.229	49.705	2.912	5.138	0.062	0.001	0.434	0.445	0.448	0.466	0.478	-0.1	-0.1	-0.1	2.281	3.173	3.091	3.609	3.766	11.465	11.392	11.269	12.641	15.091	NA
2026-01-23	-91.159	32.444	0	9.372	4.17	13.71	8.029	2.9	10.4	88.159	70.537	100	102.023	0.976	50.706	2.76	4.782	0.11	0	0.414	0.439	0.448	0.466	0.477	-0.1	-0.1	-0.1	2.407	3.191	3.081	3.622	3.756	11.36	11.912	11.998	12.917	14.983	NA
2026-01-24	-91.159	32.444	3.232	2.024	0.51	4.49	0.015	-1.8	3.1	90.82	76	100	101.661	0.554	16.681	2.493	5.08	0.061	0.001	0.414	0.435	0.447	0.467	0.477	-0.1	-0.1	-0.1	2.377	3.21	3.055	3.624	3.761	7.623	9.872	11.477	13.084	14.9	NA
2026-01-25	-91.159	32.444	0	-1.826	-5.39	0.53	-3.561	-6	-0.5	98.183	91.546	100	101.364	0.465	33.913	0.915	2.747	0.007	0	0.43	0.444	0.446	0.468	0.478	-0.1	-0.1	-0.1	2.225	3.139	3.055	3.597	3.75	4.938	7.357	9.822	12.764	14.9	NA
2026-01-26	-91.159	32.444	0	-4.194	-6.82	0.39	-5.956	-7.4	-3.9	93.206	82.76	100	103	0.366	80.858	0.396	1.218	0.026	0	0.423	0.439	0.447	0.468	0.478	-0.1	-0.1	-0.1	2.257	3.187	3.045	3.573	3.741	4.178	6.412	8.664	12.122	14.756	NA
2026-01-27	-91.159	32.444	36.185	-0.684	-7.09	7.79	-2.278	-7.3	2.1	93.942	85.029	100	102.965	0.5	81.675	0.672	1.46	0.036	0.001	0.42	0.441	0.447	0.467	0.477	-0.1	-0.1	-0.1	2.301	3.163	3.044	3.574	3.738	4.047	5.911	7.953	11.499	14.492	NA
2026-01-28	-91.159	32.444	23.572	3.258	-3.5	16.04	2.392	-1.6	7.8	90.684	69.833	100	102.567	0.661	117.873	1.124	1.985	0.081	0	0.423	0.441	0.447	0.466	0.477	-0.1	-0.1	-0.1	2.286	3.195	3.056	3.587	3.734	5.71	6.624	7.878	11.008	14.179	0.432
2026-01-29	-91.159	32.444	0	4.322	-3.03	18.81	4.558	-1.4	12.5	80.761	49.035	100	101.871	0.67	106.764	1.022	1.995	0.221	0	0.411	0.442	0.447	0.466	0.477	-0.1	-0.1	-0.1	2.384	3.163	3.074	3.6	3.732	6.24	7.172	8.192	10.804	13.894	0.385
2026-01-30	-91.159	32.444	0	3.882	-2.92	11.59	2.654	-1.2	5.5	82.172	70.466	94.061	101.959	0.616	136.85	2.877	4.861	0.129	0	0.408	0.44	0.446	0.465	0.476	-0.1	-0.1	-0.1	2.417	3.19	3.085	3.61	3.734	6.743	7.761	8.574	10.75	13.658	0.412
2026-01-31	-91.159	32.444	0	-1.259	-6.63	6.71	-4.05	-6.4	-0.9	68.83	58.047	86.649	102.861	0.312	160.474	4.331	7.569	0.144	0	0.401	0.43	0.446	0.465	0.476	-0.1	-0.1	-0.1	2.435	3.276	3.029	3.616	3.738	4.242	6.457	8.279	10.714	13.479	0.348
2026-02-02	-91.159	32.444	0	6.743	-4.8	24.46	7.037	-1	17	70.604	50.502	87.94	102.276	0.736	118.989	1.275	2.8	0.351	0	0.398	0.425	0.441	0.464	0.475	-0.1	-0.1	-0.1	2.493	3.342	3.091	3.618	3.744	5.649	6.108	7.14	9.989	13.103	0.393
2026-02-03	-91.159	32.444	9.835	10.392	4.25	16.1	11.251	7.5	15.5	93.829	81.175	100	101.824	1.276	36.788	1.746	3.542	0.074	0.003	0.411	0.433	0.444	0.464	0.475	-0.1	-0.1	-0.1	2.442	3.296	3.1	3.63	3.744	8.485	8.209	8.181	9.914	12.888	NA
2026-02-04	-91.159	32.444	0	6.334	-0.71	14.47	5.148	0.6	12	83.155	67.092	100	102.21	0.744	155.019	3.391	5.779	0.149	0	0.424	0.442	0.449	0.465	0.475	-0.1	-0.1	-0.1	2.338	3.202	3.096	3.637	3.741	8.875	9.29	9.228	10.194	12.734	0.421
2026-02-05	-91.159	32.444	0	4.681	-3.97	18.22	4.023	-2.2	11.4	80.252	60.257	100	102.134	0.656	148.524	1.469	2.659	0.192	0	0.409	0.441	0.448	0.465	0.475	-0.1	-0.1	-0.1	2.438	3.176	3.095	3.633	3.739	7.182	8.23	9.044	10.48	12.7	0.401
2026-02-06	-91.159	32.444	0	11.342	1.27	27.36	13.07	4.5	23.3	63.8	40.195	81.322	101.418	0.947	157.053	1.956	3.527	0.663	0	0.408	0.439	0.448	0.465	0.475	-0.1	-0.1	-0.1	2.467	3.21	3.097	3.633	3.739	9.144	8.989	9.102	10.5	12.7	0.404
2026-02-07	-91.159	32.444	0	9.141	0.69	24.18	9.554	4.3	15	67.806	46.683	88.543	102.195	0.793	171.555	2.036	3.35	0.423	0	0.406	0.436	0.449	0.465	0.475	-0.1	-0.1	-0.1	2.471	3.258	3.06	3.642	3.74	10.137	10.198	9.989	10.711	12.7	0.408
2026-02-08	-91.159	32.444	0	11.177	-0.77	28.3	11.501	0.8	21.6	68.942	40.294	97.174	102.002	0.907	140.78	1.204	2.353	0.584	0	0.405	0.434	0.45	0.465	0.475	-0.1	-0.1	-0.1	2.48	3.278	3.029	3.644	3.739	10.072	10.159	10.234	11.01	12.751	0.397
2026-02-09	-91.159	32.444	0	17.031	7.64	33.57	17.223	11.2	24.1	80.082	60.529	97.837	101.783	1.567	141.916	1.888	3.577	0.453	0	0.407	0.435	0.448	0.466	0.475	-0.1	-0.1	-0.1	2.487	3.289	3.076	3.647	3.738	13.392	12.172	11.114	11.257	12.816	0.382
2026-02-10	-91.159	32.444	0	16.401	8.83	25.87	17.324	12.7	20.9	87.613	74.371	98.459	101.664	1.73	69.661	1.864	3.853	0.264	0	0.408	0.436	0.45	0.466	0.475	-0.1	-0.1	-0.1	2.477	3.273	3.07	3.653	3.738	14.33	13.551	12.399	11.795	12.932	NA
2026-02-11	-91.159	32.444	5.34	15.25	7.42	22.31	15.361	8.5	19.1	90.289	78.738	99.992	101.814	1.6	67.075	2.766	4.615	0.174	0.001	0.41	0.443	0.452	0.467	0.475	-0.1	-0.1	-0.1	2.459	3.201	3.057	3.657	3.74	15.027	14.42	13.263	12.395	13.11	NA
2026-02-12	-91.159	32.444	0	13.451	4.89	28.61	12.86	6.1	20.6	71.27	47.563	93.776	101.836	1.027	171.767	1.674	2.846	0.524	0	0.41	0.442	0.453	0.468	0.475	-0.1	-0.1	-0.1	2.456	3.198	3.034	3.65	3.74	13.706	13.744	13.366	12.905	13.351	0.447
2026-02-13	-91.159	32.444	0	16.418	6.14	32.07	15.739	7.4	23.4	63.774	41.394	89.287	101.685	1.126	162.077	1.323	2.488	0.74	0	0.409	0.441	0.455	0.468	0.476	-0.1	-0.1	-0.1	2.47	3.219	3.011	3.648	3.739	14.803	14.253	13.553	13.165	13.592	0.451
2026-02-14	-91.159	32.444	2.86	16.712	9.23	25.05	17.17	11.8	21.8	83.651	69.957	100	101.076	1.646	56.295	2.836	5.039	0.346	0	0.409	0.441	0.454	0.468	0.476	-0.1	-0.1	-0.1	2.464	3.222	3.027	3.649	3.737	15.271	14.892	14.11	13.476	13.792	NA
2026-02-15	-91.159	32.444	6.684	14.642	11.59	17.66	14.525	11.4	17.6	93.331	86.583	100	100.659	1.554	32.469	6.189	10.138	0.107	0.001	0.44	0.453	0.455	0.468	0.476	-0.1	-0.1	-0.1	2.255	3.123	3.054	3.647	3.737	15.398	15.325	14.584	13.829	13.99	NA
2026-02-16	-91.159	32.444	0	11.202	5.33	15.78	10.427	7	12.6	92.917	87.499	98.732	101.618	1.175	37.264	1.49	2.813	0.092	0	0.431	0.455	0.455	0.469	0.477	-0.1	-0.1	-0.1	2.325	3.06	3.079	3.635	3.734	13.675	14.298	14.327	14.083	14.192	NA
2026-02-17	-91.159	32.444	0	12.559	4.79	19.34	12.945	5.8	18	90.869	75.097	100	101.447	1.366	61.139	1.771	3.427	0.162	0	0.426	0.455	0.453	0.469	0.477	-0.1	-0.1	-0.1	2.359	3.054	3.088	3.634	3.732	13.009	13.519	13.769	14.083	14.365	NA
2026-02-18	-91.159	32.444	0	18.284	12.02	29.26	19.054	15.1	23.9	85.561	68.993	98.093	100.782	1.879	82.267	2.381	4.836	0.351	0	0.426	0.453	0.453	0.468	0.477	-0.1	-0.1	-0.1	2.38	3.099	3.097	3.638	3.728	15.393	14.664	13.999	14.018	14.493	NA
2026-02-19	-91.159	32.444	0	20.15	14.01	30.2	21.581	16.6	27.1	79.122	52.326	96.406	100.346	2.008	101.924	3.53	6.422	0.612	0	0.424	0.45	0.455	0.468	0.477	-0.1	-0.1	-0.1	2.389	3.144	3.075	3.649	3.731	17.18	16.208	14.996	14.263	14.572	0.517
2026-02-20	-91.159	32.444	0	18.05	10.83	29.37	17.847	13	22	58.126	34.276	91.669	100.742	1.177	128.967	2.743	4.658	0.89	0	0.42	0.449	0.456	0.469	0.477	-0.1	-0.1	-0.1	2.399	3.156	3.033	3.653	3.728	17.477	16.926	15.797	14.724	14.698	0.51
2026-02-21	-91.159	32.444	0	15.377	5.92	28.67	13.589	8	18.4	68.946	59.2	79.919	101.405	1.085	94.859	3.466	5.835	0.49	0	0.416	0.445	0.457	0.469	0.477	-0.1	-0.1	-0.1	2.412	3.184	3.008	3.654	3.726	16.393	16.399	15.849	15.103	14.884	NA
2026-02-22	-91.159	32.444	0	8.087	-1.38	22.2	7.123	2.4	12.7	52.859	28.855	76.807	102.825	0.517	207.148	3.836	6.456	0.514	0	0.41	0.44	0.454	0.469	0.478	-0.1	-0.1	-0.1	2.423	3.214	3.018	3.652	3.724	13.382	14.7	15.244	15.219	15.073	0.533
2026-02-23	-91.159	32.444	0	5.34	-4.09	20.95	3.6	-2.3	9.2	51.628	35.559	71.246	102.905	0.398	194.131	2.596	4.456	0.412	0	0.406	0.435	0.451	0.469	0.478	-0.1	-0.1	-0.1	2.445	3.24	3.037	3.649	3.724	11.031	12.681	13.92	14.978	15.2	0.524
2026-02-24	-91.159	32.444	0	8.277	-4.64	25.75	7.237	-3.2	16.2	52.955	28.073	78.986	101.83	0.514	146.028	1.851	3.968	0.608	0	0.403	0.433	0.448	0.468	0.478	-0.1	-0.1	-0.1	2.462	3.258	3.056	3.65	3.724	10.631	11.755	12.894	14.479	15.2	0.499
2026-02-25	-91.159	32.444	0	16.067	5.36	28.74	16.407	7.9	23.2	70.773	53.636	87.722	100.754	1.335	94.668	2.701	5.703	0.629	0	0.404	0.433	0.448	0.467	0.477	-0.101	-0.1	-0.1	2.48	3.287	3.075	3.657	3.723	13.242	12.914	12.953	14.073	15.156	NA
2026-02-26	-91.159	32.444	0	19.328	12.26	30.02	20.051	14.9	24.2	79.315	66.587	93.78	100.669	1.854	76.601	2.342	4.425	0.521	0	0.406	0.432	0.45	0.467	0.477	-0.305	-0.1	-0.1	2.471	3.303	3.078	3.67	3.727	16.227	15.122	14.082	14.076	15.042	NA
2026-02-27	-91.159	32.444	0	18.02	5.38	35.16	18.023	10.2	25	61.602	24.77	99.904	101.198	1.201	170.739	2.363	4.154	0.931	0	0.404	0.431	0.452	0.467	0.477	-2.761	-0.1	-0.1	2.425	3.307	3.067	3.687	3.729	17.109	16.277	15.134	14.46	15	0.558
2026-02-28	-91.159	32.444	0	15.52	2.62	36.67	16.364	5.2	26.2	47.721	21.349	82.753	101.435	0.805	183.68	1.473	2.879	1.233	0	0.398	0.427	0.452	0.466	0.477	-10.411	-0.1	-0.1	2.346	3.318	3.056	3.709	3.729	16.256	16.016	15.442	14.887	15.08	0.557
2026-03-01	-91.159	32.444	0	18.375	6.18	38.3	18.693	9.3	28	50.776	27.703	72.64	101.658	1.058	147.367	1.531	3.052	1.256	0	0.392	0.422	0.453	0.466	0.477	-16.83	-0.1	-0.1	2.253	3.346	3.057	3.719	3.732	17.131	16.46	15.669	15.128	15.208	0.558
2026-03-02	-91.159	32.444	0	18.559	7.39	36.61	18.99	10	27.2	55.777	30.022	85.426	101.68	1.166	210.69	1.565	3.335	1.14	0	0.386	0.418	0.453	0.466	0.478	-27.164	-0.1	-0.1	2.177	3.355	3.055	3.705	3.732	17.812	17.174	16.208	15.376	15.332	0.564
2026-03-03	-91.159	32.444	0	21.012	10.02	37.51	20.704	12.7	27.2	67.84	46.931	89.869	101.704	1.632	200.57	2.099	4.152	0.886	0	0.379	0.413	0.453	0.468	0.478	-44.086	-0.1	-0.1	2.118	3.355	3.056	3.585	3.734	18.72	17.819	16.702	15.689	15.465	0.566
2026-03-04	-91.159	32.444	0	22.758	14.34	36.94	22.349	16.6	27.7	76.591	62.131	94.444	101.69	2.056	164.341	2.747	5.077	0.696	0	0.374	0.408	0.453	0.471	0.478	-64.559	-0.1	-0.1	2.073	3.342	3.057	3.504	3.735	20.043	18.859	17.433	16.068	15.642	0.571
2026-03-05	-91.159	32.444	0	23.718	15.26	38.95	23.049	17.6	29.4	67.886	41.816	89.47	101.483	1.857	203.319	2.412	4.699	1.025	0	0.368	0.402	0.452	0.473	0.478	-90.579	-0.1	-0.1	2.04	3.31	3.062	3.458	3.735	21.018	19.757	18.182	16.523	15.83	0.582
2026-03-06	-91.159	32.444	0.408	24.655	15.84	38.45	24.16	19.3	30.6	72.661	47.235	89.803	101.405	2.131	173.048	2.674	5.123	0.949	0	0.361	0.396	0.449	0.477	0.478	-122.014	-0.1	-0.1	1.979	3.266	3.075	3.404	3.735	21.732	20.491	18.869	17.012	16.077	0.583
2026-03-07	-91.159	32.444	18.744	20.411	16.35	31.31	20.414	15.3	26.7	92.441	72.936	100	101.407	2.223	71.921	3.157	6.069	0.221	0.006	0.359	0.409	0.451	0.477	0.479	-106.646	-0.1	-0.1	1.909	3.202	3.057	3.44	3.736	20.887	20.634	19.434	17.523	16.334	NA
2026-03-08	-91.159	32.444	4.953	19.505	16.41	24.82	18.042	16.5	20.4	96.653	85.048	100	101.468	2	85.973	1.668	3.274	0.074	0.001	0.375	0.447	0.46	0.474	0.48	-0.974	-0.1	-0.1	2.219	3.138	3.005	3.6	3.725	19.849	19.699	19.082	17.857	16.609	NA
2026-03-09	-91.159	32.444	12.924	20.856	16.08	29.54	20.205	17.4	23.5	97.036	89.764	100	101.433	2.307	84.986	1.991	3.583	0.07	0	0.395	0.446	0.463	0.474	0.48	-0.16	-0.1	-0.1	2.187	3.175	2.967	3.597	3.721	20.497	20.028	19.076	17.934	16.842	NA
2026-03-10	-91.159	32.444	0	22.538	18.46	31.51	22.767	19.6	27.2	89.838	71.423	100	101.384	2.476	110.153	2.247	4.322	0.318	0	0.433	0.457	0.46	0.475	0.48	-0.1	-0.1	-0.1	2.343	3.063	3.034	3.58	3.716	21.405	20.655	19.459	18.103	17.044	0.697
2026-03-11	-91.159	32.444	15.383	21.802	16.6	33.66	21.168	15.6	28	89.222	63.611	100	101.146	2.234	88.861	3.394	6.566	0.332	0.001	0.427	0.45	0.463	0.475	0.48	-0.1	-0.1	-0.1	2.397	3.153	2.979	3.582	3.715	21.796	21.222	19.939	18.365	17.218	NA
2026-03-12	-91.159	32.444	1.361	12.113	5.47	21.29	9.964	6.9	13.8	74.691	50	100	102.116	0.908	242.583	4.546	7.775	0.329	0	0.443	0.461	0.461	0.476	0.481	-0.1	-0.1	-0.1	2.261	3.015	3.016	3.575	3.709	18.157	19.332	19.53	18.611	17.418	0.704
2026-03-13	-91.159	32.444	0.017	13.98	3.84	29.16	12.983	5	21.5	72.008	42.388	95.952	101.608	1.04	155.67	1.135	2.366	0.555	0	0.426	0.453	0.459	0.475	0.481	-0.1	-0.1	-0.1	2.411	3.072	3.003	3.573	3.706	16.898	17.499	18.064	18.37	17.582	0.702
2026-03-14	-91.159	32.444	0	17.137	7.42	32.14	16.432	8.8	24.7	74.161	49.396	98.422	101.286	1.367	138.115	1.491	2.842	0.595	0	0.42	0.441	0.461	0.475	0.481	-0.1	-0.1	-0.1	2.459	3.223	2.967	3.578	3.707	18.483	18.194	17.9	17.986	17.6	0.712
2026-03-15	-91.159	32.444	4.49	20.631	11.56	30.81	20.469	11.5	27.6	75.006	51.177	95.881	100.408	1.784	116.086	4.323	8.71	0.709	0	0.418	0.436	0.46	0.474	0.481	-0.156	-0.1	-0.1	2.489	3.272	2.99	3.588	3.706	19.891	19.249	18.4	17.892	17.6	0.715
2026-03-16	-91.159	32.444	0	8.533	1.15	18.36	6.101	2.2	11.9	55.769	34.965	73.277	101.597	0.531	230.301	5.077	8.449	0.421	0	0.416	0.434	0.46	0.474	0.481	-0.182	-0.1	-0.1	2.464	3.254	2.977	3.594	3.707	16.471	17.927	18.318	18.014	17.6	0.692
2026-03-17	-91.159	32.444	0	7.501	-4.14	24.41	4.184	-3.2	11	52.492	29.111	76.706	102.325	0.417	193.124	1.347	2.693	0.445	0	0.407	0.428	0.456	0.474	0.481	-0.506	-0.1	-0.1	2.523	3.295	2.995	3.589	3.708	13.839	15.258	16.591	17.734	17.664	0.703
2026-03-18	-91.159	32.444	0	12.621	1.94	29.13	11.115	3.7	19.5	52.203	29.43	77.865	102.093	0.65	127.384	1.531	3.38	0.751	0	0.405	0.427	0.454	0.474	0.481	-2.729	-0.1	-0.1	2.551	3.322	3.017	3.593	3.708	14.983	15.356	15.909	17.13	17.582	0.678
2026-03-19	-91.159	32.444	0	17.369	6.05	33.84	16.52	8.7	25	58.666	41.575	79.449	101.923	1.102	136.075	1.716	3.837	0.876	0	0.404	0.426	0.454	0.473	0.48	-8.969	-0.1	-0.1	2.535	3.351	3.03	3.603	3.706	17.097	16.518	16.206	16.796	17.443	0.672
2026-03-20	-91.159	32.444	0	20.715	10.1	35.21	20.365	12.6	27.1	65.718	41.188	94.235	101.642	1.523	133.439	2.564	5.352	0.951	0	0.4	0.424	0.455	0.473	0.48	-15.642	-0.1	-0.1	2.505	3.374	3.039	3.614	3.708	19.098	18.106	17.101	16.828	17.307	0.676
2026-03-21	-91.159	32.444	0	22.787	14.42	36.28	21.861	15.9	28.4	70.375	49.894	92.533	101.309	1.805	237.231	2.876	5.867	0.89	0	0.393	0.421	0.456	0.473	0.48	-24.81	-0.1	-0.1	2.458	3.393	3.041	3.625	3.709	20.791	19.464	18.06	17.129	17.204	0.675
2026-03-22	-91.159	32.444	0	23.307	14.25	36.78	22.975	16.1	30.2	66.402	39.94	96.001	101.099	1.775	252.147	3.368	6.974	1.125	0	0.385	0.416	0.455	0.472	0.48	-41.467	-0.1	-0.1	2.394	3.406	3.046	3.645	3.711	21.698	20.502	18.977	17.58	17.283	0.676
2026-03-23	-91.159	32.444	0	20.118	11.81	31.19	18.843	14.3	22	61.309	37.534	91.173	101.651	1.329	204.756	3.448	6.076	0.86	0	0.375	0.407	0.452	0.471	0.48	-65.934	-0.1	-0.1	2.272	3.425	3.047	3.668	3.71	21.334	20.757	19.546	18.045	17.401	0.677
2026-03-24	-91.159	32.444	0	17.319	9.43	33.13	17.12	12.1	24.1	48.125	36.732	58.505	101.806	0.933	148.607	2.04	3.54	1.078	0	0.367	0.399	0.447	0.471	0.48	-91.57	-0.1	-0.1	2.167	3.454	3.054	3.668	3.716	19.823	19.78	19.306	18.359	17.571	0.684
2026-03-25	-91.159	32.444	0	20.663	10.14	38.32	20.889	12.3	29.2	56.127	38.623	72.979	101.623	1.382	169.681	1.65	3.49	1.232	0	0.361	0.394	0.441	0.472	0.481	-123.512	-0.1	-0.1	2.103	3.467	3.045	3.62	3.714	20.707	19.976	19.159	18.4	17.743	0.681
2026-03-26	-91.159	32.444	0	22.294	11.97	36.6	22.445	15.4	28.9	64.665	41.947	91.335	101.506	1.712	232.125	2.471	5.23	1.084	0	0.356	0.39	0.436	0.474	0.481	-166.331	-0.1	-0.1	2.018	3.458	2.99	3.517	3.712	21.701	20.817	19.652	18.52	17.852	0.683
2026-03-27	-91.159	32.444	0	21.644	11.48	39.08	20.633	13.4	28	67.408	52.032	96.43	101.776	1.639	200.721	3.48	6.651	0.873	0	0.351	0.386	0.432	0.479	0.481	-220.015	-0.1	-0.1	1.905	3.45	2.935	3.418	3.714	21.947	21.277	20.12	18.78	17.962	0.686
2026-03-28	-91.159	32.444	0	16.588	6.26	30.21	13.784	9.7	18.9	41.758	27.596	57.512	102.674	0.645	258.368	4.332	7.529	0.954	0	0.344	0.381	0.426	0.485	0.481	-264.353	-0.144	-0.1	1.797	3.465	2.904	3.316	3.716	20.439	20.551	20.06	19.039	18.106	0.684
2026-03-29	-91.159	32.444	0	19.327	5.36	37.36	17.866	7.1	27.5	50.116	31.849	77.901	102.145	1.042	259.103	1.654	3.524	1.209	0	0.34	0.377	0.42	0.485	0.481	-312.034	-0.447	-0.1	1.69	3.484	2.897	3.297	3.713	20.36	19.978	19.561	19.057	18.244	0.687
2026-03-30	-91.159	32.444	0	24.154	17.15	37.92	22.7	18.4	29	72.808	52.887	85.622	101.888	1.987	209.241	2.254	4.794	0.822	0	0.338	0.374	0.415	0.482	0.481	-379.216	-2.786	-0.1	1.602	3.508	2.899	3.294	3.713	22.86	21.542	20.161	19.054	18.322	0.7
2026-03-31	-91.159	32.444	0	24.642	15.82	39.41	23.835	18.4	30.1	74.101	48.296	95.198	101.597	2.134	205.052	2.057	4.573	0.884	0	0.336	0.371	0.411	0.482	0.481	-451.697	-10.335	-0.1	1.546	3.518	2.889	3.285	3.714	23.704	22.453	20.932	19.352	18.418	0.699
2026-04-01	-91.159	32.444	0	24.277	15.38	37.36	23.35	17	30.3	75.269	44.425	98.51	101.431	2.094	214.858	2.139	4.704	0.847	0	0.333	0.369	0.407	0.482	0.481	-533.331	-14.711	-0.1	1.482	3.524	2.894	3.276	3.714	24.071	22.939	21.481	19.729	18.546	0.71
2026-04-02	-91.159	32.444	0	23.039	17.35	37.59	22.837	19.2	28.6	79.712	59.811	94.197	101.298	2.196	133.376	2.03	4.511	0.62	0	0.331	0.365	0.405	0.482	0.482	-631.304	-19.23	-0.1	1.406	3.537	2.906	3.242	3.711	23.724	23.076	21.832	20.077	18.723	0.713
2026-04-03	-91.159	32.444	0.187	24.819	17.76	37.72	23.731	18.6	30.2	78.163	52.09	95.933	101.539	2.242	161.925	1.91	4.115	0.761	0	0.33	0.363	0.403	0.482	0.481	-706.041	-24.866	-0.1	1.356	3.556	2.914	3.229	3.724	24.261	23.181	21.893	20.339	18.924	0.71
2026-04-04	-91.159	32.444	49.332	22.231	17.83	31.93	21.46	17	27.7	89.827	65.125	100	101.534	2.296	95.334	2.194	4.294	0.3	0.002	0.331	0.377	0.413	0.48	0.481	-610.446	-24.098	-0.1	1.475	3.464	2.93	3.284	3.73	23.462	23.242	22.235	20.609	19.104	NA
2026-04-05	-91.159	32.444	0.34	17.198	11.95	25.72	15.234	13	17.4	75.481	55.739	99.999	102.037	1.31	210.963	4.32	7.614	0.427	0	0.335	0.395	0.438	0.479	0.483	-12.05	-0.453	-0.1	1.474	3.425	3.088	3.487	3.687	21.321	21.8	21.65	20.751	19.306	0.736
2026-04-06	-91.159	32.444	0	15.506	7.36	28.27	14.551	9.8	20.4	60.23	36.715	82.453	102.1	0.97	173.15	2.859	5	0.721	0	0.332	0.38	0.425	0.488	0.483	-28.913	-0.33	-0.1	1.279	3.474	3.125	3.241	3.685	19.979	20.5	20.716	20.512	19.442	0.741
2026-04-07	-91.159	32.444	0	16.395	4.35	34.01	15.993	6.4	24.6	62.645	33.142	95.781	101.813	1.066	184.061	2.353	4.088	0.88	0	0.33	0.372	0.415	0.486	0.483	-51.681	-0.821	-0.1	1.228	3.478	3.051	3.19	3.681	19.944	20.043	20.102	20.171	19.5	0.728
2026-04-08	-91.159	32.444	0	18.856	8.98	34.84	18.374	11.2	26	57.585	29.915	82.54	101.822	1.14	236.229	2.69	4.886	1.077	0	0.329	0.368	0.409	0.483	0.483	-83.284	-4.222	-0.1	1.17	3.466	2.906	3.185	3.682	21.093	20.615	20.148	19.929	19.466	0.744
2026-04-09	-91.159	32.444	0	20.424	9.57	35.5	19.346	11.8	26.5	61.585	43.512	81.131	102.036	1.362	148.925	2.609	4.929	0.975	0	0.327	0.363	0.405	0.481	0.483	-128.79	-11.301	-0.1	1.129	3.462	2.862	3.191	3.69	21.998	21.233	20.467	19.896	19.4	0.739
2026-04-10	-91.159	32.444	0	21.276	10.02	36.61	20.317	12.6	27	69.293	45.437	95.406	102.095	1.61	141.14	2.007	4.008	0.863	0	0.327	0.357	0.403	0.48	0.48	-184.511	-15.803	-0.1	1.091	3.466	2.834	3.195	3.722	22.844	21.964	20.941	19.985	19.4	0.738
2026-04-11	-91.159	32.444	0	22.528	13.61	37.54	21.941	14.9	28.8	65.404	40.212	93.702	102.088	1.654	136.525	1.523	3.361	1.079	0	0.326	0.352	0.402	0.478	0.478	-254.543	-21.899	-0.1	1.06	3.496	2.814	3.191	3.746	23.594	22.59	21.401	20.228	19.42	0.741
2026-04-12	-91.159	32.444	0	22.641	11.5	37.57	22.034	14	28.5	64.332	45.957	89.26	101.874	1.658	138.767	1.562	4.054	1.093	0	0.324	0.347	0.4	0.473	0.478	-329.442	-28.942	-0.245	1.042	3.527	2.828	3.178	3.754	23.775	22.902	21.762	20.457	19.502	0.733
2026-04-13	-91.159	32.444	0	24.396	19.04	34.55	23.9	19.9	29.1	69.305	50.304	85.883	101.815	2.032	135.874	1.572	4.204	0.968	0	0.324	0.345	0.399	0.468	0.479	-414.259	-33.893	-2.194	1.002	3.55	2.867	3.151	3.731	24.576	23.566	22.225	20.714	19.609	0.754
2026-04-14	-91.159	32.444	0	24.122	14.53	37.97	23.527	16.8	29.3	69.621	48.409	94.359	101.612	1.976	134.23	1.452	4.013	0.989	0	0.324	0.343	0.398	0.462	0.481	-515.566	-37.567	-7.217	0.997	3.564	2.892	3.151	3.665	24.979	23.855	22.505	20.967	19.731	0.74
2026-04-15	-91.159	32.444	0	24.163	13.73	37.31	23.468	15.4	29.6	65.754	45.868	90.467	101.414	1.847	146.268	1.788	4.546	1.124	0	0.322	0.34	0.396	0.453	0.487	-644.856	-40.918	-12.202	0.957	3.578	2.907	3.159	3.529	25.139	24.16	22.844	21.231	19.861	0.733
2026-04-16	-91.159	32.444	0	24.5	15.44	38.49	23.805	17.4	30.1	71.194	49.374	92.021	101.42	2.058	130.771	1.464	3.678	0.964	0	0.321	0.337	0.395	0.443	0.484	-778.379	-44.809	-16.133	0.914	3.594	2.91	3.204	3.5	25.543	24.452	23.103	21.457	20.023	0.738
2026-04-17	-91.159	32.444	0	25.375	16.81	39.19	24.398	18.6	29.7	71.313	51.801	91.872	101.212	2.137	128.07	1.481	3.981	0.981	0	0.32	0.335	0.394	0.437	0.48	-914.583	-49.824	-21.086	0.863	3.604	2.91	3.255	3.491	25.99	24.828	23.398	21.676	20.166	0.722
2026-04-18	-91.159	32.444	1.769	20.933	11.65	34.78	20.227	11.3	27.6	83.276	63.516	93.384	101.246	2.005	101.834	3.279	6.258	0.429	0.002	0.318	0.333	0.394	0.434	0.479	-1089.065	-56.426	-25.451	0.835	3.601	2.901	3.319	3.48	24.491	24.503	23.611	21.923	20.336	0.726
2026-04-19	-91.159	32.444	0.765	16.958	7.13	32.48	14.495	8.7	21.6	66.446	30.541	93.795	102.25	1.027	280.503	2.669	4.912	0.681	0.001	0.315	0.331	0.392	0.432	0.478	-1209.641	-62.965	-28.395	0.777	3.586	2.891	3.36	3.466	22.457	22.78	22.666	21.926	20.473	0.715
2026-04-20	-91.159	32.444	0	17.114	3.13	35.65	15.728	4.4	25.2	56.864	29.856	89.565	102.249	0.94	258.948	1.667	3.518	1.012	0	0.312	0.329	0.389	0.43	0.478	-1339.161	-68.36	-35.629	0.707	3.555	2.884	3.412	3.452	21.859	21.941	21.88	21.654	20.593	0.713
2026-04-21	-91.159	32.444	0	17.513	5.89	31.76	17.406	7.7	24.7	61.357	36.344	90.262	102.102	1.162	139.409	1.098	2.605	0.939	0	0.31	0.327	0.388	0.427	0.478	-1457.792	-73.957	-44.383	0.639	3.53	2.88	3.481	3.445	21.189	21.582	21.57	21.369	20.6	0.712
2026-04-22	-91.159	32.444	0	22.728	15.58	37.47	21.234	16.8	27.3	59.911	41.426	75.046	101.674	1.482	150.677	1.475	3.594	1.096	0	0.311	0.326	0.388	0.425	0.477	-1466.997	-79.81	-55.969	0.627	3.538	2.879	3.544	3.442	23.197	22.268	21.527	21.159	20.545	0.704
2026-04-23	-91.159	32.444	0	24.644	14.69	39.43	23.193	16.9	29.8	61.407	39.107	91.292	101.131	1.668	145.875	1.222	3.672	1.271	0	0.311	0.325	0.388	0.423	0.477	-1502.159	-85.777	-71.424	0.614	3.543	2.867	3.62	3.44	24.651	23.355	22.135	21.188	20.5	0.694
2026-04-24	-91.159	32.444	3.57	22.669	15.85	38.79	21.18	17.6	28.5	83.518	60.662	99.436	100.687	2.091	100.476	2.303	5.058	0.469	0.001	0.312	0.324	0.388	0.422	0.476	-1581.357	-94.424	-85.189	0.584	3.542	2.848	3.692	3.439	24.591	23.974	22.847	21.474	20.5	0.691
2026-04-25	-91.159	32.444	14.216	23.448	16.85	35.78	21.307	16.3	27.3	89.576	70.524	100	100.613	2.26	171.329	2.342	4.888	0.336	0.001	0.316	0.317	0.39	0.422	0.485	-342.777	-88.977	-85.293	0.646	3.61	2.834	3.645	3.476	24.443	23.708	22.797	21.688	20.594	0.535
2026-04-26	-91.159	32.444	29.944	24.964	17.15	34.47	23.393	16.2	28.4	88.141	73.474	100	100.754	2.529	127.405	1.957	4.23	0.391	0.002	0.326	0.343	0.399	0.46	0.48	-60.124	-20.666	-13.276	1.108	3.632	2.923	3.478	3.61	25.176	24.296	23.169	21.872	20.693	0.776
2026-04-27	-91.159	32.444	0.034	26.366	20.03	36.01	25.364	21	30.4	82.921	65.141	99.57	100.916	2.664	127.483	1.53	4.221	0.618	0	0.325	0.319	0.398	0.458	0.48	-52.676	-4.671	-0.14	0.892	3.708	2.757	3.272	3.644	26.248	25.191	23.706	22.062	20.797	0.7
2026-04-28	-91.159	32.444	5.591	24.669	20.51	32.03	24.596	21.3	28.4	82.751	69.618	96.107	101.088	2.559	107.602	2.04	4.99	0.553	0	0.326	0.315	0.397	0.456	0.476	-95.493	-9.307	-0.176	0.821	3.676	2.619	3.242	3.718	25.435	25.136	24.057	22.376	20.908	0.691
2026-04-29	-91.159	32.444	5.342	22.52	19.37	27.12	21.996	19	24.9	93.456	76.007	100	100.943	2.473	54.178	2.327	4.799	0.182	0.002	0.328	0.32	0.398	0.456	0.481	-103.254	-11.36	-0.1	0.929	3.618	2.577	3.266	3.627	24.324	24.492	23.837	22.529	21.042	NA
2026-04-30	-91.159	32.444	13.789	18.493	15.87	22.84	17.095	15.2	19.4	92.672	77.35	100	101.065	1.805	88.564	2.866	5.329	0.149	0.001	0.332	0.317	0.409	0.462	0.482	-3.513	-2.45	-0.1	2.139	3.621	3.013	3.339	3.647	22.285	23.035	23.11	22.515	21.182	NA
2026-05-01	-91.159	32.444	11.075	15.073	14	16.48	14.051	12.8	15.8	93.037	84.03	99.778	101.218	1.492	43.084	2.092	3.728	0.114	0.001	0.341	0.313	0.42	0.464	0.48	-0.126	-0.208	-0.1	2.606	3.642	3.038	3.382	3.701	20.07	21.495	22.153	22.203	21.244	NA
2026-05-02	-91.159	32.444	0.289	18.697	11.74	30.34	16.485	13	21.1	72.046	46.836	98.743	101.502	1.306	200.5	2.079	3.894	0.6	0	0.35	0.314	0.431	0.464	0.48	-0.1	-0.126	-0.1	2.762	3.684	3.091	3.375	3.698	21.278	21.142	21.208	21.724	21.212	0.664
2026-05-03	-91.159	32.444	0.136	19.612	9.13	34.05	17.642	9.9	24.8	73.874	46.035	98.299	101.676	1.432	236.641	1.457	3.087	0.682	0	0.349	0.304	0.425	0.459	0.477	-0.147	-0.1	-0.1	2.542	3.778	3.077	3.376	3.722	22.295	21.961	21.521	21.464	21.127	0.65
2026-05-04	-91.159	32.444	0	20.964	11.33	34.75	19.332	13	25	68.273	48.463	89.873	101.206	1.497	158.393	1.753	4.058	0.808	0	0.346	0.3	0.421	0.457	0.482	-1.003	-0.107	-0.1	2.368	3.764	3.072	3.379	3.607	23.419	22.781	21.929	21.405	21.018	0.644
2026-05-05	-91.159	32.444	0	21.028	13.5	29.22	20.523	14.3	25.7	82.407	74.849	90.501	100.739	2.022	86.727	1.133	3.341	0.456	0	0.341	0.3	0.417	0.456	0.489	-6.31	-0.301	-0.248	2.12	3.696	3.05	3.379	3.441	22.626	22.695	22.191	21.532	21	NA
2026-05-06	-91.159	32.444	37.099	20.919	14.7	30.33	20.183	13.8	26.5	93.917	85.411	100	100.841	2.257	62.688	3.094	6.211	0.171	0.004	0.36	0.355	0.431	0.458	0.483	-7.327	-0.634	-0.746	2.135	3.509	3.009	3.475	3.519	22.67	22.779	22.236	21.615	21.001	NA
2026-05-07	-91.159	32.444	0.425	19.19	14.2	30.99	16.717	13.3	21.7	84.859	62.525	98.422	101.266	1.595	142.149	2.679	5.054	0.339	0	0.404	0.431	0.455	0.464	0.482	-0.2	-0.1	-0.1	2.445	3.521	2.965	3.646	3.591	21.63	21.751	21.718	21.59	21	0.661
2026-05-08	-91.159	32.444	0	19.346	14.95	29.08	17.909	15.3	20.7	81.935	73.169	94.86	101.104	1.695	94.171	1.925	3.74	0.367	0	0.392	0.417	0.446	0.473	0.482	-0.2	-0.1	-0.1	2.408	3.607	3.036	3.41	3.598	21.629	21.903	21.69	21.4	21	NA
2026-05-09	-91.159	32.444	26.294	22.105	18.52	28.37	20.673	18	23.8	94.914	86.254	100	100.845	2.317	91.642	1.379	3.097	0.137	0.001	0.431	0.454	0.455	0.47	0.483	-0.114	-0.1	-0.1	2.28	3.233	3.016	3.554	3.582	22.436	22.156	21.68	21.39	20.961	NA
2026-05-10	-91.159	32.444	0.102	22.759	17.56	32.11	21.391	18.4	25.7	94.355	80.782	100	101.254	2.404	87.953	1.057	2.317	0.168	0	0.414	0.435	0.457	0.469	0.483	-0.1	-0.1	-0.1	2.333	3.451	2.964	3.605	3.595	23.222	22.816	22.013	21.391	20.9	NA
2026-05-11	-91.159	32.444	0.119	22.622	18.14	31.2	21.191	18.7	25	88.295	72.864	100	101.532	2.209	182.386	2.177	4.205	0.32	0	0.407	0.429	0.452	0.47	0.483	-0.1	-0.1	-0.1	2.332	3.503	3.014	3.578	3.605	23.579	23.225	22.376	21.529	20.9	0.655
2026-05-12	-91.159	32.444	0	18.895	14.12	30.68	18.511	15.1	22.6	76.948	68.648	87.685	101.636	1.639	139.464	1.725	3.273	0.504	0	0.4	0.425	0.447	0.479	0.482	-0.1	-0.1	-0.1	2.325	3.503	3.049	3.355	3.61	22.167	23.045	22.606	21.639	20.9	0.619
2026-05-13	-91.159	32.444	0.136	23.413	11.87	37.53	21.789	13	29.1	70.124	42.865	99.614	101.382	1.737	180.351	1.276	2.739	1.008	0	0.383	0.42	0.437	0.477	0.482	-0.2	-0.1	-0.1	2.265	3.566	3.154	3.275	3.614	24.928	24.128	23.031	21.854	21	0.628
2026-05-14	-91.159	32.444	0	23.907	15.3	36.97	22.105	16.5	27.5	63.499	39.89	93.399	101.341	1.622	211.393	1.917	3.649	1.092	0	0.362	0.416	0.432	0.475	0.482	-1.89	-0.1	-0.1	2.076	3.599	3.193	3.245	3.621	25.629	24.72	23.443	22.047	21.093	0.615
2026-05-15	-91.159	32.444	0	26.115	15.08	39.8	24.45	16.8	31.7	68.591	54.019	84.051	101.224	2.098	231.559	1.31	3.398	1.102	0	0.342	0.411	0.427	0.47	0.479	-10.287	-0.1	-0.1	1.79	3.644	3.222	3.287	3.66	26.291	25.154	23.778	22.293	21.179	0.614
2026-05-16	-91.159	32.444	0	26.685	19.88	38.22	25.329	21.5	30.8	71.355	52.452	87.448	101.274	2.271	176.782	1.297	3.541	1.003	0	0.328	0.403	0.421	0.465	0.478	-19.267	-0.177	-0.1	1.568	3.712	3.246	3.319	3.679	27.131	26.034	24.422	22.568	21.286	0.601
2026-05-17	-91.159	32.444	0	26.428	17.35	37.81	25.13	18.6	30.4	78.814	66.897	93.036	101.196	2.52	132.549	1.433	3.947	0.751	0	0.32	0.391	0.412	0.463	0.482	-32.816	-0.671	-0.198	1.37	3.806	3.249	3.259	3.584	26.827	26.016	24.68	22.88	21.432	0.598
2026-05-18	-91.159	32.444	0	28.715	21.59	40.43	26.998	22.7	32	76.366	54.619	94.754	101.384	2.669	263.114	1.403	4.191	0.95	0	0.315	0.383	0.406	0.461	0.488	-50.086	-3.073	-1.224	1.293	3.87	3.234	3.13	3.455	27.949	26.646	24.991	23.115	21.576	0.597
2026-05-19	-91.159	32.444	9.472	28.213	21.51	39.73	26.65	20.5	32.6	79.676	57.987	98.628	101.486	2.742	224.395	1.935	4.809	0.818	0	0.31	0.38	0.404	0.459	0.484	-74.39	-8.715	-3.979	1.217	3.853	3.154	2.936	3.463	28.185	27.159	25.518	23.422	21.741	0.589
2026-05-20	-91.159	32.444	0.544	25.718	21.7	35.25	23.648	21.1	27.5	93.389	75.315	100	101.337	2.72	182.989	1.793	3.458	0.223	0	0.31	0.38	0.417	0.459	0.483	-88.942	-11.499	-4.747	1.159	3.773	3.08	2.944	3.466	27.126	26.799	25.64	23.726	21.895	0.596
2026-05-21	-91.159	32.444	31.85	25.818	22.03	37.27	23.599	21	28.5	94.749	73.743	100	101.112	2.751	179.659	2.049	4.107	0.182	0.001	0.338	0.398	0.426	0.462	0.484	-71	-9.577	-4.626	1.416	3.61	3.039	3.113	3.498	27.124	26.777	25.698	23.929	22.085	0.631
2026-05-22	-91.159	32.444	55.374	25.572	19.9	34.87	23.558	18.7	29.3	90.405	68.034	100	100.836	2.611	239.911	3.359	6.622	0.345	0.002	0.451	0.461	0.463	0.47	0.487	-0.205	-0.1	-0.1	2.205	3.143	2.948	3.608	3.589	26.42	26.318	25.616	24.153	22.284	0.62
2026-05-23	-91.159	32.444	33.311	22.336	18.97	30.99	21.031	18.2	26.4	97.122	86.622	100	101.183	2.431	102.286	1.905	4.101	0.085	0.001	0.461	0.46	0.462	0.472	0.487	-0.1	-0.1	-0.1	2.087	3.17	2.968	3.581	3.563	25.079	25.626	25.34	24.173	22.44	0.604
2026-05-24	-91.159	32.444	0.357	25.222	18.93	33.85	23.508	19.1	28.2	89.579	70.779	100	101.287	2.577	136.67	1.142	2.475	0.36	0	0.442	0.457	0.461	0.473	0.487	-0.1	-0.1	-0.1	2.177	3.183	2.99	3.587	3.565	25.753	25.361	24.748	23.966	22.5	0.653
2026-05-25	-91.159	32.444	0.034	24.803	20.56	30.7	23.604	21	26.4	91.495	81.417	100	101.141	2.662	111.507	1.388	2.696	0.265	0	0.433	0.449	0.462	0.472	0.487	-0.1	-0.1	-0.1	2.211	3.274	2.934	3.607	3.569	26.098	25.905	25.015	23.863	22.536	0.662
2026-05-26	-91.159	32.444	0.051	26.296	18.86	36.59	24.414	19.2	30.1	86.232	63.327	100	101.02	2.61	142.047	1.209	2.711	0.514	0	0.423	0.442	0.455	0.471	0.487	-0.188	-0.1	-0.1	2.258	3.346	2.995	3.617	3.569	26.673	26.064	25.055	23.9	22.6	0.664
2026-05-27	-91.159	32.444	0.102	26.837	21.81	35.04	25.611	22	29.2	89.482	75.49	99.948	100.998	2.932	141.582	1.92	4.058	0.387	0	0.413	0.436	0.452	0.47	0.487	-2.667	-0.1	-0.1	2.31	3.377	3.026	3.618	3.571	27.083	26.596	25.467	23.971	22.6	0.674
