2026-01-01	-90.431	30.701	0	10.615	2.62	26.9	9.724	0.3	20	70.785	36.138	97.008	101.321	0.817	58.359	0.743	1.734	0.502	0	0.3	0.301	0.318	0.358	0.306	-15.983	-4.702	-0.132	0.098	0.079	0.058	0.047	0.149	12.751	13.148	14.366	16.379	18.053	NA
2026-01-02	-90.431	30.701	0	16.004	7.99	21.5	16.21	7.3	21.9	86.115	76.487	95.347	100.552	1.646	22.837	1.461	3.518	0.294	0	0.297	0.299	0.317	0.357	0.306	-16.646	-6.014	-0.2	0.102	0.081	0.058	0.047	0.148	14.839	14.633	14.954	16.188	17.749	NA
2026-01-03	-90.431	30.701	0	19.246	13.01	30.11	19.381	12.1	25.2	84.898	65.633	96.545	100.517	1.933	44.288	1.346	3.236	0.371	0	0.293	0.298	0.315	0.356	0.305	-16.568	-7.36	-0.253	0.105	0.084	0.061	0.047	0.147	17.799	17.189	16.57	16.544	17.6	NA
2026-01-04	-90.431	30.701	0	13.257	11.76	16.01	11.62	10.5	12.7	90.642	86.984	96.158	101.318	1.241	19.863	0.636	1.689	0.127	0	0.293	0.298	0.315	0.354	0.305	-17.718	-9.633	-0.358	0.101	0.082	0.06	0.047	0.148	15.841	16.075	16.702	17.073	17.644	NA
2026-01-05	-90.431	30.701	0	14.406	7.82	26.07	13.391	6.7	20.7	90.404	67.298	99.998	101.173	1.392	54.134	0.677	1.67	0.195	0	0.292	0.298	0.315	0.353	0.304	-18.172	-10.38	-0.502	0.102	0.08	0.058	0.047	0.147	15.821	15.835	16.302	17.009	17.7	NA
2026-01-06	-90.431	30.701	0	18.591	14.21	30.71	18.609	13.7	24.8	89.306	69.183	100	100.937	1.909	50.961	1.082	2.431	0.286	0	0.289	0.297	0.314	0.352	0.303	-18.944	-10.857	-0.711	0.105	0.082	0.059	0.048	0.148	17.307	16.921	16.773	17.065	17.7	NA
2026-01-07	-90.431	30.701	0	19.183	14.86	27.43	19.232	15.4	24.6	92.48	70.87	100	100.984	2.056	39.894	0.807	1.802	0.197	0	0.287	0.297	0.314	0.35	0.303	-19.448	-11.454	-1.051	0.106	0.083	0.06	0.048	0.147	18.458	18.015	17.665	17.42	17.792	NA
2026-01-08	-90.431	30.701	0	19.892	14.63	27.67	20.114	14.8	25	89.193	70.124	100	100.89	2.09	40.251	0.924	2.773	0.301	0	0.285	0.297	0.313	0.349	0.302	-19.947	-11.985	-1.611	0.107	0.082	0.06	0.048	0.147	18.706	18.307	18.062	17.806	17.93	NA
2026-01-09	-90.431	30.701	50.414	21.841	18.88	27.74	21.762	20	25.2	98.597	91.75	100	100.957	2.575	31.761	0.879	2.419	0.035	0.005	0.34	0.331	0.332	0.375	0.368	-5.073	-3.167	-0.615	0.137	0.109	0.096	0.076	0.166	20.62	20.016	19.49	18.694	18.152	NA
2026-01-10	-90.431	30.701	16.932	19.309	11.93	23.82	18.347	11.3	22.7	96.941	83.114	100	101.365	2.095	31.514	1.081	2.954	0.048	0	0.355	0.339	0.345	0.388	0.394	-0.103	-0.128	-0.1	0.14	0.115	0.099	0.089	0.174	20.59	20.344	20.13	19.205	18.479	NA
2026-01-11	-90.431	30.701	0	10.878	5.42	23.24	8.981	3.5	15.2	73.661	43.803	92.513	102.356	0.82	68.333	0.66	1.863	0.358	0	0.339	0.331	0.35	0.389	0.394	-0.1	-0.1	-0.1	0.131	0.103	0.096	0.089	0.175	16.385	17.113	18.521	19.047	18.769	NA
2026-01-12	-90.431	30.701	0	7.576	2.26	22.25	4.668	-0.7	12.8	71.837	39.613	94.246	102.379	0.585	76.456	0.465	1.249	0.303	0	0.335	0.326	0.334	0.39	0.394	-0.1	-0.1	-0.1	0.121	0.095	0.09	0.088	0.177	13.743	14.666	16.581	18.263	18.73	NA
2026-01-13	-90.431	30.701	0.579	9.364	2.03	24.45	6.936	-0.9	15.8	70.915	31.314	97.496	101.714	0.664	68.742	0.527	1.281	0.411	0	0.332	0.323	0.329	0.389	0.394	-0.1	-0.1	-0.1	0.117	0.09	0.084	0.086	0.178	12.818	13.528	15.261	17.36	18.479	NA
2026-01-14	-90.431	30.701	1.276	11.897	7.88	22.18	10.603	7	16.7	83.422	61.593	96.521	100.887	1.056	48.569	0.933	2.253	0.25	0.001	0.328	0.321	0.327	0.388	0.394	-0.1	-0.1	-0.1	0.118	0.089	0.081	0.085	0.178	14.078	14.336	15.252	16.803	18.189	NA
2026-01-15	-90.431	30.701	0	7.596	1.64	21.86	5.57	-1	10.9	64.088	36.206	89.425	101.351	0.571	75.124	0.616	1.771	0.362	0	0.326	0.318	0.326	0.386	0.395	-0.1	-0.1	-0.1	0.113	0.083	0.076	0.078	0.177	12.755	13.461	14.928	16.566	17.924	NA
2026-01-16	-90.431	30.701	0	10.348	0.98	25.76	9.335	-1.8	19.5	76.835	54.064	96.137	101.041	0.929	69.085	1.071	2.686	0.4	0	0.324	0.317	0.325	0.383	0.395	-0.1	-0.1	-0.1	0.109	0.08	0.073	0.07	0.177	12.17	12.637	14.002	16.07	17.698	NA
2026-01-17	-90.431	30.701	2.791	9.414	5.52	12.66	8.339	4.7	12.7	80.68	62.553	97.872	101.556	0.904	17.444	0.645	1.704	0.2	0.002	0.322	0.317	0.324	0.381	0.395	-0.1	-0.1	-0.1	0.114	0.083	0.073	0.068	0.18	13.02	13.403	14.426	15.839	17.426	NA
2026-01-18	-90.431	30.701	0	4.55	-0.7	18.66	1.828	-3.5	7.6	64.429	38.555	87.725	101.879	0.435	73.878	0.589	1.606	0.283	0	0.324	0.318	0.325	0.379	0.396	-0.1	-0.1	-0.1	0.109	0.077	0.07	0.065	0.177	10.723	11.613	13.452	15.573	17.233	NA
2026-01-19	-90.431	30.701	0	6.324	-0.82	24.37	4.292	-3.6	14.9	71.06	35.937	94.859	102.06	0.559	71.557	0.416	1.058	0.358	0	0.323	0.316	0.325	0.377	0.396	-0.1	-0.1	-0.1	0.105	0.074	0.067	0.062	0.176	10.266	10.932	12.556	14.993	16.989	NA
2026-01-20	-90.431	30.701	0	8.535	1.64	26.06	7.188	-0.3	16.5	73.357	39.474	96.351	102.359	0.713	73.116	0.53	1.402	0.385	0	0.321	0.315	0.324	0.374	0.396	-0.122	-0.1	-0.1	0.104	0.073	0.067	0.06	0.176	11.137	11.515	12.628	14.62	16.688	NA
2026-01-21	-90.431	30.701	2.125	12.1	5.03	18.25	11.893	4.4	17.8	85.045	68.85	100	101.824	1.215	28.32	0.558	1.581	0.23	0.002	0.318	0.314	0.323	0.372	0.395	-0.217	-0.1	-0.1	0.106	0.074	0.066	0.059	0.176	12.423	12.461	13.088	14.58	16.446	NA
2026-01-22	-90.431	30.701	2.601	15.591	13.23	21.05	15.018	13	18.5	98.255	90.57	100	101.436	1.683	26.352	0.537	1.253	0.033	0.001	0.32	0.317	0.322	0.37	0.396	-0.1	-0.1	-0.1	0.122	0.084	0.07	0.06	0.177	14.744	14.365	14.2	14.827	16.305	NA
2026-01-23	-90.431	30.701	0	14.864	12.05	22.47	13.843	11.6	18.3	92.598	76.739	100	101.523	1.465	46.611	0.816	2.093	0.128	0	0.321	0.316	0.322	0.371	0.396	-0.1	-0.1	-0.1	0.122	0.084	0.072	0.062	0.175	15.411	15.174	15.101	15.314	16.312	NA
2026-01-24	-90.431	30.701	57.191	11.252	8.88	17.56	10.216	7.2	18.5	91.792	79.378	100	101.143	1.175	8.542	0.741	2.263	0.093	0.001	0.361	0.34	0.338	0.38	0.396	-0.1	-0.1	-0.1	0.124	0.098	0.084	0.076	0.174	13.454	13.71	14.232	15.055	16.333	NA
2026-01-25	-90.431	30.701	17.513	9.601	1.74	19.85	6.893	-2.3	20.9	99.827	98.593	100	100.786	1.166	13.123	1.409	3.522	0.002	0.002	0.426	0.375	0.362	0.396	0.398	-0.1	-0.1	-0.1	0.148	0.18	0.106	0.095	0.17	14.102	14.137	14.438	15.011	16.145	NA
2026-01-26	-90.431	30.701	0	1.719	-2.09	13.69	-2.58	-5.5	2.8	83.067	58.227	100	102.432	0.416	81.717	0.773	2.182	0.098	0	0.424	0.377	0.365	0.397	0.399	-0.1	-0.1	-0.1	0.132	0.162	0.109	0.095	0.168	9.189	10.21	12.484	14.754	16.216	NA
2026-01-27	-90.431	30.701	0	2.821	-4.01	18.82	-0.341	-7.9	9.2	75.287	36.919	96.416	102.65	0.43	81.847	0.462	1.16	0.215	0	0.39	0.372	0.367	0.399	0.399	-0.1	-0.1	-0.1	0.132	0.123	0.112	0.094	0.169	8.225	9.042	11.098	13.717	15.742	NA
2026-01-28	-90.431	30.701	0	5.352	-0.52	20.95	3.153	-2.8	12.4	74.824	39.186	96.699	102.222	0.548	81.425	0.528	1.345	0.269	0	0.363	0.364	0.367	0.399	0.4	-0.1	-0.1	-0.1	0.138	0.109	0.115	0.095	0.17	9.123	9.577	10.91	13.02	15.173	NA
2026-01-29	-90.431	30.701	0	6.151	-0.25	19.18	4.66	-2.8	14	74.425	38.404	96.218	101.639	0.607	71.078	0.682	1.723	0.312	0	0.351	0.347	0.365	0.398	0.4	-0.1	-0.1	-0.1	0.136	0.103	0.117	0.096	0.171	9.258	9.661	10.94	12.819	14.775	NA
2026-01-30	-90.431	30.701	0	7.471	1.28	16.5	6.169	0.9	13.8	79.366	55.353	98.188	101.44	0.756	57.218	0.668	1.929	0.229	0	0.345	0.337	0.356	0.398	0.4	-0.1	-0.1	-0.1	0.126	0.098	0.116	0.096	0.171	10.092	10.339	11.248	12.778	14.544	NA
2026-01-31	-90.431	30.701	0	1.782	-2.44	14.81	-1.419	-3.4	0.9	55.572	42.176	73.188	102.23	0.306	95.315	0.968	2.75	0.247	0	0.342	0.332	0.34	0.399	0.4	-0.1	-0.1	-0.1	0.113	0.091	0.099	0.097	0.17	7.972	8.892	10.806	12.774	14.402	NA
2026-02-02	-90.431	30.701	0	6.026	-2.22	25.15	4.672	-4.8	15.4	69.706	41.72	93.542	102.17	0.584	73.716	0.779	1.851	0.368	0	0.336	0.328	0.335	0.399	0.4	-0.1	-0.1	-0.1	0.109	0.086	0.09	0.099	0.169	7.977	8.314	9.473	11.792	14.177	NA
2026-02-03	-90.431	30.701	0.612	11.469	2.93	25.85	11.374	2	20.4	78.855	52.936	97.069	101.699	1.083	54.946	1.215	2.783	0.389	0	0.333	0.325	0.333	0.397	0.4	-0.1	-0.1	-0.1	0.111	0.088	0.089	0.1	0.17	10.222	10.064	10.374	11.843	14.041	NA
2026-02-04	-90.431	30.701	6.481	11.74	3.52	24.01	11.132	2.4	14.7	80.018	52.331	100	101.653	1.084	74.947	0.958	2.537	0.266	0.001	0.335	0.33	0.335	0.398	0.4	-0.1	-0.1	-0.1	0.125	0.099	0.103	0.103	0.17	12.46	12.195	11.959	12.346	13.965	NA
2026-02-05	-90.431	30.701	0	6.037	0.03	22.21	4.082	-2	11.4	71.221	45.931	92.238	101.852	0.569	82.755	0.648	1.797	0.284	0	0.334	0.326	0.332	0.397	0.4	-0.1	-0.1	-0.1	0.113	0.088	0.095	0.103	0.169	10.241	10.698	11.716	12.786	14.059	NA
2026-02-06	-90.431	30.701	0	11.279	2.6	30.54	11.454	0.5	23.2	71.356	37.171	99.856	101.266	0.926	81.039	1.017	2.301	0.575	0	0.331	0.323	0.331	0.395	0.4	-0.1	-0.1	-0.1	0.111	0.087	0.09	0.096	0.169	11.144	11.115	11.519	12.696	14.186	NA
2026-02-07	-90.431	30.701	0	11.331	5.39	28.03	11.725	5.1	19.2	63.798	35.502	89.054	101.763	0.844	79.354	0.664	1.724	0.584	0	0.328	0.32	0.329	0.393	0.4	-0.1	-0.1	-0.1	0.109	0.086	0.088	0.08	0.17	12.368	12.267	12.377	12.929	14.2	NA
2026-02-08	-90.431	30.701	0	11.606	2.78	29.95	11.373	1.4	22.2	69.685	38.448	92.869	101.849	0.905	83.961	0.754	1.895	0.578	0	0.325	0.319	0.328	0.39	0.399	-0.1	-0.1	-0.1	0.107	0.085	0.086	0.074	0.171	12.285	12.247	12.544	13.207	14.271	NA
2026-02-09	-90.431	30.701	0	15.092	9.9	28.3	14.831	10.4	22.4	87.058	61.534	98.422	101.688	1.465	60.344	0.846	2.024	0.269	0	0.322	0.317	0.327	0.386	0.399	-0.1	-0.1	-0.1	0.108	0.086	0.085	0.073	0.171	14.166	13.744	13.375	13.494	14.37	NA
2026-02-10	-90.431	30.701	0	15.965	9.52	26.81	15.825	9.4	23.5	84.993	56.604	100	101.556	1.513	67.952	0.819	1.937	0.365	0	0.32	0.316	0.326	0.382	0.399	-0.1	-0.1	-0.1	0.108	0.086	0.084	0.072	0.171	14.887	14.483	14.122	13.977	14.536	NA
2026-02-11	-90.431	30.701	0	18.476	11.94	34.57	18.72	12.1	26.2	81.989	51.932	99.657	101.494	1.74	76.89	0.792	1.879	0.493	0	0.317	0.314	0.324	0.38	0.399	-0.119	-0.1	-0.1	0.109	0.088	0.084	0.072	0.17	16.421	15.804	15.041	14.483	14.75	NA
2026-02-12	-90.431	30.701	0	17.733	13.67	26.75	17.569	14.6	22.1	86.265	67.664	97.899	101.476	1.72	55.692	0.643	1.54	0.31	0	0.315	0.313	0.323	0.377	0.398	-0.229	-0.1	-0.1	0.109	0.088	0.083	0.072	0.17	17.032	16.552	15.902	15.101	15.015	NA
2026-02-13	-90.431	30.701	0	17.422	13.74	26.43	16.994	14.3	22.3	92.889	68.421	100	101.43	1.792	43.591	0.551	1.346	0.164	0	0.314	0.313	0.322	0.374	0.397	-0.315	-0.1	-0.1	0.109	0.088	0.082	0.071	0.171	17.085	16.698	16.252	15.567	15.309	NA
2026-02-14	-90.431	30.701	0	18.324	14.58	25.86	17.831	14.4	22	90.077	69.445	100	100.995	1.829	56.083	0.971	2.959	0.235	0	0.313	0.312	0.322	0.371	0.397	-0.484	-0.1	-0.1	0.11	0.088	0.081	0.071	0.171	17.219	16.836	16.473	15.899	15.595	NA
2026-02-15	-90.431	30.701	18.923	16.812	13.24	23.72	16.545	13.8	21.1	87.047	70.201	100	100.507	1.632	54.068	1.459	3.924	0.268	0.001	0.337	0.33	0.336	0.401	0.399	-0.12	-0.1	-0.1	0.134	0.102	0.111	0.1	0.174	17.229	16.995	16.817	16.331	15.888	NA
2026-02-16	-90.431	30.701	0	13.739	9.57	21.59	12.27	9	16.3	88.282	75.259	98.753	101.325	1.26	45.842	0.686	1.832	0.175	0	0.328	0.321	0.327	0.4	0.399	-0.1	-0.1	-0.1	0.123	0.093	0.095	0.101	0.174	16.021	16.072	16.423	16.358	16.102	NA
2026-02-17	-90.431	30.701	0	15.91	9.64	22.9	15.484	9.6	20	89.298	73.112	99.604	101.307	1.572	58.386	0.826	2.213	0.222	0	0.325	0.319	0.326	0.398	0.398	-0.1	-0.1	-0.1	0.121	0.09	0.091	0.094	0.174	16.062	15.886	16.034	16.239	16.22	NA
2026-02-18	-90.431	30.701	0	18.622	12.57	25.64	19.126	13.1	24.6	84.911	64.046	100	100.712	1.859	60.157	1.476	3.431	0.407	0	0.322	0.317	0.325	0.396	0.398	-0.1	-0.1	-0.1	0.121	0.089	0.089	0.082	0.173	17.216	16.815	16.487	16.288	16.3	NA
2026-02-19	-90.431	30.701	0	21.986	16.81	31.97	22.893	17.7	28.6	80.549	49.075	99.74	100.308	2.19	79.415	1.931	4.512	0.65	0	0.318	0.314	0.323	0.392	0.398	-0.1	-0.1	-0.1	0.119	0.087	0.088	0.079	0.173	18.832	18.175	17.361	16.607	16.382	NA
2026-02-20	-90.431	30.701	0	22.115	17.89	30.11	22.846	19.2	27.9	85.15	60.618	99.297	100.443	2.338	68.157	0.919	2.376	0.478	0	0.314	0.312	0.322	0.38	0.398	-0.167	-0.1	-0.1	0.117	0.086	0.087	0.079	0.173	19.981	19.295	18.323	17.142	16.579	NA
2026-02-21	-90.431	30.701	5.034	21.459	12.36	29.91	21.684	13.5	26.8	87.019	62.683	100	100.892	2.295	60.678	1.111	2.838	0.334	0.001	0.313	0.312	0.321	0.376	0.397	-0.215	-0.1	-0.1	0.119	0.087	0.087	0.078	0.174	20.571	19.962	19.044	17.705	16.848	NA
2026-02-22	-90.431	30.701	0	10.402	3.74	25.03	9.266	1.8	14.7	52.534	27.395	81.799	102.299	0.595	98.107	1.118	3.276	0.601	0	0.317	0.315	0.322	0.375	0.397	-0.1	-0.1	-0.1	0.116	0.081	0.085	0.078	0.174	16.086	16.807	18.041	17.969	17.149	NA
2026-02-23	-90.431	30.701	0	7.163	1.16	24.97	4.982	-1.5	12.9	60.579	29.784	91.366	102.438	0.491	96.216	0.634	1.709	0.426	0	0.317	0.315	0.323	0.374	0.396	-0.284	-0.1	-0.1	0.109	0.074	0.081	0.076	0.174	13.326	14.145	15.865	17.246	17.299	NA
2026-02-24	-90.431	30.701	0	7.798	-0.27	25.67	5.898	-3.1	15.1	64.279	37.125	90.538	101.73	0.57	90.114	0.821	2.03	0.441	0	0.316	0.315	0.324	0.372	0.396	-1.64	-0.1	-0.1	0.107	0.07	0.079	0.074	0.174	12.326	12.975	14.578	16.374	17.134	NA
2026-02-25	-90.431	30.701	0	15.304	6.46	21.43	15.579	6.1	21.7	77.042	57.871	93.973	100.751	1.374	48.41	1.599	3.916	0.494	0	0.313	0.314	0.323	0.37	0.396	-6.436	-0.1	-0.1	0.109	0.07	0.077	0.074	0.167	14.142	14.052	14.559	15.804	16.866	NA
2026-02-26	-90.431	30.701	0	18.517	15.43	23.72	18.968	16	23.2	90.083	78.508	98.169	100.578	1.976	45.44	1.03	2.453	0.23	0	0.31	0.312	0.321	0.368	0.384	-9.716	-0.1	-0.1	0.112	0.072	0.079	0.074	0.141	16.884	16.312	15.809	15.902	16.643	NA
2026-02-27	-90.431	30.701	0.017	18.913	11.35	33.67	18.993	11.2	26	80.898	50.965	100	100.824	1.748	76.494	0.606	1.538	0.514	0	0.307	0.311	0.32	0.366	0.364	-10.039	-0.1	-0.1	0.114	0.073	0.079	0.074	0.136	18.114	17.581	16.908	16.408	16.626	NA
2026-02-28	-90.431	30.701	0	17.335	10.76	33.38	16.682	10.4	24.2	81.4	44.604	100	101.179	1.496	84.095	0.594	1.522	0.47	0	0.306	0.31	0.32	0.364	0.326	-12.05	-0.149	-0.1	0.112	0.072	0.078	0.074	0.148	17.954	17.644	17.351	16.878	16.757	NA
2026-03-01	-90.431	30.701	0	15.967	8.91	33.99	15.761	7.7	24.5	78.568	48.754	100	101.491	1.37	87.293	0.706	1.819	0.525	0	0.304	0.31	0.319	0.362	0.32	-13.965	-0.21	-0.1	0.11	0.069	0.076	0.074	0.148	17.348	17.206	17.279	17.105	16.941	NA
2026-03-02	-90.431	30.701	0	16.507	9.73	32.33	15.946	8.9	24	84.932	58.212	100	101.504	1.528	85.733	0.814	2.049	0.375	0	0.303	0.309	0.319	0.361	0.317	-15.735	-0.321	-0.1	0.109	0.068	0.075	0.073	0.148	17.421	17.206	17.229	17.146	17.054	NA
2026-03-03	-90.431	30.701	0	20.758	15.45	33.02	20.598	16.1	26	86.067	62.6	100	101.545	2.066	74.093	0.857	2.492	0.406	0	0.3	0.308	0.318	0.359	0.315	-17.195	-0.464	-0.1	0.111	0.067	0.075	0.073	0.148	18.832	18.282	17.745	17.291	17.136	NA
2026-03-04	-90.431	30.701	0.017	21.045	16.49	27.09	21.226	18	26.2	85.11	60.358	98.593	101.549	2.121	61.193	0.875	2.531	0.421	0	0.298	0.307	0.317	0.357	0.313	-18.438	-0.75	-0.1	0.112	0.067	0.075	0.073	0.148	19.892	19.336	18.615	17.704	17.259	NA
2026-03-05	-90.431	30.701	0	21.337	15.97	34.43	21.23	16.8	26.7	87.59	62.972	100	101.336	2.187	76.862	0.729	2.181	0.378	0	0.297	0.306	0.317	0.355	0.311	-19.309	-1.236	-0.1	0.111	0.066	0.074	0.073	0.148	19.954	19.455	18.89	18.072	17.47	NA
2026-03-06	-90.431	30.701	4.808	23.093	20.13	34.48	22.833	20.5	27.6	90.446	68.458	99.839	101.292	2.498	73.804	0.822	2.559	0.308	0.001	0.295	0.305	0.316	0.354	0.31	-17.946	-1.75	-0.1	0.114	0.066	0.074	0.073	0.149	21.078	20.449	19.556	18.429	17.681	NA
2026-03-07	-90.431	30.701	82.711	22.397	19.42	28.24	22.226	18.4	26.2	95.66	80.32	100	101.192	2.564	40.284	0.756	2.269	0.128	0.002	0.308	0.316	0.322	0.36	0.32	-9.746	-1.323	-0.1	0.127	0.074	0.084	0.081	0.153	21.484	21.015	20.317	19.072	17.954	NA
2026-03-08	-90.431	30.701	30.148	20.293	18.09	26.16	18.964	17.5	22	99.639	97.227	100	101.222	2.192	51.123	0.697	1.666	0.006	0.001	0.424	0.365	0.358	0.395	0.397	-0.1	-0.1	-0.1	0.157	0.182	0.139	0.116	0.18	20.566	20.35	20.328	19.749	18.485	NA
2026-03-09	-90.431	30.701	1.599	21.422	17.12	29.35	20.788	16.7	26.6	95.163	76.755	100	101.29	2.343	57.556	0.581	1.637	0.15	0	0.424	0.364	0.36	0.395	0.397	-0.1	-0.1	-0.1	0.151	0.178	0.152	0.116	0.183	21.108	20.715	20.307	19.596	18.604	NA
2026-03-10	-90.431	30.701	0	22.849	18.78	31.19	23.029	19.1	27.6	89.565	68.995	100	101.293	2.502	73.132	0.954	2.531	0.344	0	0.379	0.358	0.36	0.394	0.397	-0.1	-0.1	-0.1	0.142	0.114	0.152	0.116	0.184	22.004	21.485	20.772	19.709	18.744	NA
2026-03-11	-90.431	30.701	36.939	22.593	18.03	29.02	22.282	16	27.5	92.512	67.547	100	100.971	2.484	59.902	1.296	3.575	0.239	0.002	0.373	0.355	0.359	0.394	0.397	-0.1	-0.1	-0.1	0.141	0.11	0.149	0.116	0.184	22.329	21.906	21.466	20.198	18.965	NA
2026-03-12	-90.431	30.701	5.343	15.061	8.93	26.1	12.615	6.3	16.3	81.294	46.559	100	101.547	1.185	114.444	1.197	3.208	0.299	0	0.424	0.367	0.362	0.395	0.397	-0.1	-0.1	-0.1	0.159	0.193	0.147	0.117	0.189	19.983	19.991	20.415	20.155	19.184	0.633
2026-03-13	-90.431	30.701	0	13.783	6.94	30.53	11.971	4.1	21.4	77.488	49.818	98.046	101.402	1.06	109.349	0.733	1.885	0.447	0	0.409	0.364	0.364	0.395	0.397	-0.1	-0.1	-0.1	0.147	0.153	0.148	0.116	0.188	17.594	17.827	18.798	19.583	19.248	0.63
2026-03-14	-90.431	30.701	0	16.144	8.84	32.23	14.754	6.7	22.7	84.015	57.947	99.449	101.137	1.407	112.927	0.756	1.964	0.371	0	0.365	0.354	0.363	0.395	0.397	-0.1	-0.1	-0.1	0.151	0.108	0.148	0.116	0.195	18.072	18.034	18.474	19.005	19.072	0.644
2026-03-15	-90.431	30.701	0	20.74	14.79	29.29	21.114	14.7	27.4	82.451	54.76	100	100.398	2.031	89.762	1.718	4.14	0.546	0	0.348	0.34	0.357	0.394	0.397	-0.1	-0.1	-0.1	0.145	0.098	0.146	0.114	0.198	19.641	19.255	18.977	18.892	18.889	NA
2026-03-16	-90.431	30.701	5.596	12.185	5.01	24.52	9.121	2.6	22.2	66.538	36.802	100	101.085	0.826	123.107	1.245	3.56	0.375	0.001	0.364	0.346	0.359	0.395	0.397	-0.1	-0.1	-0.1	0.127	0.094	0.14	0.113	0.196	17.696	18.073	18.915	19.062	18.8	NA
2026-03-17	-90.431	30.701	0	8.175	1.6	26.56	4.619	-1.4	12.6	63.945	31.736	89.171	101.973	0.509	128.382	0.547	1.464	0.382	0	0.347	0.335	0.34	0.396	0.397	-0.1	-0.1	-0.1	0.114	0.08	0.113	0.112	0.195	14.681	15.307	17.01	18.47	18.775	-0.109
2026-03-18	-90.431	30.701	0	10.155	3.78	21.51	8.238	1	16.7	70.468	42.192	93.732	101.921	0.733	75.947	0.628	1.559	0.43	0	0.343	0.331	0.333	0.396	0.397	-0.1	-0.1	-0.1	0.11	0.076	0.103	0.109	0.194	14.232	14.628	16.027	17.684	18.543	NA
2026-03-19	-90.431	30.701	0	13.777	5.22	33.16	12.835	3.1	22.8	68.175	34.479	97.581	101.775	0.937	123.567	0.857	1.956	0.693	0	0.339	0.328	0.331	0.396	0.397	-0.1	-0.1	-0.1	0.11	0.076	0.098	0.107	0.191	15.197	15.205	15.861	17.182	18.255	0.137
2026-03-20	-90.431	30.701	0	16.753	8.92	34.98	16.149	7.7	24.4	75.117	50.42	97.75	101.568	1.357	119.129	0.907	2.26	0.598	0	0.334	0.325	0.329	0.393	0.397	-0.1	-0.1	-0.1	0.109	0.077	0.096	0.101	0.188	16.847	16.583	16.586	17.12	17.996	0.008
2026-03-21	-90.431	30.701	0	18.125	9.78	35.44	17.895	8.6	26.5	77.444	51.253	98.442	101.26	1.572	117.62	1.262	2.946	0.622	0	0.33	0.322	0.327	0.39	0.397	-0.1	-0.1	-0.1	0.107	0.075	0.094	0.087	0.187	17.846	17.539	17.31	17.376	17.9	0.013
2026-03-22	-90.431	30.701	0	20.941	15.64	36.15	20.82	16.4	27.1	79.284	54.652	98.311	101.105	1.906	124.824	1.761	3.901	0.612	0	0.326	0.319	0.325	0.383	0.396	-0.171	-0.1	-0.1	0.106	0.074	0.092	0.082	0.186	19.426	18.922	18.256	17.758	17.9	NA
2026-03-23	-90.431	30.701	0	19.619	12.92	36.51	19.172	12.1	27.5	84.246	51.563	99.477	101.309	1.839	103.803	0.713	1.799	0.472	0	0.322	0.317	0.324	0.374	0.396	-1.672	-0.1	-0.1	0.103	0.071	0.09	0.08	0.184	19.692	19.299	18.807	18.218	18.014	NA
2026-03-24	-90.431	30.701	0	19.137	13.1	34.46	18.762	13.6	26.1	72.274	49.448	94.584	101.426	1.539	104.86	0.636	1.57	0.693	0	0.319	0.316	0.323	0.369	0.395	-8.743	-0.1	-0.1	0.1	0.068	0.087	0.077	0.183	19.904	19.587	19.191	18.537	18.169	NA
2026-03-25	-90.431	30.701	0	19.839	12.92	35.83	19.407	12.4	26.6	80.916	51.183	97.531	101.459	1.799	106.865	0.732	1.958	0.547	0	0.314	0.314	0.321	0.366	0.394	-13.065	-0.1	-0.1	0.1	0.066	0.084	0.076	0.173	20.199	19.836	19.415	18.789	18.345	NA
2026-03-26	-90.431	30.701	0	22.135	16.8	36.34	21.719	17.6	27.1	84.697	59.919	97.828	101.395	2.17	92.48	0.761	2.019	0.465	0	0.31	0.312	0.32	0.363	0.376	-15.608	-0.1	-0.1	0.1	0.064	0.083	0.075	0.144	21.273	20.74	19.989	19.08	18.482	NA
2026-03-27	-90.431	30.701	0	20.834	14.32	37.39	20.021	14.2	27.3	83.439	53.973	100	101.447	1.913	113.702	0.686	1.785	0.512	0	0.306	0.311	0.32	0.36	0.323	-18.444	-0.161	-0.1	0.098	0.062	0.081	0.075	0.154	21.392	20.952	20.342	19.429	18.657	NA
2026-03-28	-90.431	30.701	0	18.113	12.21	36.61	17.184	11.5	22.5	57.531	32.111	80.104	102.066	1.104	126.399	1.04	2.789	0.889	0	0.303	0.31	0.319	0.358	0.315	-22.39	-0.343	-0.1	0.094	0.059	0.079	0.074	0.155	20.454	20.326	20.31	19.642	18.854	NA
2026-03-29	-90.431	30.701	1.48	16.814	10.26	24.93	15.683	9.1	20.9	85.245	69.387	96.888	101.956	1.588	43.84	0.59	1.722	0.248	0.001	0.302	0.309	0.319	0.356	0.312	-24.081	-0.641	-0.1	0.091	0.056	0.076	0.073	0.155	19.057	19.097	19.567	19.546	18.997	NA
2026-03-30	-90.431	30.701	15.081	20.441	16.09	26.6	19.483	16	22.8	95.157	87.321	100	101.732	2.168	61.432	0.652	1.958	0.113	0.001	0.312	0.32	0.327	0.364	0.34	-12.384	-0.513	-0.1	0.105	0.066	0.092	0.078	0.168	20.228	19.897	19.688	19.414	19.04	NA
2026-03-31	-90.431	30.701	4.558	22.458	19.58	33.04	21.756	19.9	26	92.681	76.741	99.967	101.486	2.408	91.497	0.613	1.972	0.21	0	0.328	0.329	0.327	0.363	0.383	-0.107	-0.1	-0.1	0.122	0.077	0.1	0.078	0.187	21.817	21.247	20.465	19.599	19.1	NA
2026-04-01	-90.431	30.701	0.391	23.36	18.77	37.9	22.333	18.8	27.2	88.791	68.734	100	101.306	2.378	116.104	0.687	2.077	0.351	0	0.325	0.321	0.321	0.362	0.383	-0.1	-0.1	-0.1	0.116	0.072	0.087	0.079	0.188	22.623	22.043	21.182	20.02	19.18	NA
2026-04-02	-90.431	30.701	60.747	22.692	19	36.06	21.698	18.4	27	92.136	69.39	100	101.199	2.381	86.473	0.69	2.219	0.238	0.002	0.34	0.329	0.328	0.37	0.383	-0.101	-0.1	-0.1	0.115	0.08	0.089	0.087	0.179	22.385	21.99	21.584	20.589	19.424	NA
2026-04-03	-90.431	30.701	0.034	23.127	19.82	34.1	22.036	19.6	27.4	91.809	69.126	100	101.388	2.419	121.041	0.604	1.838	0.256	0	0.414	0.369	0.359	0.401	0.387	-0.1	-0.1	-0.1	0.126	0.156	0.127	0.118	0.183	22.476	22.004	21.521	20.919	19.881	0.507
2026-04-04	-90.431	30.701	20.459	22.564	20.42	28.28	21.656	19.4	25.3	96.227	82.739	100	101.322	2.49	46.216	0.528	1.599	0.108	0.002	0.392	0.366	0.359	0.4	0.387	-0.1	-0.1	-0.1	0.127	0.118	0.131	0.118	0.186	22.646	22.305	22.048	21.105	20.025	NA
2026-04-05	-90.431	30.701	7.667	19.333	14.85	24.4	17.544	14.3	20	93.101	76.284	100	101.48	1.885	59.017	0.89	2.171	0.128	0	0.424	0.372	0.36	0.401	0.388	-0.1	-0.1	-0.1	0.172	0.184	0.135	0.119	0.184	21.376	21.235	21.527	21.121	20.168	NA
2026-04-06	-90.431	30.701	0	15.399	10.74	24.96	13.954	8.7	19.3	69.525	42.752	92.178	101.62	1.084	96.226	0.835	2.211	0.532	0	0.403	0.369	0.362	0.401	0.388	-0.1	-0.1	-0.1	0.157	0.148	0.137	0.119	0.184	19.026	19.28	20.313	20.753	20.2	NA
2026-04-07	-90.431	30.701	0	16.495	8.67	35.85	14.645	6	24.2	69.444	32.113	97.812	101.416	1.075	166.941	0.678	1.978	0.725	0	0.357	0.354	0.361	0.401	0.388	-0.1	-0.1	-0.1	0.156	0.104	0.134	0.119	0.185	18.511	18.549	19.266	20.052	20.062	-0.04
2026-04-08	-90.431	30.701	0	18.764	12.09	36.33	17.504	10.7	25.5	72.567	47.068	91.557	101.511	1.421	150.603	0.686	1.967	0.679	0	0.345	0.336	0.346	0.401	0.388	-0.1	-0.1	-0.1	0.141	0.095	0.122	0.118	0.185	19.36	19.184	19.423	19.722	19.84	-0.036
2026-04-09	-90.431	30.701	0	19.366	14.44	33.6	18.128	13.7	23.7	81.585	64.973	95.633	101.767	1.682	112.861	0.684	1.867	0.441	0	0.338	0.329	0.331	0.401	0.388	-0.1	-0.1	-0.1	0.132	0.088	0.106	0.116	0.185	20.124	19.873	19.841	19.748	19.702	-0.068
2026-04-10	-90.431	30.701	4.047	19.605	14.25	36.53	18.505	13.2	25.4	87.947	68.181	99.758	101.828	1.879	98.127	0.753	2.022	0.314	0.001	0.336	0.331	0.331	0.399	0.387	-0.1	-0.1	-0.1	0.133	0.089	0.107	0.112	0.183	20.419	20.172	20.079	19.857	19.7	NA
2026-04-11	-90.431	30.701	0	20.526	14.83	36.1	19.404	13.7	26.1	81.271	54.932	100	101.866	1.783	137.544	0.716	1.91	0.545	0	0.335	0.328	0.328	0.398	0.387	-0.1	-0.1	-0.1	0.13	0.083	0.101	0.104	0.182	20.964	20.657	20.409	19.994	19.7	-0.024
2026-04-12	-90.431	30.701	0	20.671	14.15	35.08	19.468	12.9	25.6	82.694	60.398	99.58	101.751	1.85	142.125	0.792	2.32	0.489	0	0.329	0.323	0.326	0.391	0.387	-0.1	-0.1	-0.1	0.123	0.078	0.094	0.087	0.181	21.052	20.775	20.61	20.18	19.736	-0.054
2026-04-13	-90.431	30.701	0	22.19	17.12	37.15	21.225	16.8	26.7	82.914	60.347	99.639	101.72	2.059	141.66	0.684	2.042	0.514	0	0.323	0.321	0.324	0.377	0.386	-0.171	-0.1	-0.1	0.119	0.075	0.091	0.083	0.182	21.92	21.492	21.018	20.347	19.8	-0.044
2026-04-14	-90.431	30.701	0	21.659	15.62	38.37	20.345	14.4	26.5	82.019	57.209	99.051	101.501	1.933	152.684	0.721	2.05	0.526	0	0.319	0.318	0.323	0.371	0.386	-4.395	-0.1	-0.1	0.115	0.07	0.087	0.08	0.182	22.111	21.741	21.345	20.598	19.916	-0.02
2026-04-15	-90.431	30.701	0	21.149	15.25	35.95	19.868	14	25.8	86.501	66.036	99.462	101.309	2.008	106.43	0.706	1.991	0.377	0	0.315	0.317	0.322	0.367	0.384	-12.34	-0.1	-0.1	0.112	0.066	0.085	0.078	0.181	21.866	21.584	21.413	20.772	20.032	-0.037
2026-04-16	-90.431	30.701	0	22.726	17.43	37	22.029	16.7	28.2	82.703	55.366	100	101.269	2.146	127.502	0.674	1.83	0.573	0	0.311	0.315	0.321	0.364	0.382	-15.827	-0.1	-0.1	0.109	0.064	0.083	0.076	0.166	22.503	22.071	21.626	20.872	20.14	0.016
2026-04-17	-90.431	30.701	0	22.567	16.52	38.44	21.538	15.6	27.8	82.921	58.002	99.078	101.102	2.103	137.992	0.692	1.981	0.539	0	0.308	0.313	0.32	0.361	0.351	-20.133	-0.109	-0.1	0.108	0.062	0.081	0.075	0.147	22.755	22.331	21.891	21.065	20.248	-0
2026-04-18	-90.431	30.701	0	22.913	16.37	36.34	21.9	15.6	28.1	85.097	61.599	99.23	100.95	2.221	115.315	0.661	1.61	0.478	0	0.304	0.311	0.319	0.358	0.318	-24.474	-0.233	-0.1	0.106	0.06	0.079	0.075	0.155	22.874	22.466	22.071	21.254	20.363	-0.011
2026-04-19	-90.431	30.701	2.979	16.786	11.16	32.3	14.137	9.4	21.3	78.835	47.008	98.542	101.781	1.249	134.406	1.029	2.827	0.402	0.002	0.304	0.311	0.319	0.356	0.313	-23.843	-0.45	-0.1	0.103	0.058	0.077	0.074	0.155	21.311	21.427	21.836	21.369	20.479	0.01
2026-04-20	-90.431	30.701	0	16.302	8.75	33.57	14.31	6.4	23	73.794	40.222	97.47	101.946	1.143	135.523	0.576	1.621	0.586	0	0.304	0.312	0.319	0.355	0.311	-23.473	-0.784	-0.1	0.101	0.056	0.074	0.073	0.155	19.748	19.89	20.629	21.006	20.566	-0.016
2026-04-21	-90.431	30.701	0	17.49	9.54	30.42	16.133	7.6	23.6	79.002	48.169	98.641	101.831	1.426	86.992	0.544	1.565	0.505	0	0.302	0.311	0.319	0.354	0.31	-26.505	-1.51	-0.1	0.1	0.054	0.072	0.072	0.154	19.628	19.651	20.204	20.614	20.471	NA
2026-04-22	-90.431	30.701	0	21.46	16.11	37.7	20.391	15.4	26	77.186	55.542	94.527	101.445	1.816	139.183	0.803	2.323	0.635	0	0.298	0.31	0.318	0.352	0.309	-31.176	-3.645	-0.1	0.101	0.055	0.071	0.072	0.153	21.211	20.797	20.533	20.438	20.351	0.002
2026-04-23	-90.431	30.701	0	21.424	15.25	38.7	20.514	14.7	26.5	79.972	50.069	98.943	100.996	1.885	148.919	0.772	2.204	0.591	0	0.294	0.308	0.317	0.351	0.308	-38.031	-7.873	-0.1	0.1	0.054	0.07	0.072	0.153	21.719	21.353	21.072	20.633	20.3	0.001
2026-04-24	-90.431	30.701	0	23.443	16.83	39.55	22.035	16.4	26.8	87.306	73.768	99.807	100.525	2.312	123.705	0.813	2.303	0.391	0	0.29	0.306	0.316	0.349	0.307	-43.506	-10.968	-0.1	0.099	0.053	0.069	0.072	0.152	22.383	21.897	21.434	20.839	20.331	-0.104
2026-04-25	-90.431	30.701	1.802	23.142	18.15	33.22	21.741	16.8	26	93.391	80.382	100	100.428	2.437	92.266	0.636	1.684	0.199	0.001	0.318	0.325	0.326	0.362	0.347	-10.411	-2.781	-0.1	0.121	0.068	0.088	0.079	0.17	22.601	22.184	21.72	21.118	20.476	NA
2026-04-26	-90.431	30.701	0.289	24.303	18.33	36.48	22.905	17.5	27.6	91.218	71.518	100	100.608	2.535	143.336	0.74	1.983	0.287	0	0.334	0.33	0.328	0.37	0.362	-0.1	-0.1	-0.1	0.128	0.074	0.091	0.082	0.168	23.511	22.985	22.275	21.408	20.562	0.734
2026-04-27	-90.431	30.701	0.187	25.105	20.4	38.56	24.206	20.2	29.3	84.802	57.443	100	100.873	2.524	145.944	0.793	2.47	0.544	0	0.325	0.321	0.32	0.362	0.383	-0.1	-0.1	-0.1	0.119	0.068	0.077	0.076	0.177	24.19	23.671	22.92	21.732	20.725	0.583
2026-04-28	-90.431	30.701	0.136	25.023	20.36	38.64	24.003	19.9	28.6	87.936	74.093	99.335	101.057	2.615	118.984	0.886	2.477	0.41	0	0.316	0.315	0.319	0.357	0.35	-3.183	-0.1	-0.1	0.112	0.065	0.072	0.073	0.149	24.399	23.923	23.277	22.055	20.89	-0.152
2026-04-29	-90.431	30.701	0.119	24.221	19.58	38.49	22.622	18.6	28.6	90.261	69.061	100	100.814	2.462	135.851	0.938	2.28	0.337	0	0.317	0.32	0.322	0.357	0.319	-9.666	-0.133	-0.1	0.11	0.067	0.075	0.074	0.155	24.311	23.906	23.443	22.322	21.096	0.331
2026-04-30	-90.431	30.701	0.323	21.391	19.11	25.91	19.576	17.4	21.7	99.886	99.335	100	100.637	2.281	34.461	0.647	1.699	0	0	0.372	0.35	0.349	0.395	0.391	-0.1	-0.1	-0.1	0.12	0.082	0.099	0.105	0.174	22.475	22.425	22.677	22.508	21.586	NA
2026-05-01	-90.431	30.701	0.136	16.837	13.78	19.63	14.445	10.8	17.2	99.879	99.529	100	100.712	1.661	15.365	0.989	2.422	0	0	0.408	0.365	0.358	0.398	0.392	-0.1	-0.1	-0.1	0.114	0.104	0.099	0.104	0.173	20.998	21.168	21.88	22.141	21.6	NA
2026-05-02	-90.431	30.701	0.102	17.258	12.96	31.01	14.944	10.6	21.3	82.436	46.843	100	101.075	1.352	151.631	1.127	2.619	0.398	0	0.426	0.369	0.36	0.4	0.392	-0.1	-0.1	-0.1	0.178	0.182	0.104	0.104	0.17	20.6	20.357	20.868	21.406	21.386	-0.048
2026-05-03	-90.431	30.701	0.102	17.431	10.29	33.84	15.667	7.5	23.7	74.91	43.426	98.96	101.472	1.268	153.119	0.582	1.425	0.621	0	0.389	0.362	0.36	0.4	0.393	-0.1	-0.1	-0.1	0.154	0.123	0.108	0.104	0.171	20.097	20.062	20.504	21.005	21.103	-0.098
2026-05-04	-90.431	30.701	0.068	18.258	11.33	34.73	16.933	9.1	23.9	75.535	50.297	98.954	101.091	1.409	153.877	0.905	2.286	0.62	0	0.35	0.343	0.354	0.4	0.393	-0.1	-0.1	-0.1	0.149	0.09	0.105	0.103	0.176	20.306	20.251	20.519	20.805	20.899	-0.088
2026-05-05	-90.431	30.701	0.051	21.054	14.22	33.55	20.177	12.7	26.3	84.88	69.936	97.838	100.689	2.027	119.811	1.029	2.748	0.437	0	0.34	0.331	0.336	0.399	0.393	-0.1	-0.1	-0.1	0.134	0.079	0.093	0.102	0.179	21.067	20.774	20.691	20.739	20.765	-0.105
2026-05-06	-90.431	30.701	0.085	24.358	20.7	31.2	24.348	21.1	27.4	92.081	86.129	96.493	100.62	2.812	47.744	1.12	2.959	0.251	0	0.333	0.326	0.33	0.397	0.393	-0.1	-0.1	-0.1	0.129	0.076	0.085	0.099	0.179	22.656	22.119	21.54	20.923	20.7	NA
2026-05-07	-90.431	30.701	0.102	22.501	17.65	31.95	20.383	16.5	25	93.873	84.038	100	100.827	2.265	93.783	0.863	2.126	0.154	0	0.33	0.324	0.328	0.394	0.392	-0.1	-0.1	-0.1	0.125	0.075	0.081	0.09	0.176	23.137	22.735	22.216	21.329	20.746	NA
2026-05-08	-90.431	30.701	0.153	18.897	17.58	20.95	17.508	16.6	19.2	98.447	93.069	100	100.816	1.972	6.917	0.703	1.798	0.029	0	0.379	0.35	0.345	0.396	0.392	-0.1	-0.1	-0.1	0.138	0.113	0.095	0.092	0.173	21.043	21.084	21.47	21.411	20.87	NA
2026-05-09	-90.431	30.701	1.819	19.714	19.14	20.44	18.788	18	19.9	99.86	99.58	100	100.641	2.168	6.467	0.748	1.857	0	0.001	0.425	0.373	0.361	0.401	0.393	-0.1	-0.1	-0.1	0.191	0.185	0.111	0.104	0.186	20.627	20.469	20.991	21.114	20.9	NA
2026-05-10	-90.431	30.701	0.425	23.218	18.79	35.69	21.546	17.7	27.4	93.702	74.68	100	100.982	2.409	132.116	0.576	1.462	0.209	0	0.421	0.371	0.361	0.402	0.393	-0.1	-0.1	-0.1	0.206	0.193	0.116	0.104	0.189	22.154	21.558	21.152	20.933	20.82	0.372
2026-05-11	-90.431	30.701	0.238	22.607	18.69	28.57	21.541	17.6	26	93.67	79.46	100	101.144	2.407	61.719	0.483	1.251	0.194	0	0.414	0.369	0.36	0.401	0.393	-0.1	-0.1	-0.1	0.178	0.162	0.117	0.105	0.185	22.798	22.467	22.051	21.299	20.807	NA
2026-05-12	-90.431	30.701	0.391	22.459	19.27	35.21	20.352	17.9	26.4	95.888	72.608	100	101.185	2.289	177.829	0.671	1.737	0.123	0.001	0.423	0.372	0.361	0.401	0.393	-0.1	-0.1	-0.1	0.184	0.172	0.116	0.105	0.196	21.987	21.825	21.677	21.407	20.9	0.083
2026-05-13	-90.431	30.701	0.187	23.136	18.34	36.59	21.727	17.1	28	83.682	51.154	99.917	101.077	2.123	136.947	0.583	1.46	0.545	0	0.395	0.364	0.359	0.4	0.393	-0.1	-0.1	-0.1	0.168	0.139	0.115	0.104	0.189	23.684	23.207	22.695	21.804	21.04	-0.049
2026-05-14	-90.431	30.701	0.102	22.785	17.06	37.61	22.045	15.3	29	76.325	49.114	98.415	101	1.961	141.964	0.578	1.42	0.797	0	0.351	0.346	0.355	0.399	0.392	-0.1	-0.1	-0.1	0.168	0.102	0.109	0.103	0.187	23.575	23.202	22.868	22.037	21.212	-0.053
2026-05-15	-90.431	30.701	0.034	23.586	17.07	38.52	22.676	16	29.3	81.965	63.71	95.911	101.081	2.261	124.421	0.64	1.792	0.592	0	0.339	0.33	0.336	0.397	0.392	-0.1	-0.1	-0.1	0.154	0.094	0.094	0.102	0.186	23.866	23.449	23.049	22.214	21.345	-0.093
2026-05-16	-90.431	30.701	0.017	23.78	19.82	35.89	22.767	19.3	27	84.151	65.925	99.297	101.131	2.306	103.244	0.57	1.71	0.498	0	0.332	0.324	0.328	0.395	0.392	-0.1	-0.1	-0.1	0.147	0.089	0.084	0.096	0.184	24.26	23.847	23.405	22.425	21.453	-0.1
2026-05-17	-90.431	30.701	0.034	24.327	19.06	34.62	23.369	18.1	28.3	90.231	79.913	98.151	101.064	2.608	88.056	0.601	1.977	0.319	0	0.327	0.322	0.326	0.387	0.391	-0.1	-0.1	-0.1	0.141	0.086	0.078	0.078	0.181	24.221	23.809	23.417	22.57	21.576	NA
2026-05-18	-90.431	30.701	0.017	25.678	20.93	37.87	24.705	20.6	29.7	90.228	72.148	99.812	101.234	2.802	118.614	0.595	1.867	0.347	0	0.323	0.32	0.325	0.376	0.391	-0.973	-0.1	-0.1	0.136	0.082	0.076	0.071	0.179	25.054	24.502	23.829	22.729	21.684	-0.037
2026-05-19	-90.431	30.701	0	26.271	22.46	36.4	25.504	22.5	29.5	89.792	74.899	99.824	101.305	2.917	107.275	0.632	1.991	0.376	0	0.318	0.318	0.324	0.37	0.391	-7.341	-0.1	-0.1	0.131	0.077	0.073	0.069	0.178	25.634	25.067	24.315	23.008	21.815	-0.025
2026-05-20	-90.431	30.701	2.892	24.867	22.66	33.74	23.746	22.2	27.4	95.747	84.593	100	101.122	2.811	67.545	0.567	1.505	0.137	0.005	0.316	0.317	0.322	0.365	0.389	-11.561	-0.1	-0.1	0.129	0.075	0.072	0.068	0.179	25.427	25.047	24.564	23.305	21.958	NA
2026-05-21	-90.431	30.701	6.616	24.453	22.3	28.31	23.123	21.7	25.6	98.124	91.46	100	100.871	2.78	57.174	0.437	1.174	0.055	0	0.324	0.326	0.328	0.367	0.389	-3.721	-0.1	-0.1	0.138	0.082	0.083	0.072	0.178	25.015	24.699	24.411	23.433	22.145	NA
2026-05-22	-90.431	30.701	23.136	24.692	21.78	36.22	23.5	20.4	29.7	94.108	71.716	100	100.697	2.717	104.861	1.013	2.404	0.213	0.001	0.341	0.333	0.331	0.377	0.39	-0.1	-0.1	-0.1	0.14	0.086	0.087	0.082	0.176	25.125	24.802	24.585	23.734	22.369	0.049
2026-05-23	-90.431	30.701	1.973	22.804	21.17	26.49	21.294	20	23.8	99.869	99.284	100	101.007	2.535	42.203	0.624	1.515	0	0	0.344	0.333	0.334	0.399	0.391	-0.1	-0.1	-0.1	0.136	0.087	0.093	0.104	0.174	24.355	24.195	24.285	23.743	22.619	NA
2026-05-24	-90.431	30.701	1.666	23.969	20.58	28.37	22.843	19.8	25.6	96.474	87.977	100	101.012	2.69	66.815	0.596	1.337	0.11	0	0.343	0.333	0.334	0.4	0.391	-0.1	-0.1	-0.1	0.134	0.086	0.091	0.102	0.172	24.374	24.048	23.926	23.495	22.6	NA
2026-05-25	-90.431	30.701	5.527	23.365	20.76	27.28	22.252	19.9	24.4	98.881	93.087	100	100.827	2.658	39.669	0.4	0.995	0.03	0.001	0.347	0.336	0.338	0.4	0.391	-0.1	-0.1	-0.1	0.136	0.09	0.092	0.101	0.172	24.369	24.114	24.015	23.449	22.58	NA
2026-05-26	-90.431	30.701	8.957	24.132	19.43	34.99	22.569	18.3	28.6	95.925	76.801	100	100.793	2.634	106.488	0.565	1.418	0.145	0	0.35	0.338	0.34	0.4	0.391	-0.1	-0.1	-0.1	0.132	0.089	0.095	0.098	0.172	24.746	24.365	24.106	23.452	22.6	0.1
2026-05-27	-90.431	30.701	0	25.929	22.24	35.75	25.08	21.8	29.1	92.004	74.934	100	100.79	2.918	118.207	0.536	1.607	0.289	0	0.346	0.334	0.338	0.4	0.391	-0.1	-0.1	-0.1	0.131	0.087	0.092	0.095	0.17	25.733	25.189	24.575	23.606	22.61	0.114
2026-05-28	-90.431	30.701	9.54	25.408	23.11	29.45	24.064	22.5	26.5	97.826	86.364	100	100.684	2.933	65.817	0.423	1.308	0.068	0	0.352	0.336	0.343	0.399	0.391	-0.1	-0.1	-0.1	0.127	0.087	0.096	0.092	0.169	25.743	25.353	24.93	23.903	22.705	NA
2026-05-29	-90.431	30.701	0.408	25.318	22.03	36.34	24.614	21.5	29.2	92.514	74.996	100	100.722	2.856	83.281	0.561	1.394	0.264	0	0.346	0.334	0.347	0.4	0.39	-0.1	-0.1	-0.1	0.128	0.086	0.097	0.091	0.169	25.747	25.336	24.92	24	22.855	NA
2026-05-30	-90.431	30.701	0	26.797	22.38	37.61	25.994	22	30.7	88.791	69.355	98.564	100.715	2.97	129.119	0.649	1.472	0.436	0	0.339	0.328	0.331	0.398	0.39	-0.1	-0.1	-0.1	0.121	0.082	0.085	0.089	0.169	26.38	25.817	25.135	24.1	22.938	0.075
2026-05-31	-90.431	30.701	0	27.419	23.09	38.78	26.915	22.4	31.5	87.672	70.577	99.751	100.83	3.091	123.226	0.696	1.508	0.504	0	0.331	0.322	0.326	0.392	0.39	-0.1	-0.1	-0.1	0.116	0.079	0.078	0.075	0.168	27	26.422	25.648	24.328	23.022	0.09
2026-06-01	-90.431	30.701	0	26.632	23.68	38.65	25.623	23	31.3	92.328	74.903	100	100.964	3.026	111.071	0.553	1.237	0.287	0	0.325	0.319	0.325	0.375	0.389	-3.814	-0.1	-0.1	0.112	0.076	0.074	0.067	0.168	27.077	26.607	25.967	24.596	23.147	0.117
2026-06-02	-90.431	30.701	4.37	26.288	22.55	37.64	25.272	21.4	30.8	90.307	70.48	99.587	101.057	2.895	111.708	0.539	1.385	0.373	0.001	0.321	0.318	0.324	0.369	0.389	-11.15	-0.1	-0.1	0.11	0.073	0.072	0.065	0.169	26.944	26.512	25.995	24.787	23.298	0.11
2026-06-03	-90.431	30.701	1.395	24.308	21.69	30.4	23.091	20.5	27.1	96.327	85.733	100	101.239	2.725	54.196	0.493	1.421	0.114	0	0.321	0.32	0.323	0.366	0.388	-0.375	-0.1	-0.1	0.112	0.074	0.071	0.064	0.171	25.998	25.806	25.729	24.848	23.436	NA
2026-06-04	-90.431	30.701	0.017	24.41	20.31	34.03	23.744	19.8	28.6	85.954	69.113	99.18	101.259	2.516	108.431	0.594	1.748	0.457	0	0.32	0.319	0.323	0.364	0.387	-4.03	-0.1	-0.1	0.111	0.072	0.07	0.063	0.171	25.882	25.584	25.377	24.702	23.5	0.097
2026-06-05	-90.431	30.701	1.786	24.146	19.54	33.34	23.08	18.5	28.3	91.596	79.71	97.513	101.056	2.607	84.708	0.585	1.771	0.257	0.001	0.318	0.317	0.322	0.361	0.382	-12.517	-0.1	-0.1	0.108	0.069	0.069	0.063	0.153	25.538	25.321	25.223	24.622	23.5	NA
2026-06-06	-90.431	30.701	3.59	25.887	22.76	32.6	24.56	22.4	27	97.404	91.715	100	100.777	3.012	74.486	0.461	1.322	0.081	0.001	0.317	0.318	0.322	0.359	0.349	-7.253	-0.1	-0.1	0.111	0.071	0.069	0.063	0.146	26.103	25.721	25.332	24.553	23.5	NA
2026-06-07	-90.431	30.701	0	25.307	23.8	29.24	24.814	23.4	28	97.858	86.906	100	100.819	3.067	41.161	0.537	1.384	0.076	0	0.318	0.318	0.322	0.358	0.327	-0.255	-0.1	-0.1	0.113	0.072	0.069	0.063	0.153	25.965	25.745	25.574	24.66	23.525	NA
