2026-01-01	-93.639	32.411	0	10.226	-1.42	25.07	11.693	0.7	21.5	60.904	33.029	91.317	101.143	0.79	115.13	1.613	2.972	0.718	0	0.297	0.284	0.375	0.4	0.246	-20.36	-7.336	-0.2	1.402	1.073	3.558	3.286	1.688	11.226	11.447	12.919	14.95	17.062	0.623
2026-01-02	-93.639	32.411	0	16.912	7.45	28.95	17.76	10.2	26.2	75.006	47.856	95.078	100.155	1.501	123.404	2.045	3.812	0.621	0	0.295	0.282	0.375	0.399	0.247	-21.981	-8.669	-0.286	1.403	1.049	3.555	3.277	1.688	14.396	14.116	13.709	14.795	16.89	0.624
2026-01-03	-93.639	32.411	0	12.351	9.84	14.16	12.185	10.1	14	92.846	84.653	99.039	100.803	1.322	30.617	2.38	4.093	0.099	0	0.293	0.281	0.375	0.399	0.247	-23.882	-9.628	-0.3	1.387	1.021	3.521	3.283	1.689	13.848	13.951	14.343	15.021	16.731	NA
2026-01-04	-93.639	32.411	0	9.738	2.63	19.94	9.92	5.4	16.4	85.992	64.924	98.087	101.424	1.045	81.146	1.183	2.256	0.196	0	0.292	0.281	0.374	0.398	0.247	-25.189	-10.461	-0.3	1.382	1.003	3.506	3.266	1.686	13.317	13.471	14.185	15.1	16.644	NA
2026-01-05	-93.639	32.411	0.068	10.3	1.25	19.59	10.552	2.5	17	91.012	71.514	100	100.985	1.17	87.709	1.785	3.248	0.146	0	0.291	0.279	0.373	0.398	0.247	-26.457	-11.332	-0.3	1.361	0.973	3.482	3.217	1.685	12.376	12.592	13.774	15.034	16.6	NA
2026-01-06	-93.639	32.411	0	17.384	6.12	29.1	18.709	9.3	26.1	86.065	62.622	98.027	100.67	1.855	96.473	1.824	3.534	0.375	0	0.29	0.278	0.373	0.396	0.247	-28.377	-12.159	-0.3	1.346	0.968	3.47	3.129	1.685	15.318	14.971	14.341	14.976	16.595	NA
2026-01-07	-93.639	32.411	0.102	12.528	1.84	25.28	13.055	3.5	22.6	91.022	65.092	100	100.822	1.406	125.03	1.171	2.094	0.199	0	0.288	0.278	0.372	0.394	0.247	-30.543	-12.697	-0.34	1.309	0.943	3.443	3.044	1.688	14.319	14.361	14.694	15.184	16.5	0.708
2026-01-08	-93.639	32.411	0.085	20.038	16.32	24.16	20.871	16.4	24.4	86.666	69.725	99.289	100.389	2.125	38.638	3.09	5.656	0.358	0	0.286	0.279	0.372	0.391	0.247	-32.739	-13.368	-0.4	1.304	0.943	3.416	2.938	1.687	16.377	16.022	15.216	15.349	16.5	NA
2026-01-09	-93.639	32.411	17.855	19.561	15.77	25.83	19.849	16.2	23.4	95.395	82.364	100	100.773	2.211	38.149	1.613	3.112	0.114	0.007	0.294	0.289	0.377	0.392	0.251	-31.34	-13.05	-0.378	1.357	1.095	3.441	2.904	1.707	17.573	17.277	16.181	15.737	16.542	NA
2026-01-10	-93.639	32.411	16.069	10.86	0.65	16.61	11.099	3.8	16.3	85.785	67.507	100	101.824	1.189	70.749	3.985	6.562	0.162	0.001	0.365	0.343	0.401	0.417	0.335	-0.251	-0.14	-0.1	1.997	2.34	3.765	3.309	1.956	15.884	16.178	16.657	16.331	16.625	NA
2026-01-11	-93.639	32.411	0	5.54	-1.55	18.45	6.642	0.4	14.8	66.717	43.179	91.919	102.668	0.636	132.481	2.094	3.423	0.388	0	0.351	0.33	0.393	0.411	0.325	-0.2	-0.1	-0.1	1.93	2.287	3.724	3.296	1.906	12.052	12.502	14.822	16.132	16.733	0.705
2026-01-12	-93.639	32.411	0	3.996	-3.71	17.74	4.772	-2.1	14.6	69.37	35.656	98.758	102.524	0.569	134.866	0.858	1.581	0.351	0	0.344	0.327	0.389	0.408	0.324	-0.223	-0.1	-0.1	1.906	2.267	3.733	3.285	1.9	10.681	11.152	13.552	15.539	16.8	0.67
2026-01-13	-93.639	32.411	0	8.047	-2.75	21.22	8.88	-1.6	19.5	68.279	39.702	100	101.656	0.753	111.562	1.6	3.15	0.497	0	0.339	0.325	0.387	0.406	0.322	-0.381	-0.1	-0.1	1.886	2.259	3.719	3.282	1.895	10.329	10.745	12.782	14.922	16.784	0.698
2026-01-14	-93.639	32.411	0.885	10.382	3.24	19.57	10.918	5.9	17	70.573	51.422	90.353	101.058	0.915	113.865	4.311	7.364	0.416	0	0.336	0.323	0.386	0.405	0.322	-0.608	-0.1	-0.1	1.875	2.271	3.737	3.281	1.892	11.785	11.953	12.943	14.615	16.663	0.722
2026-01-15	-93.639	32.411	0	4.704	-6.71	16.33	5.578	-3.7	12.4	58.725	31.172	100	101.494	0.505	145.977	1.533	2.884	0.447	0	0.333	0.321	0.384	0.404	0.321	-1.181	-0.1	-0.1	1.825	2.24	3.718	3.289	1.888	9.819	10.397	12.466	14.357	16.528	0.653
2026-01-16	-93.639	32.411	0	10.043	1.37	22.46	11.248	4.4	19.9	62.061	44.969	81.422	100.853	0.829	135.683	3.006	5.421	0.576	0	0.33	0.319	0.383	0.403	0.32	-2.351	-0.1	-0.1	1.791	2.228	3.72	3.278	1.883	10.551	10.761	12.073	14.011	16.372	0.677
2026-01-17	-93.639	32.411	0	2.79	-6.24	12.64	4.119	-1.7	8.4	52.524	37.433	69.794	101.933	0.434	86.886	2.791	4.612	0.398	0	0.327	0.317	0.381	0.402	0.319	-5.016	-0.171	-0.1	1.71	2.19	3.711	3.282	1.881	9.352	9.926	11.931	13.813	16.232	NA
2026-01-18	-93.639	32.411	0	0.776	-8.1	13.69	1.157	-4.5	9.9	55.089	31.154	80.878	102.033	0.353	147.387	1.489	2.774	0.343	0	0.325	0.315	0.379	0.401	0.319	-8.231	-0.201	-0.129	1.624	2.144	3.707	3.28	1.877	7.693	8.32	10.895	13.415	16.062	0.626
2026-01-19	-93.639	32.411	0	4.761	-6.39	20.93	5.623	-5	17.8	62.853	29.313	100	102.056	0.532	143.195	1.347	2.414	0.504	0	0.323	0.312	0.377	0.401	0.318	-10.195	-0.343	-0.2	1.584	2.112	3.713	3.274	1.872	8.063	8.374	10.305	12.893	15.897	0.636
2026-01-20	-93.639	32.411	0	5.218	-1.58	17.04	5.928	0.3	13.7	59.878	44.929	76.99	102.343	0.557	130.738	1.482	2.729	0.406	0	0.321	0.31	0.377	0.4	0.318	-10.982	-0.462	-0.209	1.545	2.043	3.714	3.273	1.866	8.694	8.938	10.445	12.614	15.691	0.661
2026-01-21	-93.639	32.411	19.83	10.883	7.25	14.77	10.795	8	12.9	92.679	70.228	100	101.606	1.21	23.568	1.817	3.418	0.087	0.004	0.349	0.332	0.388	0.411	0.318	-5.283	-0.326	-0.207	1.839	2.283	3.849	3.377	1.874	10.103	10.091	10.728	12.53	15.479	NA
2026-01-22	-93.639	32.411	0	12.193	8.86	19.82	11.647	9	15.9	85.711	69.906	98.869	101.578	1.169	86.703	2.122	3.995	0.212	0	0.361	0.337	0.394	0.416	0.319	-0.2	-0.1	-0.1	2.046	2.415	3.933	3.403	1.88	11.903	11.707	11.555	12.668	15.282	NA
2026-01-23	-93.639	32.411	0	8.621	1.74	13.59	8.36	1.6	11.4	81.599	66.318	90.838	101.692	0.928	39.163	3.141	5.74	0.192	0	0.355	0.332	0.391	0.41	0.319	-0.2	-0.1	-0.1	2.003	2.364	3.876	3.363	1.875	11.498	11.611	12.118	12.952	15.146	NA
2026-01-24	-93.639	32.411	0.017	-1.703	-5.68	1.98	-2.332	-5.9	1.5	92.889	80.789	98.188	101.424	0.48	19.856	2.209	4.304	0.039	0	0.366	0.35	0.395	0.413	0.319	-0.13	-0.1	-0.1	1.997	2.39	3.894	3.405	1.875	7.221	7.991	10.952	12.918	15.1	NA
2026-01-25	-93.639	32.411	0	-4.309	-6.02	-1.91	-4.545	-6.2	-2	93.816	90.223	97.15	101.366	0.411	40.379	2.159	4.358	0.028	0	0.366	0.346	0.397	0.416	0.32	-0.1	-0.1	-0.1	2.029	2.406	3.912	3.446	1.876	5.89	6.515	9.471	12.32	15.037	NA
2026-01-26	-93.639	32.411	0	-4.73	-8.4	0.8	-4.481	-7.6	0.6	86.483	66.801	100	102.882	0.378	178.324	1.754	2.827	0.066	0	0.363	0.345	0.396	0.414	0.32	-0.1	-0.1	-0.1	2.018	2.368	3.913	3.423	1.865	5.118	5.734	8.666	11.689	14.914	0.315
2026-01-27	-93.639	32.411	10.208	-2.433	-9.9	5.05	-1.825	-6.8	2.8	89.915	73.62	100	102.699	0.485	123.946	0.729	1.593	0.064	0	0.366	0.352	0.396	0.418	0.321	-0.1	-0.1	-0.1	2.042	2.406	3.943	3.486	1.878	4.358	4.841	7.821	11.083	14.707	0.342
2026-01-28	-93.639	32.411	8.189	-0.045	-7.95	11.25	1.345	-6.3	11.4	84.49	48.373	100	102.332	0.566	161.394	0.805	1.436	0.16	0	0.369	0.359	0.398	0.419	0.332	-0.1	-0.1	-0.1	2.188	2.434	3.92	3.537	1.996	4.592	4.764	7.232	10.465	14.42	0.441
2026-01-29	-93.639	32.411	0.068	2.736	-6.42	14.17	4.078	-4.1	13.6	85.876	58.039	100	101.502	0.712	129.512	1.252	2.191	0.168	0	0.367	0.358	0.397	0.419	0.359	-0.1	-0.1	-0.1	2.244	2.367	3.904	3.521	2.177	4.92	4.764	6.822	9.839	14.054	0.524
2026-01-30	-93.639	32.411	0	3.746	-3.07	14.22	4.359	0.3	9.2	74.488	58.486	87.456	101.882	0.618	153.376	2.953	4.836	0.228	0	0.364	0.353	0.398	0.418	0.366	-0.1	-0.1	-0.1	2.145	2.299	3.873	3.509	2.194	5.946	5.781	7.005	9.615	13.72	0.632
2026-01-31	-93.639	32.411	0	-1.199	-8.78	7.46	-1.875	-5.8	2.2	60.773	45.483	74.755	102.785	0.326	168.541	2.847	4.75	0.212	0	0.358	0.34	0.395	0.414	0.36	-0.1	-0.1	-0.1	2.043	2.242	3.838	3.461	2.142	4.825	5.046	7.038	9.509	13.454	0.59
2026-02-01	-93.639	32.411	0	1.622	-6.05	15.17	1.421	-4.3	9.7	59.644	31.907	82.533	102.591	0.386	164.495	0.95	1.942	0.328	0	0.354	0.336	0.392	0.41	0.357	-0.1	-0.1	-0.1	2.009	2.236	3.82	3.434	2.11	4.791	4.917	6.686	9.32	13.236	0.592
2026-02-02	-93.639	32.411	0	7.826	-5.87	24.16	8.685	-4.2	19.8	71.632	49.451	91.831	101.907	0.846	159.922	1.795	3.279	0.43	0	0.353	0.335	0.391	0.409	0.355	-0.1	-0.1	-0.1	2.001	2.237	3.822	3.421	2.09	6.307	6.173	7.001	9.244	13.043	0.582
2026-02-03	-93.639	32.411	3.863	13.366	5.67	20.7	13.989	8.7	19.4	86.539	64.015	99.662	101.473	1.403	62.215	2.065	3.758	0.211	0.001	0.358	0.338	0.392	0.408	0.354	-0.1	-0.1	-0.1	2.053	2.28	3.856	3.414	2.077	10.04	9.585	8.529	9.508	12.864	NA
2026-02-04	-93.639	32.411	0	6.844	-1.55	17.91	7.344	1.4	12.9	71.018	52.227	97.772	102.099	0.72	165.47	2.763	4.593	0.331	0	0.36	0.34	0.394	0.409	0.354	-0.1	-0.1	-0.1	2.053	2.287	3.849	3.42	2.066	9.331	9.293	9.424	10.06	12.777	0.619
2026-02-05	-93.639	32.411	0	5.98	-4.81	20.8	7.216	-2.4	17.4	70.966	40.977	100	101.934	0.698	168.614	1.526	2.829	0.414	0	0.356	0.336	0.392	0.408	0.354	-0.1	-0.1	-0.1	2.015	2.272	3.823	3.412	2.06	8.255	8.316	9.173	10.361	12.744	0.595
2026-02-06	-93.639	32.411	0	11.815	-0.35	29.31	14.35	2.4	27.2	57.594	31.498	93.36	101.272	0.896	173.177	1.545	2.77	0.939	0	0.353	0.334	0.392	0.408	0.354	-0.1	-0.1	-0.1	2.016	2.276	3.824	3.401	2.058	9.811	9.552	9.461	10.457	12.8	0.591
2026-02-07	-93.639	32.411	0	10.139	-0.32	24.24	12.372	3.8	19.9	60.312	40.552	84.403	101.896	0.849	175.335	1.661	3.186	0.644	0	0.35	0.333	0.391	0.407	0.354	-0.181	-0.1	-0.1	2.009	2.269	3.819	3.396	2.054	10.509	10.316	10.152	10.739	12.8	0.61
2026-02-08	-93.639	32.411	0	12.117	0.64	27.57	13.708	3.9	24	70.001	47.078	91.94	101.647	1.093	157.643	1.667	3.046	0.615	0	0.346	0.332	0.39	0.406	0.354	-0.277	-0.1	-0.1	1.998	2.269	3.806	3.385	2.051	10.86	10.66	10.467	11.012	12.823	0.626
2026-02-09	-93.639	32.411	0	17.949	7.42	29.79	19.041	11.6	26.8	77.752	51.572	99.66	101.379	1.683	167.464	1.892	3.506	0.619	0	0.344	0.332	0.39	0.406	0.354	-0.402	-0.1	-0.1	1.997	2.278	3.813	3.381	2.05	13.446	12.912	11.441	11.336	12.9	0.651
2026-02-10	-93.639	32.411	0	17.858	14.43	22.58	18.965	16.8	21.9	82.169	70.59	90.553	101.268	1.798	59.513	1.989	3.863	0.403	0	0.341	0.331	0.388	0.406	0.355	-0.64	-0.1	-0.1	1.98	2.279	3.802	3.382	2.049	14.827	14.427	12.775	11.888	12.991	NA
2026-02-11	-93.639	32.411	0	16.177	4.72	27.27	16.273	7.3	22.9	80.379	58.836	95.978	101.55	1.501	163.494	1.959	3.564	0.399	0	0.338	0.33	0.388	0.406	0.355	-1.163	-0.1	-0.1	1.944	2.282	3.77	3.38	2.051	15.586	15.174	13.551	12.511	13.137	0.693
2026-02-12	-93.639	32.411	0	11.663	2.25	25.26	12.031	3.8	22.3	79.681	49.208	99.892	101.552	1.104	175.639	0.929	1.816	0.406	0	0.333	0.327	0.386	0.406	0.355	-2.572	-0.1	-0.1	1.857	2.27	3.754	3.379	2.053	13.889	13.771	13.471	12.998	13.323	0.687
2026-02-13	-93.639	32.411	0	14.949	4.53	28.54	15.877	6.7	25.9	79.018	52.921	100	101.316	1.418	160.458	1.186	2.136	0.539	0	0.329	0.325	0.384	0.406	0.355	-5.278	-0.1	-0.1	1.789	2.256	3.76	3.371	2.054	14.25	13.985	13.406	13.182	13.534	0.725
2026-02-14	-93.639	32.411	17.892	15.405	9.47	18.96	15.89	11.9	19	93.822	80.364	100	100.575	1.698	29.886	2.693	4.977	0.116	0.003	0.336	0.332	0.387	0.41	0.359	-6.166	-0.1	-0.1	1.827	2.282	3.786	3.389	2.104	14.722	14.591	13.914	13.406	13.711	NA
2026-02-15	-93.639	32.411	1.447	14.373	5.6	16.87	14.795	9.2	16.2	91.043	81.67	99.884	100.65	1.534	49.798	3.167	5.378	0.154	0	0.371	0.349	0.4	0.421	0.373	-0.2	-0.1	-0.1	2.146	2.462	3.841	3.46	2.209	14.94	14.863	14.273	13.719	13.853	NA
2026-02-16	-93.639	32.411	0.068	11.664	3.04	22.51	11.624	5.3	20.1	85.675	55.639	100	101.279	1.161	195.529	1.383	2.636	0.265	0	0.364	0.341	0.397	0.415	0.368	-0.2	-0.1	-0.1	2.108	2.432	3.808	3.417	2.161	14.106	14.047	14.049	13.911	14.034	0.751
2026-02-17	-93.639	32.411	0	16.673	9.5	22.94	17.137	11	22.7	81.421	62.629	96.136	100.93	1.574	137.083	3.117	5.756	0.425	0	0.359	0.338	0.396	0.412	0.366	-0.2	-0.1	-0.1	2.083	2.411	3.799	3.402	2.151	14.753	14.541	14.126	14.001	14.184	0.767
2026-02-18	-93.639	32.411	0	18.943	13.31	26.94	19.438	15.1	24.4	83.949	67.758	97.083	100.365	1.89	132.349	2.536	4.761	0.401	0	0.352	0.336	0.394	0.41	0.365	-0.2	-0.1	-0.1	2.069	2.4	3.802	3.397	2.145	16.36	16.04	14.804	14.18	14.329	0.789
2026-02-19	-93.639	32.411	0	20.357	10.63	28	21.631	15.9	26.9	79.657	60.617	94.519	99.978	2.048	154.057	2.313	4.506	0.58	0	0.346	0.335	0.394	0.41	0.365	-0.306	-0.1	-0.1	2.038	2.398	3.793	3.392	2.141	17.819	17.384	15.674	14.547	14.448	0.8
2026-02-20	-93.639	32.411	0	13.695	8.36	22.85	15.356	10.6	20.7	54.371	36.747	83.052	100.498	0.921	96.833	2.059	3.768	0.85	0	0.339	0.332	0.392	0.409	0.364	-0.748	-0.1	-0.1	1.958	2.382	3.761	3.388	2.135	16.021	16.095	15.831	14.966	14.606	NA
2026-02-21	-93.639	32.411	0.766	13.697	7.17	21.87	14.485	9.5	18.2	59.099	51.338	77.17	101.257	0.981	121.039	2.962	5.225	0.684	0	0.333	0.328	0.39	0.408	0.363	-2.2	-0.1	-0.1	1.898	2.363	3.761	3.385	2.132	15.447	15.503	15.385	15.109	14.78	0.826
2026-02-22	-93.639	32.411	0	6.513	-2.42	16.46	7.859	1.9	13.9	52.574	29.65	80.368	102.816	0.539	208.405	3.446	5.772	0.556	0	0.325	0.324	0.387	0.407	0.363	-7.076	-0.1	-0.1	1.8	2.248	3.758	3.377	2.129	13.248	13.503	14.597	15.043	14.946	0.79
2026-02-23	-93.639	32.411	0	4.192	-6.26	18.17	5.569	-2.2	14.7	50.951	26.442	75.186	102.73	0.433	210.197	1.864	3.266	0.536	0	0.316	0.32	0.383	0.406	0.362	-11.302	-0.207	-0.1	1.717	2.002	3.759	3.366	2.126	11.314	11.644	13.35	14.668	15.061	0.767
2026-02-24	-93.639	32.411	0	8.967	-3.83	21.11	10.026	-1.5	19.3	56.293	33.008	83.983	101.402	0.673	188.26	2.779	5.28	0.689	0	0.309	0.316	0.381	0.405	0.362	-13.418	-0.401	-0.1	1.668	1.598	3.757	3.346	2.118	10.801	10.994	12.498	14.136	15.1	0.785
2026-02-25	-93.639	32.411	0	16.859	9.43	25.25	17.799	11.4	24.8	76.735	59.486	91.632	100.205	1.563	111.615	2.977	5.848	0.545	0	0.301	0.31	0.38	0.404	0.361	-14.417	-0.66	-0.1	1.658	1.282	3.748	3.324	2.11	13.532	13.217	12.928	13.859	15.055	0.819
2026-02-26	-93.639	32.411	0	19.004	9.51	29.85	20.203	13.1	27.2	80.359	56.079	95.914	100.306	1.883	140.394	1.141	2.154	0.547	0	0.293	0.303	0.381	0.403	0.361	-14.998	-1.147	-0.1	1.639	1.19	3.703	3.338	2.104	16.209	15.779	14.209	13.997	14.999	0.816
2026-02-27	-93.639	32.411	0	14.085	4.87	27.77	16.303	9	26.1	72.903	37.078	100	100.963	1.288	203.179	1.346	2.744	0.698	0	0.285	0.297	0.38	0.403	0.36	-17.385	-2.056	-0.1	1.591	1.114	3.611	3.354	2.104	15.707	15.585	14.811	14.397	14.923	0.815
2026-02-28	-93.639	32.411	0	13.784	2.24	27.17	16.339	4.6	26.8	68.113	36.353	100	101.083	1.194	206.311	1.381	2.432	0.863	0	0.275	0.292	0.379	0.402	0.36	-20.617	-4.615	-0.16	1.562	0.989	3.532	3.326	2.099	14.847	14.882	14.67	14.63	15	0.817
2026-03-01	-93.639	32.411	0	16.734	7.25	27.25	18.841	10	27	69.367	40.409	100	101.274	1.452	204.781	1.999	3.778	0.836	0	0.269	0.288	0.379	0.4	0.359	-22.983	-7.061	-0.2	1.557	0.871	3.482	3.216	2.096	15.61	15.478	14.847	14.729	15.067	0.814
2026-03-02	-93.639	32.411	0	17.001	8.03	27.76	19.033	12.4	26.6	75.271	46.951	96.821	101.293	1.627	198.521	1.457	2.869	0.653	0	0.263	0.286	0.378	0.397	0.358	-25.19	-9.428	-0.278	1.555	0.814	3.445	3.011	2.094	16.565	16.361	15.331	14.907	15.121	0.831
2026-03-03	-93.639	32.411	0	20.048	14.54	26.86	21.207	16.2	27	79.798	59.247	96.158	101.215	1.987	118.033	2.633	5.012	0.581	0	0.26	0.285	0.378	0.392	0.357	-27.741	-10.917	-0.358	1.552	0.795	3.417	2.818	2.094	17.084	16.858	15.822	15.161	15.214	0.847
2026-03-04	-93.639	32.411	0	20.922	12.52	29.68	22.327	16.5	29	78.343	53.849	97.882	101.23	2.075	164.601	1.907	3.751	0.685	0	0.257	0.284	0.379	0.385	0.355	-30.139	-12.046	-0.518	1.562	0.876	3.405	2.637	2.094	18.25	17.974	16.481	15.48	15.32	0.845
2026-03-05	-93.639	32.411	0	21.654	16.93	29.51	22.812	19.2	27.9	75.933	55.29	94.545	101.041	2.084	181.394	2.286	4.349	0.727	0	0.253	0.283	0.379	0.372	0.354	-33.64	-12.546	-0.797	1.575	0.925	3.398	2.437	2.089	18.953	18.685	17.134	15.866	15.446	0.843
2026-03-06	-93.639	32.411	0	22.147	16.27	28.98	23.159	18.8	28.4	77.936	57.2	94.213	100.92	2.178	132.194	3.278	6.093	0.706	0	0.25	0.283	0.38	0.357	0.352	-39.565	-12.983	-1.312	1.581	0.911	3.353	2.266	2.084	19.098	18.868	17.556	16.262	15.593	0.852
2026-03-07	-93.639	32.411	12.109	20.711	16.14	28.6	20.604	15.7	27.3	89.857	69.339	100	101.046	2.186	92.963	2.657	5.174	0.292	0.009	0.252	0.287	0.382	0.347	0.351	-44.025	-13.311	-2.337	1.6	0.979	3.401	2.206	2.083	19.601	19.42	18.07	16.609	15.765	NA
2026-03-08	-93.639	32.411	4.593	19.121	14.44	27.14	18.578	14.3	22.8	89.603	74.663	100	101.187	1.911	143.488	1.959	3.748	0.255	0.001	0.266	0.332	0.403	0.385	0.35	-0.288	-13.533	-0.814	2.328	2.125	3.745	2.895	2.084	18.736	18.661	17.991	16.927	15.953	0.873
2026-03-09	-93.639	32.411	0.34	21.618	17.97	26.38	21.845	18.8	25.9	90.93	81.338	96.99	100.989	2.387	80.781	2.049	3.895	0.253	0	0.27	0.318	0.399	0.38	0.35	-0.2	-12.831	-1.733	2.295	2.07	3.691	2.819	2.084	19.402	19.203	18.198	17.103	16.146	NA
2026-03-10	-93.639	32.411	0	22.64	19.36	26.64	23.307	20.4	26.5	86.98	76.792	97.561	100.899	2.484	79.167	2.917	5.72	0.393	0	0.271	0.314	0.397	0.375	0.35	-0.2	-12.44	-3.913	2.288	2.045	3.657	2.76	2.084	20.125	19.886	18.642	17.338	16.318	NA
2026-03-11	-93.639	32.411	19.025	18.124	12.25	21.9	18.159	12.2	23	95.702	81.191	100	100.853	2.007	9.128	2.615	5.106	0.104	0.005	0.326	0.358	0.406	0.398	0.365	-0.18	-7.179	-2.795	2.251	2.246	3.756	3.101	2.145	19.508	19.448	18.961	17.954	16.571	NA
2026-03-12	-93.639	32.411	4.998	10.448	3.31	19.72	11.217	5.1	18.1	64.892	37.602	86.858	102.022	0.838	242.867	2.85	5.295	0.528	0.001	0.37	0.352	0.415	0.427	0.39	-0.1	-0.1	-0.1	2.155	2.286	3.74	3.404	2.114	16.689	16.923	17.962	18.024	16.8	0.863
2026-03-13	-93.639	32.411	0	12.341	2.04	23.72	14.161	4	23.5	65.657	42.894	87.155	101.235	1.047	239.376	1.703	3.473	0.685	0	0.358	0.34	0.409	0.423	0.39	-0.1	-0.1	-0.1	2.134	2.273	3.736	3.249	2.095	15.666	15.765	16.866	17.477	16.895	0.855
2026-03-14	-93.639	32.411	0	16.892	9.5	25.38	18.011	11.5	25	77.01	55.275	98.782	100.847	1.571	224.073	2.366	4.645	0.566	0	0.346	0.336	0.406	0.416	0.387	-0.133	-0.1	-0.1	2.139	2.283	3.749	3.267	2.087	16.499	16.41	16.668	17.105	16.9	0.862
2026-03-15	-93.639	32.411	0	18.168	7.95	25.16	19.028	9.2	26.1	74.713	51.872	90.627	100.066	1.691	125.618	4.439	8.492	0.584	0	0.334	0.333	0.402	0.413	0.38	-0.257	-0.1	-0.1	2.139	2.282	3.77	3.273	2.086	17.444	17.335	17.029	16.993	16.9	0.873
2026-03-16	-93.639	32.411	0	5.639	-1.81	12.31	5.766	1.2	8.8	46.363	30.225	60.369	101.686	0.425	216.72	5.059	8.855	0.502	0	0.324	0.328	0.396	0.411	0.374	-0.773	-0.1	-0.1	2.079	2.261	3.768	3.265	2.092	14.331	14.859	16.477	16.962	16.9	0.87
2026-03-17	-93.639	32.411	0	5.655	-6.11	18.61	5.205	-4.9	14.7	53.188	29.952	96.318	102.07	0.439	243.771	1.266	2.577	0.53	0	0.319	0.323	0.392	0.409	0.371	-2.515	-0.1	-0.1	2.003	2.247	3.747	3.257	2.101	12.089	12.562	14.847	16.476	16.9	0.835
2026-03-18	-93.639	32.411	0	12.836	4.53	24.1	13.446	6.9	22.1	56.95	37.709	71.224	101.718	0.88	220.141	2.049	4.215	0.75	0	0.313	0.318	0.389	0.407	0.37	-5.998	-0.123	-0.1	1.936	2.227	3.776	3.256	2.101	13.065	13.227	14.384	15.877	16.872	0.841
2026-03-19	-93.639	32.411	0	16.956	6.95	28.29	18.252	11.2	27.5	67.892	44.807	91.32	101.549	1.398	240.72	1.681	3.4	0.819	0	0.305	0.313	0.388	0.406	0.368	-9.549	-0.2	-0.1	1.857	2.188	3.784	3.253	2.096	14.861	14.713	14.784	15.632	16.744	0.839
2026-03-20	-93.639	32.411	0	19.726	11.93	29.65	20.799	13.8	28.8	71.897	49.808	96.612	101.257	1.731	241.306	2.185	4.332	0.83	0	0.296	0.308	0.388	0.405	0.366	-11.542	-0.299	-0.101	1.798	2.088	3.773	3.245	2.091	16.505	16.223	15.559	15.736	16.622	0.829
2026-03-21	-93.639	32.411	0	21.659	14.79	30.76	22.743	16.2	30.6	71.608	47.507	94.848	100.911	1.92	243.529	2.237	4.399	0.958	0	0.29	0.305	0.389	0.403	0.364	-13.54	-0.465	-0.197	1.76	1.912	3.749	3.194	2.086	17.9	17.567	16.4	16.02	16.531	0.839
2026-03-22	-93.639	32.411	0	21.491	14.58	29.88	22.871	16.1	30	69.388	47.06	94.339	100.713	1.87	248.479	2.516	5.149	1.008	0	0.284	0.303	0.389	0.4	0.362	-16.028	-0.757	-0.249	1.738	1.773	3.728	2.997	2.082	18.669	18.371	17.155	16.413	16.5	0.834
2026-03-23	-93.639	32.411	0	19.118	10.49	28.75	20.471	13.5	26.4	69.009	48.864	98.336	101.303	1.648	211.858	1.844	3.688	0.818	0	0.277	0.301	0.389	0.392	0.36	-19.315	-1.322	-0.396	1.725	1.629	3.701	2.738	2.075	18.52	18.384	17.555	16.793	16.6	0.843
2026-03-24	-93.639	32.411	0	16.543	7.28	27.79	17.858	9.8	27.4	59.735	51.262	82.213	101.462	1.273	228.605	1.344	2.667	0.892	0	0.268	0.298	0.388	0.379	0.358	-23.7	-2.383	-0.681	1.715	1.46	3.675	2.515	2.071	17.553	17.532	17.423	17.027	16.677	0.878
2026-03-25	-93.639	32.411	0	19.686	12.43	29.76	21.256	14.8	28.4	72.893	51.562	92.436	101.27	1.829	176.549	1.424	2.867	0.775	0	0.263	0.295	0.387	0.364	0.355	-27.43	-4.554	-1.378	1.715	1.352	3.654	2.363	2.068	18.166	18	17.474	17.094	16.781	0.898
2026-03-26	-93.639	32.411	0	20.966	16.48	28.59	22.059	18	27.9	76.028	55.212	94.64	101.117	1.985	175.592	2.307	4.715	0.71	0	0.26	0.293	0.387	0.349	0.353	-31.481	-6.339	-3.091	1.716	1.281	3.62	2.257	2.062	18.785	18.578	17.809	17.23	16.88	0.85
2026-03-27	-93.639	32.411	0	21.173	14.44	30.86	21.301	15.7	28.8	74.854	56.016	97.867	101.478	1.892	226.593	2.613	5.34	0.723	0	0.256	0.289	0.387	0.327	0.351	-37.115	-8.243	-5.412	1.718	1.204	3.583	2.082	2.054	19.293	19.121	18.163	17.439	16.96	0.857
2026-03-28	-93.639	32.411	0	13.893	7.04	20.56	14.168	9.5	19.3	48.974	37.933	73.699	102.472	0.782	206.614	3.175	6.188	0.853	0	0.246	0.282	0.385	0.305	0.348	-48.208	-10.31	-7.006	1.691	1.076	3.552	1.864	2.036	17.126	17.561	17.982	17.629	17.058	0.856
2026-03-29	-93.639	32.411	0	16.528	6.56	27.83	17.743	9	27.3	59.342	44.972	76.654	101.782	1.224	220.993	1.591	3.102	0.957	0	0.24	0.275	0.382	0.292	0.345	-63.061	-11.369	-9.14	1.709	0.982	3.537	1.689	2.021	16.626	16.701	17.19	17.494	17.16	0.858
2026-03-30	-93.639	32.411	0	20.523	14.16	28.96	21.805	16	28.2	72.033	48.873	95.872	101.432	1.847	207.48	2.33	4.663	0.835	0	0.238	0.271	0.382	0.283	0.341	-72.215	-12.865	-10.879	1.723	0.948	3.508	1.588	2.005	18.026	17.886	17.429	17.35	17.2	0.848
2026-03-31	-93.639	32.411	0	21.874	13.14	29.84	22.834	16.4	29.2	74.327	52.046	95.982	101.182	2.024	220.343	2.312	4.705	0.837	0	0.236	0.268	0.382	0.275	0.338	-83.21	-14.59	-12.268	1.731	0.961	3.484	1.49	1.991	18.896	18.693	17.889	17.449	17.217	0.848
2026-04-01	-93.639	32.411	0	22.097	18.39	30.13	22.712	19.6	29.6	80.987	56.407	94.172	100.968	2.215	186.295	2.563	5.071	0.581	0	0.233	0.266	0.381	0.267	0.334	-96.151	-16.646	-13.643	1.735	1.019	3.465	1.423	1.976	19.623	19.424	18.404	17.668	17.3	0.849
2026-04-02	-93.639	32.411	6.342	20.899	17.41	24.69	21.492	19.9	24.2	90.563	80.725	99.364	100.789	2.32	80.393	2.279	4.75	0.249	0.006	0.234	0.267	0.381	0.265	0.331	-109.322	-18.872	-14.733	1.736	1.082	3.451	1.383	1.966	19.751	19.605	18.755	17.942	17.356	NA
2026-04-03	-93.639	32.411	1.021	22.825	18.6	29.03	23.201	19.6	27.9	87.203	69.325	99.196	101.033	2.468	156.412	2.25	4.671	0.402	0	0.236	0.27	0.38	0.267	0.329	-116.342	-20.851	-15.993	1.755	1.172	3.486	1.385	1.963	20.253	20.021	19.033	18.184	17.452	0.842
2026-04-04	-93.639	32.411	14.171	19.722	15.39	25.18	19.606	15	23.4	96.1	86.036	100	101.237	2.21	44.466	2.126	4.049	0.1	0.005	0.248	0.295	0.389	0.29	0.328	-85.27	-22.235	-17.178	1.988	1.568	3.585	1.642	1.963	20.315	20.233	19.408	18.431	17.568	NA
2026-04-05	-93.639	32.411	3.349	14.959	9.39	21.37	15.287	10.6	20.6	69.707	46.248	98.586	101.911	1.19	238.848	3.164	5.846	0.571	0	0.29	0.328	0.407	0.336	0.327	-0.231	-19.339	-16.349	2.355	2.359	3.759	2.081	1.966	18.552	18.867	19.035	18.591	17.688	0.853
2026-04-06	-93.639	32.411	0	13.288	5.03	24.51	14.373	7.5	23.1	63.74	33.974	91.485	101.902	0.987	281.403	1.669	3.445	0.742	0	0.284	0.317	0.402	0.328	0.325	-0.239	-19.071	-16.533	2.234	2.274	3.736	1.973	1.958	17.365	17.592	18.246	18.442	17.804	0.858
2026-04-07	-93.639	32.411	0	13.389	2.34	26.14	14.89	4.7	24.6	65.518	40.839	98.63	101.55	1.046	248.098	1.512	3.251	0.803	0	0.279	0.311	0.399	0.322	0.323	-0.72	-20.351	-17.697	2.079	2.205	3.744	1.894	1.951	16.271	16.511	17.524	18.122	17.9	0.857
2026-04-08	-93.639	32.411	0	15.519	4.7	27.03	17.381	7.2	26.6	63.894	35.163	98.443	101.447	1.186	276.747	1.224	2.692	0.971	0	0.272	0.306	0.397	0.313	0.321	-4.331	-22.157	-19.295	1.89	2.1	3.742	1.769	1.943	16.555	16.626	17.178	17.797	17.9	0.857
2026-04-09	-93.639	32.411	0	18.17	8.74	28.82	19.467	10.4	27.6	71.158	49.947	94.667	101.624	1.6	279.503	1.408	2.908	0.779	0	0.265	0.301	0.396	0.303	0.318	-12.6	-23.915	-21.043	1.712	1.89	3.716	1.615	1.934	17.286	17.193	17.257	17.638	17.844	0.853
2026-04-10	-93.639	32.411	0	20.267	10.69	29.19	21.154	13	28.9	74.911	52.504	98.801	101.709	1.857	275.509	1.275	2.736	0.75	0	0.26	0.295	0.396	0.292	0.316	-20.252	-26.24	-22.749	1.614	1.914	3.67	1.504	1.928	18.315	18.143	17.681	17.65	17.8	0.859
2026-04-11	-93.639	32.411	0	21.008	12.74	29.35	21.88	14	28.2	75.921	51.331	100	101.701	1.944	251.108	1.488	3.148	0.764	0	0.256	0.293	0.395	0.281	0.313	-31.266	-28.827	-24.477	1.558	1.785	3.629	1.434	1.921	18.984	18.811	18.161	17.813	17.8	0.858
2026-04-12	-93.639	32.411	0.323	21.523	17.68	27.41	22.061	18.2	25.9	81.755	69.825	94.339	101.418	2.17	128.053	2.503	5.292	0.506	0	0.253	0.29	0.394	0.271	0.311	-49.015	-31.8	-26.221	1.532	1.614	3.581	1.402	1.914	19.372	19.239	18.545	18.027	17.8	0.863
2026-04-13	-93.639	32.411	0.034	22.647	18.89	28.54	23.111	19.8	26.9	81.48	68.979	92.964	101.363	2.291	145.943	2.22	4.787	0.558	0	0.252	0.287	0.394	0.262	0.309	-67.116	-34.656	-27.85	1.529	1.518	3.54	1.361	1.91	20.019	19.841	18.936	18.254	17.832	0.862
2026-04-14	-93.639	32.411	0	22.887	17.88	30.83	23.246	18.9	28.2	79.531	62.625	96.226	101.188	2.242	194.734	1.995	4.296	0.651	0	0.249	0.282	0.393	0.253	0.306	-87.184	-37.972	-29.584	1.536	1.39	3.527	1.312	1.904	20.349	20.172	19.276	18.492	17.902	0.841
2026-04-15	-93.639	32.411	0	23.379	17.09	31.79	23.385	18.2	29.3	78.047	56.337	97.889	100.977	2.21	208.384	2.141	4.68	0.724	0	0.246	0.279	0.391	0.241	0.304	-113.568	-41.547	-31.401	1.534	1.355	3.499	1.263	1.9	20.608	20.428	19.569	18.722	18.008	0.805
2026-04-16	-93.639	32.411	0	24.291	17.65	33.27	24.219	19.6	30.1	77.571	59.075	95.735	101.008	2.321	200.08	1.644	3.616	0.756	0	0.243	0.274	0.389	0.23	0.301	-141.084	-45.41	-33.004	1.526	1.451	3.489	1.237	1.897	20.966	20.764	19.811	18.94	18.115	0.793
2026-04-17	-93.639	32.411	0	23.768	15.76	32.75	23.725	17.5	29.8	76.5	55.991	97.889	100.791	2.209	230.324	2.354	5.148	0.787	0	0.24	0.271	0.386	0.22	0.299	-167.407	-50.062	-34.696	1.516	1.296	3.48	1.207	1.892	21.144	20.957	20.084	19.155	18.231	0.786
2026-04-18	-93.639	32.411	0.578	19.476	10.33	31.25	19.077	10.1	25.9	85.608	71.849	96.423	101.022	1.923	109.547	2.999	5.696	0.356	0	0.238	0.268	0.383	0.211	0.297	-194.292	-55.691	-36.53	1.506	1.178	3.474	1.181	1.888	20.82	20.783	20.199	19.346	18.346	0.8
2026-04-19	-93.639	32.411	0.629	14.934	5.96	27.52	14.357	8	23	71.645	37.361	100	102.044	1.097	293.715	1.717	3.674	0.63	0	0.235	0.272	0.378	0.207	0.295	-227.68	-60.913	-38.479	1.494	1.368	3.498	1.162	1.885	18.768	18.895	19.522	19.375	18.464	0.796
2026-04-20	-93.639	32.411	0	14.689	2.43	29.62	15.07	4.6	24.7	68.761	38.182	100	101.963	1.107	259.868	1.145	2.466	0.765	0	0.231	0.27	0.373	0.201	0.293	-268.669	-66.252	-40.604	1.484	1.262	3.509	1.126	1.874	17.427	17.538	18.574	19.091	18.572	0.788
2026-04-21	-93.639	32.411	0	14.243	5.48	23.51	14.463	7.5	20.8	82.517	62.028	100	101.781	1.36	87.335	0.764	1.624	0.346	0	0.23	0.265	0.37	0.196	0.291	-298.351	-71.133	-42.282	1.476	1.109	3.507	1.097	1.866	17.065	17.155	18.059	18.729	18.6	NA
2026-04-22	-93.639	32.411	0.255	20.149	11.65	30.26	19.619	12.9	26	84.206	70.002	94.905	101.264	1.939	178.711	1.349	2.943	0.413	0	0.23	0.263	0.369	0.193	0.29	-302.52	-75.82	-43.972	1.486	1.038	3.482	1.076	1.858	18.023	17.883	18.025	18.49	18.592	0.817
2026-04-23	-93.639	32.411	0	22.133	16.78	30.95	21.901	17.4	28.3	85.932	67.153	99.08	100.674	2.245	154.986	1.951	4.293	0.439	0	0.23	0.263	0.369	0.189	0.288	-300.994	-81.175	-46.077	1.487	0.995	3.423	1.022	1.851	19.199	19.033	18.548	18.471	18.5	0.826
2026-04-24	-93.639	32.411	0	24.059	18.9	32.16	23.718	19.1	29.8	82.338	65.059	95.898	100.22	2.412	170.519	2.029	4.676	0.569	0	0.23	0.259	0.368	0.186	0.287	-304.072	-88.128	-48.696	1.49	0.96	3.393	0.943	1.842	20.249	20.023	19.128	18.644	18.5	0.824
2026-04-25	-93.639	32.411	7.808	21.459	14.54	29.6	20.55	15	27.4	91.966	76.173	100	100.281	2.239	184.526	1.735	3.64	0.239	0.126	0.237	0.282	0.368	0.192	0.285	-312.078	-95.979	-51.712	1.356	2.203	3.423	0.966	1.861	20.139	20.017	19.474	18.903	18.5	0.827
2026-04-26	-93.639	32.411	0	25.33	20.22	33.07	24.995	20.9	30.4	84.369	68.711	97.634	100.324	2.656	212.233	2.098	4.531	0.559	0	0.24	0.281	0.368	0.192	0.284	-300.074	-103.715	-55.347	1.348	2.112	3.449	0.966	1.855	21.247	20.916	19.867	19.12	18.549	0.84
2026-04-27	-93.639	32.411	0	25.738	22.22	31.44	25.827	23	30	84.559	74.123	96.603	100.444	2.81	122.45	2.283	4.878	0.539	0	0.24	0.28	0.367	0.189	0.282	-293.503	-112.535	-59.286	1.332	2.025	3.453	0.954	1.853	22.006	21.717	20.487	19.42	18.62	0.857
2026-04-28	-93.639	32.411	0	25.557	22.29	32.99	25.835	22.9	30.2	83.288	71.146	93.969	100.646	2.762	129.006	1.933	4.247	0.586	0	0.239	0.28	0.367	0.187	0.281	-288.728	-121.238	-62.63	1.307	1.959	3.456	0.926	1.849	22.412	22.161	20.957	19.758	18.739	0.835
2026-04-29	-93.639	32.411	3.538	21.681	17.4	25.95	21.645	17.3	25.1	93.318	81.658	99.891	100.644	2.424	35.522	1.83	3.619	0.186	0.117	0.24	0.28	0.367	0.186	0.28	-287.855	-128.776	-65.744	1.283	1.902	3.467	0.898	1.846	22.14	22.065	21.2	20.066	18.867	NA
2026-04-30	-93.639	32.411	7.106	16.786	14.94	19.83	16.052	14.6	17.7	95.77	84.691	100	100.817	1.747	61.419	2.285	4.715	0.078	0.174	0.24	0.281	0.367	0.187	0.279	-300.44	-132.824	-68.326	1.347	2.118	3.478	0.89	1.846	20.556	20.758	20.842	20.235	19.034	NA
2026-05-01	-93.639	32.411	15.742	13.918	12.63	16.18	13.214	11.8	14.7	95.642	88.535	100	100.993	1.453	48.453	1.937	3.603	0.066	0.109	0.246	0.331	0.382	0.19	0.279	-307.289	-134.51	-70.292	1.745	2.725	3.761	0.84	1.849	18.989	19.344	20.072	20.105	19.16	NA
2026-05-02	-93.639	32.411	2.669	18.309	9.36	30.51	16.828	11	24.1	75.515	44.229	99.621	101.341	1.38	265.625	1.886	3.61	0.607	0.017	0.259	0.345	0.394	0.194	0.278	-151.607	-137.159	-71.667	2.18	3.093	3.975	0.786	1.85	19.059	19.073	19.406	19.752	19.2	0.738
2026-05-03	-93.639	32.411	0	19.753	7.28	34.54	18.565	8.4	28	70.504	39.392	100	101.398	1.415	264.783	1.397	2.961	0.906	0	0.257	0.333	0.391	0.193	0.277	-78.369	-139.796	-73.414	2.116	3.052	3.94	0.79	1.847	19.166	19.096	19.327	19.534	19.2	0.731
2026-05-04	-93.639	32.411	0	21.944	11.45	32.9	21.102	13.9	27.3	64.269	46.377	83.11	100.808	1.579	283.858	2.524	5.269	1	0	0.254	0.324	0.387	0.192	0.275	-82.865	-143.621	-75.549	1.891	3.044	3.917	0.792	1.847	19.648	19.424	19.415	19.41	19.2	0.734
2026-05-05	-93.639	32.411	0	23.671	18.18	32.68	23.261	18.9	28.5	83.072	72.545	91.491	100.199	2.385	115.646	2.797	5.543	0.517	0	0.254	0.315	0.383	0.191	0.274	-103.696	-148.725	-77.981	1.649	3.016	3.875	0.793	1.849	20.33	20.136	19.701	19.456	19.2	0.757
2026-05-06	-93.639	32.411	1.753	20.939	13.09	28.55	20.429	12.7	26.4	90.245	85.624	97.784	100.54	2.225	96.065	2.79	5.114	0.244	0.01	0.255	0.308	0.382	0.19	0.273	-120.831	-153.685	-80.67	1.544	3.022	3.845	0.8	1.848	21.236	21.13	20.279	19.619	19.2	NA
2026-05-07	-93.639	32.411	0	18.279	10.52	29.61	16.489	11	22.4	76.526	54.729	94.104	101.099	1.413	255.599	2.362	4.407	0.514	0	0.254	0.306	0.379	0.19	0.272	-147.198	-156.879	-83.704	1.426	2.997	3.822	0.801	1.844	19.944	20.049	20.111	19.8	19.2	0.766
2026-05-08	-93.639	32.411	0	21.453	13.5	32.5	19.929	14.2	26.3	77.209	53.419	93.446	100.746	1.774	241.143	1.509	3.174	0.616	0	0.254	0.304	0.376	0.189	0.271	-178.335	-160.44	-86.798	1.295	2.932	3.767	0.806	1.84	20.283	20.173	19.981	19.75	19.281	0.776
2026-05-09	-93.639	32.411	15.242	21.601	17.7	29.88	21.156	17.5	28.1	92.795	77.117	100	100.501	2.336	132.231	1.604	3.55	0.21	0.019	0.279	0.35	0.404	0.347	0.271	-16.351	-162.825	-82.232	2.013	3.007	3.981	2.569	1.849	20.893	20.735	20.23	19.837	19.3	0.731
2026-05-10	-93.639	32.411	0	24.152	20.01	33.95	23.269	20	29.7	84.953	64.619	97.017	100.928	2.403	215.391	1.982	3.89	0.504	0	0.28	0.342	0.402	0.354	0.271	-0.598	-158.957	-70.713	2.049	2.967	3.99	2.7	1.852	21.816	21.521	20.617	19.954	19.358	0.816
2026-05-11	-93.639	32.411	0	20.686	15.49	25.78	20.314	15.6	25	82.986	64.893	95.187	101.367	1.969	159.517	2.263	4.311	0.437	0	0.278	0.336	0.399	0.35	0.27	-5.107	-155.168	-64.972	1.849	2.935	3.962	2.674	1.853	21.612	21.569	20.984	20.19	19.4	0.824
2026-05-12	-93.639	32.411	0	18.282	11.71	29.26	17.509	11.7	26.4	80.677	45.936	96.674	101.463	1.562	295.646	1.091	2.396	0.546	0	0.276	0.332	0.397	0.348	0.27	-13.002	-150.964	-62.554	1.674	2.925	3.947	2.653	1.853	20.449	20.609	20.804	20.312	19.5	0.824
2026-05-13	-93.639	32.411	0	22.215	11.85	31.05	21.587	12	31.5	72.092	38.885	100	101.173	1.741	292.451	1.044	2.111	1.054	0	0.273	0.315	0.394	0.341	0.268	-27.476	-144.878	-61.49	1.364	2.959	3.926	2.529	1.857	21.185	21.132	20.78	20.35	19.583	0.829
2026-05-14	-93.639	32.411	0	23.96	15.83	30.91	23.593	15.6	31	68.739	45.586	96.931	100.971	1.911	281.131	1.261	2.655	1.137	0	0.273	0.31	0.392	0.331	0.266	-44.07	-142.966	-62.224	1.279	2.921	3.897	2.266	1.858	21.784	21.633	20.978	20.404	19.637	0.831
2026-05-15	-93.639	32.411	0	26.574	20.56	31.8	26.022	20	31.4	70.088	48.022	89.675	100.766	2.316	277.333	2.408	4.932	1.131	0	0.274	0.308	0.388	0.313	0.265	-67.997	-144.078	-63.9	1.266	2.821	3.843	1.864	1.858	22.394	22.134	21.278	20.538	19.7	0.829
