2026-01-21	-93.163	30.802	1.429	14.447	14.26	14.7	15.045	14.7	15.6	96.962	95.442	98.464	101.448	1.658	0	0.84	2.132	0.052	0.001	0.293	0.25	0.214	0.31	0.227	-9.985	-17.42	-12.43	0.475	0.622	1.089	0.679	0.809	14.178	13.8	13.037	13.52	15.255	NA
2026-01-22	-93.163	30.802	0.034	14.578	12.47	18	13.442	12.1	14.7	99.597	98.046	100	101.418	1.538	52.711	1.224	2.795	0.005	0	0.301	0.26	0.217	0.306	0.227	-0.539	-23.24	-21.051	0.451	0.659	1.108	0.649	0.806	14.595	14.389	13.721	13.819	15.243	NA
2026-01-23	-93.163	30.802	0	13.738	9.34	20.45	12.568	7.9	16.7	94.641	84.599	100	101.438	1.385	60.018	2.154	4.662	0.08	0	0.302	0.27	0.219	0.302	0.227	-0.436	-27.547	-27.143	0.427	0.651	1.123	0.633	0.79	14.274	14.445	14.238	14.458	15.489	NA
2026-01-24	-93.163	30.802	17.489	6.165	3.96	9.23	3.37	0.8	7.8	93.039	81.138	100	101.036	0.724	18.225	1.901	4.534	0.063	0.001	0.309	0.28	0.221	0.299	0.227	-0.423	-29.46	-31.3	0.4	0.638	1.116	0.619	0.781	9.081	10.908	12.732	14.528	15.683	NA
2026-01-25	-93.163	30.802	34.192	2.469	-1.19	5.7	-0.871	-4.7	1	99.03	95.13	100	101.079	0.572	43.954	1.891	5.267	0.004	0.002	0.322	0.306	0.222	0.297	0.227	-0.175	-22.597	-35.21	0.365	0.658	1.116	0.604	0.773	5.501	7.266	9.559	13.184	15.537	NA
2026-01-26	-93.163	30.802	0	0.316	-2.51	7.62	-2.947	-4.6	-0.2	88.936	74.712	97.105	102.684	0.437	93.45	1.249	3.616	0.058	0	0.322	0.312	0.226	0.295	0.226	-0.1	-13.901	-39.284	0.334	0.628	1.128	0.59	0.762	3.23	4.923	7.234	11.583	14.908	NA
2026-01-27	-93.163	30.802	0	2.149	-4.35	14.79	0.014	-7.8	8.4	73.88	38.885	100	102.655	0.432	146.294	0.645	1.586	0.22	0	0.319	0.309	0.229	0.293	0.226	-0.169	-14.743	-42.356	0.328	0.617	1.149	0.582	0.753	4.219	5.106	6.485	10.35	14.115	0.407
2026-01-28	-93.163	30.802	0	3.667	-3.09	17.22	3.027	-3.7	12.3	75.209	41.937	100	102.25	0.553	149.043	0.74	1.815	0.268	0	0.316	0.307	0.231	0.291	0.225	-0.232	-16.179	-45.501	0.328	0.609	1.164	0.577	0.743	5.322	6.001	6.919	9.906	13.458	0.399
2026-01-29	-93.163	30.802	0	5.881	-2.3	20.44	6.114	-3.2	15.8	78.412	49.354	100	101.494	0.738	142.332	0.892	2.181	0.308	0	0.313	0.305	0.233	0.29	0.225	-0.531	-17.436	-48.851	0.33	0.606	1.178	0.573	0.738	6.552	6.886	7.465	9.881	13.071	0.397
2026-01-30	-93.163	30.802	0	6.277	0.29	16.8	6.792	1.3	11.6	70.03	45.219	96.287	101.664	0.682	130.989	1.351	3.657	0.32	0	0.31	0.302	0.235	0.288	0.225	-1.659	-18.604	-52.932	0.326	0.599	1.176	0.563	0.725	7.576	8.106	8.511	10.192	12.896	0.403
2026-01-31	-93.163	30.802	0	2.922	-2.52	13.15	1.39	-1.1	3.9	54.755	29.169	80.49	102.466	0.364	187.037	1.426	4.011	0.314	0	0.308	0.302	0.237	0.287	0.225	-6.096	-19.706	-57.306	0.311	0.582	1.166	0.554	0.715	5.3	6.622	7.931	10.32	12.845	0.385
2026-02-02	-93.163	30.802	0	7.54	-2.51	22.65	8.341	-2.8	18.7	75.367	49.553	99.802	102.021	0.867	148.745	1.283	2.95	0.376	0	0.298	0.298	0.239	0.284	0.224	-14.099	-21.455	-65.531	0.303	0.575	1.19	0.554	0.718	6.729	6.703	6.976	9.314	12.366	0.38
2026-02-03	-93.163	30.802	14.102	13.484	7.86	19.59	14.594	10.4	18.8	87.387	74.281	97.899	101.535	1.461	61.851	1.335	3.31	0.222	0.002	0.294	0.292	0.239	0.282	0.224	-13.857	-21.899	-69.132	0.328	0.593	1.213	0.558	0.72	11.695	10.781	9.708	10.014	12.223	NA
2026-02-04	-93.163	30.802	1.225	10.024	3.72	18.65	9.799	4.2	14.6	75.982	47.421	98.679	101.843	0.925	155.461	1.404	3.932	0.31	0	0.312	0.301	0.24	0.28	0.224	-0.311	-20.068	-73.394	0.363	0.627	1.215	0.558	0.72	11.549	11.852	11.472	11.3	12.527	0.447
2026-02-05	-93.163	30.802	0	7.184	0.33	19.18	7.042	-0.8	15.5	70.666	42.191	100	101.962	0.687	159.961	0.961	2.321	0.377	0	0.313	0.305	0.243	0.279	0.223	-0.241	-17.093	-78.445	0.341	0.6	1.217	0.552	0.714	8.874	9.658	10.324	11.598	12.935	0.411
2026-02-06	-93.163	30.802	0	10.963	2.99	25.4	13.323	4.1	25.6	63.595	27.15	95.909	101.33	0.902	161.846	1.217	2.602	0.78	0	0.308	0.302	0.245	0.278	0.223	-0.603	-17.448	-83.492	0.337	0.598	1.234	0.552	0.714	10.531	10.504	10.391	11.42	13	0.399
2026-02-07	-93.163	30.802	0	11.53	5.15	25.29	13.499	5.8	21.4	60.078	35.41	89.269	101.715	0.888	162.322	1.264	2.832	0.735	0	0.303	0.299	0.247	0.277	0.223	-4.055	-18.205	-88.778	0.325	0.59	1.225	0.542	0.702	11.609	11.671	11.403	11.803	13.099	0.394
2026-02-08	-93.163	30.802	0	13.048	3.54	26.81	13.669	2.5	24.2	74.334	42.649	100	101.706	1.17	163.471	1.115	2.651	0.578	0	0.298	0.296	0.248	0.275	0.223	-11.147	-18.995	-94.086	0.32	0.584	1.23	0.543	0.703	12.329	12.19	11.835	12.202	13.314	0.4
2026-02-09	-93.163	30.802	0	17.512	12.03	29.68	18.172	14.8	24.1	86.309	58.61	99.536	101.549	1.778	107.561	1.274	3.142	0.341	0	0.291	0.291	0.249	0.274	0.223	-13.426	-19.514	-99.085	0.326	0.591	1.244	0.545	0.705	16.196	15.339	13.957	12.977	13.557	0.41
2026-02-10	-93.163	30.802	0	18.286	12.39	26.94	18.626	14.4	24.3	83.41	57.603	100	101.383	1.757	128.14	1.354	3.202	0.431	0	0.287	0.288	0.249	0.272	0.223	-15.328	-20.483	-104.209	0.324	0.59	1.244	0.547	0.705	16.981	16.397	15.247	14.081	14.049	0.417
2026-02-11	-93.163	30.802	0	18.477	12.61	28.19	18.635	12.9	23.3	86.291	70.548	100	101.456	1.851	101.418	1.128	2.509	0.337	0	0.282	0.285	0.25	0.271	0.223	-17.818	-21.345	-109.632	0.319	0.586	1.241	0.542	0.701	17.807	17.328	16.216	14.966	14.607	0.434
2026-02-12	-93.163	30.802	0	17.609	11.99	31.97	16.286	11.7	23.6	83.872	58.005	98.848	101.44	1.534	147.257	0.924	2.188	0.371	0	0.277	0.282	0.251	0.27	0.223	-19.823	-22.104	-115.075	0.312	0.581	1.24	0.542	0.701	17.68	17.555	16.734	15.611	15.135	0.444
2026-02-13	-93.163	30.802	0	17.554	10.72	30.51	16.261	9.7	23.8	87.054	57.706	100	101.313	1.601	153.412	0.763	1.753	0.325	0	0.273	0.28	0.251	0.269	0.223	-21.605	-22.97	-120.671	0.306	0.576	1.238	0.541	0.701	17.61	17.472	16.816	16.018	15.572	0.454
2026-02-14	-93.163	30.802	16.816	17.91	14.03	24.85	17.613	14.7	21.5	91.361	78.643	98.581	100.709	1.838	53.371	2.162	5.216	0.194	0.001	0.269	0.278	0.251	0.268	0.223	-23.071	-23.627	-127.208	0.31	0.577	1.241	0.541	0.703	17.678	17.639	17.117	16.377	15.926	NA
2026-02-15	-93.163	30.802	0	15.562	10.78	20.73	14.878	10.4	17.6	92.851	81.587	100	100.644	1.577	70.738	2.166	4.671	0.126	0	0.295	0.283	0.252	0.267	0.223	-7.797	-24.319	-134.742	0.365	0.588	1.23	0.534	0.699	16.726	17.096	16.915	16.527	16.225	NA
2026-02-16	-93.163	30.802	0.017	16.152	8.9	27.77	15.434	9	21.6	80.063	52.865	99.999	101.224	1.375	182.509	1.026	2.425	0.419	0	0.297	0.286	0.252	0.266	0.223	-2.404	-24.831	-140.907	0.347	0.586	1.227	0.53	0.693	16.609	16.648	16.343	16.37	16.391	0.532
2026-02-17	-93.163	30.802	0	17.299	11.94	25.52	17.123	12.4	21.4	83.057	64.069	98.861	101.078	1.601	115.474	1.671	4.437	0.378	0	0.294	0.286	0.252	0.265	0.223	-7.099	-24.871	-147.011	0.332	0.586	1.235	0.531	0.693	17.137	17.086	16.669	16.42	16.466	0.535
2026-02-18	-93.163	30.802	0	18.973	12.71	29.37	19.643	15.1	24.2	86.151	66.397	99.371	100.52	1.953	99.826	1.558	3.785	0.355	0	0.289	0.284	0.252	0.264	0.222	-12.185	-24.79	-153.156	0.323	0.587	1.243	0.532	0.694	18.189	17.886	17.17	16.648	16.593	NA
2026-02-19	-93.163	30.802	0	21.443	17.68	29.89	22.011	18.2	26.1	85.511	64.199	95.583	100.121	2.248	119.117	1.918	4.801	0.414	0	0.283	0.281	0.252	0.264	0.222	-15.012	-24.75	-159.125	0.317	0.587	1.245	0.529	0.691	20.042	19.408	18.24	17.123	16.801	0.565
2026-02-20	-93.163	30.802	0.119	22.592	18.49	30.24	22.673	20.2	26.8	87.291	67.977	100	100.261	2.384	110.056	1.094	2.766	0.388	0	0.278	0.277	0.252	0.263	0.223	-17.572	-24.835	-164.552	0.311	0.585	1.244	0.527	0.689	21.466	20.778	19.427	17.868	17.146	0.584
2026-02-21	-93.163	30.802	0	20.222	11.92	29.82	19.521	14	23.8	72.993	52.512	97.426	100.976	1.694	149.872	1.397	3.695	0.603	0	0.272	0.275	0.252	0.262	0.223	-20.271	-25.179	-170.265	0.297	0.576	1.235	0.521	0.681	20.858	20.92	20.091	18.595	17.598	0.579
2026-02-22	-93.163	30.802	0	11.078	2.66	23.06	10.588	2.9	15.6	45.859	22.517	66.706	102.57	0.575	197.522	1.758	5.198	0.729	0	0.266	0.277	0.253	0.262	0.223	-23.827	-26.315	-177.136	0.268	0.551	1.212	0.514	0.675	14.983	16.681	17.931	18.515	17.964	0.59
2026-02-23	-93.163	30.802	0	7.949	0.3	23.38	6.532	-0.3	15	48.084	19.653	73.669	102.596	0.426	206.009	1.046	2.751	0.602	0	0.259	0.277	0.254	0.261	0.223	-26.367	-26.684	-184.524	0.252	0.538	1.203	0.512	0.68	12.101	13.581	15.088	17.153	17.882	0.587
2026-02-24	-93.163	30.802	0	9.941	-1	25.65	8.884	-2.5	18.6	66.286	36.905	88.743	101.544	0.746	200.36	1.496	3.51	0.531	0	0.25	0.275	0.255	0.26	0.222	-28.699	-26.609	-192.375	0.247	0.541	1.212	0.514	0.683	11.979	12.777	13.753	15.905	17.379	0.583
2026-02-25	-93.163	30.802	0	17.014	7.95	24.69	18.291	10.8	21.7	77.23	65.345	90.862	100.442	1.62	103.807	2.419	5.956	0.523	0	0.241	0.269	0.254	0.259	0.222	-31.808	-26.601	-199.717	0.252	0.549	1.224	0.514	0.682	15.412	14.995	14.619	15.463	16.882	0.602
2026-02-26	-93.163	30.802	0	19.179	14.37	23.15	20.119	16	22.2	86.018	79.175	97.399	100.382	2.026	49.335	1.298	3.346	0.332	0	0.234	0.264	0.254	0.259	0.222	-34.557	-26.73	-205.641	0.256	0.552	1.224	0.512	0.677	18.088	17.488	16.484	16.024	16.721	NA
2026-02-27	-93.163	30.802	0	18.445	10.48	32.04	18.581	12.5	26	77.841	42.979	100	100.83	1.621	184.307	0.998	2.402	0.596	0	0.229	0.26	0.253	0.258	0.222	-36.562	-27.099	-212.089	0.255	0.552	1.218	0.507	0.674	18.812	18.44	17.489	16.742	16.92	0.627
2026-02-28	-93.163	30.802	0	17.594	9.09	34.07	18.525	10.4	26	64.208	45.962	93.858	101.076	1.394	185.524	1.237	2.878	0.835	0	0.222	0.257	0.253	0.258	0.222	-39.689	-27.828	-219.546	0.243	0.549	1.215	0.508	0.675	18.156	18.064	17.611	17.228	17.216	0.629
2026-03-01	-93.163	30.802	0	19.011	11.46	32.89	18.278	12.7	25.8	76.058	43.636	100	101.35	1.522	205.167	1.348	2.985	0.659	0	0.214	0.253	0.252	0.257	0.222	-43.806	-28.35	-227.115	0.237	0.552	1.217	0.507	0.677	19.326	18.996	18.216	17.538	17.433	0.628
2026-03-02	-93.163	30.802	0	18.12	8.31	33.82	17.664	8.3	26.3	77.218	44.432	100	101.338	1.523	210.168	1.076	2.601	0.63	0	0.206	0.25	0.252	0.257	0.222	-48.268	-29.13	-234.123	0.225	0.55	1.219	0.509	0.678	19.062	18.934	18.38	17.867	17.678	0.628
2026-03-03	-93.163	30.802	0	20.664	12.91	34.59	20.82	15.7	27.8	84.098	59.125	100	101.322	2.042	148.273	1.628	3.78	0.476	0	0.2	0.246	0.251	0.256	0.222	-54.981	-29.807	-240.9	0.219	0.555	1.221	0.508	0.678	20.295	19.823	18.96	18.16	17.886	0.645
2026-03-04	-93.163	30.802	0	23.521	18.17	35.52	22.797	19.2	28.1	80.198	46.961	98.708	101.311	2.169	190.109	1.677	3.937	0.644	0	0.193	0.241	0.25	0.256	0.222	-63.848	-30.361	-246.524	0.214	0.559	1.226	0.509	0.679	22.229	21.356	20.024	18.668	18.133	0.645
2026-03-05	-93.163	30.802	0	22.439	16.48	34.56	22.349	18.5	27.8	80.281	53.39	99.584	101.116	2.128	157.572	1.831	4.318	0.608	0	0.187	0.237	0.249	0.255	0.222	-74.452	-31.393	-250.547	0.202	0.56	1.227	0.51	0.68	22.333	21.834	20.779	19.356	18.488	0.66
2026-03-06	-93.163	30.802	0.289	23.747	17.07	34	23.032	19.2	28.1	85.847	62.941	96.906	101.024	2.392	148.655	2.256	5.173	0.454	0	0.181	0.233	0.248	0.255	0.222	-86.69	-32.482	-256.854	0.192	0.561	1.226	0.508	0.681	22.832	22.183	21.094	19.782	18.865	0.659
2026-03-07	-93.163	30.802	14.293	23.859	18.31	33.94	23.008	17.2	27.9	87.843	70.064	98.716	101.003	2.468	128.658	2.075	5.421	0.376	0.003	0.181	0.228	0.246	0.255	0.222	-99.782	-33.458	-261.691	0.194	0.564	1.227	0.508	0.68	23.445	22.919	21.779	20.247	19.199	0.67
2026-03-08	-93.163	30.802	11.181	20.716	18	24.2	19.292	17.4	21	99.694	98.577	100	101.131	2.236	57.079	1.313	2.43	0.004	0	0.251	0.229	0.245	0.255	0.222	-63.465	-34.861	-267.714	0.374	0.581	1.224	0.507	0.683	21.63	21.762	21.402	20.552	19.538	NA
2026-03-09	-93.163	30.802	4.505	22.393	19.18	28.57	21.682	18.8	25.4	97.268	86.243	100	101.1	2.531	91.12	1.4	3.161	0.077	0.001	0.281	0.233	0.245	0.254	0.222	-17.716	-35.651	-275.73	0.376	0.594	1.226	0.505	0.681	22.46	22.115	21.285	20.461	19.743	NA
2026-03-10	-93.163	30.802	0	23.499	20.79	30.84	23.431	21.5	27.5	88.681	68.698	97.591	101.051	2.543	114.536	1.654	4.294	0.353	0	0.291	0.238	0.244	0.254	0.222	-10.365	-36.325	-280.889	0.353	0.606	1.231	0.505	0.679	23.255	22.86	21.88	20.705	19.883	0.746
2026-03-11	-93.163	30.802	28.538	22.864	17.64	33.05	22.146	16.7	28.2	87.846	63.465	99.859	100.808	2.334	116.616	1.969	5.217	0.381	0.001	0.294	0.249	0.244	0.254	0.222	-8.702	-30.102	-286.298	0.339	0.624	1.233	0.504	0.68	23.318	23.154	22.328	21.07	20.109	0.734
2026-03-12	-93.163	30.802	1.326	15.199	7.61	24.43	12.048	5.6	17.3	72.855	35.906	100	101.792	1.006	250.535	2.008	5.497	0.429	0	0.316	0.293	0.265	0.254	0.223	-0.27	-0.431	-294.475	0.313	0.635	1.224	0.497	0.675	19.342	20.442	20.986	21.036	20.352	0.725
2026-03-13	-93.163	30.802	0	14.69	4.71	29.23	12.557	2.6	22.5	75.48	50.017	98.94	101.292	1.086	244.523	1.045	2.536	0.52	0	0.31	0.293	0.272	0.253	0.222	-0.548	-1.841	-304.601	0.297	0.588	1.221	0.499	0.679	17.84	18.454	18.998	20.08	20.267	0.717
2026-03-14	-93.163	30.802	0	18.098	9.61	30.95	17.156	9.5	24.2	77.814	54.18	99.636	100.944	1.497	223.395	1.342	3.354	0.542	0	0.301	0.289	0.272	0.252	0.222	-4.48	-7.53	-312.758	0.289	0.582	1.223	0.499	0.676	19.438	19.429	19.193	19.518	19.944	0.737
2026-03-15	-93.163	30.802	8.298	19.997	13.26	30.21	19.739	13.6	25.7	83.782	64.61	99.34	100.183	1.923	168.806	2.414	6.268	0.448	0.001	0.293	0.284	0.271	0.252	0.222	-12.549	-11.746	-320.49	0.282	0.579	1.227	0.499	0.676	20.431	20.286	19.817	19.609	19.8	0.735
2026-03-16	-93.163	30.802	0.017	10.914	3.63	18.44	8.34	3.8	14.3	43.135	29.664	79.694	101.448	0.486	223.864	2.648	7.538	0.623	0	0.304	0.286	0.271	0.252	0.222	-11.244	-13.979	-328.211	0.28	0.559	1.192	0.489	0.666	15.701	17.551	18.789	19.607	19.8	0.738
2026-03-17	-93.163	30.802	0	9.137	-0.34	23.57	5.688	-2.4	13.6	46.199	26.002	74.492	102.051	0.404	257.078	0.865	2.201	0.559	0	0.301	0.288	0.271	0.252	0.222	-12.246	-15.453	-342.733	0.266	0.549	1.183	0.486	0.667	13.782	14.977	16.205	18.423	19.571	0.726
2026-03-18	-93.163	30.802	0	12.673	3.37	27.6	10.818	1.8	20.6	69.907	46.98	90.564	101.798	0.901	205.165	1.168	2.82	0.518	0	0.292	0.285	0.271	0.251	0.222	-15.311	-16.453	-353.196	0.26	0.55	1.191	0.488	0.668	15.045	15.463	15.895	17.534	19.056	0.73
2026-03-19	-93.163	30.802	0	16.967	6.76	31.15	15.843	6.2	25.5	75.87	43.544	100	101.657	1.334	247.635	1.347	3.066	0.614	0	0.281	0.28	0.269	0.251	0.222	-18.983	-17.355	-362.7	0.258	0.551	1.2	0.489	0.667	17.63	17.316	16.848	17.397	18.659	0.711
2026-03-20	-93.163	30.802	0	19.516	11.3	32.59	18.21	11.7	26.2	80.863	50.749	100	101.45	1.646	247.511	1.453	3.449	0.543	0	0.268	0.274	0.268	0.25	0.222	-23.108	-18.264	-364.136	0.253	0.554	1.209	0.493	0.668	20.045	19.417	18.478	17.965	18.558	0.713
2026-03-21	-93.163	30.802	0	22.253	14.72	33.58	20.746	16	27.4	82.753	56.937	99.719	101.139	1.986	244.958	1.735	4.42	0.521	0	0.255	0.268	0.266	0.25	0.221	-27.759	-19.354	-362.574	0.245	0.557	1.218	0.497	0.67	22.18	21.295	20.018	18.823	18.768	0.72
2026-03-22	-93.163	30.802	0	22.087	14.83	33.33	21.497	17.2	27.7	75.544	42.301	95.867	100.95	1.872	264.526	2.334	5.709	0.746	0	0.241	0.262	0.264	0.25	0.222	-33.768	-20.875	-360.084	0.235	0.555	1.218	0.498	0.672	22.888	22.228	21.107	19.695	19.15	0.722
2026-03-23	-93.163	30.802	0	22.258	14.1	33.76	20.925	15.7	27.3	81.454	50.341	100	101.278	1.969	208.49	0.996	2.444	0.558	0	0.227	0.257	0.262	0.25	0.222	-40.564	-22.377	-359.09	0.226	0.55	1.208	0.495	0.669	23.113	22.543	21.565	20.306	19.567	0.741
2026-03-24	-93.163	30.802	0	20.152	12.14	34.23	19.639	12.9	26	66.385	54.276	91.25	101.395	1.529	195.559	0.989	2.291	0.824	0	0.215	0.252	0.261	0.25	0.222	-49.408	-23.879	-358.997	0.214	0.548	1.207	0.495	0.671	22.543	22.367	21.712	20.715	19.922	0.744
2026-03-25	-93.163	30.802	0	21.281	13.63	34.62	20.058	14.6	27.4	82.678	56.412	100	101.35	1.903	189.178	0.978	2.277	0.509	0	0.205	0.247	0.259	0.25	0.222	-61.188	-25.319	-364.296	0.205	0.55	1.208	0.494	0.672	23.047	22.624	21.808	20.857	20.191	0.735
2026-03-26	-93.163	30.802	0	21.211	11.96	35.18	19.461	12.5	27	80.032	53.835	100	101.269	1.771	262.029	1.241	3.225	0.588	0	0.196	0.241	0.257	0.25	0.222	-81.145	-27.167	-370.322	0.193	0.552	1.208	0.495	0.674	23.338	22.866	22.028	21.069	20.397	0.739
2026-03-27	-93.163	30.802	0	23.265	14.84	36.4	21.601	17	28.6	79.982	47.445	100	101.387	2.005	230.876	0.974	2.6	0.642	0	0.185	0.234	0.255	0.25	0.222	-108.879	-29.348	-373.315	0.181	0.558	1.206	0.493	0.671	24.364	23.664	22.606	21.387	20.598	0.739
2026-03-28	-93.163	30.802	0	18.335	11.34	31.37	16.323	12.4	21.8	47.425	34.284	69.136	102.187	0.878	249.641	1.96	4.982	1.006	0	0.176	0.226	0.252	0.25	0.222	-142.472	-32.224	-374.106	0.162	0.557	1.196	0.491	0.668	22.672	22.845	22.529	21.697	20.831	0.748
2026-03-29	-93.163	30.802	0	19.638	8.28	36.03	17.898	8.1	26.7	59.288	42.385	79.267	101.802	1.221	268.986	1.088	2.634	0.977	0	0.166	0.218	0.249	0.25	0.222	-183.297	-35.534	-386.456	0.147	0.567	1.202	0.493	0.672	22.622	22.327	21.852	21.484	20.995	0.743
2026-03-30	-93.163	30.802	0	22.664	14.32	36.79	21.335	16.1	28.1	76.084	45.956	97.545	101.526	1.885	215.996	1.152	2.844	0.723	0	0.157	0.208	0.245	0.25	0.222	-246.325	-39.265	-393.625	0.136	0.58	1.207	0.493	0.672	24.072	23.429	22.491	21.554	21.009	0.744
2026-03-31	-93.163	30.802	0	23.864	15.2	38.33	22.632	17.5	29	80.716	56.028	98.593	101.29	2.174	211.06	1.402	3.994	0.628	0	0.15	0.205	0.241	0.25	0.222	-332.066	-44.067	-394.431	0.124	0.582	1.212	0.494	0.674	24.735	24.045	23.036	21.873	21.155	0.742
2026-04-01	-93.163	30.802	2.093	24.422	17.51	36.22	22.969	19.3	27.9	84.394	63.315	97.275	101.086	2.348	190.365	1.416	4.078	0.484	0.001	0.144	0.2	0.236	0.249	0.222	-418.774	-50.199	-392.901	NA	0.588	1.218	0.493	0.674	25.109	24.604	23.594	22.254	21.37	0.748
2026-04-02	-93.163	30.802	0	24.619	20.03	35.42	23.708	21	28.3	83.433	64.917	94.773	100.908	2.427	163.778	1.741	4.996	0.528	0	0.142	0.195	0.232	0.249	0.222	-459.11	-57.465	-394.195	NA	0.593	1.218	0.492	0.674	25.055	24.633	23.782	22.584	21.617	0.762
2026-04-03	-93.163	30.802	0	25.347	19.78	37.71	24.236	20.9	28.8	82.037	64.173	99.132	101.111	2.461	172.501	1.76	4.64	0.589	0	0.138	0.189	0.228	0.249	0.223	-527.516	-66.219	-396.721	NA	0.603	1.221	0.491	0.673	25.623	25.028	24.038	22.801	21.827	0.759
2026-04-04	-93.163	30.802	17.104	24.402	20.23	35.98	22.831	18.8	28	90.961	72.193	100	101.151	2.523	133.722	1.379	3.617	0.279	0.002	0.139	0.184	0.224	0.249	0.223	-578.017	-76.032	-397.741	0.269	0.614	1.227	0.492	0.675	25.5	25.218	24.369	23.098	22.026	0.772
2026-04-05	-93.163	30.802	0	19.724	14.96	30.09	17.031	14.8	20.2	80.546	58.567	100	101.625	1.558	186.596	1.644	4.42	0.39	0	0.164	0.181	0.222	0.249	0.223	-294.964	-85.827	-405.447	0.31	0.617	1.225	0.49	0.675	23.202	23.753	23.682	23.135	22.238	0.429
2026-04-06	-93.163	30.802	0	17.658	8.66	30.39	15.731	8.6	22.1	53.861	31.192	79.738	101.693	0.932	282.699	1.668	4.3	0.901	0	0.166	0.181	0.22	0.249	0.223	-162.568	-95.909	-422.595	0.262	0.614	1.223	0.487	0.673	21.692	22.254	22.399	22.63	22.27	0.779
2026-04-07	-93.163	30.802	0	16.936	6.56	32.85	14.873	6	24	63.364	31.119	98.275	101.414	0.988	292.955	1.259	3.003	0.839	0	0.159	0.179	0.217	0.248	0.223	-157.789	-109.849	-435.783	0.224	0.617	1.224	0.485	0.672	21.32	21.58	21.627	22.062	22.085	0.787
2026-04-08	-93.163	30.802	0	19.939	8.77	35.42	17.658	8.6	26.2	67.136	40.102	94.51	101.389	1.279	290.357	1.025	2.441	0.886	0	0.151	0.175	0.214	0.248	0.223	-191.864	-131.305	-446.267	0.198	0.63	1.228	0.484	0.671	22.932	22.531	21.896	21.764	21.869	0.766
2026-04-09	-93.163	30.802	0	22.238	11.52	37.32	19.894	12	27	75.708	51.023	96.399	101.58	1.73	262.396	1.486	3.397	0.695	0	0.142	0.169	0.209	0.248	0.223	-275.812	-165.105	-450.438	NA	0.645	1.232	0.484	0.67	24.285	23.615	22.66	21.949	21.8	0.769
2026-04-10	-93.163	30.802	0.681	21.151	13.05	37.59	19.454	13.8	25.8	87.975	69.789	99.654	101.693	2.003	156.142	0.975	2.233	0.295	0.001	0.137	0.163	0.205	0.248	0.223	-389.845	-209.97	-451.474	NA	0.659	1.233	0.483	0.671	23.8	23.755	23.165	22.329	21.857	0.786
2026-04-11	-93.163	30.802	0	24.037	15.54	38.31	21.575	16.2	27.8	79.074	49.937	100	101.716	1.975	277.161	1.29	2.902	0.663	0	0.134	0.159	0.202	0.248	0.223	-484.604	-265.175	-458.158	NA	0.674	1.236	0.482	0.671	25.415	24.576	23.399	22.455	21.981	0.768
2026-04-12	-93.163	30.802	0	23.829	16.09	35.85	22.069	17.5	27	83.95	64.473	100	101.531	2.209	168.128	1.46	3.891	0.489	0	0.129	0.154	0.197	0.248	0.223	-646.866	-373.095	-462.47	NA	0.684	1.234	0.482	0.67	25.203	24.841	24.007	22.884	22.133	0.78
2026-04-13	-93.163	30.802	0.34	25.391	18.05	39.79	23.125	18.7	28.8	80.032	57.666	99.009	101.485	2.231	224.699	1.3	3.59	0.641	0.001	0.126	0.149	0.193	0.248	0.223	-788.902	-532.79	-469.094	NA	0.684	1.236	0.48	0.67	26.292	25.515	24.344	23.118	22.342	0.768
2026-04-14	-93.163	30.802	0	25.722	17.1	40.93	22.869	18.6	28.8	78.366	52.909	100	101.295	2.129	252.658	1.274	3.481	0.715	0	0.122	0.144	0.188	0.247	0.223	-999.326	-791.367	-480.153	NA	NA	1.233	0.478	0.669	27.051	26.2	24.94	23.491	22.54	0.75
2026-04-15	-93.163	30.802	0	25.611	16.47	41.31	22.764	17.5	29.4	79.211	50.376	100	101.098	2.14	246.011	1.284	3.377	0.699	0	0.118	0.14	0.183	0.247	0.223	-1266.34	-1108.683	-494.501	NA	NA	1.225	0.476	0.668	27.189	26.462	25.312	23.865	22.801	0.735
2026-04-16	-93.163	30.802	0	25.748	16.11	45.44	23.189	17.2	29.6	80.11	54.524	100	101.093	2.236	199.919	1.09	2.826	0.673	0	0.115	0.137	0.178	0.246	0.223	-1553.379	-1416.348	-515.62	NA	NA	1.216	0.472	0.668	27.321	26.735	25.645	24.17	23.028	0.722
2026-04-17	-93.163	30.802	0	25.009	15.13	38.63	22.366	16.4	28	79.943	58.797	100	100.922	2.132	201.279	1.219	3.205	0.64	0	0.113	0.134	0.175	0.246	0.224	-1769.283	-1684.534	-541.747	NA	NA	1.208	0.467	0.667	26.748	26.314	25.466	24.318	23.253	0.711
2026-04-18	-93.163	30.802	21.941	22.064	16.47	31.72	20.54	14.6	24.7	93.909	84.237	100	100.917	2.285	99.252	1.018	2.597	0.164	0.006	0.114	0.133	0.172	0.245	0.224	-1950.802	-1861.107	-574.865	NA	NA	1.202	0.461	0.668	24.83	25.289	25.086	24.336	23.38	NA
2026-04-19	-93.163	30.802	6.603	17.987	10.86	30.13	14.164	9.3	21.3	76.218	40.376	100	101.883	1.165	284.597	2.024	4.951	0.505	0.001	0.154	0.133	0.172	0.243	0.224	-585.592	-1906.253	-617.001	0.406	NA	1.198	0.455	0.665	22.291	23.153	23.445	23.787	23.389	0.755
2026-04-20	-93.163	30.802	0	17.253	8	30.54	14.467	6.7	21.6	74.397	44.193	96.884	101.911	1.179	219.923	0.928	2.204	0.553	0	0.167	0.134	0.171	0.242	0.224	-60.851	-1898.053	-660.577	0.349	NA	1.199	0.45	0.663	21.065	21.872	22.353	23.094	23.201	0.768
2026-04-21	-93.163	30.802	1.7	17.648	13.23	27.41	16.177	12.8	20.2	86.787	65.262	94.601	101.733	1.595	81.777	0.684	1.549	0.256	0.001	0.166	0.135	0.171	0.24	0.224	-59.995	-1898.865	-706.459	0.322	NA	1.199	0.446	0.663	20.582	21.291	21.726	22.504	22.89	NA
2026-04-22	-93.163	30.802	1.7	22.3	14.65	35.25	20.082	15.3	26.1	86.732	63.14	97.381	101.258	2.026	230.526	1.479	3.319	0.373	0.001	0.167	0.135	0.172	0.239	0.223	-60.523	-1826.466	-747.55	0.328	NA	1.208	0.443	0.663	23.28	22.821	22.016	22.068	22.59	0.774
2026-04-23	-93.163	30.802	0	23.863	17.15	36.71	22.114	17.6	27.6	88.145	70.176	100	100.759	2.333	204.815	1.528	3.75	0.371	0	0.164	0.135	0.172	0.239	0.223	-64.697	-1748.451	-770.797	0.332	NA	1.215	0.443	0.664	24.839	24.35	23.305	22.493	22.466	0.783
2026-04-24	-93.163	30.802	0	25.072	20.6	34.34	23.496	20.8	27.9	88.299	72.832	98.352	100.335	2.548	160.857	1.227	3.45	0.369	0	0.159	0.135	0.172	0.239	0.223	-70.268	-1720.079	-787.794	0.312	NA	1.219	0.442	0.663	25.782	25.297	24.231	23.059	22.599	0.799
2026-04-25	-93.163	30.802	3.4	26.051	18.79	36.01	24.109	17.6	30.2	88.787	68.565	100	100.275	2.655	207.125	1.049	2.662	0.405	0.001	0.156	0.135	0.172	0.238	0.223	-80.631	-1697.576	-801.731	0.317	NA	1.223	0.44	0.664	26.965	26.264	24.979	23.551	22.826	0.785
2026-04-26	-93.163	30.802	0	26.806	22.15	37.03	25.074	22.1	30.3	86.524	62.127	99.771	100.42	2.725	178.679	1.222	2.96	0.49	0	0.152	0.135	0.172	0.238	0.224	-94.209	-1671.325	-815.806	0.312	NA	1.224	0.439	0.663	27.304	26.766	25.644	24.099	23.113	0.727
2026-04-27	-93.163	30.802	0	27.863	22.54	37.33	25.996	23.2	30.1	82.037	66.855	94.071	100.614	2.738	247.693	1.635	4.785	0.65	0	0.143	0.135	0.172	0.238	0.224	-128.729	-1655.178	-832.329	NA	NA	1.225	0.439	0.663	28.484	27.557	26.145	24.5	23.411	0.711
2026-04-28	-93.163	30.802	0	28.548	23.04	40.39	26.164	23.4	31.4	80.085	53.935	94.835	100.848	2.679	260.473	1.617	4.524	0.751	0	0.132	0.134	0.172	0.238	0.224	-274.291	-1647.367	-845.989	NA	NA	1.224	0.439	0.662	29.482	28.444	26.908	25.006	23.71	0.706
2026-04-29	-93.163	30.802	21.949	26.032	21.38	35.06	24.504	20.7	28.6	89.667	72.779	99.568	100.64	2.752	116.362	1.225	3.172	0.339	0.003	0.126	0.134	0.172	0.238	0.224	-598.316	-1675.069	-859.826	NA	NA	1.217	0.438	0.665	27.941	27.837	27.04	25.474	24.05	0.73
2026-04-30	-93.163	30.802	34.45	20.908	18.57	23.74	19.11	17.1	20.7	99.856	98.934	100	100.59	2.218	43.576	1.542	3.672	0	0.005	0.189	0.144	0.202	0.237	0.224	-35.164	-1191.221	-903.403	0.351	0.675	1.195	0.436	0.668	23.934	24.884	25.446	25.271	24.277	NA
2026-05-01	-93.163	30.802	61.945	15.974	12.44	18.61	14.157	10.5	17.1	99.829	99.542	100	100.722	1.625	19.415	2.356	5.478	0	0.01	0.327	0.239	0.338	0.263	0.225	-0.148	-0.317	-641.838	0.283	0.646	1.092	0.492	0.673	19.883	21.261	22.661	24.2	24.185	NA
2026-05-02	-93.163	30.802	0.034	18.893	11.35	30.83	15.658	10.5	23	77.239	42.523	100	101.221	1.303	318.293	1.687	4.227	0.548	0	0.334	0.312	0.354	0.342	0.279	-0.114	-0.224	-0.495	0.228	0.654	1.039	0.621	1.006	20.626	20.532	20.731	22.581	23.657	0.768
2026-05-03	-93.163	30.802	0	20.202	9.34	35.36	17.15	7.9	25.6	70.447	41.468	99.417	101.461	1.306	317.774	0.749	1.891	0.792	0	0.311	0.306	0.331	0.327	0.28	-0.321	-0.455	-6.986	0.228	0.62	1.059	0.584	0.984	22.67	22.421	22.009	22.359	23.098	0.76
2026-05-04	-93.163	30.802	0	21.013	10.85	35.07	18.415	9.4	26	75.697	56.226	97.087	100.949	1.586	266.678	1.223	3.466	0.647	0	0.299	0.3	0.321	0.322	0.273	-4.297	-2.216	-13.492	0.23	0.603	1.079	0.575	0.959	23.372	23.268	22.808	22.638	22.9	0.767
2026-05-05	-93.163	30.802	0	23.089	17.27	29.35	22.299	17.3	25.7	88.48	81.469	94.13	100.431	2.405	90.501	1.29	3.642	0.324	0	0.289	0.294	0.315	0.319	0.269	-12.041	-8.185	-16.548	0.231	0.591	1.09	0.57	0.928	23.737	23.678	23.248	22.905	22.9	NA
2026-05-06	-93.163	30.802	1.566	25.606	20.38	31.93	24.651	19.2	28.6	94.01	82.427	99.656	100.462	2.921	104.81	1.079	2.636	0.202	0.005	0.286	0.29	0.31	0.316	0.265	-13.059	-11.597	-19.151	0.235	0.589	1.09	0.566	0.897	25.59	24.985	23.957	23.158	22.98	0.798
2026-05-07	-93.163	30.802	0	20.881	15.8	30.74	18.15	14.4	24.2	88.169	69.604	98.188	100.919	1.83	207.282	1.525	3.973	0.288	0	0.284	0.288	0.306	0.313	0.262	-13.84	-13.508	-21.38	0.227	0.581	1.087	0.56	0.863	24.716	24.804	24.314	23.589	23.139	0.796
2026-05-08	-93.163	30.802	22.556	20.115	16.94	24.14	18.664	16.1	21.1	96.324	87.419	100	100.701	2.085	70.589	1.413	3.337	0.075	0.004	0.305	0.302	0.313	0.311	0.259	-5.03	-6.35	-23.377	0.254	0.603	1.094	0.561	0.84	23.129	23.654	23.777	23.644	23.283	NA
2026-05-09	-93.163	30.802	2.247	22.242	19.97	26.56	21.051	19.4	23.6	97.359	91.299	100	100.52	2.43	84.304	1.258	2.771	0.066	0.003	0.329	0.319	0.336	0.31	0.257	-0.177	-0.2	-15.408	0.259	0.626	1.103	0.563	0.821	23.773	23.75	23.386	23.333	23.286	NA
2026-05-10	-93.163	30.802	0.187	25.265	19.28	33.88	23.325	19	29.3	88.639	64.652	100	100.878	2.52	244.086	1.229	2.756	0.408	0	0.325	0.317	0.334	0.31	0.256	-0.131	-0.2	-17.234	0.249	0.588	1.111	0.565	0.803	25.985	25.132	23.959	23.335	23.2	0.814
2026-05-11	-93.163	30.802	1.956	22.399	18.97	29.74	21.039	18.7	25	93.179	82.83	99.054	101.18	2.324	115.423	1.131	3.037	0.177	0.004	0.318	0.312	0.326	0.31	0.254	-0.168	-0.484	-19.947	0.239	0.569	1.107	0.564	0.786	25.583	25.706	25.12	23.991	23.331	0.835
2026-05-12	-93.163	30.802	0.425	18.416	16.22	26.39	17.771	16	22.4	93.133	80.581	97.71	101.297	1.897	87.749	0.772	2.086	0.146	0.002	0.32	0.313	0.323	0.309	0.254	-0.1	-0.923	-21.653	0.234	0.559	1.103	0.563	0.778	22.82	23.968	24.449	24.162	23.507	NA
2026-05-13	-93.163	30.802	0	24.102	14.64	35.19	22.246	14	30.3	73.403	39.399	98.165	101.134	1.862	314.121	0.658	1.835	0.969	0	0.302	0.304	0.316	0.308	0.252	-6.247	-6.145	-25.016	0.229	0.555	1.123	0.563	0.757	26.629	26.145	25.222	24.248	23.652	0.826
2026-05-14	-93.163	30.802	0	25.578	16.17	36.26	23.829	15.6	31.6	74.951	48.813	98.799	100.964	2.144	298.911	0.754	1.769	0.951	0	0.284	0.296	0.311	0.307	0.252	-16.109	-11.506	-27.421	0.222	0.543	1.13	0.562	0.746	27.506	26.953	25.885	24.626	23.812	0.832
2026-05-15	-93.163	30.802	0	25.977	18.51	37.21	24.155	18.3	30	79.548	56.445	100	100.929	2.359	277.311	1.19	3.032	0.725	0	0.265	0.288	0.306	0.305	0.251	-21.997	-14.069	-29.794	0.217	0.533	1.135	0.56	0.737	28.166	27.686	26.573	25.08	24.047	0.835
2026-05-16	-93.163	30.802	0	25.887	19.53	36.71	24.149	19.3	29.6	82.828	65.536	97.746	100.921	2.473	232.929	1.1	2.876	0.585	0	0.248	0.28	0.301	0.304	0.251	-27.694	-16.424	-32.292	0.211	0.525	1.142	0.562	0.728	28.221	27.822	26.845	25.462	24.322	0.845
2026-05-17	-93.163	30.802	0	27.184	21.79	36.17	25.778	22.1	29.9	86.491	71.067	96.903	100.76	2.86	179.949	1.464	3.894	0.487	0	0.233	0.272	0.298	0.302	0.25	-33.751	-18.477	-35.249	0.207	0.522	1.142	0.562	0.719	28.565	28.089	27.084	25.721	24.571	0.85
2026-05-18	-93.163	30.802	0	28.011	24.07	37.58	26.773	24.6	30.5	83.387	69.533	92.267	100.967	2.922	208.697	1.441	4.091	0.615	0	0.218	0.264	0.293	0.3	0.25	-42.672	-20.604	-38.593	0.203	0.534	1.139	0.559	0.712	29.294	28.626	27.457	25.989	24.794	0.857
2026-05-19	-93.163	30.802	7.654	27.218	19.68	34.56	25.924	18.4	30.8	86.212	69.771	97.804	101.143	2.889	176.865	1.275	3.695	0.505	0.002	0.206	0.257	0.289	0.299	0.249	-55.6	-22.768	-42.02	0.197	0.546	1.141	0.557	0.706	29.127	28.749	27.762	26.299	25.014	0.865
2026-05-20	-93.163	30.802	1.991	24.303	19.55	30.96	22.177	18.6	25.9	93.463	83.687	100	101.063	2.506	150.323	0.601	1.726	0.195	0	0.222	0.252	0.285	0.297	0.249	-61.169	-24.551	-45.61	0.239	0.552	1.146	0.554	0.701	27.368	27.485	27.117	26.329	25.218	0.873
2026-05-21	-93.163	30.802	5.062	24.683	21.53	28.53	23.139	21.2	25	94.26	86.212	100	100.786	2.668	118.249	0.616	1.455	0.172	0.001	0.233	0.249	0.283	0.296	0.249	-50.106	-25.856	-49.565	0.226	0.555	1.151	0.552	0.693	27.035	27.08	26.659	26.077	25.29	0.878
2026-05-22	-93.163	30.802	0.425	27.069	21.67	36.74	25.104	21.2	30.4	85.763	63.897	100	100.573	2.694	256.622	0.68	1.869	0.546	0	0.248	0.247	0.28	0.294	0.248	-45.722	-27.552	-55.155	0.231	0.564	1.154	0.55	0.687	28.637	27.92	26.822	25.912	25.2	0.874
2026-05-23	-93.163	30.802	38.41	23.576	20.48	30.62	22.059	19.3	25.1	98.944	91.424	100	100.862	2.637	97.064	0.933	2.208	0.027	0.002	0.287	0.265	0.29	0.293	0.248	-18.392	-12.268	-41.913	0.236	0.57	1.133	0.551	0.683	27.131	27.433	27.117	26.226	25.271	NA
2026-05-24	-93.163	30.802	0.017	25.005	20.38	32.06	22.79	19.7	27.7	91.722	76.271	100	100.985	2.533	228.524	0.68	1.716	0.272	0	0.321	0.296	0.303	0.293	0.248	-0.238	-1.18	-23.705	0.234	0.576	1.116	0.553	0.675	27.413	27.08	26.418	25.946	25.366	0.88
2026-05-25	-93.163	30.802	0.578	26.283	19.58	36.32	24.418	19.2	31.5	85.126	57.463	99.753	100.79	2.57	284.831	0.593	1.57	0.562	0	0.311	0.293	0.297	0.292	0.248	-3.779	-8.289	-28.834	0.22	0.563	1.131	0.552	0.671	28.454	27.943	26.963	25.992	25.3	0.878
2026-05-26	-93.163	30.802	12.424	24.327	19.39	32.28	22.799	18.7	27.8	94.242	80.578	100	100.666	2.627	162.645	0.675	1.576	0.183	0.002	0.315	0.295	0.295	0.291	0.247	-6.177	-8.283	-34.276	0.228	0.558	1.133	0.549	0.668	27.46	27.604	27.143	26.266	25.404	0.881
2026-05-27	-93.163	30.802	8.726	25.254	21.5	32.09	23.6	20.4	26.8	93.668	78.305	100	100.584	2.727	181.569	1.285	2.893	0.199	0.001	0.334	0.311	0.307	0.302	0.247	-0.141	-1.115	-22.029	0.245	0.566	1.119	0.573	0.666	27.63	27.429	26.805	26.159	25.5	0.884
2026-05-28	-93.163	30.802	1.037	26.353	21.94	34	24.435	21.1	28.9	89.351	69.986	99.771	100.641	2.719	254.206	0.849	2.294	0.375	0	0.332	0.313	0.312	0.307	0.247	-0.114	-0.519	-14.696	0.236	0.562	1.113	0.572	0.663	28.626	28.118	27.167	26.2	25.5	0.887
2026-05-29	-93.163	30.802	0	27.733	20.61	37.14	25.738	20.1	31.6	85.286	65.075	100	100.661	2.79	293.766	0.92	2.144	0.596	0	0.321	0.306	0.305	0.302	0.247	-1.518	-3.986	-21.939	0.219	0.554	1.12	0.563	0.659	29.458	28.814	27.698	26.466	25.577	0.884
2026-05-30	-93.163	30.802	0	28.637	21.64	38.3	26.751	21.2	32.3	84.406	64.119	100	100.67	2.936	321.627	0.835	1.924	0.657	0	0.305	0.298	0.298	0.299	0.247	-11.906	-12.172	-28.372	0.21	0.546	1.129	0.558	0.656	30.47	29.782	28.482	26.881	25.768	0.884
2026-05-31	-93.163	30.802	0	23.112	22.03	24.04	22.693	21.6	24	96.902	92.094	99.568	100.741	2.673	1.803	0.478	0.859	0.086	0	0.295	0.293	0.294	0.297	0.247	-17.003	-15.003	-32.21	0.201	0.53	1.13	0.556	0.654	28.562	29.514	29.184	27.314	25.921	NA
