2026-01-01	-91.272	32.751	0	9.516	1.62	20.52	11.801	3.7	20.4	53.719	33.624	74.824	101.374	0.715	122.886	1.981	3.445	0.753	0	0.364	0.391	0.402	0.265	0.209	-0.36	-0.1	-0.1	1.96	2.929	3.316	3.525	2.155	10.523	10.836	12.1	14.209	16.568	0.467
2026-01-02	-91.272	32.751	0	14.756	10.26	22.18	16.685	12.7	23.4	77.289	54.052	94.828	100.527	1.489	57.217	2.313	4.311	0.452	0	0.364	0.393	0.403	0.265	0.209	-0.512	-0.1	-0.1	1.969	2.926	3.336	3.525	2.156	13.397	12.915	12.873	13.902	16.154	NA
2026-01-03	-91.272	32.751	0	11.121	8.85	13.23	9.564	7.7	13.4	92.595	79.083	99.606	101.035	1.115	34.931	1.506	3.384	0.085	0	0.362	0.393	0.404	0.264	0.208	-1.441	-0.1	-0.1	1.956	2.884	3.309	3.475	2.145	13.382	13.531	13.808	14.193	15.924	NA
2026-01-04	-91.272	32.751	0	9.232	2.61	18.64	8	2.9	13	71.928	52.144	88.197	101.699	0.763	114.057	0.923	2.134	0.327	0	0.36	0.391	0.403	0.264	0.206	-5.216	-0.1	-0.1	1.956	2.844	3.308	3.489	2.158	12.193	12.46	13.279	14.284	15.9	0.487
2026-01-05	-91.272	32.751	0	11.588	3.72	20.91	12.322	5.1	19.7	77.864	58.467	97.514	101.316	1.125	129.47	2.201	4.028	0.378	0	0.359	0.39	0.402	0.263	0.205	-9.446	-0.1	-0.1	1.964	2.815	3.316	3.519	2.177	12.361	12.39	13.02	14.115	15.835	0.504
2026-01-06	-91.272	32.751	0	16.36	11.25	23.88	18.019	13.5	22.9	87.771	72.022	96.877	100.965	1.817	55.047	2.792	4.793	0.274	0	0.359	0.392	0.403	0.262	0.204	-10.926	-0.1	-0.1	1.974	2.809	3.322	3.512	2.181	14.942	14.322	13.859	14.126	15.738	NA
2026-01-07	-91.272	32.751	0	16.776	11.38	25.15	17.836	14.3	23.3	83.695	49.671	100	101.098	1.678	107.433	1.63	3.068	0.389	0	0.359	0.394	0.405	0.262	0.204	-12.061	-0.1	-0.1	1.975	2.787	3.315	3.513	2.183	16.224	15.605	14.919	14.6	15.741	0.546
2026-01-08	-91.272	32.751	0.749	18.441	14.93	22.14	20.032	16.9	23.7	86.395	69.678	96.66	100.872	2.018	40.926	3.439	6.426	0.344	0.001	0.359	0.395	0.406	0.261	0.203	-13.543	-0.1	-0.1	1.978	2.774	3.309	3.521	2.189	16.897	16.334	15.702	15.153	15.892	NA
2026-01-09	-91.272	32.751	26.448	20.362	16.79	26.5	20.23	18.5	23.8	96.63	81.235	100	101.101	2.294	65.76	1.324	2.878	0.085	0.003	0.365	0.399	0.409	0.289	0.225	-8.026	-0.1	-0.1	1.987	2.863	3.304	3.319	2.115	18.811	17.955	16.842	15.792	16.117	NA
2026-01-10	-91.272	32.751	28.786	14.23	6	19.8	13.268	6.4	18.4	92.251	79.019	100	101.796	1.448	67.569	1.858	3.711	0.101	0.002	0.383	0.403	0.417	0.328	0.353	-0.108	-0.1	-0.1	2.108	2.976	3.272	2.975	1.669	17.313	17.494	17.61	16.863	16.539	NA
2026-01-11	-91.272	32.751	0	6.66	1.07	15.77	5.721	0.8	11.4	72.464	40.832	95.608	102.808	0.656	138.31	1.3	2.684	0.283	0	0.375	0.398	0.412	0.257	0.294	-0.1	-0.1	-0.1	2.049	2.934	3.249	3.455	1.785	12.611	13.758	15.585	16.464	16.735	0.601
2026-01-12	-91.272	32.751	0	4.787	-0.6	14.79	3.869	-1.4	10.9	73.651	43.481	100	102.714	0.576	122.347	0.844	1.604	0.26	0	0.371	0.394	0.408	0.248	0.285	-0.1	-0.1	-0.1	2.024	2.927	3.257	3.549	1.843	10.014	11.185	13.508	15.572	16.781	0.591
2026-01-13	-91.272	32.751	0	7.232	-0.22	17.74	8.079	-0.1	15.8	66.944	45.503	88.081	101.853	0.714	129.974	1.897	3.303	0.425	0	0.37	0.393	0.405	0.243	0.279	-0.1	-0.1	-0.1	2.02	2.938	3.289	3.611	1.873	9.721	10.434	12.28	14.574	16.547	0.591
2026-01-14	-91.272	32.751	0.986	9.361	3.12	16.98	9.771	5.7	14.4	78.776	54.109	95.621	101.108	0.956	60.494	2.725	5.051	0.262	0	0.369	0.393	0.405	0.241	0.276	-0.1	-0.1	-0.1	2.01	2.948	3.297	3.596	1.872	11.084	11.321	12.277	13.939	16.167	NA
2026-01-15	-91.272	32.751	0	3.949	-2.31	13.03	3.516	-2	7.7	58.826	38.533	90.704	101.649	0.449	143.057	1.489	2.887	0.349	0	0.367	0.392	0.404	0.239	0.273	-0.1	-0.1	-0.1	1.99	2.927	3.284	3.556	1.855	9.22	10.126	11.814	13.645	15.84	0.594
2026-01-16	-91.272	32.751	0.119	8.695	0.65	18.67	10.108	2.6	19.1	62.756	49.198	76.288	101.063	0.818	124.941	3.008	5.513	0.501	0	0.367	0.39	0.402	0.238	0.27	-0.1	-0.1	-0.1	1.994	2.94	3.292	3.59	1.878	9.227	9.526	10.911	13.07	15.559	0.586
2026-01-17	-91.272	32.751	0	3.827	-1.37	11.58	3.885	-1.3	8.3	67.473	44.837	88.904	101.975	0.541	66.176	1.394	2.439	0.278	0	0.366	0.391	0.402	0.237	0.268	-0.1	-0.1	-0.1	1.965	2.923	3.287	3.542	1.856	8.979	9.748	11.102	12.749	15.251	NA
2026-01-18	-91.272	32.751	0	0.982	-4.53	10.11	-0.304	-4.2	4.3	62.842	42.799	79.579	102.13	0.369	144.525	1.62	2.803	0.236	0	0.363	0.387	0.4	0.235	0.266	-0.1	-0.1	-0.1	1.973	2.924	3.29	3.587	1.883	6.734	7.789	9.922	12.33	14.999	0.581
2026-01-19	-91.272	32.751	0	3.854	-3.89	16.86	3.581	-4.5	12.6	64.092	38.433	97.049	102.371	0.488	143.292	0.841	1.802	0.363	0	0.362	0.387	0.399	0.235	0.265	-0.127	-0.1	-0.1	1.978	2.927	3.295	3.563	1.884	6.937	7.412	9.062	11.638	14.681	0.571
2026-01-20	-91.272	32.751	0	3.781	-2.62	14.05	3.736	-1.8	10.2	52.216	38.296	62.841	102.671	0.414	132.472	0.859	2.096	0.41	0	0.361	0.387	0.398	0.234	0.263	-0.293	-0.1	-0.1	1.971	2.914	3.31	3.575	1.89	7.489	7.909	9.17	11.227	14.308	0.576
2026-01-21	-91.272	32.751	30.426	8.805	2.92	12.1	9.607	6.5	11.8	84.878	56.043	100	101.979	1.035	25.36	1.931	3.991	0.165	0.003	0.367	0.389	0.403	0.304	0.304	-0.33	-0.1	-0.1	2.049	2.958	3.323	3.133	1.861	8.73	8.766	9.363	10.777	13.698	NA
2026-01-22	-91.272	32.751	2.907	11.1	8.47	15.62	10.067	7.8	12.4	91.327	76.866	100	101.87	1.122	66.393	0.799	2.543	0.115	0	0.378	0.394	0.408	0.348	0.35	-0.1	-0.1	-0.1	2.121	2.994	3.308	2.704	1.718	11.041	10.615	10.363	10.841	13.352	NA
2026-01-23	-91.272	32.751	0	8.746	3.57	12.97	7.092	1.2	10.2	81.625	65.934	94.61	102.046	0.854	52.29	1.195	3.496	0.17	0	0.378	0.395	0.407	0.279	0.298	-0.1	-0.1	-0.1	2.112	2.986	3.299	3.124	1.762	11.005	11.069	11.237	11.613	13.635	NA
2026-01-24	-91.272	32.751	49.653	1.228	-0.51	3.88	-1.248	-3.2	1.4	90.238	72.939	100	101.686	0.502	13.545	1.087	3.075	0.058	0	0.374	0.391	0.407	0.335	0.342	-0.1	-0.1	-0.1	2.065	2.99	3.271	2.74	1.686	5.941	7.028	9.369	11.354	13.522	NA
2026-01-25	-91.272	32.751	0	-1.742	-5.69	-0.01	-4.176	-6.5	-0.5	98.656	95.125	100	101.359	0.446	35.09	2.36	6.986	0.005	0	0.376	0.389	0.408	0.353	0.38	-0.1	-0.1	-0.1	2.052	2.98	3.244	2.576	1.566	3.23	4.177	6.659	9.933	13.203	NA
2026-01-26	-91.272	32.751	0	-4.016	-7.72	0.02	-5.987	-8.3	-3.2	94.11	82.303	100	102.979	0.369	106.085	0.689	1.628	0.023	0	0.377	0.389	0.406	0.302	0.319	-0.1	-0.1	-0.1	2.055	2.967	3.246	2.861	1.702	3.516	4.407	6.602	9.712	13.271	0.185
2026-01-27	-91.272	32.751	27.171	-1.369	-6.56	5.25	-2.246	-6.9	1.7	93.865	83.273	100	102.904	0.496	96.434	1.285	2.184	0.036	0	0.377	0.389	0.406	0.303	0.331	-0.1	-0.1	-0.1	2.033	2.98	3.266	2.93	1.783	3.474	4.236	6.149	9.067	12.847	NA
2026-01-28	-91.272	32.751	26.615	2.629	-3.05	13.02	1.299	-3.2	7.3	89.644	67.76	100	102.52	0.604	164.245	0.95	1.75	0.082	0	0.378	0.39	0.407	0.302	0.31	-0.1	-0.1	-0.1	2.077	2.991	3.288	2.957	1.853	4.987	5.14	6.274	8.745	12.506	0.549
2026-01-29	-91.272	32.751	5.787	3.537	-2.41	14.04	4.183	-1.7	11.4	81.181	54.371	97.916	101.824	0.663	121.349	1.294	2.354	0.197	0	0.378	0.39	0.404	0.282	0.301	-0.1	-0.1	-0.1	2.068	2.99	3.302	3.09	1.877	5.564	5.826	6.871	8.773	12.186	0.578
2026-01-30	-91.272	32.751	0	3.505	-2.65	11.07	2.04	-2.3	5	80.28	64.27	91.444	101.964	0.577	148.824	1.789	3.686	0.138	0	0.375	0.391	0.404	0.275	0.297	-0.1	-0.1	-0.1	2.011	2.981	3.284	3.045	1.8	6.428	6.629	7.373	8.858	11.978	0.579
2026-01-31	-91.272	32.751	0	-1.829	-6.77	5.68	-4.386	-7.4	-0.8	67.583	52.489	80.255	102.857	0.299	147.086	2.114	4.463	0.146	0	0.371	0.388	0.402	0.27	0.294	-0.1	-0.1	-0.1	1.959	2.942	3.257	3.009	1.765	4.048	5.001	6.897	8.926	11.876	0.56
2026-02-01	-91.272	32.751	0	-0.259	-7.15	10.13	-1.859	-8	4.8	71.516	49.285	97.767	102.752	0.376	154.749	1.002	1.948	0.181	0	0.37	0.387	0.401	0.267	0.291	-0.1	-0.1	-0.1	1.964	2.948	3.272	3.087	1.837	3.434	4.117	5.936	8.496	11.747	0.536
2026-02-02	-91.272	32.751	0	6.073	-2.83	18.1	7.158	-1.2	16.5	70.023	55.456	79.51	102.196	0.744	159.041	2.428	4.252	0.358	0	0.37	0.388	0.4	0.264	0.289	-0.1	-0.1	-0.1	1.983	2.963	3.3	3.145	1.869	5.258	5.156	5.995	8.112	11.51	0.553
2026-02-03	-91.272	32.751	12.442	10.005	6.18	13.62	10.887	8.1	13.4	94.533	80.461	100	101.768	1.248	31.602	2.627	4.739	0.062	0.001	0.374	0.392	0.405	0.327	0.333	-0.1	-0.1	-0.1	1.995	2.967	3.293	2.747	1.79	8.974	8.481	7.991	8.244	10.849	NA
2026-02-04	-91.272	32.751	0	5.916	-0.66	13.58	4.616	-0.3	9.1	83.495	63.294	100	102.211	0.713	159.727	1.999	4.387	0.148	0	0.381	0.394	0.408	0.296	0.328	-0.1	-0.1	-0.1	2.03	2.977	3.292	2.954	1.765	8.947	8.902	8.853	8.972	11.073	0.586
2026-02-05	-91.272	32.751	0	4.504	-3.1	14.62	4.242	-2.5	11.2	78.662	59.913	100	102.078	0.65	165.81	1.812	3.104	0.216	0	0.376	0.392	0.405	0.277	0.305	-0.1	-0.1	-0.1	1.995	2.974	3.286	3.09	1.847	7.068	7.431	8.334	9.349	11.354	0.533
2026-02-06	-91.272	32.751	0	9.74	1.01	21.88	12.075	3.3	22.6	68.656	43.87	89.777	101.362	0.956	168.952	1.818	3.146	0.571	0	0.375	0.393	0.405	0.27	0.3	-0.1	-0.1	-0.1	1.994	2.972	3.295	3.129	1.861	9.004	8.585	8.562	9.38	11.49	0.568
2026-02-07	-91.272	32.751	0	7.686	0.67	18.97	8.316	3.4	13.8	74.103	53.609	96.754	102.179	0.8	174.611	0.932	2.17	0.319	0	0.374	0.394	0.405	0.266	0.297	-0.1	-0.1	-0.1	1.967	2.946	3.277	3.074	1.81	10.002	9.766	9.579	9.755	11.543	0.571
2026-02-08	-91.272	32.751	0	9.941	0.38	21.22	11.889	0.6	20.1	66.407	45.418	97.337	101.944	0.901	122.36	2.277	4.012	0.613	0	0.373	0.394	0.405	0.263	0.294	-0.1	-0.1	-0.1	1.949	2.94	3.279	3.147	1.867	9.693	9.557	9.724	10.144	11.689	0.569
2026-02-09	-91.272	32.751	0	16.179	8.79	26.81	17.414	10.8	24.5	78.961	57.307	97.831	101.713	1.563	155.931	2.878	5.063	0.486	0	0.374	0.396	0.406	0.261	0.292	-0.1	-0.1	-0.1	1.954	2.95	3.293	3.168	1.884	13.273	12.136	10.855	10.467	11.842	0.56
2026-02-10	-91.272	32.751	0	16.321	12.86	22.03	17.665	14.2	21	85.887	72.899	96.936	101.591	1.732	58.39	3.137	5.265	0.304	0	0.374	0.398	0.408	0.259	0.29	-0.1	-0.1	-0.1	1.936	2.936	3.284	3.19	1.898	14.7	13.897	12.588	11.36	12.048	NA
2026-02-11	-91.272	32.751	0	14.022	6.96	22.55	14.13	8.1	18.9	87.989	80.134	95.765	101.799	1.448	53.498	1.689	3.27	0.193	0	0.374	0.399	0.408	0.258	0.289	-0.1	-0.1	-0.1	1.923	2.926	3.271	3.188	1.899	14.867	14.382	13.441	12.216	12.418	NA
2026-02-12	-91.272	32.751	0	11.909	3.69	25.41	11.694	4.7	19.9	68.937	44.586	93.526	101.824	0.913	183.823	0.889	1.927	0.531	0	0.372	0.397	0.407	0.256	0.287	-0.1	-0.1	-0.1	1.923	2.924	3.269	3.219	1.91	13.344	13.13	13.059	12.688	12.838	0.492
2026-02-13	-91.272	32.751	0	14.835	5.91	28.28	14.617	7.1	22.4	62.066	43.028	82.624	101.664	1.016	175.372	0.866	1.813	0.725	0	0.371	0.398	0.407	0.255	0.286	-0.1	-0.1	-0.1	1.925	2.924	3.277	3.229	1.918	14.465	13.877	13.292	12.849	13.148	0.459
2026-02-14	-91.272	32.751	1.243	16.448	10.39	22.07	17.422	12.6	21	79.562	62.654	99.343	101.02	1.595	59.889	3.91	7.056	0.415	0.001	0.37	0.398	0.408	0.254	0.284	-0.1	-0.1	-0.1	1.92	2.922	3.283	3.251	1.927	15.23	14.719	14.021	13.206	13.393	NA
2026-02-15	-91.272	32.751	9.752	14.325	7.75	17.88	14.239	8.9	17.4	93.367	86.355	100	100.608	1.532	34.644	4.338	7.948	0.102	0.001	0.381	0.401	0.413	0.284	0.323	-0.1	-0.1	-0.1	2.003	2.975	3.275	3.074	1.844	15.461	15.198	14.682	13.735	13.648	NA
2026-02-16	-91.272	32.751	0	11.038	7.22	13.82	10.321	8.2	11.9	94.184	90.203	97.867	101.589	1.183	31.499	1.21	2.49	0.073	0	0.382	0.4	0.412	0.275	0.301	-0.1	-0.1	-0.1	2.012	2.964	3.256	3.12	1.871	13.054	13.385	13.968	13.897	13.923	NA
2026-02-17	-91.272	32.751	0	12.694	6.47	18.83	13.371	7.2	17.8	89.488	72.87	100	101.39	1.371	75.909	3.481	6.341	0.19	0	0.378	0.399	0.411	0.264	0.295	-0.1	-0.1	-0.1	1.988	2.963	3.262	3.185	1.895	12.794	12.821	13.277	13.687	14.108	NA
2026-02-18	-91.272	32.751	0	17.043	12.23	23.66	18.335	14.1	22.4	86.912	75.078	97.616	100.716	1.832	69.472	3.304	5.737	0.299	0	0.379	0.401	0.411	0.261	0.291	-0.1	-0.1	-0.1	1.986	2.965	3.279	3.221	1.921	15.041	14.379	13.807	13.618	14.2	NA
2026-02-19	-91.272	32.751	0	19.429	15.74	26.63	20.77	17.4	25.9	81.877	62.854	96.446	100.278	1.99	96.488	3.905	6.427	0.493	0	0.38	0.404	0.412	0.258	0.289	-0.1	-0.1	-0.1	1.978	2.957	3.279	3.227	1.927	17.27	16.341	15.105	14.058	14.247	NA
2026-02-20	-91.272	32.751	1.072	16.723	11.45	27.61	16.225	12	20.9	60.533	34.787	94.099	100.754	1.104	126.785	1.429	3.235	0.757	0.001	0.38	0.405	0.413	0.257	0.287	-0.1	-0.1	-0.1	1.965	2.942	3.259	3.194	1.904	17.108	16.719	15.942	14.743	14.473	0.348
2026-02-21	-91.272	32.751	0	14.243	5.41	24.3	12.812	6.8	17.8	70.079	62.37	79.025	101.41	1.046	104.097	1.902	4.124	0.45	0	0.378	0.403	0.412	0.255	0.285	-0.1	-0.1	-0.1	1.954	2.935	3.251	3.18	1.894	15.867	15.803	15.689	15.089	14.781	0.335
2026-02-22	-91.272	32.751	0	8.112	0.94	20.23	7.226	2.5	13.4	52.044	28.39	75.442	102.81	0.512	213.679	2.501	4.891	0.527	0	0.375	0.4	0.41	0.254	0.284	-0.1	-0.1	-0.1	1.943	2.929	3.246	3.171	1.886	12.948	13.571	14.606	14.994	15.016	0.325
2026-02-23	-91.272	32.751	0	5.299	-2.55	18.9	3.425	-1.7	9.3	52.363	33.204	69.383	102.871	0.397	215.943	1.73	3.328	0.405	0	0.372	0.397	0.407	0.253	0.282	-0.1	-0.1	-0.1	1.938	2.931	3.256	3.213	1.925	10.722	11.506	13.068	14.38	15.085	0.319
2026-02-24	-91.272	32.751	0	7.185	-2.43	19.13	7.025	-3.2	15.8	53.811	28.354	79.815	101.746	0.514	188.89	3.012	5.247	0.591	0	0.37	0.395	0.405	0.251	0.281	-0.1	-0.1	-0.1	1.936	2.94	3.282	3.263	1.944	9.722	10.322	11.872	13.581	14.918	0.317
2026-02-25	-91.272	32.751	0	15.224	7.31	24.39	16.645	9.8	23.3	70.424	54.402	86.117	100.664	1.346	105.769	4.997	8.698	0.631	0	0.37	0.396	0.405	0.251	0.28	-0.1	-0.1	-0.1	1.951	2.95	3.294	3.251	1.949	12.666	12.125	12.078	13.008	14.639	0.308
2026-02-26	-91.272	32.751	0	19.717	13.59	30.65	20.37	16.1	24.9	77.76	62.397	91.347	100.609	1.85	131.779	2.995	5.131	0.574	0	0.372	0.4	0.408	0.25	0.279	-0.1	-0.1	-0.1	1.956	2.941	3.298	3.231	1.947	16.766	15.519	13.964	13.292	14.419	0.302
2026-02-27	-91.272	32.751	0	17.622	8.32	32.71	17.277	11.2	24.4	64.718	28.593	100	101.198	1.208	218.221	1.039	2.32	0.831	0	0.372	0.402	0.41	0.25	0.278	-0.1	-0.1	-0.1	1.951	2.909	3.284	3.228	1.946	17.76	16.873	15.484	14.158	14.449	0.303
2026-02-28	-91.272	32.751	0	16.493	5.42	34.65	16.564	5.8	26.7	49.517	21.945	87.329	101.389	0.829	217.938	1.222	2.472	1.24	0	0.369	0.401	0.41	0.248	0.277	-0.103	-0.1	-0.1	1.946	2.878	3.277	3.259	1.96	16.991	16.496	15.822	14.839	14.707	0.289
2026-03-01	-91.272	32.751	0	19.216	9.2	35.8	20.485	12.6	27.2	44.151	28.147	66.064	101.608	1.055	193.02	2.305	4.403	1.439	0	0.368	0.401	0.411	0.248	0.276	-0.241	-0.1	-0.1	1.946	2.848	3.272	3.253	1.96	17.829	17.144	16.232	15.183	14.989	0.283
2026-03-02	-91.272	32.751	0	19.846	10.05	34.4	20.352	12.4	27.3	51.15	29.295	78.761	101.623	1.165	217.844	2.585	4.725	1.305	0	0.367	0.402	0.411	0.247	0.275	-0.783	-0.1	-0.1	1.939	2.821	3.272	3.275	1.971	18.742	18.019	16.929	15.629	15.234	0.279
2026-03-03	-91.272	32.751	0	21.466	13.39	33.9	21.356	15.4	26.9	65.32	49.568	89.328	101.646	1.632	186.958	3.416	6.135	0.968	0	0.366	0.402	0.412	0.246	0.274	-4.392	-0.1	-0.1	1.932	2.794	3.267	3.278	1.975	19.618	18.824	17.631	16.144	15.506	0.279
2026-03-04	-91.272	32.751	0	23.539	17.1	35.4	23.05	19.1	28.2	74.339	58.417	92.9	101.619	2.076	167.786	4.182	7.565	0.785	0	0.365	0.403	0.413	0.246	0.273	-10.227	-0.1	-0.1	1.934	2.768	3.261	3.284	1.981	21.029	20.062	18.548	16.724	15.822	0.28
2026-03-05	-91.272	32.751	0	23.789	17.04	37.66	23.196	18.3	29.2	66.059	43.109	89.664	101.429	1.824	173.516	3.318	6.049	1.079	0	0.362	0.403	0.414	0.245	0.273	-13.114	-0.1	-0.1	1.913	2.734	3.256	3.3	1.987	21.634	20.778	19.372	17.397	16.189	0.277
2026-03-06	-91.272	32.751	5.812	24.719	17.45	36.89	24.019	18.5	30.6	71.829	44.657	92.827	101.35	2.084	175.925	3.743	6.829	0.971	0.001	0.362	0.404	0.416	0.251	0.272	-15.383	-0.1	-0.1	1.87	2.735	3.25	3.278	1.992	22.358	21.518	20.101	18.04	16.592	0.275
2026-03-07	-91.272	32.751	51.766	20.155	16.66	26.56	19.98	15.6	25.2	93.775	82.803	99.986	101.373	2.203	63.428	3.697	6.842	0.165	0.003	0.375	0.408	0.422	0.282	0.31	-7.766	-0.1	-0.1	2.039	2.891	3.261	3.154	1.916	20.984	20.982	20.624	19.052	17.629	NA
2026-03-08	-91.272	32.751	3.132	19.7	16.81	27.73	18.065	16.4	20.8	95.128	84.688	100	101.443	1.969	102.329	1.748	3.402	0.109	0	0.389	0.41	0.423	0.296	0.339	-0.1	-0.1	-0.1	2.233	2.992	3.327	3.161	1.953	19.839	19.589	19.572	19.01	17.741	0.054
2026-03-09	-91.272	32.751	7.974	20.624	17.58	25.84	20.426	18.7	23.8	94.453	89.125	100	101.378	2.276	79.568	3.173	6.061	0.132	0.001	0.387	0.41	0.423	0.28	0.316	-0.1	-0.1	-0.1	2.201	2.949	3.288	3.278	1.997	20.411	20.092	19.655	18.728	17.721	NA
2026-03-10	-91.272	32.751	0	22.093	18.63	27.33	22.853	19.6	26.8	89.398	73.161	100	101.325	2.475	127.307	3.202	5.604	0.333	0	0.39	0.413	0.425	0.291	0.309	-0.1	-0.1	-0.1	2.19	2.969	3.303	3.231	2.029	21.286	20.716	19.921	18.805	17.834	0.231
2026-03-11	-91.272	32.751	35.901	20.932	14.25	29.24	20.728	12	27.3	90.133	66.724	100	101.12	2.204	124.589	3.391	6.36	0.289	0.001	0.387	0.413	0.425	0.283	0.328	-0.1	-0.1	-0.1	2.123	2.936	3.28	3.261	1.981	21.194	20.998	20.496	19.213	18.073	0.21
2026-03-12	-91.272	32.751	0.136	12.863	6.28	22.24	10.029	6.4	13.8	71.799	44.977	100	102.126	0.872	251.073	2.659	5.95	0.37	0	0.388	0.411	0.424	0.292	0.327	-0.1	-0.1	-0.1	2.088	2.936	3.256	3.142	1.945	17.175	17.979	19.173	19.239	18.291	0.304
2026-03-13	-91.272	32.751	0	13.78	5.96	25.66	13.39	5.8	20.7	67.707	47.942	90.54	101.569	1.023	245.421	1.98	3.576	0.587	0	0.38	0.407	0.42	0.268	0.304	-0.1	-0.1	-0.1	2.021	2.898	3.261	3.28	2.001	15.829	16.216	17.41	18.355	18.248	0.286
2026-03-14	-91.272	32.751	0	16.913	8.59	28.32	17.23	9.2	23.7	69.669	50.832	86.623	101.24	1.364	244.999	2.477	4.375	0.667	0	0.38	0.407	0.417	0.261	0.299	-0.1	-0.1	-0.1	2.02	2.9	3.292	3.297	2.003	17.542	17.226	17.296	17.714	18.068	0.278
2026-03-15	-91.272	32.751	6.515	19.761	12.68	29.27	20.101	10.6	27.2	75.019	52.648	97.088	100.336	1.75	181.122	5.526	9.822	0.683	0	0.381	0.409	0.418	0.258	0.297	-0.1	-0.1	-0.1	2.02	2.901	3.302	3.327	2.009	19.265	18.726	18.096	17.674	17.864	0.282
2026-03-16	-91.272	32.751	0	8.312	0.99	17.53	6.046	1.8	11.6	54.308	33.012	77.306	101.579	0.513	234.414	4.116	7.256	0.435	0	0.38	0.406	0.418	0.256	0.295	-0.1	-0.1	-0.1	2.027	2.893	3.273	3.249	1.945	14.938	16.154	17.547	17.791	17.8	0.289
2026-03-17	-91.272	32.751	0	7.92	-1.91	23.31	3.994	-3	10	48.283	31.076	78.732	102.285	0.378	249.817	1.38	2.766	0.468	0	0.376	0.401	0.412	0.254	0.293	-0.1	-0.1	-0.1	2.012	2.901	3.28	3.262	1.969	12.084	12.906	14.932	16.922	17.742	0.274
2026-03-18	-91.272	32.751	0	12.923	4.01	26.34	12.289	5.8	19.9	43.614	26.543	59.886	102.027	0.602	233.783	3.261	5.67	0.899	0	0.376	0.402	0.411	0.253	0.291	-0.1	-0.1	-0.1	2.012	2.909	3.306	3.289	2.001	13.784	13.799	14.556	15.97	17.408	0.265
2026-03-19	-91.272	32.751	0	17.969	7.72	33.4	17.083	10.1	24.8	57.699	40.093	79.883	101.853	1.119	243.767	2.974	5.212	0.929	0	0.377	0.404	0.412	0.252	0.289	-0.1	-0.1	-0.1	2.012	2.909	3.318	3.298	2.019	16.578	15.828	15.33	15.707	17.03	0.261
2026-03-20	-91.272	32.751	0	20.863	12.05	34.6	20.436	13.8	27.6	62.834	31.344	93.988	101.568	1.433	246.762	3.583	6.03	1.063	0	0.378	0.407	0.414	0.251	0.287	-0.1	-0.1	-0.1	2	2.892	3.319	3.322	2.037	19.065	18.18	16.941	16.114	16.818	0.263
2026-03-21	-91.272	32.751	0	23.262	14.83	37.06	22.11	16.4	29.2	68.183	46.863	90.733	101.226	1.768	243.244	4.108	6.817	0.976	0	0.378	0.408	0.416	0.25	0.286	-0.1	-0.1	-0.1	1.986	2.876	3.309	3.333	2.044	20.895	19.881	18.348	16.855	16.844	0.262
2026-03-22	-91.272	32.751	0	23.911	15.17	37.27	23.141	16.7	30.3	65.451	39.035	93.17	101.01	1.768	254.264	4.707	7.917	1.16	0	0.376	0.41	0.418	0.249	0.285	-0.1	-0.1	-0.1	1.968	2.856	3.291	3.323	2.047	21.959	21.106	19.598	17.71	17.075	0.263
2026-03-23	-91.272	32.751	0	21.874	13.25	36.95	18.384	14.1	21.9	57.368	34.315	89.26	101.644	1.208	234.646	2.428	4.894	0.92	0	0.374	0.41	0.419	0.249	0.284	-0.198	-0.1	-0.1	1.947	2.833	3.279	3.308	2.04	22.393	21.706	20.403	18.478	17.428	0.262
2026-03-24	-91.272	32.751	0	19.334	10.26	36.7	16.804	11.4	24	45.592	32.239	57.48	101.795	0.861	182.033	0.994	2.376	1.109	0	0.368	0.407	0.418	0.248	0.283	-1.498	-0.1	-0.1	1.915	2.805	3.278	3.348	2.056	20.647	20.483	20.182	18.966	17.817	0.261
2026-03-25	-91.272	32.751	0	23.166	11.69	41.78	21.384	12.7	29.3	50.613	37.504	66.048	101.573	1.298	240.711	2.166	3.983	1.39	0	0.366	0.407	0.418	0.247	0.282	-6.903	-0.1	-0.1	1.889	2.791	3.285	3.354	2.064	21.658	21.006	20.137	19.027	18.113	0.259
2026-03-26	-91.272	32.751	0	24.062	14.81	37.89	22.917	16.6	29.2	59.179	41.36	83.969	101.432	1.62	248.352	3.859	6.749	1.251	0	0.362	0.408	0.419	0.246	0.281	-11.196	-0.1	-0.1	1.833	2.762	3.271	3.339	2.067	22.662	22.068	20.99	19.376	18.32	0.262
2026-03-27	-91.272	32.751	0	23.696	13.6	45.78	20.493	13.5	28.4	66.508	49.953	92.477	101.759	1.615	203.743	2.992	6.235	0.867	0	0.359	0.408	0.419	0.246	0.28	-14.166	-0.1	-0.1	1.773	2.738	3.264	3.326	2.066	23.333	22.719	21.578	19.843	18.578	0.268
2026-03-28	-91.272	32.751	0	19.59	10.04	35.79	13.541	9.1	18.7	40.337	27.106	51.278	102.693	0.613	266.558	2.012	5.227	0.962	0	0.353	0.406	0.419	0.245	0.28	-17.675	-0.1	-0.1	1.708	2.708	3.258	3.338	2.067	21.989	21.863	21.536	20.223	18.875	0.264
2026-03-29	-91.272	32.751	0	21.876	8.44	40.4	17.953	7.4	27.6	49.356	29.453	76.987	102.094	0.994	259.907	2.34	4.456	1.274	0	0.349	0.404	0.417	0.245	0.279	-21.371	-0.1	-0.1	1.672	2.699	3.265	3.366	2.077	21.379	21.172	21.003	20.218	19.127	0.258
2026-03-30	-91.272	32.751	0	25.855	17.83	40.61	22.87	18.5	29.1	70.587	49.095	85.311	101.826	1.936	211.765	4.213	7.73	0.904	0	0.349	0.405	0.419	0.244	0.278	-25.75	-0.1	-0.1	1.641	2.693	3.256	3.329	2.075	23.579	22.882	21.793	20.324	19.259	0.267
2026-03-31	-91.272	32.751	0	26.57	18.89	42.57	24.242	20	30.4	70.558	40.282	91.848	101.538	2.069	207.718	3.955	7.173	1.017	0	0.348	0.405	0.42	0.244	0.278	-32.094	-0.1	-0.1	1.609	2.682	3.245	3.332	2.078	24.546	23.845	22.63	20.806	19.454	0.27
2026-04-01	-91.272	32.751	0	26.523	18.9	40.09	24.092	19.8	30.4	70.479	39.731	93.017	101.369	2.042	216.963	3.676	6.698	1.016	0	0.346	0.405	0.42	0.244	0.277	-40.57	-0.1	-0.1	1.582	2.669	3.233	3.337	2.081	24.899	24.343	23.239	21.323	19.716	0.269
2026-04-02	-91.272	32.751	0	23.932	19.04	34.69	23.014	20.1	28.1	77.893	57.412	91.017	101.228	2.165	112.742	4.337	7.8	0.677	0	0.343	0.403	0.419	0.243	0.276	-52.927	-0.1	-0.1	1.549	2.652	3.216	3.319	2.079	24.188	24.047	23.468	21.745	20.022	0.279
2026-04-03	-91.272	32.751	0.8	26.108	19.05	38.89	23.832	20.1	29.6	76.496	51.105	93.648	101.486	2.211	174.867	3.533	6.526	0.796	0	0.341	0.402	0.418	0.243	0.276	-63.764	-0.1	-0.1	1.533	2.655	3.207	3.32	2.082	24.506	24.012	23.242	21.874	20.312	0.282
2026-04-04	-91.272	32.751	23.401	22.137	18.29	31.34	20.919	16.7	26.8	89.341	72.038	99.975	101.514	2.213	68.724	2.342	4.544	0.298	0.001	0.35	0.404	0.421	0.255	0.286	-55.407	-0.1	-0.1	1.708	2.736	3.212	3.303	2.083	23.636	23.711	23.484	22.1	20.548	NA
2026-04-05	-91.272	32.751	0	18.275	12.22	26.52	15.068	12.1	18.6	72.592	50.475	99.859	102.052	1.238	267.323	1.712	4.553	0.485	0	0.375	0.409	0.423	0.269	0.292	-0.2	-0.1	-0.1	1.969	2.899	3.242	3.305	2.061	21.57	21.771	22.217	21.919	20.725	0.326
2026-04-06	-91.272	32.751	0	17.496	9.37	31.7	14.558	8.5	21.1	59.617	35.545	85.376	102.097	0.946	269.927	1.012	2.896	0.764	0	0.369	0.407	0.42	0.253	0.284	-0.173	-0.1	-0.1	1.875	2.867	3.257	3.36	2.078	20.568	20.599	21.097	21.347	20.736	0.313
2026-04-07	-91.272	32.751	0	18.663	8.04	35.18	16.553	7.3	24.8	58.006	29.97	91.449	101.803	1	258.443	1.552	3.399	1.019	0	0.368	0.406	0.418	0.249	0.281	-0.233	-0.1	-0.1	1.863	2.862	3.266	3.378	2.085	20.635	20.555	20.731	20.837	20.613	0.376
2026-04-08	-91.272	32.751	0	20.844	10.83	37.63	19.026	12.2	26.4	49.031	27.006	73.39	101.802	1.014	275.37	2.069	4.157	1.283	0	0.367	0.406	0.417	0.247	0.278	-0.644	-0.1	-0.1	1.856	2.858	3.266	3.371	2.087	21.472	21.11	20.812	20.562	20.438	0.306
2026-04-09	-91.272	32.751	0	23.282	11.96	41.16	20.423	13.3	26.8	52.937	39.565	67.152	102.009	1.263	276.557	2.213	4.364	1.212	0	0.368	0.407	0.418	0.245	0.277	-2.07	-0.1	-0.1	1.848	2.845	3.264	3.367	2.09	22.816	22.159	21.353	20.583	20.306	0.305
2026-04-10	-91.272	32.751	0	24.961	13.2	43.08	21.118	12.8	27.4	62.341	39.66	92.337	102.066	1.501	281.803	1.709	3.545	1.094	0	0.368	0.409	0.419	0.244	0.276	-5.856	-0.1	-0.1	1.839	2.824	3.26	3.374	2.093	24.272	23.464	22.236	20.892	20.3	0.311
2026-04-11	-91.272	32.751	0	26.543	15.8	43.58	22.882	15.7	28.9	60.112	36.484	90.424	102.046	1.605	263.765	1.767	3.56	1.264	0	0.368	0.41	0.42	0.243	0.275	-9.725	-0.1	-0.1	1.822	2.803	3.254	3.386	2.1	25.501	24.63	23.185	21.399	20.378	0.314
2026-04-12	-91.272	32.751	0	25.811	15.43	41.19	23.433	16.6	29.4	57.98	38.191	82.059	101.805	1.62	244.431	3.983	7.243	1.337	0	0.366	0.409	0.42	0.242	0.274	-11.753	-0.1	-0.1	1.789	2.787	3.233	3.364	2.117	25.108	24.698	23.745	21.931	20.593	0.313
2026-04-13	-91.272	32.751	0	26.624	21.11	40.18	24.45	21.1	29.2	65.043	47.501	81.78	101.75	1.971	167.242	3.64	6.648	1.124	0	0.364	0.409	0.42	0.242	0.273	-14.012	-0.1	-0.1	1.762	2.775	3.219	3.344	2.114	25.452	24.956	24.009	22.304	20.852	0.312
2026-04-14	-91.272	32.751	0	26.512	17.9	42.83	24.29	18.7	30.3	65.301	44.132	88.689	101.549	1.933	220.391	3.506	6.242	1.161	0	0.362	0.408	0.419	0.241	0.273	-16.93	-0.1	-0.1	1.73	2.767	3.196	3.353	2.12	25.536	25.046	24.164	22.605	21.102	0.319
2026-04-15	-91.272	32.751	0	27.362	17.06	42.74	24.509	17.9	30.4	60.538	40.333	85.44	101.348	1.797	273.324	3.873	7.105	1.351	0	0.36	0.407	0.419	0.24	0.272	-20.128	-0.1	-0.1	1.687	2.757	3.172	3.349	2.121	25.896	25.41	24.469	22.853	21.331	0.32
2026-04-16	-91.272	32.751	0	27.599	18.88	44.56	24.52	19.1	30	67.869	48.126	90.229	101.369	2.038	219.671	2.599	4.808	1.103	0	0.358	0.407	0.418	0.239	0.272	-25.529	-0.1	-0.1	1.641	2.748	3.146	3.361	2.126	26.561	25.991	24.93	23.168	21.562	0.322
2026-04-17	-91.272	32.751	0	27.681	17.86	42.45	25.035	18.6	30.3	65.328	44.502	91.33	101.146	2.014	230.257	3.181	5.925	1.225	0	0.356	0.406	0.416	0.238	0.271	-35	-0.1	-0.1	1.603	2.744	3.126	3.363	2.128	26.653	26.232	25.278	23.505	21.785	0.327
2026-04-18	-91.272	32.751	2.212	22.297	13.44	34.7	20.258	10.7	26	79.538	66.6	90.693	101.217	1.925	96.606	3.171	6.143	0.524	0.004	0.351	0.404	0.414	0.238	0.271	-53.108	-0.1	-0.1	1.578	2.737	3.113	3.351	2.126	25.273	25.469	25.238	23.757	22.009	NA
2026-04-19	-91.272	32.751	0.068	19.46	10.38	36.89	14.456	8.9	21.8	67.219	30.897	99.026	102.236	1.027	280.971	1.084	2.965	0.686	0	0.344	0.399	0.408	0.237	0.27	-68.969	-0.152	-0.1	1.605	2.742	3.113	3.373	2.134	22.934	23.113	23.682	23.506	22.19	0.358
2026-04-20	-91.272	32.751	0	20.793	7.07	42.21	16	5.7	24.9	58.811	28.924	94.62	102.223	0.963	289.652	1.311	2.775	1.011	0	0.342	0.398	0.404	0.236	0.27	-76.997	-0.201	-0.1	1.584	2.747	3.106	3.377	2.136	22.904	22.848	23.037	22.952	22.2	0.353
2026-04-21	-91.272	32.751	0	20.393	8.99	41.04	17.654	7.7	25.5	58.277	26.793	93.431	102.063	1.082	178.3	1.795	3.417	1.072	0	0.339	0.397	0.401	0.235	0.269	-83.358	-0.314	-0.1	1.537	2.749	3.084	3.365	2.136	22.407	22.658	22.946	22.662	22.1	0.35
2026-04-22	-91.272	32.751	0	25.051	17.28	41.89	21.652	17.6	26.8	57.54	37.761	75.55	101.632	1.453	214.405	2.194	4.11	1.182	0	0.338	0.397	0.398	0.234	0.269	-91.824	-0.501	-0.1	1.521	2.761	3.079	3.36	2.137	23.935	23.384	22.903	22.452	21.995	0.357
2026-04-23	-91.272	32.751	0	27.075	17.21	44.78	23.771	17.8	29.8	58.709	38.03	88.76	101.07	1.655	267.093	3.29	6.329	1.364	0	0.338	0.398	0.396	0.233	0.269	-104.86	-0.742	-0.1	1.484	2.766	3.073	3.337	2.137	25.38	24.7	23.715	22.58	21.9	0.361
2026-04-24	-91.272	32.751	7.106	23.255	17.86	39.57	20.844	16.9	27.4	81.137	58.886	99.322	100.654	1.978	133.952	2.984	5.971	0.531	0	0.336	0.398	0.396	0.233	0.268	-124.381	-1.049	-0.1	1.483	2.77	3.048	3.322	2.136	24.837	24.849	24.377	22.986	21.954	0.377
2026-04-25	-91.272	32.751	16.885	23.472	16.63	34.38	20.724	16	26.7	90.245	70.31	100	100.591	2.2	237.901	1.98	4.115	0.304	0	0.374	0.409	0.422	0.275	0.306	-9.905	-0.145	-0.1	2.073	3.001	3.148	3.212	2.017	24.002	23.531	23.334	22.946	22.227	0.424
2026-04-26	-91.272	32.751	12.847	25.004	18.86	34.02	23.24	17.9	27.5	87.256	71.583	100	100.723	2.475	221.44	1.861	3.801	0.413	0.001	0.381	0.413	0.427	0.282	0.316	-0.828	-0.1	-0.1	2.188	3.022	3.22	3.297	2.056	25.013	24.515	23.871	23.057	22.254	0.457
2026-04-27	-91.272	32.751	0	25.12	21.07	30.63	25.373	21.7	29.5	82.48	69.71	96.529	100.856	2.654	156.267	3.11	6.061	0.615	0	0.377	0.413	0.426	0.26	0.296	-0.2	-0.1	-0.1	1.998	2.961	3.204	3.39	2.073	25.204	24.846	24.27	23.165	22.2	0.466
2026-04-28	-91.272	32.751	20.643	23.886	21.2	29.24	23.816	20.8	26.5	87.633	72.437	99.683	101.035	2.584	107.28	3.054	5.793	0.376	0.001	0.38	0.414	0.426	0.269	0.311	-0.221	-0.1	-0.1	2.165	3.002	3.252	3.389	2.112	24.604	24.484	24.259	23.36	22.37	0.458
2026-04-29	-91.272	32.751	3.079	22.302	19.16	26.24	21.399	18.2	24.1	93.125	80.816	99.258	100.932	2.379	51.17	1.273	3.118	0.18	0.002	0.387	0.416	0.429	0.278	0.298	-0.1	-0.1	-0.1	2.57	3.114	3.35	3.521	2.156	23.722	23.798	23.867	23.259	22.4	NA
2026-04-30	-91.272	32.751	12.516	19.407	16.72	25.26	16.872	15	20	89.401	70.698	100	101.079	1.713	124.543	1.094	3.574	0.213	0.001	0.389	0.415	0.43	0.295	0.327	-0.1	-0.1	-0.1	2.788	3.173	3.43	3.515	2.259	21.645	21.924	22.718	22.995	22.467	0.566
2026-05-01	-91.272	32.751	6.581	16.321	14.7	18.08	14.127	12.6	15.3	91.836	79.632	98.282	101.218	1.48	52.972	0.673	1.85	0.132	0.001	0.389	0.414	0.43	0.299	0.329	-0.1	-0.1	-0.1	2.789	3.182	3.434	3.491	2.26	19.506	20.157	21.531	22.384	22.364	NA
2026-05-02	-91.272	32.751	0.17	19.64	13.24	29.84	16.254	12	21.7	72.101	43.059	96.303	101.488	1.277	314.294	0.913	2.443	0.612	0	0.386	0.414	0.427	0.285	0.3	-0.1	-0.1	-0.1	2.557	3.14	3.396	3.488	2.246	20.891	20.539	20.806	21.692	22.118	0.607
2026-05-03	-91.272	32.751	0.085	19.998	10.56	31.07	17.744	9.2	24.6	71.507	45.826	100	101.632	1.391	316.337	1.517	3.276	0.739	0	0.378	0.413	0.424	0.259	0.296	-0.1	-0.1	-0.1	2.253	3.053	3.357	3.523	2.25	21.829	21.525	21.431	21.52	21.858	0.612
2026-05-04	-91.272	32.751	0	21.042	13.06	31.43	20.068	13.6	24.9	63.01	43.868	84.362	101.145	1.444	309.535	3.128	5.923	0.957	0	0.376	0.413	0.423	0.254	0.293	-0.1	-0.1	-0.1	2.156	3.031	3.34	3.534	2.264	22.586	22.206	21.844	21.56	21.711	0.628
2026-05-05	-91.272	32.751	0	21.006	15.19	27.45	21.053	15.8	25.4	78.07	67.17	85.437	100.669	1.981	97.275	3.437	6.857	0.558	0	0.372	0.412	0.422	0.25	0.291	-0.214	-0.1	-0.1	2.08	3.012	3.321	3.523	2.264	21.934	21.928	21.976	21.663	21.604	NA
2026-05-06	-91.272	32.751	7.74	20.893	15.19	27.2	19.611	13.3	25	90.389	85.715	99.187	100.829	2.108	73.773	2.17	5.023	0.232	0.002	0.371	0.411	0.422	0.248	0.289	-1.177	-0.1	-0.1	2.05	3.007	3.316	3.509	2.258	22.552	22.384	22.083	21.645	21.6	NA
2026-05-07	-91.272	32.751	0.034	20.505	14.38	30.35	16.817	12.9	22.1	79.577	56.053	96.656	101.26	1.492	283.739	1.114	3.219	0.455	0	0.372	0.411	0.42	0.246	0.288	-1.148	-0.1	-0.1	2.21	3.03	3.316	3.52	2.265	22.385	21.897	21.674	21.603	21.584	0.699
2026-05-08	-91.272	32.751	0	19.735	14.98	28.14	17.735	14	21.6	80.885	71.12	90.895	101.081	1.648	159.093	1.736	3.489	0.403	0	0.37	0.41	0.42	0.244	0.286	-2.474	-0.1	-0.1	2.063	3.008	3.306	3.531	2.272	21.982	21.948	21.977	21.624	21.5	0.713
2026-05-09	-91.272	32.751	27.777	23.098	18.06	30.5	20.988	17.6	24.6	91.212	74.101	100	100.808	2.259	186.583	1.429	2.973	0.25	0.001	0.383	0.415	0.427	0.284	0.316	-0.745	-0.1	-0.1	2.354	3.127	3.357	3.395	2.224	23.155	22.572	22.017	21.622	21.5	0.735
2026-05-10	-91.272	32.751	0.034	22.553	19.49	27.92	21.188	19	24.7	94.61	81.212	100	101.229	2.38	105.618	1.097	2.181	0.148	0	0.381	0.416	0.427	0.26	0.294	-0.1	-0.1	-0.1	2.2	3.049	3.32	3.45	2.184	23.446	23.139	22.64	21.806	21.5	0.741
2026-05-11	-91.272	32.751	0.017	22.692	18.51	31.14	20.955	18.1	25.5	84.68	64.294	99.988	101.543	2.081	223.09	0.967	2.982	0.418	0	0.379	0.416	0.425	0.252	0.291	-0.1	-0.1	-0.1	2.095	3.027	3.306	3.452	2.196	24.03	23.492	22.823	21.993	21.569	0.755
2026-05-12	-91.272	32.751	0	21.035	14.15	33.32	18.664	13.7	25.3	74.336	45.584	89.884	101.644	1.562	325.929	0.856	2.385	0.641	0	0.376	0.414	0.424	0.249	0.289	-0.105	-0.1	-0.1	2.001	2.999	3.279	3.464	2.208	22.719	22.834	23.063	22.201	21.623	0.79
2026-05-13	-91.272	32.751	0.051	23.34	12.73	35.13	21.652	12.4	29.7	68.134	40.363	97.751	101.356	1.665	315.461	0.843	2.056	1.084	0	0.375	0.415	0.424	0.246	0.287	-6.314	-0.1	-0.1	1.781	2.942	3.262	3.486	2.222	25.859	24.976	23.807	22.534	21.765	0.799
2026-05-14	-91.272	32.751	0	23.878	15.23	36.09	21.841	16.6	27.6	58.501	36.405	91.523	101.323	1.469	310.294	1.088	2.662	1.207	0	0.371	0.414	0.424	0.244	0.286	-19.205	-0.1	-0.1	1.615	2.801	3.207	3.486	2.227	26.748	25.872	24.477	22.876	21.908	0.828
2026-05-15	-91.272	32.751	0	26.696	16.48	39.44	24.86	17.6	31.5	62.253	49.413	75.274	101.166	1.97	303.349	2.303	4.7	1.292	0	0.367	0.411	0.422	0.242	0.285	-28.66	-0.1	-0.1	1.599	2.743	3.128	3.473	2.231	27.166	26.268	24.878	23.239	22.088	0.779
2026-05-16	-91.272	32.751	0	27.443	21.63	39.33	25.283	21.8	29.1	70.273	53.272	86.116	101.219	2.235	241.746	2.234	4.618	1.016	0	0.362	0.409	0.419	0.241	0.284	-34.2	-0.14	-0.1	1.633	2.733	3.047	3.458	2.235	28.005	27.168	25.622	23.652	22.294	0.666
2026-05-17	-91.272	32.751	0	27.036	19.04	37.9	24.948	19.3	29.2	77.924	68.062	91.029	101.143	2.469	190.577	2.652	5.428	0.74	0	0.357	0.406	0.415	0.24	0.283	-36.266	-0.244	-0.1	1.642	2.75	2.983	3.445	2.237	27.542	26.998	25.892	24.087	22.543	0.578
2026-05-18	-91.272	32.751	0	29.646	23.01	43.14	26.63	23.2	31.2	77.056	58.273	93.332	101.324	2.648	254.422	2.754	5.93	0.879	0	0.354	0.406	0.412	0.239	0.282	-37.638	-0.407	-0.1	1.636	2.771	2.928	3.418	2.24	28.823	27.857	26.269	24.371	22.794	0.535
2026-05-19	-91.272	32.751	21.147	29.122	22.73	42.62	26.076	21	31.5	82.612	60.986	99.356	101.441	2.761	223.551	2.253	4.795	0.665	0.001	0.357	0.408	0.412	0.246	0.293	-37.619	-0.568	-0.1	1.682	2.805	2.861	3.381	2.233	29.29	28.592	27.184	24.944	23.066	0.512
2026-05-20	-91.272	32.751	0.187	26.427	22.21	36.15	23.518	21	28.2	93.193	73.48	100	101.311	2.69	162.848	1.133	2.465	0.23	0	0.384	0.418	0.429	0.266	0.297	-0.129	-0.1	-0.1	2.042	2.952	3.068	3.364	2.182	27.633	27.436	26.984	25.323	23.38	0.517
2026-05-21	-91.272	32.751	13.325	25.359	22.74	36.52	22.811	21.3	26.8	96.069	82.127	100	101.118	2.667	108.548	0.795	2.3	0.119	0.001	0.383	0.418	0.429	0.262	0.304	-0.1	-0.1	-0.1	2.056	2.943	3.103	3.384	2.167	27.068	27.021	26.693	25.366	23.651	0.507
2026-05-22	-91.272	32.751	28.855	25.506	20.42	35.38	23.012	18.9	28.4	92.498	73.51	100	100.79	2.591	220.382	2.454	4.908	0.26	0.001	0.394	0.421	0.435	0.301	0.357	-0.1	-0.1	-0.1	2.412	3.003	3.155	3.217	2.035	26.209	26.041	26.014	25.504	24.134	0.55
2026-05-23	-91.272	32.751	12.958	22.967	19.3	31.02	21.006	18.4	25.3	96.82	89.842	100	101.142	2.419	122.636	1.604	3.807	0.086	0.001	0.397	0.422	0.436	0.305	0.353	-0.1	-0.1	-0.1	2.328	2.968	3.116	3.111	1.94	24.993	25.33	25.792	25.311	24.082	0.572
2026-05-24	-91.272	32.751	0	25.916	20.56	35.47	22.883	19.6	27.3	92.593	74.719	100	101.267	2.574	205.967	0.726	1.751	0.246	0	0.395	0.422	0.434	0.294	0.308	-0.1	-0.1	-0.1	2.174	2.935	3.104	3.113	1.95	26.035	25.554	25.224	24.837	23.929	0.533
2026-05-25	-91.272	32.751	0	25.866	21.37	33.3	23.328	20.5	26.4	91.98	81.114	100	101.129	2.63	167.286	0.637	1.779	0.253	0	0.388	0.422	0.431	0.264	0.301	-0.1	-0.1	-0.1	1.973	2.89	3.106	3.238	1.981	26.918	26.568	25.895	24.818	23.9	0.56
2026-05-26	-91.272	32.751	0.085	27.099	20.39	37.62	23.867	19.2	28.4	88.656	72.567	100	100.99	2.611	250.191	1.021	2.292	0.395	0	0.386	0.422	0.43	0.257	0.299	-0.1	-0.1	-0.1	1.899	2.886	3.103	3.25	1.991	27.757	27.071	26.119	24.964	23.9	0.588
2026-05-27	-91.272	32.751	0.034	27.381	22.47	36.51	25.114	21.6	28.4	90.482	79.565	99.665	100.966	2.885	201.064	1.574	3.512	0.328	0	0.384	0.422	0.43	0.253	0.296	-0.1	-0.1	-0.1	1.807	2.877	3.094	3.271	2.003	28.265	27.754	26.733	25.212	23.948	0.611
2026-05-28	-91.272	32.751	0.918	26.922	23.04	34.2	24.951	22.5	27.8	93.188	83.803	99.028	100.929	2.946	144.606	1.125	2.586	0.224	0	0.382	0.422	0.43	0.25	0.295	-0.1	-0.1	-0.1	1.728	2.862	3.092	3.303	2.015	28.096	27.771	26.959	25.474	24.078	0.625
2026-05-29	-91.272	32.751	1.803	28.62	23.79	40.68	25.251	22.8	29.5	90.92	73.307	100	100.852	2.909	246.348	1.528	3.139	0.331	0.001	0.381	0.421	0.429	0.248	0.293	-0.104	-0.1	-0.1	1.698	2.855	3.09	3.312	2.024	28.683	27.964	26.934	25.596	24.228	0.556
2026-05-30	-91.272	32.751	0	30.452	21.93	44.57	26.581	21.3	32	86.052	63.752	100	100.879	2.965	274.806	0.891	1.943	0.58	0	0.38	0.421	0.43	0.247	0.292	-0.298	-0.1	-0.1	1.638	2.839	3.074	3.32	2.031	29.983	29.029	27.533	25.879	24.342	0.561
2026-05-31	-91.272	32.751	0	31.672	23.93	44.33	27.845	23.2	32.8	85.521	64.455	99.636	101.006	3.177	270.365	1.11	2.194	0.625	0	0.377	0.422	0.431	0.246	0.291	-1.303	-0.1	NA	1.582	2.802	3.054	3.327	2.038	31.539	30.454	28.523	26.38	24.496	0.583
2026-06-01	-91.272	32.751	0	32.151	24.27	47	27.904	23.9	33.5	81.639	61.912	98.517	101.123	3.052	294.127	1.066	2.473	0.76	0	0.372	0.42	0.431	0.245	0.29	-7.871	-0.1	NA	1.534	2.727	3.022	3.33	2.045	32.499	31.423	29.392	26.96	24.742	0.629
2026-06-02	-91.272	32.751	6.511	29.491	22.07	41.58	25.481	20.4	30.8	85.445	70.116	100	101.319	2.777	288.032	1.293	3.284	0.534	0	0.367	0.417	0.43	0.244	0.29	-12.795	-0.1	NA	1.528	2.671	2.968	3.32	2.05	31.648	31.089	29.743	27.504	25.045	0.673
2026-06-03	-91.272	32.751	0	29.179	21.63	42.64	25.1	20.7	30	83.731	68.325	95.266	101.561	2.656	301.371	1.082	3.025	0.571	0	0.362	0.414	0.426	0.243	0.289	-17.301	-0.1	NA	1.534	2.619	2.866	3.312	2.054	31.199	30.665	29.554	27.729	25.347	0.702
2026-06-04	-91.272	32.751	0	28.569	22.11	39.87	24.822	21.4	29.6	77.33	53.313	92.926	101.542	2.397	275.932	1.383	3.202	0.769	0	0.357	0.412	0.42	0.242	0.288	-25.13	-0.142	NA	1.555	2.594	2.674	3.301	2.058	31.093	30.654	29.586	27.844	25.578	0.715
2026-06-05	-91.272	32.751	0	29.02	18.87	43.71	24.675	18	29.8	78.517	62.961	95.642	101.312	2.432	304.506	1.333	2.86	0.733	0	0.353	0.409	0.411	0.241	0.288	-35.478	-0.279	NA	1.579	2.592	2.452	3.281	2.061	31.167	30.616	29.52	27.942	25.753	0.707
2026-06-06	-91.272	32.751	0	28.456	22.69	40.17	24.613	22	28.6	89.096	79.535	93.838	101.114	2.761	223.743	1.317	2.936	0.35	0	0.349	0.407	0.404	0.24	0.287	-40.686	-0.439	NA	1.589	2.591	2.338	3.261	2.063	30.074	30.148	29.791	28.05	25.875	0.669
