2026-01-23	-92.83	30.51	0	11.658	9.59	14.44	11.675	8.8	15.1	83.692	82.326	85.415	101.891	1.158	0	3.355	6.358	0.225	0	0.346	0.299	0.296	0.309	0.23	-14.483	-11.954	-18.742	0.068	0.266	0.09	0.677	0.452	14.652	14.996	15.331	15.7	15.779	NA
2026-01-24	-92.83	30.51	29.072	6.4	4.05	9.46	4.73	2	8.7	91.948	79.106	99.478	101.403	0.786	16.176	2.874	5.301	0.079	0.003	0.364	0.33	0.312	0.314	0.238	-6.373	-5.765	-9.135	0.143	0.341	0.145	0.709	0.463	10.489	12.001	13.85	15.534	15.796	NA
2026-01-25	-92.83	30.51	27.786	2.867	-0.84	7.28	0.386	-3	1.9	95.962	87.877	100	101.423	0.607	51.587	3.586	6.782	0.023	0.003	0.379	0.369	0.378	0.383	0.472	-0.105	-0.196	-0.285	0.147	0.389	0.296	0.693	0.508	6.344	8.308	10.925	14.261	15.415	NA
2026-01-26	-92.83	30.51	0	0.698	-4.86	10.81	-1.993	-4.4	1.3	78.281	62.14	92.254	103.057	0.41	168.632	3.568	6.383	0.123	0	0.372	0.354	0.377	0.403	0.479	-0.1	-0.1	-0.2	0.089	0.36	0.323	0.665	0.514	4.149	6.406	9.21	12.952	14.677	0.403
2026-01-27	-92.83	30.51	0	2.011	-6.53	17.86	-0.427	-6.9	6.8	76.623	44.817	100	103.099	0.442	167.025	0.999	1.935	0.18	0	0.368	0.352	0.357	0.403	0.48	-0.1	-0.1	-0.124	0.103	0.357	0.328	0.661	0.523	5.209	6.432	8.504	11.93	13.875	0.373
2026-01-28	-92.83	30.51	0	4.618	-4.04	21.16	3.697	-3.3	13	73.518	38.508	100	102.682	0.56	179.705	1.469	2.757	0.296	0	0.366	0.349	0.354	0.388	0.48	-0.1	-0.1	-0.1	0.111	0.359	0.333	0.653	0.533	6.815	7.565	8.941	11.546	13.271	0.376
2026-01-29	-92.83	30.51	0	6.837	-2.55	21.48	6.82	-2	15.8	77.931	48.531	100	101.958	0.77	169.803	1.563	3.075	0.304	0	0.364	0.346	0.351	0.353	0.481	-0.1	-0.1	-0.1	0.115	0.363	0.335	0.685	0.533	8.294	8.508	9.5	11.569	12.978	0.367
2026-01-30	-92.83	30.51	0	7.416	-0.62	18.98	7.706	2.4	12.2	69.444	47.43	97.584	102.041	0.721	155.611	2.958	5.448	0.343	0	0.363	0.343	0.349	0.345	0.48	-0.112	-0.1	-0.1	0.114	0.363	0.332	0.681	0.535	8.876	9.366	10.295	11.847	12.9	0.373
2026-01-31	-92.83	30.51	0	2.93	-2.85	13.36	1.334	-0.6	4	58.827	30.269	85.298	102.844	0.388	217.167	3.356	5.984	0.288	0	0.366	0.344	0.348	0.341	0.478	-0.21	-0.1	-0.1	0.104	0.358	0.321	0.674	0.517	5.779	7.625	9.619	11.909	12.984	0.364
2026-02-02	-92.83	30.51	0	8.688	-3.51	24.96	8.252	-2.4	18.6	77.709	48.371	100	102.489	0.878	177.759	1.961	3.762	0.351	0	0.362	0.34	0.345	0.338	0.308	-0.71	-0.1	-0.1	0.107	0.374	0.324	0.662	0.444	8.669	8.389	9.077	11.059	12.406	0.352
2026-02-03	-92.83	30.51	21.288	13.21	6.73	19.36	14.039	8.4	19.2	91.117	72.17	99.939	101.977	1.475	54.534	1.53	3.047	0.152	0.024	0.358	0.337	0.344	0.34	0.295	-0.525	-0.1	-0.1	0.143	0.385	0.333	0.658	0.461	12.498	11.342	11.046	11.616	12.369	NA
2026-02-04	-92.83	30.51	1.906	11.422	3.66	19.77	11.161	6.2	14.4	76.17	47.914	100	102.201	1.017	184.797	3.636	6.451	0.326	0	0.367	0.354	0.367	0.401	0.483	-0.1	-0.1	-0.1	0.202	0.378	0.305	0.63	0.44	12.27	12.375	12.424	12.515	12.709	0.443
2026-02-05	-92.83	30.51	0	7.989	0.59	20.67	7.815	1.3	15.6	69.772	40.863	92.19	102.399	0.717	192.161	2.146	3.871	0.386	0	0.369	0.354	0.36	0.403	0.482	-0.1	-0.1	-0.1	0.169	0.377	0.31	0.627	0.46	9.731	10.408	11.518	12.789	13.08	0.438
2026-02-06	-92.83	30.51	0	12.012	1.99	27.83	13.797	4.5	25.6	67.285	27.288	100	101.761	0.972	193.342	1.55	3.013	0.756	0	0.366	0.351	0.356	0.401	0.482	-0.1	-0.1	-0.1	0.169	0.39	0.323	0.622	0.467	11.965	11.544	11.768	12.701	13.176	0.446
2026-02-07	-92.83	30.51	0	11.714	3.96	27.28	13.448	6.8	21	64.41	39.324	92.259	102.124	0.953	194.584	1.684	3.063	0.651	0	0.365	0.346	0.353	0.362	0.482	-0.1	-0.1	-0.1	0.157	0.398	0.331	0.644	0.471	12.524	12.352	12.556	13.066	13.281	0.469
2026-02-08	-92.83	30.51	0	13.366	2.71	27.98	13.843	4.3	23.6	78.011	51.665	100	102.158	1.25	190.636	1.967	3.642	0.465	0	0.363	0.339	0.351	0.349	0.481	-0.1	-0.1	-0.1	0.152	0.411	0.337	0.646	0.477	13.472	12.855	12.885	13.38	13.493	0.49
2026-02-09	-92.83	30.51	0	17.03	9.46	29.26	17.557	13.4	24.8	87.733	57.216	100	101.993	1.737	119.573	1.986	3.86	0.312	0	0.361	0.335	0.348	0.347	0.48	-0.131	-0.1	-0.1	0.152	0.422	0.347	0.643	0.481	16.194	15.01	14.318	13.936	13.753	0.535
2026-02-10	-92.83	30.51	0	18.295	10.06	29.36	19.067	14.4	25	83.473	53.529	100	101.826	1.801	151.339	2.611	4.994	0.448	0	0.359	0.333	0.346	0.346	0.476	-0.265	-0.1	-0.1	0.144	0.429	0.353	0.638	0.378	17.16	15.898	15.221	14.68	14.193	0.552
2026-02-11	-92.83	30.51	0	18.398	12.04	31.26	19.078	13.8	24.9	87.314	63.708	100	101.871	1.914	107.1	1.367	2.719	0.332	0	0.357	0.33	0.344	0.344	0.383	-0.474	-0.1	-0.1	0.141	0.435	0.358	0.634	0.362	17.941	16.843	16.109	15.352	14.672	0.581
2026-02-12	-92.83	30.51	0	17.099	9.93	29.53	16.845	11.9	23.4	87.527	63.304	99.304	101.85	1.671	139.854	1.218	2.406	0.286	0	0.357	0.329	0.343	0.343	0.287	-0.731	-0.1	-0.1	0.137	0.436	0.36	0.631	0.448	17.738	17.021	16.562	15.91	15.132	0.61
2026-02-13	-92.83	30.51	0	17.745	10.89	28.9	17.143	13.7	23.4	91.087	59.109	100	101.752	1.765	136.042	1.173	2.43	0.223	0	0.358	0.328	0.342	0.342	0.271	-1.283	-0.1	-0.1	0.136	0.44	0.363	0.628	0.459	17.963	17.169	16.799	16.278	15.498	0.635
2026-02-14	-92.83	30.51	21.496	18.201	15.7	23.63	18.297	15.4	22.5	90.457	72.599	99.956	101.176	1.895	67.572	3.477	6.744	0.228	0.001	0.359	0.33	0.344	0.344	0.289	-1.94	-0.1	-0.1	0.149	0.441	0.361	0.624	0.449	18.021	17.271	17.047	16.648	15.832	NA
2026-02-15	-92.83	30.51	0.017	15.951	10.82	23.4	15.777	11.9	19	90.923	77.737	100	101.042	1.629	112.845	2.848	5.408	0.174	0	0.365	0.339	0.358	0.394	0.481	-0.1	-0.1	-0.1	0.177	0.437	0.309	0.604	0.398	17.177	16.939	17.009	16.828	16.089	0.674
2026-02-16	-92.83	30.51	0	15.42	7.74	26.3	14.882	10.4	20.4	85.07	63.459	99.306	101.662	1.425	213.714	1.613	3.133	0.296	0	0.365	0.335	0.354	0.396	0.48	-0.1	-0.1	-0.1	0.15	0.44	0.339	0.599	0.419	16.78	16.468	16.595	16.755	16.2	0.681
2026-02-17	-92.83	30.51	0	16.84	12.5	23.92	17.552	14.1	21	82.719	66.385	96.643	101.552	1.649	94.257	2.979	5.704	0.373	0	0.364	0.334	0.351	0.363	0.48	-0.1	-0.1	-0.1	0.144	0.448	0.356	0.622	0.422	17.163	16.666	16.782	16.824	16.284	NA
2026-02-18	-92.83	30.51	0	19.442	16.01	26.64	20.011	17.1	24.3	86.359	64.218	100	100.982	1.998	125.704	3.116	5.811	0.359	0	0.363	0.331	0.349	0.349	0.48	-0.1	-0.1	-0.1	0.147	0.456	0.365	0.631	0.425	18.865	17.808	17.315	16.983	16.394	0.724
2026-02-19	-92.83	30.51	0.238	22.031	18.46	29.06	22.49	18.9	26.6	87.619	66.618	96.38	100.58	2.37	127.483	4.12	7.659	0.37	0	0.36	0.328	0.347	0.346	0.478	-0.139	-0.1	-0.1	0.148	0.461	0.371	0.626	0.43	20.7	19.216	18.277	17.433	16.613	0.73
2026-02-20	-92.83	30.51	0	22.851	18.97	29.65	23.242	20.6	27.1	89.04	69.96	100	100.7	2.518	129.61	2.278	4.435	0.348	0	0.359	0.325	0.345	0.344	0.471	-0.224	-0.1	-0.1	0.15	0.47	0.377	0.621	0.341	21.851	20.41	19.318	18.09	16.98	0.751
2026-02-21	-92.83	30.51	0	20.912	11.12	30.16	21.695	14.3	26.5	80.763	60.015	99.202	101.348	2.145	138.853	2.849	5.62	0.485	0	0.36	0.323	0.343	0.343	0.358	-0.627	-0.1	-0.1	0.146	0.469	0.375	0.618	0.373	21.451	20.693	19.967	18.72	17.441	0.762
2026-02-22	-92.83	30.51	0	10.235	1.13	20.19	11.25	5.8	15.4	46.196	24.971	69.714	102.964	0.61	229.363	3.944	7.598	0.741	0	0.365	0.326	0.344	0.341	0.271	-4.464	-0.124	-0.1	0.117	0.447	0.348	0.611	0.443	14.87	16.406	18.09	18.743	17.801	0.747
2026-02-23	-92.83	30.51	0	6.783	-0.58	20.85	7.416	1.7	15	45.07	21.872	75.059	103.037	0.435	230.964	2.441	4.353	0.641	0	0.366	0.327	0.344	0.339	0.267	-9.006	-0.235	-0.1	0.106	0.433	0.339	0.606	0.442	12.544	13.873	15.797	17.669	17.578	0.74
2026-02-24	-92.83	30.51	0	9.444	-1.81	22.84	9.853	0	18.2	66.734	38.466	87.149	102.041	0.811	223.682	2.786	5.175	0.504	0	0.365	0.326	0.343	0.338	0.265	-10.919	-0.414	-0.1	0.104	0.422	0.337	0.602	0.44	12.734	13.234	14.714	16.659	17.022	0.73
2026-02-25	-92.83	30.51	0	16.339	9.4	21.68	18.033	12.6	22.2	79.869	63.594	93.859	100.935	1.642	82.351	4.077	7.678	0.463	0	0.361	0.322	0.34	0.337	0.264	-11.493	-0.804	-0.1	0.112	0.417	0.336	0.598	0.439	15.815	15.111	15.321	16.262	16.553	NA
2026-02-26	-92.83	30.51	0	19.167	15.8	22.86	20.372	17.9	23.6	86.231	71.781	97.801	100.828	2.057	54.111	2.379	4.568	0.347	0	0.358	0.319	0.338	0.336	0.263	-11.595	-1.301	-0.1	0.119	0.415	0.337	0.598	0.438	18.173	17.094	16.601	16.565	16.446	NA
2026-02-27	-92.83	30.51	0	18.194	9.67	28.98	19.26	14.3	26.4	80.226	43.612	100	101.229	1.753	211.976	1.386	2.777	0.537	0	0.356	0.317	0.336	0.335	0.262	-12.512	-2.736	-0.14	0.12	0.412	0.334	0.595	0.44	19.349	18.309	17.598	17.096	16.639	0.785
2026-02-28	-92.83	30.51	0	17.003	8.6	29.41	18.35	10.9	25.7	72.294	49.352	94.752	101.513	1.536	201.114	1.756	3.366	0.652	0	0.356	0.315	0.334	0.333	0.261	-13.973	-6.857	-0.244	0.116	0.399	0.325	0.591	0.438	18.608	17.918	17.753	17.544	16.934	0.794
2026-03-01	-92.83	30.51	0	16.884	8.77	27.47	18.111	11.3	25.2	77.31	45.507	100	101.788	1.557	223.828	2.028	3.797	0.6	0	0.354	0.312	0.332	0.332	0.26	-15.43	-10.385	-0.497	0.114	0.391	0.315	0.587	0.439	18.614	18.03	17.952	17.788	17.146	0.797
2026-03-02	-92.83	30.51	0	16.735	7.1	28.8	17.889	9.2	25.9	81.728	54.257	100	101.779	1.663	231.044	1.534	3.062	0.488	0	0.35	0.309	0.329	0.33	0.26	-16.824	-11.903	-1.335	0.112	0.379	0.304	0.581	0.437	18.714	18.055	17.97	17.901	17.284	0.801
2026-03-03	-92.83	30.51	0	19.456	11.25	27.56	20.848	14.2	26.5	85.041	62.326	100	101.769	2.073	161.416	2.416	4.725	0.442	0	0.346	0.305	0.325	0.329	0.259	-17.789	-13.111	-4.058	0.112	0.37	0.295	0.578	0.436	19.707	18.805	18.457	18.122	17.442	0.811
2026-03-04	-92.83	30.51	0	22.434	17.14	29.62	22.779	18.9	27.4	85.304	57.355	100	101.755	2.327	189.525	2.566	4.99	0.473	0	0.341	0.301	0.321	0.328	0.258	-18.955	-14.248	-8.39	0.113	0.364	0.287	0.574	0.435	21.461	20.111	19.267	18.491	17.654	0.811
2026-03-05	-92.83	30.51	0	21.808	15.57	28.9	22.629	19.2	27.7	83.951	59.153	99.032	101.564	2.271	175.56	2.502	4.966	0.508	0	0.336	0.298	0.317	0.326	0.257	-20.238	-15.448	-10.863	0.112	0.354	0.278	0.57	0.435	21.801	20.689	19.964	19.026	17.977	0.82
2026-03-06	-92.83	30.51	0.085	23.162	17.66	28.87	23.509	19.7	27.9	87.418	66.686	98.04	101.48	2.515	148.733	3.263	6.612	0.404	0	0.331	0.294	0.312	0.325	0.256	-21.252	-16.56	-12.002	0.111	0.346	0.268	0.566	0.435	22.288	21.055	20.338	19.434	18.315	0.825
2026-03-07	-92.83	30.51	96.36	23.048	18.76	28.21	22.991	18.1	27	92.431	76.262	100	101.432	2.596	105.12	3.225	6.83	0.228	0.01	0.336	0.301	0.316	0.325	0.256	-16.012	-13.989	-11.215	0.147	0.353	0.259	0.571	0.436	22.715	21.69	20.965	19.857	18.624	0.835
2026-03-08	-92.83	30.51	8.318	21.263	17.79	27.91	20.767	18.5	24.1	95.575	81.2	100	101.537	2.341	101.191	1.661	3.064	0.122	0.001	0.358	0.331	0.348	0.341	0.372	-0.1	-0.138	-0.128	0.213	0.405	0.281	0.612	0.468	22.038	21.261	20.945	20.225	18.973	0.853
2026-03-09	-92.83	30.51	1.973	22.238	17.04	27.93	22.484	19.6	25.6	95.151	83.308	100	101.549	2.592	87.138	2.246	4.407	0.144	0.001	0.357	0.323	0.343	0.341	0.476	-0.1	-0.1	-0.1	0.148	0.439	0.304	0.598	0.492	22.211	21.405	21.016	20.348	19.178	NA
2026-03-10	-92.83	30.51	0	23.505	21.56	30.09	23.788	22.1	27.2	88.779	72.987	97.297	101.522	2.605	147.66	3.162	6.34	0.353	0	0.357	0.321	0.341	0.34	0.475	-0.1	-0.1	-0.1	0.145	0.452	0.323	0.596	0.492	23.183	22.118	21.436	20.542	19.361	0.852
2026-03-11	-92.83	30.51	21.632	22.437	16.89	29.41	22.41	16.7	27.1	90.666	72.616	100	101.254	2.461	136.872	3.561	7.353	0.292	0.003	0.362	0.323	0.343	0.343	0.473	-0.147	-0.1	-0.1	0.164	0.461	0.338	0.593	0.48	23.038	22.289	21.799	20.858	19.582	0.844
2026-03-12	-92.83	30.51	1.327	13.621	5.62	20.78	12.905	8.3	17.1	72.158	40.236	100	102.175	1.073	263.046	4.034	7.55	0.436	0	0.371	0.338	0.357	0.397	0.475	-0.1	-0.1	-0.1	0.18	0.469	0.379	0.572	0.505	19.223	19.773	20.677	20.874	19.79	0.84
2026-03-13	-92.83	30.51	0	13.312	4.28	25.21	13.222	5.4	21.2	77.555	54.781	99.958	101.758	1.166	259.116	1.61	3.117	0.448	0	0.368	0.333	0.353	0.395	0.475	-0.1	-0.1	-0.1	0.153	0.472	0.352	0.568	0.501	18.142	18.197	19.088	20.099	19.644	0.832
2026-03-14	-92.83	30.51	0	16.619	8.11	25.62	17.428	10.4	22.9	79.872	59.767	99.939	101.4	1.571	206.805	2.061	4.102	0.486	0	0.366	0.329	0.35	0.351	0.476	-0.1	-0.1	-0.1	0.158	0.472	0.348	0.597	0.494	18.951	18.644	19.023	19.599	19.293	0.842
2026-03-15	-92.83	30.51	2.532	20.144	13.16	27.94	20.693	13.5	25.9	84.926	65.836	100	100.641	2.068	194.928	4.159	7.819	0.423	0.001	0.363	0.324	0.346	0.342	0.474	-0.129	-0.1	-0.1	0.154	0.473	0.346	0.588	0.48	20.606	19.802	19.546	19.544	19.1	0.842
2026-03-16	-92.83	30.51	0	9.81	1.73	16.6	9.26	4.4	14.7	43.669	29.76	79.362	101.814	0.528	233.251	4.684	9.083	0.653	0	0.367	0.326	0.345	0.341	0.446	-0.261	-0.1	-0.1	0.135	0.463	0.337	0.582	0.348	16.258	17.381	18.837	19.601	19.1	0.844
2026-03-17	-92.83	30.51	0	7.222	-1.68	20.01	5.929	-1.3	13.1	52.129	30.313	80.943	102.504	0.47	266.199	1.579	3.143	0.5	0	0.367	0.326	0.345	0.34	0.277	-1.665	-0.1	-0.1	0.133	0.447	0.32	0.574	0.451	14.691	15.344	16.88	18.728	18.846	0.829
2026-03-18	-92.83	30.51	0	11.234	2.41	23.86	11.193	3.4	19.7	72.897	48.356	99.432	102.269	0.951	208.623	1.961	3.758	0.466	0	0.364	0.324	0.344	0.339	0.266	-5.452	-0.139	-0.1	0.136	0.434	0.316	0.57	0.452	15.476	15.533	16.473	17.998	18.343	0.834
2026-03-19	-92.83	30.51	0	15.652	5.89	27.44	16.044	8.2	24.4	78.821	49.968	100	102.119	1.416	256.039	2.256	4.294	0.507	0	0.359	0.32	0.341	0.337	0.264	-9.822	-0.434	-0.1	0.141	0.428	0.315	0.566	0.451	17.614	16.94	17.007	17.761	17.979	0.833
2026-03-20	-92.83	30.51	0	17.554	9.67	27.93	18.1	11.3	24.8	82.326	56.441	100	101.909	1.686	249.071	2.449	4.579	0.473	0	0.355	0.315	0.339	0.335	0.263	-12.106	-1.955	-0.1	0.142	0.422	0.313	0.563	0.452	18.938	18.142	17.903	18.028	17.9	0.831
2026-03-21	-92.83	30.51	0	19.709	12.75	28.62	20.09	15.6	25.8	85.754	62.434	100	101.603	1.987	213.13	2.74	5.243	0.412	0	0.351	0.311	0.335	0.333	0.261	-13.504	-6.422	-0.193	0.142	0.413	0.31	0.558	0.45	20.204	19.243	18.743	18.448	18.028	0.836
2026-03-22	-92.83	30.51	0	21.123	14.51	28.32	21.517	18.2	26.3	80.996	56.846	99.163	101.422	2.039	253.598	3.851	7.327	0.56	0	0.348	0.306	0.332	0.331	0.26	-15.3	-10.454	-0.454	0.141	0.401	0.304	0.556	0.448	21.561	20.432	19.667	18.969	18.277	0.836
2026-03-23	-92.83	30.51	0	20.113	13.8	30.42	21.051	16.3	27	84.022	55.988	100	101.699	2.056	164.238	1.121	2.441	0.481	0	0.345	0.303	0.328	0.329	0.259	-16.357	-11.994	-1.495	0.139	0.389	0.294	0.552	0.448	21.123	20.39	20.012	19.449	18.592	0.84
2026-03-24	-92.83	30.51	0	18.834	11.46	29.02	19.941	13.6	26.4	70.949	48.598	94.545	101.821	1.631	237.723	1.403	2.754	0.761	0	0.343	0.301	0.325	0.328	0.258	-17.334	-13.075	-4.249	0.138	0.376	0.285	0.55	0.445	21.036	20.389	20.124	19.699	18.845	0.837
2026-03-25	-92.83	30.51	0	19.445	12.64	29.13	20.059	15.2	26.8	82.728	50.445	100	101.792	1.9	215.874	1.475	2.902	0.504	0	0.339	0.298	0.321	0.327	0.257	-18.669	-14.344	-8.983	0.147	0.369	0.275	0.546	0.446	21.427	20.705	20.33	19.874	19.039	0.837
2026-03-26	-92.83	30.51	0	18.426	10.95	27.95	19.396	13.1	26.2	82.083	57.008	100	101.715	1.825	220.222	2.074	3.967	0.509	0	0.337	0.295	0.317	0.326	0.256	-20.144	-15.67	-11.021	0.142	0.355	0.264	0.543	0.444	20.781	20.306	20.249	20.015	19.178	0.842
2026-03-27	-92.83	30.51	0.034	20.474	13.31	30.65	21.607	15.4	28.2	82.533	53.016	100	101.806	2.086	219.527	1.154	2.443	0.558	0	0.333	0.291	0.312	0.325	0.255	-21.618	-16.924	-12.21	0.138	0.346	0.255	0.541	0.443	21.531	20.788	20.452	20.081	19.279	0.839
2026-03-28	-92.83	30.51	0	15.937	10.38	24.02	17.035	13	22	48.576	33.031	71.292	102.579	0.933	263.371	3.838	7.199	1.036	0	0.328	0.288	0.306	0.324	0.255	-24.101	-18.397	-13.386	0.128	0.332	0.25	0.538	0.439	20.275	20.188	20.404	20.249	19.42	0.844
2026-03-29	-92.83	30.51	0	16.928	7.65	27.47	18.337	9.6	25.6	60.193	45.696	84.593	102.246	1.283	266.052	1.523	3.048	0.933	0	0.321	0.284	0.298	0.323	0.254	-26.893	-19.884	-14.619	0.124	0.314	0.234	0.534	0.439	19.743	19.407	19.653	19.981	19.431	0.839
2026-03-30	-92.83	30.51	0	21.296	14.67	29.28	22.045	17.5	27.3	79.292	53.207	98.791	101.96	2.062	238.182	2.008	3.994	0.63	0	0.309	0.277	0.289	0.322	0.253	-29.651	-21.271	-15.686	0.127	0.305	0.226	0.53	0.439	21.777	20.866	20.355	19.979	19.358	0.836
2026-03-31	-92.83	30.51	0	22.391	14.3	29.79	22.946	17	28.3	82.939	53.999	100	101.732	2.281	242.271	2.315	4.782	0.566	0	0.292	0.271	0.28	0.321	0.253	-33.493	-22.657	-16.639	0.126	0.293	0.217	0.525	0.437	22.39	21.483	20.931	20.351	19.485	0.832
2026-04-01	-92.83	30.51	0	22.962	18.86	29.84	23.424	20.5	27.8	85.138	61.507	100	101.536	2.423	200.644	2.555	5.284	0.485	0	0.274	0.265	0.27	0.32	0.252	-37.62	-23.989	-17.526	0.124	0.279	0.209	0.522	0.436	22.881	22.028	21.464	20.714	19.71	0.834
2026-04-02	-92.83	30.51	0	23.988	20.48	31.52	24.182	21.6	28	85.175	68.717	95.255	101.363	2.554	182.488	3.177	6.664	0.478	0	0.262	0.259	0.263	0.319	0.252	-40.746	-25.172	-18.352	0.123	0.268	0.2	0.519	0.436	23.277	22.392	21.808	21.04	19.954	0.828
2026-04-03	-92.83	30.51	0.851	24.349	20.49	31.95	24.483	21.8	28.4	84.495	64.386	98.483	101.56	2.573	204.358	2.871	6.013	0.517	0.002	0.257	0.255	0.256	0.318	0.251	-42.139	-26.064	-19.083	0.125	0.263	0.194	0.514	0.435	23.768	22.835	22.169	21.336	20.202	0.822
2026-04-04	-92.83	30.51	15.118	23.514	20.01	30.32	23.625	19.8	28.2	88.672	70.943	100	101.571	2.573	142.616	2.536	5.247	0.367	0.005	0.265	0.253	0.25	0.317	0.25	-35.993	-26.884	-19.74	0.137	0.268	0.19	0.511	0.436	23.709	22.961	22.459	21.639	20.436	0.813
2026-04-05	-92.83	30.51	21.132	17.971	13.18	23.62	17.559	14.9	20.1	82.84	62.353	100	101.99	1.671	148.775	3.524	6.852	0.34	0	0.338	0.294	0.303	0.318	0.25	-10.332	-18.67	-18.685	0.168	0.343	0.209	0.514	0.436	21.563	21.64	21.977	21.721	20.645	0.797
2026-04-06	-92.83	30.51	0	15.976	8.23	26.71	15.822	11.6	21.1	60.425	37.165	78.76	102.089	1.063	272.529	3.088	5.902	0.762	0	0.328	0.292	0.307	0.319	0.25	-18.151	-17.767	-16.197	0.142	0.326	0.213	0.518	0.432	20.356	20.396	20.941	21.334	20.617	0.797
2026-04-07	-92.83	30.51	0	15.595	5.54	29.74	15.454	7.5	23.4	66.574	36.308	95.279	101.828	1.103	297.5	2.003	3.745	0.749	0	0.321	0.288	0.302	0.32	0.25	-20.907	-18.998	-16.165	0.139	0.308	0.207	0.516	0.433	19.744	19.667	20.231	20.858	20.406	0.777
2026-04-08	-92.83	30.51	0	19.235	10.49	32.19	18.822	11.9	26.1	69.666	41.211	94.02	101.809	1.452	281.794	1.493	2.977	0.828	0	0.312	0.283	0.295	0.319	0.25	-23.267	-20.156	-16.686	0.141	0.297	0.201	0.515	0.432	20.858	20.275	20.28	20.551	20.157	0.771
2026-04-09	-92.83	30.51	0	21.161	12.64	33.42	20.835	14.8	26.5	77.459	56.553	97.533	102	1.883	251.318	2.435	4.545	0.636	0	0.302	0.278	0.288	0.319	0.25	-25.584	-21.244	-17.324	0.142	0.289	0.196	0.514	0.433	21.974	21.238	20.91	20.673	20.085	0.749
2026-04-10	-92.83	30.51	0.272	20.952	14.03	35.24	20.383	15.7	26.4	86.069	69.006	99.477	102.108	2.064	211.669	1.924	3.696	0.361	0	0.295	0.273	0.281	0.318	0.25	-27.384	-22.249	-17.958	0.144	0.281	0.191	0.513	0.433	22.284	21.636	21.344	20.941	20.17	0.745
2026-04-11	-92.83	30.51	0	23.189	15.1	33.64	22.124	17.3	27.1	79.973	54.403	100	102.147	2.084	279.694	2.021	4.075	0.621	0	0.288	0.27	0.275	0.318	0.249	-29.416	-23.021	-18.488	0.151	0.276	0.187	0.512	0.433	23.524	22.531	21.852	21.193	20.329	0.736
2026-04-12	-92.83	30.51	0	23.272	18.24	32.58	22.794	19.2	27.4	83.16	64.852	99.62	101.973	2.287	219.778	2.515	5.294	0.515	0	0.278	0.268	0.268	0.317	0.249	-32.201	-23.901	-18.967	0.164	0.269	0.183	0.511	0.434	23.728	22.927	22.376	21.601	20.536	0.722
2026-04-13	-92.83	30.51	0	23.892	18.7	33.55	23.478	20.1	27.4	80.639	63.071	96.321	101.938	2.314	209.838	2.717	5.504	0.598	0	0.269	0.263	0.261	0.317	0.249	-34.466	-24.739	-19.427	0.176	0.263	0.179	0.51	0.433	24.005	23.19	22.645	21.859	20.77	0.719
2026-04-14	-92.83	30.51	0	24.165	16.79	35.49	23.422	18.8	28	78.879	56.057	99.966	101.741	2.229	272.657	2.479	5.108	0.687	0	0.26	0.259	0.255	0.317	0.249	-37.183	-25.541	-19.892	0.187	0.258	0.175	0.508	0.433	24.473	23.549	22.905	22.084	20.967	0.7
2026-04-15	-92.83	30.51	0	23.779	16.25	35.55	23.169	18.6	27.9	80.728	58.154	100	101.545	2.253	247.905	2.449	4.997	0.623	0	0.252	0.254	0.249	0.316	0.248	-40.135	-26.571	-20.427	0.193	0.255	0.171	0.505	0.432	24.55	23.739	23.189	22.339	21.166	0.69
2026-04-16	-92.83	30.51	0.068	24.738	17.1	37.04	24.028	19.6	29.7	78.443	49.915	99.66	101.531	2.287	255.892	2.067	4.09	0.755	0	0.245	0.25	0.243	0.316	0.248	-42.876	-27.903	-20.979	0.196	0.254	0.168	0.503	0.432	24.954	24.04	23.399	22.532	21.363	0.676
2026-04-17	-92.83	30.51	0.034	23.759	15.73	36.06	23.238	18.3	28.3	79.2	56.296	100	101.364	2.213	238.92	2.302	4.592	0.687	0	0.236	0.246	0.237	0.315	0.248	-46.148	-28.762	-21.52	0.194	0.252	0.167	0.5	0.432	24.533	23.802	23.41	22.704	21.541	0.654
2026-04-18	-92.83	30.51	7.42	22.215	16.33	31.52	21.765	17.1	26.1	90.433	75.053	100	101.317	2.354	113.096	1.483	2.978	0.281	0.002	0.233	0.243	0.232	0.315	0.247	-46.604	-29.554	-22.045	0.195	0.256	0.166	0.498	0.434	23.751	23.346	23.255	22.764	21.658	0.677
2026-04-19	-92.83	30.51	14.856	16.918	11.16	29.51	14.678	9.8	20.6	77.694	42.014	100	102.271	1.246	257.832	3.341	6.776	0.462	0.001	0.302	0.264	0.243	0.315	0.247	-14.162	-27.3	-22.342	0.324	0.366	0.177	0.497	0.432	21.778	21.833	22.284	22.498	21.667	0.631
2026-04-20	-92.83	30.51	0	17.013	7.8	31.19	15.51	8.5	21.4	74.358	43.982	96.384	102.329	1.267	219.87	1.405	2.633	0.559	0	0.293	0.268	0.255	0.316	0.247	-22.9	-24.954	-21.4	0.253	0.38	0.186	0.498	0.429	20.868	20.839	21.414	21.964	21.439	0.664
2026-04-21	-92.83	30.51	1.139	17.649	13.12	26.18	17.053	13.8	20.8	86.727	65.008	96.081	102.144	1.681	84.308	1.123	2.114	0.277	0.001	0.283	0.265	0.253	0.316	0.247	-25.472	-25.283	-21.079	0.24	0.371	0.184	0.498	0.43	20.545	20.484	21.02	21.578	21.157	NA
2026-04-22	-92.83	30.51	1.992	20.07	14.38	29.34	19.625	16	23.3	91.122	78.649	97.784	101.693	2.084	133.942	1.827	3.349	0.221	0.002	0.282	0.264	0.251	0.316	0.247	-25.252	-25.467	-21.1	0.245	0.378	0.182	0.498	0.434	21.47	20.959	20.994	21.289	20.925	0.669
2026-04-23	-92.83	30.51	0.051	23.8	15.61	36.02	22.459	17.4	26.8	88.175	71.529	100	101.203	2.385	236.143	2.278	4.818	0.369	0	0.279	0.262	0.251	0.316	0.247	-25.394	-25.45	-21.103	0.249	0.386	0.189	0.499	0.434	23.439	22.383	21.729	21.387	20.8	0.657
2026-04-24	-92.83	30.51	1.634	24.171	19.91	31.4	23.464	20.7	27.4	90.864	76.852	99.945	100.777	2.62	137.778	2.415	5.094	0.286	0.001	0.274	0.259	0.248	0.315	0.247	-26.633	-25.86	-21.132	0.252	0.386	0.195	0.498	0.432	24.102	23.262	22.677	21.898	20.994	0.664
2026-04-25	-92.83	30.51	0.493	26.566	20.74	37.76	24.917	20.6	29.4	87.963	72.002	100	100.709	2.757	240.622	2.236	4.459	0.426	0.001	0.27	0.256	0.246	0.315	0.247	-27.665	-26.129	-21.296	0.264	0.392	0.197	0.498	0.432	25.747	24.5	23.446	22.326	21.253	0.655
2026-04-26	-92.83	30.51	0	27.193	22.12	39.27	25.647	22.9	30.2	86.429	65.023	99.995	100.857	2.812	214.121	2.12	4.576	0.508	0	0.262	0.252	0.242	0.315	0.246	-30.635	-26.837	-21.49	0.257	0.387	0.196	0.497	0.431	26.391	25.246	24.262	22.937	21.602	0.656
2026-04-27	-92.83	30.51	0	27.898	23.03	39.18	26.148	24	30.2	84.572	67.032	95.731	101.07	2.852	244.472	2.9	6.17	0.559	0	0.253	0.247	0.238	0.314	0.246	-33.736	-28.006	-21.853	0.257	0.379	0.194	0.496	0.431	27.074	25.892	24.855	23.437	21.958	0.592
2026-04-28	-92.83	30.51	0	28.09	22.99	39.19	26.036	23.4	29.8	83.566	63.768	97.604	101.308	2.79	257.719	2.915	6.09	0.6	0	0.244	0.243	0.233	0.314	0.246	-37.255	-28.751	-22.239	0.252	0.373	0.194	0.496	0.43	27.511	26.331	25.311	23.866	22.309	0.633
2026-04-29	-92.83	30.51	0.034	26.56	22.43	36.69	25.221	22.9	28.8	85.806	67.7	94.801	101.077	2.741	149.381	2.162	4.323	0.48	0	0.237	0.238	0.229	0.313	0.246	-40.212	-29.452	-22.646	0.243	0.368	0.193	0.493	0.43	26.847	26.03	25.41	24.217	22.629	0.637
2026-04-30	-92.83	30.51	25.267	21.714	18.69	25.98	20.446	17.9	23.4	98.599	92.299	100	100.969	2.379	58.538	2.075	4.53	0.033	0.003	0.266	0.251	0.232	0.313	0.245	-28.8	-28.853	-23.107	0.284	0.402	0.205	0.493	0.436	24.731	24.639	24.799	24.235	22.846	NA
2026-05-01	-92.83	30.51	56.754	16.666	12.94	19.21	15.156	11.2	18.1	99.873	99.482	100	101.071	1.735	26.967	3.859	8.308	0	0.004	0.34	0.295	0.293	0.314	0.245	-2.549	-15.341	-21.51	0.294	0.48	0.328	0.502	0.435	21.275	21.847	22.999	23.664	22.773	NA
2026-05-02	-92.83	30.51	2.28	19.006	11.33	32.49	15.94	10.8	22.6	78.035	43.542	100	101.611	1.347	317.405	3.038	5.998	0.529	0	0.353	0.322	0.334	0.332	0.251	-0.1	-0.116	-0.935	0.243	0.427	0.393	0.574	0.456	21.762	21.303	21.516	22.501	22.302	0.658
2026-05-03	-92.83	30.51	0	19.957	9.31	35.93	17.399	9.3	24.4	70.963	43.44	99.863	101.906	1.339	311.303	1.189	2.473	0.754	0	0.344	0.315	0.33	0.332	0.256	-0.574	-0.132	-0.1	0.227	0.438	0.391	0.554	0.465	22.44	21.924	21.947	22.216	21.871	0.645
2026-05-04	-92.83	30.51	0	20.803	10.36	34.78	18.975	11.4	25.1	76.885	57.871	99.66	101.401	1.662	274.875	2.262	4.605	0.619	0	0.341	0.312	0.327	0.331	0.255	-4.828	-0.245	-0.1	0.226	0.439	0.408	0.548	0.462	22.609	22.118	22.111	22.198	21.706	0.648
2026-05-05	-92.83	30.51	0	23.69	17.62	30.07	23.129	18.6	26.4	86.936	78.568	94.069	100.885	2.474	119.409	2.758	5.73	0.388	0	0.338	0.309	0.324	0.33	0.255	-9.19	-0.49	-0.1	0.223	0.443	0.437	0.545	0.459	23.453	22.81	22.542	22.312	21.7	0.679
2026-05-06	-92.83	30.51	0.136	26.247	22.75	35.89	25.364	23.1	28.6	92.628	81.604	97.911	100.888	2.998	121.958	1.832	4.037	0.253	0	0.335	0.306	0.322	0.329	0.254	-10.383	-0.868	-0.143	0.231	0.448	0.467	0.543	0.458	24.923	23.878	23.182	22.559	21.757	0.698
2026-05-07	-92.83	30.51	0.527	21.736	16.45	32.64	18.873	14.9	25.1	91.092	74.871	100	101.294	1.989	195.264	2.421	5.038	0.221	0	0.334	0.304	0.32	0.328	0.254	-11.322	-1.736	-0.2	0.231	0.453	0.488	0.542	0.46	24.427	23.931	23.597	22.948	21.938	0.714
2026-05-08	-92.83	30.51	75.802	20.113	17.97	23.19	18.998	16.9	21	97.647	88.561	100	101.1	2.158	48.427	1.721	3.645	0.046	0.002	0.35	0.318	0.331	0.337	0.331	-5.044	-1.634	-0.183	0.258	0.458	0.508	0.569	0.493	22.637	22.561	22.969	22.996	22.089	NA
2026-05-09	-92.83	30.51	11.187	22.075	18.98	27.61	20.867	19.5	23.5	98.554	86.256	100	100.937	2.432	95.185	1.831	3.587	0.035	0.001	0.363	0.332	0.341	0.394	0.472	-0.1	-0.1	-0.1	0.27	0.474	0.498	0.568	0.558	23.207	22.66	22.595	22.661	22.039	NA
2026-05-10	-92.83	30.51	0.102	24.595	17.52	37	22.636	18.3	29	92.754	73.096	100	101.296	2.552	224.59	1.418	2.89	0.252	0	0.362	0.334	0.342	0.395	0.472	-0.1	-0.1	-0.1	0.294	0.471	0.506	0.571	0.556	24.701	23.647	22.973	22.626	21.957	0.755
2026-05-11	-92.83	30.51	4.613	22.432	19.26	29.79	21.383	19.5	25.6	96.769	86.171	100	101.552	2.466	100.867	1.668	3.485	0.09	0.002	0.359	0.332	0.34	0.394	0.472	-0.1	-0.1	-0.1	0.252	0.472	0.518	0.572	0.557	24.37	23.945	23.734	23.063	22.048	0.776
2026-05-12	-92.83	30.51	0.085	19.251	17.06	26.8	18.544	16.9	22.2	96.661	86.611	99.57	101.666	2.066	110.232	1.735	3.48	0.075	0	0.363	0.335	0.343	0.395	0.472	-0.1	-0.1	-0.1	0.253	0.482	0.542	0.573	0.558	22.743	22.8	23.314	23.18	22.2	0.736
2026-05-13	-92.83	30.51	0.102	24.498	14.97	36.61	22.893	15.8	30	75.714	42.88	99.369	101.537	2.019	321.919	1.026	2.291	0.881	0	0.352	0.324	0.335	0.37	0.472	-0.1	-0.1	-0.1	0.238	0.477	0.527	0.575	0.555	25.398	24.6	24.067	23.375	22.341	0.777
2026-05-14	-92.83	30.51	0.068	25.506	16.19	36.98	23.984	16.7	29.9	76.7	53.115	99.6	101.384	2.229	308.586	0.976	2.168	0.858	0	0.349	0.319	0.332	0.338	0.469	-0.216	-0.1	-0.1	0.229	0.462	0.515	0.578	0.52	26.166	25.222	24.547	23.667	22.52	0.784
2026-05-15	-92.83	30.51	0.034	25.628	18.32	36.3	24.407	19.2	29.3	82.281	63.131	100	101.366	2.486	277.478	1.939	4.024	0.625	0	0.346	0.315	0.33	0.335	0.336	-2.775	-0.1	-0.1	0.219	0.453	0.501	0.566	0.415	26.703	25.794	25.075	24.028	22.735	0.8
2026-05-16	-92.83	30.51	0	25.883	19.89	34.85	24.733	20.6	28.2	83.824	70.42	97.38	101.357	2.598	258.522	1.978	4.392	0.548	0	0.342	0.311	0.328	0.333	0.262	-8.093	-0.153	-0.1	0.21	0.439	0.484	0.557	0.471	26.91	26.045	25.381	24.355	23.004	0.817
2026-05-17	-92.83	30.51	1.174	26.793	22.46	33.51	26.19	23.4	29.7	87.359	74.614	97.839	101.208	2.961	201.113	2.585	6.035	0.458	0.002	0.339	0.308	0.326	0.331	0.258	-10.35	-0.379	-0.1	0.219	0.427	0.467	0.553	0.471	27.077	26.239	25.589	24.584	23.225	0.837
2026-05-18	-92.83	30.51	0	27.339	24.29	33.66	26.84	24.6	29.7	86.374	76.349	95.461	101.41	3.04	201.29	2.588	6.062	0.506	0	0.336	0.305	0.324	0.329	0.257	-12.406	-1.496	-0.1	0.209	0.412	0.449	0.549	0.467	27.177	26.367	25.746	24.783	23.42	0.855
2026-05-19	-92.83	30.51	27.931	27.272	19.56	33.92	26.635	19.1	30.3	87.034	71.541	99.044	101.552	3.031	216.662	2.382	5.656	0.491	0.002	0.334	0.302	0.322	0.327	0.256	-13.228	-5.78	-0.146	0.202	0.395	0.429	0.545	0.466	27.378	26.577	25.926	24.957	23.585	0.864
2026-05-20	-92.83	30.51	12.108	23.888	19.5	31.92	22.675	18.8	26.1	95.963	82.792	100	101.455	2.652	140.082	1.464	3.068	0.125	0.005	0.36	0.328	0.34	0.375	0.429	-0.1	-0.101	-0.105	0.271	0.422	0.44	0.576	0.541	25.61	25.275	25.398	25.033	23.765	0.865
2026-05-21	-92.83	30.51	8.386	24.038	21.56	27.81	23.14	21	25.3	97.763	91.013	100	101.184	2.772	110.544	1.111	2.246	0.066	0.008	0.356	0.325	0.338	0.386	0.47	-0.1	-0.1	-0.1	0.228	0.451	0.424	0.559	0.564	25.695	25.225	25.155	24.83	23.771	0.851
2026-05-22	-92.83	30.51	0.153	25.725	19.18	34.37	24.841	19.7	30.5	87.83	62.57	100	100.999	2.731	257.967	1.305	3.002	0.468	0	0.361	0.329	0.344	0.393	0.47	-0.1	-0.1	-0.1	0.243	0.477	0.434	0.569	0.562	26.201	25.456	25.104	24.716	23.7	0.551
2026-05-23	-92.83	30.51	21.617	22.796	20.11	25.61	22.426	19.6	25	98.919	94.167	100	101.277	2.696	53.479	1.423	3.186	0.03	0.002	0.368	0.332	0.346	0.393	0.47	-0.1	-0.1	-0.1	0.267	0.492	0.436	0.57	0.562	25.602	25.316	25.338	24.856	23.751	NA
