2026-01-30	-93.16	31.173	0	3.716	1.25	8.15	4.521	0.7	9	59.592	43.552	76.25	101.145	0.496	3.782	0.448	1.31	0.357	0	0.208	0.282	0.273	0.334	0.276	-11.743	-11.279	-24.554	0.002	0.159	0.008	0.19	0.041	9.332	10.657	11.582	11.855	13.557	NA
2026-01-31	-93.16	31.173	0	3.159	-3.12	16.5	-0.409	-4.6	2.6	52.293	29.689	78.913	101.725	0.311	168.067	0.649	2.23	0.288	0	0.204	0.285	0.275	0.335	0.275	-10.714	-7.664	-10.12	0.001	0.149	0.001	0.194	0.042	7.202	8.48	9.994	11.652	13.6	0.254
2026-02-01	-93.16	31.173	0	4.483	-3.47	22.15	0.998	-5.5	9.5	47.979	21.959	71.405	101.745	0.294	166.125	0.507	1.306	0.405	0	0.2	0.285	0.275	0.336	0.275	-10.502	-4.665	-5.446	0.001	0.146	0	0.193	0.042	7.062	7.854	9.072	10.975	13.485	0.235
2026-02-02	-93.16	31.173	0	10.41	-0.44	29.15	9.349	0.1	19.2	71.204	43.161	95.233	101.233	0.848	162.669	0.945	2.565	0.441	0	0.195	0.283	0.274	0.336	0.275	-10.459	-2.647	-3.983	0.003	0.15	0	0.194	0.041	9.705	9.588	9.936	10.912	13.224	0.234
2026-02-03	-93.16	31.173	6.332	14.23	9.78	20.73	14.379	11.4	19	86.517	73.819	99.748	100.74	1.424	55.07	1.005	2.859	0.232	0.008	0.2	0.279	0.27	0.335	0.274	-8.495	-1.715	-3.307	0.013	0.159	0.003	0.196	0.041	12.94	12.447	12.212	11.907	13.185	NA
2026-02-04	-93.16	31.173	0.102	10.681	4.01	23.79	8.805	4.4	13.8	74.946	45.968	99.843	101.108	0.844	165.661	0.728	2.604	0.308	0	0.245	0.289	0.271	0.335	0.273	-0.231	-0.863	-2.723	0.036	0.172	0.007	0.196	0.041	12.282	12.618	12.967	12.815	13.494	0.274
2026-02-05	-93.16	31.173	0	8.954	0.6	24.6	7.089	-0.9	15	68.105	41.277	96.916	101.171	0.661	169.159	0.687	1.81	0.405	0	0.224	0.289	0.272	0.335	0.273	-0.2	-0.421	-2.153	0.019	0.164	0.004	0.197	0.041	10.741	11.248	12.04	12.791	13.774	0.24
2026-02-06	-93.16	31.173	0	13.719	4.32	32.7	14.033	4.9	25.2	57.504	27.418	88.89	100.567	0.846	172.805	0.761	2.065	0.912	0	0.211	0.286	0.271	0.335	0.273	-0.2	-0.349	-1.984	0.019	0.165	0.006	0.197	0.041	12.889	12.636	12.679	12.806	13.868	0.216
2026-02-07	-93.16	31.173	0	13.891	6.93	31.66	13.658	9.1	20.7	55.178	33.793	72.588	101.011	0.84	172.754	0.735	1.775	0.768	0	0.201	0.282	0.267	0.335	0.272	-0.226	-0.3	-1.975	0.016	0.164	0.009	0.198	0.041	14.048	13.9	13.867	13.494	13.99	0.207
2026-02-08	-93.16	31.173	0	15.565	5.1	34.15	15.039	4.8	24.2	62.505	36.375	89.176	100.948	1.058	166.867	0.663	1.954	0.785	0	0.192	0.279	0.265	0.335	0.272	-0.429	-0.3	-1.997	0.013	0.163	0.01	0.198	0.041	14.753	14.395	14.269	13.922	14.233	0.221
2026-02-09	-93.16	31.173	0	19.03	11.59	35.4	18.266	13.9	24.8	83.456	54.994	99.939	100.765	1.718	137.297	0.745	2.471	0.424	0	0.186	0.275	0.262	0.334	0.271	-0.76	-0.3	-1.968	0.018	0.166	0.013	0.198	0.042	17.32	16.622	15.998	14.774	14.515	0.238
2026-02-10	-93.16	31.173	0	18.587	12.82	32.63	18.474	14.6	24.4	82.845	58.18	100	100.613	1.734	97.77	0.658	2.255	0.424	0	0.181	0.272	0.258	0.334	0.271	-1.346	-0.3	-1.965	0.016	0.164	0.015	0.199	0.042	17.515	17.09	16.757	15.651	14.96	NA
2026-02-11	-93.16	31.173	0	19.926	13.21	35.8	18.87	13.8	24.8	82.791	55.502	99.959	100.722	1.781	125.604	0.676	2.061	0.438	0	0.177	0.269	0.256	0.334	0.27	-2.743	-0.329	-1.986	0.017	0.16	0.016	0.199	0.041	18.641	18.094	17.581	16.292	15.401	0.25
2026-02-12	-93.16	31.173	0	18.218	11.19	35.68	15.555	10.5	23.7	82.288	55.586	94.428	100.712	1.436	145.976	0.578	1.557	0.388	0	0.173	0.268	0.253	0.334	0.27	-5.808	-0.325	-1.972	0.014	0.159	0.017	0.199	0.042	18.269	18.06	17.841	16.815	15.839	0.246
2026-02-13	-93.16	31.173	0	18.101	10.11	37.58	16.938	9.5	24.4	81.41	52.234	100	100.558	1.536	124.699	0.477	1.123	0.482	0	0.17	0.266	0.251	0.334	0.269	-9.795	-0.319	-2	0.01	0.158	0.017	0.199	0.043	18.129	17.94	17.843	17.049	16.201	0.271
2026-02-14	-93.16	31.173	20.124	17.677	12.92	23.73	17.014	14.3	20.7	91.689	79.75	100	99.937	1.775	46.007	1.291	3.483	0.182	0.001	0.185	0.267	0.252	0.334	0.269	-9.356	-0.334	-1.954	0.023	0.162	0.018	0.2	0.043	17.645	17.664	17.804	17.24	16.469	NA
2026-02-15	-93.16	31.173	0.068	15.527	12.06	19.41	14.324	11.9	16.2	97.551	89.993	100	99.882	1.596	38.439	0.905	2.715	0.039	0	0.275	0.288	0.274	0.335	0.27	-0.198	-0.1	-0.516	0.077	0.191	0.039	0.207	0.047	16.523	16.854	17.308	17.153	16.661	NA
2026-02-16	-93.16	31.173	0	16.469	8.73	31.04	14.387	8	21.4	81.731	50.633	100	100.478	1.306	179.868	0.61	1.543	0.384	0	0.254	0.288	0.274	0.335	0.271	-0.1	-0.1	-0.454	0.058	0.185	0.036	0.207	0.046	16.733	16.781	16.958	16.837	16.7	0.263
2026-02-17	-93.16	31.173	0	17.548	11.56	26.84	16.816	12	21.9	82.558	60.239	100	100.309	1.555	107.214	1.128	3.32	0.391	0	0.235	0.286	0.272	0.335	0.271	-0.1	-0.1	-0.4	0.047	0.179	0.034	0.207	0.046	17.098	17.126	17.31	17.022	16.765	0.31
2026-02-18	-93.16	31.173	0	18.759	13.6	28.38	18.943	15.2	23	87.37	68.669	99.939	99.76	1.899	73.229	0.709	2.615	0.313	0	0.221	0.283	0.27	0.335	0.271	-0.1	-0.1	-0.4	0.043	0.176	0.033	0.207	0.046	17.997	17.795	17.754	17.233	16.864	NA
2026-02-19	-93.16	31.173	0	22.326	17.55	35.89	21.947	18.4	27.3	81.461	55.563	96.49	99.364	2.113	137.064	0.794	2.845	0.549	0	0.209	0.28	0.268	0.335	0.27	-0.1	-0.1	-0.4	0.049	0.177	0.033	0.207	0.046	20.319	19.668	19.084	17.795	17.028	0.287
2026-02-20	-93.16	31.173	0.051	21.313	17.27	32.9	20.485	17	24.5	84.671	57.536	99.83	99.568	2.054	79.56	0.557	1.67	0.368	0	0.199	0.278	0.265	0.335	0.27	-0.18	-0.1	-0.336	0.049	0.175	0.033	0.207	0.046	20.658	20.357	20.016	18.647	17.368	NA
2026-02-21	-93.16	31.173	0	18.797	11.32	31.62	16.911	12.8	21.6	64.93	53.485	76.378	100.315	1.263	113.253	0.718	2.253	0.68	0	0.192	0.277	0.264	0.335	0.269	-0.226	-0.1	-0.3	0.039	0.168	0.031	0.205	0.045	19.397	19.539	19.68	18.918	17.752	0.304
2026-02-22	-93.16	31.173	0	12.076	4.07	28.7	9.508	4.4	14.8	47.758	24.217	68.257	101.848	0.555	191.167	0.843	2.986	0.655	0	0.185	0.278	0.265	0.335	0.269	-0.467	-0.1	-0.3	0.026	0.157	0.026	0.205	0.044	15.947	16.879	17.9	18.417	17.954	0.277
2026-02-23	-93.16	31.173	0	9.762	1.24	28.88	6.485	0.2	14.2	43.389	19.883	74.297	101.858	0.39	197.836	0.575	1.794	0.622	0	0.179	0.277	0.265	0.335	0.269	-1.731	-0.1	-0.3	0.013	0.15	0.022	0.204	0.045	13.74	14.681	15.869	17.193	17.794	0.264
2026-02-24	-93.16	31.173	0	12.081	1.15	31.59	9.693	-0.9	19.4	56.704	31.703	82.871	100.764	0.679	185.172	1.044	2.901	0.638	0	0.174	0.274	0.262	0.334	0.269	-6.743	-0.1	-0.3	0.011	0.148	0.02	0.202	0.045	13.865	14.309	15.101	16.255	17.379	0.291
2026-02-25	-93.16	31.173	0	17.941	9.68	29.85	17.73	11.6	23	78.266	61.721	94.163	99.645	1.578	111.248	1.12	3.773	0.501	0	0.169	0.269	0.257	0.334	0.269	-10.573	-0.1	-0.3	0.015	0.152	0.021	0.202	0.044	16.649	16.297	16.244	16.252	17.009	0.316
2026-02-26	-93.16	31.173	0	19.827	14.94	26.43	19.714	16.8	22.1	86.801	79.847	98.001	99.628	1.993	64.826	0.673	2.348	0.31	0	0.165	0.265	0.252	0.334	0.269	-11.475	-0.1	-0.367	0.018	0.155	0.021	0.204	0.043	18.699	18.242	17.889	17.034	16.956	NA
2026-02-27	-93.16	31.173	0	19.432	10.62	37.54	18.176	11.2	25.6	76.405	37.856	100	100.129	1.545	178.701	0.684	1.881	0.614	0	0.162	0.262	0.248	0.333	0.268	-12.36	-0.1	-0.4	0.017	0.156	0.022	0.204	0.044	19.327	18.965	18.631	17.672	17.188	0.329
2026-02-28	-93.16	31.173	0	19.228	9	39.03	17.68	8.8	26.6	63.904	37.76	88.527	100.349	1.267	196.998	0.732	1.669	0.896	0	0.158	0.26	0.244	0.333	0.268	-14.217	-0.1	-0.476	0.012	0.154	0.021	0.203	0.044	19.27	18.983	18.807	18.076	17.443	0.308
2026-03-01	-93.16	31.173	0	20.469	11.87	38.92	18.764	12.1	26.3	72.445	37.976	100	100.599	1.481	190.811	0.87	2.339	0.764	0	0.155	0.257	0.24	0.332	0.267	-16.519	-0.1	-0.5	0.013	0.155	0.021	0.204	0.044	20.244	19.87	19.541	18.504	17.688	0.33
2026-03-02	-93.16	31.173	0	20.126	10.21	39.82	18.357	10	26	75.059	46.923	99.759	100.596	1.534	198.61	0.675	1.874	0.673	0	0.151	0.254	0.236	0.332	0.267	-19.109	-0.1	-0.5	0.004	0.155	0.021	0.203	0.044	20.402	20.087	19.82	18.849	17.935	0.315
2026-03-03	-93.16	31.173	0	21.197	13.89	36.3	20.458	15.9	27.2	83.494	56.793	98.414	100.571	1.978	116.388	0.956	3.031	0.479	0	0.148	0.251	0.231	0.332	0.267	-21.69	-0.1	-0.588	0	0.155	0.021	0.203	0.045	20.655	20.371	20.175	19.215	18.188	0.357
2026-03-04	-93.16	31.173	0	24.025	17.3	40.71	22.428	18.8	27.9	78.564	47.347	99.283	100.568	2.071	171.225	0.893	2.902	0.686	0	0.145	0.248	0.228	0.332	0.266	-23.778	-0.1	-0.6	NA	0.157	0.022	0.203	0.045	22.373	21.66	21.02	19.614	18.42	0.348
2026-03-05	-93.16	31.173	0	23.849	17.66	40.43	22.422	19.3	28.5	76.653	50.646	93.976	100.372	2.036	157.475	1.115	3.248	0.712	0	0.142	0.244	0.223	0.332	0.266	-27.615	-0.1	-0.652	NA	0.157	0.023	0.202	0.046	22.911	22.334	21.779	20.255	18.721	0.351
2026-03-06	-93.16	31.173	0.578	24.395	18.18	39.25	22.766	19.3	29.2	84.251	56.089	96.472	100.282	2.296	138.176	1.303	3.926	0.513	0	0.14	0.241	0.219	0.332	0.266	-31.506	-0.1	-0.7	NA	0.158	0.022	0.201	0.047	23.129	22.596	22.115	20.695	19.075	0.35
2026-03-07	-93.16	31.173	31.034	24.471	18.02	40.65	22.566	16.3	29.7	85.976	59.517	100	100.28	2.331	137.227	1.051	3.528	0.469	0.003	0.164	0.243	0.22	0.331	0.265	-27.52	-0.1	-0.762	0.145	0.168	0.024	0.202	0.047	23.494	23.095	22.675	21.143	19.393	0.399
2026-03-08	-93.16	31.173	48.77	19.435	17.54	21.69	17.763	16.5	19.1	99.883	99.55	100	100.409	2.034	39.089	0.442	1.282	0	0.002	0.305	0.286	0.301	0.339	0.396	-0.117	-0.1	-0.393	0.147	0.213	0.086	0.228	0.091	20.452	20.753	21.252	21.1	19.807	NA
2026-03-09	-93.16	31.173	4.1	22.015	19.08	28.01	21.021	18.8	24.1	99.731	98.304	100	100.343	2.495	65.225	0.55	1.815	0.004	0.001	0.289	0.285	0.304	0.337	0.43	-0.1	-0.1	-0.226	0.135	0.213	0.088	0.222	0.102	21.781	21.485	21.334	20.68	19.735	NA
2026-03-10	-93.16	31.173	0	23.076	20.58	29.74	22.685	21.1	26.4	92.297	72.176	100	100.308	2.533	81.057	0.837	2.784	0.234	0	0.27	0.284	0.3	0.336	0.388	-0.1	-0.1	-0.2	0.115	0.208	0.086	0.219	0.068	22.62	22.335	22.075	21.021	19.773	NA
2026-03-11	-93.16	31.173	25.612	22.42	17.7	33.88	21.223	15.9	27.3	90.212	62.687	100	100.078	2.269	99.017	0.99	3.372	0.301	0.001	0.27	0.286	0.305	0.343	0.355	-0.1	-0.1	-0.2	0.114	0.209	0.087	0.222	0.073	22.449	22.397	22.366	21.371	19.952	NA
2026-03-12	-93.16	31.173	0.799	15.277	8.65	28.28	10.989	6.1	16.5	73.796	34.482	100	101.082	0.938	207.99	1.005	3.499	0.402	0	0.282	0.292	0.317	0.358	0.43	-0.1	-0.1	-0.108	0.119	0.206	0.094	0.23	0.104	18.35	19.465	20.557	20.972	20.136	0.481
2026-03-13	-93.16	31.173	0	15.867	6.78	32.72	13.29	4	22.7	67.649	42.445	92.836	100.542	1.008	205.369	0.75	1.83	0.64	0	0.249	0.291	0.312	0.338	0.425	-0.1	-0.1	-0.1	0.062	0.185	0.08	0.222	0.096	17.4	17.991	18.863	19.771	19.971	0.473
2026-03-14	-93.16	31.173	0	18.644	11.03	35.27	16.864	10.7	24.1	78.072	51.786	100	100.191	1.468	198.99	0.912	2.437	0.531	0	0.22	0.286	0.306	0.337	0.348	-0.1	-0.1	-0.1	0.043	0.174	0.073	0.218	0.066	19.23	19.291	19.498	19.497	19.631	0.482
2026-03-15	-93.16	31.173	2.298	21.149	13.72	35.54	19.733	14.1	26.6	81.132	61.611	98.974	99.419	1.861	162.401	1.251	4.387	0.511	0.001	0.2	0.281	0.301	0.336	0.324	-0.1	-0.1	-0.1	0.039	0.168	0.069	0.216	0.061	20.931	20.631	20.459	19.831	19.5	0.487
2026-03-16	-93.16	31.173	0.017	11.151	4.43	23.09	7.115	2.1	13.7	43.021	28.501	57.79	100.721	0.439	186.228	1.148	3.963	0.583	0	0.196	0.283	0.3	0.335	0.317	-0.132	-0.1	-0.1	0.026	0.155	0.062	0.214	0.057	15.707	17.403	18.994	19.824	19.574	0.493
2026-03-17	-93.16	31.173	0	9.928	0.86	27.45	5.099	-2.2	13.5	45.961	23.262	72.777	101.281	0.383	215.643	0.564	1.417	0.546	0	0.187	0.282	0.301	0.335	0.313	-0.257	-0.1	-0.1	0.014	0.147	0.056	0.211	0.056	14.094	15.089	16.438	18.249	19.367	0.468
2026-03-18	-93.16	31.173	0	14.287	5.13	31.69	11.643	3.2	20.6	60.091	42.682	80.818	101.033	0.829	181.308	0.72	2.016	0.641	0	0.179	0.278	0.297	0.336	0.311	-0.664	-0.1	-0.1	0.017	0.147	0.054	0.213	0.055	15.864	16.057	16.608	17.545	18.846	0.469
2026-03-19	-93.16	31.173	0	18.82	8.76	36.42	16.645	8.5	25	72.618	41.764	96.552	100.895	1.331	221.521	0.72	1.898	0.677	0	0.171	0.272	0.292	0.335	0.307	-2.648	-0.1	-0.1	0.022	0.15	0.055	0.216	0.054	18.936	18.374	18.088	17.811	18.502	0.465
2026-03-20	-93.16	31.173	0	20.813	12.22	37.71	19.13	13.5	26.9	78.363	48.381	99.192	100.67	1.68	216.582	0.823	2.63	0.621	0	0.164	0.267	0.285	0.335	0.306	-8.217	-0.1	-0.1	0.023	0.151	0.057	0.218	0.054	20.817	20.196	19.708	18.708	18.505	0.489
2026-03-21	-93.16	31.173	0	23.117	14.28	40.07	20.849	15.6	28.3	79.926	48.141	100	100.357	1.907	222.346	0.792	2.698	0.642	0	0.158	0.262	0.277	0.334	0.304	-11.961	-0.1	-0.1	0.024	0.153	0.057	0.218	0.054	22.62	21.79	21.068	19.618	18.756	0.478
2026-03-22	-93.16	31.173	0	23.191	14.76	41.04	21.277	16	28.8	75.758	47.412	99.039	100.164	1.851	226.266	0.847	2.958	0.762	0	0.152	0.257	0.269	0.334	0.302	-15.672	-0.1	-0.1	0.018	0.152	0.058	0.219	0.054	23.372	22.711	22.08	20.505	19.143	0.492
2026-03-23	-93.16	31.173	0	22.071	15.04	40.89	20.479	16.5	25.6	79.067	55.863	99.661	100.551	1.871	151.798	0.631	1.876	0.573	0	0.147	0.252	0.262	0.333	0.301	-21.121	-0.1	-0.164	NA	0.15	0.057	0.219	0.054	22.917	22.624	22.365	21.102	19.561	0.532
2026-03-24	-93.16	31.173	0	20.772	11.69	39.71	18.733	11.2	26.6	63.142	45.516	85.566	100.673	1.37	179.973	0.607	1.44	0.88	0	0.142	0.248	0.256	0.333	0.299	-27.653	-0.1	-0.2	NA	0.148	0.055	0.218	0.055	22.223	22.053	21.971	21.156	19.898	0.529
2026-03-25	-93.16	31.173	0	23.629	15.48	41.74	21.023	16.8	27.8	80.057	50.745	100	100.597	1.943	178.167	0.661	2.008	0.605	0	0.137	0.242	0.25	0.333	0.298	-36.08	-0.1	-0.267	NA	0.15	0.055	0.217	0.055	23.689	23.04	22.541	21.323	20.069	0.523
2026-03-26	-93.16	31.173	0	23.804	13.96	42.11	20.895	15.4	27.5	76.671	49.656	99.456	100.506	1.837	214.002	0.794	2.498	0.699	0	0.132	0.235	0.244	0.332	0.298	-46.138	-0.1	-0.381	NA	0.152	0.055	0.215	0.055	24.396	23.743	23.185	21.785	20.305	0.525
2026-03-27	-93.16	31.173	0	24.806	15.93	43.51	21.782	17	28.9	75.881	47.355	99.037	100.668	1.919	195.952	0.717	2.359	0.755	0	0.127	0.227	0.236	0.332	0.297	-61.236	-0.1	-0.4	NA	0.153	0.055	0.215	0.055	25.095	24.378	23.788	22.254	20.574	0.518
2026-03-28	-93.16	31.173	0	19.306	11.53	37.16	15.461	11.3	21.3	44.769	32.059	67.388	101.497	0.783	188.084	0.891	2.97	1.003	0	0.123	0.221	0.229	0.332	0.296	-79.893	-0.11	-0.489	NA	0.152	0.053	0.213	0.055	22.826	23.046	23.238	22.451	20.855	0.535
2026-03-29	-93.16	31.173	0	21.188	9.19	42.13	17.542	7.9	26.7	57.198	39.107	77.993	101.064	1.14	221.502	0.731	1.804	1.024	0	0.118	0.215	0.223	0.332	0.295	-102.781	-0.351	-0.559	NA	0.153	0.051	0.213	0.055	23.083	22.757	22.652	22.033	21	0.536
2026-03-30	-93.16	31.173	0	24.126	15.35	44.27	21.34	16.4	28.3	74.426	46.77	95.841	100.778	1.849	178.979	0.714	2.198	0.75	0	0.114	0.208	0.215	0.331	0.295	-145.459	-1.573	-0.611	NA	0.156	0.051	0.213	0.055	24.573	23.957	23.509	22.288	21.017	0.532
2026-03-31	-93.16	31.173	0	25.357	15.85	43.75	22.467	17.1	29.4	77.894	51.086	98.366	100.539	2.067	190.048	0.769	2.65	0.715	0	0.11	0.201	0.208	0.331	0.294	-204.36	-6.191	-0.7	NA	0.159	0.05	0.213	0.055	25.373	24.624	24.079	22.691	21.171	0.532
2026-04-01	-93.16	31.173	0.391	25.046	18.92	43.15	22.718	19.6	28.2	81.767	60.85	97.884	100.337	2.231	162.484	0.912	3.094	0.561	0	0.106	0.195	0.201	0.331	0.293	-299.322	-10.381	-0.821	NA	0.162	0.05	0.213	0.055	25.512	24.98	24.57	23.148	21.411	0.545
2026-04-02	-93.16	31.173	1.345	23.862	19.97	34.21	22.91	20.7	26.2	84.834	68.907	96.879	100.16	2.362	103.631	0.974	3.351	0.443	0.001	0.105	0.193	0.196	0.33	0.293	-397.07	-11.647	-0.953	NA	0.162	0.049	0.211	0.056	24.535	24.434	24.394	23.345	21.648	0.605
2026-04-03	-93.16	31.173	0	26.146	20.47	42.16	24.068	21.2	29.2	81.203	61.448	95.963	100.368	2.408	170.826	1.047	3.462	0.616	0	0.104	0.19	0.192	0.33	0.292	-413.553	-12.684	-1.143	NA	0.164	0.048	0.21	0.055	25.581	24.858	24.399	23.26	21.797	0.581
2026-04-04	-93.16	31.173	20.201	23.649	19.34	36.68	21.908	17.2	26.9	92.318	72.535	100	100.433	2.423	77.61	0.7	2.467	0.225	0.002	0.127	0.189	0.188	0.33	0.291	-356.541	-13.85	-1.392	0.109	0.173	0.049	0.209	0.056	24.598	24.59	24.622	23.58	21.921	NA
2026-04-05	-93.16	31.173	0.272	19.55	14.71	32.23	15.669	11.8	19.4	81.057	54.46	100	100.939	1.43	176.568	0.878	3.193	0.36	0	0.195	0.21	0.186	0.329	0.291	-0.129	-14.69	-1.85	0.083	0.198	0.052	0.209	0.056	22.233	22.745	23.309	23.153	22.006	0.625
2026-04-06	-93.16	31.173	0	18.794	11.08	34.13	15.314	10.1	22.4	52.681	29.842	72.719	100.998	0.879	259.48	0.761	2.367	0.912	0	0.177	0.216	0.185	0.329	0.29	-0.349	-15.03	-2.482	0.051	0.179	0.05	0.208	0.055	21.073	21.508	22.111	22.396	21.936	0.592
2026-04-07	-93.16	31.173	0	17.848	8.1	35.75	14.555	5.3	23.5	62.919	32.965	94.303	100.708	0.967	232.018	0.701	1.623	0.822	0	0.162	0.214	0.185	0.329	0.29	-3.871	-15.01	-3.201	0.033	0.169	0.047	0.207	0.054	20.679	20.97	21.538	21.883	21.727	0.629
2026-04-08	-93.16	31.173	0	20.879	11.24	38.66	17.951	10	26.3	61.742	33.522	91.361	100.67	1.188	247.186	0.733	1.776	0.988	0	0.15	0.21	0.184	0.329	0.29	-11.196	-14.966	-4.005	0.021	0.166	0.047	0.207	0.054	22.511	22.164	22.074	21.714	21.486	0.606
2026-04-09	-93.16	31.173	0	21.934	12.96	40.18	19.762	11.7	26.2	71.169	50.543	94.841	100.859	1.616	191.592	0.853	2.223	0.769	0	0.142	0.205	0.183	0.329	0.289	-14.74	-15.11	-4.856	NA	0.166	0.047	0.207	0.055	23.186	22.86	22.738	22.042	21.4	0.616
2026-04-10	-93.16	31.173	0	22.308	14.1	38.55	19.917	13.4	25.9	80.944	61.766	97.241	100.958	1.877	154.606	0.636	1.758	0.498	0	0.136	0.201	0.182	0.329	0.289	-19.415	-15.484	-5.791	NA	0.164	0.046	0.206	0.055	23.535	23.257	23.136	22.335	21.462	0.621
2026-04-11	-93.16	31.173	0	24.052	16.62	39.79	21.36	16.9	27.7	76.127	44.742	100	100.98	1.861	246.815	0.689	1.974	0.742	0	0.129	0.196	0.18	0.329	0.288	-25.114	-15.942	-6.96	NA	0.166	0.046	0.206	0.055	25.157	24.4	23.818	22.594	21.561	0.601
2026-04-12	-93.16	31.173	1.634	23.507	17.7	32.2	21.825	18.1	25.9	84.269	68.313	97.629	100.777	2.191	114.922	0.919	3.196	0.451	0.001	0.124	0.192	0.178	0.328	0.288	-34.918	-16.841	-8.2	NA	0.166	0.046	0.206	0.055	24.368	24.204	24.144	23.134	21.732	0.62
2026-04-13	-93.16	31.173	3.132	24.687	19.18	38.55	22.326	18.6	28.4	84.424	57.976	100	100.731	2.238	194.695	0.765	2.752	0.5	0	0.124	0.189	0.176	0.328	0.287	-37.51	-17.616	-9.786	NA	0.174	0.046	0.205	0.055	25.172	24.738	24.348	23.192	21.884	0.646
2026-04-14	-93.16	31.173	0	24.109	18.79	38.37	22.511	18.8	27.4	78.965	56.688	99.346	100.546	2.113	176.724	0.823	2.862	0.653	0	0.121	0.186	0.174	0.328	0.287	-36.579	-18.585	-10.428	NA	0.173	0.045	0.204	0.055	25.07	24.793	24.599	23.532	22.06	0.659
2026-04-15	-93.16	31.173	0	24.824	18.38	40.22	22.652	18.7	28.9	78.883	50.294	100	100.347	2.121	203.129	0.767	2.859	0.682	0	0.116	0.182	0.172	0.328	0.286	-41.192	-19.843	-10.997	NA	0.176	0.044	0.204	0.056	25.616	25.108	24.745	23.64	22.239	0.64
2026-04-16	-93.16	31.173	0	20.524	19.1	22.56	20.363	19.9	20.8	96.505	88.302	100	100.334	2.308	3.369	0.489	1.94	0.082	0	0.114	0.18	0.17	0.327	0.286	-48.075	-20.859	-11.281	NA	0.175	0.043	0.202	0.056	23.48	24.312	24.914	23.997	22.3	NA
