2026-01-01	-91.164	30.373	0	11.242	0.89	25.5	11.438	2.1	21.1	72.361	41.162	100	101.936	0.954	138.363	1.446	2.59	0.494	0	0.407	0.378	0.409	0.405	0.413	-0.1	-0.1	-0.1	2.093	2.372	2.115	3.12	2.207	12.063	12.826	12.875	15.872	18.417	0.279
2026-01-02	-91.164	30.373	0.102	17.944	8.05	25.65	17.85	9	23	87.996	79.225	95.555	101.106	1.858	74.149	2.916	5.763	0.264	0	0.405	0.378	0.409	0.404	0.412	-0.1	-0.1	-0.1	2.092	2.381	2.128	3.135	2.206	14.045	14.118	13.965	15.616	18.196	NA
2026-01-03	-91.164	30.373	0	20.436	12.25	31.33	19.602	11.6	26	85.391	64.704	95.591	101.105	1.983	110.327	3.933	7.021	0.363	0	0.405	0.379	0.408	0.403	0.412	-0.1	-0.1	-0.1	2.098	2.385	2.149	3.148	2.208	16.53	16.152	16.047	15.947	17.976	0.304
2026-01-04	-91.164	30.373	0	14.177	11.32	18.45	12.796	10.7	15	84.612	76.583	90.862	101.909	1.25	58.438	1.591	3.405	0.233	0	0.402	0.378	0.405	0.405	0.412	-0.1	-0.1	-0.1	2.123	2.373	2.153	3.131	2.21	15.606	15.765	15.909	16.465	17.9	NA
2026-01-05	-91.164	30.373	0	15.015	6.62	27.15	14.536	7.6	22.8	87.993	65.823	100	101.723	1.464	113.88	1.13	2.087	0.258	0	0.4	0.377	0.404	0.403	0.412	-0.1	-0.1	-0.1	2.13	2.371	2.155	3.149	2.211	15.48	15.611	15.734	16.584	17.9	0.289
2026-01-06	-91.164	30.373	0.153	19.574	13.35	30.56	19.25	14.5	26.7	90.02	66.028	100	101.518	2.004	105.355	1.815	3.313	0.288	0	0.398	0.377	0.404	0.402	0.412	-0.1	-0.1	-0.1	2.133	2.374	2.159	3.158	2.214	16.303	16.195	16.157	16.616	17.9	0.18
2026-01-07	-91.164	30.373	0	20.09	15.25	30.78	19.832	16.6	25.2	93.201	72.908	100	101.561	2.152	74.334	1.571	2.693	0.183	0	0.398	0.377	0.404	0.402	0.412	-0.1	-0.1	-0.1	2.131	2.374	2.162	3.166	2.217	17.367	17.146	17.08	16.896	17.9	NA
2026-01-08	-91.164	30.373	0.187	21.959	16.25	31.02	21.351	16.8	26.9	86.978	60.322	100	101.393	2.185	113.012	2.642	5.223	0.397	0	0.396	0.376	0.404	0.402	0.412	-0.1	-0.1	-0.1	2.118	2.374	2.164	3.172	2.219	17.942	17.715	17.596	17.257	17.9	0.203
2026-01-09	-91.164	30.373	38.357	23.044	20.5	28.83	22.41	20	26.7	98.614	89.858	100	101.487	2.681	67.242	2.352	4.617	0.038	0.007	0.412	0.388	0.416	0.407	0.413	-0.1	-0.1	-0.1	2.04	2.385	2.158	3.149	2.216	20.145	19.821	19.135	17.699	18.005	NA
2026-01-10	-91.164	30.373	5.491	19.154	11.23	23.27	18.973	11.7	23.5	91.365	76.574	100	101.978	2.072	53.792	4.825	8.331	0.163	0.001	0.417	0.392	0.42	0.408	0.413	-0.1	-0.1	-0.1	2.041	2.371	2.138	3.147	2.217	20.068	20.102	19.92	18.455	18.072	NA
2026-01-11	-91.164	30.373	0.17	10.779	5.77	18.95	10.702	6.4	16	62.341	43.282	80.975	103.012	0.789	144.015	3.563	6.721	0.519	0	0.418	0.391	0.421	0.409	0.414	-0.1	-0.1	-0.1	2.053	2.343	2.102	3.136	2.217	15.437	17.266	16.938	18.553	18.297	0.344
2026-01-12	-91.164	30.373	0	7.292	0.87	17.55	6.802	2.2	13.6	60.933	35.339	82.23	103.01	0.582	146.05	1.25	2.852	0.436	0	0.417	0.385	0.418	0.408	0.413	-0.1	-0.1	-0.1	2.055	2.327	2.089	3.12	2.219	13.187	14.544	14.791	17.645	18.4	0.331
2026-01-13	-91.164	30.373	0.017	9.58	0.57	21.63	8.664	1.1	16.5	68.316	32.733	99.931	102.339	0.722	129.951	1.167	1.975	0.469	0	0.413	0.382	0.414	0.408	0.413	-0.1	-0.1	-0.1	2.066	2.333	2.087	3.113	2.219	12.557	13.373	13.73	16.722	18.4	0.331
2026-01-14	-91.164	30.373	0.595	13.17	7.37	23.38	12.383	8.8	18.6	76.326	58.148	89.711	101.514	1.091	114.469	3.159	5.343	0.376	0	0.411	0.382	0.414	0.408	0.413	-0.1	-0.1	-0.1	2.065	2.346	2.096	3.116	2.219	13.942	14.321	14.379	16.217	18.251	0.349
2026-01-15	-91.164	30.373	0	7.552	-0.39	16.71	6.949	0.9	10.8	60.834	40.899	85.098	101.996	0.607	155.988	2.852	5.196	0.41	0	0.409	0.38	0.411	0.407	0.412	-0.1	-0.1	-0.1	2.089	2.339	2.089	3.115	2.218	12.411	13.461	13.679	16.073	18.055	0.322
2026-01-16	-91.164	30.373	0	10.483	-1.01	25.67	10.386	0.1	20.3	78.753	60.879	97.067	101.606	1.037	130.328	1.732	3.201	0.355	0	0.406	0.378	0.406	0.406	0.412	-0.1	-0.1	-0.1	2.084	2.336	2.121	3.12	2.218	11.91	12.614	12.695	15.549	17.893	0.354
2026-01-17	-91.164	30.373	1.7	9.613	5.84	12.93	9.531	5.6	13.5	71.915	48.951	96.655	102.179	0.877	40.674	2.986	5.895	0.319	0.001	0.407	0.378	0.405	0.404	0.412	-0.1	-0.1	-0.1	2.08	2.337	2.13	3.135	2.218	12.392	13.058	13.203	15.287	17.707	NA
2026-01-18	-91.164	30.373	0	3.001	-4.62	11.95	2.572	-2.9	7.3	57.827	41.223	83.299	102.548	0.418	159.236	2.707	4.505	0.333	0	0.404	0.377	0.403	0.405	0.412	-0.1	-0.1	-0.1	2.103	2.317	2.119	3.112	2.216	9.972	11.486	11.613	15.012	17.522	0.294
2026-01-19	-91.164	30.373	0	6.008	-3.69	21.36	5.634	-2.7	15.4	69.133	38.158	99.884	102.651	0.612	155.75	1.004	1.91	0.385	0	0.402	0.375	0.401	0.403	0.412	-0.1	-0.1	-0.1	2.101	2.311	2.128	3.121	2.217	9.502	10.591	10.666	14.318	17.332	0.282
2026-01-20	-91.164	30.373	0	9.71	-0.33	23.89	9.155	0.6	17.7	70.544	40.842	100	102.913	0.788	149.246	1.031	2.457	0.455	0	0.399	0.374	0.4	0.402	0.412	-0.1	-0.1	-0.1	2.102	2.315	2.137	3.13	2.218	10.245	10.87	10.963	13.846	17.098	0.292
2026-01-21	-91.164	30.373	3.332	14.229	5.95	22.05	14.131	7.1	19.7	81.363	68.391	100	102.343	1.341	53.973	1.319	2.869	0.311	0.003	0.399	0.374	0.4	0.402	0.411	-0.1	-0.1	-0.1	2.083	2.326	2.146	3.139	2.219	11.879	12.011	11.986	13.762	16.844	NA
2026-01-22	-91.164	30.373	5.593	16.133	13.1	19.93	15.652	13.7	18.3	98.35	91.909	100	101.995	1.753	51.451	1.289	2.092	0.03	0.001	0.411	0.379	0.409	0.404	0.412	-0.1	-0.1	-0.1	2.021	2.364	2.132	3.13	2.22	13.996	13.711	13.613	14.073	16.67	NA
2026-01-23	-91.164	30.373	0	16.179	13.53	20.72	15.221	13.4	18.2	93.533	80.716	100	102.064	1.616	62.679	1.324	3.315	0.119	0	0.411	0.378	0.41	0.406	0.412	-0.1	-0.1	-0.1	2.041	2.361	2.123	3.128	2.219	14.879	14.602	14.604	14.622	16.52	NA
2026-01-24	-91.164	30.373	20.358	11.298	9.51	13.47	10.51	8.6	13.2	94.6	87.336	100	101.665	1.202	11.427	1.886	4.701	0.071	0.002	0.413	0.383	0.41	0.406	0.412	-0.1	-0.1	-0.1	2.052	2.328	2.131	3.138	2.222	13.68	13.657	14.297	15.048	16.424	NA
2026-01-25	-91.164	30.373	10.864	4.207	-0.25	11.65	2.948	-1.4	10.8	99.846	99.207	100	101.46	0.779	28.215	5.774	9.239	0	0.001	0.419	0.392	0.416	0.407	0.412	-0.1	-0.1	-0.1	2.036	2.279	2.117	3.123	2.224	10.911	11.496	12.414	14.812	16.163	NA
2026-01-26	-91.164	30.373	16.149	-0.371	-4.05	6.55	-1.748	-4.6	2.8	84.954	64.954	99.764	103.128	0.457	146.429	3.777	6.628	0.087	0	0.422	0.391	0.417	0.407	0.413	-0.1	-0.1	-0.1	2.029	2.261	2.085	3.095	2.219	7.036	10.253	9.123	13.708	16.148	0.286
2026-01-27	-91.164	30.373	0.34	1.549	-7.08	13.78	0.408	-6.8	9.2	73.081	42.489	100	103.322	0.448	170.375	1.114	2.193	0.221	0	0.422	0.388	0.417	0.407	0.412	-0.1	-0.1	-0.1	2.014	2.264	2.09	3.056	2.215	6.622	9.124	8.079	12.54	16.143	0.27
2026-01-28	-91.164	30.373	0	3.565	-4.33	17.3	3.193	-3.4	11.3	76.216	47.735	100	102.858	0.577	172.481	1.897	3.08	0.237	0	0.42	0.384	0.415	0.407	0.412	-0.1	-0.1	-0.1	2.008	2.309	2.098	3.042	2.213	7.367	8.61	8.404	11.939	15.882	0.255
2026-01-29	-91.164	30.373	0.034	6.079	-4.33	20.35	5.699	-3.4	15.3	78.595	43.896	100	102.217	0.712	164.953	1.303	2.444	0.285	0	0.417	0.381	0.412	0.406	0.412	-0.1	-0.1	-0.1	2.014	2.328	2.095	3.039	2.212	7.816	8.43	8.596	11.662	15.591	0.25
2026-01-30	-91.164	30.373	0	7.853	2	17.94	7.267	2.9	13.7	77.372	60.07	96.443	102.087	0.791	140.017	3.764	6.148	0.251	0	0.415	0.381	0.411	0.406	0.411	-0.1	-0.1	-0.1	2.025	2.333	2.1	3.042	2.211	8.875	9.357	9.401	11.651	15.305	0.284
2026-01-31	-91.164	30.373	0	0.581	-5.08	7.06	-0.532	-4.2	2.6	57.914	49.052	67.088	102.967	0.343	177.286	3.671	6.712	0.248	0	0.411	0.379	0.406	0.406	0.412	-0.1	-0.1	-0.1	2.064	2.319	2.098	3.04	2.208	6.877	8.245	8.484	11.69	15.088	0.25
2026-02-01	-91.164	30.373	0	0.601	-8.14	13.17	-0.48	-6.7	7.7	59.63	39.48	75.274	103.154	0.352	172.839	1.304	2.587	0.269	0	0.408	0.377	0.401	0.403	0.412	-0.1	-0.1	-0.1	2.069	2.308	2.121	3.05	2.205	5.905	7.111	7.235	11.218	14.936	0.25
2026-02-02	-91.164	30.373	0	6.654	-4.71	22.41	6.256	-3.4	16.9	74.631	49.074	99.841	102.768	0.722	171.944	1.456	2.625	0.33	0	0.405	0.376	0.401	0.403	0.411	-0.1	-0.1	-0.1	2.068	2.315	2.133	3.046	2.204	7.058	7.596	7.653	10.805	14.735	0.252
2026-02-03	-91.164	30.373	6.35	13.387	2.2	26.96	13.074	4.1	21.4	81.883	58.745	99.507	102.263	1.252	118.514	1.912	3.623	0.342	0.002	0.404	0.376	0.401	0.403	0.411	-0.1	-0.1	-0.1	2.065	2.334	2.149	3.054	2.205	9.426	9.373	9.227	10.846	14.514	0.289
2026-02-04	-91.164	30.373	22.961	12.014	4.65	16.84	11.628	5.8	14.4	81.977	60.296	100	102.271	1.152	163.04	3.954	6.737	0.231	0.001	0.414	0.39	0.414	0.406	0.412	-0.1	-0.1	-0.1	2.011	2.313	2.11	3.042	2.203	11.668	11.781	11.369	11.413	14.241	0.268
2026-02-05	-91.164	30.373	0	5.878	-0.44	13.89	5.647	0.4	11.6	73.661	57.614	90.776	102.522	0.671	181.157	2.771	4.619	0.264	0	0.417	0.389	0.416	0.406	0.412	-0.1	-0.1	-0.1	2.024	2.282	2.077	3.023	2.2	9.293	10.669	10.148	11.889	14.191	0.271
2026-02-06	-91.164	30.373	0.017	13.95	3.94	27.35	14.586	6.2	24.3	69.376	39.742	93.31	101.909	1.104	122.109	2.427	4.414	0.664	0	0.417	0.386	0.415	0.406	0.411	-0.1	-0.1	-0.1	2.019	2.297	2.095	3.007	2.201	10.147	10.553	10.205	11.74	14.2	0.275
2026-02-07	-91.164	30.373	0	12.555	3.9	25.97	12.865	6.3	21.5	67.961	39.284	94.837	102.298	0.972	125.609	1.256	2.759	0.58	0	0.415	0.381	0.412	0.406	0.411	-0.1	-0.1	-0.1	2.041	2.339	2.09	3.009	2.202	11.058	11.125	11.159	11.937	14.2	0.271
2026-02-08	-91.164	30.373	0	13.028	1.38	28.13	12.876	2.7	23.6	75.448	44.134	99.826	102.394	1.111	124.769	1.479	2.663	0.509	0	0.412	0.38	0.411	0.406	0.411	-0.1	-0.1	-0.1	2.058	2.345	2.095	3.011	2.201	11.236	11.236	11.346	12.203	14.2	0.316
2026-02-09	-91.164	30.373	0.017	16.495	9.49	29.16	15.854	11.2	24.2	90.364	62.297	100	102.253	1.622	80.549	1.477	2.509	0.231	0	0.41	0.38	0.41	0.406	0.411	-0.1	-0.1	-0.1	2.064	2.357	2.11	3.015	2.202	13.102	12.68	12.634	12.519	14.242	NA
2026-02-10	-91.164	30.373	0.204	18.179	10.1	31.08	17.306	10.9	24.9	87.063	60.89	100	102.109	1.714	114.77	1.615	2.976	0.336	0	0.409	0.38	0.41	0.406	0.411	-0.1	-0.1	-0.1	2.08	2.364	2.116	3.021	2.201	14.206	13.735	13.656	13.059	14.302	0.197
2026-02-11	-91.164	30.373	0	20.983	11.69	34.17	20.089	12.3	27.1	81.786	55.132	100	102.06	1.897	100.654	1.548	2.746	0.523	0	0.407	0.38	0.409	0.406	0.411	-0.1	-0.1	-0.1	2.097	2.37	2.136	3.029	2.201	15.575	15.026	14.851	13.675	14.426	0.242
2026-02-12	-91.164	30.373	0.017	19.479	13.34	32.31	18.654	14.2	24.3	87.844	67.613	99.911	102.033	1.879	93.209	1.311	2.526	0.3	0	0.406	0.381	0.408	0.405	0.411	-0.1	-0.1	-0.1	2.116	2.373	2.145	3.049	2.201	16.27	15.776	15.664	14.319	14.581	NA
2026-02-13	-91.164	30.373	0.034	19.709	13.2	32.4	18.343	14.8	24.8	89.188	63.708	100	101.986	1.862	92.106	1.297	2.465	0.282	0	0.405	0.38	0.407	0.404	0.411	-0.1	-0.1	-0.1	2.133	2.38	2.151	3.063	2.203	16.905	16.369	16.272	14.88	14.795	NA
2026-02-14	-91.164	30.373	0.119	19.833	13.59	28.56	18.81	14.7	23.9	89.17	68	100	101.516	1.926	66.881	2.308	4.713	0.271	0	0.403	0.38	0.407	0.404	0.411	-0.1	-0.1	-0.1	2.151	2.381	2.151	3.066	2.202	17.043	16.613	16.586	15.367	15.028	NA
2026-02-15	-91.164	30.373	8.704	17.617	13.59	23.87	17.116	14.4	21.1	88.774	76.006	100	101.154	1.729	159.775	4.042	7.088	0.236	0.003	0.417	0.391	0.419	0.408	0.412	-0.1	-0.1	-0.1	2.084	2.413	2.123	3.034	2.201	17.114	16.871	16.798	15.734	15.315	0.314
2026-02-16	-91.164	30.373	1.853	14.759	8.63	22.82	13.97	9.9	18.7	86.678	72.846	95.757	101.907	1.383	102.87	1.527	3.18	0.224	0	0.419	0.39	0.42	0.408	0.412	-0.1	-0.1	-0.1	2.082	2.354	2.118	3.028	2.203	16.045	16.157	16.228	15.96	15.504	0.319
2026-02-17	-91.164	30.373	0	16.911	7.92	25.4	16.185	9	21.7	87.908	68.437	100	101.86	1.615	87.094	1.593	3.075	0.271	0	0.417	0.386	0.42	0.408	0.411	-0.1	-0.1	-0.1	2.071	2.359	2.109	3.024	2.206	15.929	15.841	15.85	15.885	15.702	NA
2026-02-18	-91.164	30.373	0.017	20.463	14.38	30.11	19.803	15.3	24.7	87.515	70.028	100	101.275	2.009	131.597	2.33	4.298	0.334	0	0.414	0.386	0.418	0.408	0.411	-0.1	-0.1	-0.1	2.078	2.368	2.127	3.028	2.206	17.278	16.941	16.708	15.978	15.845	0.305
2026-02-19	-91.164	30.373	0	24.069	18.66	33.68	23.133	18.8	28.4	85.084	59.961	97.111	100.863	2.375	161.122	3.233	5.927	0.493	0	0.413	0.386	0.418	0.408	0.411	-0.1	-0.1	-0.1	2.073	2.374	2.123	3.033	2.206	18.85	18.265	17.915	16.361	15.967	0.271
2026-02-20	-91.164	30.373	0	24.636	19.92	34.49	23.47	20.4	28.2	87.483	64.895	99.967	100.989	2.502	142.408	1.929	3.663	0.416	0	0.412	0.386	0.419	0.408	0.411	-0.1	-0.1	-0.1	2.076	2.381	2.115	3.037	2.209	20.016	19.343	19.064	16.954	16.134	0.223
2026-02-21	-91.164	30.373	0.187	23.193	13.88	35.55	22.199	14.6	28.9	84.234	62.984	100	101.485	2.291	131.425	3.413	5.844	0.432	0	0.409	0.385	0.418	0.408	0.411	-0.1	-0.1	-0.1	2.099	2.389	2.113	3.04	2.21	20.375	19.934	19.673	17.573	16.346	0.192
2026-02-22	-91.164	30.373	0	12.271	7.36	20.6	11.549	8.2	15	45.421	26.343	65.769	102.962	0.609	207.363	5.294	9.769	0.763	0	0.403	0.383	0.411	0.407	0.411	-0.1	-0.1	-0.1	2.172	2.373	2.122	3.049	2.21	15.796	16.915	17.249	17.841	16.599	0.264
2026-02-23	-91.164	30.373	0	8.929	1.3	20.49	8.162	4	13.3	41.357	30.444	57.792	103.122	0.44	213.956	3.413	6.175	0.665	0	0.397	0.38	0.407	0.406	0.411	-0.1	-0.1	-0.1	2.202	2.359	2.125	3.041	2.211	12.93	14.369	14.429	17.033	16.816	0.259
2026-02-24	-91.164	30.373	0	9.669	-1.75	24.04	8.594	-0.4	17.2	56.796	33.342	82.222	102.335	0.637	206.227	1.817	3.621	0.548	0	0.392	0.378	0.405	0.404	0.411	-0.1	-0.1	-0.1	2.213	2.348	2.134	3.049	2.211	12.547	13.444	13.422	16.054	16.893	0.27
2026-02-25	-91.164	30.373	0	16.744	6.89	26.11	16.476	8.1	22.2	80.775	63.485	97.671	101.289	1.527	96.997	2.545	4.864	0.428	0	0.389	0.378	0.405	0.403	0.411	-0.1	-0.1	-0.1	2.214	2.338	2.142	3.056	2.211	14.071	14.287	14.122	15.537	16.768	NA
2026-02-26	-91.164	30.373	0	20.419	15.13	29.9	19.902	16.2	24.4	88.143	74.596	97.819	101.119	2.047	92.433	1.852	3.438	0.302	0	0.388	0.378	0.405	0.403	0.411	-0.1	-0.1	-0.1	2.219	2.345	2.149	3.067	2.211	16.417	16.076	15.81	15.624	16.641	NA
2026-02-27	-91.164	30.373	3.128	21.601	13.25	33.59	20.926	15.4	27.2	78.745	48.363	100	101.375	1.902	138.774	1.392	2.862	0.628	0.004	0.395	0.379	0.407	0.404	0.411	-0.1	-0.1	-0.1	2.181	2.357	2.148	3.076	2.214	17.668	17.235	17.042	16.112	16.6	0.214
2026-02-28	-91.164	30.373	0	20.45	11.91	34.44	19.066	13.8	26.2	76.257	44.342	100	101.723	1.63	200.178	1.066	2.467	0.639	0	0.397	0.378	0.407	0.404	0.411	-0.1	-0.1	-0.1	2.18	2.364	2.15	3.084	2.214	17.973	17.614	17.569	16.608	16.6	0.238
2026-03-01	-91.164	30.373	0.034	18.826	8.83	32.66	17.765	9.7	25.3	76.647	50.272	100	102.032	1.519	198.657	1.401	3.135	0.612	0	0.394	0.377	0.407	0.404	0.411	-0.1	-0.1	-0.1	2.209	2.371	2.15	3.087	2.217	17.415	17.26	17.371	16.928	16.677	0.277
2026-03-02	-91.164	30.373	0.051	19.496	7.57	33.79	18.206	8.4	26.5	80.263	50.767	100	102.028	1.657	211.618	1.402	2.994	0.544	0	0.39	0.377	0.406	0.404	0.411	-0.1	-0.1	-0.1	2.236	2.373	2.154	3.094	2.219	17.564	17.357	17.396	17.046	16.793	0.285
2026-03-03	-91.164	30.373	0.017	23.291	14.32	35.82	21.485	16	28.6	83.838	51.023	100	102.051	2.106	185.259	1.607	3.785	0.534	0	0.387	0.376	0.406	0.404	0.411	-0.1	-0.1	-0.1	2.236	2.377	2.161	3.101	2.22	18.934	18.399	18.283	17.239	16.9	0.21
2026-03-04	-91.164	30.373	5.899	20.554	16.63	25.37	20.122	16.8	23.1	97.103	90.109	100	102.068	2.295	48.551	1.146	3.013	0.069	0.004	0.397	0.381	0.411	0.405	0.411	-0.1	-0.1	-0.1	2.203	2.388	2.148	3.103	2.222	19.677	19.273	19.194	17.712	17.024	NA
2026-03-05	-91.164	30.373	2.38	23.966	19.26	33.87	22.545	19.1	27.9	89.474	64.023	100	101.85	2.423	182.799	1.678	3.74	0.347	0.001	0.408	0.384	0.418	0.409	0.412	-0.1	-0.1	-0.1	2.181	2.41	2.159	3.083	2.223	20.488	19.786	19.631	18.079	17.154	0.262
2026-03-06	-91.164	30.373	0.374	25.187	19.81	36.39	23.935	20	29.6	86.007	64.104	99.116	101.792	2.528	180.222	2.277	4.647	0.486	0	0.406	0.384	0.417	0.41	0.412	-0.1	-0.1	-0.1	2.194	2.411	2.147	3.093	2.225	21.569	20.872	20.703	18.555	17.333	0.24
2026-03-07	-91.164	30.373	1.428	25.188	19.77	36.15	23.993	18.9	30.1	88.826	64.808	100	101.694	2.627	156.771	2.246	4.565	0.397	0.002	0.405	0.384	0.417	0.41	0.412	-0.1	-0.1	-0.1	2.192	2.413	2.156	3.099	2.228	22.057	21.459	21.241	19.085	17.532	0.234
2026-03-08	-91.164	30.373	3.468	21.418	18.54	27.37	20.418	17.7	24.3	94.235	79.47	100	101.795	2.258	115.017	1.244	2.323	0.158	0.002	0.415	0.393	0.422	0.411	0.413	-0.1	-0.1	-0.1	2.138	2.407	2.164	3.096	2.225	21.606	21.16	21.152	19.5	17.775	0.213
2026-03-09	-91.164	30.373	0.748	22.997	18.14	30.64	22.53	18.4	28.4	91.596	76.457	100	101.832	2.501	142.605	1.839	3.438	0.268	0	0.415	0.393	0.424	0.411	0.413	-0.1	-0.1	-0.1	2.103	2.389	2.134	3.096	2.228	21.936	21.536	21.351	19.703	18.009	0.215
2026-03-10	-91.164	30.373	0.425	24.229	20.51	32.12	23.606	20.6	28.3	88.297	67.675	100	101.823	2.55	168.95	2.111	4.111	0.394	0	0.413	0.391	0.424	0.412	0.413	-0.1	-0.1	-0.1	2.083	2.38	2.108	3.095	2.232	22.407	21.984	21.768	19.946	18.224	0.227
2026-03-11	-91.164	30.373	0.34	23.753	17.13	32.66	22.595	15.9	28	92.371	72.276	100	101.524	2.534	142.091	2.507	5.012	0.255	0	0.412	0.391	0.423	0.412	0.413	-0.1	-0.1	-0.1	2.084	2.337	2.099	3.089	2.233	22.569	22.188	21.992	20.238	18.439	0.269
2026-03-12	-91.164	30.373	0.068	15.321	12.33	17.31	14.593	11.8	16.5	98.414	90.885	100	101.9	1.648	0	6.771	12.216	0.021	0	0.414	0.394	0.423	0.412	0.413	-0.1	-0.1	-0.1	2.09	2.306	2.077	3.084	2.232	20.333	20.914	21.347	20.43	18.614	NA
