2025-11-21 23:00:00	-91.1885	30.404	0	21.02	23.45	79.749	101.4	2.302	0	0.325	93.4	0	0	0.84	0.585	0	0.367	0.374	0.245	0.389	0.358	-23.05	-29.375	-13.675	1.044	2.598	6.663	2.378	2.436	24.238	23.825	23.35	22.738	22.35	NA
2025-11-22 00:00:00	-91.1885	30.404	0	19.75	22.575	83.344	101.445	2.282	0	0.305	104.875	0	0	0.728	0.455	0	0.367	0.374	0.243	0.388	0.358	-15.075	-14.65	-2.425	1.072	2.607	6.731	2.386	2.448	23.863	23.65	23.25	22.575	22.3	NA
2025-11-22 01:00:00	-91.1885	30.404	0	19.278	22	87.096	101.475	2.303	0	0.295	94.275	0	0	0.828	0.338	0	0.368	0.374	0.241	0.388	0.358	-11.9	-8.65	-0.1	1.082	2.61	6.781	2.392	2.457	23.475	23.5	23.2	22.5	22.3	NA
2025-11-22 02:00:00	-91.1885	30.404	0	19.773	21.9	89.755	101.535	2.359	0	0.382	115.925	0	0	1.205	0.265	0	0.368	0.373	0.24	0.388	0.358	-9.8	-1.275	-0.1	1.086	2.617	6.82	2.4	2.46	23.175	23.35	23.15	22.475	22.3	NA
2025-11-22 03:00:00	-91.1885	30.404	0	19.448	21.625	92.664	101.58	2.394	0	0.418	314.975	0	0	1.643	0.19	0	0.369	0.373	0.238	0.388	0.358	-5.75	-0.175	-0.1	1.089	2.622	6.857	2.406	2.462	22.95	23.15	23.15	22.45	22.3	NA
2025-11-22 04:00:00	-91.1885	30.404	0	19.11	20.95	95.396	101.61	2.365	0	0.365	136.925	0	0	0.948	0.11	0	0.37	0.371	0.236	0.388	0.358	-2.475	-0.1	-0.1	1.089	2.611	6.902	2.409	2.462	22.738	23.025	23.113	22.45	22.3	NA
2025-11-22 05:00:00	-91.1885	30.404	0	19.472	21.275	96.242	101.572	2.434	0	0.398	72.05	0	0	1.175	0.088	0	0.37	0.37	0.235	0.388	0.358	-1.2	-0.15	-0.1	1.088	2.609	6.93	2.41	2.466	22.562	22.875	23.05	22.45	22.3	NA
2025-11-22 06:00:00	-91.1885	30.404	0	19.895	20.975	97.233	101.61	2.415	0	0.362	238.725	0	0	1.208	0.065	0	0.37	0.37	0.234	0.388	0.358	-1.025	-0.2	-0.1	1.088	2.609	6.961	2.414	2.466	22.425	22.75	23.012	22.45	22.3	NA
2025-11-22 07:00:00	-91.1885	30.404	0	21.778	21.2	99.654	101.61	2.509	0	0.315	270	0	0	0.907	0.005	0	0.371	0.369	0.232	0.388	0.358	-0.975	-0.2	-0.1	1.091	2.61	6.985	2.417	2.468	22.388	22.65	23	22.45	22.3	NA
2025-11-22 08:00:00	-91.1885	30.404	0	21.972	21.45	99.73	101.632	2.551	0	0.41	234.35	0	0	1.107	0.005	0	0.371	0.369	0.232	0.387	0.358	-0.9	-0.1	-0.1	1.092	2.615	7.003	2.418	2.47	22.488	22.6	22.925	22.488	22.3	NA
2025-11-22 09:00:00	-91.1885	30.404	0	22.025	21.475	99.947	101.642	2.561	0	0.312	271.575	0	0	0.885	0	0	0.371	0.369	0.23	0.387	0.358	-0.9	-0.1	-0.1	1.091	2.61	7.039	2.419	2.464	22.538	23.075	22.9	22.5	22.3	NA
2025-11-22 10:00:00	-91.1885	30.404	0	22.792	21.575	99.949	101.652	2.576	0	0.29	333.4	0	0	0.805	0.002	0	0.396	0.374	0.236	0.386	0.358	-0.15	-0.1	-0.1	1.201	2.596	6.989	2.425	2.453	26.45	25.5	23.688	22.55	22.35	NA
2025-11-22 11:00:00	-91.1885	30.404	0	22.008	21.45	99.808	101.685	2.552	0	0.33	259.55	0	0	0.883	0	0	0.387	0.373	0.24	0.386	0.358	-0.1	-0.1	-0.1	1.161	2.601	6.91	2.432	2.454	26	25	24.225	22.837	22.4	NA
2025-11-22 12:00:00	-91.1885	30.404	0	20.155	21.025	99.383	101.718	2.475	0.1	0.248	80.025	0	0	0.552	0.015	0	0.384	0.373	0.239	0.386	0.358	-0.1	-0.1	-0.1	1.17	2.598	6.894	2.428	2.452	25.15	24.65	24.3	23.025	22.4	NA
2025-11-22 13:00:00	-91.1885	30.404	0	22.695	21.35	99.907	101.77	2.543	27.725	0.255	290.4	0	0	0.855	0.002	0	0.383	0.372	0.238	0.386	0.358	-0.1	-0.1	-0.1	1.171	2.599	6.904	2.428	2.456	24.525	24.325	24.238	23.05	22.4	0.43
2025-11-22 14:00:00	-91.1885	30.404	0	25.09	22.5	99.926	101.825	2.725	164.575	0.797	300.825	0	0	1.948	0	0	0.382	0.372	0.237	0.386	0.358	-0.2	-0.1	-0.1	1.154	2.599	6.924	2.426	2.453	24.312	24.05	24.175	23.05	22.4	0.419
2025-11-22 15:00:00	-91.1885	30.404	0	26.178	23.55	95.618	101.865	2.776	208.45	1.272	301.3	0	0	3.268	0.122	0	0.378	0.372	0.236	0.386	0.358	-0.2	-0.1	-0.1	1.164	2.604	6.94	2.428	2.455	24.512	24	24.062	23.05	22.4	0.411
2025-11-22 16:00:00	-91.1885	30.404	0	31.778	25.375	88.391	101.855	2.86	471.2	1.1	301.275	0	0	2.87	0.38	0	0.375	0.371	0.236	0.386	0.358	-0.2	-0.1	-0.1	1.175	2.598	6.929	2.427	2.454	24.875	24	24	23.05	22.4	0.38
2025-11-22 17:00:00	-91.1885	30.404	0	33.312	26.55	78.889	101.818	2.739	446.3	1.082	298.05	0	0	2.8	0.74	0	0.372	0.371	0.236	0.386	0.358	-0.2	-0.1	-0.1	1.186	2.594	6.937	2.426	2.452	25.575	24.15	23.9	23.05	22.45	0.365
2025-11-22 18:00:00	-91.1885	30.404	1.296	28.725	24.275	87.667	101.74	2.64	308.675	0.952	219.125	0	0	2.865	0.418	0.019	0.38	0.372	0.237	0.386	0.358	-0.2	-0.1	-0.1	1.2	2.634	6.934	2.428	2.452	25.913	24.525	23.863	23	22.5	0.397
2025-11-22 19:00:00	-91.1885	30.404	0	32.265	25.85	95.632	101.662	3.188	564.85	0.887	284.6	0	0	2.678	0.152	0	0.39	0.372	0.245	0.386	0.358	-0.2	-0.1	-0.1	1.106	2.643	6.805	2.43	2.452	26.087	24.75	23.9	23	22.5	0.4
2025-11-22 20:00:00	-91.1885	30.404	0	26.965	25.85	87.79	101.625	2.926	148.575	1.075	327.925	0	0	2.89	0.402	0	0.389	0.371	0.248	0.386	0.358	-0.2	-0.1	-0.1	1.098	2.63	6.755	2.432	2.452	26.663	25.025	24	23.037	22.5	0.421
2025-11-22 21:00:00	-91.1885	30.404	0	25.918	26.225	86.422	101.612	2.944	138.625	1.2	321.525	0	0	2.928	0.46	0	0.384	0.371	0.246	0.386	0.358	-0.2	-0.1	-0.1	1.094	2.614	6.762	2.428	2.452	26.45	25.2	24.075	23.05	22.5	0.403
2025-11-22 22:00:00	-91.1885	30.404	0	23.715	25.875	84.612	101.625	2.824	32.425	0.81	324.425	0	0	2.078	0.512	0	0.381	0.37	0.244	0.386	0.358	-0.2	-0.1	-0.1	1.099	2.598	6.804	2.429	2.452	26.038	25.15	24.1	23.05	22.5	0.422
2025-11-22 23:00:00	-91.1885	30.404	0	21.837	24.85	77.427	101.678	2.431	1.075	0.795	339.075	0	0	1.958	0.703	0	0.381	0.368	0.241	0.386	0.358	-0.2	-0.1	-0.1	1.043	2.588	6.836	2.428	2.451	25.525	24.975	24.15	23.05	22.5	NA
2025-11-23 00:00:00	-91.1885	30.404	0	20.405	23.55	76.304	101.74	2.217	0	0.782	300.125	0	0	2.38	0.68	0	0.379	0.368	0.239	0.386	0.358	-0.2	-0.1	-0.1	1.04	2.585	6.869	2.428	2.45	24.975	24.8	24.15	23.05	22.525	NA
2025-11-23 01:00:00	-91.1885	30.404	0	19.41	22.4	74.262	101.818	2.012	0	0.748	306.175	0	0	2.078	0.698	0	0.377	0.367	0.238	0.386	0.358	-0.2	-0.1	-0.1	1.035	2.584	6.883	2.428	2.446	24.45	24.55	24.15	23.05	22.6	NA
2025-11-23 02:00:00	-91.1885	30.404	0	18.542	21.375	74.878	101.872	1.905	0	0.617	317.875	0	0	2.04	0.637	0	0.377	0.367	0.236	0.386	0.358	-0.2	-0.1	-0.1	1.034	2.585	6.914	2.434	2.446	23.962	24.3	24.125	23.05	22.6	NA
2025-11-23 03:00:00	-91.1885	30.404	0	17.472	19.3	81.109	101.872	1.815	0	0.425	244.65	0	0	0.892	0.425	0	0.376	0.366	0.235	0.386	0.358	-0.2	-0.1	-0.1	1.034	2.583	6.923	2.434	2.446	23.525	24.075	24.1	23.075	22.6	NA
2025-11-23 04:00:00	-91.1885	30.404	0	16.587	17.9	87.169	101.88	1.788	0	0.353	249.85	0	0	0.818	0.262	0	0.376	0.366	0.234	0.386	0.358	-0.2	-0.1	-0.1	1.034	2.585	6.947	2.43	2.449	23.1	23.8	24.05	23.1	22.6	NA
2025-11-23 05:00:00	-91.1885	30.404	0	16.093	17.2	89.797	101.888	1.762	0	0.322	254.125	0	0	0.877	0.2	0	0.376	0.366	0.232	0.386	0.358	-0.2	-0.1	-0.1	1.034	2.583	6.974	2.428	2.448	22.7	23.575	23.975	23.1	22.6	NA
2025-11-23 06:00:00	-91.1885	30.404	0	15.863	17.975	83.629	101.892	1.721	0	0.7	307.525	0	0	1.898	0.34	0	0.375	0.366	0.231	0.386	0.358	-0.2	-0.1	-0.1	1.031	2.582	6.979	2.429	2.449	22.312	23.4	23.913	23.1	22.6	NA
2025-11-23 07:00:00	-91.1885	30.404	0	15.363	18.3	73.891	101.902	1.554	0	1.225	179.325	0	0	3.393	0.547	0	0.375	0.365	0.23	0.386	0.358	-0.2	-0.1	-0.1	1.026	2.579	6.99	2.429	2.447	21.962	23.125	23.825	23.1	22.6	NA
2025-11-23 08:00:00	-91.1885	30.404	0	14.5	17.3	74.247	101.912	1.466	0	0.925	265.05	0	0	3.188	0.508	0	0.374	0.364	0.229	0.386	0.358	-0.2	-0.1	-0.1	1.02	2.572	7	2.425	2.447	21.55	22.9	23.725	23.1	22.6	NA
2025-11-23 09:00:00	-91.1885	30.404	0	13.707	16.35	76.9	101.902	1.43	0	0.805	339.35	0	0	2.27	0.43	0	0.369	0.363	0.228	0.386	0.358	-0.2	-0.1	-0.1	1.031	2.573	7.001	2.424	2.451	21.175	22.65	23.638	23.1	22.6	NA
2025-11-23 10:00:00	-91.1885	30.404	0	13.018	15.475	80.211	101.935	1.41	0	0.705	319.325	0	0	2.34	0.348	0	0.367	0.363	0.228	0.386	0.358	-0.2	-0.1	-0.1	1.028	2.569	7.01	2.425	2.45	20.8	22.4	23.538	23.1	22.675	NA
2025-11-23 11:00:00	-91.1885	30.404	0	11.99	14.025	85.778	101.975	1.373	0	0.57	290.325	0	0	1.6	0.228	0	0.365	0.363	0.227	0.386	0.358	-0.2	-0.1	-0.1	1.028	2.57	7.002	2.425	2.452	20.5	22.15	23.425	23.1	22.7	NA
2025-11-23 12:00:00	-91.1885	30.404	0	12.352	14.25	85.753	102.018	1.393	0.175	0.802	319.725	0	0	2.45	0.232	0	0.365	0.362	0.226	0.386	0.358	-0.2	-0.1	-0.1	1.024	2.57	6.997	2.424	2.452	20.15	21.9	23.325	23.1	22.7	NA
2025-11-23 13:00:00	-91.1885	30.404	0	14.675	14.7	88.914	102.075	1.488	82.825	1.075	259.475	0	0	3.058	0.185	0	0.364	0.362	0.226	0.386	0.358	-0.2	-0.1	-0.1	1.021	2.57	7.007	2.424	2.449	19.887	21.7	23.2	23.1	22.7	0.416
2025-11-23 14:00:00	-91.1885	30.404	0	19.303	15.925	88.608	102.132	1.603	248.075	1.36	40.55	0	0	3.87	0.202	0	0.363	0.361	0.225	0.386	0.358	-0.2	-0.1	-0.1	1.03	2.57	7.005	2.424	2.45	20.075	21.475	23.075	23.088	22.7	0.403
2025-11-23 15:00:00	-91.1885	30.404	0	24.373	17.45	82.51	102.158	1.644	421.7	1.248	68.9	0	0	3.04	0.35	0	0.363	0.361	0.225	0.386	0.358	-0.2	-0.1	-0.1	1.035	2.572	7.006	2.424	2.452	20.675	21.4	22.962	23.05	22.7	0.38
2025-11-23 16:00:00	-91.1885	30.404	0	28.962	19.25	74.43	102.128	1.66	591.85	1.242	89.725	0	0	3.053	0.57	0	0.362	0.361	0.224	0.386	0.358	-0.2	-0.1	-0.1	1.04	2.574	7.006	2.42	2.45	21.613	21.5	22.863	23.05	22.7	0.323
2025-11-23 17:00:00	-91.1885	30.404	0	32.078	20.9	67.702	102.023	1.673	660.625	1.067	324.95	0	0	2.748	0.792	0	0.361	0.36	0.224	0.386	0.358	-0.2	-0.1	-0.1	1.04	2.577	7.017	2.419	2.449	22.625	21.75	22.775	23.05	22.7	0.279
2025-11-23 18:00:00	-91.1885	30.404	0	33.318	22.25	60.289	101.892	1.618	658.575	1.3	306.075	0	0	2.94	1.062	0	0.36	0.36	0.224	0.386	0.358	-0.2	-0.1	-0.1	1.018	2.578	7.025	2.42	2.452	23.375	22.1	22.725	22.962	22.7	0.324
2025-11-23 19:00:00	-91.1885	30.404	0	33.403	23.1	56.196	101.835	1.588	587.325	1.203	314.1	0	0	2.468	1.235	0	0.359	0.36	0.223	0.386	0.358	-0.2	-0.1	-0.1	0.999	2.574	7.033	2.418	2.452	23.725	22.425	22.7	22.95	22.7	0.384
2025-11-23 20:00:00	-91.1885	30.404	0	30.528	23.45	53.601	101.785	1.547	439.775	1.07	310.125	0	0	2.585	1.342	0	0.358	0.36	0.223	0.386	0.357	-0.2	-0.1	-0.1	0.98	2.571	7.038	2.417	2.453	24	22.725	22.7	22.938	22.7	0.402
2025-11-23 21:00:00	-91.1885	30.404	0	21.442	22.875	51.838	101.757	1.445	164.525	0.84	280.975	0	0	1.913	1.342	0	0.357	0.36	0.223	0.386	0.357	-0.2	-0.1	-0.1	0.96	2.566	7.04	2.418	2.453	23.8	22.95	22.787	22.9	22.7	0.426
2025-11-23 22:00:00	-91.1885	30.404	0	19.255	21.65	56.283	101.79	1.457	57.325	0.635	283.7	0	0	1.663	1.132	0	0.357	0.36	0.222	0.386	0.357	-0.2	-0.1	-0.1	0.949	2.515	7.046	2.418	2.453	23.35	23	22.812	22.887	22.8	0.421
2025-11-23 23:00:00	-91.1885	30.404	0	16.152	19.775	63.844	101.787	1.472	1.9	0.823	147.45	0	0	2.545	0.835	0	0.357	0.359	0.222	0.385	0.357	-0.2	-0.1	-0.1	0.943	2.465	7.05	2.418	2.453	22.812	22.95	22.887	22.85	22.8	NA
2025-11-24 00:00:00	-91.1885	30.404	0	16.548	18.8	69.169	101.785	1.5	0	1.958	69.575	0	0	5.39	0.672	0	0.357	0.359	0.222	0.386	0.357	-0.2	-0.1	-0.1	0.931	2.457	7.047	2.417	2.454	22.137	22.8	22.9	22.85	22.8	NA
2025-11-24 01:00:00	-91.1885	30.404	0	15.162	16.95	76.028	101.825	1.468	0	1.24	51.3	0	0	4.032	0.462	0	0.357	0.359	0.223	0.385	0.357	-0.2	-0.1	-0.1	0.926	2.454	7.048	2.417	2.454	21.562	22.55	22.9	22.838	22.8	NA
2025-11-24 02:00:00	-91.1885	30.404	0	14.415	15.675	80.738	101.855	1.438	0	1.672	81.575	0	0	4.883	0.348	0	0.357	0.359	0.223	0.385	0.357	-0.2	-0.1	-0.1	0.921	2.45	7.025	2.418	2.454	21.062	22.3	22.9	22.8	22.8	NA
2025-11-24 03:00:00	-91.1885	30.404	0	14.003	14.7	83.941	101.84	1.404	0	1.572	91.25	0	0	4.077	0.268	0	0.357	0.358	0.224	0.385	0.357	-0.2	-0.1	-0.1	0.917	2.45	7.004	2.418	2.456	20.6	22.05	22.9	22.8	22.8	NA
2025-11-24 04:00:00	-91.1885	30.404	0	13.185	14.15	85.666	101.837	1.383	0	0.675	129.875	0	0	1.862	0.23	0	0.357	0.358	0.224	0.385	0.357	-0.2	-0.1	-0.1	0.916	2.443	6.992	2.418	2.458	20.25	21.8	22.863	22.8	22.8	NA
2025-11-24 05:00:00	-91.1885	30.404	0	12.175	13.5	88.165	101.79	1.364	0	0.468	146.575	0	0	1.442	0.182	0	0.357	0.358	0.224	0.385	0.357	-0.2	-0.1	-0.1	0.918	2.446	6.983	2.418	2.46	20.025	21.6	22.8	22.8	22.8	NA
2025-11-24 06:00:00	-91.1885	30.404	0	12.89	13.75	89.396	101.73	1.406	0	1.342	93.575	0	0	2.898	0.168	0	0.357	0.358	0.224	0.385	0.357	-0.2	-0.1	-0.1	0.918	2.442	6.974	2.418	2.46	19.738	21.4	22.738	22.8	22.8	NA
2025-11-24 07:00:00	-91.1885	30.404	0	12.773	13.45	90.554	101.75	1.397	0	0.887	102.175	0	0	3.038	0.145	0	0.357	0.358	0.225	0.385	0.357	-0.2	-0.1	-0.1	0.918	2.442	6.956	2.418	2.46	19.5	21.2	22.65	22.8	22.8	NA
2025-11-24 08:00:00	-91.1885	30.404	0	12.9	13.475	91.298	101.758	1.411	0	1.817	85.65	0	0	4.138	0.135	0	0.357	0.358	0.225	0.385	0.357	-0.2	-0.1	-0.1	0.915	2.438	6.938	2.418	2.46	19.288	21	22.55	22.8	22.8	NA
2025-11-24 09:00:00	-91.1885	30.404	0	12.725	13.25	91.958	101.742	1.4	0	1.86	90.975	0	0	4.043	0.117	0	0.357	0.358	0.225	0.385	0.357	-0.2	-0.1	-0.1	0.909	2.439	6.928	2.419	2.461	19.038	20.825	22.462	22.8	22.8	NA
2025-11-24 10:00:00	-91.1885	30.404	0	14.655	13	93.172	101.708	1.396	0	1.22	107.05	0	0	2.725	0.103	0	0.38	0.365	0.232	0.386	0.357	-0.1	-0.1	-0.1	1.231	2.594	6.94	2.424	2.461	23.475	22.15	23.138	22.825	22.8	NA
2025-11-24 11:00:00	-91.1885	30.404	0	13.085	12.875	93.937	101.682	1.396	0	0.825	111.4	0	0	2.013	0.088	0	0.38	0.367	0.238	0.386	0.357	-0.1	-0.1	-0.1	1.082	2.599	6.795	2.429	2.464	23.675	23.1	23.788	23.075	22.8	NA
2025-11-24 12:00:00	-91.1885	30.404	0	13.133	13.025	95.033	101.688	1.426	0.025	1.198	121.875	0	0	2.628	0.07	0	0.378	0.368	0.24	0.386	0.357	-0.1	-0.1	-0.1	1.038	2.584	6.743	2.427	2.465	22.312	22.875	23.8	23.2	22.8	NA
2025-11-24 13:00:00	-91.1885	30.404	0	14.727	13.625	97.28	101.715	1.518	48.35	1.21	107.9	0	0	2.812	0.04	0	0.378	0.368	0.239	0.386	0.357	-0.1	-0.1	-0.1	1.025	2.586	6.747	2.419	2.461	21.413	22.55	23.663	23.2	22.8	0.434
2025-11-24 14:00:00	-91.1885	30.404	0	19.503	15.6	99.369	101.76	1.765	199.325	1.205	90.4	0	0	2.843	0.005	0	0.378	0.368	0.237	0.386	0.357	-0.1	-0.1	-0.1	1.021	2.595	6.763	2.419	2.464	21.062	22.15	23.462	23.2	22.8	0.412
2025-11-24 15:00:00	-91.1885	30.404	0	24.798	18.875	94.175	101.77	2.053	386.6	1.633	107.325	0	0	3.47	0.128	0	0.377	0.367	0.236	0.386	0.357	-0.1	-0.1	-0.1	1.022	2.605	6.778	2.417	2.461	21.425	21.925	23.275	23.2	22.8	0.39
2025-11-24 16:00:00	-91.1885	30.404	0	29.835	22.075	83.166	101.738	2.208	528.45	1.605	115.65	0	0	3.502	0.45	0	0.376	0.367	0.235	0.386	0.357	-0.1	-0.1	-0.1	1.02	2.614	6.795	2.416	2.461	22.25	21.925	23.137	23.15	22.8	0.397
2025-11-24 17:00:00	-91.1885	30.404	0	32.803	24.3	76.312	101.645	2.318	598.175	1.643	123.825	0	0	4.64	0.718	0	0.37	0.367	0.234	0.386	0.357	-0.1	-0.1	-0.1	1.032	2.623	6.803	2.414	2.46	23.2	22.1	23	23.1	22.8	0.368
2025-11-24 18:00:00	-91.1885	30.404	0	35.142	26.025	70.689	101.515	2.379	605.3	1.422	126.85	0	0	4.278	0.99	0	0.368	0.367	0.234	0.386	0.357	-0.1	-0.1	-0.1	1.023	2.622	6.806	2.414	2.462	23.9	22.45	22.938	23.05	22.8	0.374
2025-11-24 19:00:00	-91.1885	30.404	0	30.395	25.875	68.396	101.43	2.282	300.375	1.238	130.775	0	0	3.398	1.048	0	0.367	0.367	0.233	0.386	0.357	-0.1	-0.1	-0.1	1.02	2.622	6.818	2.413	2.461	24.325	22.75	22.9	23.038	22.8	0.392
2025-11-24 20:00:00	-91.1885	30.404	0	28.278	25.8	68.694	101.372	2.282	185.25	1.245	124.325	0	0	2.848	1.038	0	0.365	0.367	0.232	0.386	0.357	-0.1	-0.1	-0.1	1.015	2.627	6.838	2.41	2.463	24.462	23	22.9	22.962	22.8	0.4
2025-11-24 21:00:00	-91.1885	30.404	0	25.385	25.175	70.863	101.36	2.268	63.675	1.317	123.3	0	0	3.527	0.932	0	0.363	0.364	0.232	0.386	0.357	-0.1	-0.1	-0.1	1.009	2.609	6.848	2.412	2.462	24.325	23.175	22.9	22.95	22.8	0.406
2025-11-24 22:00:00	-91.1885	30.404	0	23.698	24.25	74.26	101.355	2.249	42.3	1.805	120.35	0	0	4.13	0.78	0	0.363	0.363	0.231	0.386	0.357	-0.1	-0.1	-0.1	0.998	2.604	6.855	2.41	2.464	24.012	23.3	22.95	22.9	22.8	0.411
2025-11-24 23:00:00	-91.1885	30.404	0	21.317	22.925	79.76	101.312	2.23	4.225	1.6	125.025	0	0	3.622	0.565	0	0.363	0.363	0.231	0.386	0.357	-0.1	-0.1	-0.1	0.99	2.597	6.864	2.411	2.462	23.638	23.225	22.95	22.875	22.8	0.411
2025-11-25 00:00:00	-91.1885	30.404	0	20.192	22.1	84.366	101.292	2.244	0	1.29	130.5	0	0	2.985	0.412	0	0.362	0.362	0.23	0.386	0.357	-0.1	-0.1	-0.1	0.986	2.594	6.874	2.411	2.462	23.225	23.15	22.963	22.85	22.8	NA
2025-11-25 01:00:00	-91.1885	30.404	0	19.635	21.4	88.396	101.29	2.253	0	0.945	126.175	0	0	2.252	0.292	0	0.362	0.362	0.23	0.386	0.357	-0.1	-0.1	-0.1	0.991	2.596	6.88	2.409	2.463	22.85	23	23	22.825	22.8	NA
2025-11-25 02:00:00	-91.1885	30.404	0	20.89	22.05	89.04	101.26	2.361	0	1.185	122.325	0	0	3.058	0.29	0	0.361	0.362	0.23	0.386	0.357	-0.1	-0.1	-0.1	0.99	2.594	6.886	2.406	2.462	22.613	22.85	23	22.8	22.8	NA
2025-11-25 03:00:00	-91.1885	30.404	0	20.9	22.2	90.985	101.268	2.435	0	1.408	123.125	0	0	3.622	0.238	0	0.361	0.361	0.229	0.386	0.357	-0.1	-0.1	-0.1	0.984	2.594	6.894	2.406	2.463	22.488	22.725	23	22.8	22.8	NA
2025-11-25 04:00:00	-91.1885	30.404	0	21.073	22.125	92.835	101.315	2.473	0	1.328	120.175	0	0	3.14	0.19	0	0.361	0.361	0.228	0.386	0.357	-0.1	-0.1	-0.1	0.98	2.595	6.906	2.407	2.463	22.425	22.625	22.963	22.8	22.8	NA
2025-11-25 05:00:00	-91.1885	30.404	0	21.143	22.05	94.108	101.287	2.496	0	1.228	124.75	0	0	3.288	0.152	0	0.36	0.361	0.228	0.386	0.357	-0.1	-0.1	-0.1	0.981	2.597	6.91	2.41	2.465	22.35	22.55	22.9	22.8	22.8	NA
2025-11-25 06:00:00	-91.1885	30.404	0	20.872	22.225	94.399	101.25	2.53	0	0.805	123.325	0	0	2.688	0.148	0	0.36	0.361	0.228	0.386	0.357	-0.1	-0.1	-0.1	0.985	2.598	6.91	2.409	2.463	22.312	22.5	22.9	22.8	22.8	NA
2025-11-25 07:00:00	-91.1885	30.404	0	20.335	22.4	93.222	101.25	2.526	0	0.755	162.6	0	0	3.555	0.178	0	0.36	0.361	0.227	0.386	0.357	-0.1	-0.1	-0.1	0.989	2.6	6.913	2.407	2.468	22.238	22.425	22.9	22.8	22.8	NA
2025-11-25 08:00:00	-91.1885	30.404	0	20.065	22.05	93.136	101.29	2.47	0	0.588	164.175	0	0	1.72	0.182	0	0.36	0.361	0.227	0.386	0.357	-0.1	-0.1	-0.1	0.994	2.601	6.923	2.408	2.465	22.125	22.4	22.812	22.788	22.8	NA
2025-11-25 09:00:00	-91.1885	30.404	0	20.218	21.65	94.337	101.29	2.442	0	0.685	122.45	0	0	2.272	0.145	0	0.36	0.361	0.227	0.386	0.357	-0.1	-0.1	-0.1	0.996	2.604	6.931	2.409	2.467	22.025	22.3	22.8	22.75	22.8	NA
2025-11-25 10:00:00	-91.1885	30.404	0	21.442	21.3	95.235	101.268	2.413	0	0.408	127.6	0	0	1.327	0.12	0	0.378	0.367	0.23	0.386	0.357	-0.1	-0.1	-0.1	1.246	2.67	6.925	2.412	2.467	24.863	23.075	23.787	22.8	22.8	NA
2025-11-25 11:00:00	-91.1885	30.404	0	20.017	20.95	96.877	101.255	2.402	0	0.32	125.9	0	0	1.032	0.075	0	0.376	0.368	0.236	0.386	0.357	-0.1	-0.1	-0.1	1.118	2.653	6.8	2.413	2.469	25.5	24.3	24.363	23.05	22.8	NA
2025-11-25 12:00:00	-91.1885	30.404	0	20.602	21.075	97.256	101.27	2.43	0	0.52	116.85	0	0	1.552	0.068	0	0.373	0.368	0.237	0.386	0.357	-0.1	-0.1	-0.1	1.087	2.633	6.778	2.412	2.469	24.65	24.3	24.338	23.113	22.8	NA
2025-11-25 13:00:00	-91.1885	30.404	0	21.567	21.575	97.413	101.332	2.51	30.2	0.475	158.9	0	0	1.562	0.07	0	0.372	0.368	0.237	0.386	0.357	-0.1	-0.1	-0.1	1.072	2.633	6.778	2.412	2.472	24.087	24.075	24.25	23.2	22.8	0.422
2025-11-25 14:00:00	-91.1885	30.404	0	24.875	22.85	97.313	101.375	2.71	164.025	0.585	171.825	0	0	1.73	0.07	0	0.372	0.367	0.235	0.386	0.357	-0.1	-0.1	-0.1	1.068	2.639	6.808	2.409	2.468	23.85	23.8	24.125	23.2	22.8	0.419
2025-11-25 15:00:00	-91.1885	30.404	0	28.062	24.975	90.302	101.425	2.855	279.05	0.88	194.925	0	0	2.692	0.308	0	0.37	0.367	0.234	0.386	0.357	-0.1	-0.1	-0.1	1.068	2.647	6.819	2.409	2.471	24.225	23.7	24.025	23.2	22.8	0.39
2025-11-25 16:00:00	-91.1885	30.404	0	27.148	24.475	87.849	101.44	2.699	263.65	0.857	244.25	0	0	3.252	0.375	0	0.368	0.367	0.233	0.386	0.357	-0.1	-0.1	-0.1	1.059	2.652	6.832	2.407	2.469	24.637	23.725	23.913	23.2	22.8	0.411
2025-11-25 17:00:00	-91.1885	30.404	0.944	24.97	22.7	92.817	101.442	2.564	149.975	1.035	262.8	20.5	1	3.678	0.205	0.009	0.375	0.367	0.233	0.386	0.357	-0.1	-0.1	-0.1	1.146	2.693	6.851	2.407	2.47	24.938	23.825	23.85	23.2	22.8	0.409
2025-11-25 18:00:00	-91.1885	30.404	0	26.53	21.825	99.151	101.375	2.595	272.375	0.425	279.65	0	0	1.372	0.018	0	0.381	0.368	0.234	0.386	0.357	-0.1	-0.1	-0.1	1.205	2.723	6.841	2.406	2.469	24.788	24	23.8	23.2	22.8	0.407
2025-11-25 19:00:00	-91.1885	30.404	0.004	28.62	23.475	97.61	101.33	2.822	323.075	0.445	144.625	0	0	1.292	0.07	0	0.382	0.368	0.235	0.386	0.357	-0.1	-0.1	-0.1	1.184	2.721	6.821	2.405	2.471	25.038	24.025	23.8	23.188	22.8	0.398
2025-11-25 20:00:00	-91.1885	30.404	0	28.868	24.85	91.782	101.31	2.882	288.125	0.527	177.45	0	0	1.518	0.252	0	0.379	0.368	0.236	0.386	0.357	-0.1	-0.1	-0.1	1.134	2.718	6.811	2.405	2.475	25.413	24.15	23.762	23.15	22.8	0.396
2025-11-25 21:00:00	-91.1885	30.404	0	26.355	25	87.568	101.315	2.774	159.85	0.432	223.125	0	0	1.285	0.388	0	0.375	0.367	0.236	0.386	0.357	-0.1	-0.1	-0.1	1.084	2.707	6.805	2.405	2.474	25.537	24.325	23.762	23.15	22.875	0.411
2025-11-25 22:00:00	-91.1885	30.404	0	22.555	23.975	87.574	101.358	2.609	31.25	0.262	176.925	0	0	0.805	0.368	0	0.373	0.367	0.236	0.386	0.356	-0.1	-0.1	-0.1	1.068	2.681	6.801	2.405	2.474	25.387	24.4	23.8	23.15	22.9	0.414
2025-11-25 23:00:00	-91.1885	30.404	0	19.773	22.15	92.381	101.408	2.465	1.5	0.258	188.925	0	0	0.603	0.202	0	0.372	0.367	0.236	0.386	0.356	-0.1	-0.1	-0.1	1.058	2.664	6.806	2.405	2.475	24.913	24.4	23.8	23.15	22.9	NA
2025-11-26 00:00:00	-91.1885	30.404	0	18.898	21.05	95.103	101.498	2.372	0	0.348	271.5	0	0	1.025	0.12	0	0.371	0.367	0.235	0.386	0.356	-0.1	-0.1	-0.1	1.052	2.66	6.813	2.406	2.475	24.288	24.25	23.8	23.125	22.9	NA
2025-11-26 01:00:00	-91.1885	30.404	0	19.845	20.875	92.27	101.59	2.274	0	0.53	281.075	0	0	1.258	0.195	0	0.371	0.367	0.234	0.386	0.356	-0.1	-0.1	-0.1	1.05	2.659	6.823	2.407	2.474	23.8	24.05	23.8	23.1	22.9	NA
2025-11-26 02:00:00	-91.1885	30.404	0	19.19	20.475	80.657	101.672	1.942	0	0.438	283.7	0	0	1.242	0.468	0	0.37	0.366	0.234	0.386	0.356	-0.1	-0.1	-0.1	1.048	2.664	6.829	2.406	2.475	23.45	23.8	23.788	23.125	22.9	NA
2025-11-26 03:00:00	-91.1885	30.404	0	16.632	19.9	78.891	101.713	1.833	0	1.128	338.375	0	0	2.857	0.492	0	0.37	0.366	0.233	0.386	0.356	-0.1	-0.1	-0.1	1.042	2.665	6.827	2.406	2.475	23.075	23.6	23.75	23.15	22.9	NA
2025-11-26 04:00:00	-91.1885	30.404	0	15.865	18.95	78.96	101.762	1.73	0	1.17	335.425	0	0	3.027	0.465	0	0.37	0.366	0.233	0.386	0.356	-0.1	-0.1	-0.1	1.034	2.668	6.837	2.406	2.475	22.538	23.4	23.7	23.15	22.9	NA
2025-11-26 05:00:00	-91.1885	30.404	0	15.678	18.425	80.162	101.8	1.699	0	1.045	335.275	0	0	2.408	0.418	0	0.37	0.366	0.232	0.386	0.356	-0.1	-0.1	-0.1	1.03	2.665	6.848	2.406	2.475	22.05	23.125	23.613	23.15	22.9	NA
2025-11-26 06:00:00	-91.1885	30.404	0	14.543	17.05	84.843	101.838	1.649	0	0.495	280.1	0	0	1.68	0.295	0	0.369	0.366	0.232	0.386	0.356	-0.1	-0.1	-0.1	1.027	2.67	6.846	2.406	2.475	21.663	22.875	23.538	23.15	22.9	NA
2025-11-26 07:00:00	-91.1885	30.404	0	14.318	16.9	84.953	101.878	1.636	0	0.752	327.9	0	0	1.755	0.292	0	0.369	0.363	0.231	0.386	0.356	-0.1	-0.1	-0.1	1.022	2.65	6.852	2.406	2.475	21.325	22.6	23.45	23.15	22.9	NA
2025-11-26 08:00:00	-91.1885	30.404	0	13.457	15.825	87.075	101.942	1.566	0	0.772	306.025	0	0	1.872	0.235	0	0.368	0.362	0.231	0.386	0.356	-0.1	-0.1	-0.1	1.024	2.644	6.848	2.406	2.477	20.975	22.35	23.35	23.15	22.9	NA
2025-11-26 09:00:00	-91.1885	30.404	0	13.608	15.8	85.769	101.97	1.54	0	1.067	330.6	0	0	2.737	0.255	0	0.366	0.362	0.23	0.386	0.356	-0.1	-0.1	-0.1	1.024	2.647	6.854	2.406	2.476	20.637	22.1	23.238	23.15	22.9	NA
2025-11-26 10:00:00	-91.1885	30.404	0	13.768	15.55	85.045	102.023	1.502	0	1.607	332.675	0	0	4.685	0.262	0	0.366	0.362	0.23	0.386	0.356	-0.1	-0.1	-0.1	1.018	2.648	6.852	2.406	2.475	20.312	21.875	23.1	23.15	22.9	NA
2025-11-26 11:00:00	-91.1885	30.404	0	13.203	14.775	86.894	102.058	1.461	0	1.49	340.2	0	0	3.263	0.22	0	0.366	0.361	0.23	0.386	0.356	-0.1	-0.1	-0.1	1.01	2.649	6.864	2.408	2.476	20.012	21.675	22.975	23.062	22.9	NA
2025-11-26 12:00:00	-91.1885	30.404	0	12.793	14.4	87.425	102.132	1.434	0	0.953	257.025	0	0	2.935	0.202	0	0.366	0.361	0.229	0.386	0.356	-0.1	-0.1	-0.1	1.004	2.648	6.864	2.407	2.477	19.738	21.45	22.863	23.05	22.9	NA
2025-11-26 13:00:00	-91.1885	30.404	0	14.312	14.55	88.136	102.202	1.46	56.3	1.668	341.767	0	0	4.412	0.195	0	0.366	0.361	0.229	0.386	0.356	-0.1	-0.1	-0.1	0.999	2.65	6.87	2.407	2.474	19.5	21.2	22.738	23.05	22.9	0.434
2025-11-26 14:00:00	-91.1885	30.404	0	16.745	15.075	90.295	102.287	1.547	176.025	1.695	99.375	0	0	5.822	0.168	0	0.365	0.361	0.229	0.386	0.356	-0.1	-0.1	-0.1	1	2.65	6.871	2.407	2.474	19.575	21.025	22.625	23	22.9	0.409
2025-11-26 15:00:00	-91.1885	30.404	0	19.312	15.575	87.51	102.378	1.548	300.35	1.782	21.275	0	0	5.105	0.222	0	0.364	0.361	0.228	0.386	0.356	-0.1	-0.1	-0.1	0.994	2.656	6.869	2.407	2.476	19.938	20.925	22.512	23	22.9	0.394
2025-11-26 16:00:00	-91.1885	30.404	0	22.587	16.625	81.984	102.395	1.551	472.775	2.038	46.925	0	0	5.902	0.342	0	0.363	0.361	0.228	0.386	0.356	-0.1	-0.1	-0.1	0.99	2.656	6.873	2.407	2.474	20.413	20.95	22.438	22.962	22.9	0.356
2025-11-26 17:00:00	-91.1885	30.404	0	24.407	17.65	73.337	102.345	1.48	486.975	2.183	42.7	0	0	5.938	0.535	0	0.362	0.361	0.228	0.386	0.356	-0.1	-0.1	-0.1	0.986	2.654	6.884	2.408	2.474	20.987	21.05	22.375	22.9	22.9	0.335
2025-11-26 18:00:00	-91.1885	30.404	0	26.582	18.775	64.974	102.262	1.408	519.925	1.88	25.05	0	0	4.94	0.758	0	0.362	0.361	0.228	0.386	0.356	-0.1	-0.1	-0.1	0.978	2.653	6.886	2.408	2.475	21.325	21.25	22.35	22.9	22.9	0.349
2025-11-26 19:00:00	-91.1885	30.404	0	26.005	19.125	57.824	102.213	1.28	441.35	1.775	94.6	0	0	4.89	0.93	0	0.361	0.36	0.227	0.386	0.356	-0.1	-0.1	-0.1	0.977	2.653	6.883	2.405	2.475	21.55	21.425	22.3	22.863	22.9	0.386
2025-11-26 20:00:00	-91.1885	30.404	0	23.038	19.175	52.719	102.235	1.171	298.9	1.582	26.65	0	0	4.947	1.045	0	0.36	0.36	0.227	0.386	0.356	-0.1	-0.1	-0.1	0.97	2.652	6.888	2.404	2.473	21.575	21.55	22.3	22.8	22.9	0.407
2025-11-26 21:00:00	-91.1885	30.404	0	18.877	19.375	46.17	102.255	1.039	168.725	1.607	119.475	0	0	5.37	1.212	0	0.36	0.36	0.227	0.386	0.356	-0.1	-0.1	-0.1	0.958	2.651	6.893	2.404	2.476	21.325	21.6	22.3	22.8	22.9	0.433
2025-11-26 22:00:00	-91.1885	30.404	0	15.595	18.35	41.891	102.282	0.884	52.725	1.505	341.725	0	0	4.237	1.225	0	0.359	0.36	0.227	0.386	0.356	-0.1	-0.1	-0.1	0.956	2.59	6.907	2.407	2.475	20.8	21.575	22.3	22.762	22.9	0.428
2025-11-26 23:00:00	-91.1885	30.404	0	12.518	16.975	37.646	102.358	0.729	3.725	1.43	342.525	0	0	3.987	1.202	0	0.359	0.359	0.226	0.386	0.356	-0.1	-0.1	-0.1	0.952	2.488	6.913	2.409	2.478	20.212	21.4	22.262	22.738	22.9	0.433
2025-11-27 00:00:00	-91.1885	30.404	0	11.453	15.55	41.126	102.41	0.726	0	1.465	337.25	0	0	4.117	1.04	0	0.359	0.359	0.226	0.386	0.356	-0.1	-0.1	-0.1	0.948	2.483	6.905	2.409	2.48	19.525	21.175	22.225	22.7	22.9	NA
2025-11-27 01:00:00	-91.1885	30.404	0	10.445	14.45	42.53	102.47	0.7	0	1.07	167.275	0	0	4.05	0.945	0	0.359	0.359	0.226	0.386	0.356	-0.1	-0.1	-0.1	0.946	2.479	6.907	2.409	2.479	18.925	20.875	22.15	22.7	22.9	NA
2025-11-27 02:00:00	-91.1885	30.404	0	10.008	13.6	40.282	102.49	0.627	0	1.482	30.65	0	0	4.775	0.932	0	0.359	0.359	0.226	0.386	0.356	-0.1	-0.1	-0.1	0.933	2.474	6.908	2.406	2.481	18.337	20.55	22.075	22.65	22.9	NA
2025-11-27 03:00:00	-91.1885	30.404	0	9.18	12.7	40.157	102.51	0.59	0	1.492	33.075	0	0	4.805	0.877	0	0.359	0.359	0.226	0.386	0.356	-0.1	-0.1	-0.1	0.925	2.474	6.899	2.407	2.48	17.762	20.25	21.962	22.65	22.9	NA
2025-11-27 04:00:00	-91.1885	30.404	0	8.253	11.35	42.671	102.54	0.573	0	1.643	43.225	0	0	5.27	0.768	0	0.359	0.359	0.226	0.386	0.356	-0.1	-0.1	-0.1	0.919	2.471	6.892	2.408	2.479	17.275	19.875	21.837	22.613	22.9	NA
2025-11-27 05:00:00	-91.1885	30.404	0	6.867	10.275	44.495	102.53	0.556	0	0.838	173.9	0	0	2.73	0.693	0	0.359	0.359	0.226	0.386	0.356	-0.1	-0.1	-0.1	0.919	2.471	6.889	2.407	2.482	16.875	19.55	21.7	22.562	22.9	NA
2025-11-27 06:00:00	-91.1885	30.404	0	6.69	9.6	46.827	102.505	0.56	0	1.068	22.75	0	0	3.37	0.637	0	0.359	0.359	0.226	0.386	0.356	-0.1	-0.1	-0.1	0.921	2.47	6.883	2.407	2.482	16.538	19.275	21.55	22.55	22.9	NA
2025-11-27 07:00:00	-91.1885	30.404	0	6.098	8.9	49.813	102.49	0.568	0	0.873	58.05	0	0	3.342	0.573	0	0.359	0.358	0.226	0.386	0.355	-0.1	-0.1	-0.1	0.914	2.467	6.88	2.407	2.482	16.212	19	21.413	22.512	22.9	NA
2025-11-27 08:00:00	-91.1885	30.404	0	5.602	8.3	51.379	102.537	0.562	0	0.79	74	0	0	2.88	0.53	0	0.36	0.358	0.226	0.386	0.355	-0.1	-0.1	-0.1	0.91	2.466	6.87	2.41	2.481	15.875	18.7	21.262	22.45	22.9	NA
2025-11-27 09:00:00	-91.1885	30.404	0	5.6	7.925	52.493	102.598	0.56	0	1.02	83.975	0	0	3.317	0.508	0	0.36	0.358	0.227	0.386	0.355	-0.1	-0.1	-0.1	0.905	2.468	6.857	2.408	2.482	15.6	18.45	21.087	22.425	22.9	NA
2025-11-27 10:00:00	-91.1885	30.404	0	7.848	7.5	54.836	102.62	0.569	0	1.005	84.2	0	0	2.905	0.467	0	0.383	0.364	0.235	0.386	0.356	-0.1	-0.1	-0.1	1.192	2.628	6.828	2.416	2.481	21.238	19.925	22.325	22.45	22.9	NA
2025-11-27 11:00:00	-91.1885	30.404	0	5.268	6.6	58.509	102.645	0.57	0	0.633	114.925	0	0	1.595	0.402	0	0.382	0.368	0.24	0.386	0.356	-0.1	-0.1	-0.1	1.053	2.607	6.682	2.423	2.485	21.213	21.5	23.263	22.725	22.9	NA
2025-11-27 12:00:00	-91.1885	30.404	0	5.09	6.775	57.984	102.705	0.572	0	0.973	92.9	0	0	2.792	0.415	0	0.378	0.371	0.24	0.386	0.356	-0.1	-0.1	-0.1	0.999	2.594	6.648	2.418	2.486	19.538	21.225	23.325	22.85	22.875	NA
2025-11-27 13:00:00	-91.1885	30.404	0	6.665	7.15	58.938	102.81	0.597	73.975	1.528	84.525	0	0	3.8	0.418	0	0.376	0.371	0.238	0.386	0.356	-0.1	-0.1	-0.1	0.978	2.599	6.668	2.414	2.487	18.288	20.7	23.05	22.9	22.8	0.403
2025-11-27 14:00:00	-91.1885	30.404	0	11.608	8.625	54.383	102.88	0.608	236.725	1.7	83.525	0	0	4.475	0.51	0	0.372	0.371	0.237	0.386	0.356	-0.1	-0.1	-0.1	0.979	2.608	6.671	2.412	2.486	17.612	20.175	22.7	22.887	22.8	0.39
2025-11-27 15:00:00	-91.1885	30.404	0	16.628	10.6	46.105	102.938	0.589	419.7	2.272	83.675	0	0	5.532	0.688	0	0.37	0.37	0.236	0.386	0.356	-0.1	-0.1	-0.1	0.978	2.62	6.681	2.411	2.482	17.637	19.725	22.4	22.85	22.8	0.374
2025-11-27 16:00:00	-91.1885	30.404	0	20.843	12.125	41.223	102.915	0.583	579.875	1.968	76.45	0	0	5.065	0.828	0	0.369	0.369	0.236	0.386	0.356	-0.1	-0.1	-0.1	0.975	2.633	6.687	2.408	2.481	17.963	19.525	22.137	22.8	22.8	0.333
2025-11-27 17:00:00	-91.1885	30.404	0	24.055	13.6	39.256	102.868	0.611	655.5	1.81	87.7	0	0	4.197	0.95	0	0.368	0.368	0.236	0.386	0.356	-0.1	-0.1	-0.1	0.972	2.648	6.695	2.406	2.483	18.475	19.425	21.888	22.712	22.8	0.289
2025-11-27 18:00:00	-91.1885	30.404	0	26.722	15.25	35.669	102.805	0.618	655.35	1.5	256.7	0	0	4.068	1.112	0	0.366	0.367	0.235	0.386	0.356	-0.1	-0.1	-0.1	0.968	2.656	6.695	2.406	2.484	18.95	19.55	21.688	22.65	22.8	0.323
2025-11-27 19:00:00	-91.1885	30.404	0	26.157	16.1	33.167	102.74	0.607	583.575	1.708	319.325	0	0	4.148	1.218	0	0.364	0.366	0.235	0.386	0.355	-0.1	-0.1	-0.1	0.977	2.652	6.701	2.405	2.483	19.35	19.65	21.55	22.575	22.8	0.376
2025-11-27 20:00:00	-91.1885	30.404	0	23.303	16.475	31.267	102.7	0.586	444.8	1.645	317.325	0	0	3.7	1.29	0	0.363	0.363	0.235	0.386	0.355	-0.1	-0.1	-0.1	0.969	2.642	6.71	2.404	2.484	19.587	19.825	21.45	22.5	22.8	0.396
2025-11-27 21:00:00	-91.1885	30.404	0	15.03	16.525	29.694	102.702	0.558	183.25	1.488	336.1	0	0	3.518	1.322	0	0.362	0.363	0.234	0.386	0.355	-0.1	-0.1	-0.1	0.954	2.64	6.723	2.404	2.484	19.375	19.9	21.362	22.438	22.8	0.452
2025-11-27 22:00:00	-91.1885	30.404	0	12.033	15.775	30.727	102.705	0.55	22.275	1.415	338.525	0	0	3.685	1.242	0	0.361	0.362	0.234	0.386	0.355	-0.1	-0.1	-0.1	0.942	2.64	6.721	2.405	2.485	18.75	19.85	21.287	22.35	22.8	0.48
2025-11-27 23:00:00	-91.1885	30.404	0	8.745	14.175	33.597	102.732	0.543	1.775	0.565	300.875	0	0	1.985	1.072	0	0.36	0.362	0.234	0.386	0.355	-0.1	-0.1	-0.1	0.935	2.638	6.726	2.405	2.485	18.125	19.675	21.2	22.287	22.8	NA
2025-11-28 00:00:00	-91.1885	30.404	0	7.508	13.15	34.832	102.795	0.526	0	0.482	174.325	0	0	2.243	0.988	0	0.36	0.361	0.233	0.386	0.355	-0.1	-0.1	-0.1	0.933	2.636	6.735	2.405	2.486	17.6	19.425	21.137	22.225	22.8	NA
2025-11-28 01:00:00	-91.1885	30.404	0	7.005	12.175	38.086	102.832	0.54	0	0.705	247.25	0	0	2.292	0.878	0	0.36	0.361	0.233	0.386	0.355	-0.1	-0.1	-0.1	0.93	2.638	6.746	2.399	2.486	17.125	19.125	21.025	22.188	22.8	NA
2025-11-28 02:00:00	-91.1885	30.404	0	6.992	11.625	37.659	102.838	0.515	0	0.97	185.2	0	0	3.06	0.847	0	0.36	0.36	0.232	0.386	0.355	-0.1	-0.1	-0.1	0.923	2.636	6.75	2.404	2.487	16.675	18.875	20.925	22.1	22.8	NA
2025-11-28 03:00:00	-91.1885	30.404	0	7.037	10.825	40.085	102.86	0.52	0	1.38	74.25	0	0	5.018	0.775	0	0.36	0.36	0.232	0.386	0.355	-0.1	-0.1	-0.1	0.913	2.5	6.752	2.402	2.487	16.212	18.6	20.788	22.05	22.8	NA
2025-11-28 04:00:00	-91.1885	30.404	0	6.53	9.8	43.598	102.895	0.528	0	1.218	67.825	0	0	3.84	0.68	0	0.36	0.359	0.232	0.386	0.355	-0.1	-0.1	-0.1	0.903	2.468	6.753	2.402	2.486	15.75	18.325	20.65	22	22.8	NA
2025-11-28 05:00:00	-91.1885	30.404	0	6.07	8.925	48.643	102.905	0.556	0	1.17	80.4	0	0	3.46	0.588	0	0.36	0.359	0.231	0.386	0.355	-0.1	-0.1	-0.1	0.897	2.467	6.755	2.402	2.485	15.35	18	20.525	21.938	22.725	NA
2025-11-28 06:00:00	-91.1885	30.404	0	5.968	8.325	52.233	102.922	0.573	0	1.475	81.525	0	0	3.893	0.525	0	0.36	0.359	0.231	0.386	0.355	-0.1	-0.1	-0.1	0.891	2.455	6.756	2.402	2.488	14.95	17.725	20.387	21.887	22.7	NA
2025-11-28 07:00:00	-91.1885	30.404	0	5.25	7.85	54.811	102.9	0.582	0	0.965	84.85	0	0	2.678	0.48	0	0.361	0.359	0.231	0.386	0.355	-0.1	-0.1	-0.1	0.889	2.449	6.758	2.402	2.489	14.65	17.475	20.212	21.825	22.7	NA
2025-11-28 08:00:00	-91.1885	30.404	0	4.867	7.425	57.449	102.912	0.593	0	0.995	87.275	0	0	2.348	0.44	0	0.361	0.359	0.23	0.386	0.355	-0.1	-0.1	-0.1	0.885	2.444	6.762	2.4	2.489	14.425	17.225	20.062	21.775	22.7	NA
2025-11-28 09:00:00	-91.1885	30.404	0	4.402	6.8	60.115	102.912	0.594	0	1.025	90	0	0	2.325	0.392	0	0.361	0.359	0.23	0.386	0.355	-0.1	-0.1	-0.1	0.883	2.439	6.758	2.399	2.489	14.213	17	19.938	21.713	22.7	NA
2025-11-28 10:00:00	-91.1885	30.404	0	7.108	6.225	63.181	102.898	0.6	0	1.305	87.85	0	0	2.933	0.35	0	0.382	0.365	0.237	0.387	0.355	-0.1	-0.1	-0.1	1.212	2.639	6.735	2.406	2.489	20.2	18.75	21.363	21.7	22.7	NA
2025-11-28 11:00:00	-91.1885	30.404	0	4.888	5.7	66.221	102.898	0.607	0	1.458	86.45	0	0	3.527	0.308	0	0.38	0.368	0.24	0.387	0.355	-0.1	-0.1	-0.1	1.031	2.602	6.608	2.414	2.489	20.137	20.375	22.438	22.075	22.65	NA
2025-11-28 12:00:00	-91.1885	30.404	0	4.287	5.675	63.731	102.972	0.583	0	1.552	83.425	0	0	3.242	0.33	0	0.38	0.37	0.241	0.387	0.355	-0.1	-0.1	-0.1	0.996	2.61	6.563	2.407	2.491	18.062	20.05	22.525	22.288	22.6	NA
2025-11-28 13:00:00	-91.1885	30.404	0	5.578	5.775	64.026	103.04	0.589	78.175	1.79	81.475	0	0	4.165	0.328	0	0.379	0.371	0.24	0.387	0.355	-0.1	-0.1	-0.1	0.973	2.616	6.574	2.405	2.494	16.725	19.45	22.238	22.3	22.6	0.412
2025-11-28 14:00:00	-91.1885	30.404	0	8.887	7.025	57.316	103.102	0.575	206.525	2.085	84.425	0	0	5.478	0.428	0	0.374	0.371	0.24	0.387	0.355	-0.1	-0.1	-0.1	0.975	2.63	6.596	2.402	2.49	16.05	18.825	21.912	22.262	22.6	0.392
2025-11-28 15:00:00	-91.1885	30.404	0	14.215	8.875	48.813	103.15	0.555	405.225	2.428	82.6	0	0	5.435	0.585	0	0.371	0.37	0.239	0.387	0.355	-0.1	-0.1	-0.1	0.98	2.644	6.61	2.403	2.49	16.012	18.4	21.512	22.188	22.6	0.368
2025-11-28 16:00:00	-91.1885	30.404	0	19.49	10.95	41.28	103.17	0.54	539.45	2.007	94.4	0	0	4.888	0.767	0	0.37	0.37	0.238	0.387	0.355	-0.1	-0.1	-0.1	0.979	2.66	6.619	2.399	2.489	16.35	18.15	21.163	22.125	22.6	0.326
2025-11-28 17:00:00	-91.1885	30.404	0	22.472	12.825	37.061	103.092	0.548	654.725	2.237	94.25	0	0	5.05	0.932	0	0.368	0.369	0.238	0.387	0.355	-0.1	-0.1	-0.1	0.979	2.678	6.623	2.399	2.489	17.025	18.125	20.875	22.05	22.6	0.276
2025-11-28 18:00:00	-91.1885	30.404	0	22.69	13.6	34.823	102.963	0.542	637.05	2.602	97.525	0	0	5.73	1.015	0	0.367	0.368	0.237	0.387	0.355	-0.1	-0.1	-0.1	0.963	2.691	6.633	2.395	2.49	17.275	18.225	20.675	21.95	22.6	0.323
2025-11-28 19:00:00	-91.1885	30.404	0	23.372	14.3	34.033	102.81	0.555	583.85	2.155	93.875	0	0	5.013	1.072	0	0.366	0.365	0.237	0.387	0.355	-0.1	-0.1	-0.1	0.96	2.678	6.642	2.394	2.491	17.312	18.3	20.512	21.862	22.6	0.372
2025-11-28 20:00:00	-91.1885	30.404	0	21.238	14.5	33.249	102.735	0.549	446.425	1.952	91.125	0	0	4.36	1.1	0	0.364	0.364	0.236	0.387	0.355	-0.1	-0.1	-0.1	0.953	2.685	6.649	2.394	2.491	17.325	18.3	20.362	21.8	22.6	0.392
2025-11-28 21:00:00	-91.1885	30.404	0	13.308	14.45	31.909	102.678	0.525	169	1.88	96.425	0	0	4.705	1.12	0	0.363	0.363	0.236	0.387	0.354	-0.1	-0.1	-0.1	0.939	2.685	6.66	2.39	2.493	17.075	18.3	20.25	21.7	22.525	0.458
2025-11-28 22:00:00	-91.1885	30.404	0	10.248	13.85	32.209	102.67	0.51	22.325	1.488	98.175	0	0	3.548	1.07	0	0.362	0.362	0.236	0.387	0.354	-0.1	-0.1	-0.1	0.924	2.687	6.664	2.388	2.49	16.525	18.225	20.137	21.625	22.5	0.473
2025-11-28 23:00:00	-91.1885	30.404	0	7.39	12.525	34.811	102.692	0.505	1.025	0.835	99.075	0	0	2.05	0.948	0	0.362	0.362	0.235	0.387	0.354	-0.1	-0.1	-0.1	0.921	2.688	6.675	2.39	2.488	16.075	18.05	20.012	21.55	22.5	NA
2025-11-29 00:00:00	-91.1885	30.404	0	7.315	11.4	39.541	102.702	0.533	0	0.79	121.525	0	0	2.045	0.812	0	0.362	0.361	0.234	0.387	0.354	-0.1	-0.1	-0.1	0.921	2.685	6.687	2.386	2.489	15.775	17.85	19.912	21.463	22.5	NA
2025-11-29 01:00:00	-91.1885	30.404	0	8.98	11.55	40.912	102.697	0.557	0	1.525	91.3	0	0	3.18	0.805	0	0.362	0.36	0.234	0.387	0.354	-0.1	-0.1	-0.1	0.919	2.566	6.683	2.386	2.492	15.575	17.625	19.812	21.4	22.5	NA
2025-11-29 02:00:00	-91.1885	30.404	0	9.162	11.1	42.744	102.675	0.565	0	1.915	96	0	0	4.37	0.758	0	0.362	0.36	0.234	0.387	0.354	-0.1	-0.1	-0.1	0.912	2.453	6.694	2.386	2.489	15.262	17.4	19.7	21.338	22.475	NA
2025-11-29 03:00:00	-91.1885	30.404	0	9.093	10.8	43.405	102.655	0.562	0	1.848	116.475	0	0	3.975	0.732	0	0.361	0.359	0.233	0.387	0.354	-0.1	-0.1	-0.1	0.909	2.444	6.702	2.388	2.49	14.938	17.2	19.587	21.25	22.4	NA
2025-11-29 04:00:00	-91.1885	30.404	0	7.41	10.125	45.189	102.63	0.56	0	1.445	125.05	0	0	3.1	0.677	0	0.361	0.359	0.232	0.387	0.354	-0.1	-0.1	-0.1	0.908	2.445	6.697	2.385	2.492	14.7	17	19.475	21.188	22.4	NA
2025-11-29 05:00:00	-91.1885	30.404	0	7.358	9.8	45.042	102.532	0.546	0	1.808	123.275	0	0	4.263	0.665	0	0.361	0.359	0.232	0.387	0.354	-0.1	-0.1	-0.1	0.902	2.441	6.712	2.385	2.491	14.425	16.8	19.325	21.125	22.4	NA
2025-11-29 06:00:00	-91.1885	30.404	0	5.997	9.05	49.29	102.477	0.568	0	1.405	126.95	0	0	3.11	0.585	0	0.361	0.359	0.232	0.387	0.354	-0.1	-0.1	-0.1	0.9	2.436	6.706	2.38	2.493	14.062	16.6	19.2	21.062	22.4	NA
2025-11-29 07:00:00	-91.1885	30.404	0	4.695	7.9	55.461	102.415	0.591	0	0.945	127.025	0	0	2.112	0.473	0	0.361	0.359	0.231	0.387	0.354	-0.1	-0.1	-0.1	0.897	2.434	6.713	2.385	2.492	13.838	16.4	19.088	21	22.35	NA
2025-11-29 08:00:00	-91.1885	30.404	0	3.785	6.825	60.927	102.32	0.603	0	0.647	117.55	0	0	1.892	0.39	0	0.361	0.359	0.231	0.387	0.354	-0.1	-0.1	-0.1	0.9	2.438	6.71	2.386	2.49	13.662	16.2	18.962	20.913	22.3	NA
2025-11-29 09:00:00	-91.1885	30.404	0	4.048	6.35	64.539	102.238	0.618	0	1.01	127.775	0	0	1.943	0.34	0	0.361	0.359	0.231	0.387	0.354	-0.1	-0.1	-0.1	0.899	2.437	6.714	2.382	2.487	13.537	16.025	18.837	20.875	22.3	NA
2025-11-29 10:00:00	-91.1885	30.404	0	7.293	6.3	66.093	102.17	0.631	0	0.682	119.95	0	0	1.87	0.325	0	0.382	0.366	0.24	0.387	0.354	-0.1	-0.1	-0.1	1.178	2.598	6.617	2.391	2.49	18.938	17.75	20.337	20.863	22.3	NA
2025-11-29 11:00:00	-91.1885	30.404	0	5.482	6.425	66.774	102.222	0.643	0	0.595	107.325	0	0	1.723	0.318	0	0.383	0.37	0.248	0.387	0.354	-0.1	-0.1	-0.1	1.018	2.586	6.446	2.393	2.496	19.212	19.25	21.312	21.188	22.25	NA
2025-11-29 12:00:00	-91.1885	30.404	0	6.608	6.575	67.11	102.245	0.653	0	1.208	86.375	0	0	3.13	0.318	0	0.383	0.373	0.247	0.387	0.354	-0.1	-0.1	-0.1	0.996	2.575	6.432	2.389	2.494	17.462	18.9	21.325	21.312	22.2	NA
2025-11-29 13:00:00	-91.1885	30.404	0	7.612	7.325	66.88	102.33	0.685	29.825	0.978	83.5	0	0	2.942	0.338	0	0.377	0.373	0.244	0.387	0.354	-0.1	-0.1	-0.1	0.982	2.588	6.472	2.386	2.491	16.275	18.375	21.038	21.35	22.2	0.422
2025-11-29 14:00:00	-91.1885	30.404	0	10.91	8.45	69.797	102.338	0.773	178.3	1.672	89.4	0	0	3.852	0.335	0	0.374	0.373	0.242	0.387	0.354	-0.1	-0.1	-0.1	0.971	2.602	6.511	2.384	2.493	15.75	17.95	20.738	21.325	22.2	0.396
2025-11-29 15:00:00	-91.1885	30.404	0	16.065	11.25	67.738	102.342	0.904	336.725	2.407	94.175	0	0	5.125	0.43	0	0.37	0.373	0.241	0.387	0.354	-0.1	-0.1	-0.1	0.979	2.618	6.543	2.384	2.492	15.913	17.6	20.425	21.275	22.2	0.372
2025-11-29 16:00:00	-91.1885	30.404	0	20.542	14.175	64.284	102.287	1.039	420.85	2.065	109	0	0	4.213	0.578	0	0.369	0.372	0.24	0.387	0.354	-0.1	-0.1	-0.1	0.978	2.633	6.561	2.383	2.492	16.562	17.5	20.175	21.225	22.2	0.36
2025-11-29 17:00:00	-91.1885	30.404	0	23.503	16.375	62.003	102.192	1.155	476.025	2.092	114.925	0	0	4.685	0.708	0	0.368	0.372	0.239	0.387	0.354	-0.1	-0.1	-0.1	0.976	2.647	6.581	2.377	2.494	17.225	17.575	19.95	21.175	22.125	0.348
2025-11-29 18:00:00	-91.1885	30.404	0	22.332	17.8	60.443	102.053	1.232	319.2	2.06	121.25	0	0	4.522	0.802	0	0.366	0.372	0.238	0.387	0.354	-0.1	-0.1	-0.1	0.968	2.661	6.586	2.377	2.493	17.8	17.8	19.8	21.1	22.1	0.372
2025-11-29 19:00:00	-91.1885	30.404	0	23.113	18.875	60.483	101.95	1.319	297.725	1.84	118.45	0	0	4.425	0.86	0	0.366	0.371	0.238	0.387	0.354	-0.1	-0.1	-0.1	0.964	2.669	6.599	2.376	2.49	18.1	17.975	19.688	21.025	22.1	0.388
2025-11-29 20:00:00	-91.1885	30.404	0	24.08	19.8	59.892	101.892	1.384	328.425	1.948	114.625	0	0	4.47	0.922	0	0.365	0.368	0.237	0.387	0.354	-0.1	-0.1	-0.1	0.959	2.659	6.604	2.373	2.493	18.375	18.15	19.625	20.963	22.1	0.384
2025-11-29 21:00:00	-91.1885	30.404	0	21.258	20.825	56.839	101.848	1.399	144.85	1.522	128.425	0	0	4.148	1.065	0	0.364	0.367	0.237	0.387	0.354	-0.1	-0.1	-0.1	0.959	2.657	6.614	2.377	2.492	18.575	18.325	19.55	20.875	22.1	0.402
2025-11-29 22:00:00	-91.1885	30.404	0	19.042	20.275	57.967	101.875	1.378	33	1.32	125.2	0	0	4.19	1.002	0	0.363	0.366	0.236	0.387	0.354	-0.1	-0.1	-0.1	0.952	2.663	6.622	2.375	2.49	18.488	18.425	19.55	20.837	22.1	0.39
2025-11-29 23:00:00	-91.1885	30.404	0	16.395	19.1	62.441	101.915	1.38	0	0.92	122.15	0	0	2.067	0.83	0	0.362	0.363	0.236	0.387	0.354	-0.1	-0.1	-0.1	0.951	2.686	6.636	2.375	2.49	18.288	18.5	19.537	20.75	22.025	NA
2025-11-30 00:00:00	-91.1885	30.404	0	15.407	18.225	66.174	101.96	1.385	0	1.29	130.375	0	0	3.078	0.705	0	0.362	0.363	0.236	0.387	0.354	-0.1	-0.1	-0.1	0.943	2.688	6.651	2.374	2.492	18.038	18.45	19.5	20.738	22	NA
2025-11-30 01:00:00	-91.1885	30.404	0	15.225	17.775	67.778	101.978	1.379	0	1.698	128.2	0	0	4	0.655	0	0.362	0.362	0.235	0.387	0.354	-0.1	-0.1	-0.1	0.938	2.687	6.657	2.372	2.49	17.738	18.375	19.5	20.65	22	NA
2025-11-30 02:00:00	-91.1885	30.404	0	14.51	17.125	69.576	101.988	1.359	0	1.562	131.9	0	0	3.41	0.593	0	0.362	0.362	0.235	0.387	0.354	-0.1	-0.1	-0.1	0.934	2.685	6.651	2.375	2.49	17.488	18.25	19.462	20.65	22	NA
2025-11-30 03:00:00	-91.1885	30.404	0	14.01	16.2	73.992	101.978	1.362	0	1.632	131.775	0	0	3.67	0.478	0	0.361	0.362	0.235	0.387	0.354	-0.1	-0.1	-0.1	0.929	2.688	6.656	2.374	2.49	17.262	18.15	19.438	20.575	22	NA
2025-11-30 04:00:00	-91.1885	30.404	0	13.12	15.4	76.94	101.975	1.346	0	1.38	127.45	0	0	2.955	0.405	0	0.361	0.361	0.234	0.387	0.354	-0.1	-0.1	-0.1	0.927	2.688	6.665	2.372	2.491	17.025	18.025	19.35	20.55	21.925	NA
2025-11-30 05:00:00	-91.1885	30.404	0	12.895	15.225	77.823	101.948	1.346	0	1.335	126.475	0	0	2.832	0.385	0	0.361	0.361	0.234	0.387	0.354	-0.1	-0.1	-0.1	0.923	2.68	6.668	2.372	2.491	16.8	17.875	19.312	20.55	21.9	NA
2025-11-30 06:00:00	-91.1885	30.404	0	12.948	15.075	79.498	101.928	1.362	0	1.125	129.075	0	0	2.422	0.352	0	0.361	0.361	0.234	0.387	0.354	-0.1	-0.1	-0.1	0.923	2.687	6.675	2.372	2.491	16.65	17.775	19.238	20.512	21.9	NA
2025-11-30 07:00:00	-91.1885	30.404	0	12.497	14.75	81.596	101.865	1.369	0	0.945	126.45	0	0	2.375	0.308	0	0.361	0.361	0.233	0.387	0.354	-0.1	-0.1	-0.1	0.923	2.665	6.675	2.369	2.491	16.55	17.675	19.2	20.45	21.9	NA
2025-11-30 08:00:00	-91.1885	30.404	0	12.58	14.55	83.559	101.805	1.384	0	1.02	127.075	0	0	2.225	0.27	0	0.361	0.36	0.233	0.387	0.354	-0.1	-0.1	-0.1	0.923	2.467	6.678	2.366	2.49	16.45	17.575	19.125	20.45	21.9	NA
2025-11-30 09:00:00	-91.1885	30.404	0	13.537	15.025	84.649	101.778	1.446	0	1.352	125.05	0	0	2.902	0.258	0	0.361	0.36	0.233	0.387	0.354	-0.1	-0.1	-0.1	0.921	2.469	6.681	2.369	2.491	16.4	17.475	19.088	20.425	21.8	NA
2025-11-30 10:00:00	-91.1885	30.404	0	15.797	15.025	86.106	101.775	1.471	0	0.993	125.025	0	0	2.35	0.232	0	0.38	0.366	0.238	0.388	0.354	-0.1	-0.1	-0.1	1.196	2.62	6.643	2.375	2.492	20.65	18.875	20.638	20.462	21.8	NA
2025-11-30 11:00:00	-91.1885	30.404	0	14.863	15	87.152	101.815	1.486	0	0.885	105.075	0	0	2.065	0.218	0	0.382	0.369	0.244	0.388	0.354	-0.1	-0.1	-0.1	1.052	2.617	6.485	2.378	2.491	20.863	20.25	21.625	20.8	21.8	NA
2025-11-30 12:00:00	-91.1885	30.404	0	15.183	15.375	87.035	101.892	1.52	0	1.16	96.45	0	0	2.48	0.225	0	0.379	0.369	0.246	0.388	0.354	-0.1	-0.1	-0.1	1.01	2.623	6.452	2.377	2.493	19.788	20.1	21.65	20.962	21.8	NA
2025-11-30 13:00:00	-91.1885	30.404	0.765	15.438	15.15	91.428	102.058	1.574	1	1.31	339.525	0	0	3.63	0.15	0.022	0.378	0.369	0.246	0.388	0.354	-0.1	-0.1	-0.1	1.042	2.637	6.454	2.373	2.491	19.125	19.8	21.413	21	21.8	NA
2025-11-30 14:00:00	-91.1885	30.404	1.058	15.68	14.725	96.816	102.14	1.622	12.3	0.95	272.825	0	0	2.573	0.053	0.01	0.384	0.37	0.248	0.388	0.354	-0.1	-0.1	-0.1	1.125	2.678	6.449	2.371	2.49	18.275	19.225	20.962	20.988	21.8	0.449
2025-11-30 15:00:00	-91.1885	30.404	1.171	16.008	14.975	98.112	102.155	1.671	23.3	1.057	89.725	0	0	2.53	0.03	0.004	0.386	0.37	0.25	0.388	0.355	-0.1	-0.1	-0.1	1.042	2.669	6.422	2.368	2.49	17.55	18.55	20.25	20.913	21.8	0.441
2025-11-30 16:00:00	-91.1885	30.404	0.557	16.363	15.15	99.209	102.122	1.708	61.45	2.022	88.95	0	0	5.06	0.013	0.002	0.388	0.37	0.254	0.388	0.355	-0.1	-0.1	-0.1	0.98	2.677	6.39	2.363	2.496	17.338	18.2	19.712	20.75	21.775	0.437
2025-11-30 17:00:00	-91.1885	30.404	0.157	18.045	15.375	99.623	102.042	1.74	165	1.705	87.575	0	0	4.133	0.005	0.001	0.388	0.369	0.256	0.388	0.355	-0.1	-0.1	-0.1	0.964	2.695	6.352	2.361	2.496	17.438	17.95	19.375	20.587	21.7	0.442
2025-11-30 18:00:00	-91.1885	30.404	0.051	17.727	15.65	98.576	102.042	1.754	107.025	1.812	329.025	0	0	4.285	0.022	0	0.388	0.369	0.258	0.388	0.355	-0.1	-0.1	-0.1	0.958	2.702	6.335	2.36	2.495	17.875	17.975	19.213	20.463	21.7	0.439
2025-11-30 19:00:00	-91.1885	30.404	0.004	18.308	14.75	99.242	101.968	1.666	195.175	1.62	36.2	0	0	4.28	0.013	0	0.388	0.368	0.259	0.388	0.355	-0.1	-0.1	-0.1	0.96	2.704	6.312	2.352	2.495	18.163	18.075	19.15	20.375	21.7	0.438
2025-11-30 20:00:00	-91.1885	30.404	0	17.812	15.05	97.017	101.945	1.66	143.15	1.6	51.175	0	0	4.442	0.05	0	0.388	0.368	0.259	0.388	0.355	-0.1	-0.1	-0.1	0.957	2.704	6.313	2.353	2.498	18.35	18.225	19.137	20.312	21.7	0.435
2025-11-30 21:00:00	-91.1885	30.404	0	16.288	14.925	95.132	101.955	1.615	39.575	1.522	93.325	0	0	4.207	0.08	0	0.388	0.368	0.258	0.388	0.355	-0.1	-0.1	-0.1	0.889	2.696	6.312	2.35	2.497	18.35	18.325	19.15	20.288	21.7	0.441
2025-11-30 22:00:00	-91.1885	30.404	0	14.32	13.15	96.661	101.977	1.462	10.225	2.13	185.5	0	0	5.44	0.048	0	0.388	0.368	0.257	0.388	0.355	-0.1	-0.1	-0.1	0.869	2.669	6.316	2.35	2.493	18.062	18.375	19.175	20.25	21.7	0.481
2025-11-30 23:00:00	-91.1885	30.404	0	13.37	12.225	96.969	102.053	1.381	0	1.86	175.9	0	0	5.562	0.04	0	0.387	0.368	0.255	0.388	0.355	-0.1	-0.1	-0.1	0.865	2.657	6.339	2.348	2.491	17.625	18.275	19.2	20.212	21.675	NA
2025-12-01 00:00:00	-91.1885	30.404	0	11.873	10.3	98.39	102.167	1.233	0	1.605	264.925	0	0	4.35	0.02	0	0.382	0.368	0.253	0.388	0.355	-0.1	-0.1	-0.1	0.858	2.654	6.358	2.345	2.495	17.225	18.15	19.225	20.2	21.6	NA
2025-12-01 01:00:00	-91.1885	30.404	0	10.838	9.1	97.65	102.238	1.129	0	1.468	184.675	0	0	4.59	0.028	0	0.38	0.368	0.252	0.388	0.355	-0.1	-0.1	-0.1	0.852	2.655	6.369	2.346	2.493	16.788	17.975	19.162	20.175	21.6	NA
2025-12-01 02:00:00	-91.1885	30.404	0	10.412	8.725	95.879	102.235	1.08	0	1.32	30.725	0	0	3.925	0.045	0	0.378	0.368	0.251	0.388	0.355	-0.1	-0.1	-0.1	0.849	2.659	6.39	2.346	2.494	16.312	17.775	19.113	20.15	21.6	NA
2025-12-01 03:00:00	-91.1885	30.404	0	10.055	8.525	95.25	102.248	1.059	0	1.482	118.225	0	0	4.49	0.05	0	0.376	0.368	0.25	0.388	0.355	-0.1	-0.1	-0.1	0.846	2.661	6.399	2.344	2.494	15.913	17.55	19.062	20.15	21.6	NA
2025-12-01 04:00:00	-91.1885	30.404	0	9.7	8.2	94.3	102.268	1.026	0	1.383	22	0	0	4.12	0.06	0	0.376	0.367	0.249	0.388	0.355	-0.1	-0.1	-0.1	0.839	2.664	6.412	2.343	2.494	15.55	17.3	18.962	20.15	21.6	NA
2025-12-01 05:00:00	-91.1885	30.404	0	9.428	8	93.193	102.257	1	0	1.38	59.025	0	0	4.308	0.07	0	0.375	0.367	0.248	0.388	0.355	-0.1	-0.1	-0.1	0.837	2.664	6.413	2.34	2.494	15.238	17.1	18.9	20.125	21.575	NA
2025-12-01 06:00:00	-91.1885	30.404	0	9.465	7.9	93.15	102.262	0.992	0	1.06	36.35	0	0	3.395	0.073	0	0.375	0.367	0.247	0.388	0.355	-0.1	-0.1	-0.1	0.835	2.666	6.432	2.337	2.494	14.95	16.875	18.8	20.1	21.5	NA
2025-12-01 07:00:00	-91.1885	30.404	0	9.343	7.9	92.915	102.232	0.99	0	1.277	49.9	0	0	3.87	0.075	0	0.374	0.367	0.246	0.388	0.355	-0.1	-0.1	-0.1	0.831	2.666	6.437	2.337	2.492	14.775	16.675	18.713	20.05	21.5	NA
2025-12-01 08:00:00	-91.1885	30.404	0	9.383	7.95	92.95	102.133	0.994	0	1.148	64.325	0	0	3.718	0.075	0	0.374	0.367	0.245	0.388	0.355	-0.1	-0.1	-0.1	0.831	2.668	6.437	2.338	2.492	14.6	16.525	18.613	20.05	21.5	NA
2025-12-01 09:00:00	-91.1885	30.404	0	9.467	8.05	93.458	102.062	1.006	0	1.24	76.75	0	0	3.935	0.073	0	0.374	0.365	0.245	0.388	0.355	-0.1	-0.1	-0.1	0.829	2.653	6.451	2.335	2.493	14.438	16.35	18.512	20.012	21.5	NA
2025-12-01 10:00:00	-91.1885	30.404	0	9.565	8.375	93.21	102.048	1.026	0	1.41	72.675	0	0	4.39	0.073	0	0.371	0.364	0.244	0.388	0.355	-0.1	-0.1	-0.1	0.833	2.646	6.451	2.331	2.493	14.288	16.225	18.413	20	21.5	NA
2025-12-01 11:00:00	-91.1885	30.404	0	9.488	8.625	92.893	102.025	1.04	0	1.513	79.55	0	0	4.32	0.08	0	0.37	0.363	0.243	0.388	0.355	-0.1	-0.1	-0.1	0.835	2.643	6.46	2.329	2.496	14.175	16.05	18.312	19.95	21.5	NA
2025-12-01 12:00:00	-91.1885	30.404	0	9.572	8.7	93.556	102.007	1.052	0	1.495	86.35	0	0	3.757	0.07	0	0.369	0.362	0.243	0.388	0.355	-0.1	-0.1	-0.1	0.835	2.56	6.465	2.331	2.494	14.05	15.95	18.212	19.9	21.45	NA
2025-12-01 13:00:00	-91.1885	30.404	0	9.633	8.675	93.18	101.982	1.046	20.25	1.757	88.2	0	0	4.298	0.075	0	0.369	0.362	0.242	0.388	0.355	-0.1	-0.1	-0.1	0.832	2.454	6.468	2.327	2.492	13.95	15.825	18.125	19.9	21.4	0.447
2025-12-01 14:00:00	-91.1885	30.404	0	13.142	9.125	95.529	101.993	1.106	201.375	1.67	90.45	0	0	4.265	0.052	0	0.368	0.362	0.242	0.389	0.355	-0.1	-0.1	-0.1	0.837	2.448	6.479	2.327	2.493	14.037	15.7	18.037	19.812	21.4	0.396
2025-12-01 15:00:00	-91.1885	30.404	0	14.54	10.15	91.376	101.975	1.133	205.975	1.683	99.9	0	0	3.843	0.105	0	0.367	0.362	0.241	0.389	0.355	-0.1	-0.1	-0.1	0.841	2.446	6.488	2.323	2.496	14.725	15.725	18	19.8	21.4	0.398
2025-12-01 16:00:00	-91.1885	30.404	0	14.853	11.1	88.831	101.938	1.174	170.675	1.848	106.3	0	0	3.788	0.148	0	0.367	0.361	0.241	0.389	0.355	-0.1	-0.1	-0.1	0.843	2.446	6.493	2.321	2.494	15.088	15.875	17.962	19.8	21.4	0.405
2025-12-01 17:00:00	-91.1885	30.404	0	16.938	12	89.09	101.832	1.25	219.2	1.708	102.25	0	0	4.22	0.152	0	0.366	0.361	0.24	0.389	0.355	-0.1	-0.1	-0.1	0.847	2.445	6.497	2.321	2.491	15.35	16	17.95	19.7	21.4	0.408
2025-12-01 18:00:00	-91.1885	30.404	0	18.115	12.725	88.638	101.735	1.304	203.8	1.06	101.725	0	0	2.852	0.162	0	0.365	0.361	0.24	0.389	0.355	-0.1	-0.1	-0.1	0.849	2.444	6.5	2.322	2.492	15.812	16.15	17.938	19.7	21.4	0.406
2025-12-01 19:00:00	-91.1885	30.404	0	19.317	13.275	87.879	101.628	1.34	218.8	0.955	64.4	0	0	2.718	0.185	0	0.365	0.361	0.24	0.389	0.355	-0.1	-0.1	-0.1	0.856	2.444	6.505	2.321	2.493	16.325	16.375	17.9	19.7	21.3	0.405
2025-12-01 20:00:00	-91.1885	30.404	0	17.905	13.925	84.594	101.562	1.346	128.05	1.27	334.175	0	0	2.66	0.242	0	0.364	0.361	0.239	0.389	0.355	-0.1	-0.1	-0.1	0.861	2.446	6.511	2.317	2.492	16.775	16.625	17.962	19.613	21.3	0.406
2025-12-01 21:00:00	-91.1885	30.404	0	15.775	14	84.183	101.53	1.346	48	1.34	318.35	0	0	2.938	0.252	0	0.364	0.361	0.239	0.389	0.355	-0.1	-0.1	-0.1	0.865	2.448	6.524	2.318	2.494	16.95	16.85	18	19.6	21.3	0.412
2025-12-01 22:00:00	-91.1885	30.404	0.583	13.7	12.75	89.882	101.565	1.324	7.2	0.915	249.675	0	0	2.322	0.145	0.007	0.367	0.361	0.238	0.389	0.355	-0.1	-0.1	-0.1	0.875	2.451	6.54	2.317	2.492	16.8	16.975	18.025	19.6	21.3	0.422
2025-12-01 23:00:00	-91.1885	30.404	0.306	13.7	12.525	94.644	101.477	1.374	0	0.973	107.5	0	0	2.795	0.078	0.003	0.383	0.367	0.24	0.389	0.355	-0.1	-0.1	-0.1	1.033	2.525	6.542	2.316	2.488	16.5	16.975	18.05	19.6	21.3	NA
2025-12-02 00:00:00	-91.1885	30.404	0.115	13.648	12.85	96.685	101.325	1.434	0	1.255	115.75	0	0	2.913	0.048	0.001	0.384	0.369	0.242	0.389	0.355	-0.1	-0.1	-0.1	1.087	2.573	6.516	2.316	2.488	16.188	16.875	18	19.5	21.275	NA
2025-12-02 01:00:00	-91.1885	30.404	0.017	13.63	12.925	98.042	101.282	1.461	0	0.925	128.45	0	0	2.44	0.028	0.001	0.384	0.369	0.244	0.389	0.355	-0.1	-0.1	-0.1	1.071	2.595	6.492	2.314	2.489	16.038	16.75	17.95	19.488	21.2	NA
2025-12-02 02:00:00	-91.1885	30.404	0	13.698	12.9	98.79	101.248	1.47	0	0.853	129.125	0	0	2.628	0.02	0	0.385	0.37	0.245	0.389	0.355	-0.1	-0.1	-0.1	1.044	2.606	6.462	2.314	2.489	15.938	16.65	17.925	19.412	21.2	NA
2025-12-02 03:00:00	-91.1885	30.404	0.025	13.963	13.125	98.966	101.282	1.494	0	1.49	275.975	0	0	3.458	0.018	0	0.385	0.37	0.246	0.389	0.355	-0.1	-0.1	-0.1	1.026	2.617	6.445	2.312	2.489	15.9	16.6	17.887	19.4	21.2	NA
2025-12-02 04:00:00	-91.1885	30.404	0.004	13.33	12.4	99.794	101.372	1.44	0	2.547	318.35	0	0	5.32	0.002	0	0.385	0.37	0.247	0.389	0.355	-0.1	-0.1	-0.1	0.989	2.628	6.433	2.309	2.489	15.95	16.6	17.9	19.4	21.2	NA
2025-12-02 05:00:00	-91.1885	30.404	0	10.717	8.975	99.875	101.428	1.146	0	2.105	302.275	0	0	4.49	0	0	0.385	0.37	0.247	0.389	0.355	-0.1	-0.1	-0.1	0.946	2.617	6.427	2.309	2.489	15.85	16.6	17.887	19.4	21.2	NA
2025-12-02 06:00:00	-91.1885	30.404	0	9.82	8.075	99.437	101.43	1.072	0	2.02	315.65	0	0	5.21	0.005	0	0.384	0.369	0.246	0.389	0.355	-0.1	-0.1	-0.1	0.916	2.598	6.422	2.308	2.488	15.488	16.55	17.85	19.363	21.15	NA
2025-12-02 07:00:00	-91.1885	30.404	0	9.422	7.925	97.464	101.41	1.04	0	1.79	326.6	0	0	4.688	0.028	0	0.38	0.369	0.245	0.389	0.355	-0.1	-0.1	-0.1	0.899	2.59	6.444	2.308	2.49	15.15	16.425	17.85	19.3	21.1	NA
2025-12-02 08:00:00	-91.1885	30.404	0.004	8.845	7.35	96.419	101.415	0.99	0	1.815	322.125	0	0	5.265	0.035	0	0.379	0.369	0.244	0.389	0.355	-0.1	-0.1	-0.1	0.881	2.585	6.442	2.309	2.49	14.825	16.25	17.8	19.3	21.1	NA
2025-12-02 09:00:00	-91.1885	30.404	0	8.408	6.8	96.656	101.463	0.955	0	1.755	316.175	0	0	4.763	0.035	0	0.378	0.369	0.244	0.389	0.355	-0.1	-0.1	-0.1	0.876	2.588	6.459	2.307	2.49	14.562	16.1	17.725	19.288	21.1	NA
2025-12-02 10:00:00	-91.1885	30.404	0	7.768	6.1	96.225	101.495	0.906	0	1.725	309.7	0	0	4.57	0.032	0	0.376	0.369	0.243	0.389	0.355	-0.1	-0.1	-0.1	0.874	2.59	6.464	2.304	2.49	14.312	15.95	17.688	19.238	21.1	NA
2025-12-02 11:00:00	-91.1885	30.404	0	7.182	5.45	95.488	101.523	0.859	0	1.682	307.15	0	0	4.7	0.04	0	0.375	0.369	0.242	0.389	0.355	-0.1	-0.1	-0.1	0.869	2.591	6.469	2.302	2.491	14.05	15.775	17.575	19.2	21.1	NA
2025-12-02 12:00:00	-91.1885	30.404	0	6.622	5.025	93.742	101.635	0.819	0	1.743	317.8	0	0	4.73	0.052	0	0.375	0.369	0.242	0.389	0.355	-0.1	-0.1	-0.1	0.864	2.597	6.481	2.303	2.492	13.775	15.6	17.475	19.175	21.025	NA
2025-12-02 13:00:00	-91.1885	30.404	0	6.2	4.475	92.753	101.718	0.78	11.775	1.852	328.775	0	0	4.782	0.057	0	0.375	0.369	0.241	0.389	0.355	-0.1	-0.1	-0.1	0.858	2.605	6.479	2.301	2.492	13.438	15.4	17.388	19.15	21	0.447
2025-12-02 14:00:00	-91.1885	30.404	0	6.26	4	92.615	101.778	0.753	30.825	1.705	332.825	0	0	4.442	0.06	0	0.374	0.368	0.241	0.389	0.355	-0.1	-0.1	-0.1	0.854	2.6	6.486	2.303	2.492	13.125	15.2	17.288	19.075	21	0.446
2025-12-02 15:00:00	-91.1885	30.404	0	6.717	3.85	92.423	101.845	0.744	72.3	1.805	328.075	0	0	5.207	0.062	0	0.373	0.368	0.24	0.389	0.355	-0.1	-0.1	-0.1	0.854	2.598	6.485	2.299	2.49	12.9	15.05	17.2	19.05	21	0.429
2025-12-02 16:00:00	-91.1885	30.404	0	8.6	4.3	92.22	101.858	0.766	152.6	1.528	327.975	0	0	4.272	0.062	0	0.371	0.365	0.24	0.389	0.355	-0.1	-0.1	-0.1	0.861	2.595	6.49	2.297	2.493	12.95	14.875	17.087	19.025	21	0.422
2025-12-02 17:00:00	-91.1885	30.404	0	11.572	5.05	91.228	101.83	0.798	281.5	1.607	329.3	0	0	4.152	0.075	0	0.37	0.363	0.24	0.389	0.355	-0.1	-0.1	-0.1	0.867	2.601	6.495	2.296	2.492	13.325	14.8	17.012	18.95	21	0.401
2025-12-02 18:00:00	-91.1885	30.404	0	12.428	5.875	87.033	101.775	0.807	278.775	1.55	333.9	0	0	4.63	0.12	0	0.369	0.363	0.239	0.389	0.355	-0.1	-0.1	-0.1	0.871	2.604	6.499	2.298	2.49	13.887	14.875	16.95	18.95	20.925	0.399
2025-12-02 19:00:00	-91.1885	30.404	0	14.71	7.025	83.553	101.72	0.839	412.4	1.6	330.875	0	0	4.218	0.165	0	0.368	0.362	0.239	0.389	0.355	-0.1	-0.1	-0.1	0.874	2.602	6.498	2.297	2.491	14.212	14.975	16.913	18.887	20.9	0.386
2025-12-02 20:00:00	-91.1885	30.404	0	14.848	7.725	78.158	101.73	0.823	395.375	1.607	326.45	0	0	4.215	0.23	0	0.368	0.362	0.239	0.389	0.355	-0.1	-0.1	-0.1	0.874	2.598	6.505	2.296	2.491	14.388	15.1	16.9	18.85	20.9	0.394
2025-12-02 21:00:00	-91.1885	30.404	0	9.383	7.275	73.739	101.765	0.753	151.3	1.46	320.775	0	0	4.02	0.268	0	0.367	0.362	0.238	0.389	0.355	-0.1	-0.1	-0.1	0.869	2.473	6.512	2.294	2.488	14.238	15.2	16.887	18.85	20.9	0.414
2025-12-02 22:00:00	-91.1885	30.404	0	8.12	6.775	73.178	101.782	0.722	60.775	1.422	321.075	0	0	3.447	0.262	0	0.367	0.361	0.238	0.389	0.355	-0.1	-0.1	-0.1	0.863	2.46	6.519	2.294	2.49	13.925	15.15	16.812	18.812	20.9	0.428
2025-12-02 23:00:00	-91.1885	30.404	0	7.112	5.9	74.541	101.792	0.692	1.2	1.115	168.875	0	0	3.075	0.238	0	0.367	0.361	0.238	0.389	0.355	-0.1	-0.1	-0.1	0.858	2.45	6.524	2.294	2.488	13.55	15.075	16.8	18.75	20.9	NA
2025-12-03 00:00:00	-91.1885	30.404	0	6.338	5.175	76.015	101.818	0.671	0	1.13	43.8	0	0	3.848	0.212	0	0.366	0.361	0.237	0.389	0.355	-0.1	-0.1	-0.1	0.853	2.445	6.519	2.292	2.492	13.113	14.95	16.8	18.75	20.8	NA
2025-12-03 01:00:00	-91.1885	30.404	0	5.695	4.425	77.547	101.823	0.65	0	1.065	45.25	0	0	3.232	0.188	0	0.366	0.361	0.237	0.389	0.355	-0.1	-0.1	-0.1	0.845	2.438	6.523	2.294	2.492	12.575	14.725	16.8	18.725	20.8	NA
2025-12-03 02:00:00	-91.1885	30.404	0	5.972	4.225	79.368	101.87	0.656	0	0.795	31.25	0	0	2.635	0.173	0	0.366	0.36	0.237	0.389	0.355	-0.1	-0.1	-0.1	0.845	2.433	6.528	2.295	2.489	12.238	14.475	16.713	18.662	20.8	NA
2025-12-03 03:00:00	-91.1885	30.404	0	5.32	3.85	80.024	101.878	0.644	0	1.248	60.3	0	0	3.435	0.16	0	0.366	0.36	0.236	0.389	0.355	-0.1	-0.1	-0.1	0.842	2.436	6.534	2.294	2.49	12.05	14.275	16.688	18.65	20.8	NA
2025-12-03 04:00:00	-91.1885	30.404	0	3.857	3.45	80.243	101.858	0.628	0	0.93	53.35	0	0	3.25	0.155	0	0.366	0.36	0.236	0.389	0.355	-0.1	-0.1	-0.1	0.837	2.429	6.532	2.295	2.486	11.637	14.1	16.6	18.65	20.8	NA
2025-12-03 05:00:00	-91.1885	30.404	0	2.567	3.075	81.412	101.82	0.62	0	1.062	66.975	0	0	3.352	0.143	0	0.366	0.36	0.236	0.389	0.355	-0.1	-0.1	-0.1	0.831	2.424	6.528	2.293	2.486	11.275	13.9	16.525	18.65	20.75	NA
2025-12-03 06:00:00	-91.1885	30.404	0	1.802	2.6	83.06	101.792	0.612	0	0.718	102.025	0	0	2.085	0.125	0	0.366	0.36	0.236	0.389	0.355	-0.1	-0.1	-0.1	0.832	2.425	6.533	2.293	2.487	10.95	13.65	16.45	18.562	20.7	NA
2025-12-03 07:00:00	-91.1885	30.404	0	1.505	2.225	85.871	101.8	0.616	0	0.603	130.4	0	0	1.597	0.1	0	0.366	0.359	0.236	0.389	0.355	-0.1	-0.1	-0.1	0.835	2.425	6.524	2.292	2.489	10.762	13.45	16.375	18.55	20.7	NA
2025-12-03 08:00:00	-91.1885	30.404	0	1.892	2.275	86.811	101.787	0.625	0	0.82	103.975	0	0	1.653	0.092	0	0.366	0.359	0.236	0.389	0.355	-0.1	-0.1	-0.1	0.833	2.421	6.53	2.293	2.487	10.588	13.3	16.275	18.55	20.7	NA
2025-12-03 09:00:00	-91.1885	30.404	0	1.775	2.125	87.363	101.798	0.622	0	0.723	108.95	0	0	1.742	0.09	0	0.366	0.359	0.235	0.389	0.355	-0.1	-0.1	-0.1	0.831	2.419	6.524	2.293	2.487	10.375	13.1	16.175	18.475	20.7	NA
2025-12-03 10:00:00	-91.1885	30.404	0	1.552	1.9	88.925	101.78	0.623	0	0.72	123.15	0	0	1.765	0.078	0	0.366	0.359	0.235	0.389	0.355	-0.1	-0.1	-0.1	0.829	2.415	6.525	2.294	2.488	10.2	12.95	16.075	18.45	20.7	NA
2025-12-03 11:00:00	-91.1885	30.404	0	1.48	1.775	88.714	101.832	0.616	0	0.693	108.175	0	0	1.652	0.08	0	0.366	0.359	0.235	0.389	0.355	-0.1	-0.1	-0.1	0.83	2.416	6.522	2.294	2.491	10.088	12.825	15.988	18.425	20.625	NA
2025-12-03 12:00:00	-91.1885	30.404	0	1.802	1.775	90.411	101.892	0.628	0	0.925	116.975	0	0	2.085	0.068	0	0.366	0.359	0.235	0.389	0.355	-0.1	-0.1	-0.1	0.827	2.412	6.512	2.295	2.487	9.912	12.65	15.863	18.363	20.6	NA
2025-12-03 13:00:00	-91.1885	30.404	0	4.013	2.175	92.296	101.995	0.66	22.55	1.09	111	0	0	2.388	0.055	0	0.366	0.359	0.236	0.389	0.355	-0.1	-0.1	-0.1	0.825	2.41	6.511	2.295	2.487	9.812	12.525	15.713	18.338	20.6	0.434
2025-12-03 14:00:00	-91.1885	30.404	0	6.287	2.925	94.816	102.082	0.715	91.65	1.46	107.925	0	0	3.112	0.04	0	0.366	0.359	0.236	0.389	0.355	-0.1	-0.1	-0.1	0.828	2.408	6.498	2.295	2.486	10.012	12.4	15.613	18.3	20.6	0.415
2025-12-03 15:00:00	-91.1885	30.404	0	8.94	3.725	94.701	102.145	0.756	185.175	1.258	117.95	0	0	2.9	0.04	0	0.365	0.359	0.236	0.389	0.355	-0.1	-0.1	-0.1	0.83	2.407	6.492	2.292	2.485	10.425	12.4	15.538	18.225	20.6	0.4
2025-12-03 16:00:00	-91.1885	30.404	0	12.83	4.9	94.695	102.135	0.821	323.15	1.372	114.525	0	0	3.205	0.045	0	0.364	0.359	0.236	0.389	0.355	-0.1	-0.1	-0.1	0.837	2.412	6.482	2.29	2.487	11.15	12.45	15.462	18.2	20.575	0.379
2025-12-03 17:00:00	-91.1885	30.404	0	13.352	6.15	86.74	102.062	0.82	243.875	1.448	115.525	0	0	3.645	0.125	0	0.364	0.359	0.236	0.389	0.355	-0.1	-0.1	-0.1	0.838	2.413	6.481	2.29	2.488	11.9	12.725	15.438	18.137	20.5	0.398
2025-12-03 18:00:00	-91.1885	30.404	0	15.922	7.375	84.619	101.972	0.87	299.45	1.258	100.975	0	0	2.825	0.16	0	0.363	0.359	0.236	0.389	0.355	-0.1	-0.1	-0.1	0.841	2.413	6.487	2.295	2.487	12.438	13	15.4	18.1	20.5	0.392
2025-12-03 19:00:00	-91.1885	30.404	0	17.233	8.875	79.38	101.908	0.903	277.7	0.955	111.75	0	0	2.587	0.232	0	0.362	0.359	0.236	0.389	0.355	-0.1	-0.1	-0.1	0.843	2.415	6.498	2.293	2.484	13.05	13.275	15.438	18.1	20.5	0.391
2025-12-03 20:00:00	-91.1885	30.404	0	15.77	9.875	73.42	101.86	0.894	213.425	1.305	108.05	0	0	3.105	0.325	0	0.362	0.359	0.236	0.389	0.355	-0.1	-0.1	-0.1	0.842	2.416	6.501	2.293	2.482	13.512	13.6	15.462	18.012	20.5	0.398
2025-12-03 21:00:00	-91.1885	30.404	0	14.69	10.6	70.613	101.882	0.903	183.45	0.965	98.575	0	0	2.59	0.372	0	0.362	0.359	0.236	0.389	0.355	-0.1	-0.1	-0.1	0.838	2.416	6.495	2.292	2.483	13.7	13.85	15.55	18	20.45	0.398
2025-12-03 22:00:00	-91.1885	30.404	0	11.125	10.725	69.05	101.888	0.89	61.75	1.175	128.325	0	0	2.567	0.4	0	0.362	0.359	0.236	0.389	0.355	-0.1	-0.1	-0.1	0.834	2.417	6.506	2.292	2.486	13.613	14.05	15.588	18	20.4	0.407
2025-12-03 23:00:00	-91.1885	30.404	0	9.535	10.05	72.586	101.913	0.894	1.475	0.873	131.45	0	0	2.128	0.338	0	0.362	0.359	0.236	0.389	0.355	-0.1	-0.1	-0.1	0.831	2.418	6.503	2.294	2.483	13.312	14.1	15.65	17.95	20.4	NA
2025-12-04 00:00:00	-91.1885	30.404	0	10.933	10.1	74.421	101.965	0.92	0	1.163	110.025	0	0	2.93	0.318	0	0.362	0.359	0.236	0.389	0.355	-0.1	-0.1	-0.1	0.83	2.409	6.502	2.294	2.483	13.062	14.075	15.65	17.912	20.4	NA
2025-12-04 01:00:00	-91.1885	30.404	0	10.7	9.975	74.065	101.985	0.908	0	1.365	105.8	0	0	3.093	0.315	0	0.362	0.359	0.236	0.389	0.355	-0.1	-0.1	-0.1	0.828	2.404	6.498	2.294	2.483	12.95	14	15.725	17.9	20.4	NA
2025-12-04 02:00:00	-91.1885	30.404	0	10.71	9.85	75.492	101.95	0.918	0	1.367	107.6	0	0	3.165	0.298	0	0.362	0.359	0.236	0.389	0.355	-0.1	-0.1	-0.1	0.825	2.405	6.5	2.297	2.487	12.838	14	15.7	17.9	20.3	NA
2025-12-04 03:00:00	-91.1885	30.404	0	10.31	9.9	76.762	101.895	0.936	0	1.33	114.15	0	0	3.165	0.285	0	0.362	0.359	0.236	0.389	0.355	-0.1	-0.1	-0.1	0.823	2.403	6.502	2.3	2.487	12.738	13.9	15.7	17.863	20.3	NA
2025-12-04 04:00:00	-91.1885	30.404	0.004	10.838	10.075	80.055	101.902	0.988	0	1.122	129.7	0	0	2.73	0.245	0	0.362	0.359	0.236	0.389	0.355	-0.1	-0.1	-0.1	0.823	2.403	6.503	2.3	2.484	12.688	13.9	15.7	17.85	20.3	NA
2025-12-04 05:00:00	-91.1885	30.404	0.685	10.06	9.275	89.078	101.862	1.042	0	0.897	112.925	0	0	2.36	0.128	0.007	0.365	0.359	0.235	0.389	0.355	-0.1	-0.1	-0.1	0.835	2.414	6.502	2.3	2.488	12.762	13.9	15.7	17.85	20.3	NA
2025-12-04 06:00:00	-91.1885	30.404	3.622	9.797	8.9	95.741	101.81	1.092	0	1.075	131.975	0	0	2.77	0.045	0.003	0.387	0.366	0.239	0.389	0.355	-0.1	-0.1	-0.1	0.946	2.605	6.482	2.299	2.484	12.488	13.675	15.375	17.825	20.275	NA
2025-12-04 07:00:00	-91.1885	30.404	0.894	10.3	9.175	98.363	101.71	1.143	0	1.675	114.325	0	0	3.81	0.02	0.003	0.388	0.37	0.245	0.39	0.355	-0.1	-0.1	-0.1	0.883	2.634	6.408	2.3	2.484	12.312	13.275	14.963	17.65	20.2	NA
2025-12-04 08:00:00	-91.1885	30.404	2.343	10.45	9.6	99.274	101.682	1.187	0	1.973	100.2	0	0	5.005	0.01	0.002	0.389	0.373	0.251	0.39	0.356	-0.1	-0.1	-0.1	0.822	2.63	6.324	2.294	2.483	12.35	13.125	14.688	17.5	20.2	NA
2025-12-04 09:00:00	-91.1885	30.404	0.979	10.77	9.95	99.275	101.57	1.216	0	2.718	92.825	4.25	0.5	6.47	0.005	0.01	0.389	0.373	0.256	0.39	0.356	-0.1	-0.1	-0.1	0.782	2.622	6.251	2.289	2.487	12.363	13.075	14.475	17.337	20.2	NA
2025-12-04 10:00:00	-91.1885	30.404	0.047	10.942	10.125	99.774	101.535	1.236	0	2.15	74.475	6.75	0.25	6.117	0	0	0.389	0.373	0.258	0.39	0.356	-0.1	-0.1	-0.1	0.786	2.636	6.22	2.29	2.489	12.475	13.075	14.425	17.2	20.175	NA
2025-12-04 11:00:00	-91.1885	30.404	1.07	10.665	9.825	99.783	101.525	1.211	0	3.375	86.325	0	0	7.765	0	0.01	0.39	0.372	0.258	0.39	0.356	-0.1	-0.1	-0.1	0.796	2.649	6.206	2.292	2.489	12.45	13.075	14.45	17.125	20.1	NA
2025-12-04 12:00:00	-91.1885	30.404	1.105	10.718	9.875	99.828	101.565	1.216	0	2.462	83.475	0	0	6.438	0	0.007	0.39	0.373	0.26	0.391	0.356	-0.1	-0.1	-0.1	0.772	2.644	6.173	2.288	2.489	12.45	12.975	14.388	17.088	20.1	NA
2025-12-04 13:00:00	-91.1885	30.404	4.467	11.582	11	99.717	101.66	1.31	0	1.998	154.05	0	0	5.1	0.002	0.005	0.39	0.373	0.263	0.391	0.356	-0.1	-0.1	-0.1	0.738	2.643	6.117	2.291	2.491	12.475	12.975	14.225	17	20.1	NA
