timestamp	latitude	longitude	precipitation	land_surface_temperature	air_temperature	atmospheric_pressure	vapor_pressure	solar_radiation	wind_speed	wind_direction	lightning_distance	lightning_activity	gust_speed	VPD	EC	NDVI	water_content_5cm	saturation_extract_EC_5cm	matric_potential_5cm	water_content_10cm	saturation_extract_EC_10cm	water_content_20cm	saturation_extract_EC_20cm	matric_potential_20cm	water_content_50cm	saturation_extract_EC_50cm	matric_potential_50cm	water_content_100cm	saturation_extract_EC_100cm	soil_temperature_5cm	soil_temperature_10cm	soil_temperature_20cm	soil_temperature_50cm	soil_temperature_100cm
2025-08-27 00:00:00	30.3734	-91.1636	0	22.508	22.675	101.98	2.702	0	0.885	281.375	0	0	1.212	0.048	0	0.18	0.376	2.32	-3.15	0.385	2.51	0.402	2.01	-0.6	0.408	NA	-0.1	0.413	2.489	29.025	29.1	29.062	27.85	26.7
2025-08-27 01:00:00	30.3734	-91.1636	0	22.132	22.4	101.982	2.676	0	0.78	278.675	0	0	1.015	0.03	0	0.167	0.375	2.328	-3.275	0.384	2.51	0.402	2.008	-0.6	0.408	NA	-0.1	0.413	2.493	28.788	28.9	28.962	27.85	26.7
2025-08-27 02:00:00	30.3734	-91.1636	0	21.968	22.15	101.98	2.652	0	0.825	281	0	0	1.077	0.013	0	0.17	0.375	2.328	-3.425	0.384	2.509	0.402	2.006	-0.6	0.408	NA	-0.1	0.413	2.49	28.575	28.7	28.863	27.85	26.7
2025-08-27 03:00:00	30.3734	-91.1636	0	22.61	22.625	101.99	2.707	0	0.752	289.275	0	0	1.413	0.038	0	0.155	0.375	2.328	-3.55	0.384	2.507	0.401	2.008	-0.6	0.408	NA	-0.1	0.413	2.489	28.375	28.55	28.762	27.85	26.7
2025-08-27 04:00:00	30.3734	-91.1636	0	23.402	23.575	102	2.812	0	0.795	291	0	0	1.52	0.095	0	0.169	0.375	2.329	-3.675	0.384	2.508	0.401	2.006	-0.6	0.408	NA	-0.1	0.413	2.492	28.225	28.375	28.637	27.85	26.7
2025-08-27 05:00:00	30.3734	-91.1636	0	23.455	23.65	102.028	2.78	0	0.7	307.1	0	0	1.672	0.138	0	0.145	0.374	2.327	-3.825	0.383	2.509	0.401	2.006	-0.6	0.408	NA	-0.1	0.413	2.492	28.113	28.275	28.538	27.85	26.7
2025-08-27 06:00:00	30.3734	-91.1636	0	23.145	23.225	102.053	2.68	0	0.57	309.575	0	0	1.38	0.165	0	0.187	0.374	2.329	-3.975	0.383	2.507	0.401	2.004	-0.6	0.408	NA	-0.1	0.413	2.492	28.025	28.175	28.438	27.85	26.7
2025-08-27 07:00:00	30.3734	-91.1636	0	23.37	23.3	102.115	2.57	17.125	0.5	292.425	0	0	1.205	0.285	0	0.386	0.374	2.331	-4.15	0.383	2.504	0.401	2.005	-0.6	0.408	NA	-0.1	0.413	2.492	27.913	28.075	28.375	27.85	26.7
2025-08-27 08:00:00	30.3734	-91.1636	0	24.142	23.6	102.15	2.544	59.425	0.478	273.725	0	0	1.285	0.368	0	0.446	0.374	2.327	-4.3	0.383	2.505	0.401	2.005	-0.6	0.408	NA	-0.1	0.413	2.492	27.837	28	28.275	27.85	26.7
2025-08-27 09:00:00	30.3734	-91.1636	0	24.602	23.75	102.175	2.487	101.175	0.59	187.675	0	0	1.952	0.45	0	0.465	0.374	2.328	-4.425	0.383	2.507	0.401	2.006	-0.6	0.408	NA	-0.1	0.413	2.492	27.8	27.925	28.225	27.85	26.7
2025-08-27 10:00:00	30.3734	-91.1636	0	26.815	24.425	102.178	2.542	236.85	0.655	127.525	0	0	2.135	0.522	0	0.497	0.374	2.326	-4.55	0.383	2.504	0.401	2.005	-0.6	0.408	NA	-0.1	0.413	2.492	27.8	27.9	28.15	27.85	26.7
2025-08-27 11:00:00	30.3734	-91.1636	0	29.1	25.475	102.19	2.623	338.225	0.745	103.825	0	0	2.122	0.632	0	0.503	0.374	2.322	-4.675	0.383	2.503	0.401	2.006	-0.6	0.408	NA	-0.1	0.413	2.488	27.85	27.9	28.113	27.85	26.7
2025-08-27 12:00:00	30.3734	-91.1636	0	33.818	27.725	102.135	2.827	583.925	0.752	189.85	0	0	2.49	0.897	0	0.502	0.374	2.321	-4.85	0.383	2.503	0.401	2.006	-0.6	0.408	NA	-0.1	0.413	2.49	28.012	27.975	28.1	27.85	26.7
2025-08-27 13:00:00	30.3734	-91.1636	0	39.075	30.075	102.088	3.038	847	1.092	214.325	0	0	3.145	1.225	0	0.482	0.374	2.314	-5	0.383	2.509	0.4	2.008	-0.6	0.408	NA	-0.1	0.413	2.486	28.325	28.1	28.125	27.85	26.7
2025-08-27 14:00:00	30.3734	-91.1636	0	38.53	30.8	102.025	3.048	721.75	1.065	205.575	0	0	3.048	1.393	0	0.48	0.374	2.307	-5.075	0.383	2.513	0.4	2.01	-0.6	0.407	NA	-0.1	0.413	2.488	28.837	28.45	28.2	27.85	26.7
2025-08-27 15:00:00	30.3734	-91.1636	0	37.855	31.175	101.965	3.046	685.4	1.718	225.5	0	0	3.402	1.49	0	0.479	0.374	2.304	-5.1	0.383	2.51	0.4	2.013	-0.6	0.408	NA	-0.1	0.413	2.487	29.288	28.8	28.363	27.85	26.7
2025-08-27 16:00:00	30.3734	-91.1636	0	36.583	31.45	101.925	3.011	574.6	1.718	233.95	0	0	3.203	1.595	0	0.488	0.374	2.3	-5.15	0.383	2.512	0.4	2.014	-0.6	0.407	NA	-0.1	0.413	2.487	29.613	29.1	28.525	27.85	26.7
2025-08-27 17:00:00	30.3734	-91.1636	0	34.258	31.175	101.87	2.999	351.75	1.442	220.725	0	0	3.125	1.54	0	0.506	0.374	2.305	-5.2	0.383	2.51	0.401	2.013	-0.6	0.407	NA	-0.1	0.413	2.488	29.75	29.275	28.688	27.85	26.7
2025-08-27 18:00:00	30.3734	-91.1636	0	31.045	30.525	101.858	3.005	181.675	1.245	233.6	0	0	2.288	1.37	0	0.504	0.374	2.312	-5.3	0.383	2.508	0.401	2.012	-0.6	0.407	NA	-0.1	0.413	2.488	29.725	29.375	28.825	27.85	26.7
2025-08-27 19:00:00	30.3734	-91.1636	0	27.04	27.675	101.868	2.942	23.075	0.762	252.4	0	0	1.202	0.782	0	0.51	0.373	2.319	-5.4	0.383	2.505	0.401	2.01	-0.6	0.407	NA	-0.1	0.413	2.491	29.613	29.35	28.887	27.85	26.7
2025-08-27 20:00:00	30.3734	-91.1636	0	24.132	24.75	101.892	2.736	0	0.723	260.925	0	0	1.275	0.38	0	0.299	0.373	2.324	-5.5	0.383	2.504	0.401	2.009	-0.6	0.407	NA	-0.1	0.413	2.49	29.375	29.25	28.95	27.85	26.7
2025-08-27 21:00:00	30.3734	-91.1636	0	23.498	23.925	101.938	2.721	0	0.537	273.65	0	0	1.03	0.25	0	0.249	0.373	2.333	-5.575	0.383	2.5	0.401	2.007	-0.6	0.407	NA	-0.1	0.413	2.493	29.112	29.1	28.887	27.85	26.7
2025-08-27 22:00:00	30.3734	-91.1636	0	22.8	23.1	101.972	2.702	0	0.703	275.85	0	0	0.998	0.12	0	0.188	0.372	2.342	-5.675	0.382	2.502	0.401	2.005	-0.6	0.407	NA	-0.1	0.413	2.493	28.85	28.9	28.85	27.85	26.7
2025-08-27 23:00:00	30.3734	-91.1636	0	22.51	22.725	101.98	2.705	0	0.77	276.575	0	0	0.988	0.058	0	0.185	0.372	2.346	-5.775	0.382	2.501	0.401	2.003	-0.6	0.407	NA	-0.1	0.413	2.493	28.637	28.7	28.75	27.85	26.7
2025-08-28 00:00:00	30.3734	-91.1636	0	22.422	22.725	101.965	2.725	0	0.685	274.625	0	0	0.945	0.035	0	0.177	0.372	2.345	-5.875	0.382	2.5	0.401	2.002	-0.6	0.407	NA	-0.1	0.413	2.493	28.413	28.55	28.663	27.85	26.7
2025-08-28 01:00:00	30.3734	-91.1636	0	22.16	22.5	101.93	2.706	0	0.752	280.95	0	0	1.032	0.015	0	0.17	0.372	2.349	-5.975	0.382	2.504	0.401	2	-0.6	0.407	NA	-0.1	0.413	2.493	28.237	28.375	28.562	27.85	26.7
2025-08-28 02:00:00	30.3734	-91.1636	0	21.935	22.225	101.91	2.675	0	0.84	271.5	0	0	1.14	0.002	0	0.151	0.372	2.352	-6.075	0.382	2.502	0.401	2	-0.6	0.407	NA	-0.1	0.413	2.493	28.05	28.225	28.462	27.85	26.7
2025-08-28 03:00:00	30.3734	-91.1636	0	21.928	22.3	101.882	2.684	0	0.835	266.55	0	0	1.085	0.005	0	0.154	0.371	2.355	-6.2	0.382	2.502	0.401	1.998	-0.6	0.407	NA	-0.1	0.413	2.491	27.888	28.05	28.375	27.85	26.7
2025-08-28 04:00:00	30.3734	-91.1636	0	22.11	22.7	101.858	2.722	0	0.845	269.45	0	0	1.282	0.035	0	0.15	0.371	2.355	-6.3	0.381	2.502	0.401	2	-0.6	0.407	NA	-0.1	0.413	2.492	27.75	27.95	28.262	27.85	26.7
2025-08-28 05:00:00	30.3734	-91.1636	0	22.122	22.725	101.842	2.75	0	0.87	271.5	0	0	1.29	0.01	0	0.145	0.371	2.357	-6.4	0.381	2.502	0.401	1.999	-0.6	0.407	NA	-0.1	0.413	2.493	27.612	27.825	28.162	27.85	26.7
2025-08-28 06:00:00	30.3734	-91.1636	0.034	21.905	22.475	101.845	2.718	0	0.745	274.175	0	0	1.122	0.005	0	0.202	0.371	2.359	-6.525	0.381	2.502	0.4	1.999	-0.6	0.407	NA	-0.1	0.413	2.492	27.488	27.7	28.075	27.85	26.7
2025-08-28 07:00:00	30.3734	-91.1636	0.017	23.392	23.325	101.875	2.861	66.125	0.657	274.65	0	0	1.02	0.002	0	0.502	0.371	2.362	-6.6	0.381	2.504	0.4	2	-0.6	0.407	NA	-0.1	0.413	2.492	27.375	27.6	28.025	27.85	26.7
