2025-11-21 00:00:00	-92.3536	30.1784	0	16.8	21.025	74.113	101.455	1.846	0	1.365	132.825	0	0	2.197	0.647	0	0.084	0.17	0.154	0.23	0.259	-88.2	-116.225	-103	NA	1.288	0.424	0.553	2.39	22.887	23.225	22.837	22.45	22.025	1
2025-11-21 01:00:00	-92.3536	30.1784	0	16.332	20.3	77.246	101.48	1.84	0	1.03	137.4	0	0	1.708	0.542	0	0.084	0.17	0.154	0.23	0.259	-94.575	-121.65	-107.575	NA	1.288	0.423	0.554	2.39	22.212	22.875	22.7	22.325	22	1
2025-11-21 02:00:00	-92.3536	30.1784	0	19	20.775	82.913	101.523	2.034	0	1.342	156.35	0	0	2.21	0.415	0	0.084	0.17	0.154	0.23	0.259	-100.525	-126.95	-112.05	NA	1.286	0.424	0.554	2.391	21.775	22.55	22.575	22.225	22	1
2025-11-21 03:00:00	-92.3536	30.1784	0	19.992	20.975	87.785	101.518	2.18	0	1.93	133.45	0	0	3.02	0.298	0	0.084	0.17	0.154	0.23	0.259	-106.2	-131.975	-116.55	NA	1.286	0.423	0.555	2.389	21.662	22.3	22.425	22.175	22	1
2025-11-21 04:00:00	-92.3536	30.1784	0	21.17	21.825	89.049	101.515	2.33	0	2.335	132.075	0	0	3.828	0.282	0	0.084	0.17	0.153	0.23	0.259	-111.425	-137.075	-120.975	NA	1.288	0.421	0.554	2.39	21.688	22.15	22.312	22.113	22	1
2025-11-21 05:00:00	-92.3536	30.1784	0	21.145	21.575	90.69	101.518	2.336	0	2.105	107.4	0	0	3.322	0.235	0	0.084	0.17	0.153	0.23	0.259	-116.525	-142	-125.625	NA	1.285	0.42	0.555	2.388	21.75	22.025	22.2	22.1	22	1
2025-11-21 06:00:00	-92.3536	30.1784	0.06	21.02	21.125	95.641	101.468	2.397	0	2.615	119.4	0	0	4.117	0.108	0	0.084	0.17	0.154	0.23	0.258	-121.65	-147.25	-129.75	NA	1.286	0.418	0.554	2.394	21.8	22	22.125	22.05	22	1
2025-11-21 07:00:00	-92.3536	30.1784	0.004	21.298	21.2	98.829	101.39	2.488	0	1.788	127.075	0	0	2.92	0.028	0	0.084	0.17	0.154	0.23	0.259	-126.95	-152.225	-134.3	NA	1.284	0.417	0.554	2.394	21.8	21.95	22.05	22.05	22	1
2025-11-21 08:00:00	-92.3536	30.1784	0.14	21.497	21.2	99.963	101.342	2.518	0	0.777	127.725	0	0	1.465	0	0.026	0.084	0.17	0.154	0.23	0.258	-134.075	-157.3	-138.925	NA	1.284	0.418	0.554	2.394	21.812	21.9	22.012	22.05	22	1
2025-11-21 09:00:00	-92.3536	30.1784	0.575	21.592	21.2	100	101.3	2.52	0	0.935	107.675	0	0	1.77	0	0.049	0.084	0.17	0.153	0.229	0.258	-140.175	-162.325	-143.625	NA	1.287	0.419	0.555	2.397	21.875	21.9	21.95	22.05	22	1
2025-11-21 10:00:00	-92.3536	30.1784	0.115	21.68	21.375	99.978	101.278	2.547	0	0.972	119.575	0	0	1.872	0	0.003	0.085	0.17	0.153	0.229	0.259	-145.2	-167.1	-148.2	NA	1.288	0.419	0.554	2.395	21.9	21.9	21.95	22.025	22	1
2025-11-21 11:00:00	-92.3536	30.1784	0	21.767	21.625	99.764	101.298	2.578	0	1.375	186.75	0	0	1.91	0.002	0	0.085	0.169	0.153	0.229	0.259	-150.075	-172.15	-152.7	NA	1.289	0.418	0.554	2.397	21.9	21.9	21.912	21.95	22	1
2025-11-21 12:00:00	-92.3536	30.1784	0	21.975	21.825	99.946	101.342	2.615	0	1.76	209.525	0	0	2.428	0	0	0.085	0.169	0.153	0.229	0.259	-155.225	-177.125	-157.275	NA	1.289	0.416	0.554	2.395	21.962	21.9	21.9	21.95	22	1
2025-11-21 13:00:00	-92.3536	30.1784	0.004	22.642	22.25	99.879	101.375	2.683	26.65	2.69	190.275	0	0	3.852	0	0	0.085	0.169	0.153	0.229	0.259	-160.075	-182.125	-161.725	NA	1.29	0.416	0.553	2.394	22.012	21.9	21.85	21.95	22	0.975
2025-11-21 14:00:00	-92.3536	30.1784	0	24.102	22.85	99.961	101.425	2.786	118.925	3.128	219.675	0	0	4.402	0	0	0.085	0.169	0.153	0.229	0.259	-164.25	-187.175	-166.325	NA	1.29	0.416	0.552	2.396	22.225	21.925	21.85	21.95	22	0.907
2025-11-21 15:00:00	-92.3536	30.1784	0	26.032	23.75	99.832	101.485	2.936	249.075	3.24	230.7	0	0	4.795	0	0	0.086	0.169	0.153	0.229	0.259	-167.875	-192.125	-171.025	NA	1.293	0.416	0.552	2.394	22.688	22.025	21.85	21.95	22	0.811
2025-11-21 16:00:00	-92.3536	30.1784	0	28.113	24.85	99.881	101.51	3.138	428.35	4.225	255.925	0	0	7.125	0	0	0.086	0.169	0.153	0.23	0.259	-170.475	-197.025	-175.7	NA	1.294	0.416	0.552	2.395	23.288	22.2	21.887	21.95	22	0.593
2025-11-21 17:00:00	-92.3536	30.1784	0	29.238	25.45	99.79	101.49	3.247	366.9	3.73	250.025	0	0	6.208	0.007	0	0.086	0.169	0.153	0.23	0.259	-173.2	-201.925	-180.45	NA	1.296	0.418	0.551	2.39	23.837	22.425	21.912	21.95	22	0.541
2025-11-21 18:00:00	-92.3536	30.1784	0	30.922	26.1	88.202	101.398	2.979	415.125	3.518	246.8	0	0	5.695	0.4	0	0.086	0.169	0.153	0.23	0.259	-176.375	-206.775	-185.175	NA	1.297	0.419	0.552	2.391	24.325	22.7	21.975	21.95	22	0.496
2025-11-21 19:00:00	-92.3536	30.1784	0	30.37	26.625	78.348	101.348	2.733	334.675	3.435	238.175	0	0	5.385	0.752	0	0.086	0.169	0.153	0.229	0.259	-179.55	-211.85	-190.025	NA	1.298	0.419	0.55	2.389	24.85	22.975	22.05	21.95	22	0.481
2025-11-21 20:00:00	-92.3536	30.1784	0	29.885	27.4	71.399	101.305	2.606	317.7	4.415	233.7	0	0	6.98	1.048	0	0.085	0.169	0.153	0.229	0.259	-183.9	-216.125	-194.1	NA	1.3	0.419	0.551	2.388	25.062	23.225	22.15	21.95	22	0.488
2025-11-21 21:00:00	-92.3536	30.1784	0	28.305	27.25	68.549	101.285	2.481	238.65	4.83	222.925	0	0	7.637	1.14	0	0.085	0.169	0.153	0.23	0.259	-189.525	-221.275	-199.525	NA	1.302	0.42	0.55	2.389	24.938	23.45	22.275	21.95	22	0.504
2025-11-21 22:00:00	-92.3536	30.1784	0	25.1	26.2	71.071	101.32	2.417	68.525	4.385	220.075	0	0	6.795	0.983	0	0.085	0.169	0.153	0.229	0.259	-196.025	-226.425	-204.375	NA	1.3	0.42	0.551	2.384	24.513	23.5	22.4	21.95	22	0.493
2025-11-21 23:00:00	-92.3536	30.1784	0	22.35	24.6	77.407	101.355	2.393	4.275	3.23	218.05	0	0	4.688	0.698	0	0.085	0.169	0.153	0.23	0.259	-202.425	-231.7	-209.125	NA	1.299	0.42	0.551	2.384	23.938	23.475	22.5	21.95	22	0.843
2025-11-22 00:00:00	-92.3536	30.1784	0	20.915	22.85	86.27	101.398	2.401	0	2.368	207.025	0	0	3.343	0.382	0	0.085	0.169	0.153	0.23	0.259	-208.725	-236.9	-214.375	NA	1.294	0.42	0.552	2.384	23.413	23.35	22.588	21.95	22	1
2025-11-22 01:00:00	-92.3536	30.1784	0	19.683	21.925	91.5	101.46	2.408	0	1.468	201.725	0	0	2.33	0.22	0	0.086	0.169	0.153	0.23	0.259	-214.95	-242.55	-219.225	NA	1.296	0.42	0.55	2.39	22.95	23.175	22.6	21.988	22	1
2025-11-22 02:00:00	-92.3536	30.1784	0	19.798	21.6	94.974	101.507	2.45	0	1.61	195.225	0	0	2.61	0.128	0	0.086	0.169	0.153	0.23	0.259	-222.475	-248.175	-224.4	NA	1.294	0.42	0.551	2.387	22.562	23	22.6	22.05	22	1
2025-11-22 03:00:00	-92.3536	30.1784	0	18.623	20.9	97.245	101.542	2.404	0	1.04	199.1	0	0	1.45	0.065	0	0.086	0.169	0.153	0.23	0.259	-229.6	-253.85	-229.825	NA	1.295	0.418	0.55	2.388	22.25	22.825	22.6	22.05	22	1
2025-11-22 04:00:00	-92.3536	30.1784	0	20.323	21.05	98.837	101.535	2.466	0	1.685	189.525	0	0	2.297	0.028	0	0.086	0.169	0.153	0.23	0.259	-236.675	-260.15	-235.025	NA	1.29	0.416	0.55	2.388	21.975	22.65	22.575	22.05	22	1
2025-11-22 05:00:00	-92.3536	30.1784	0	21.008	21.35	99.811	101.542	2.537	0	2.468	209	0	0	3.237	0.002	0	0.086	0.169	0.153	0.23	0.259	-243.45	-266.325	-240.3	NA	1.291	0.418	0.551	2.39	21.95	22.525	22.525	22.075	22	1
2025-11-22 06:00:00	-92.3536	30.1784	0	21.49	21.4	99.898	101.568	2.547	0	2.11	218.3	0	0	2.85	0	0	0.086	0.169	0.153	0.23	0.259	-249.175	-272.7	-246.15	NA	1.291	0.416	0.55	2.393	21.975	22.4	22.462	22.1	22	1
2025-11-22 07:00:00	-92.3536	30.1784	0	21.712	21.65	99.864	101.568	2.585	0	2.3	224.075	0	0	3.035	0	0	0.086	0.169	0.153	0.23	0.259	-254.775	-279.125	-251.6	NA	1.29	0.414	0.55	2.392	22.062	22.375	22.412	22.1	22	1
2025-11-22 08:00:00	-92.3536	30.1784	0	21.64	21.575	99.888	101.562	2.574	0	2.475	217.575	0	0	3.322	0.002	0	0.086	0.169	0.153	0.23	0.259	-260.825	-285.875	-257.4	NA	1.291	0.414	0.551	2.391	22.1	22.3	22.363	22.15	22	1
2025-11-22 09:00:00	-92.3536	30.1784	0	20.815	21.25	99.926	101.575	2.524	0	1.732	232.7	0	0	2.447	0	0	0.086	0.169	0.153	0.23	0.259	-266.925	-292.05	-263.225	NA	1.289	0.414	0.551	2.39	22.088	22.3	22.35	22.15	22	1
2025-11-22 10:00:00	-92.3536	30.1784	0	21.55	21.4	99.814	101.622	2.545	0	1.63	237.575	0	0	2.462	0.002	0	0.086	0.169	0.153	0.23	0.259	-273.7	-298.9	-269.025	NA	1.291	0.414	0.55	2.391	22.025	22.3	22.3	22.15	22	1
2025-11-22 11:00:00	-92.3536	30.1784	0	21.925	21.5	99.996	101.652	2.567	0	1.728	229.675	0	0	2.27	0	0	0.086	0.169	0.153	0.23	0.259	-279.825	-305.25	-274.85	NA	1.289	0.413	0.55	2.392	22.062	22.225	22.262	22.15	22.025	1
2025-11-22 12:00:00	-92.3536	30.1784	0	22.142	21.775	99.875	101.678	2.606	0	1.985	216.075	0	0	2.755	0	0	0.086	0.169	0.153	0.23	0.259	-285.7	-312.4	-281.175	NA	1.29	0.412	0.55	2.391	22.125	22.2	22.25	22.15	22.1	1
2025-11-22 13:00:00	-92.3536	30.1784	0	22.645	22	99.963	101.74	2.645	16.95	2.792	245.425	0	0	4.053	0	0	0.086	0.169	0.153	0.23	0.259	-291.675	-319.3	-287.975	NA	1.29	0.413	0.551	2.388	22.212	22.2	22.225	22.15	22.1	0.968
2025-11-22 14:00:00	-92.3536	30.1784	0	23.8	22.25	99.981	101.802	2.687	82.625	2.38	249.9	0	0	3.475	0	0	0.086	0.169	0.153	0.23	0.259	-296.6	-325.95	-293.975	NA	1.29	0.412	0.55	2.391	22.413	22.275	22.2	22.15	22.1	0.906
2025-11-22 15:00:00	-92.3536	30.1784	0	25.227	22.95	99.9	101.832	2.801	173.4	2.708	238.9	0	0	3.905	0	0	0.086	0.169	0.153	0.23	0.259	-298.95	-332.725	-300.825	NA	1.294	0.412	0.55	2.392	22.812	22.325	22.2	22.15	22.1	0.828
2025-11-22 16:00:00	-92.3536	30.1784	0	27.672	24.1	99.854	101.845	3	275.8	2.913	241.975	0	0	4.455	0	0	0.086	0.169	0.153	0.23	0.259	-298.85	-340.25	-307.1	NA	1.294	0.413	0.551	2.388	23.4	22.45	22.2	22.15	22.1	0.768
2025-11-22 17:00:00	-92.3536	30.1784	0	27.535	24.825	99.877	101.815	3.133	214.925	2.815	239.175	0	0	4.258	0	0	0.086	0.169	0.153	0.23	0.259	-297.875	-346.85	-314.25	NA	1.296	0.414	0.551	2.388	23.988	22.7	22.225	22.15	22.1	0.769
2025-11-22 18:00:00	-92.3536	30.1784	0	34.947	26.75	91.943	101.722	3.224	583.05	3.013	256.375	0	0	4.763	0.292	0	0.086	0.169	0.153	0.23	0.259	-299.825	-354.2	-320.95	NA	1.298	0.416	0.55	2.384	24.575	22.925	22.288	22.15	22.1	0.519
2025-11-22 19:00:00	-92.3536	30.1784	0	32.75	26.5	82.08	101.662	2.844	439.675	2.838	303.3	0	0	5.225	0.618	0	0.086	0.169	0.153	0.23	0.259	-295.925	-360.625	-327.775	NA	1.3	0.418	0.55	2.382	25.738	23.3	22.375	22.15	22.1	0.495
2025-11-22 20:00:00	-92.3536	30.1784	0	30.87	26.5	78.758	101.622	2.726	325.95	2.688	310.825	0	0	4.728	0.735	0	0.086	0.169	0.152	0.23	0.259	-301.6	-366.775	-335.225	NA	1.303	0.418	0.551	2.385	25.825	23.725	22.475	22.162	22.1	0.506
2025-11-22 21:00:00	-92.3536	30.1784	0	28.305	26.475	75.516	101.628	2.611	185.175	3.005	298.05	0	0	5.31	0.845	0	0.086	0.169	0.152	0.23	0.259	-310.6	-373.225	-342.875	NA	1.303	0.418	0.55	2.387	25.775	24	22.613	22.2	22.1	0.598
2025-11-22 22:00:00	-92.3536	30.1784	0	25.025	26	70.745	101.64	2.38	68.4	3.25	312.6	0	0	4.765	0.978	0	0.086	0.169	0.152	0.23	0.259	-323.15	-379.775	-350.15	NA	1.303	0.42	0.55	2.389	25.25	24.1	22.75	22.212	22.1	0.56
2025-11-22 23:00:00	-92.3536	30.1784	0	21.242	24.075	69.001	101.7	2.069	3.875	2.382	332.725	0	0	3.683	0.925	0	0.086	0.169	0.152	0.23	0.259	-337.25	-386.5	-358.65	NA	1.301	0.42	0.55	2.386	24.425	24.075	22.875	22.25	22.1	0.76
2025-11-23 00:00:00	-92.3536	30.1784	0	18.88	22	72.746	101.79	1.924	0	1.388	326.725	0	0	2.042	0.72	0	0.086	0.169	0.153	0.23	0.259	-349.125	-393.75	-364.65	NA	1.298	0.419	0.55	2.386	23.625	23.875	22.962	22.25	22.1	1
2025-11-23 01:00:00	-92.3536	30.1784	0	17.483	20.825	75.101	101.872	1.848	0	1	255.075	0	0	1.595	0.613	0	0.086	0.169	0.152	0.23	0.259	-359.475	-401.075	-372.475	NA	1.296	0.419	0.55	2.384	22.95	23.6	23	22.25	22.1	1
2025-11-23 02:00:00	-92.3536	30.1784	0	16.77	19.95	79.283	101.885	1.847	0	1.062	263.775	0	0	1.468	0.478	0	0.086	0.169	0.152	0.23	0.259	-370.15	-410.375	-379.9	NA	1.292	0.419	0.55	2.382	22.4	23.325	23	22.262	22.1	1
2025-11-23 03:00:00	-92.3536	30.1784	0	15.662	18.825	83.109	101.915	1.806	0	0.655	283.675	0	0	1.075	0.368	0	0.086	0.169	0.152	0.23	0.259	-382.3	-418.85	-387.6	NA	1.293	0.416	0.55	2.381	21.95	23.025	22.962	22.3	22.1	1
2025-11-23 04:00:00	-92.3536	30.1784	0	14.992	18.55	82.867	101.925	1.769	0	0.973	302.725	0	0	1.53	0.368	0	0.086	0.169	0.152	0.23	0.259	-393.675	-427.275	-394.85	NA	1.289	0.416	0.55	2.385	21.512	22.8	22.887	22.3	22.1	1
2025-11-23 05:00:00	-92.3536	30.1784	0	14.725	18.225	83.31	101.912	1.744	0	1.265	315.15	0	0	2.185	0.348	0	0.087	0.169	0.152	0.23	0.259	-405.425	-437.85	-403.25	NA	1.288	0.416	0.55	2.385	21.1	22.525	22.8	22.35	22.1	1
2025-11-23 06:00:00	-92.3536	30.1784	0	14.97	17.8	80.266	101.92	1.637	0	2.688	264.35	0	0	4.178	0.4	0	0.087	0.169	0.152	0.23	0.259	-417.125	-446.125	-412.075	NA	1.286	0.416	0.55	2.383	20.7	22.275	22.712	22.4	22.1	1
2025-11-23 07:00:00	-92.3536	30.1784	0	13.89	16.55	80.491	101.935	1.516	0	2.593	8.65	0	0	4.343	0.368	0	0.087	0.169	0.152	0.23	0.259	-430.9	-455.225	-420.15	NA	1.287	0.414	0.55	2.386	20.312	22	22.613	22.4	22.1	1
2025-11-23 08:00:00	-92.3536	30.1784	0	13.125	15.5	82.44	101.947	1.452	0	3.04	122.267	0	0	4.423	0.308	0	0.087	0.169	0.152	0.23	0.259	-444	-464.725	-427.475	NA	1.282	0.413	0.551	2.385	19.938	21.8	22.488	22.4	22.1	1
2025-11-23 09:00:00	-92.3536	30.1784	0	11.9	14.525	84.755	101.958	1.402	0	1.857	93.1	0	0	2.797	0.255	0	0.087	0.169	0.152	0.23	0.259	-459.425	-475.25	-435.85	NA	1.278	0.41	0.551	2.386	19.5	21.525	22.375	22.4	22.125	1
2025-11-23 10:00:00	-92.3536	30.1784	0	10.642	13.65	88.353	101.955	1.381	0	1.462	351.425	0	0	2.145	0.18	0	0.087	0.169	0.152	0.23	0.259	-469.9	-485.3	-444.95	NA	1.277	0.411	0.551	2.383	19.1	21.275	22.225	22.4	22.2	1
2025-11-23 11:00:00	-92.3536	30.1784	0	9.817	13.15	89.821	101.985	1.358	0	1.48	232.2	0	0	2.055	0.152	0	0.087	0.169	0.152	0.23	0.259	-484.75	-495.8	-453.05	NA	1.274	0.41	0.552	2.386	18.725	21	22.1	22.4	22.2	1
2025-11-23 12:00:00	-92.3536	30.1784	0	10.43	12.45	93.768	102.028	1.355	0	2.015	345.85	0	0	2.832	0.092	0	0.087	0.169	0.152	0.23	0.259	-497.975	-505.7	-462.975	NA	1.274	0.408	0.551	2.385	18.363	20.775	21.975	22.4	22.2	0.996
2025-11-23 13:00:00	-92.3536	30.1784	0	12.565	13.25	95.579	102.07	1.456	44.325	2.728	5.75	0	0	3.927	0.068	0	0.087	0.169	0.152	0.23	0.26	-512.85	-517.3	-471.875	NA	1.273	0.409	0.551	2.386	18.087	20.5	21.825	22.4	22.2	0.78
2025-11-23 14:00:00	-92.3536	30.1784	0	16.315	14.8	94.815	102.125	1.596	216.125	3.07	17.525	0	0	4.835	0.09	0	0.087	0.169	0.152	0.23	0.26	-523.275	-529.4	-480.6	NA	1.271	0.408	0.55	2.385	18.125	20.3	21.7	22.387	22.2	0.569
2025-11-23 15:00:00	-92.3536	30.1784	0	20.472	16.925	86.098	102.145	1.659	397	3.562	35.5	0	0	5.558	0.27	0	0.087	0.169	0.152	0.23	0.26	-535.575	-540.3	-490.075	NA	1.273	0.408	0.55	2.386	18.6	20.2	21.55	22.35	22.2	0.511
2025-11-23 16:00:00	-92.3536	30.1784	0	25.118	18.75	77.918	102.102	1.685	521.35	3.485	50.075	0	0	6.968	0.472	0	0.087	0.169	0.152	0.23	0.26	-539.675	-550.725	-499.55	NA	1.275	0.408	0.55	2.388	19.5	20.25	21.413	22.35	22.2	0.48
2025-11-23 17:00:00	-92.3536	30.1784	0	28.925	20.25	69.482	102.01	1.649	543.65	2.857	43.475	0	0	6.028	0.728	0	0.086	0.169	0.152	0.23	0.26	-537.575	-561.15	-509.425	NA	1.277	0.408	0.549	2.384	20.625	20.475	21.337	22.35	22.2	0.46
2025-11-23 18:00:00	-92.3536	30.1784	0	30.922	21.625	62.264	101.908	1.608	562.725	2.27	22.1	0	0	4.768	0.978	0	0.086	0.169	0.152	0.23	0.26	-528.525	-571.6	-519.85	NA	1.278	0.409	0.55	2.384	21.987	20.85	21.25	22.3	22.2	0.497
2025-11-23 19:00:00	-92.3536	30.1784	0	30.78	22.625	56.713	101.832	1.557	546.85	2.038	15.45	0	0	4.583	1.188	0	0.086	0.169	0.152	0.23	0.26	-524.175	-581.775	-528.375	NA	1.283	0.409	0.55	2.389	22.825	21.4	21.275	22.3	22.2	0.478
2025-11-23 20:00:00	-92.3536	30.1784	0	26.852	22.975	53.641	101.74	1.505	330.125	1.765	122.6	0	0	3.757	1.295	0	0.086	0.169	0.152	0.23	0.26	-524.8	-591.775	-537.675	NA	1.286	0.411	0.55	2.389	23.15	21.825	21.375	22.262	22.2	0.483
2025-11-23 21:00:00	-92.3536	30.1784	0	23.157	22.85	51.505	101.818	1.434	167.35	1.505	326.675	0	0	2.758	1.35	0	0.086	0.168	0.152	0.23	0.26	-535.675	-600.525	-547.3	NA	1.287	0.414	0.549	2.384	22.938	22.075	21.475	22.2	22.2	0.493
2025-11-23 22:00:00	-92.3536	30.1784	0	19.503	21.65	56.774	101.782	1.468	68	1.3	264.45	0	0	2.165	1.12	0	0.086	0.168	0.152	0.23	0.26	-556.325	-609.525	-557.8	NA	1.285	0.415	0.549	2.384	22.387	22.2	21.575	22.2	22.2	0.508
2025-11-23 23:00:00	-92.3536	30.1784	0	16.442	19.65	65.56	101.74	1.5	2.975	1.53	91.275	0	0	2.05	0.785	0	0.086	0.168	0.152	0.23	0.26	-580.75	-617.575	-568.2	NA	1.286	0.413	0.549	2.387	21.712	22.075	21.675	22.2	22.2	0.508
2025-11-24 00:00:00	-92.3536	30.1784	0	14.183	18.1	71.436	101.775	1.483	0	1.02	333.8	0	0	1.55	0.595	0	0.086	0.169	0.152	0.23	0.26	-610.475	-627.775	-578.925	NA	1.281	0.412	0.549	2.388	21.05	21.9	21.712	22.2	22.2	NA
2025-11-24 01:00:00	-92.3536	30.1784	0	13.547	17	77.861	101.775	1.508	0	0.94	197.3	0	0	1.485	0.432	0	0.086	0.169	0.152	0.23	0.26	-636.575	-637.9	-588.975	NA	1.279	0.413	0.55	2.389	20.45	21.675	21.75	22.125	22.2	1
2025-11-24 02:00:00	-92.3536	30.1784	0	13.87	16.85	80.357	101.795	1.542	0	1.448	30.625	0	0	2.178	0.378	0	0.086	0.169	0.152	0.23	0.26	-660.175	-648	-598	NA	1.277	0.413	0.549	2.389	19.988	21.425	21.7	22.1	22.2	1
2025-11-24 03:00:00	-92.3536	30.1784	0	13.412	15.625	84.362	101.8	1.498	0	1.798	49.625	0	0	2.867	0.275	0	0.086	0.169	0.152	0.23	0.26	-680.625	-659.775	-609.4	NA	1.275	0.411	0.55	2.384	19.587	21.2	21.7	22.1	22.2	1
2025-11-24 04:00:00	-92.3536	30.1784	0	13.91	15.4	87.535	101.755	1.531	0	2.197	55.1	0	0	3.548	0.218	0	0.086	0.169	0.152	0.23	0.26	-699.975	-670.925	-618.85	NA	1.274	0.412	0.549	2.387	19.288	20.95	21.625	22.1	22.2	1
2025-11-24 05:00:00	-92.3536	30.1784	0	13.52	14.775	89.886	101.705	1.511	0	2.332	64.025	0	0	3.732	0.168	0	0.086	0.169	0.152	0.23	0.26	-722.55	-683.8	-629.15	NA	1.274	0.409	0.549	2.385	19.038	20.75	21.55	22.1	22.2	1
2025-11-24 06:00:00	-92.3536	30.1784	0	12.848	14.275	91.757	101.69	1.493	0	1.577	56.45	0	0	2.47	0.132	0	0.086	0.169	0.152	0.23	0.26	-737.4	-696.575	-640.025	NA	1.274	0.41	0.547	2.389	18.812	20.55	21.462	22.1	22.2	1
2025-11-24 07:00:00	-92.3536	30.1784	0	12.255	13.55	93.766	101.69	1.456	0	1.222	48.35	0	0	1.92	0.095	0	0.086	0.169	0.152	0.23	0.26	-758.2	-708.55	-650.15	NA	1.271	0.409	0.548	2.388	18.575	20.4	21.363	22.1	22.2	1
2025-11-24 08:00:00	-92.3536	30.1784	0	12.178	13.425	95.002	101.682	1.463	0	1.205	46.525	0	0	1.842	0.075	0	0.086	0.169	0.152	0.23	0.26	-775.575	-719.95	-662.975	NA	1.272	0.409	0.547	2.387	18.337	20.225	21.262	22.1	22.2	1
2025-11-24 09:00:00	-92.3536	30.1784	0	12.418	13.4	95.692	101.668	1.471	0	1.505	63.725	0	0	2.648	0.068	0	0.086	0.169	0.152	0.23	0.26	-796.425	-730.775	-674.425	NA	1.27	0.408	0.548	2.388	18.163	20.05	21.162	22.1	22.2	1
2025-11-24 10:00:00	-92.3536	30.1784	0	12.722	13.525	96.773	101.645	1.5	0	1.502	70.85	0	0	2.582	0.05	0	0.086	0.169	0.152	0.23	0.26	-817.6	-742.125	-682.8	NA	1.267	0.408	0.549	2.386	18.012	19.9	21.075	22.1	22.2	1
2025-11-24 11:00:00	-92.3536	30.1784	0	14.785	14.325	97.681	101.6	1.595	0	2.475	80.225	0	0	4.068	0.038	0	0.086	0.169	0.152	0.23	0.26	-835.65	-753.6	-693.05	NA	1.266	0.408	0.55	2.386	18	19.775	20.975	22.087	22.2	1
2025-11-24 12:00:00	-92.3536	30.1784	0	15.245	14.8	97.636	101.608	1.644	0	2.64	78.65	0	0	4.605	0.035	0	0.086	0.169	0.152	0.23	0.26	-857.775	-766.325	-706.25	NA	1.269	0.407	0.548	2.381	18.175	19.7	20.875	22.05	22.2	1
2025-11-24 13:00:00	-92.3536	30.1784	0	16.09	15.4	97.421	101.625	1.705	17.75	2.95	91.675	0	0	4.928	0.045	0	0.086	0.169	0.152	0.23	0.26	-868.3	-779.175	-716.3	NA	1.272	0.405	0.548	2.385	18.312	19.625	20.788	22	22.2	0.94
2025-11-24 14:00:00	-92.3536	30.1784	0	18.492	16.675	97.149	101.658	1.844	113.775	2.438	79.65	0	0	3.792	0.055	0	0.086	0.169	0.152	0.23	0.26	-886.1	-791.225	-726.75	NA	1.27	0.407	0.546	2.383	18.587	19.625	20.725	22	22.2	0.755
2025-11-24 15:00:00	-92.3536	30.1784	0	24.3	19.95	92.918	101.62	2.165	360.325	3.393	109.775	0	0	6.05	0.168	0	0.086	0.168	0.152	0.23	0.26	-892.125	-802.75	-735.625	NA	1.27	0.408	0.545	2.386	19.2	19.725	20.65	21.988	22.2	0.524
2025-11-24 16:00:00	-92.3536	30.1784	0	29.317	23.05	81.82	101.59	2.305	485.725	3.56	120.55	0	0	6.058	0.507	0	0.086	0.168	0.152	0.23	0.26	-876.125	-813.575	-746.5	NA	1.272	0.408	0.546	2.385	20.275	19.875	20.65	21.95	22.2	0.472
2025-11-24 17:00:00	-92.3536	30.1784	0	32.345	25.175	75.124	101.52	2.404	514.325	3.888	144.925	0	0	6.885	0.802	0	0.086	0.168	0.152	0.23	0.26	-854.4	-824.85	-759.3	NA	1.276	0.406	0.547	2.387	21.587	20.25	20.613	21.95	22.2	0.445
2025-11-24 18:00:00	-92.3536	30.1784	0	30.248	25.725	73.733	101.385	2.438	365.8	4.942	152.775	0	0	8.455	0.87	0	0.086	0.168	0.152	0.23	0.26	-817.9	-835.5	-770.025	NA	1.278	0.41	0.546	2.385	22.812	20.775	20.65	21.9	22.2	0.461
2025-11-24 19:00:00	-92.3536	30.1784	0	29.972	25.975	74.715	101.31	2.508	361.25	5.125	154.925	0	0	8.545	0.85	0	0.086	0.168	0.152	0.23	0.26	-794.525	-843	-781.45	NA	1.283	0.412	0.546	2.383	23.238	21.25	20.738	21.85	22.2	0.457
2025-11-24 20:00:00	-92.3536	30.1784	0	27.785	25.575	76.979	101.278	2.523	208.775	4.955	155.025	0	0	8.117	0.75	0	0.086	0.168	0.152	0.23	0.26	-778.05	-849.525	-790.9	NA	1.283	0.412	0.548	2.387	23.475	21.6	20.875	21.85	22.2	0.49
2025-11-24 21:00:00	-92.3536	30.1784	0	26.762	25.05	81.735	101.265	2.595	198.525	3.925	160.75	0	0	6.688	0.583	0	0.086	0.168	0.152	0.23	0.26	-779.425	-857.85	-802.275	NA	1.283	0.414	0.548	2.388	23.425	21.85	21.038	21.85	22.2	0.499
2025-11-24 22:00:00	-92.3536	30.1784	0	25.465	24.875	85.045	101.222	2.674	104.9	3.615	162.825	0	0	5.825	0.468	0	0.086	0.168	0.152	0.23	0.26	-791	-864.3	-812.825	NA	1.285	0.413	0.548	2.384	23.387	22.025	21.175	21.85	22.2	0.523
2025-11-24 23:00:00	-92.3536	30.1784	0	22.985	23.875	87.196	101.175	2.582	5.225	3.598	155.1	0	0	6.053	0.38	0	0.086	0.168	0.152	0.23	0.26	-806.375	-870.6	-822.25	NA	1.286	0.416	0.548	2.382	23.062	22.1	21.325	21.8	22.2	0.887
2025-11-25 00:00:00	-92.3536	30.1784	0	22.325	23.375	89.231	101.182	2.564	0	3.902	162.075	0	0	6.37	0.308	0	0.086	0.168	0.152	0.23	0.26	-833.4	-876.05	-833.525	NA	1.286	0.416	0.548	2.383	22.625	22.1	21.438	21.8	22.2	1
2025-11-25 01:00:00	-92.3536	30.1784	0	22.105	22.95	91.021	101.14	2.549	0	4.037	159.55	0	0	6.827	0.248	0	0.086	0.168	0.152	0.23	0.26	-861.675	-885.675	-842.75	NA	1.285	0.416	0.548	2.383	22.387	22.1	21.525	21.8	22.2	1
2025-11-25 02:00:00	-92.3536	30.1784	0	21.975	22.75	93.758	101.125	2.594	0	3.73	160.9	0	0	6.522	0.17	0	0.086	0.168	0.152	0.23	0.26	-885.6	-894.7	-851.9	NA	1.284	0.416	0.548	2.383	22.175	22.025	21.6	21.8	22.2	1
2025-11-25 03:00:00	-92.3536	30.1784	0	21.887	22.75	94.489	101.122	2.615	0	4.22	168.3	0	0	6.707	0.148	0	0.086	0.168	0.152	0.23	0.26	-906.475	-901.75	-862	NA	1.284	0.416	0.548	2.384	22.05	22	21.637	21.8	22.2	1
2025-11-25 04:00:00	-92.3536	30.1784	0.187	21.95	22.7	95.394	101.192	2.632	0	2.973	181.625	0	0	5.04	0.125	0.013	0.086	0.168	0.152	0.23	0.26	-935.25	-909	-874	NA	1.282	0.415	0.548	2.383	22	21.975	21.7	21.8	22.2	1
2025-11-25 05:00:00	-92.3536	30.1784	0.085	22.295	22.8	97.329	101.215	2.702	0	3.652	201.1	0	0	5.83	0.075	0.015	0.086	0.168	0.152	0.23	0.26	-948.075	-918.65	-884.65	NA	1.284	0.414	0.55	2.383	22	21.9	21.7	21.8	22.2	1
2025-11-25 06:00:00	-92.3536	30.1784	0	21.972	22.875	98.314	101.158	2.741	0	3.803	190.35	0	0	5.84	0.043	0	0.086	0.168	0.152	0.23	0.26	-968	-929.125	-894.95	NA	1.283	0.414	0.549	2.385	22	21.9	21.7	21.8	22.2	1
2025-11-25 07:00:00	-92.3536	30.1784	0	21.262	22.425	99.051	101.182	2.688	0	3.237	207.55	0	0	5.035	0.022	0	0.086	0.168	0.152	0.23	0.26	-986.775	-939.625	-904.9	NA	1.283	0.415	0.549	2.382	21.9	21.9	21.7	21.85	22.2	1
2025-11-25 08:00:00	-92.3536	30.1784	0	21.582	22.3	99.762	101.19	2.686	0	3.065	201.475	0	0	4.383	0.002	0	0.086	0.168	0.152	0.23	0.26	-1008.85	-950.3	-913.825	NA	1.284	0.415	0.549	2.383	21.8	21.9	21.7	21.9	22.2	1
2025-11-25 09:00:00	-92.3536	30.1784	0.004	21.602	22.175	99.794	101.208	2.668	0	2.035	205.15	0	0	3.03	0	0	0.086	0.168	0.152	0.23	0.26	-1031.475	-959.075	-921.4	NA	1.283	0.415	0.548	2.383	21.8	21.9	21.7	21.9	22.2	1
2025-11-25 10:00:00	-92.3536	30.1784	0	21.328	22.125	99.665	101.168	2.655	0	2.582	192.075	0	0	3.805	0.005	0	0.086	0.168	0.152	0.23	0.26	-1036.575	-967.975	-932.075	NA	1.282	0.415	0.548	2.383	21.8	21.825	21.75	21.9	22.2	1
2025-11-25 11:00:00	-92.3536	30.1784	0	21.038	21.9	99.813	101.168	2.625	0	2.53	202.8	0	0	3.6	0	0	0.086	0.168	0.152	0.23	0.26	-1048.35	-975.05	-942.025	NA	1.283	0.416	0.548	2.385	21.712	21.8	21.75	21.9	22.2	1
2025-11-25 12:00:00	-92.3536	30.1784	0	20.95	21.75	99.829	101.197	2.601	0	2.332	203.925	0	0	3.24	0.002	0	0.086	0.168	0.152	0.23	0.26	-1069.875	-982.5	-952.95	NA	1.284	0.416	0.548	2.384	21.65	21.8	21.75	21.9	22.2	1
2025-11-25 13:00:00	-92.3536	30.1784	0	21.9	21.9	99.873	101.257	2.626	48.425	2.643	206.75	0	0	3.945	0	0	0.086	0.168	0.152	0.23	0.26	-1079.35	-991.35	-964.775	NA	1.283	0.415	0.548	2.383	21.6	21.8	21.75	21.9	22.2	0.905
2025-11-25 14:00:00	-92.3536	30.1784	0.004	23.62	22.8	99.836	101.32	2.772	118.425	2.872	247.925	0	0	4.475	0	0	0.086	0.168	0.152	0.23	0.26	-1087.65	-999.575	-975.1	NA	1.286	0.415	0.548	2.384	21.825	21.8	21.75	21.9	22.2	0.78
2025-11-25 15:00:00	-92.3536	30.1784	0	24.58	23.05	99.612	101.392	2.808	208.1	2.757	264.55	0	0	4.41	0.002	0	0.086	0.168	0.152	0.23	0.26	-1089.5	-1007.75	-983.75	NA	1.285	0.416	0.547	2.383	22.15	21.825	21.75	21.95	22.2	0.701
2025-11-25 16:00:00	-92.3536	30.1784	0	26.83	24.2	91.508	101.42	2.764	318.65	3.022	284.2	0	0	5.043	0.252	0	0.086	0.168	0.152	0.23	0.26	-1084.675	-1015.55	-991.275	NA	1.286	0.416	0.549	2.383	22.688	21.95	21.775	21.95	22.2	0.54
2025-11-25 17:00:00	-92.3536	30.1784	0	30.05	25.15	84.209	101.363	2.691	404.75	2.922	268.575	0	0	4.57	0.505	0	0.086	0.168	0.152	0.23	0.26	-1069.675	-1026.425	-997.85	NA	1.288	0.416	0.548	2.382	23.238	22.15	21.8	21.95	22.2	0.484
2025-11-25 18:00:00	-92.3536	30.1784	0	33.44	26.825	73.089	101.325	2.578	550.225	3.345	272.95	0	0	5.472	0.95	0	0.086	0.168	0.152	0.23	0.26	-1044.675	-1033.775	-1000.875	NA	1.294	0.417	0.549	2.38	24.375	22.45	21.812	21.95	22.2	0.449
2025-11-25 19:00:00	-92.3536	30.1784	0	32.653	27.15	64.372	101.302	2.316	564	4.008	292.2	0	0	6.25	1.282	0	0.086	0.167	0.152	0.23	0.26	-1014.95	-1039.275	-1009.025	NA	1.297	0.418	0.55	2.377	24.988	22.875	21.9	21.95	22.2	0.46
2025-11-25 20:00:00	-92.3536	30.1784	0	30.045	27.3	53.598	101.308	1.945	369.125	3.025	294.025	0	0	5.535	1.678	0	0.086	0.167	0.152	0.23	0.26	-1002.225	-1047.975	-1018.125	NA	1.298	0.418	0.549	2.381	25.025	23.25	22.025	22	22.2	0.522
2025-11-25 21:00:00	-92.3536	30.1784	0	27.312	27.075	48.538	101.33	1.738	230.45	3.395	304.9	0	0	5.515	1.84	0	0.086	0.167	0.152	0.23	0.26	-1021.825	-1049.775	-1026.35	NA	1.294	0.418	0.55	2.377	24.7	23.475	22.15	22	22.2	0.568
2025-11-25 22:00:00	-92.3536	30.1784	0	23.352	26.125	48.248	101.378	1.635	66.75	2.455	329.2	0	0	4.07	1.752	0	0.086	0.168	0.152	0.23	0.26	-1044.4	-1053.925	-1038.05	NA	1.294	0.42	0.55	2.38	24.038	23.5	22.262	22	22.2	0.759
2025-11-25 23:00:00	-92.3536	30.1784	0	16.942	22.7	55.683	101.452	1.533	3.65	1.215	335	0	0	2.168	1.228	0	0.086	0.168	0.152	0.23	0.26	-1085.25	-1057.525	-1043.925	NA	1.296	0.422	0.55	2.377	23.188	23.35	22.387	22	22.2	0.984
2025-11-26 00:00:00	-92.3536	30.1784	0	13.883	19.9	65.646	101.542	1.525	0	0.943	349.025	0	0	1.418	0.8	0	0.086	0.168	0.152	0.23	0.26	-1123.7	-1060.95	-1054.2	NA	1.292	0.422	0.55	2.375	22.287	23.075	22.438	22.038	22.2	1
2025-11-26 01:00:00	-92.3536	30.1784	0	12.185	18.675	67.825	101.638	1.46	0	0.473	325.55	0	0	0.805	0.693	0	0.086	0.168	0.152	0.23	0.26	-1158.075	-1067.95	-1060.975	NA	1.288	0.422	0.55	2.378	21.462	22.75	22.488	22.05	22.2	1
2025-11-26 02:00:00	-92.3536	30.1784	0	13.472	17.725	76.584	101.69	1.553	0	1.587	261.075	0	0	2.468	0.475	0	0.086	0.168	0.152	0.23	0.26	-1189.275	-1074.15	-1068.8	NA	1.286	0.417	0.55	2.382	20.775	22.35	22.4	22.05	22.2	1
2025-11-26 03:00:00	-92.3536	30.1784	0	12.127	16.875	80.829	101.738	1.554	0	1.145	338.975	0	0	1.52	0.37	0	0.086	0.168	0.152	0.23	0.26	-1224.85	-1083.75	-1075.15	NA	1.282	0.418	0.549	2.384	20.275	22.05	22.35	22.05	22.2	1
2025-11-26 04:00:00	-92.3536	30.1784	0	10.688	16.1	84.603	101.775	1.548	0	0.705	340.875	0	0	1.058	0.28	0	0.086	0.168	0.152	0.23	0.26	-1241.65	-1095.65	-1083.225	NA	1.278	0.418	0.549	2.382	19.812	21.725	22.25	22.113	22.2	1
2025-11-26 05:00:00	-92.3536	30.1784	0	11.828	15.975	88.475	101.812	1.606	0	1.367	255.5	0	0	2.11	0.21	0	0.087	0.168	0.152	0.23	0.26	-1279.9	-1101.95	-1088.225	NA	1.276	0.418	0.55	2.386	19.375	21.425	22.125	22.15	22.2	1
2025-11-26 06:00:00	-92.3536	30.1784	0	13.78	16.375	89.179	101.862	1.661	0	2.355	13.7	0	0	3.53	0.2	0	0.087	0.168	0.152	0.23	0.26	-1309.425	-1116.35	-1095.85	NA	1.274	0.417	0.55	2.385	19.1	21.125	22.012	22.15	22.2	1
2025-11-26 07:00:00	-92.3536	30.1784	0	11.04	14.9	89.78	101.918	1.522	0	1.078	252.125	0	0	1.67	0.17	0	0.087	0.168	0.152	0.23	0.26	-1317.8	-1124.575	-1103.15	NA	1.274	0.417	0.549	2.382	18.925	20.9	21.875	22.15	22.2	1
2025-11-26 08:00:00	-92.3536	30.1784	0	10.718	14.55	90.498	101.97	1.498	0	1.208	339.367	0	0	1.66	0.158	0	0.087	0.168	0.152	0.23	0.26	-1355.55	-1131.525	-1112.7	NA	1.274	0.416	0.549	2.382	18.6	20.7	21.762	22.15	22.2	1
2025-11-26 09:00:00	-92.3536	30.1784	0	12.815	14.7	93.278	102.005	1.56	0	2.288	2.533	0	0	3.415	0.108	0	0.087	0.168	0.152	0.23	0.26	-1381.25	-1144.425	-1119.95	NA	1.271	0.414	0.55	2.382	18.325	20.475	21.625	22.15	22.2	1
2025-11-26 10:00:00	-92.3536	30.1784	0	12.808	14.475	93.395	102.035	1.54	0	3.005	9.85	0	0	4.965	0.11	0	0.087	0.168	0.151	0.23	0.26	-1394.675	-1154.6	-1126.35	NA	1.272	0.414	0.548	2.382	18.188	20.25	21.5	22.15	22.2	1
2025-11-26 11:00:00	-92.3536	30.1784	0	12.555	14.125	92.449	102.095	1.49	0	3.38	10.5	0	0	5.367	0.122	0	0.087	0.168	0.152	0.23	0.26	-1420	-1165.325	-1134.6	NA	1.271	0.412	0.549	2.383	18.087	20.1	21.375	22.15	22.2	1
2025-11-26 12:00:00	-92.3536	30.1784	0	12.032	13.65	91.988	102.152	1.438	0	3.498	10.625	0	0	5.197	0.122	0	0.087	0.168	0.151	0.23	0.26	-1455.05	-1176.725	-1142.475	NA	1.267	0.412	0.549	2.381	17.925	19.95	21.25	22.15	22.2	1
2025-11-26 13:00:00	-92.3536	30.1784	0	12.448	13.55	92.135	102.252	1.43	27.4	4.258	8.05	0	0	6.895	0.12	0	0.087	0.168	0.151	0.23	0.26	-1476.725	-1186.1	-1149.65	NA	1.268	0.413	0.547	2.385	17.725	19.825	21.137	22.125	22.2	0.768
2025-11-26 14:00:00	-92.3536	30.1784	0	14.472	14.35	91.099	102.33	1.49	159.25	5.655	14.75	0	0	10.07	0.148	0	0.087	0.168	0.151	0.23	0.26	-1498.325	-1194.925	-1156.225	NA	1.268	0.412	0.547	2.382	17.7	19.65	21.012	22.1	22.2	0.554
2025-11-26 15:00:00	-92.3536	30.1784	0	17.488	15.45	85.263	102.39	1.496	353.075	6.188	21.025	0	0	10.515	0.26	0	0.086	0.168	0.151	0.23	0.26	-1524.55	-1206.475	-1164.4	NA	1.268	0.409	0.547	2.388	17.938	19.6	20.913	22.1	22.2	0.508
2025-11-26 16:00:00	-92.3536	30.1784	0	21.502	17.025	75.988	102.39	1.474	494.4	6.383	21.9	0	0	10.528	0.467	0	0.086	0.168	0.151	0.23	0.26	-1543.225	-1216.45	-1174.85	NA	1.269	0.41	0.547	2.383	18.475	19.6	20.812	22.1	22.2	0.479
2025-11-26 17:00:00	-92.3536	30.1784	0	23.11	17.925	67.682	102.362	1.39	475.2	7.005	19.325	0	0	11.11	0.662	0	0.086	0.168	0.151	0.23	0.26	-1543.8	-1222.9	-1184.125	NA	1.27	0.412	0.547	2.379	19.175	19.75	20.738	22.038	22.2	0.457
2025-11-26 18:00:00	-92.3536	30.1784	0	24.205	18.575	63.592	102.282	1.361	472.65	6.218	15.975	0	0	10.075	0.778	0	0.085	0.168	0.151	0.23	0.26	-1532.325	-1231.4	-1188.15	NA	1.27	0.413	0.547	2.382	19.95	19.975	20.663	22	22.2	0.452
2025-11-26 19:00:00	-92.3536	30.1784	0	23.18	18.825	60.228	102.227	1.309	427.975	6.635	8.967	0	0	10.283	0.86	0	0.085	0.168	0.151	0.23	0.26	-1529.125	-1242.85	-1198.3	NA	1.274	0.412	0.548	2.382	20.4	20.25	20.65	22	22.2	0.45
2025-11-26 20:00:00	-92.3536	30.1784	0	22.262	19.175	56.239	102.27	1.249	349.8	5.665	10.325	0	0	9.472	0.968	0	0.085	0.168	0.151	0.23	0.26	-1544.525	-1247.45	-1202.95	NA	1.273	0.412	0.548	2.385	20.488	20.45	20.675	21.963	22.2	0.476
2025-11-26 21:00:00	-92.3536	30.1784	0	19.765	19.225	47.921	102.288	1.069	211.975	5.515	12.1	0	0	8.768	1.158	0	0.085	0.168	0.151	0.23	0.26	-1559.8	-1254.8	-1211	NA	1.273	0.413	0.548	2.385	20.462	20.6	20.738	21.95	22.2	0.496
2025-11-26 22:00:00	-92.3536	30.1784	0	16.34	18.275	42.531	102.328	0.894	70.375	6.362	9.375	0	0	10.545	1.205	0	0.085	0.168	0.151	0.23	0.26	-1570.75	-1263.9	-1217.075	NA	1.274	0.414	0.547	2.385	19.887	20.6	20.775	21.9	22.2	0.489
2025-11-26 23:00:00	-92.3536	30.1784	0	12.945	16.55	40.977	102.382	0.772	2.7	5.282	13.45	0	0	8.338	1.112	0	0.085	0.168	0.151	0.23	0.26	-1618.425	-1269.475	-1227.2	NA	1.273	0.415	0.546	2.382	19.075	20.5	20.8	21.875	22.2	0.519
2025-11-27 00:00:00	-92.3536	30.1784	0	10.8	15.225	40.889	102.47	0.707	0	3.635	16.4	0	0	6.325	1.02	0	0.086	0.168	0.151	0.23	0.26	-1669.475	-1278.275	-1233.95	NA	1.268	0.414	0.544	2.379	18.312	20.225	20.8	21.85	22.2	1
2025-11-27 01:00:00	-92.3536	30.1784	0	9.508	13.625	44.966	102.495	0.702	0	3.837	7.925	0	0	6.08	0.855	0	0.086	0.168	0.151	0.23	0.26	-1720.35	-1288.175	-1247.375	NA	1.266	0.413	0.544	2.383	17.675	19.925	20.762	21.85	22.2	NA
2025-11-27 02:00:00	-92.3536	30.1784	0	8.217	12.175	48.991	102.528	0.695	0	3.435	7.275	0	0	5.133	0.722	0	0.086	0.168	0.151	0.23	0.26	-1751.125	-1297.575	-1250.6	NA	1.265	0.413	0.545	2.383	17.125	19.6	20.675	21.85	22.2	NA
2025-11-27 03:00:00	-92.3536	30.1784	0	8.278	11.75	47.272	102.537	0.652	0	4.752	11.975	0	0	7.108	0.725	0	0.086	0.168	0.151	0.23	0.26	-1769.45	-1304.175	-1260.95	NA	1.26	0.414	0.545	2.384	16.625	19.325	20.587	21.8	22.2	NA
2025-11-27 04:00:00	-92.3536	30.1784	0	7.642	11.15	47.326	102.555	0.627	0	4.293	13.65	0	0	7.133	0.695	0	0.086	0.168	0.151	0.23	0.26	-1822.225	-1317.875	-1269.75	NA	1.26	0.413	0.545	2.383	16.163	19	20.475	21.8	22.2	NA
2025-11-27 05:00:00	-92.3536	30.1784	0	6.688	10.375	48.411	102.55	0.609	0	3.385	24.25	0	0	5.732	0.65	0	0.086	0.168	0.151	0.23	0.26	-1869.5	-1330.85	-1275.05	NA	1.256	0.413	0.546	2.382	15.787	18.725	20.363	21.775	22.2	NA
2025-11-27 06:00:00	-92.3536	30.1784	0	3.87	8.55	54.348	102.512	0.604	0	1.668	27.4	0	0	2.79	0.51	0	0.086	0.168	0.151	0.23	0.26	-1882.675	-1340.525	-1287.4	NA	1.256	0.412	0.546	2.384	15.45	18.475	20.212	21.75	22.2	NA
2025-11-27 07:00:00	-92.3536	30.1784	0	2.065	7.525	61.931	102.485	0.643	0	1.39	14.975	0	0	2.525	0.395	0	0.086	0.168	0.151	0.23	0.26	-1922.475	-1349.025	-1294.8	NA	1.254	0.41	0.545	2.386	15.05	18.2	20.05	21.75	22.2	NA
2025-11-27 08:00:00	-92.3536	30.1784	0	2.277	6.775	68.807	102.568	0.678	0	1.74	326.775	0	0	2.572	0.308	0	0.086	0.168	0.151	0.23	0.26	-1978.45	-1359.625	-1303.575	NA	1.251	0.408	0.545	2.384	14.675	17.95	19.913	21.738	22.2	NA
2025-11-27 09:00:00	-92.3536	30.1784	0	1.288	6.275	72.416	102.603	0.69	0	1.322	327.45	0	0	1.828	0.262	0	0.086	0.168	0.151	0.23	0.26	-2015.25	-1371.725	-1309.875	NA	1.25	0.407	0.544	2.382	14.375	17.7	19.775	21.663	22.2	NA
2025-11-27 10:00:00	-92.3536	30.1784	0	1.062	5.75	76.595	102.622	0.704	0	1.438	329.525	0	0	1.742	0.215	0	0.086	0.168	0.151	0.23	0.26	-2033.65	-1381.65	-1315.05	NA	1.25	0.407	0.544	2.383	14.05	17.45	19.613	21.65	22.2	NA
2025-11-27 11:00:00	-92.3536	30.1784	0	-0.135	5.25	80.552	102.622	0.715	0	0.68	261.2	0	0	0.98	0.175	0	0.086	0.168	0.151	0.23	0.26	-2066.7	-1391.725	-1323.2	NA	1.248	0.408	0.544	2.382	13.75	17.2	19.462	21.65	22.2	NA
2025-11-27 12:00:00	-92.3536	30.1784	0	0.058	4.95	82.436	102.702	0.716	0	1.06	262.35	0	0	1.562	0.155	0	0.086	0.168	0.151	0.23	0.26	-2122.3	-1403.2	-1328.825	NA	1.246	0.406	0.544	2.386	13.45	16.975	19.288	21.6	22.2	1
2025-11-27 13:00:00	-92.3536	30.1784	0	4.308	6.175	84.927	102.805	0.805	34.975	1.955	266	0	0	2.965	0.143	0	0.086	0.168	0.151	0.23	0.26	-2169.825	-1415.45	-1336.8	NA	1.246	0.405	0.544	2.386	13.225	16.75	19.138	21.562	22.2	0.523
2025-11-27 14:00:00	-92.3536	30.1784	0	10.398	8.925	70.702	102.858	0.805	217.825	3.88	45.825	0	0	5.94	0.335	0	0.086	0.168	0.151	0.23	0.26	-2185.1	-1429.05	-1342.5	NA	1.245	0.404	0.543	2.383	13.45	16.55	18.975	21.5	22.2	0.495
2025-11-27 15:00:00	-92.3536	30.1784	0	14.29	10.95	52.694	102.862	0.688	376.15	5.352	59.45	0	0	9.203	0.623	0	0.086	0.168	0.151	0.23	0.26	-2190.5	-1439.025	-1349.9	NA	1.246	0.406	0.542	2.384	13.975	16.5	18.825	21.488	22.2	0.49
2025-11-27 16:00:00	-92.3536	30.1784	0	19.122	12.8	42.951	102.955	0.635	505	4.298	28.5	0	0	7.402	0.843	0	0.086	0.168	0.151	0.23	0.26	-2183.225	-1449.175	-1360.25	NA	1.245	0.405	0.541	2.382	14.787	16.575	18.688	21.4	22.2	0.472
2025-11-27 17:00:00	-92.3536	30.1784	0	21.79	13.825	38.742	102.925	0.612	529.825	4.998	22	0	0	8.348	0.97	0	0.085	0.167	0.151	0.23	0.26	-2159.15	-1461.225	-1370.15	NA	1.248	0.404	0.54	2.381	15.85	16.8	18.6	21.375	22.2	0.453
2025-11-27 18:00:00	-92.3536	30.1784	0	23.465	14.825	36.728	102.848	0.619	546.3	4.74	17.35	0	0	7.977	1.065	0	0.085	0.167	0.151	0.23	0.26	-2116.7	-1473.975	-1379.325	NA	1.252	0.405	0.541	2.384	17.113	17.15	18.55	21.325	22.2	0.494
2025-11-27 19:00:00	-92.3536	30.1784	0	23.365	15.725	34.443	102.778	0.615	537.4	4.553	11.2	0	0	8.255	1.17	0	0.085	0.167	0.151	0.23	0.26	-2076.8	-1479.625	-1382.675	NA	1.256	0.407	0.543	2.38	17.975	17.625	18.55	21.262	22.2	0.488
2025-11-27 20:00:00	-92.3536	30.1784	0	21.66	16.25	33.435	102.742	0.618	424.075	4.105	96.025	0	0	7.17	1.228	0	0.085	0.167	0.151	0.23	0.26	-2060.5	-1489.7	-1391.875	NA	1.258	0.409	0.542	2.382	18.375	18.05	18.575	21.238	22.2	0.517
2025-11-27 21:00:00	-92.3536	30.1784	0	18.267	16.25	32.285	102.745	0.597	245.725	4.577	6.1	0	0	6.932	1.25	0	0.085	0.167	0.151	0.23	0.26	-2066.675	-1498.275	-1399.725	NA	1.261	0.41	0.542	2.382	18.5	18.325	18.662	21.15	22.2	0.504
2025-11-27 22:00:00	-92.3536	30.1784	0	14.03	15.925	31.615	102.758	0.572	61.425	4.36	122.933	0	0	6.907	1.235	0	0.085	0.167	0.151	0.23	0.26	-2095.25	-1505.05	-1407.825	NA	1.259	0.411	0.541	2.384	17.975	18.5	18.762	21.125	22.2	0.478
2025-11-27 23:00:00	-92.3536	30.1784	0	8.058	13.35	38.324	102.773	0.585	3.525	2.308	91.55	0	0	3.577	0.95	0	0.084	0.167	0.151	0.23	0.26	-2154.525	-1516.15	-1411.9	NA	1.257	0.411	0.542	2.381	17.15	18.425	18.837	21.05	22.2	0.44
2025-11-28 00:00:00	-92.3536	30.1784	0	6.022	11.575	46.143	102.805	0.629	0	1.84	8.3	0	0	2.587	0.735	0	0.084	0.167	0.151	0.23	0.26	-2190.925	-1520.775	-1420.7	NA	1.254	0.411	0.541	2.38	16.325	18.225	18.9	21.05	22.2	NA
2025-11-28 01:00:00	-92.3536	30.1784	0	5.667	10.775	48.975	102.835	0.633	0	2.035	8.975	0	0	3.325	0.657	0	0.085	0.167	0.151	0.23	0.26	-2264.25	-1524.05	-1430.45	NA	1.253	0.41	0.541	2.382	15.688	17.975	18.9	20.975	22.2	NA
2025-11-28 02:00:00	-92.3536	30.1784	0	6.148	10.575	48.505	102.848	0.619	0	2.56	17.925	0	0	4.38	0.657	0	0.085	0.167	0.151	0.23	0.26	-2336.6	-1533.625	-1434.075	NA	1.25	0.41	0.541	2.382	15.2	17.7	18.887	20.95	22.15	NA
2025-11-28 03:00:00	-92.3536	30.1784	0	5.112	9.65	50.385	102.86	0.604	0	2.28	22.2	0	0	3.652	0.597	0	0.085	0.167	0.151	0.23	0.26	-2356.1	-1536.2	-1444.45	NA	1.247	0.41	0.542	2.383	14.787	17.425	18.838	20.95	22.1	NA
2025-11-28 04:00:00	-92.3536	30.1784	0	5.297	9.25	51.758	102.872	0.604	0	2.852	10.7	0	0	4.763	0.562	0	0.085	0.167	0.151	0.23	0.26	-2403.825	-1549.7	-1454.125	NA	1.248	0.41	0.541	2.384	14.438	17.2	18.75	20.925	22.1	NA
2025-11-28 05:00:00	-92.3536	30.1784	0	4.768	8.925	50.553	102.918	0.577	0	2.058	27.45	0	0	4.03	0.565	0	0.085	0.167	0.15	0.23	0.26	-2471.225	-1557.125	-1465.2	NA	1.245	0.41	0.541	2.383	14.125	16.95	18.65	20.85	22.1	NA
2025-11-28 06:00:00	-92.3536	30.1784	0	1.595	7.3	56.164	102.945	0.573	0	1.175	27.575	0	0	2.235	0.452	0	0.085	0.167	0.15	0.23	0.26	-2518.4	-1568.075	-1465.525	NA	1.244	0.408	0.541	2.38	13.8	16.75	18.55	20.85	22.1	NA
2025-11-28 07:00:00	-92.3536	30.1784	0	-0.81	6.1	65.205	102.918	0.613	0	0.46	26.375	0	0	0.797	0.33	0	0.085	0.167	0.15	0.23	0.26	-2563.525	-1575.05	-1475.9	NA	1.243	0.408	0.538	2.384	13.438	16.525	18.438	20.85	22.1	NA
2025-11-28 08:00:00	-92.3536	30.1784	0	-1.04	5.475	69.649	102.895	0.628	0	0.62	272.45	0	0	1.075	0.275	0	0.085	0.167	0.15	0.23	0.26	-2633.3	-1582.5	-1485.575	NA	1.239	0.406	0.538	2.38	13.012	16.3	18.325	20.812	22.1	NA
2025-11-28 09:00:00	-92.3536	30.1784	0	-1.352	4.75	76.257	102.892	0.654	0	0.512	247.225	0	0	1.02	0.202	0	0.085	0.167	0.15	0.23	0.26	-2727.05	-1594.75	-1490.725	NA	1.239	0.406	0.538	2.379	12.688	16.075	18.212	20.75	22.1	NA
2025-11-28 10:00:00	-92.3536	30.1784	0	-1.505	3.725	80.667	102.882	0.643	0	0.935	307.85	0	0	1.278	0.152	0	0.085	0.167	0.15	0.23	0.26	-2783.575	-1606.85	-1503.2	NA	1.239	0.404	0.54	2.38	12.387	15.85	18.1	20.75	22.1	NA
2025-11-28 11:00:00	-92.3536	30.1784	0	-0.52	4.525	78.932	102.898	0.666	0	1.16	167.7	0	0	1.622	0.178	0	0.085	0.167	0.15	0.23	0.26	-2800.9	-1618.25	-1504.2	NA	1.238	0.405	0.54	2.38	12.137	15.6	17.962	20.725	22.1	NA
2025-11-28 12:00:00	-92.3536	30.1784	0	-1.097	4	81.181	102.965	0.66	0	0.953	255.3	0	0	1.355	0.155	0	0.085	0.167	0.15	0.23	0.26	-2830.55	-1632.1	-1516.6	NA	1.238	0.404	0.54	2.379	11.963	15.4	17.837	20.65	22.1	0.8
2025-11-28 13:00:00	-92.3536	30.1784	0	2.327	5.125	81.855	102.995	0.722	40.3	1.413	23.1	0	0	2.248	0.16	0	0.085	0.167	0.15	0.23	0.26	-2856.825	-1647.1	-1524.375	NA	1.234	0.404	0.54	2.384	11.775	15.25	17.675	20.65	22.025	0.509
2025-11-28 14:00:00	-92.3536	30.1784	0	8.922	7.675	77.36	103.045	0.81	228.075	3.962	63.425	0	0	7.088	0.238	0	0.085	0.167	0.15	0.23	0.26	-2873.575	-1654.425	-1534.2	NA	1.236	0.405	0.539	2.382	11.938	15.075	17.55	20.588	22	0.48
2025-11-28 15:00:00	-92.3536	30.1784	0	13.832	10.375	54.361	103.085	0.681	397.375	5.35	71.95	0	0	8.248	0.578	0	0.085	0.167	0.15	0.229	0.26	-2868.45	-1662.55	-1544.6	NA	1.236	0.405	0.537	2.384	12.562	15	17.425	20.55	22	0.476
2025-11-28 16:00:00	-92.3536	30.1784	0	18.828	12.475	42.887	103.098	0.619	516.475	4.568	74.925	0	0	7.51	0.83	0	0.085	0.166	0.15	0.229	0.26	-2824.725	-1675.9	-1552.1	NA	1.236	0.406	0.537	2.383	13.588	15.15	17.3	20.5	22	0.464
2025-11-28 17:00:00	-92.3536	30.1784	0	21.773	14.075	36.221	103.03	0.582	550.325	5.152	75.35	0	0	8.442	1.022	0	0.084	0.166	0.15	0.229	0.26	-2807.5	-1682.275	-1556.5	NA	1.243	NA	0.539	2.383	14.8	15.425	17.213	20.45	22	0.458
2025-11-28 18:00:00	-92.3536	30.1784	0	23.28	15.2	34.59	102.872	0.597	551.8	4.555	77.275	0	0	7.888	1.128	0	0.084	0.166	0.15	0.229	0.26	-2761.05	-1687.3	-1563.7	NA	1.246	0.404	0.54	2.384	16.175	15.825	17.2	20.4	22	0.469
2025-11-28 19:00:00	-92.3536	30.1784	0	23.935	15.775	32.867	102.748	0.589	558.25	3.87	72.5	0	0	7.27	1.202	0	0.084	0.166	0.15	0.229	0.26	-2703.95	-1692.1	-1577.975	NA	1.245	NA	0.538	2.382	17.125	16.35	17.238	20.337	22	0.456
2025-11-28 20:00:00	-92.3536	30.1784	0	21.985	16.2	31.493	102.665	0.58	448.975	3.487	77.95	0	0	6.415	1.262	0	0.084	0.166	0.15	0.229	0.26	-2664.25	-1698.15	-1580.45	NA	1.25	NA	0.538	2.382	17.637	16.8	17.3	20.3	22	0.493
2025-11-28 21:00:00	-92.3536	30.1784	0	18.835	16.25	30.894	102.64	0.571	274.75	2.522	68.5	0	0	4.843	1.278	0	0.084	0.166	0.15	0.229	0.26	-2644.825	-1703.2	-1589.525	NA	1.252	NA	0.539	2.38	17.875	17.15	17.413	20.275	22	0.476
2025-11-28 22:00:00	-92.3536	30.1784	0	13.608	15.375	32.106	102.662	0.559	92.025	2.172	64.075	0	0	3.902	1.188	0	0.084	0.167	0.15	0.229	0.26	-2665.675	-1706.1	-1597	NA	1.25	NA	0.538	2.381	17.413	17.375	17.562	20.2	21.95	0.455
2025-11-28 23:00:00	-92.3536	30.1784	0	8.595	12.275	46.059	102.625	0.656	3.8	1.453	75.2	0	0	2.242	0.775	0	0.084	0.167	0.15	0.229	0.26	-2722.575	-1706.575	-1605.725	NA	1.248	NA	0.537	2.38	16.6	17.4	17.663	20.188	21.9	0.46
2025-11-29 00:00:00	-92.3536	30.1784	0	7.558	11.525	50.092	102.61	0.681	0	1.288	154.85	0	0	2.245	0.677	0	0.084	0.167	0.15	0.229	0.26	-2769.325	-1713.95	-1613.05	NA	1.248	0.412	0.537	2.382	15.875	17.25	17.75	20.125	21.9	NA
2025-11-29 01:00:00	-92.3536	30.1784	0	7.423	10.525	57.436	102.622	0.73	0	1.163	64.25	0	0	2.052	0.542	0	0.084	0.167	0.15	0.229	0.26	-2788.85	-1718.2	-1619.175	NA	1.245	NA	0.537	2.378	15.337	17.075	17.8	20.1	21.9	NA
2025-11-29 02:00:00	-92.3536	30.1784	0	7.725	10.775	54.679	102.595	0.707	0	1.545	101.45	0	0	2.933	0.585	0	0.084	0.167	0.15	0.229	0.26	-2855.75	-1723.125	-1622.55	NA	1.241	0.411	0.537	2.379	15.012	16.9	17.8	20.1	21.9	NA
2025-11-29 03:00:00	-92.3536	30.1784	0	6.278	9.85	54.672	102.595	0.665	0	2.262	93.525	0	0	4.338	0.55	0	0.084	0.167	0.15	0.229	0.26	-2938.725	-1729	-1627.525	NA	1.243	NA	0.536	2.382	14.7	16.7	17.8	20.1	21.9	NA
2025-11-29 04:00:00	-92.3536	30.1784	0	7.178	9.85	54.619	102.54	0.664	0	3.07	103.7	0	0	5.248	0.55	0	0.084	0.167	0.15	0.229	0.26	-3007.975	-1735.4	-1636.9	NA	1.239	0.408	0.537	2.38	14.363	16.55	17.762	20.012	21.9	NA
2025-11-29 05:00:00	-92.3536	30.1784	0	5.03	8.9	55.881	102.48	0.637	0	1.72	111.5	0	0	3.783	0.503	0	0.084	0.167	0.15	0.229	0.26	-3037.05	-1740.3	-1639.1	NA	1.24	0.41	0.537	2.383	14.113	16.35	17.738	20	21.9	NA
2025-11-29 06:00:00	-92.3536	30.1784	0	4.303	8.075	59.588	102.405	0.643	0	1.77	90.325	0	0	3.297	0.435	0	0.084	0.167	0.15	0.229	0.26	-3067.975	-1744	-1644.475	NA	1.238	0.41	0.537	2.386	13.7	16.2	17.65	20	21.825	NA
2025-11-29 07:00:00	-92.3536	30.1784	0	4.535	7.95	61.501	102.332	0.657	0	2.025	96.175	0	0	3.938	0.415	0	0.084	0.166	0.15	0.229	0.26	-3133.2	-1754.575	-1649.55	NA	1.24	NA	0.537	2.383	13.4	16	17.6	20	21.8	NA
2025-11-29 08:00:00	-92.3536	30.1784	0	4.453	7.65	63.593	102.252	0.666	0	1.478	107.125	0	0	3.515	0.38	0	0.084	0.166	0.15	0.229	0.26	-3228.525	-1768.3	-1655.375	NA	1.239	NA	0.537	2.379	13.15	15.825	17.512	20	21.8	NA
2025-11-29 09:00:00	-92.3536	30.1784	0	5.355	7.25	67.384	102.22	0.687	0	1.158	148.475	0	0	2.438	0.33	0	0.084	0.166	0.15	0.229	0.26	-3292.125	-1773.775	-1665.9	NA	1.237	NA	0.538	2.379	13	15.65	17.438	19.975	21.8	NA
2025-11-29 10:00:00	-92.3536	30.1784	0	7.68	8.35	67.276	102.168	0.739	0	2.235	92.925	0	0	3.9	0.36	0	0.084	0.166	0.15	0.229	0.26	-3312.625	-1780.125	-1671.25	NA	1.24	NA	0.538	2.378	13.05	15.525	17.337	19.912	21.8	NA
2025-11-29 11:00:00	-92.3536	30.1784	0	8.338	9.075	65.153	102.14	0.752	0	3.168	84.95	0	0	6.03	0.402	0	0.084	0.166	0.15	0.229	0.26	-3320.85	-1793.675	-1678.7	NA	1.239	NA	0.538	2.377	13.225	15.425	17.25	19.9	21.8	NA
2025-11-29 12:00:00	-92.3536	30.1784	0	7.675	8.775	67.98	102.195	0.769	0	2.535	62.175	0	0	4.602	0.362	0	0.084	0.166	0.15	0.229	0.26	-3337.5	-1802.275	-1681.775	NA	1.239	NA	0.538	2.377	13.25	15.4	17.163	19.9	21.8	NA
2025-11-29 13:00:00	-92.3536	30.1784	0	9.495	9.525	69.443	102.188	0.826	47.775	4.485	79.075	0	0	7.495	0.365	0	0.084	0.166	0.15	0.229	0.26	-3337.675	-1813.825	-1689.75	NA	1.238	NA	0.537	2.375	13.287	15.4	17.1	19.9	21.8	0.431
2025-11-29 14:00:00	-92.3536	30.1784	0	12.662	11.4	67.864	102.197	0.915	94.325	4.525	72.275	0	0	7.945	0.432	0	0.084	0.166	0.15	0.229	0.26	-3335.775	-1816.35	-1697.85	NA	1.235	NA	0.536	2.376	13.575	15.4	17.05	19.812	21.75	0.458
2025-11-29 15:00:00	-92.3536	30.1784	0	15.367	12.825	67.484	102.175	1	187.775	5.22	87	0	0	7.96	0.48	0	0.084	0.166	0.15	0.229	0.26	-3348.9	-1824.1	-1703.025	NA	1.239	NA	0.536	2.377	14.1	15.4	16.975	19.8	21.7	0.455
2025-11-29 16:00:00	-92.3536	30.1784	0	19.035	14.8	66.721	102.132	1.124	262.225	3.915	97.7	0	0	6.52	0.562	0	0.084	0.166	0.15	0.229	0.26	-3306.35	-1832.1	-1709.85	NA	1.242	NA	0.536	2.375	14.863	15.55	16.95	19.8	21.7	0.45
2025-11-29 17:00:00	-92.3536	30.1784	0	21.335	16.95	64.477	102.04	1.246	274.125	3.737	114.775	0	0	6.635	0.685	0	0.083	0.166	0.15	0.229	0.26	-3234.025	-1844.575	-1716.325	NA	1.242	NA	0.537	2.375	15.762	15.8	16.95	19.725	21.7	0.462
2025-11-29 18:00:00	-92.3536	30.1784	0	22.317	19.325	62.817	101.908	1.409	229.875	4.53	133.6	0	0	8.825	0.833	0	0.083	0.166	0.15	0.229	0.26	-3099.75	-1845.525	-1718.875	NA	1.244	NA	0.536	2.377	16.688	16.15	16.95	19.7	21.7	0.478
2025-11-29 19:00:00	-92.3536	30.1784	0	20.837	19.65	64.444	101.838	1.474	159.65	4.64	135.1	0	0	7.755	0.818	0	0.083	0.166	0.15	0.229	0.26	-3041.6	-1846.375	-1723.725	NA	1.243	NA	0.538	2.378	17.225	16.475	17.025	19.7	21.7	0.49
2025-11-29 20:00:00	-92.3536	30.1784	0	23.128	20.525	63.645	101.773	1.537	265.175	4.64	133.2	0	0	7.772	0.873	0	0.083	0.166	0.15	0.229	0.26	-3031.275	-1846.925	-1732.7	NA	1.246	NA	0.536	2.378	17.538	16.8	17.1	19.675	21.7	0.464
2025-11-29 21:00:00	-92.3536	30.1784	0	22.645	21.05	61.342	101.735	1.53	201.25	5.142	139.55	0	0	9.595	0.96	0	0.083	0.166	0.15	0.229	0.26	-3017.85	-1847.325	-1730.6	NA	1.248	NA	0.537	2.378	18.012	17.075	17.225	19.6	21.7	0.469
2025-11-29 22:00:00	-92.3536	30.1784	0	20.503	20.675	63.253	101.76	1.542	89.3	4.175	137.6	0	0	7.352	0.895	0	0.083	0.166	0.149	0.229	0.26	-2994.125	-1846.7	-1745	NA	1.25	NA	0.538	2.378	18.163	17.325	17.35	19.6	21.6	0.47
2025-11-29 23:00:00	-92.3536	30.1784	0	18.3	19.5	65.873	101.808	1.493	4.075	3.343	129.65	0	0	6.015	0.772	0	0.083	0.166	0.15	0.229	0.26	-2987.4	-1844.15	-1748	NA	1.25	NA	0.538	2.38	18	17.525	17.462	19.6	21.6	0.457
2025-11-30 00:00:00	-92.3536	30.1784	0	16.305	18.375	68.538	101.835	1.448	0	2.69	123.3	0	0	4.742	0.665	0	0.083	0.166	0.15	0.229	0.26	-2990.025	-1835.25	-1753.25	NA	1.251	NA	0.538	2.378	17.675	17.6	17.575	19.6	21.6	NA
2025-11-30 01:00:00	-92.3536	30.1784	0	15.85	17.575	71.551	101.88	1.438	0	1.428	121.975	0	0	2.525	0.57	0	0.083	0.166	0.15	0.229	0.26	-3004.5	-1836.95	-1754.375	NA	1.251	NA	0.538	2.378	17.35	17.6	17.675	19.575	21.6	NA
2025-11-30 02:00:00	-92.3536	30.1784	0	16.47	17.8	71.976	101.878	1.467	0	2.643	127.65	0	0	4.548	0.568	0	0.083	0.166	0.15	0.229	0.26	-3014.55	-1836.425	-1759.325	NA	1.248	NA	0.538	2.379	17.188	17.6	17.775	19.55	21.6	NA
2025-11-30 03:00:00	-92.3536	30.1784	0	15.165	17.45	72.952	101.862	1.454	0	3	123	0	0	4.995	0.532	0	0.083	0.166	0.15	0.229	0.26	-3029.725	-1830.525	-1762.875	NA	1.248	NA	0.538	2.377	17.1	17.575	17.8	19.55	21.6	NA
2025-11-30 04:00:00	-92.3536	30.1784	0	13.2	16.125	77.747	101.87	1.425	0	1.482	109.2	0	0	3.013	0.408	0	0.083	0.166	0.15	0.229	0.26	-3078.3	-1834.925	-1775	NA	1.249	NA	0.538	2.376	16.875	17.5	17.875	19.55	21.6	NA
