2025-11-06 21:00:00	-91.7134	29.9604	0	25.168	24.675	64.21	101.537	1.995	87.45	1.795	127.175	0	0	3.275	1.11	0	NA	NA	NA	NA	NA	NA	NA	NA	NA	NA	NA	NA	NA	NA	NA	NA	NA	NA	0.631
2025-11-06 22:00:00	-91.7134	29.9604	0	23.125	24.275	64.926	101.535	1.97	28.4	1.515	129.35	0	0	3.002	1.062	0	NA	NA	NA	NA	NA	NA	NA	NA	NA	NA	NA	NA	NA	NA	NA	NA	NA	NA	0.61
2025-11-06 23:00:00	-91.7134	29.9604	0	21.255	23.05	71.378	101.522	2.01	0.4	0.74	158.4	0	0	1.865	0.807	0	NA	NA	NA	NA	NA	NA	NA	NA	NA	NA	NA	NA	NA	NA	NA	NA	NA	NA	NA
2025-11-07 00:00:00	-91.7134	29.9604	0	20.245	22.25	74.94	101.528	2.012	0	1.578	185.85	7.75	0.25	3.558	0.675	0	NA	NA	NA	NA	NA	NA	NA	NA	NA	NA	NA	NA	NA	NA	NA	NA	NA	NA	NA
2025-11-07 01:00:00	-91.7134	29.9604	0	19.815	21.5	77.082	101.515	1.977	0	1.865	167.675	0	0	3.745	0.59	0	NA	NA	NA	NA	NA	NA	NA	NA	NA	NA	NA	NA	NA	NA	NA	NA	NA	NA	NA
2025-11-07 02:00:00	-91.7134	29.9604	0	19.032	20.725	78.986	101.49	1.932	0	1.79	157.55	0	0	3.515	0.515	0	NA	NA	NA	NA	NA	NA	NA	NA	NA	NA	NA	NA	NA	NA	NA	NA	NA	NA	NA
2025-11-07 03:00:00	-91.7134	29.9604	0	17.525	19.975	78.417	101.45	1.831	0	1.058	152.375	0	0	2.668	0.503	0	NA	NA	NA	NA	NA	NA	NA	NA	NA	NA	NA	NA	NA	NA	NA	NA	NA	NA	NA
2025-11-07 04:00:00	-91.7134	29.9604	0	16.54	18.8	81.082	101.42	1.76	0	0.46	123.575	0	0	1.19	0.41	0	NA	NA	NA	NA	NA	NA	NA	NA	NA	NA	NA	NA	NA	NA	NA	NA	NA	NA	NA
2025-11-07 05:00:00	-91.7134	29.9604	0	15.47	18.15	84.051	101.385	1.751	0	0.3	181.225	0	0	0.643	0.33	0	NA	NA	NA	NA	NA	NA	NA	NA	NA	NA	NA	NA	NA	NA	NA	NA	NA	NA	NA
2025-11-07 06:00:00	-91.7134	29.9604	0	14.222	17.25	88.048	101.33	1.734	0	0.452	218.125	0	0	0.922	0.232	0	NA	NA	NA	NA	NA	NA	NA	NA	NA	NA	NA	NA	NA	NA	NA	NA	NA	NA	NA
2025-11-07 07:00:00	-91.7134	29.9604	0	14.422	17.05	90.324	101.278	1.756	0	0.39	190.35	0	0	1.075	0.19	0	NA	NA	NA	NA	NA	NA	NA	NA	NA	NA	NA	NA	NA	NA	NA	NA	NA	NA	NA
2025-11-07 08:00:00	-91.7134	29.9604	0	14.23	16.925	92.386	101.23	1.782	0	0.395	153.75	0	0	1.007	0.145	0	NA	NA	NA	NA	NA	NA	NA	NA	NA	NA	NA	NA	NA	NA	NA	NA	NA	NA	NA
2025-11-07 09:00:00	-91.7134	29.9604	0	15.955	17.375	94.971	101.172	1.885	0	0.887	146.55	0	0	1.825	0.103	0	NA	NA	NA	NA	NA	NA	NA	NA	NA	NA	NA	NA	NA	NA	NA	NA	NA	NA	NA
2025-11-07 10:00:00	-91.7134	29.9604	0	16.377	17.375	96.29	101.16	1.911	0	0.545	98.95	0	0	1.33	0.073	0	NA	NA	NA	NA	NA	NA	NA	NA	NA	NA	NA	NA	NA	NA	NA	NA	NA	NA	NA
2025-11-07 11:00:00	-91.7134	29.9604	0	17.312	18	97.42	101.165	2.011	0	0.615	119.85	0	0	1.448	0.055	0	NA	NA	NA	NA	NA	NA	NA	NA	NA	NA	NA	NA	NA	NA	NA	NA	NA	NA	NA
2025-11-07 12:00:00	-91.7134	29.9604	0	16.528	18.125	97.556	101.175	2.03	3.175	0.358	134.525	0	0	0.863	0.048	0	NA	NA	NA	NA	NA	NA	NA	NA	NA	NA	NA	NA	NA	NA	NA	NA	NA	NA	0.603
2025-11-07 13:00:00	-91.7134	29.9604	0	19.792	19.2	99.166	101.175	2.208	55.875	1.228	140.55	0	0	1.982	0.01	0	NA	NA	NA	NA	NA	NA	NA	NA	NA	NA	NA	NA	NA	NA	NA	NA	NA	NA	0.626
2025-11-07 14:00:00	-91.7134	29.9604	0	23.285	21.45	98.876	101.213	2.528	137.425	0.693	177.05	0	0	1.45	0.03	0	NA	NA	NA	NA	NA	NA	NA	NA	NA	NA	NA	NA	NA	NA	NA	NA	NA	NA	0.618
2025-11-07 15:00:00	-91.7134	29.9604	0	28.073	23.9	93.198	101.192	2.762	308	1.502	240.725	0	0	3.198	0.205	0	NA	NA	NA	NA	NA	NA	NA	NA	NA	NA	NA	NA	NA	NA	NA	NA	NA	NA	0.577
2025-11-07 16:00:00	-91.7134	29.9604	0	30.248	25.675	78.002	101.17	2.57	477.775	3.495	249.9	0	0	6.178	0.725	0	NA	NA	NA	NA	NA	NA	NA	NA	NA	NA	NA	NA	NA	NA	NA	NA	NA	NA	0.532
2025-11-07 17:00:00	-91.7134	29.9604	0	33.317	26.725	68.989	101.122	2.42	665.5	4.133	245.525	0	0	7.763	1.088	0	NA	NA	NA	NA	NA	NA	NA	NA	NA	NA	NA	NA	NA	NA	NA	NA	NA	NA	0.511
2025-11-07 18:00:00	-91.7134	29.9604	0	34.587	27.175	66.599	101.002	2.399	704.9	3.872	234.7	0	0	7.21	1.2	0	NA	NA	NA	NA	NA	NA	NA	NA	NA	NA	NA	NA	NA	NA	NA	NA	NA	NA	0.563
2025-11-07 19:00:00	-91.7134	29.9604	0	32.943	27.225	61.822	100.912	2.233	592.8	4.375	253.325	0	0	8.115	1.375	0	NA	NA	NA	NA	NA	NA	NA	NA	NA	NA	NA	NA	NA	NA	NA	NA	NA	NA	0.579
2025-11-07 20:00:00	-91.7134	29.9604	0	31.715	27.2	61.1	100.86	2.204	453.325	3.9	244.05	0	0	7.117	1.402	0	NA	NA	NA	NA	NA	NA	NA	NA	NA	NA	NA	NA	NA	NA	NA	NA	NA	NA	0.592
2025-11-07 21:00:00	-91.7134	29.9604	0	28.595	26.5	61.456	100.838	2.127	330.875	3.93	237.35	0	0	7.627	1.33	0	NA	NA	NA	NA	NA	NA	NA	NA	NA	NA	NA	NA	NA	NA	NA	NA	NA	NA	0.609
2025-11-07 22:00:00	-91.7134	29.9604	0	24.792	25.525	64.904	100.83	2.121	143.6	3.155	235.8	0	0	5.588	1.14	0	NA	NA	NA	NA	NA	NA	NA	NA	NA	NA	NA	NA	NA	NA	NA	NA	NA	NA	0.621
2025-11-07 23:00:00	-91.7134	29.9604	0	19.878	23.275	71.967	100.84	2.054	9.575	1.453	230.175	0	0	2.622	0.805	0	NA	NA	NA	NA	NA	NA	NA	NA	NA	NA	NA	NA	NA	NA	NA	NA	NA	NA	0.597
2025-11-08 00:00:00	-91.7134	29.9604	0	17.363	21.05	81.467	100.88	2.031	0	1.112	228.525	0	0	1.888	0.462	0	NA	NA	NA	NA	NA	NA	NA	NA	NA	NA	NA	NA	NA	NA	NA	NA	NA	NA	NA
2025-11-08 01:00:00	-91.7134	29.9604	0	17.098	20.275	85.177	100.91	2.026	0	1.222	235.725	0	0	2.202	0.348	0	NA	NA	NA	NA	NA	NA	NA	NA	NA	NA	NA	NA	NA	NA	NA	NA	NA	NA	NA
2025-11-08 02:00:00	-91.7134	29.9604	0	14.41	19.375	90.193	100.955	2.029	0	0.728	250.45	0	0	1.32	0.222	0	NA	NA	NA	NA	NA	NA	NA	NA	NA	NA	NA	NA	NA	NA	NA	NA	NA	NA	NA
2025-11-08 03:00:00	-91.7134	29.9604	0	12.392	18.4	94.435	100.988	1.998	0	0.507	212.825	0	0	0.78	0.117	0	NA	NA	NA	NA	NA	NA	NA	NA	NA	NA	NA	NA	NA	NA	NA	NA	NA	NA	NA
2025-11-08 04:00:00	-91.7134	29.9604	0	12.047	17.775	94.905	101.012	1.931	0	0.38	239.425	0	0	0.69	0.103	0	NA	NA	NA	NA	NA	NA	NA	NA	NA	NA	NA	NA	NA	NA	NA	NA	NA	NA	NA
2025-11-08 05:00:00	-91.7134	29.9604	0	14.453	17.5	97.288	101.01	1.946	0	0.478	88.425	0	0	1.038	0.05	0	NA	NA	NA	NA	NA	NA	NA	NA	NA	NA	NA	NA	NA	NA	NA	NA	NA	NA	NA
2025-11-08 06:00:00	-91.7134	29.9604	0	14.817	17.225	97.96	100.982	1.926	0	0.593	129.5	0	0	1.138	0.04	0	NA	NA	NA	NA	NA	NA	NA	NA	NA	NA	NA	NA	NA	NA	NA	NA	NA	NA	NA
2025-11-08 07:00:00	-91.7134	29.9604	0	13.75	16.55	98.237	100.975	1.85	0	0.647	96.05	0	0	1.047	0.032	0	NA	NA	NA	NA	NA	NA	NA	NA	NA	NA	NA	NA	NA	NA	NA	NA	NA	NA	NA
2025-11-08 08:00:00	-91.7134	29.9604	0	12.453	16.55	97.004	100.952	1.827	0	0.63	115.725	0	0	0.975	0.055	0	NA	NA	NA	NA	NA	NA	NA	NA	NA	NA	NA	NA	NA	NA	NA	NA	NA	NA	NA
2025-11-08 09:00:00	-91.7134	29.9604	0	12.928	16.2	98.197	100.955	1.808	0	0.76	117.3	0	0	1.185	0.03	0	NA	NA	NA	NA	NA	NA	NA	NA	NA	NA	NA	NA	NA	NA	NA	NA	NA	NA	NA
2025-11-08 10:00:00	-91.7134	29.9604	0	12.203	15.75	98.87	100.962	1.769	0	0.627	123.6	0	0	0.95	0.018	0	NA	NA	NA	NA	NA	NA	NA	NA	NA	NA	NA	NA	NA	NA	NA	NA	NA	NA	NA
2025-11-08 11:00:00	-91.7134	29.9604	0	13.028	15.525	99.224	100.995	1.75	0	0.755	122.325	0	0	1.37	0.013	0	NA	NA	NA	NA	NA	NA	NA	NA	NA	NA	NA	NA	NA	NA	NA	NA	NA	NA	NA
2025-11-08 12:00:00	-91.7134	29.9604	0	14.015	15.525	99.782	101.035	1.76	2.075	0.7	117.625	0	0	1.092	0.002	0	NA	NA	NA	NA	NA	NA	NA	NA	NA	NA	NA	NA	NA	NA	NA	NA	NA	NA	0.614
2025-11-08 13:00:00	-91.7134	29.9604	0	17.562	16.65	99.659	101.072	1.89	68.75	0.762	126.925	0	0	1.208	0	0	NA	NA	NA	NA	NA	NA	NA	NA	NA	NA	NA	NA	NA	NA	NA	NA	NA	NA	0.622
2025-11-08 14:00:00	-91.7134	29.9604	0	23.618	19.6	99.793	101.12	2.279	213.65	1.138	141.5	0	0	2.04	0	0	NA	NA	NA	NA	NA	NA	NA	NA	NA	NA	NA	NA	NA	NA	NA	NA	NA	NA	0.589
2025-11-08 15:00:00	-91.7134	29.9604	0	29.28	22.85	99.59	101.132	2.78	389.825	1.47	222.9	0	0	3.082	0.007	0	NA	NA	NA	NA	NA	NA	NA	NA	NA	NA	NA	NA	NA	NA	NA	NA	NA	NA	0.516
2025-11-08 16:00:00	-91.7134	29.9604	0	31.74	25.625	85.465	101.128	2.811	441.225	1.723	298.875	0	0	4.072	0.473	0	NA	NA	NA	NA	NA	NA	NA	NA	NA	NA	NA	NA	NA	NA	NA	NA	NA	NA	0.503
2025-11-08 17:00:00	-91.7134	29.9604	0	27.19	25.25	77.049	101.09	2.477	180.525	1.837	281	0	0	3.893	0.735	0	NA	NA	NA	NA	NA	NA	NA	NA	NA	NA	NA	NA	NA	NA	NA	NA	NA	NA	0.567
2025-11-08 18:00:00	-91.7134	29.9604	0	33.847	27.05	70.77	100.998	2.53	584.975	2.537	250.4	0	0	5.092	1.048	0	NA	NA	NA	NA	NA	NA	NA	NA	NA	NA	NA	NA	NA	NA	NA	NA	NA	NA	0.552
2025-11-08 19:00:00	-91.7134	29.9604	0	35.065	27.825	64.746	100.942	2.422	625.275	3.41	236.875	0	0	7.142	1.32	0	NA	NA	NA	NA	NA	NA	NA	NA	NA	NA	NA	NA	NA	NA	NA	NA	NA	NA	0.561
2025-11-08 20:00:00	-91.7134	29.9604	0	32.835	27.525	64.689	100.918	2.378	459.35	3.615	240.125	0	0	6.928	1.295	0	NA	NA	NA	NA	NA	NA	NA	NA	NA	NA	NA	NA	NA	NA	NA	NA	NA	NA	0.575
2025-11-08 21:00:00	-91.7134	29.9604	0	28.46	26.85	64.856	100.902	2.292	244.675	3.68	244.675	0	0	6.432	1.24	0	NA	NA	NA	NA	NA	NA	NA	NA	NA	NA	NA	NA	NA	NA	NA	NA	NA	NA	0.593
2025-11-08 22:00:00	-91.7134	29.9604	0	25.555	26.05	68.051	100.935	2.293	122.875	3.348	243.725	0	0	5.775	1.072	0	NA	NA	NA	NA	NA	NA	NA	NA	NA	NA	NA	NA	NA	NA	NA	NA	NA	NA	0.606
2025-11-08 23:00:00	-91.7134	29.9604	0	21.968	24.15	75.572	100.963	2.274	8.8	2.087	240.325	0	0	4.3	0.735	0	NA	NA	NA	NA	NA	NA	NA	NA	NA	NA	NA	NA	NA	NA	NA	NA	NA	NA	0.57
2025-11-09 00:00:00	-91.7134	29.9604	0	19.7	22.35	83.412	101.012	2.252	0	1.168	236.475	0	0	2.59	0.448	0	NA	NA	NA	NA	NA	NA	NA	NA	NA	NA	NA	NA	NA	NA	NA	NA	NA	NA	NA
2025-11-09 01:00:00	-91.7134	29.9604	0	18.132	21.05	90.395	101.082	2.255	0	0.83	218.6	0	0	1.715	0.242	0	NA	NA	NA	NA	NA	NA	NA	NA	NA	NA	NA	NA	NA	NA	NA	NA	NA	NA	NA
2025-11-09 02:00:00	-91.7134	29.9604	0	19.218	21.1	94.069	101.13	2.354	0	1.128	233.025	0	0	2.42	0.148	0	NA	NA	NA	NA	NA	NA	NA	NA	NA	NA	NA	NA	NA	NA	NA	NA	NA	NA	NA
2025-11-09 03:00:00	-91.7134	29.9604	0	19.587	21.125	95.356	101.188	2.39	0	1.268	224.525	0	0	2.455	0.11	0	NA	NA	NA	NA	NA	NA	NA	NA	NA	NA	NA	NA	NA	NA	NA	NA	NA	NA	NA
2025-11-09 04:00:00	-91.7134	29.9604	0	19.172	20.9	95.975	101.232	2.372	0	1.072	214.325	0	0	2.252	0.098	0	NA	NA	NA	NA	NA	NA	NA	NA	NA	NA	NA	NA	NA	NA	NA	NA	NA	NA	NA
2025-11-09 05:00:00	-91.7134	29.9604	0	17.945	20.45	97.257	101.258	2.338	0	0.703	200.45	0	0	1.458	0.065	0	NA	NA	NA	NA	NA	NA	NA	NA	NA	NA	NA	NA	NA	NA	NA	NA	NA	NA	NA
2025-11-09 06:00:00	-91.7134	29.9604	0	15.863	20.225	97.635	101.285	2.315	0	0.523	165.9	0	0	0.873	0.055	0	NA	NA	NA	NA	NA	NA	NA	NA	NA	NA	NA	NA	NA	NA	NA	NA	NA	NA	NA
2025-11-09 07:00:00	-91.7134	29.9604	0	15.38	19.15	98.481	101.318	2.185	0	0.365	135.3	0	0	0.652	0.032	0	NA	NA	NA	NA	NA	NA	NA	NA	NA	NA	NA	NA	NA	NA	NA	NA	NA	NA	NA
2025-11-09 08:00:00	-91.7134	29.9604	0	16.105	18.475	98.718	101.325	2.099	0	0.442	69.175	0	0	0.823	0.028	0	NA	NA	NA	NA	NA	NA	NA	NA	NA	NA	NA	NA	NA	NA	NA	NA	NA	NA	NA
2025-11-09 09:00:00	-91.7134	29.9604	0	16.752	18.1	99.262	101.338	2.062	0	0.428	139.825	0	0	0.772	0.01	0	NA	NA	NA	NA	NA	NA	NA	NA	NA	NA	NA	NA	NA	NA	NA	NA	NA	NA	NA
2025-11-09 10:00:00	-91.7134	29.9604	0	16.575	18.225	99.123	101.34	2.075	0	0.44	155.375	0	0	0.96	0.017	0	NA	NA	NA	NA	NA	NA	NA	NA	NA	NA	NA	NA	NA	NA	NA	NA	NA	NA	NA
2025-11-09 11:00:00	-91.7134	29.9604	0	17.718	19.225	98.007	101.388	2.186	0	0.46	175.425	0	0	0.94	0.042	0	NA	NA	NA	NA	NA	NA	NA	NA	NA	NA	NA	NA	NA	NA	NA	NA	NA	NA	NA
2025-11-09 12:00:00	-91.7134	29.9604	0	19.628	20.1	99.925	101.465	2.353	0	0.907	34.575	0	0	1.788	0.002	0	NA	NA	NA	NA	NA	NA	NA	NA	NA	NA	NA	NA	NA	NA	NA	NA	NA	NA	NA
2025-11-09 13:00:00	-91.7134	29.9604	0.004	19.8	19.75	99.547	101.6	2.296	36.75	3.385	25.625	0	0	7.22	0.01	0	NA	NA	NA	NA	NA	NA	NA	NA	NA	NA	NA	NA	NA	NA	NA	NA	NA	NA	0.606
2025-11-09 14:00:00	-91.7134	29.9604	0	17.5	17.45	90.688	101.79	1.811	166.1	4.638	20.625	0	0	9.48	0.18	0	NA	NA	NA	NA	NA	NA	NA	NA	NA	NA	NA	NA	NA	NA	NA	NA	NA	NA	0.599
2025-11-09 15:00:00	-91.7134	29.9604	0	19.722	17.625	79.819	101.888	1.608	297.55	4.312	28.325	0	0	9.062	0.405	0	NA	NA	NA	NA	NA	NA	NA	NA	NA	NA	NA	NA	NA	NA	NA	NA	NA	NA	0.573
2025-11-09 16:00:00	-91.7134	29.9604	0	24.163	19.025	61.187	101.918	1.345	521.15	4.568	29.85	0	0	9.615	0.853	0	NA	NA	NA	NA	NA	NA	NA	NA	NA	NA	NA	NA	NA	NA	NA	NA	NA	NA	0.53
2025-11-09 17:00:00	-91.7134	29.9604	0	26.695	20.2	48.636	101.932	1.151	649	4.878	26.4	0	0	10.088	1.215	0	NA	NA	NA	NA	NA	NA	NA	NA	NA	NA	NA	NA	NA	NA	NA	NA	NA	NA	0.533
2025-11-09 18:00:00	-91.7134	29.9604	0	27.742	20.95	40.152	101.915	0.995	697.05	5.043	21.375	0	0	10.018	1.48	0	NA	NA	NA	NA	NA	NA	NA	NA	NA	NA	NA	NA	NA	NA	NA	NA	NA	NA	0.541
2025-11-09 19:00:00	-91.7134	29.9604	0	27.233	21.275	37.459	101.888	0.948	618.325	4.505	25.4	0	0	9.988	1.578	0	NA	NA	NA	NA	NA	NA	NA	NA	NA	NA	NA	NA	NA	NA	NA	NA	NA	NA	0.561
2025-11-09 20:00:00	-91.7134	29.9604	0	25.035	21.15	35.933	101.892	0.902	461.55	5.585	11.6	0	0	10.307	1.61	0	NA	NA	NA	NA	NA	NA	NA	NA	NA	NA	NA	NA	NA	NA	NA	NA	NA	NA	0.58
2025-11-09 21:00:00	-91.7134	29.9604	0	22.105	20.6	36.241	101.93	0.879	325.15	4.902	16.55	0	0	10.218	1.545	0	NA	NA	NA	NA	NA	NA	NA	NA	NA	NA	NA	NA	NA	NA	NA	NA	NA	NA	0.604
2025-11-09 22:00:00	-91.7134	29.9604	0	18.28	19.55	37.064	102.005	0.843	145.075	4.645	18.225	0	0	9.38	1.43	0	NA	NA	NA	NA	NA	NA	NA	NA	NA	NA	NA	NA	NA	NA	NA	NA	NA	NA	0.623
2025-11-09 23:00:00	-91.7134	29.9604	0	14.505	17.65	39.765	102.1	0.803	9	3.615	17.9	0	0	7.608	1.218	0	NA	NA	NA	NA	NA	NA	NA	NA	NA	NA	NA	NA	NA	NA	NA	NA	NA	NA	0.584
2025-11-10 00:00:00	-91.7134	29.9604	0	12.83	16.15	41.97	102.23	0.77	0	3.328	16.5	0	0	6.775	1.062	0	NA	NA	NA	NA	NA	NA	NA	NA	NA	NA	NA	NA	NA	NA	NA	NA	NA	NA	NA
2025-11-10 01:00:00	-91.7134	29.9604	0	12.178	15.075	45.605	102.375	0.781	0	3.985	14.3	0	0	8.188	0.932	0	NA	NA	NA	NA	NA	NA	NA	NA	NA	NA	NA	NA	NA	NA	NA	NA	NA	NA	NA
2025-11-10 02:00:00	-91.7134	29.9604	0	10.467	13.425	52.756	102.505	0.811	0	2.638	18.775	0	0	6.418	0.725	0	NA	NA	NA	NA	NA	NA	NA	NA	NA	NA	NA	NA	NA	NA	NA	NA	NA	NA	NA
2025-11-10 03:00:00	-91.7134	29.9604	0	7.385	11.275	62.308	102.578	0.833	0	1.31	241.133	0	0	2.968	0.502	0	NA	NA	NA	NA	NA	NA	NA	NA	NA	NA	NA	NA	NA	NA	NA	NA	NA	NA	NA
2025-11-10 04:00:00	-91.7134	29.9604	0	7.018	10.4	67.176	102.617	0.847	0	1.545	92.625	0	0	3.495	0.412	0	NA	NA	NA	NA	NA	NA	NA	NA	NA	NA	NA	NA	NA	NA	NA	NA	NA	NA	NA
2025-11-10 05:00:00	-91.7134	29.9604	0	7.432	10.175	68.314	102.682	0.849	0	2.168	8.575	0	0	4.42	0.392	0	NA	NA	NA	NA	NA	NA	NA	NA	NA	NA	NA	NA	NA	NA	NA	NA	NA	NA	NA
2025-11-10 06:00:00	-91.7134	29.9604	0	6.668	9.3	70.488	102.705	0.826	0	2.002	11.375	0	0	4.162	0.342	0	NA	NA	NA	NA	NA	NA	NA	NA	NA	NA	NA	NA	NA	NA	NA	NA	NA	NA	NA
2025-11-10 07:00:00	-91.7134	29.9604	0	5.73	8.4	71.728	102.74	0.791	0	2.23	181.7	0	0	4.657	0.312	0	NA	NA	NA	NA	NA	NA	NA	NA	NA	NA	NA	NA	NA	NA	NA	NA	NA	NA	NA
2025-11-10 08:00:00	-91.7134	29.9604	0	5.388	7.85	70.808	102.798	0.752	0	2.735	2.8	0	0	5.562	0.31	0	NA	NA	NA	NA	NA	NA	NA	NA	NA	NA	NA	NA	NA	NA	NA	NA	NA	NA	NA
2025-11-10 09:00:00	-91.7134	29.9604	0	4.435	6.875	70.534	102.822	0.701	0	2.558	9.25	0	0	5.145	0.295	0	NA	NA	NA	NA	NA	NA	NA	NA	NA	NA	NA	NA	NA	NA	NA	NA	NA	NA	NA
2025-11-10 10:00:00	-91.7134	29.9604	0	3.245	5.85	69.481	102.86	0.643	0	2.06	16.7	0	0	4.61	0.283	0	NA	NA	NA	NA	NA	NA	NA	NA	NA	NA	NA	NA	NA	NA	NA	NA	NA	NA	NA
2025-11-10 11:00:00	-91.7134	29.9604	0	2.438	5.1	67.733	102.932	0.595	0	1.98	182.45	0	0	4.27	0.28	0	NA	NA	NA	NA	NA	NA	NA	NA	NA	NA	NA	NA	NA	NA	NA	NA	NA	NA	NA
2025-11-10 12:00:00	-91.7134	29.9604	0	1.607	4.225	69.477	103.01	0.574	1.775	1.78	95.6	0	0	3.67	0.25	0	NA	NA	NA	NA	NA	NA	NA	NA	NA	NA	NA	NA	NA	NA	NA	NA	NA	NA	0.571
2025-11-10 13:00:00	-91.7134	29.9604	0	4.065	4.825	72.442	103.122	0.625	46.45	1.968	336.65	0	0	3.715	0.235	0	NA	NA	NA	NA	NA	NA	NA	NA	NA	NA	NA	NA	NA	NA	NA	NA	NA	NA	0.59
2025-11-10 14:00:00	-91.7134	29.9604	0	8.722	5.975	64.395	103.19	0.6	211.925	2.872	94.775	0	0	6.367	0.335	0	NA	NA	NA	NA	NA	NA	NA	NA	NA	NA	NA	NA	NA	NA	NA	NA	NA	NA	0.561
2025-11-10 15:00:00	-91.7134	29.9604	0	12.598	7.125	51.788	103.202	0.523	424.85	3.962	19.775	0	0	7.662	0.488	0	NA	NA	NA	NA	NA	NA	NA	NA	NA	NA	NA	NA	NA	NA	NA	NA	NA	NA	0.536
2025-11-10 16:00:00	-91.7134	29.9604	0	16.62	8.6	43.399	103.18	0.484	617.125	4.112	10.675	0	0	8.373	0.632	0	NA	NA	NA	NA	NA	NA	NA	NA	NA	NA	NA	NA	NA	NA	NA	NA	NA	NA	0.483
2025-11-10 17:00:00	-91.7134	29.9604	0	19.83	10.15	38.321	103.128	0.475	716.075	3.595	23.275	0	0	7.358	0.762	0	NA	NA	NA	NA	NA	NA	NA	NA	NA	NA	NA	NA	NA	NA	NA	NA	NA	NA	0.484
2025-11-10 18:00:00	-91.7134	29.9604	0	21.005	11.325	35.964	103.065	0.482	728.525	4.108	6.975	0	0	8.455	0.86	0	NA	NA	NA	NA	NA	NA	NA	NA	NA	NA	NA	NA	NA	NA	NA	NA	NA	NA	0.536
2025-11-10 19:00:00	-91.7134	29.9604	0	19.933	12.075	34.373	103.01	0.484	642.55	4.518	5.275	0	0	8.227	0.92	0	NA	NA	NA	NA	NA	NA	NA	NA	NA	NA	NA	NA	NA	NA	NA	NA	NA	NA	0.557
2025-11-10 20:00:00	-91.7134	29.9604	0	18.045	12.3	33.185	102.99	0.475	466.35	4.298	6.525	0	0	8.7	0.955	0	NA	NA	NA	NA	NA	NA	NA	NA	NA	NA	NA	NA	NA	NA	NA	NA	NA	NA	0.576
2025-11-10 21:00:00	-91.7134	29.9604	0	15.115	12.125	32.578	102.972	0.461	341.775	3.67	13.925	0	0	7.258	0.952	0	NA	NA	NA	NA	NA	NA	NA	NA	NA	NA	NA	NA	NA	NA	NA	NA	NA	NA	0.599
2025-11-10 22:00:00	-91.7134	29.9604	0	10.885	11.425	33.459	102.975	0.452	152.15	2.695	14.025	0	0	5.997	0.9	0	NA	NA	NA	NA	NA	NA	NA	NA	NA	NA	NA	NA	NA	NA	NA	NA	NA	NA	0.621
2025-11-10 23:00:00	-91.7134	29.9604	0	3.825	9.125	38.336	103.002	0.443	8.9	0.878	87.35	0	0	2.337	0.72	0	NA	NA	NA	NA	NA	NA	NA	NA	NA	NA	NA	NA	NA	NA	NA	NA	NA	NA	0.574
2025-11-11 00:00:00	-91.7134	29.9604	0	-1.18	6.175	49.398	103.042	0.466	0	0.835	256.95	0	0	1.262	0.483	0	NA	NA	NA	NA	NA	NA	NA	NA	NA	NA	NA	NA	NA	NA	NA	NA	NA	NA	NA
2025-11-11 01:00:00	-91.7134	29.9604	0	-2.075	4.6	59.815	103.072	0.507	0	0.635	230.95	0	0	0.943	0.342	0	NA	NA	NA	NA	NA	NA	NA	NA	NA	NA	NA	NA	NA	NA	NA	NA	NA	NA	NA
2025-11-11 02:00:00	-91.7134	29.9604	0	-2.64	3.65	69.41	103.087	0.55	0	0.635	277.45	0	0	0.94	0.242	0	NA	NA	NA	NA	NA	NA	NA	NA	NA	NA	NA	NA	NA	NA	NA	NA	NA	NA	NA
2025-11-11 03:00:00	-91.7134	29.9604	0	-3.2	2.9	74.787	103.102	0.562	0	0.887	277.125	0	0	1.295	0.188	0	NA	NA	NA	NA	NA	NA	NA	NA	NA	NA	NA	NA	NA	NA	NA	NA	NA	NA	NA
2025-11-11 04:00:00	-91.7134	29.9604	0	-3.78	2.15	78.448	103.072	0.559	0	0.56	290.475	0	0	0.91	0.155	0	NA	NA	NA	NA	NA	NA	NA	NA	NA	NA	NA	NA	NA	NA	NA	NA	NA	NA	NA
2025-11-11 05:00:00	-91.7134	29.9604	0	-4.093	1.525	82.383	103.012	0.562	0	0.665	310.5	0	0	1.05	0.12	0	NA	NA	NA	NA	NA	NA	NA	NA	NA	NA	NA	NA	NA	NA	NA	NA	NA	NA	NA
2025-11-11 06:00:00	-91.7134	29.9604	0	-4.383	1.825	82.225	102.993	0.573	0	0.89	288.325	0	0	1.332	0.122	0	NA	NA	NA	NA	NA	NA	NA	NA	NA	NA	NA	NA	NA	NA	NA	NA	NA	NA	NA
2025-11-11 07:00:00	-91.7134	29.9604	0	-4.628	1.4	85.069	102.982	0.575	0	0.812	281.55	0	0	1.208	0.103	0	NA	NA	NA	NA	NA	NA	NA	NA	NA	NA	NA	NA	NA	NA	NA	NA	NA	NA	NA
2025-11-11 08:00:00	-91.7134	29.9604	0	-4.68	1	87.094	102.998	0.572	0	1.032	253.3	0	0	1.605	0.085	0	NA	NA	NA	NA	NA	NA	NA	NA	NA	NA	NA	NA	NA	NA	NA	NA	NA	NA	NA
2025-11-11 09:00:00	-91.7134	29.9604	0	-4.892	1	86.805	102.993	0.57	0	0.472	203.125	0	0	0.843	0.085	0	NA	NA	NA	NA	NA	NA	NA	NA	NA	NA	NA	NA	NA	NA	NA	NA	NA	NA	NA
2025-11-11 10:00:00	-91.7134	29.9604	0	-5.375	1.225	86.156	102.985	0.575	0	0.623	227.825	0	0	1.065	0.092	0	NA	NA	NA	NA	NA	NA	NA	NA	NA	NA	NA	NA	NA	NA	NA	NA	NA	NA	NA
2025-11-11 11:00:00	-91.7134	29.9604	0	-5.428	0.225	88.112	102.998	0.547	0	0.785	241.7	0	0	1.413	0.075	0	NA	NA	NA	NA	NA	NA	NA	NA	NA	NA	NA	NA	NA	NA	NA	NA	NA	NA	NA
2025-11-11 12:00:00	-91.7134	29.9604	0	-5.55	-0.875	88.9	102.995	0.509	1.55	0.522	274	0	0	0.88	0.06	0	NA	NA	NA	NA	NA	NA	NA	NA	NA	NA	NA	NA	NA	NA	NA	NA	NA	NA	0.456
2025-11-11 13:00:00	-91.7134	29.9604	0	-0.848	2.1	94.19	103.058	0.673	60.8	0.87	212.9	0	0	1.867	0.04	0	NA	NA	NA	NA	NA	NA	NA	NA	NA	NA	NA	NA	NA	NA	NA	NA	NA	NA	0.532
2025-11-11 14:00:00	-91.7134	29.9604	0	7.795	5.15	92.198	103.16	0.812	228.35	1.375	165.175	0	0	3.02	0.07	0	NA	NA	NA	NA	NA	NA	NA	NA	NA	NA	NA	NA	NA	NA	NA	NA	NA	NA	0.573
2025-11-11 15:00:00	-91.7134	29.9604	0	15.508	8.35	74.715	103.147	0.818	418.95	2.055	189.35	0	0	4.373	0.283	0	NA	NA	NA	NA	NA	NA	NA	NA	NA	NA	NA	NA	NA	NA	NA	NA	NA	NA	0.542
2025-11-11 16:00:00	-91.7134	29.9604	0	21.312	10.625	58.576	103.115	0.748	598.3	1.95	193.525	0	0	4.185	0.532	0	NA	NA	NA	NA	NA	NA	NA	NA	NA	NA	NA	NA	NA	NA	NA	NA	NA	NA	0.48
2025-11-11 17:00:00	-91.7134	29.9604	0	25.337	12.75	47.216	103.035	0.695	694.425	1.85	216.2	0	0	4.265	0.78	0	NA	NA	NA	NA	NA	NA	NA	NA	NA	NA	NA	NA	NA	NA	NA	NA	NA	NA	0.468
2025-11-11 18:00:00	-91.7134	29.9604	0	26.107	14.175	39.719	102.912	0.641	679.95	2.447	237.525	0	0	4.808	0.975	0	NA	NA	NA	NA	NA	NA	NA	NA	NA	NA	NA	NA	NA	NA	NA	NA	NA	NA	0.484
2025-11-11 19:00:00	-91.7134	29.9604	0	24.9	14.975	33.977	102.792	0.579	610.275	2.938	236.125	0	0	6.102	1.122	0	NA	NA	NA	NA	NA	NA	NA	NA	NA	NA	NA	NA	NA	NA	NA	NA	NA	NA	0.493
2025-11-11 20:00:00	-91.7134	29.9604	0	20.708	14.4	32.46	102.732	0.532	398.425	2.947	233.65	0	0	5.272	1.11	0	NA	NA	NA	NA	NA	NA	NA	NA	NA	NA	NA	NA	NA	NA	NA	NA	NA	NA	0.496
2025-11-11 21:00:00	-91.7134	29.9604	0	18.095	14.1	35.725	102.702	0.575	313.3	2.883	235.7	0	0	4.955	1.035	0	NA	NA	NA	NA	NA	NA	NA	NA	NA	NA	NA	NA	NA	NA	NA	NA	NA	NA	0.512
2025-11-11 22:00:00	-91.7134	29.9604	0	13.54	13.2	43.422	102.685	0.659	167.375	2.982	242.8	0	0	5.152	0.855	0	NA	NA	NA	NA	NA	NA	NA	NA	NA	NA	NA	NA	NA	NA	NA	NA	NA	NA	0.519
2025-11-11 23:00:00	-91.7134	29.9604	0	6.593	10.8	51.242	102.635	0.663	8.5	1.6	237.725	0	0	2.91	0.635	0	NA	NA	NA	NA	NA	NA	NA	NA	NA	NA	NA	NA	NA	NA	NA	NA	NA	NA	0.468
2025-11-12 00:00:00	-91.7134	29.9604	0	3.49	9.45	58.242	102.6	0.689	0	1.138	217.25	0	0	2.1	0.495	0	NA	NA	NA	NA	NA	NA	NA	NA	NA	NA	NA	NA	NA	NA	NA	NA	NA	NA	NA
2025-11-12 01:00:00	-91.7134	29.9604	0	2.335	8.45	64.21	102.59	0.71	0	0.735	224.75	0	0	1.75	0.395	0	NA	NA	NA	NA	NA	NA	NA	NA	NA	NA	NA	NA	NA	NA	NA	NA	NA	NA	NA
2025-11-12 02:00:00	-91.7134	29.9604	0	1.133	7	71.321	102.537	0.714	0	0.51	247.1	0	0	1.302	0.29	0	NA	NA	NA	NA	NA	NA	NA	NA	NA	NA	NA	NA	NA	NA	NA	NA	NA	NA	NA
2025-11-12 03:00:00	-91.7134	29.9604	0	1.72	7.1	74.94	102.51	0.756	0	0.688	219.725	0	0	1.663	0.252	0	NA	NA	NA	NA	NA	NA	NA	NA	NA	NA	NA	NA	NA	NA	NA	NA	NA	NA	NA
2025-11-12 04:00:00	-91.7134	29.9604	0	1.782	7.075	77.71	102.455	0.782	0	0.345	198.55	0	0	1.362	0.225	0	NA	NA	NA	NA	NA	NA	NA	NA	NA	NA	NA	NA	NA	NA	NA	NA	NA	NA	NA
2025-11-12 05:00:00	-91.7134	29.9604	0	2.562	6.875	81.415	102.41	0.809	0	0.96	165.925	0	0	1.855	0.185	0	NA	NA	NA	NA	NA	NA	NA	NA	NA	NA	NA	NA	NA	NA	NA	NA	NA	NA	NA
2025-11-12 06:00:00	-91.7134	29.9604	0	2.78	6.825	83.267	102.355	0.824	0	0.848	140.45	0	0	1.502	0.165	0	NA	NA	NA	NA	NA	NA	NA	NA	NA	NA	NA	NA	NA	NA	NA	NA	NA	NA	NA
2025-11-12 07:00:00	-91.7134	29.9604	0	3.09	7	85.937	102.34	0.861	0	0.917	160.6	0	0	1.547	0.143	0	NA	NA	NA	NA	NA	NA	NA	NA	NA	NA	NA	NA	NA	NA	NA	NA	NA	NA	NA
2025-11-12 08:00:00	-91.7134	29.9604	0	3.77	7.55	87.363	102.335	0.909	0	0.782	163.35	0	0	1.462	0.128	0	NA	NA	NA	NA	NA	NA	NA	NA	NA	NA	NA	NA	NA	NA	NA	NA	NA	NA	NA
2025-11-12 09:00:00	-91.7134	29.9604	0	4.725	8.3	89.382	102.36	0.979	0	0.462	228.85	0	0	1.38	0.117	0	NA	NA	NA	NA	NA	NA	NA	NA	NA	NA	NA	NA	NA	NA	NA	NA	NA	NA	NA
2025-11-12 10:00:00	-91.7134	29.9604	0	7.42	9.125	92.867	102.375	1.075	0	0.55	174.5	0	0	1.69	0.082	0	NA	NA	NA	NA	NA	NA	NA	NA	NA	NA	NA	NA	NA	NA	NA	NA	NA	NA	NA
2025-11-12 11:00:00	-91.7134	29.9604	0	7.703	9.025	94.058	102.402	1.082	0	0.645	160.8	0	0	1.555	0.068	0	NA	NA	NA	NA	NA	NA	NA	NA	NA	NA	NA	NA	NA	NA	NA	NA	NA	NA	NA
2025-11-12 12:00:00	-91.7134	29.9604	0	7.13	8.975	93.815	102.413	1.075	1.5	0.515	144.25	0	0	1.55	0.07	0	NA	NA	NA	NA	NA	NA	NA	NA	NA	NA	NA	NA	NA	NA	NA	NA	NA	NA	NA
2025-11-12 13:00:00	-91.7134	29.9604	0	10.297	10.4	95.064	102.47	1.2	50.25	1.085	165.725	0	0	2.447	0.06	0	NA	NA	NA	NA	NA	NA	NA	NA	NA	NA	NA	NA	NA	NA	NA	NA	NA	NA	0.526
2025-11-12 14:00:00	-91.7134	29.9604	0	17.073	13.875	88.23	102.515	1.399	201.3	1.275	165.125	0	0	2.92	0.19	0	NA	NA	NA	NA	NA	NA	NA	NA	NA	NA	NA	NA	NA	NA	NA	NA	NA	NA	0.49
2025-11-12 15:00:00	-91.7134	29.9604	0	25.405	18.95	73.139	102.502	1.599	389.975	1.762	174.425	0	0	3.723	0.588	0	NA	NA	NA	NA	NA	NA	NA	NA	NA	NA	NA	NA	NA	NA	NA	NA	NA	NA	0.474
2025-11-12 16:00:00	-91.7134	29.9604	0	30.945	22.225	61.887	102.475	1.658	568.35	2.49	211.2	0	0	5.33	1.022	0	NA	NA	NA	NA	NA	NA	NA	NA	NA	NA	NA	NA	NA	NA	NA	NA	NA	NA	0.426
2025-11-12 17:00:00	-91.7134	29.9604	0	32.868	23.4	56.205	102.408	1.617	653.5	3.257	233.25	0	0	6.845	1.262	0	NA	NA	NA	NA	NA	NA	NA	NA	NA	NA	NA	NA	NA	NA	NA	NA	NA	NA	0.409
2025-11-12 18:00:00	-91.7134	29.9604	0	33.355	23.775	53.898	102.32	1.586	659.2	3.31	247.325	0	0	7.322	1.355	0	NA	NA	NA	NA	NA	NA	NA	NA	NA	NA	NA	NA	NA	NA	NA	NA	NA	NA	0.418
2025-11-12 19:00:00	-91.7134	29.9604	0	32.903	24.025	52.487	102.252	1.568	590.55	2.795	240.375	0	0	5.69	1.418	0	NA	NA	NA	NA	NA	NA	NA	NA	NA	NA	NA	NA	NA	NA	NA	NA	NA	NA	0.426
2025-11-12 20:00:00	-91.7134	29.9604	0	30.452	23.775	52.865	102.225	1.556	435.175	3.06	248.575	0	0	6.295	1.388	0	NA	NA	NA	NA	NA	NA	NA	NA	NA	NA	NA	NA	NA	NA	NA	NA	NA	NA	0.434
2025-11-12 21:00:00	-91.7134	29.9604	0	26.705	23.2	54.493	102.21	1.55	312	3.02	238.175	0	0	5.77	1.29	0	NA	NA	NA	NA	NA	NA	NA	NA	NA	NA	NA	NA	NA	NA	NA	NA	NA	NA	0.448
2025-11-12 22:00:00	-91.7134	29.9604	0	21.825	22.225	56.711	102.205	1.52	134.2	2.348	224.8	0	0	4.237	1.163	0	NA	NA	NA	NA	NA	NA	NA	NA	NA	NA	NA	NA	NA	NA	NA	NA	NA	NA	0.462
2025-11-12 23:00:00	-91.7134	29.9604	0	15.943	19.7	63.868	102.218	1.465	7.075	1.518	230.725	0	0	2.685	0.828	0	NA	NA	NA	NA	NA	NA	NA	NA	NA	NA	NA	NA	NA	NA	NA	NA	NA	NA	0.412
2025-11-13 00:00:00	-91.7134	29.9604	0	13.265	17.525	71.509	102.252	1.432	0	1.285	231.05	0	0	2.5	0.57	0	NA	NA	NA	NA	NA	NA	NA	NA	NA	NA	NA	NA	NA	NA	NA	NA	NA	NA	NA
2025-11-13 01:00:00	-91.7134	29.9604	0	11.043	16.4	77.545	102.292	1.446	0	0.887	233.2	0	0	1.74	0.412	0	NA	NA	NA	NA	NA	NA	NA	NA	NA	NA	NA	NA	NA	NA	NA	NA	NA	NA	NA
2025-11-13 02:00:00	-91.7134	29.9604	0	11.058	16.025	81.748	102.292	1.489	0	0.955	230.825	0	0	1.827	0.332	0	NA	NA	NA	NA	NA	NA	NA	NA	NA	NA	NA	NA	NA	NA	NA	NA	NA	NA	NA
2025-11-13 03:00:00	-91.7134	29.9604	0	10.713	15.7	83.347	102.328	1.487	0	0.735	227.55	0	0	1.735	0.292	0	NA	NA	NA	NA	NA	NA	NA	NA	NA	NA	NA	NA	NA	NA	NA	NA	NA	NA	NA
2025-11-13 04:00:00	-91.7134	29.9604	0	9.085	13.5	89.105	102.332	1.379	0	0.412	246.525	0	0	0.953	0.168	0	NA	NA	NA	NA	NA	NA	NA	NA	NA	NA	NA	NA	NA	NA	NA	NA	NA	NA	NA
2025-11-13 05:00:00	-91.7134	29.9604	0	8.012	12.975	91.321	102.342	1.366	0	0.368	192.325	0	0	0.67	0.125	0	NA	NA	NA	NA	NA	NA	NA	NA	NA	NA	NA	NA	NA	NA	NA	NA	NA	NA	NA
2025-11-13 06:00:00	-91.7134	29.9604	0	7.8	12.675	93.898	102.328	1.377	0	0.342	267.775	0	0	0.595	0.09	0	NA	NA	NA	NA	NA	NA	NA	NA	NA	NA	NA	NA	NA	NA	NA	NA	NA	NA	NA
2025-11-13 07:00:00	-91.7134	29.9604	0	7.748	12.675	95.091	102.29	1.394	0	0.168	161.625	0	0	0.423	0.073	0	NA	NA	NA	NA	NA	NA	NA	NA	NA	NA	NA	NA	NA	NA	NA	NA	NA	NA	NA
2025-11-13 08:00:00	-91.7134	29.9604	0	7.657	12.3	95.832	102.278	1.371	0	0.23	133.1	0	0	0.47	0.058	0	NA	NA	NA	NA	NA	NA	NA	NA	NA	NA	NA	NA	NA	NA	NA	NA	NA	NA	NA
2025-11-13 09:00:00	-91.7134	29.9604	0	7.615	12.2	96.837	102.265	1.377	0	0.27	240	0	0	0.482	0.045	0	NA	NA	NA	NA	NA	NA	NA	NA	NA	NA	NA	NA	NA	NA	NA	NA	NA	NA	NA
2025-11-13 10:00:00	-91.7134	29.9604	0	7.812	12.375	96.424	102.27	1.386	0	0.328	105.825	0	0	0.535	0.052	0	NA	NA	NA	NA	NA	NA	NA	NA	NA	NA	NA	NA	NA	NA	NA	NA	NA	NA	NA
2025-11-13 11:00:00	-91.7134	29.9604	0	7.848	11.75	96.615	102.303	1.333	0	0.295	187.65	0	0	0.625	0.045	0	NA	NA	NA	NA	NA	NA	NA	NA	NA	NA	NA	NA	NA	NA	NA	NA	NA	NA	NA
2025-11-13 12:00:00	-91.7134	29.9604	0	9.075	12	97.026	102.33	1.361	1.8	0.353	128.025	0	0	0.602	0.04	0	NA	NA	NA	NA	NA	NA	NA	NA	NA	NA	NA	NA	NA	NA	NA	NA	NA	NA	0.428
2025-11-13 13:00:00	-91.7134	29.9604	0	14.59	14.05	99.525	102.372	1.601	58.85	0.88	144.15	0	0	1.51	0.007	0	NA	NA	NA	NA	NA	NA	NA	NA	NA	NA	NA	NA	NA	NA	NA	NA	NA	NA	0.469
2025-11-13 14:00:00	-91.7134	29.9604	0	21.725	18	99.568	102.392	2.065	210.2	1.602	147.725	0	0	3.038	0.007	0	NA	NA	NA	NA	NA	NA	NA	NA	NA	NA	NA	NA	NA	NA	NA	NA	NA	NA	0.424
2025-11-13 15:00:00	-91.7134	29.9604	0	28.202	21.95	83.809	102.408	2.205	388.65	1.835	191.225	0	0	3.83	0.428	0	NA	NA	NA	NA	NA	NA	NA	NA	NA	NA	NA	NA	NA	NA	NA	NA	NA	NA	0.418
2025-11-13 16:00:00	-91.7134	29.9604	0	33.22	23.975	67.684	102.42	2.015	527.575	1.745	189.425	0	0	3.928	0.965	0	NA	NA	NA	NA	NA	NA	NA	NA	NA	NA	NA	NA	NA	NA	NA	NA	NA	NA	0.377
2025-11-13 17:00:00	-91.7134	29.9604	0	29.555	23.725	60.895	102.382	1.787	316.875	1.375	261.15	0	0	2.962	1.152	0	NA	NA	NA	NA	NA	NA	NA	NA	NA	NA	NA	NA	NA	NA	NA	NA	NA	NA	0.394
2025-11-13 18:00:00	-91.7134	29.9604	0	33.733	24.4	58.586	102.282	1.79	502.65	2.135	245.225	0	0	4.72	1.265	0	NA	NA	NA	NA	NA	NA	NA	NA	NA	NA	NA	NA	NA	NA	NA	NA	NA	NA	0.395
2025-11-13 19:00:00	-91.7134	29.9604	0	31.312	24.225	55.99	102.215	1.693	324	1.598	180.775	0	0	3.587	1.335	0	NA	NA	NA	NA	NA	NA	NA	NA	NA	NA	NA	NA	NA	NA	NA	NA	NA	NA	0.408
2025-11-13 20:00:00	-91.7134	29.9604	0	32.18	24.575	55.51	102.165	1.714	425.35	2.265	214.05	0	0	4.36	1.37	0	NA	NA	NA	NA	NA	NA	NA	NA	NA	NA	NA	NA	NA	NA	NA	NA	NA	NA	0.41
2025-11-13 21:00:00	-91.7134	29.9604	0	26.988	23.825	57.102	102.15	1.686	264.725	2.622	218.675	0	0	4.935	1.265	0	NA	NA	NA	NA	NA	NA	NA	NA	NA	NA	NA	NA	NA	NA	NA	NA	NA	NA	0.426
2025-11-13 22:00:00	-91.7134	29.9604	0	22.462	22.6	62.086	102.162	1.702	124.8	2.6	226.35	0	0	4.667	1.04	0	NA	NA	NA	NA	NA	NA	NA	NA	NA	NA	NA	NA	NA	NA	NA	NA	NA	NA	0.438
2025-11-13 23:00:00	-91.7134	29.9604	0	16.657	19.9	70.951	102.192	1.647	6.45	1.305	234.8	0	0	2.252	0.68	0	NA	NA	NA	NA	NA	NA	NA	NA	NA	NA	NA	NA	NA	NA	NA	NA	NA	NA	0.383
2025-11-14 00:00:00	-91.7134	29.9604	0	14.19	18.05	78.481	102.218	1.625	0	1.23	229.7	0	0	2.272	0.445	0	NA	NA	NA	NA	NA	NA	NA	NA	NA	NA	NA	NA	NA	NA	NA	NA	NA	NA	NA
2025-11-14 01:00:00	-91.7134	29.9604	0	13.008	17.075	83.656	102.218	1.628	0	1.012	236.9	0	0	2.03	0.312	0	NA	NA	NA	NA	NA	NA	NA	NA	NA	NA	NA	NA	NA	NA	NA	NA	NA	NA	NA
2025-11-14 02:00:00	-91.7134	29.9604	0	13.783	16.825	89.005	102.228	1.706	0	1.255	226.775	0	0	2.455	0.208	0	NA	NA	NA	NA	NA	NA	NA	NA	NA	NA	NA	NA	NA	NA	NA	NA	NA	NA	NA
2025-11-14 03:00:00	-91.7134	29.9604	0	11.815	16.125	92.427	102.248	1.694	0	0.667	186.625	0	0	1.408	0.138	0	NA	NA	NA	NA	NA	NA	NA	NA	NA	NA	NA	NA	NA	NA	NA	NA	NA	NA	NA
2025-11-14 04:00:00	-91.7134	29.9604	0	10.003	15.15	93.962	102.227	1.618	0	0.557	204.65	0	0	1.365	0.105	0	NA	NA	NA	NA	NA	NA	NA	NA	NA	NA	NA	NA	NA	NA	NA	NA	NA	NA	NA
2025-11-14 05:00:00	-91.7134	29.9604	0	11.13	15.55	94.951	102.2	1.678	0	0.723	210	0	0	1.817	0.092	0	NA	NA	NA	NA	NA	NA	NA	NA	NA	NA	NA	NA	NA	NA	NA	NA	NA	NA	NA
2025-11-14 06:00:00	-91.7134	29.9604	0	8.55	13.475	96.399	102.17	1.49	0	0.435	326.825	0	0	0.772	0.058	0	NA	NA	NA	NA	NA	NA	NA	NA	NA	NA	NA	NA	NA	NA	NA	NA	NA	NA	NA
2025-11-14 07:00:00	-91.7134	29.9604	0	7.907	12.775	95.558	102.13	1.41	0	0.398	227.725	0	0	0.782	0.062	0	NA	NA	NA	NA	NA	NA	NA	NA	NA	NA	NA	NA	NA	NA	NA	NA	NA	NA	NA
2025-11-14 08:00:00	-91.7134	29.9604	0	8.172	12.175	96.255	102.115	1.366	0	0.318	221.15	0	0	0.607	0.05	0	NA	NA	NA	NA	NA	NA	NA	NA	NA	NA	NA	NA	NA	NA	NA	NA	NA	NA	NA
2025-11-14 09:00:00	-91.7134	29.9604	0	8.025	12.3	95.495	102.092	1.366	0	0.202	120.125	0	0	0.505	0.065	0	NA	NA	NA	NA	NA	NA	NA	NA	NA	NA	NA	NA	NA	NA	NA	NA	NA	NA	NA
2025-11-14 10:00:00	-91.7134	29.9604	0	8.762	12.75	97.369	102.105	1.435	0	0.593	127.175	0	0	1.08	0.04	0	NA	NA	NA	NA	NA	NA	NA	NA	NA	NA	NA	NA	NA	NA	NA	NA	NA	NA	NA
2025-11-14 11:00:00	-91.7134	29.9604	0	8.078	11.8	97.309	102.132	1.347	0	0.36	208.225	0	0	0.73	0.038	0	NA	NA	NA	NA	NA	NA	NA	NA	NA	NA	NA	NA	NA	NA	NA	NA	NA	NA	NA
2025-11-14 12:00:00	-91.7134	29.9604	0	8.302	12.725	97.742	102.18	1.438	1.15	0.667	135.6	0	0	1.193	0.032	0	NA	NA	NA	NA	NA	NA	NA	NA	NA	NA	NA	NA	NA	NA	NA	NA	NA	NA	NA
2025-11-14 13:00:00	-91.7134	29.9604	0	13.012	14.2	99.452	102.23	1.613	49.325	0.93	134.975	0	0	1.398	0.007	0	NA	NA	NA	NA	NA	NA	NA	NA	NA	NA	NA	NA	NA	NA	NA	NA	NA	NA	0.436
2025-11-14 14:00:00	-91.7134	29.9604	0	20.038	16.775	99.888	102.275	1.913	187.675	1.7	135.125	0	0	2.692	0	0	NA	NA	NA	NA	NA	NA	NA	NA	NA	NA	NA	NA	NA	NA	NA	NA	NA	NA	0.444
2025-11-14 15:00:00	-91.7134	29.9604	0	26.792	21.075	92.855	102.29	2.316	369.25	1.728	147.675	0	0	3.292	0.185	0	NA	NA	NA	NA	NA	NA	NA	NA	NA	NA	NA	NA	NA	NA	NA	NA	NA	NA	0.426
2025-11-14 16:00:00	-91.7134	29.9604	0	32.032	23.575	69.575	102.275	2.02	529.3	1.703	159.2	0	0	3.57	0.887	0	NA	NA	NA	NA	NA	NA	NA	NA	NA	NA	NA	NA	NA	NA	NA	NA	NA	NA	0.44
2025-11-14 17:00:00	-91.7134	29.9604	0	34.408	24.825	54.973	102.225	1.723	597.425	2.007	167.125	0	0	4.355	1.408	0	NA	NA	NA	NA	NA	NA	NA	NA	NA	NA	NA	NA	NA	NA	NA	NA	NA	NA	0.421
2025-11-14 18:00:00	-91.7134	29.9604	0	32.095	24.875	50.512	102.122	1.588	417.475	1.918	159.425	0	0	4.327	1.555	0	NA	NA	NA	NA	NA	NA	NA	NA	NA	NA	NA	NA	NA	NA	NA	NA	NA	NA	0.389
2025-11-14 19:00:00	-91.7134	29.9604	0	34.48	25.4	50.119	102.048	1.626	550.475	2.297	199.15	0	0	4.362	1.617	0	NA	NA	NA	NA	NA	NA	NA	NA	NA	NA	NA	NA	NA	NA	NA	NA	NA	NA	0.395
2025-11-14 20:00:00	-91.7134	29.9604	0	32.038	24.925	51.035	102.007	1.609	418.425	2.485	221	0	0	5.035	1.542	0	NA	NA	NA	NA	NA	NA	NA	NA	NA	NA	NA	NA	NA	NA	NA	NA	NA	NA	0.402
2025-11-14 21:00:00	-91.7134	29.9604	0	27.965	24.425	48.923	101.98	1.498	261.875	2.862	237.475	0	0	5.73	1.56	0	NA	NA	NA	NA	NA	NA	NA	NA	NA	NA	NA	NA	NA	NA	NA	NA	NA	NA	0.41
2025-11-14 22:00:00	-91.7134	29.9604	0	22.4	23.075	51.464	101.972	1.452	123.175	2.462	240.45	0	0	4.633	1.37	0	NA	NA	NA	NA	NA	NA	NA	NA	NA	NA	NA	NA	NA	NA	NA	NA	NA	NA	0.434
2025-11-14 23:00:00	-91.7134	29.9604	0	17.105	20.3	62.219	101.965	1.481	6.375	1.752	229.2	0	0	3.163	0.903	0	NA	NA	NA	NA	NA	NA	NA	NA	NA	NA	NA	NA	NA	NA	NA	NA	NA	NA	0.389
2025-11-15 00:00:00	-91.7134	29.9604	0	13.62	18.075	70.259	101.978	1.456	0	1.335	228.225	0	0	2.555	0.615	0	NA	NA	NA	NA	NA	NA	NA	NA	NA	NA	NA	NA	NA	NA	NA	NA	NA	NA	NA
2025-11-15 01:00:00	-91.7134	29.9604	0	14.758	17.425	82.345	101.98	1.639	0	1.63	224.725	0	0	3.035	0.348	0	NA	NA	NA	NA	NA	NA	NA	NA	NA	NA	NA	NA	NA	NA	NA	NA	NA	NA	NA
2025-11-15 02:00:00	-91.7134	29.9604	0	13.99	16.875	88.404	101.968	1.7	0	1.228	221.95	0	0	2.63	0.22	0	NA	NA	NA	NA	NA	NA	NA	NA	NA	NA	NA	NA	NA	NA	NA	NA	NA	NA	NA
2025-11-15 03:00:00	-91.7134	29.9604	0	13.867	16.8	90.502	101.978	1.732	0	1.26	226.125	0	0	2.447	0.175	0	NA	NA	NA	NA	NA	NA	NA	NA	NA	NA	NA	NA	NA	NA	NA	NA	NA	NA	NA
2025-11-15 04:00:00	-91.7134	29.9604	0	13.58	16.45	90.076	101.96	1.686	0	1.405	224	0	0	2.777	0.185	0	NA	NA	NA	NA	NA	NA	NA	NA	NA	NA	NA	NA	NA	NA	NA	NA	NA	NA	NA
2025-11-15 05:00:00	-91.7134	29.9604	0	12.343	15.825	92.643	101.922	1.666	0	1.075	227.475	0	0	1.893	0.13	0	NA	NA	NA	NA	NA	NA	NA	NA	NA	NA	NA	NA	NA	NA	NA	NA	NA	NA	NA
2025-11-15 06:00:00	-91.7134	29.9604	0	9.867	15	94.992	101.88	1.62	0	0.708	244.025	0	0	1.33	0.085	0	NA	NA	NA	NA	NA	NA	NA	NA	NA	NA	NA	NA	NA	NA	NA	NA	NA	NA	NA
2025-11-15 07:00:00	-91.7134	29.9604	0	8.765	14.25	96.173	101.842	1.563	0	0.432	137.275	0	0	0.963	0.06	0	NA	NA	NA	NA	NA	NA	NA	NA	NA	NA	NA	NA	NA	NA	NA	NA	NA	NA	NA
2025-11-15 08:00:00	-91.7134	29.9604	0	8.213	12.9	97.407	101.81	1.45	0	0.2	109.225	0	0	0.478	0.04	0	NA	NA	NA	NA	NA	NA	NA	NA	NA	NA	NA	NA	NA	NA	NA	NA	NA	NA	NA
2025-11-15 09:00:00	-91.7134	29.9604	0	8.398	13.25	96.485	101.79	1.469	0	0.512	157	0	0	0.762	0.052	0	NA	NA	NA	NA	NA	NA	NA	NA	NA	NA	NA	NA	NA	NA	NA	NA	NA	NA	NA
2025-11-15 10:00:00	-91.7134	29.9604	0	8.693	13.25	97.693	101.775	1.487	0	0.495	152.1	0	0	0.78	0.035	0	NA	NA	NA	NA	NA	NA	NA	NA	NA	NA	NA	NA	NA	NA	NA	NA	NA	NA	NA
2025-11-15 11:00:00	-91.7134	29.9604	0	9.477	13.675	98.039	101.788	1.534	0	0.445	134.825	0	0	0.815	0.03	0	NA	NA	NA	NA	NA	NA	NA	NA	NA	NA	NA	NA	NA	NA	NA	NA	NA	NA	NA
2025-11-15 12:00:00	-91.7134	29.9604	0	10.482	13.775	98.416	101.795	1.55	0.875	0.452	118.625	0	0	0.885	0.025	0	NA	NA	NA	NA	NA	NA	NA	NA	NA	NA	NA	NA	NA	NA	NA	NA	NA	NA	NA
2025-11-15 13:00:00	-91.7134	29.9604	0	14.217	14.65	99.647	101.835	1.663	46.6	0.738	115.8	0	0	1.163	0.002	0	NA	NA	NA	NA	NA	NA	NA	NA	NA	NA	NA	NA	NA	NA	NA	NA	NA	NA	0.443
2025-11-15 14:00:00	-91.7134	29.9604	0	20.545	16.825	99.808	101.865	1.914	187.475	1.59	136.875	0	0	2.5	0	0	NA	NA	NA	NA	NA	NA	NA	NA	NA	NA	NA	NA	NA	NA	NA	NA	NA	NA	0.442
2025-11-15 15:00:00	-91.7134	29.9604	0	26.72	21.175	93	101.858	2.333	369.225	2.055	166.275	0	0	4.075	0.18	0	NA	NA	NA	NA	NA	NA	NA	NA	NA	NA	NA	NA	NA	NA	NA	NA	NA	NA	0.425
2025-11-15 16:00:00	-91.7134	29.9604	0	32.065	23.95	75.814	101.812	2.254	522.875	2.042	207.675	0	0	4.498	0.718	0	NA	NA	NA	NA	NA	NA	NA	NA	NA	NA	NA	NA	NA	NA	NA	NA	NA	NA	0.393
2025-11-15 17:00:00	-91.7134	29.9604	0	35.053	25.025	63.823	101.72	2.023	653.075	2.617	233.6	0	0	5.63	1.153	0	NA	NA	NA	NA	NA	NA	NA	NA	NA	NA	NA	NA	NA	NA	NA	NA	NA	NA	0.354
2025-11-15 18:00:00	-91.7134	29.9604	0	34.627	25.125	59.796	101.605	1.909	600.875	3.17	238.575	0	0	6.515	1.28	0	NA	NA	NA	NA	NA	NA	NA	NA	NA	NA	NA	NA	NA	NA	NA	NA	NA	NA	0.38
2025-11-15 19:00:00	-91.7134	29.9604	0	33.47	25.1	58.391	101.507	1.86	569.875	3.178	241.725	0	0	6.398	1.325	0	NA	NA	NA	NA	NA	NA	NA	NA	NA	NA	NA	NA	NA	NA	NA	NA	NA	NA	0.396
2025-11-15 20:00:00	-91.7134	29.9604	0	31.9	25.325	56.455	101.435	1.823	409.825	2.712	229.175	0	0	5.048	1.402	0	NA	NA	NA	NA	NA	NA	NA	NA	NA	NA	NA	NA	NA	NA	NA	NA	NA	NA	0.404
2025-11-15 21:00:00	-91.7134	29.9604	0	28.185	24.725	59.773	101.395	1.862	301.025	2.748	224.125	0	0	5.482	1.252	0	NA	NA	NA	NA	NA	NA	NA	NA	NA	NA	NA	NA	NA	NA	NA	NA	NA	NA	0.42
2025-11-15 22:00:00	-91.7134	29.9604	0	23.225	23.475	61.97	101.39	1.791	131.6	2.522	228.175	0	0	4.945	1.102	0	NA	NA	NA	NA	NA	NA	NA	NA	NA	NA	NA	NA	NA	NA	NA	NA	NA	NA	0.443
2025-11-15 23:00:00	-91.7134	29.9604	0	18.278	21.075	71.475	101.39	1.784	6.05	1.77	215.75	0	0	3.21	0.71	0	NA	NA	NA	NA	NA	NA	NA	NA	NA	NA	NA	NA	NA	NA	NA	NA	NA	NA	0.367
2025-11-16 00:00:00	-91.7134	29.9604	0	16.22	19.15	81.714	101.422	1.811	0	1.567	222.975	0	0	3.008	0.405	0	NA	NA	NA	NA	NA	NA	NA	NA	NA	NA	NA	NA	NA	NA	NA	NA	NA	NA	NA
2025-11-16 01:00:00	-91.7134	29.9604	0	15.695	17.85	88.435	101.425	1.808	0	1.68	227.825	0	0	2.935	0.238	0	NA	NA	NA	NA	NA	NA	NA	NA	NA	NA	NA	NA	NA	NA	NA	NA	NA	NA	NA
2025-11-16 02:00:00	-91.7134	29.9604	0	15.24	17.575	90.513	101.43	1.819	0	1.468	231.175	0	0	2.547	0.19	0	NA	NA	NA	NA	NA	NA	NA	NA	NA	NA	NA	NA	NA	NA	NA	NA	NA	NA	NA
2025-11-16 03:00:00	-91.7134	29.9604	0	13.863	17.15	92.87	101.435	1.817	0	0.972	227	0	0	1.98	0.138	0	NA	NA	NA	NA	NA	NA	NA	NA	NA	NA	NA	NA	NA	NA	NA	NA	NA	NA	NA
2025-11-16 04:00:00	-91.7134	29.9604	0	11.92	16.625	94.284	101.41	1.784	0	0.693	210.725	0	0	1.418	0.11	0	NA	NA	NA	NA	NA	NA	NA	NA	NA	NA	NA	NA	NA	NA	NA	NA	NA	NA	NA
2025-11-16 05:00:00	-91.7134	29.9604	0	10.275	15.35	95.403	101.375	1.665	0	0.392	149.55	0	0	0.908	0.08	0	NA	NA	NA	NA	NA	NA	NA	NA	NA	NA	NA	NA	NA	NA	NA	NA	NA	NA	NA
2025-11-16 06:00:00	-91.7134	29.9604	0	10.578	15.775	94.74	101.32	1.699	0	0.495	250.025	0	0	1.1	0.092	0	NA	NA	NA	NA	NA	NA	NA	NA	NA	NA	NA	NA	NA	NA	NA	NA	NA	NA	NA
2025-11-16 07:00:00	-91.7134	29.9604	0	10.095	15.75	96.768	101.282	1.732	0	0.278	159.35	0	0	0.615	0.058	0	NA	NA	NA	NA	NA	NA	NA	NA	NA	NA	NA	NA	NA	NA	NA	NA	NA	NA	NA
2025-11-16 08:00:00	-91.7134	29.9604	0	12.715	16.7	97.367	101.245	1.852	0	0.688	192.85	0	0	1.445	0.05	0	NA	NA	NA	NA	NA	NA	NA	NA	NA	NA	NA	NA	NA	NA	NA	NA	NA	NA	NA
2025-11-16 09:00:00	-91.7134	29.9604	0	13.207	16.875	98.94	101.222	1.903	0	0.688	125.5	0	0	1.428	0.02	0	NA	NA	NA	NA	NA	NA	NA	NA	NA	NA	NA	NA	NA	NA	NA	NA	NA	NA	NA
2025-11-16 10:00:00	-91.7134	29.9604	0	10.785	14.8	97.992	101.245	1.65	0	0.502	90.725	0	0	0.815	0.03	0	NA	NA	NA	NA	NA	NA	NA	NA	NA	NA	NA	NA	NA	NA	NA	NA	NA	NA	NA
2025-11-16 11:00:00	-91.7134	29.9604	0	10.81	14	98.674	101.28	1.577	0	0.518	110.95	0	0	0.868	0.025	0	NA	NA	NA	NA	NA	NA	NA	NA	NA	NA	NA	NA	NA	NA	NA	NA	NA	NA	NA
2025-11-16 12:00:00	-91.7134	29.9604	0	11.418	13.45	98.781	101.318	1.524	1.675	0.382	74.5	0	0	0.665	0.018	0	NA	NA	NA	NA	NA	NA	NA	NA	NA	NA	NA	NA	NA	NA	NA	NA	NA	NA	0.441
2025-11-16 13:00:00	-91.7134	29.9604	0	15.32	14.5	99.779	101.385	1.649	61.5	0.5	104.95	0	0	0.775	0.002	0	NA	NA	NA	NA	NA	NA	NA	NA	NA	NA	NA	NA	NA	NA	NA	NA	NA	NA	0.449
2025-11-16 14:00:00	-91.7134	29.9604	0	20.01	17.225	99.82	101.432	1.964	148.5	0.75	122.925	0	0	1.183	0	0	NA	NA	NA	NA	NA	NA	NA	NA	NA	NA	NA	NA	NA	NA	NA	NA	NA	NA	0.455
2025-11-16 15:00:00	-91.7134	29.9604	0	27.395	21.4	98.868	101.445	2.525	361.025	0.995	190.7	0	0	2.255	0.032	0	NA	NA	NA	NA	NA	NA	NA	NA	NA	NA	NA	NA	NA	NA	NA	NA	NA	NA	0.408
2025-11-16 16:00:00	-91.7134	29.9604	0	32.12	24.45	78.494	101.425	2.403	550.3	2.715	284.5	0	0	5.275	0.657	0	NA	NA	NA	NA	NA	NA	NA	NA	NA	NA	NA	NA	NA	NA	NA	NA	NA	NA	0.351
2025-11-16 17:00:00	-91.7134	29.9604	0	34.153	25.5	66.5	101.355	2.17	544.575	2.145	311.1	0	0	4.768	1.092	0	NA	NA	NA	NA	NA	NA	NA	NA	NA	NA	NA	NA	NA	NA	NA	NA	NA	NA	0.354
2025-11-16 18:00:00	-91.7134	29.9604	0	35.62	26.275	60.616	101.238	2.071	556.025	1.798	305.8	0	0	4.428	1.34	0	NA	NA	NA	NA	NA	NA	NA	NA	NA	NA	NA	NA	NA	NA	NA	NA	NA	NA	0.384
2025-11-16 19:00:00	-91.7134	29.9604	0	36.735	27.025	56.216	101.125	2.006	552.475	1.24	304.225	0	0	3.582	1.565	0	NA	NA	NA	NA	NA	NA	NA	NA	NA	NA	NA	NA	NA	NA	NA	NA	NA	NA	0.397
2025-11-16 20:00:00	-91.7134	29.9604	0	35.645	27.575	52.801	101.072	1.947	455.8	1.952	267.375	0	0	4.338	1.738	0	NA	NA	NA	NA	NA	NA	NA	NA	NA	NA	NA	NA	NA	NA	NA	NA	NA	NA	0.405
2025-11-16 21:00:00	-91.7134	29.9604	0	30.358	26.475	58.593	101.075	2.025	300.575	2.635	262.725	0	0	4.56	1.438	0	NA	NA	NA	NA	NA	NA	NA	NA	NA	NA	NA	NA	NA	NA	NA	NA	NA	NA	0.424
2025-11-16 22:00:00	-91.7134	29.9604	0	24.587	24.7	65.154	101.082	2.026	119.775	3.07	250	0	0	5.295	1.087	0	NA	NA	NA	NA	NA	NA	NA	NA	NA	NA	NA	NA	NA	NA	NA	NA	NA	NA	0.446
2025-11-16 23:00:00	-91.7134	29.9604	0	19.735	22.275	75.66	101.135	2.032	6.025	1.5	236.65	0	0	3.128	0.655	0	NA	NA	NA	NA	NA	NA	NA	NA	NA	NA	NA	NA	NA	NA	NA	NA	NA	NA	0.399
2025-11-17 00:00:00	-91.7134	29.9604	0	16.878	20.275	84.519	101.197	2.01	0	0.985	232.375	0	0	1.69	0.37	0	NA	NA	NA	NA	NA	NA	NA	NA	NA	NA	NA	NA	NA	NA	NA	NA	NA	NA	NA
2025-11-17 01:00:00	-91.7134	29.9604	0	14.802	19.075	89.56	101.243	1.977	0	0.795	251.925	0	0	1.342	0.228	0	NA	NA	NA	NA	NA	NA	NA	NA	NA	NA	NA	NA	NA	NA	NA	NA	NA	NA	NA
2025-11-17 02:00:00	-91.7134	29.9604	0	12.42	17.275	93.865	101.282	1.851	0	0.412	280.05	0	0	0.748	0.122	0	NA	NA	NA	NA	NA	NA	NA	NA	NA	NA	NA	NA	NA	NA	NA	NA	NA	NA	NA
2025-11-17 03:00:00	-91.7134	29.9604	0	11.955	16.6	94.791	101.315	1.791	0	0.315	269.925	0	0	0.525	0.098	0	NA	NA	NA	NA	NA	NA	NA	NA	NA	NA	NA	NA	NA	NA	NA	NA	NA	NA	NA
2025-11-17 04:00:00	-91.7134	29.9604	0	13.81	17.425	96.31	101.335	1.918	0	0.795	243.525	0	0	1.445	0.07	0	NA	NA	NA	NA	NA	NA	NA	NA	NA	NA	NA	NA	NA	NA	NA	NA	NA	NA	NA
2025-11-17 05:00:00	-91.7134	29.9604	0	13.605	17.25	98.598	101.325	1.942	0	0.62	188.55	0	0	1.028	0.028	0	NA	NA	NA	NA	NA	NA	NA	NA	NA	NA	NA	NA	NA	NA	NA	NA	NA	NA	NA
2025-11-17 06:00:00	-91.7134	29.9604	0	12.472	15.65	99.021	101.298	1.761	0	0.522	122.35	0	0	0.837	0.018	0	NA	NA	NA	NA	NA	NA	NA	NA	NA	NA	NA	NA	NA	NA	NA	NA	NA	NA	NA
2025-11-17 07:00:00	-91.7134	29.9604	0	13.178	15.025	99.639	101.282	1.702	0	0.435	111.425	0	0	0.715	0.002	0	NA	NA	NA	NA	NA	NA	NA	NA	NA	NA	NA	NA	NA	NA	NA	NA	NA	NA	NA
2025-11-17 08:00:00	-91.7134	29.9604	0	12.74	14.7	98.674	101.29	1.651	0	0.328	70.425	0	0	0.555	0.02	0	NA	NA	NA	NA	NA	NA	NA	NA	NA	NA	NA	NA	NA	NA	NA	NA	NA	NA	NA
2025-11-17 09:00:00	-91.7134	29.9604	0	13.5	14.95	98.782	101.308	1.679	0	0.375	93.625	0	0	0.605	0.02	0	NA	NA	NA	NA	NA	NA	NA	NA	NA	NA	NA	NA	NA	NA	NA	NA	NA	NA	NA
2025-11-17 10:00:00	-91.7134	29.9604	0	13.802	15.05	99.866	101.35	1.709	0	0.405	115.925	0	0	0.633	0	0	NA	NA	NA	NA	NA	NA	NA	NA	NA	NA	NA	NA	NA	NA	NA	NA	NA	NA	NA
2025-11-17 11:00:00	-91.7134	29.9604	0	13.185	15.125	98.741	101.412	1.698	0	0.545	97.825	0	0	0.91	0.02	0	NA	NA	NA	NA	NA	NA	NA	NA	NA	NA	NA	NA	NA	NA	NA	NA	NA	NA	NA
2025-11-17 12:00:00	-91.7134	29.9604	0	13.448	15.55	99.142	101.482	1.752	1.15	0.56	121.925	0	0	0.863	0.015	0	NA	NA	NA	NA	NA	NA	NA	NA	NA	NA	NA	NA	NA	NA	NA	NA	NA	NA	NA
2025-11-17 13:00:00	-91.7134	29.9604	0	16.755	16.4	99.546	101.558	1.857	48.75	0.998	120.625	0	0	1.528	0.005	0	NA	NA	NA	NA	NA	NA	NA	NA	NA	NA	NA	NA	NA	NA	NA	NA	NA	NA	0.447
2025-11-17 14:00:00	-91.7134	29.9604	0	21.387	18.175	99.892	101.595	2.088	177.55	1.39	133.15	0	0	2.245	0	0	NA	NA	NA	NA	NA	NA	NA	NA	NA	NA	NA	NA	NA	NA	NA	NA	NA	NA	0.456
2025-11-17 15:00:00	-91.7134	29.9604	0	26.612	21.15	98.979	101.605	2.49	327.1	1.752	151	0	0	3.042	0.022	0	NA	NA	NA	NA	NA	NA	NA	NA	NA	NA	NA	NA	NA	NA	NA	NA	NA	NA	0.413
2025-11-17 16:00:00	-91.7134	29.9604	0	30.492	23.95	85.323	101.602	2.535	427.275	1.612	167.125	0	0	3.252	0.438	0	NA	NA	NA	NA	NA	NA	NA	NA	NA	NA	NA	NA	NA	NA	NA	NA	NA	NA	0.375
2025-11-17 17:00:00	-91.7134	29.9604	0	34.04	25	72.433	101.552	2.293	497.175	1.535	145.525	0	0	3.275	0.877	0	NA	NA	NA	NA	NA	NA	NA	NA	NA	NA	NA	NA	NA	NA	NA	NA	NA	NA	0.367
2025-11-17 18:00:00	-91.7134	29.9604	0	35.585	25.825	64.027	101.468	2.13	518.55	1.59	158.35	0	0	3.668	1.2	0	NA	NA	NA	NA	NA	NA	NA	NA	NA	NA	NA	NA	NA	NA	NA	NA	NA	NA	0.393
2025-11-17 19:00:00	-91.7134	29.9604	0	37.19	26.425	61.196	101.385	2.109	585.075	1.79	129.1	0	0	3.925	1.332	0	NA	NA	NA	NA	NA	NA	NA	NA	NA	NA	NA	NA	NA	NA	NA	NA	NA	NA	0.399
2025-11-17 20:00:00	-91.7134	29.9604	0	30.38	25.725	59.613	101.352	1.972	256.225	1.878	194.8	0	0	3.422	1.332	0	NA	NA	NA	NA	NA	NA	NA	NA	NA	NA	NA	NA	NA	NA	NA	NA	NA	NA	0.409
2025-11-17 21:00:00	-91.7134	29.9604	0	28.803	25.575	60.46	101.345	1.982	230.625	2.172	168.5	0	0	4.04	1.298	0	NA	NA	NA	NA	NA	NA	NA	NA	NA	NA	NA	NA	NA	NA	NA	NA	NA	NA	0.415
2025-11-17 22:00:00	-91.7134	29.9604	0	23.697	24.35	63.444	101.368	1.931	68.425	1.378	203.825	0	0	2.645	1.11	0	NA	NA	NA	NA	NA	NA	NA	NA	NA	NA	NA	NA	NA	NA	NA	NA	NA	NA	0.424
2025-11-17 23:00:00	-91.7134	29.9604	0	20.317	22.325	72.953	101.418	1.966	8.375	1.545	225.175	0	0	2.632	0.73	0	NA	NA	NA	NA	NA	NA	NA	NA	NA	NA	NA	NA	NA	NA	NA	NA	NA	NA	0.436
2025-11-18 00:00:00	-91.7134	29.9604	0	18.295	20.725	80.577	101.49	1.97	0	1.282	211.275	0	0	2.335	0.475	0	NA	NA	NA	NA	NA	NA	NA	NA	NA	NA	NA	NA	NA	NA	NA	NA	NA	NA	NA
2025-11-18 01:00:00	-91.7134	29.9604	0	18.305	20.1	87.139	101.528	2.05	0	1.745	208.825	0	0	3.355	0.305	0	NA	NA	NA	NA	NA	NA	NA	NA	NA	NA	NA	NA	NA	NA	NA	NA	NA	NA	NA
2025-11-18 02:00:00	-91.7134	29.9604	0	17.678	19.65	92.207	101.558	2.11	0	1.357	203.275	0	0	3.05	0.178	0	NA	NA	NA	NA	NA	NA	NA	NA	NA	NA	NA	NA	NA	NA	NA	NA	NA	NA	NA
2025-11-18 03:00:00	-91.7134	29.9604	0	16.005	19.075	92.726	101.62	2.047	0	0.88	199.275	0	0	1.808	0.158	0	NA	NA	NA	NA	NA	NA	NA	NA	NA	NA	NA	NA	NA	NA	NA	NA	NA	NA	NA
2025-11-18 04:00:00	-91.7134	29.9604	0	13.848	18.225	94.074	101.642	1.97	0	0.54	151.425	0	0	1.565	0.122	0	NA	NA	NA	NA	NA	NA	NA	NA	NA	NA	NA	NA	NA	NA	NA	NA	NA	NA	NA
2025-11-18 05:00:00	-91.7134	29.9604	0	12.828	17.225	96.645	101.645	1.9	0	0.59	92.8	0	0	0.96	0.062	0	NA	NA	NA	NA	NA	NA	NA	NA	NA	NA	NA	NA	NA	NA	NA	NA	NA	NA	NA
2025-11-18 06:00:00	-91.7134	29.9604	0	13.578	16.7	97.17	101.62	1.847	0	0.703	85.225	0	0	1.107	0.05	0	NA	NA	NA	NA	NA	NA	NA	NA	NA	NA	NA	NA	NA	NA	NA	NA	NA	NA	NA
2025-11-18 07:00:00	-91.7134	29.9604	0	15.97	17.075	99.447	101.605	1.937	0	0.74	113.025	0	0	1.155	0.01	0	NA	NA	NA	NA	NA	NA	NA	NA	NA	NA	NA	NA	NA	NA	NA	NA	NA	NA	NA
2025-11-18 08:00:00	-91.7134	29.9604	0	17.25	17.425	99.639	101.605	1.984	0	0.94	100.2	0	0	1.47	0.01	0	NA	NA	NA	NA	NA	NA	NA	NA	NA	NA	NA	NA	NA	NA	NA	NA	NA	NA	NA
2025-11-18 09:00:00	-91.7134	29.9604	0	18.418	18.3	99.865	101.595	2.102	0	1.19	129.275	0	0	1.835	0	0	NA	NA	NA	NA	NA	NA	NA	NA	NA	NA	NA	NA	NA	NA	NA	NA	NA	NA	NA
2025-11-18 10:00:00	-91.7134	29.9604	0	17.762	18.175	99.843	101.622	2.086	0	0.895	128.525	0	0	1.478	0	0	NA	NA	NA	NA	NA	NA	NA	NA	NA	NA	NA	NA	NA	NA	NA	NA	NA	NA	NA
2025-11-18 11:00:00	-91.7134	29.9604	0	16.733	17.725	99.709	101.675	2.023	0	1.038	127.05	0	0	1.762	0	0	NA	NA	NA	NA	NA	NA	NA	NA	NA	NA	NA	NA	NA	NA	NA	NA	NA	NA	NA
2025-11-18 12:00:00	-91.7134	29.9604	0	16.882	17.575	99.889	101.715	2.007	0.7	1.005	121.925	0	0	1.58	0	0	NA	NA	NA	NA	NA	NA	NA	NA	NA	NA	NA	NA	NA	NA	NA	NA	NA	NA	NA
2025-11-18 13:00:00	-91.7134	29.9604	0	18.42	17.975	99.82	101.792	2.058	46.125	1.195	133.925	0	0	1.845	0	0	NA	NA	NA	NA	NA	NA	NA	NA	NA	NA	NA	NA	NA	NA	NA	NA	NA	NA	0.478
2025-11-18 14:00:00	-91.7134	29.9604	0	22.97	19.675	99.948	101.832	2.295	181.825	1.812	133.925	0	0	2.993	0	0	NA	NA	NA	NA	NA	NA	NA	NA	NA	NA	NA	NA	NA	NA	NA	NA	NA	NA	0.474
2025-11-18 15:00:00	-91.7134	29.9604	0	28.31	22.2	98.425	101.853	2.638	363.025	2.26	175.875	0	0	4.415	0.048	0	NA	NA	NA	NA	NA	NA	NA	NA	NA	NA	NA	NA	NA	NA	NA	NA	NA	NA	0.431
2025-11-18 16:00:00	-91.7134	29.9604	0	32.62	25.925	82.886	101.86	2.77	500.4	3.337	196.3	0	0	6.93	0.578	0	NA	NA	NA	NA	NA	NA	NA	NA	NA	NA	NA	NA	NA	NA	NA	NA	NA	NA	0.378
2025-11-18 17:00:00	-91.7134	29.9604	0	32.587	26.675	72.469	101.848	2.534	445.225	3.89	211.925	0	0	7.487	0.958	0	NA	NA	NA	NA	NA	NA	NA	NA	NA	NA	NA	NA	NA	NA	NA	NA	NA	NA	0.378
2025-11-18 18:00:00	-91.7134	29.9604	0	32.48	26.8	69.31	101.782	2.442	423.725	3.872	214.75	0	0	6.952	1.075	0	NA	NA	NA	NA	NA	NA	NA	NA	NA	NA	NA	NA	NA	NA	NA	NA	NA	NA	0.403
2025-11-18 19:00:00	-91.7134	29.9604	0	33.097	26.95	68.219	101.735	2.425	421	3.572	220.25	0	0	6.965	1.128	0	NA	NA	NA	NA	NA	NA	NA	NA	NA	NA	NA	NA	NA	NA	NA	NA	NA	NA	0.418
2025-11-18 20:00:00	-91.7134	29.9604	0	32.697	26.975	67.214	101.68	2.393	401.6	3.678	210.75	0	0	6.722	1.162	0	NA	NA	NA	NA	NA	NA	NA	NA	NA	NA	NA	NA	NA	NA	NA	NA	NA	NA	0.43
2025-11-18 21:00:00	-91.7134	29.9604	0	28.222	25.975	68.826	101.69	2.31	186.9	3.03	211	0	0	5.61	1.04	0	NA	NA	NA	NA	NA	NA	NA	NA	NA	NA	NA	NA	NA	NA	NA	NA	NA	NA	0.442
2025-11-18 22:00:00	-91.7134	29.9604	0	25.79	25.175	70.937	101.698	2.271	127.25	2.692	207.65	0	0	5.248	0.927	0	NA	NA	NA	NA	NA	NA	NA	NA	NA	NA	NA	NA	NA	NA	NA	NA	NA	NA	0.479
2025-11-18 23:00:00	-91.7134	29.9604	0	21.428	23.525	73.92	101.715	2.143	4.575	1.95	209.65	0	0	4.02	0.75	0	NA	NA	NA	NA	NA	NA	NA	NA	NA	NA	NA	NA	NA	NA	NA	NA	NA	NA	0.438
2025-11-19 00:00:00	-91.7134	29.9604	0	19.532	22.025	79.404	101.768	2.102	0	1.442	223.125	0	0	2.752	0.542	0	NA	NA	NA	NA	NA	NA	NA	NA	NA	NA	NA	NA	NA	NA	NA	NA	NA	NA	NA
2025-11-19 01:00:00	-91.7134	29.9604	0	18.305	20.8	85.476	101.838	2.099	0	1.115	219.375	0	0	2.06	0.358	0	NA	NA	NA	NA	NA	NA	NA	NA	NA	NA	NA	NA	NA	NA	NA	NA	NA	NA	NA
2025-11-19 02:00:00	-91.7134	29.9604	0	16.4	20.175	89.515	101.885	2.116	0	0.67	204.425	0	0	1.355	0.248	0	NA	NA	NA	NA	NA	NA	NA	NA	NA	NA	NA	NA	NA	NA	NA	NA	NA	NA	NA
2025-11-19 03:00:00	-91.7134	29.9604	0	14.358	19.225	93.193	101.922	2.077	0	0.45	141.45	0	0	0.802	0.15	0	NA	NA	NA	NA	NA	NA	NA	NA	NA	NA	NA	NA	NA	NA	NA	NA	NA	NA	NA
2025-11-19 04:00:00	-91.7134	29.9604	0	13.383	18.375	95.189	101.938	2.011	0	0.555	111.45	0	0	1.082	0.103	0	NA	NA	NA	NA	NA	NA	NA	NA	NA	NA	NA	NA	NA	NA	NA	NA	NA	NA	NA
2025-11-19 05:00:00	-91.7134	29.9604	0	13.137	17.875	95.846	101.94	1.963	0	0.382	81.225	0	0	0.78	0.085	0	NA	NA	NA	NA	NA	NA	NA	NA	NA	NA	NA	NA	NA	NA	NA	NA	NA	NA	NA
2025-11-19 06:00:00	-91.7134	29.9604	0	12.96	17.475	96.55	101.92	1.928	0	0.435	104.125	0	0	0.738	0.073	0	NA	NA	NA	NA	NA	NA	NA	NA	NA	NA	NA	NA	NA	NA	NA	NA	NA	NA	NA
2025-11-19 07:00:00	-91.7134	29.9604	0	12.995	17.15	97.329	101.895	1.904	0	0.495	74.9	0	0	0.76	0.052	0	0.242	0.337	0.36	0.364	0.316	-229.3	-117.9	-52.333	0.341	2.919	2.606	3.472	4.344	19.7	20.533	20.7	20.5	21.1	NA
2025-11-19 08:00:00	-91.7134	29.9604	0	13.037	16.125	98.1	101.908	1.798	0	0.438	57.775	0	0	0.802	0.032	0	0.242	0.337	0.36	0.364	0.316	-231.025	-118.15	-52.25	0.339	2.92	2.602	3.47	4.343	19.525	20.35	20.65	20.55	21.125	NA
2025-11-19 09:00:00	-91.7134	29.9604	0	13.168	16.25	97.63	101.932	1.804	0	0.368	139.625	0	0	0.562	0.038	0	0.242	0.337	0.36	0.364	0.316	-231.3	-118.45	-52.225	0.34	2.918	2.6	3.474	4.344	19.35	20.15	20.6	20.55	21.2	NA
2025-11-19 10:00:00	-91.7134	29.9604	0	13.302	16.675	97.645	101.958	1.853	0	0.565	114.8	0	0	0.718	0.042	0	0.243	0.337	0.36	0.364	0.316	-231.575	-119.075	-52.225	0.337	2.917	2.598	3.473	4.344	19.212	19.975	20.6	20.588	21.2	NA
2025-11-19 11:00:00	-91.7134	29.9604	0	14.188	17.275	98.052	101.99	1.934	0	0.812	126.9	0	0	1.23	0.038	0	0.243	0.337	0.36	0.364	0.316	-231.9	-119.45	-52.225	0.338	2.92	2.595	3.472	4.349	19.087	19.85	20.525	20.6	21.2	NA
2025-11-19 12:00:00	-91.7134	29.9604	0	13.63	16.625	98.779	102.042	1.869	0.35	0.93	104.475	0	0	1.378	0.022	0	0.243	0.336	0.36	0.364	0.316	-232.4	-119.675	-52.175	0.336	2.922	2.591	3.47	4.351	19	19.725	20.488	20.6	21.2	NA
2025-11-19 13:00:00	-91.7134	29.9604	0	17.678	18.05	99.389	102.095	2.061	40.45	1.14	131.475	0	0	1.75	0.007	0	0.243	0.336	0.36	0.364	0.316	-233.5	-120.125	-52.125	0.336	2.921	2.59	3.473	4.348	18.912	19.6	20.45	20.6	21.2	0.455
2025-11-19 14:00:00	-91.7134	29.9604	0	23.705	20.1	99.899	102.125	2.356	172.975	1.378	134	0	0	2.303	0	0	0.242	0.336	0.36	0.364	0.316	-233.75	-120.775	-52.175	0.334	2.923	2.591	3.473	4.346	19.05	19.5	20.387	20.6	21.2	0.46
2025-11-19 15:00:00	-91.7134	29.9604	0	29.36	24.25	94.751	102.14	2.867	337.575	1.875	166.325	0	0	3.645	0.162	0	0.241	0.336	0.36	0.364	0.316	-231.875	-121.325	-52.075	0.334	2.923	2.591	3.472	4.351	19.487	19.475	20.35	20.6	21.2	0.431
2025-11-19 16:00:00	-91.7134	29.9604	0	33.165	25.85	82.505	102.16	2.748	429.475	1.688	204.2	0	0	3.57	0.58	0	0.241	0.336	0.36	0.364	0.317	-229.25	-121.45	-52	0.333	2.921	2.588	3.468	4.348	20.225	19.525	20.325	20.6	21.2	0.399
2025-11-19 17:00:00	-91.7134	29.9604	0	37.33	27.225	71.319	102.138	2.576	561.25	1.462	178.275	0	0	3.475	1.035	0	0.24	0.336	0.36	0.364	0.317	-224.975	-121.7	-52.075	0.335	2.919	2.589	3.468	4.342	21.137	19.75	20.25	20.6	21.2	0.38
2025-11-19 18:00:00	-91.7134	29.9604	0	37.235	27.65	64.994	102.045	2.407	517.325	1.562	197.55	0	0	3.678	1.302	0	0.241	0.336	0.359	0.364	0.317	-220.975	-122.225	-52.075	0.335	2.918	2.595	3.47	4.34	22.137	20.175	20.275	20.6	21.2	0.41
2025-11-19 19:00:00	-91.7134	29.9604	0	40.053	28.3	62.8	101.99	2.416	613.975	1.58	230.85	0	0	3.582	1.432	0	0.241	0.336	0.359	0.364	0.317	-218.1	-122.7	-52.025	0.336	2.918	2.596	3.472	4.338	23.075	20.7	20.3	20.6	21.2	0.418
2025-11-19 20:00:00	-91.7134	29.9604	0	32.772	27.375	63.294	101.975	2.306	247.3	1.455	246.85	0	0	3.645	1.335	0	0.242	0.336	0.359	0.364	0.317	-215.975	-123	-52.05	0.337	2.915	2.6	3.47	4.34	23.75	21.225	20.375	20.625	21.2	0.428
2025-11-19 21:00:00	-91.7134	29.9604	0	31.16	27.1	65.095	101.932	2.335	258.325	2.12	222.425	0	0	4.24	1.248	0	0.242	0.337	0.359	0.364	0.317	-215.575	-122.9	-52.025	0.336	2.917	2.603	3.466	4.338	23.812	21.775	20.438	20.65	21.2	0.451
2025-11-19 22:00:00	-91.7134	29.9604	0	26.015	25.95	67.019	101.94	2.246	97.1	1.755	201.9	0	0	3.205	1.107	0	0.242	0.337	0.359	0.364	0.317	-215.9	-122.925	-52.1	0.336	2.918	2.606	3.468	4.338	23.7	22.15	20.538	20.65	21.2	0.481
2025-11-19 23:00:00	-91.7134	29.9604	0	21.288	23.55	74.476	101.945	2.161	5.475	1.51	212.65	0	0	2.758	0.75	0	0.243	0.338	0.359	0.364	0.317	-217.475	-122.55	-52.125	0.336	2.915	2.608	3.471	4.34	23.25	22.375	20.663	20.65	21.2	0.411
2025-11-20 00:00:00	-91.7134	29.9604	0	18.742	21.275	83.547	101.982	2.112	0	1.185	230.65	0	0	1.98	0.418	0	0.243	0.338	0.359	0.364	0.317	-220.55	-121.925	-52.125	0.335	2.92	2.613	3.473	4.34	22.65	22.4	20.75	20.65	21.2	NA
2025-11-20 01:00:00	-91.7134	29.9604	0	15.668	19.65	90.093	102.005	2.062	0	0.56	260.1	0	0	1.038	0.222	0	0.243	0.338	0.359	0.364	0.317	-222.9	-121.525	-52.1	0.336	2.92	2.606	3.473	4.34	22.1	22.25	20.825	20.65	21.2	NA
2025-11-20 02:00:00	-91.7134	29.9604	0	14.142	18.95	93.386	102.028	2.046	0	0.54	130.65	0	0	1.042	0.14	0	0.242	0.338	0.359	0.364	0.317	-225.7	-121.35	-52.125	0.336	2.925	2.604	3.473	4.34	21.575	22.05	20.9	20.65	21.2	NA
2025-11-20 03:00:00	-91.7134	29.9604	0	13.47	17.8	95.861	102.062	1.954	0	0.46	82.125	0	0	0.748	0.082	0	0.242	0.338	0.359	0.364	0.317	-228.95	-121.275	-52.15	0.335	2.921	2.604	3.473	4.34	21.1	21.8	20.95	20.65	21.2	NA
2025-11-20 04:00:00	-91.7134	29.9604	0	13.07	17.25	96.069	102.065	1.891	0	0.372	61.75	0	0	0.68	0.078	0	0.242	0.338	0.359	0.364	0.317	-230.45	-121.225	-52.125	0.338	2.918	2.604	3.471	4.337	20.738	21.5	20.95	20.688	21.2	NA
2025-11-20 05:00:00	-91.7134	29.9604	0	13	17	97.112	102.048	1.882	0	0.54	118.15	0	0	0.83	0.058	0	0.242	0.338	0.359	0.364	0.317	-231.9	-121.225	-52.225	0.338	2.92	2.606	3.471	4.34	20.388	21.2	20.95	20.7	21.2	NA
2025-11-20 06:00:00	-91.7134	29.9604	0	12.912	16.825	97.689	102.018	1.872	0	0.41	90.85	0	0	0.67	0.048	0	0.242	0.337	0.359	0.364	0.317	-234.15	-121.275	-52.175	0.335	2.918	2.604	3.471	4.347	20.087	20.95	20.95	20.7	21.2	NA
2025-11-20 07:00:00	-91.7134	29.9604	0	14.752	16.15	98.372	102.01	1.807	0	0.4	66.375	0	0	0.6	0.03	0	0.242	0.337	0.359	0.364	0.317	-235.125	-121.275	-52.15	0.335	2.92	2.598	3.471	4.344	19.863	20.7	20.912	20.7	21.2	NA
2025-11-20 08:00:00	-91.7134	29.9604	0	15.088	16.35	98.666	101.988	1.835	0	0.47	81.25	0	0	0.772	0.022	0	0.242	0.337	0.36	0.364	0.317	-235.65	-121.425	-52.175	0.334	2.917	2.597	3.471	4.339	19.762	20.5	20.9	20.7	21.2	NA
2025-11-20 09:00:00	-91.7134	29.9604	0	17.172	17.5	99.462	101.922	1.99	0	1.258	135.975	0	0	1.982	0.007	0	0.242	0.337	0.36	0.364	0.317	-235.75	-121.4	-52.125	0.332	2.92	2.592	3.471	4.349	19.725	20.35	20.812	20.7	21.2	NA
2025-11-20 10:00:00	-91.7134	29.9604	0	17.523	17.5	99.938	101.888	1.999	0	1.222	130.975	0	0	1.958	0	0	0.242	0.336	0.36	0.364	0.317	-235.975	-121.65	-52.1	0.331	2.918	2.593	3.471	4.349	19.738	20.225	20.8	20.7	21.2	NA
2025-11-20 11:00:00	-91.7134	29.9604	0	17.803	17.775	99.87	101.882	2.033	0	1.38	142.525	0	0	2.112	0	0	0.242	0.336	0.359	0.364	0.317	-236.25	-122.075	-52.075	0.332	2.922	2.596	3.471	4.348	19.762	20.125	20.75	20.7	21.2	NA
2025-11-20 12:00:00	-91.7134	29.9604	0	17.335	17.5	99.772	101.885	1.996	0.7	1.5	140.175	0	0	2.418	0	0	0.242	0.336	0.359	0.364	0.317	-235.9	-122.625	-52.15	0.332	2.928	2.59	3.471	4.348	19.8	20.1	20.7	20.7	21.2	NA
2025-11-20 13:00:00	-91.7134	29.9604	0	18.555	17.825	99.972	101.9	2.041	54.975	1.27	129.575	0	0	1.95	0	0	0.242	0.336	0.359	0.364	0.317	-236.725	-123.05	-52.1	0.33	2.929	2.592	3.471	4.348	19.8	20.1	20.675	20.738	21.2	0.501
2025-11-20 14:00:00	-91.7134	29.9604	0	22.472	19.525	99.795	101.918	2.267	170.925	1.54	134.8	0	0	2.712	0	0	0.242	0.335	0.359	0.364	0.317	-237.025	-123.3	-52.1	0.33	2.93	2.591	3.471	4.348	19.887	20.1	20.637	20.75	21.2	0.503
2025-11-20 15:00:00	-91.7134	29.9604	0	27.145	22.375	98.288	101.922	2.662	330.925	2.065	168.175	0	0	4.037	0.04	0	0.242	0.335	0.359	0.364	0.317	-235.775	-123.45	-52.125	0.33	2.93	2.586	3.472	4.352	20.188	20.1	20.6	20.75	21.2	0.465
2025-11-20 16:00:00	-91.7134	29.9604	0	31.905	24.95	84.663	101.905	2.671	506.475	2.65	181.475	0	0	6.008	0.49	0	0.24	0.336	0.359	0.364	0.317	-233.925	-123.875	-52.1	0.332	2.921	2.588	3.471	4.35	20.762	20.125	20.6	20.75	21.2	0.438
2025-11-20 17:00:00	-91.7134	29.9604	0	34.76	26.125	73.575	101.86	2.49	553.425	2.567	182.95	0	0	6.265	0.893	0	0.24	0.336	0.359	0.364	0.317	-230.075	-124.575	-52.125	0.332	2.919	2.589	3.472	4.344	21.475	20.35	20.6	20.75	21.2	0.419
2025-11-20 18:00:00	-91.7134	29.9604	0	34.72	26.35	68.439	101.757	2.348	495.675	2.628	186.9	0	0	5.513	1.085	0	0.24	0.336	0.359	0.364	0.317	-228.125	-124.85	-52.1	0.332	2.918	2.593	3.47	4.34	22.337	20.675	20.6	20.775	21.2	0.424
2025-11-20 19:00:00	-91.7134	29.9604	0	35.178	27.125	63.342	101.645	2.275	515.175	2.527	203.6	0	0	5.145	1.312	0	0.241	0.336	0.359	0.364	0.317	-224.875	-125.2	-52.1	0.334	2.914	2.597	3.47	4.337	23.05	21.05	20.6	20.8	21.2	0.439
2025-11-20 20:00:00	-91.7134	29.9604	0	33.328	27.025	62.022	101.605	2.215	411.15	3.067	201.2	0	0	6.092	1.352	0	0.241	0.337	0.359	0.364	0.317	-224.05	-125.175	-52.075	0.334	2.918	2.599	3.47	4.337	23.6	21.55	20.65	20.8	21.2	0.453
2025-11-20 21:00:00	-91.7134	29.9604	0	29.358	26.025	64.707	101.582	2.178	275.025	2.803	212.725	0	0	5.062	1.19	0	0.241	0.337	0.359	0.364	0.317	-224.125	-125.15	-52.15	0.334	2.92	2.602	3.469	4.337	23.712	21.875	20.725	20.8	21.2	0.482
2025-11-20 22:00:00	-91.7134	29.9604	0	25.16	25.4	66.505	101.56	2.158	119.15	2.215	189.8	0	0	4.373	1.088	0	0.242	0.337	0.359	0.364	0.317	-224.875	-125.1	-52.125	0.335	2.92	2.604	3.47	4.329	23.525	22.15	20.812	20.8	21.2	0.528
2025-11-20 23:00:00	-91.7134	29.9604	0	18.252	23.35	69.503	101.528	1.994	3.775	0.88	190.05	0	0	1.86	0.877	0	0.242	0.338	0.359	0.364	0.317	-227.75	-125.025	-52.2	0.336	2.921	2.609	3.469	4.337	23.05	22.275	20.887	20.8	21.2	0.438
2025-11-21 00:00:00	-91.7134	29.9604	0	16.615	21.55	74.444	101.532	1.915	0	0.71	185.25	0	0	1.462	0.652	0	0.242	0.338	0.359	0.364	0.317	-230.275	-124.925	-52.2	0.336	2.923	2.608	3.469	4.338	22.387	22.3	20.962	20.8	21.2	NA
2025-11-21 01:00:00	-91.7134	29.9604	0	18.508	21.425	80.735	101.562	2.061	0	1.388	170.4	0	0	2.925	0.492	0	0.242	0.338	0.359	0.364	0.317	-233.325	-124.575	-52.2	0.335	2.925	2.607	3.469	4.335	21.863	22.15	21.038	20.8	21.3	NA
2025-11-21 02:00:00	-91.7134	29.9604	0	18.753	20.675	87.265	101.582	2.128	0	0.76	139.475	0	0	1.938	0.305	0	0.241	0.338	0.359	0.364	0.317	-234.85	-124.15	-52.2	0.332	2.92	2.606	3.469	4.335	21.538	21.925	21.062	20.8	21.3	NA
2025-11-21 03:00:00	-91.7134	29.9604	0	20.727	21.675	89.476	101.608	2.32	0	1.418	140.2	0	0	3.155	0.275	0	0.241	0.337	0.359	0.364	0.317	-236.8	-123.975	-52.225	0.33	2.921	2.605	3.469	4.335	21.363	21.7	21.125	20.8	21.3	NA
2025-11-21 04:00:00	-91.7134	29.9604	0	21.062	21.625	91.395	101.585	2.362	0	1.39	134.775	0	0	2.835	0.22	0	0.241	0.337	0.359	0.364	0.317	-238.675	-123.85	-52.2	0.33	2.92	2.605	3.469	4.34	21.3	21.525	21.15	20.8	21.3	NA
2025-11-21 05:00:00	-91.7134	29.9604	0	21.448	21.65	92.763	101.57	2.401	0	1.317	128.625	0	0	2.542	0.188	0	0.241	0.337	0.359	0.364	0.317	-239.225	-123.875	-52.225	0.328	2.921	2.604	3.469	4.335	21.3	21.4	21.137	20.8	21.3	NA
2025-11-21 06:00:00	-91.7134	29.9604	0.085	21.1	21.275	95.091	101.558	2.405	0	0.968	105.325	0	0	1.655	0.122	0	0.241	0.337	0.359	0.364	0.317	-239.425	-123.925	-52.2	0.329	2.921	2.6	3.469	4.334	21.3	21.3	21.1	20.8	21.3	NA
2025-11-21 07:00:00	-91.7134	29.9604	0.043	21.115	21	97.999	101.48	2.437	0	1.45	113.625	0	0	2.617	0.048	0	0.242	0.337	0.359	0.364	0.317	-239.375	-123.975	-52.2	0.328	2.922	2.598	3.469	4.339	21.3	21.3	21.1	20.8	21.3	NA
2025-11-21 08:00:00	-91.7134	29.9604	0.03	21.27	21.175	98.841	101.418	2.485	0	1.678	119.625	0	0	2.865	0.025	0	0.242	0.337	0.359	0.364	0.317	-239.725	-123.85	-52.2	0.329	2.923	2.6	3.469	4.344	21.3	21.3	21.1	20.812	21.3	NA
2025-11-21 09:00:00	-91.7134	29.9604	0	21.572	21.5	98.938	101.372	2.537	0	2.042	131.7	0	0	3.713	0.03	0	0.242	0.337	0.359	0.364	0.317	-239.775	-124.2	-52.2	0.33	2.925	2.603	3.469	4.344	21.312	21.3	21.1	20.85	21.3	NA
2025-11-21 10:00:00	-91.7134	29.9604	0	21.663	22.075	97.899	101.362	2.6	0	2.542	162.725	0	0	5.36	0.055	0	0.242	0.337	0.359	0.364	0.317	-240.25	-124.5	-52.2	0.329	2.928	2.599	3.471	4.344	21.35	21.225	21.1	20.85	21.3	NA
2025-11-21 11:00:00	-91.7134	29.9604	0.004	21.73	22.125	98.155	101.402	2.615	0	1.905	181.475	0	0	3.732	0.045	0	0.242	0.337	0.359	0.364	0.317	-240.875	-124.65	-52.2	0.33	2.927	2.599	3.47	4.343	21.35	21.275	21.1	20.85	21.3	NA
2025-11-21 12:00:00	-91.7134	29.9604	0	21.458	22.3	98.136	101.435	2.643	0	2.03	191.225	0	0	4.1	0.048	0	0.242	0.337	0.359	0.364	0.317	-241.475	-124.75	-52.2	0.33	2.926	2.601	3.47	4.341	21.325	21.3	21.1	20.85	21.3	NA
2025-11-21 13:00:00	-91.7134	29.9604	0.004	22.548	22.8	98.78	101.482	2.742	37.8	1.948	196.525	0	0	3.838	0.03	0	0.242	0.337	0.359	0.364	0.317	-242.65	-124.95	-52.2	0.33	2.923	2.599	3.472	4.341	21.312	21.3	21.1	20.863	21.3	0.534
2025-11-21 14:00:00	-91.7134	29.9604	0	24.852	23.75	99.736	101.512	2.933	150.9	2.355	220.1	0	0	5.155	0.007	0	0.242	0.337	0.359	0.364	0.317	-242.9	-124.95	-52.2	0.331	2.926	2.599	3.468	4.341	21.413	21.275	21.1	20.9	21.3	0.519
2025-11-21 15:00:00	-91.7134	29.9604	0	26.788	24.6	97.176	101.548	3.006	291.05	3.317	238.45	0	0	6.265	0.085	0	0.242	0.337	0.359	0.364	0.317	-242.025	-125.025	-52.15	0.331	2.924	2.6	3.467	4.341	21.725	21.3	21.1	20.9	21.3	0.478
2025-11-21 16:00:00	-91.7134	29.9604	0	27.663	25.2	91.48	101.585	2.933	359.625	4	256.9	0	0	7.133	0.27	0	0.242	0.337	0.359	0.364	0.317	-239.9	-125.075	-52.175	0.331	2.923	2.601	3.47	4.341	22.163	21.35	21.1	20.9	21.3	0.45
2025-11-21 17:00:00	-91.7134	29.9604	0	29.358	25.875	85.632	101.555	2.859	361.55	3.13	251.075	0	0	5.67	0.472	0	0.242	0.337	0.359	0.364	0.317	-238.275	-125.15	-52.175	0.334	2.924	2.601	3.467	4.333	22.55	21.5	21.1	20.9	21.3	0.446
2025-11-21 18:00:00	-91.7134	29.9604	0	27.188	25.825	79.686	101.468	2.651	191.925	3.195	274.775	0	0	6.112	0.68	0	0.241	0.337	0.359	0.364	0.317	-237.225	-125.15	-52.2	0.334	2.923	2.601	3.47	4.332	22.863	21.7	21.125	20.9	21.3	0.473
2025-11-21 19:00:00	-91.7134	29.9604	0	25.57	25.5	79.866	101.425	2.606	96.375	1.928	286.375	0	0	4.272	0.66	0	0.242	0.337	0.359	0.364	0.317	-237	-125.1	-52.2	0.335	2.924	2.602	3.473	4.343	22.9	21.95	21.15	20.9	21.3	0.495
2025-11-21 20:00:00	-91.7134	29.9604	0.221	24.765	24.925	83.976	101.415	2.647	103.95	2.268	258.45	0	0	4.53	0.507	0.138	0.242	0.338	0.359	0.364	0.317	-237.4	-125.075	-52.175	0.335	2.929	2.605	3.471	4.342	22.838	22.125	21.188	20.9	21.3	0.508
2025-11-21 21:00:00	-91.7134	29.9604	0.009	25.692	25.225	84.573	101.402	2.715	225.1	2.395	237.375	0	0	5.065	0.5	0	0.243	0.338	0.359	0.364	0.317	-237.8	-125.1	-52.2	0.335	2.932	2.604	3.475	4.345	22.837	22.225	21.25	20.9	21.3	0.55
2025-11-21 22:00:00	-91.7134	29.9604	0	23.613	25.175	81.637	101.412	2.613	105.425	2.843	232.775	0	0	5.697	0.583	0	0.242	0.338	0.359	0.364	0.317	-238.05	-125.075	-52.2	0.337	2.938	2.604	3.473	4.352	22.9	22.3	21.287	20.95	21.3	0.566
2025-11-21 23:00:00	-91.7134	29.9604	0	21.762	23.75	86.988	101.452	2.556	3.825	2.143	235.4	0	0	4.228	0.38	0	0.243	0.338	0.359	0.364	0.317	-238.525	-125.05	-52.2	0.336	2.933	2.606	3.466	4.344	22.713	22.3	21.35	20.95	21.3	0.493
2025-11-22 00:00:00	-91.7134	29.9604	0	20.35	22.55	91.075	101.5	2.49	0	1.282	235.725	0	0	2.38	0.242	0	0.243	0.338	0.359	0.364	0.317	-240.975	-125.075	-52.225	0.337	2.927	2.608	3.466	4.342	22.425	22.3	21.375	20.95	21.3	NA
2025-11-22 01:00:00	-91.7134	29.9604	0	18.178	21.35	95.876	101.542	2.436	0	0.728	183.075	0	0	1.378	0.105	0	0.243	0.338	0.359	0.364	0.317	-243.025	-125	-52.225	0.336	2.926	2.608	3.466	4.339	22.1	22.275	21.438	20.95	21.3	NA
2025-11-22 02:00:00	-91.7134	29.9604	0	18.655	21.275	97.783	101.605	2.473	0	0.75	188.3	0	0	1.53	0.058	0	0.243	0.338	0.359	0.364	0.317	-244.85	-124.975	-52.2	0.336	2.924	2.606	3.466	4.342	21.775	22.15	21.45	20.95	21.3	NA
2025-11-22 03:00:00	-91.7134	29.9604	0	19.25	21.425	98.815	101.622	2.522	0	0.66	188.25	0	0	1.352	0.03	0	0.242	0.338	0.359	0.364	0.317	-247.95	-124.925	-52.175	0.335	2.93	2.606	3.466	4.342	21.562	21.975	21.45	20.95	21.3	NA
2025-11-22 04:00:00	-91.7134	29.9604	0	17.73	21.075	99.468	101.648	2.486	0	0.807	152.575	0	0	1.315	0.013	0	0.242	0.338	0.359	0.364	0.317	-248.725	-124.925	-52.225	0.336	2.928	2.603	3.467	4.342	21.388	21.825	21.45	20.988	21.3	NA
2025-11-22 05:00:00	-91.7134	29.9604	0	18.168	20.375	99.092	101.635	2.372	0	0.955	143.025	0	0	1.885	0.022	0	0.242	0.338	0.359	0.364	0.317	-250.1	-124.975	-52.225	0.334	2.931	2.601	3.466	4.341	21.2	21.65	21.45	21	21.3	NA
2025-11-22 06:00:00	-91.7134	29.9604	0	17.402	20.2	98.473	101.655	2.332	0	0.705	146.825	0	0	1.285	0.032	0	0.242	0.338	0.359	0.364	0.317	-251.9	-125.025	-52.225	0.334	2.928	2.602	3.472	4.341	21.05	21.525	21.45	21	21.3	NA
2025-11-22 07:00:00	-91.7134	29.9604	0	17.352	20.15	98.893	101.66	2.335	0	0.647	152.075	0	0	1.062	0.025	0	0.242	0.338	0.359	0.364	0.317	-253.1	-125.025	-52.2	0.333	2.929	2.599	3.472	4.34	20.9	21.4	21.438	21	21.325	NA
2025-11-22 08:00:00	-91.7134	29.9604	0	18.433	20.25	99.551	101.672	2.366	0	0.712	126.7	0	0	1.032	0.007	0	0.242	0.338	0.359	0.364	0.317	-254.025	-125.1	-52.2	0.331	2.931	2.599	3.472	4.339	20.788	21.275	21.4	21	21.4	NA
2025-11-22 09:00:00	-91.7134	29.9604	0	20.425	20.925	99.502	101.678	2.464	0	0.812	171.175	0	0	1.345	0.01	0	0.242	0.337	0.359	0.364	0.317	-253.95	-125.1	-52.15	0.331	2.935	2.594	3.471	4.338	20.775	21.175	21.4	21	21.4	NA
2025-11-22 10:00:00	-91.7134	29.9604	0	21.725	21.8	99.915	101.692	2.611	0	0.612	221.825	0	0	1.243	0	0	0.242	0.337	0.359	0.364	0.317	-254.1	-125.25	-52.15	0.332	2.937	2.59	3.473	4.346	20.85	21.1	21.338	21.038	21.4	NA
2025-11-22 11:00:00	-91.7134	29.9604	0	22.415	22.325	99.776	101.743	2.691	0	0.828	302.55	0	0	2.292	0.002	0	0.242	0.337	0.359	0.364	0.317	-253.875	-125.3	-52.2	0.333	2.945	2.593	3.471	4.348	21	21	21.3	21.05	21.4	NA
2025-11-22 12:00:00	-91.7134	29.9604	0	22.163	22.075	99.849	101.775	2.655	0	1.215	276.575	0	0	2.502	0.002	0	0.242	0.337	0.359	0.364	0.317	-253.625	-125.525	-52.15	0.334	2.948	2.593	3.471	4.348	21.163	21.025	21.3	21.05	21.4	NA
2025-11-22 13:00:00	-91.7134	29.9604	0	22.708	22.05	99.95	101.818	2.653	23.55	1.418	275.025	0	0	2.817	0	0	0.242	0.337	0.359	0.364	0.317	-253.375	-125.775	-52.1	0.334	2.947	2.595	3.471	4.347	21.312	21.1	21.3	21.05	21.4	0.528
2025-11-22 14:00:00	-91.7134	29.9604	0	23.91	22.325	99.928	101.885	2.696	75.675	1.178	294.175	0	0	2.455	0	0	0.242	0.337	0.359	0.364	0.317	-253.225	-125.95	-52.1	0.334	2.945	2.594	3.471	4.347	21.475	21.2	21.275	21.05	21.4	0.543
2025-11-22 15:00:00	-91.7134	29.9604	0	26.855	23.575	99.904	101.922	2.909	257.625	1.638	270.25	0	0	3.188	0	0	0.242	0.337	0.359	0.364	0.317	-252.5	-126.325	-52.125	0.333	2.947	2.599	3.472	4.352	21.738	21.25	21.25	21.05	21.4	0.508
2025-11-22 16:00:00	-91.7134	29.9604	0	30.195	25.05	97.57	101.908	3.099	433.075	1.715	302.525	0	0	3.8	0.073	0	0.242	0.337	0.359	0.364	0.317	-250.125	-126.75	-52.05	0.334	2.944	2.6	3.47	4.349	22.3	21.375	21.25	21.1	21.4	0.465
2025-11-22 17:00:00	-91.7134	29.9604	0	31.812	26.2	87.168	101.888	2.966	511.525	2.128	314.6	0	0	4.877	0.432	0	0.241	0.337	0.359	0.364	0.317	-247.05	-127.075	-52.1	0.335	2.931	2.596	3.47	4.345	22.887	21.575	21.25	21.1	21.4	0.456
2025-11-22 18:00:00	-91.7134	29.9604	0	31.765	26.625	80.005	101.805	2.79	415.775	1.85	322	0	0	4.058	0.695	0	0.241	0.337	0.359	0.364	0.317	-244.35	-127.25	-52.1	0.334	2.927	2.595	3.47	4.337	23.438	21.875	21.3	21.1	21.4	0.482
2025-11-22 19:00:00	-91.7134	29.9604	0	34.955	28.175	71.261	101.727	2.719	552.725	1.878	300.95	0	0	4.638	1.097	0	0.241	0.338	0.359	0.364	0.317	-241.8	-127.85	-52.075	0.335	2.927	2.599	3.469	4.337	23.938	22.25	21.338	21.1	21.4	0.487
2025-11-22 20:00:00	-91.7134	29.9604	0	31.442	28.225	65.654	101.678	2.514	296.7	2.05	274.125	0	0	4.35	1.318	0	0.242	0.338	0.359	0.364	0.317	-240.875	-128.225	-52.1	0.337	2.926	2.603	3.469	4.337	24.325	22.6	21.4	21.1	21.4	0.512
2025-11-22 21:00:00	-91.7134	29.9604	0	28.608	27.375	71.478	101.655	2.605	180.95	2.572	242.65	0	0	4.525	1.04	0	0.242	0.338	0.359	0.364	0.317	-240.925	-128.15	-52.1	0.338	2.929	2.604	3.47	4.335	24.288	22.875	21.462	21.1	21.4	0.526
2025-11-22 22:00:00	-91.7134	29.9604	0	26.435	26.525	75.52	101.672	2.618	60.15	2.513	237.4	0	0	4.678	0.848	0	0.242	0.338	0.359	0.364	0.317	-241.675	-128.3	-52.1	0.339	2.927	2.609	3.469	4.342	24.113	23.075	21.55	21.1	21.4	0.522
2025-11-22 23:00:00	-91.7134	29.9604	3.145	22.905	22.8	93.166	101.735	2.579	5.025	1.545	181.175	0	0	4.697	0.202	0.042	0.246	0.339	0.366	0.365	0.317	-202.475	-117.5	-44.8	0.332	2.931	2.544	3.47	4.337	23.838	23.175	21.712	21.1	21.4	0.454
2025-11-23 00:00:00	-91.7134	29.9604	0.004	22.322	22.075	97.522	101.808	2.59	0	0.74	182.2	0	0	1.422	0.065	0	0.247	0.339	0.378	0.365	0.317	-102.025	-78.4	-11.525	0.327	2.958	2.481	3.471	4.349	23.45	23.2	21.9	21.113	21.4	NA
2025-11-23 01:00:00	-91.7134	29.9604	0	22.23	21.95	97.879	101.87	2.58	0	0.622	88.45	0	0	1.22	0.057	0	0.247	0.341	0.376	0.365	0.317	-72.65	-62.25	-6.7	0.336	3.069	2.509	3.47	4.356	23.163	23.225	21.912	21.15	21.4	NA
2025-11-23 02:00:00	-91.7134	29.9604	0	20.632	20.375	93.652	101.925	2.243	0	0.882	32.975	0	0	1.71	0.148	0	0.247	0.341	0.376	0.365	0.317	-58.275	-50.2	-4.45	0.337	3.055	2.525	3.475	4.356	22.9	23.05	21.95	21.15	21.4	NA
2025-11-23 03:00:00	-91.7134	29.9604	0	17.548	19.025	93.103	101.952	2.049	0	0.562	257.175	0	0	0.96	0.15	0	0.247	0.341	0.375	0.365	0.318	-46.7	-41.35	-2.525	0.34	3.048	2.528	3.475	4.355	22.525	22.9	21.95	21.15	21.4	NA
2025-11-23 04:00:00	-91.7134	29.9604	0	16.492	18.45	95.108	101.962	2.019	0	0.535	224.675	0	0	0.907	0.095	0	0.248	0.342	0.375	0.365	0.318	-39.55	-35.075	-1.625	0.342	3.048	2.537	3.47	4.353	22.137	22.7	21.95	21.15	21.4	NA
2025-11-23 05:00:00	-91.7134	29.9604	0	18.46	19.05	95.774	101.952	2.111	0	0.508	298.725	0	0	0.87	0.095	0	0.248	0.342	0.374	0.365	0.318	-34.375	-30.475	-1.175	0.342	3.048	2.539	3.473	4.355	21.85	22.475	21.95	21.15	21.4	NA
2025-11-23 06:00:00	-91.7134	29.9604	0	16.885	18.7	91.485	101.938	1.974	0	1.572	353.95	0	0	2.618	0.185	0	0.248	0.341	0.374	0.365	0.318	-30.825	-27.1	-0.95	0.344	3.047	2.54	3.473	4.348	21.65	22	21.95	21.15	21.4	NA
2025-11-23 07:00:00	-91.7134	29.9604	0	15.443	17.4	89.671	101.938	1.782	0	1.458	7.75	0	0	3.162	0.2	0	0.248	0.342	0.374	0.365	0.318	-28.125	-24.625	-0.8	0.345	3.045	2.544	3.476	4.355	21.413	21.825	21.863	21.188	21.4	NA
2025-11-23 08:00:00	-91.7134	29.9604	0	14.185	16.45	88.41	101.968	1.655	0	1.115	5.033	0	0	2.52	0.215	0	0.248	0.342	0.374	0.365	0.318	-26.15	-22.675	-0.7	0.346	3.038	2.546	3.475	4.353	21.087	21.6	21.85	21.2	21.475	NA
2025-11-23 09:00:00	-91.7134	29.9604	0	13.332	15.45	89.643	101.988	1.574	0	1.133	176.15	0	0	2.53	0.182	0	0.248	0.341	0.373	0.365	0.318	-24.625	-21.175	-0.7	0.348	3.043	2.546	3.474	4.345	20.75	21.4	21.825	21.2	21.5	NA
2025-11-23 10:00:00	-91.7134	29.9604	0	11.535	14.325	91.306	101.995	1.491	0	0.843	352.75	0	0	1.668	0.14	0	0.248	0.341	0.373	0.365	0.318	-23.4	-19.925	-0.7	0.347	3.042	2.548	3.474	4.347	20.425	21.15	21.788	21.2	21.5	NA
2025-11-23 11:00:00	-91.7134	29.9604	0	10.7	13.725	92.043	102.028	1.445	0	0.877	181.875	0	0	1.65	0.125	0	0.249	0.341	0.373	0.365	0.318	-22.45	-19	-0.6	0.348	3.047	2.547	3.474	4.352	20.125	20.9	21.725	21.25	21.5	NA
2025-11-23 12:00:00	-91.7134	29.9604	0	11.315	13.25	94.109	102.068	1.433	0.075	1.268	119.5	0	0	2.565	0.092	0	0.249	0.341	0.373	0.365	0.318	-21.625	-18.2	-0.6	0.347	3.039	2.544	3.476	4.352	19.762	20.675	21.7	21.25	21.5	NA
2025-11-23 13:00:00	-91.7134	29.9604	0	12.977	13.9	97.358	102.118	1.548	28.525	1.153	15.075	0	0	2.357	0.04	0	0.249	0.341	0.372	0.365	0.318	-21	-17.5	-0.6	0.349	3.041	2.547	3.476	4.351	19.462	20.4	21.613	21.25	21.5	0.596
2025-11-23 14:00:00	-91.7134	29.9604	0	17.385	15.85	97.179	102.162	1.75	147.55	1.84	34.825	0	0	3.487	0.05	0	0.249	0.341	0.372	0.365	0.318	-20.45	-16.95	-0.6	0.349	3.037	2.546	3.476	4.349	19.288	20.2	21.55	21.25	21.5	0.59
2025-11-23 15:00:00	-91.7134	29.9604	0	20.795	17.7	88.197	102.188	1.786	339	2.81	68.325	0	0	4.968	0.245	0	0.249	0.34	0.372	0.365	0.318	-19.95	-16.45	-0.6	0.347	3.035	2.544	3.48	4.351	19.375	20.075	21.462	21.25	21.5	0.576
2025-11-23 16:00:00	-91.7134	29.9604	0	24.438	19.3	79.906	102.15	1.787	521.8	2.34	61.125	0	0	4.19	0.45	0	0.249	0.34	0.372	0.365	0.318	-19.525	-16.025	-0.6	0.348	3.034	2.542	3.482	4.351	19.775	20.15	21.387	21.262	21.5	0.529
2025-11-23 17:00:00	-91.7134	29.9604	0	27.75	21.225	69.606	102.05	1.755	625.175	1.845	66.1	0	0	4.558	0.767	0	0.248	0.34	0.372	0.365	0.318	-19.075	-15.65	-0.6	0.351	3.034	2.544	3.479	4.351	20.45	20.375	21.325	21.3	21.5	0.51
2025-11-23 18:00:00	-91.7134	29.9604	0	30.175	22.9	59.323	101.942	1.656	646.8	1.4	41.925	0	0	3.323	1.135	0	0.247	0.34	0.372	0.365	0.318	-18.675	-15.3	-0.6	0.353	3.037	2.544	3.475	4.35	21.363	20.75	21.25	21.3	21.5	0.491
2025-11-23 19:00:00	-91.7134	29.9604	0	30.12	24.025	53.48	101.858	1.598	579.925	1.628	26.05	0	0	3.695	1.385	0	0.248	0.34	0.372	0.365	0.318	-18.25	-15.05	-0.6	0.356	3.043	2.547	3.476	4.351	22.125	21.15	21.238	21.3	21.5	0.508
2025-11-23 20:00:00	-91.7134	29.9604	0	28.155	24.4	50.32	101.81	1.538	380.575	1.46	198.675	0	0	3.43	1.51	0	0.248	0.34	0.371	0.365	0.318	-17.925	-14.8	-0.6	0.36	3.045	2.551	3.478	4.347	22.712	21.55	21.2	21.3	21.5	0.529
2025-11-23 21:00:00	-91.7134	29.9604	0	24.977	24.1	50.258	101.79	1.508	229.85	1.032	100.025	0	0	2.005	1.49	0	0.248	0.341	0.371	0.365	0.318	-17.6	-14.575	-0.6	0.361	3.047	2.555	3.478	4.35	22.837	21.8	21.238	21.3	21.5	0.546
2025-11-23 22:00:00	-91.7134	29.9604	0	19.605	22.325	56.774	101.845	1.53	60.2	1.26	249.35	0	0	2.14	1.168	0	0.249	0.341	0.371	0.365	0.318	-17.35	-14.35	-0.6	0.359	3.054	2.559	3.48	4.35	22.65	21.9	21.3	21.3	21.5	0.538
2025-11-23 23:00:00	-91.7134	29.9604	0	14.72	19.35	67.061	101.782	1.503	2.325	0.64	201.475	0	0	1.125	0.74	0	0.249	0.341	0.371	0.365	0.318	-17.225	-14.2	-0.6	0.359	3.053	2.562	3.48	4.35	22.2	21.9	21.325	21.3	21.5	NA
2025-11-24 00:00:00	-91.7134	29.9604	0	13.822	17.7	78.436	101.82	1.588	0	0.885	299.35	0	0	1.47	0.435	0	0.249	0.341	0.371	0.365	0.318	-17.025	-14.05	-0.6	0.36	3.047	2.567	3.48	4.35	21.663	21.75	21.4	21.3	21.5	NA
2025-11-24 01:00:00	-91.7134	29.9604	0	13.955	16.625	85.257	101.842	1.613	0	0.745	298.625	0	0	1.342	0.277	0	0.249	0.341	0.371	0.365	0.318	-16.925	-13.85	-0.6	0.362	3.042	2.565	3.48	4.35	21.163	21.525	21.438	21.3	21.5	NA
2025-11-24 02:00:00	-91.7134	29.9604	0	14.613	16.925	84.241	101.858	1.624	0	1.018	36.85	0	0	2.058	0.3	0	0.249	0.341	0.371	0.366	0.318	-16.85	-13.725	-0.65	0.363	3.048	2.564	3.479	4.351	20.788	21.275	21.45	21.3	21.5	NA
2025-11-24 03:00:00	-91.7134	29.9604	0	14.905	16.775	85.279	101.882	1.629	0	1.528	68.8	0	0	3.155	0.28	0	0.249	0.341	0.371	0.365	0.318	-16.725	-13.6	-0.7	0.362	3.044	2.561	3.48	4.349	20.525	21.05	21.45	21.3	21.5	NA
2025-11-24 04:00:00	-91.7134	29.9604	0	14.385	16	88.326	101.855	1.606	0	1.375	73.375	0	0	2.715	0.21	0	0.249	0.341	0.371	0.365	0.318	-16.7	-13.475	-0.7	0.361	3.043	2.561	3.48	4.351	20.25	20.85	21.412	21.3	21.5	NA
2025-11-24 05:00:00	-91.7134	29.9604	0	14.185	15.7	90.541	101.787	1.615	0	1.29	96.425	0	0	2.908	0.168	0	0.25	0.341	0.371	0.365	0.318	-16.625	-13.4	-0.7	0.36	3.042	2.559	3.48	4.354	20.038	20.65	21.4	21.3	21.5	NA
2025-11-24 06:00:00	-91.7134	29.9604	0	13.698	15	92.239	101.755	1.573	0	1.048	107.425	0	0	2.532	0.13	0	0.25	0.341	0.371	0.365	0.318	-16.6	-13.3	-0.7	0.361	3.043	2.558	3.48	4.35	19.825	20.475	21.375	21.312	21.575	NA
2025-11-24 07:00:00	-91.7134	29.9604	0	12.977	14.625	93.474	101.773	1.556	0	0.855	94	0	0	1.9	0.108	0	0.25	0.34	0.371	0.366	0.318	-16.6	-13.2	-0.7	0.36	3.041	2.559	3.479	4.356	19.613	20.3	21.312	21.35	21.6	NA
2025-11-24 08:00:00	-91.7134	29.9604	0	12.932	14.375	94.907	101.773	1.554	0	0.993	105.225	0	0	2.375	0.082	0	0.25	0.34	0.371	0.366	0.318	-16.525	-13.125	-0.7	0.36	3.04	2.556	3.479	4.349	19.413	20.15	21.262	21.35	21.6	NA
2025-11-24 09:00:00	-91.7134	29.9604	0	12.71	14.175	96.051	101.758	1.553	0	0.688	106.925	0	0	1.7	0.065	0	0.249	0.34	0.37	0.366	0.318	-16.5	-13.1	-0.725	0.358	3.04	2.556	3.479	4.351	19.212	19.975	21.2	21.35	21.6	NA
2025-11-24 10:00:00	-91.7134	29.9604	0	12.605	14.175	96.839	101.74	1.566	0	0.63	92.275	0	0	1.643	0.05	0	0.25	0.34	0.37	0.366	0.318	-16.5	-13	-0.775	0.358	3.038	2.557	3.479	4.356	19.025	19.825	21.15	21.35	21.6	NA
2025-11-24 11:00:00	-91.7134	29.9604	0	12.693	14.15	97.941	101.7	1.581	0	0.607	103.725	0	0	1.658	0.032	0	0.25	0.34	0.37	0.366	0.318	-16.5	-13	-0.8	0.358	3.037	2.554	3.479	4.353	18.887	19.675	21.075	21.35	21.6	NA
2025-11-24 12:00:00	-91.7134	29.9604	0	13.51	14.475	98.58	101.702	1.625	0	0.958	110.7	0	0	2.22	0.02	0	0.25	0.34	0.37	0.365	0.318	-16.5	-12.9	-0.8	0.356	3.038	2.554	3.48	4.356	18.75	19.55	21.038	21.35	21.6	NA
2025-11-24 13:00:00	-91.7134	29.9604	0	16.25	15.55	99.323	101.75	1.755	31.625	1.648	115.075	0	0	3.29	0.007	0	0.25	0.34	0.37	0.365	0.318	-16.5	-12.9	-0.8	0.356	3.035	2.555	3.48	4.356	18.7	19.425	20.95	21.35	21.6	0.575
2025-11-24 14:00:00	-91.7134	29.9604	0	18.528	16.225	99.7	101.752	1.839	122.45	2.205	126.85	0	0	4.18	0	0	0.249	0.34	0.37	0.365	0.318	-16.5	-12.775	-0.8	0.356	3.037	2.554	3.48	4.356	18.863	19.4	20.9	21.35	21.6	0.552
2025-11-24 15:00:00	-91.7134	29.9604	0	22.095	18.075	99.849	101.79	2.074	268.05	2.34	122.325	0	0	4.205	0	0	0.249	0.339	0.37	0.365	0.318	-16.5	-12.7	-0.8	0.359	3.038	2.551	3.48	4.355	19.288	19.5	20.837	21.35	21.6	0.531
2025-11-24 16:00:00	-91.7134	29.9604	0	28.055	22.525	91.038	101.695	2.482	477.05	3.24	149.95	0	0	6.228	0.252	0	0.249	0.339	0.37	0.365	0.318	-16.4	-12.7	-0.9	0.36	3.034	2.552	3.481	4.355	19.85	19.75	20.775	21.35	21.6	0.538
2025-11-24 17:00:00	-91.7134	29.9604	0	32	25.075	79.616	101.618	2.532	538.2	3.145	160.275	0	0	6.015	0.647	0	0.248	0.339	0.37	0.365	0.318	-16.275	-12.7	-0.9	0.363	3.037	2.553	3.481	4.35	20.65	20.15	20.75	21.35	21.6	0.5
2025-11-24 18:00:00	-91.7134	29.9604	0	32.97	26.725	72.59	101.495	2.546	499.575	3.242	186.3	0	0	6.54	0.96	0	0.248	0.34	0.37	0.365	0.318	-16.125	-12.7	-0.9	0.368	3.04	2.554	3.481	4.355	21.625	20.675	20.75	21.3	21.6	0.497
2025-11-24 19:00:00	-91.7134	29.9604	0	28.56	26.075	71.95	101.432	2.429	225.025	3.4	202.8	0	0	7.013	0.955	0	0.248	0.34	0.37	0.365	0.318	-16.025	-12.7	-0.9	0.372	3.046	2.557	3.481	4.35	22.35	21.175	20.75	21.3	21.6	0.516
2025-11-24 20:00:00	-91.7134	29.9604	0	28.602	25.9	74.493	101.4	2.489	246.5	3.547	202.5	0	0	7.155	0.853	0	0.249	0.34	0.37	0.365	0.318	-15.925	-12.7	-0.95	0.371	3.045	2.562	3.481	4.355	22.6	21.55	20.762	21.3	21.6	0.522
2025-11-24 21:00:00	-91.7134	29.9604	0	27.66	25.8	75.873	101.392	2.521	209	3.283	199	0	0	6.623	0.8	0	0.249	0.341	0.37	0.365	0.318	-15.8	-12.7	-1	0.372	3.05	2.566	3.481	4.352	22.75	21.8	20.812	21.3	21.6	0.547
2025-11-24 22:00:00	-91.7134	29.9604	0	24.795	25.025	77.559	101.392	2.46	57.775	2.688	200.15	0	0	5.045	0.708	0	0.249	0.341	0.37	0.365	0.318	-15.75	-12.7	-1	0.373	3.049	2.571	3.481	4.352	22.762	21.95	20.9	21.3	21.6	0.537
2025-11-24 23:00:00	-91.7134	29.9604	0	22.943	24.25	80.919	101.33	2.451	3.05	2.265	185.225	0	0	5.068	0.573	0	0.249	0.341	0.37	0.365	0.318	-15.7	-12.7	-1	0.371	3.05	2.574	3.481	4.352	22.562	22	20.975	21.3	21.6	NA
2025-11-25 00:00:00	-91.7134	29.9604	0	22.722	23.925	83.076	101.322	2.468	0	2.245	187.25	0	0	4.855	0.5	0	0.25	0.341	0.37	0.365	0.318	-15.7	-12.7	-1	0.37	3.049	2.57	3.482	4.355	22.275	22	21.05	21.3	21.6	NA
2025-11-25 01:00:00	-91.7134	29.9604	0	22.598	23.625	85.379	101.292	2.491	0	2.395	182.725	0	0	4.912	0.428	0	0.249	0.341	0.37	0.365	0.318	-15.7	-12.7	-1.1	0.369	3.046	2.573	3.482	4.355	22.075	21.9	21.137	21.3	21.6	NA
2025-11-25 02:00:00	-91.7134	29.9604	0	21.445	22.9	88.87	101.278	2.482	0	2.33	184.45	0	0	5.255	0.308	0	0.249	0.341	0.37	0.365	0.318	-15.7	-12.725	-1.1	0.368	3.046	2.574	3.482	4.354	21.925	21.825	21.162	21.3	21.6	NA
2025-11-25 03:00:00	-91.7134	29.9604	0	21.328	22.45	92.177	101.285	2.505	0	2.112	184.1	0	0	4.37	0.21	0	0.249	0.341	0.37	0.365	0.318	-15.7	-12.8	-1.1	0.37	3.047	2.574	3.482	4.354	21.762	21.75	21.25	21.3	21.6	NA
2025-11-25 04:00:00	-91.7134	29.9604	0	21.715	22.85	92.656	101.298	2.58	0	2.415	190.2	0	0	5.013	0.202	0	0.249	0.341	0.37	0.365	0.318	-15.7	-12.825	-1.125	0.369	3.047	2.574	3.482	4.354	21.65	21.675	21.25	21.3	21.6	NA
2025-11-25 05:00:00	-91.7134	29.9604	0	22.292	23.425	90.371	101.348	2.605	0	2.618	211.775	0	0	5.508	0.28	0	0.249	0.341	0.37	0.365	0.318	-15.725	-12.9	-1.2	0.368	3.041	2.574	3.482	4.354	21.6	21.6	21.262	21.3	21.6	NA
2025-11-25 06:00:00	-91.7134	29.9604	0	22.335	23.425	91.389	101.33	2.634	0	2.965	209.85	0	0	6.268	0.248	0	0.249	0.341	0.37	0.365	0.318	-15.75	-12.9	-1.2	0.37	3.041	2.572	3.482	4.354	21.6	21.6	21.3	21.3	21.6	NA
2025-11-25 07:00:00	-91.7134	29.9604	0	21.542	22.975	92.638	101.298	2.599	0	2.575	214.65	0	0	4.93	0.205	0	0.249	0.341	0.37	0.365	0.318	-15.8	-12.9	-1.225	0.37	3.041	2.571	3.482	4.354	21.6	21.6	21.338	21.3	21.6	NA
2025-11-25 08:00:00	-91.7134	29.9604	0	20.738	22.45	93.261	101.302	2.534	0	1.74	212.4	0	0	3.37	0.185	0	0.249	0.341	0.37	0.365	0.318	-15.8	-12.9	-1.225	0.37	3.044	2.572	3.482	4.354	21.55	21.525	21.35	21.3	21.6	NA
2025-11-25 09:00:00	-91.7134	29.9604	0	20.792	22.175	93.936	101.328	2.51	0	1.65	215.9	0	0	3.02	0.16	0	0.249	0.341	0.37	0.365	0.318	-15.8	-12.9	-1.3	0.369	3.045	2.57	3.482	4.354	21.438	21.5	21.35	21.3	21.6	NA
2025-11-25 10:00:00	-91.7134	29.9604	0	21.352	22.375	94.474	101.308	2.555	0	1.605	216.75	0	0	3.12	0.15	0	0.249	0.341	0.37	0.365	0.318	-15.825	-13	-1.325	0.37	3.037	2.571	3.482	4.354	21.35	21.425	21.35	21.3	21.6	NA
2025-11-25 11:00:00	-91.7134	29.9604	0	20.983	22.4	94.116	101.295	2.55	0	1.505	223.6	0	0	2.958	0.158	0	0.249	0.341	0.37	0.365	0.318	-15.9	-13	-1.4	0.369	3.037	2.57	3.482	4.354	21.35	21.4	21.35	21.3	21.6	NA
2025-11-25 12:00:00	-91.7134	29.9604	0	21.008	22.275	94.363	101.32	2.537	0	1.375	219.85	0	0	2.692	0.152	0	0.249	0.341	0.37	0.365	0.318	-15.9	-13	-1.425	0.37	3.038	2.57	3.482	4.354	21.338	21.4	21.35	21.3	21.6	NA
2025-11-25 13:00:00	-91.7134	29.9604	0	22.14	22.65	94.588	101.382	2.602	30.2	1.562	214.525	0	0	2.865	0.148	0	0.249	0.341	0.37	0.365	0.318	-15.9	-13.025	-1.45	0.37	3.042	2.57	3.482	4.354	21.312	21.4	21.35	21.3	21.6	0.55
2025-11-25 14:00:00	-91.7134	29.9604	0	24.622	23.975	93.344	101.425	2.782	140.875	2.285	228.325	0	0	5.04	0.2	0	0.249	0.341	0.37	0.365	0.318	-15.9	-13.1	-1.5	0.37	3.038	2.57	3.482	4.353	21.413	21.4	21.35	21.3	21.6	0.563
2025-11-25 15:00:00	-91.7134	29.9604	0.442	24.462	23.1	95.309	101.47	2.694	154.475	3.83	254.625	0	0	7.67	0.145	0.018	0.25	0.341	0.37	0.365	0.318	-15.9	-13.1	-1.55	0.37	3.046	2.569	3.482	4.361	21.688	21.45	21.35	21.3	21.6	0.569
2025-11-25 16:00:00	-91.7134	29.9604	0.03	25.532	24.075	95.911	101.482	2.877	243.675	3.22	249.7	0	0	6.43	0.128	0	0.25	0.341	0.37	0.365	0.318	-15.9	-13.15	-1.6	0.372	3.054	2.568	3.481	4.363	21.95	21.625	21.35	21.3	21.6	0.574
2025-11-25 17:00:00	-91.7134	29.9604	0.004	22.323	22.375	93.6	101.477	2.533	63.9	3.492	257.725	3.5	0.25	6.608	0.175	0	0.25	0.342	0.37	0.365	0.318	-15.9	-13.2	-1.6	0.372	3.057	2.568	3.482	4.353	22.2	21.775	21.35	21.3	21.6	0.593
2025-11-25 18:00:00	-91.7134	29.9604	0.641	22.865	21.8	96.941	101.45	2.532	105.775	1.755	266.65	0	0	3.462	0.075	0.012	0.25	0.342	0.37	0.365	0.318	-15.8	-13.2	-1.675	0.371	3.057	2.57	3.483	4.361	22.213	21.9	21.387	21.3	21.6	0.594
2025-11-25 19:00:00	-91.7134	29.9604	0	27.832	23.45	98.291	101.392	2.841	470.2	1.79	208.75	0	0	3.372	0.05	0	0.25	0.342	0.37	0.365	0.318	-14.75	-13.05	-1.75	0.381	3.062	2.571	3.483	4.363	22.438	22	21.4	21.3	21.6	0.597
2025-11-25 20:00:00	-91.7134	29.9604	0	27.472	24.725	93.769	101.36	2.922	288.2	1.745	200.675	0	0	3.473	0.198	0	0.25	0.342	0.37	0.365	0.318	-13.45	-12.55	-1.825	0.404	3.053	2.573	3.481	4.358	23.15	22.225	21.45	21.3	21.6	0.592
2025-11-25 21:00:00	-91.7134	29.9604	0	26.517	25.25	88.494	101.358	2.845	204.1	1.592	217.1	0	0	2.817	0.372	0	0.25	0.342	0.37	0.365	0.318	-12.275	-12.075	-1.85	0.424	3.053	2.574	3.484	4.353	23.513	22.5	21.45	21.3	21.6	0.604
2025-11-25 22:00:00	-91.7134	29.9604	0	24.505	25.075	85.944	101.402	2.735	62.95	1.107	228.2	0	0	2.335	0.442	0	0.251	0.342	0.37	0.365	0.318	-11.4	-11.65	-1.9	0.434	3.051	2.575	3.483	4.353	23.6	22.725	21.538	21.3	21.6	0.608
2025-11-25 23:00:00	-91.7134	29.9604	0	21.593	23.3	90.577	101.46	2.59	2.85	0.69	214.35	0	0	1.347	0.268	0	0.251	0.343	0.37	0.365	0.318	-10.7	-11.35	-1.975	0.442	3.056	2.577	3.484	4.36	23.45	22.8	21.562	21.3	21.6	NA
2025-11-26 00:00:00	-91.7134	29.9604	0	20.555	22.425	93.446	101.553	2.535	0	0.745	128.925	0	0	1.67	0.18	0	0.252	0.343	0.37	0.365	0.318	-10.15	-11.025	-2.075	0.448	3.047	2.581	3.488	4.36	23.15	22.8	21.65	21.3	21.6	NA
2025-11-26 01:00:00	-91.7134	29.9604	0	19.428	21.075	96.044	101.638	2.4	0	0.555	130.45	0	0	1.058	0.1	0	0.252	0.343	0.37	0.365	0.318	-8.825	-10.75	-2.125	0.455	3.054	2.58	3.485	4.36	22.788	22.675	21.7	21.3	21.6	NA
2025-11-26 02:00:00	-91.7134	29.9604	0	17.368	20.8	81.104	101.708	1.995	0	1.3	18.5	0	0	3.018	0.46	0	0.252	0.343	0.37	0.365	0.318	-7.55	-10.5	-2.2	0.463	3.052	2.585	3.487	4.355	22.462	22.5	21.75	21.3	21.6	NA
2025-11-26 03:00:00	-91.7134	29.9604	0	14.367	19.05	76.591	101.76	1.688	0	0.708	96.975	0	0	1.575	0.515	0	0.252	0.343	0.37	0.365	0.318	-6.6	-10.325	-2.3	0.47	3.051	2.585	3.489	4.348	22.038	22.3	21.75	21.312	21.6	NA
2025-11-26 04:00:00	-91.7134	29.9604	0	12.948	17.75	79.803	101.822	1.621	0	0.74	336.325	0	0	1.29	0.41	0	0.252	0.342	0.37	0.365	0.318	-5.9	-10.2	-2.325	0.478	3.05	2.585	3.489	4.357	21.6	22.025	21.75	21.35	21.6	NA
2025-11-26 05:00:00	-91.7134	29.9604	0	11.89	16.575	84.432	101.868	1.592	0	0.865	321.75	0	0	1.355	0.295	0	0.252	0.342	0.37	0.365	0.318	-5.35	-10.05	-2.45	0.485	3.05	2.581	3.489	4.36	21.125	21.725	21.75	21.35	21.6	NA
2025-11-26 06:00:00	-91.7134	29.9604	0	12.395	15.6	89.255	101.9	1.582	0	1.188	329.65	0	0	1.788	0.192	0	0.253	0.342	0.37	0.365	0.318	-4.825	-9.775	-2.525	0.502	3.048	2.581	3.486	4.352	20.7	21.425	21.75	21.35	21.6	NA
2025-11-26 07:00:00	-91.7134	29.9604	0	12.505	15.55	90.723	101.945	1.603	0	1.347	260.85	0	0	2.277	0.16	0	0.253	0.342	0.37	0.365	0.318	-4.05	-9.125	-2.65	0.492	3.044	2.574	3.489	4.352	20.337	21.125	21.75	21.35	21.6	NA
