2025-10-31 00:00:00	-90.9685	30.8152	NA	8.837	NA	NA	NA	NA	NA	NA	NA	NA	NA	NA	NA	NA	0.327	0.304	0.284	0.143	NA	-42.475	-49.9	-53.533	0.057	0.1	0.04	NA	NA	17.825	19	19.4	20.775	NA	NA
2025-10-31 01:00:00	-90.9685	30.8152	NA	6.035	NA	NA	NA	NA	NA	NA	NA	NA	NA	NA	NA	NA	0.33	0.305	0.284	0.143	NA	-37.325	-40.975	-49.85	0.052	0.099	0.038	NA	NA	18.325	19.475	20.425	21.538	NA	NA
2025-10-31 02:00:00	-90.9685	30.8152	NA	5.395	NA	NA	NA	NA	NA	NA	NA	NA	NA	NA	NA	NA	0.331	0.305	0.284	0.144	NA	-36.875	-40.5	-50.375	0.051	0.098	0.038	NA	NA	18.113	19.45	20.75	21.75	NA	NA
2025-10-31 03:00:00	-90.9685	30.8152	NA	4.67	NA	NA	NA	NA	NA	NA	NA	NA	NA	NA	NA	NA	0.332	0.306	0.284	0.144	NA	-36.575	-41.175	-51.525	0.05	0.097	0.038	NA	NA	17.762	19.25	20.85	21.8	NA	NA
2025-10-31 04:00:00	-90.9685	30.8152	NA	4.385	NA	NA	NA	NA	NA	NA	NA	NA	NA	NA	NA	NA	0.332	0.306	0.284	0.144	NA	-36.075	-41.5	-52.675	0.05	0.1	0.038	NA	NA	17.4	19	20.85	21.85	NA	NA
2025-10-31 05:00:00	-90.9685	30.8152	NA	3.968	NA	NA	NA	NA	NA	NA	NA	NA	NA	NA	NA	NA	0.333	0.306	0.284	0.144	NA	-35.55	-41.625	-53.675	0.05	0.1	0.039	NA	NA	17.087	18.725	20.85	21.887	NA	NA
2025-10-31 06:00:00	-90.9685	30.8152	NA	3.498	NA	NA	NA	NA	NA	NA	NA	NA	NA	NA	NA	NA	0.333	0.306	0.284	0.144	NA	-35.025	-41.7	-54.575	0.049	0.1	0.039	NA	NA	16.788	18.5	20.775	21.9	NA	NA
2025-10-31 07:00:00	-90.9685	30.8152	NA	3.24	NA	NA	NA	NA	NA	NA	NA	NA	NA	NA	NA	NA	0.333	0.306	0.284	0.145	NA	-34.6	-41.6	-55.475	0.048	0.1	0.039	NA	NA	16.512	18.275	20.725	21.9	NA	NA
2025-10-31 08:00:00	-90.9685	30.8152	NA	3.085	NA	NA	NA	NA	NA	NA	NA	NA	NA	NA	NA	NA	0.333	0.306	0.284	0.145	NA	-34.025	-41.6	-56.15	0.048	0.1	0.038	NA	NA	16.238	18.05	20.625	21.9	NA	NA
2025-10-31 09:00:00	-90.9685	30.8152	NA	2.84	NA	NA	NA	NA	NA	NA	NA	NA	NA	NA	NA	NA	0.333	0.306	0.284	0.145	NA	-33.6	-41.6	-56.825	0.047	0.1	0.038	NA	NA	16.013	17.85	20.525	21.85	NA	NA
2025-10-31 10:00:00	-90.9685	30.8152	NA	2.705	NA	NA	NA	NA	NA	NA	NA	NA	NA	NA	NA	NA	0.333	0.306	0.284	0.145	NA	-33.125	-41.575	-57.525	0.046	0.1	0.037	NA	NA	15.8	17.625	20.425	21.85	NA	NA
2025-10-31 11:00:00	-90.9685	30.8152	NA	2.545	NA	NA	NA	NA	NA	NA	NA	NA	NA	NA	NA	NA	0.333	0.307	0.284	0.145	NA	-32.75	-41.525	-58.05	0.046	0.099	0.037	NA	NA	15.6	17.45	20.325	21.8	NA	NA
2025-10-31 12:00:00	-90.9685	30.8152	NA	2.91	NA	NA	NA	NA	NA	NA	NA	NA	NA	NA	NA	NA	0.333	0.307	0.284	0.145	NA	-31.8	-41.35	-58.675	0.046	0.098	0.036	NA	NA	15.4	17.25	20.225	21.8	NA	NA
2025-10-31 13:00:00	-90.9685	30.8152	NA	8.912	NA	NA	NA	NA	NA	NA	NA	NA	NA	NA	NA	NA	0.333	0.307	0.285	0.146	NA	-31.325	-41.15	-59.2	0.046	0.1	0.036	NA	NA	15.3	17.075	20.1	21.8	NA	NA
2025-10-31 14:00:00	-90.9685	30.8152	NA	15.58	NA	NA	NA	NA	NA	NA	NA	NA	NA	NA	NA	NA	0.333	0.306	0.285	0.146	NA	-30.95	-41.025	-59.75	0.047	0.097	0.036	NA	NA	15.6	17	19.988	21.738	NA	NA
2025-10-31 15:00:00	-90.9685	30.8152	NA	19.895	NA	NA	NA	NA	NA	NA	NA	NA	NA	NA	NA	NA	0.332	0.306	0.285	0.146	NA	-30.375	-40.9	-60.125	0.049	0.095	0.036	NA	NA	16.488	17.225	19.9	21.7	NA	NA
2025-10-31 16:00:00	-90.9685	30.8152	NA	23.3	NA	NA	NA	NA	NA	NA	NA	NA	NA	NA	NA	NA	0.332	0.306	0.285	0.146	NA	-29.775	-40.575	-60.4	0.05	0.094	0.036	NA	NA	17.688	17.7	19.8	21.7	NA	NA
2025-10-31 17:00:00	-90.9685	30.8152	NA	25.343	NA	NA	NA	NA	NA	NA	NA	NA	NA	NA	NA	NA	0.331	0.306	0.285	0.146	NA	-29.3	-40.35	-60.8	0.052	0.094	0.036	NA	NA	18.825	18.25	19.75	21.625	NA	NA
2025-10-31 18:00:00	-90.9685	30.8152	NA	26.528	NA	NA	NA	NA	NA	NA	NA	NA	NA	NA	NA	NA	0.33	0.305	0.285	0.147	NA	-28.85	-39.8	-60.95	0.054	0.095	0.036	NA	NA	19.887	18.85	19.75	21.6	NA	NA
2025-10-31 19:00:00	-90.9685	30.8152	NA	26.137	NA	NA	NA	NA	NA	NA	NA	NA	NA	NA	NA	NA	0.329	0.305	0.285	0.147	NA	-28.45	-38.9	-61.375	0.054	0.096	0.036	NA	NA	20.675	19.425	19.762	21.575	NA	NA
2025-10-31 20:00:00	-90.9685	30.8152	NA	24.62	NA	NA	NA	NA	NA	NA	NA	NA	NA	NA	NA	NA	0.329	0.304	0.285	0.147	NA	-28.2	-38.475	-61.7	0.054	0.096	0.036	NA	NA	21.113	19.85	19.85	21.5	NA	NA
2025-10-31 21:00:00	-90.9685	30.8152	NA	21.502	NA	NA	NA	NA	NA	NA	NA	NA	NA	NA	NA	NA	0.329	0.304	0.285	0.147	NA	-28.15	-38	-61.875	0.054	0.096	0.037	NA	NA	21.175	20.125	19.95	21.5	NA	NA
2025-10-31 22:00:00	-90.9685	30.8152	NA	16.8	NA	NA	NA	NA	NA	NA	NA	NA	NA	NA	NA	NA	0.329	0.304	0.285	0.147	NA	-28.125	-37.5	-62.15	0.054	0.095	0.038	NA	NA	20.85	20.2	20.05	21.475	NA	NA
2025-10-31 23:00:00	-90.9685	30.8152	NA	9.67	NA	NA	NA	NA	NA	NA	NA	NA	NA	NA	NA	NA	0.33	0.304	0.284	0.147	NA	-28.2	-37.125	-62.275	0.053	0.096	0.038	NA	NA	20.125	20.05	20.162	21.4	NA	NA
2025-11-01 00:00:00	-90.9685	30.8152	NA	7.03	NA	NA	NA	NA	NA	NA	NA	NA	NA	NA	NA	NA	0.33	0.304	0.284	0.147	NA	-28.325	-36.725	-62.575	0.052	0.095	0.039	NA	NA	19.325	19.75	20.25	21.4	NA	NA
2025-11-01 01:00:00	-90.9685	30.8152	NA	6.327	NA	NA	NA	NA	NA	NA	NA	NA	NA	NA	NA	NA	0.33	0.304	0.284	0.147	NA	-28.375	-36.375	-62.725	0.051	0.096	0.038	NA	NA	18.587	19.45	20.325	21.4	NA	NA
2025-11-01 02:00:00	-90.9685	30.8152	NA	5.405	NA	NA	NA	NA	NA	NA	NA	NA	NA	NA	NA	NA	0.331	0.305	0.284	0.147	NA	-28.325	-36.15	-62.9	0.05	0.094	0.038	NA	NA	17.975	19.075	20.35	21.4	NA	NA
2025-11-01 03:00:00	-90.9685	30.8152	NA	5.06	NA	NA	NA	NA	NA	NA	NA	NA	NA	NA	NA	NA	0.331	0.305	0.284	0.148	NA	-28.25	-35.85	-63.05	0.05	0.095	0.038	NA	NA	17.45	18.75	20.337	21.4	NA	NA
2025-11-01 04:00:00	-90.9685	30.8152	NA	4.515	NA	NA	NA	NA	NA	NA	NA	NA	NA	NA	NA	NA	0.331	0.305	0.284	0.148	NA	-28.1	-35.725	-63.25	0.05	0.095	0.038	NA	NA	17.05	18.45	20.287	21.4	NA	NA
2025-11-01 05:00:00	-90.9685	30.8152	NA	4.16	NA	NA	NA	NA	NA	NA	NA	NA	NA	NA	NA	NA	0.331	0.305	0.284	0.148	NA	-28.1	-35.5	-63.475	0.049	0.096	0.037	NA	NA	16.688	18.175	20.225	21.4	NA	NA
2025-11-01 06:00:00	-90.9685	30.8152	NA	3.828	NA	NA	NA	NA	NA	NA	NA	NA	NA	NA	NA	NA	0.331	0.305	0.284	0.148	NA	-28.025	-35.4	-63.55	0.048	0.097	0.036	NA	NA	16.363	17.925	20.15	21.4	NA	NA
2025-11-01 07:00:00	-90.9685	30.8152	NA	3.447	NA	NA	NA	NA	NA	NA	NA	NA	NA	NA	NA	NA	0.331	0.305	0.285	0.148	NA	-27.925	-35.375	-63.65	0.047	0.098	0.036	NA	NA	16.075	17.7	20.075	21.4	NA	NA
2025-11-01 08:00:00	-90.9685	30.8152	NA	3.232	NA	NA	NA	NA	NA	NA	NA	NA	NA	NA	NA	NA	0.331	0.306	0.285	0.148	NA	-27.85	-35.225	-63.9	0.047	0.098	0.036	NA	NA	15.838	17.475	19.975	21.4	NA	NA
2025-11-01 09:00:00	-90.9685	30.8152	NA	3.042	NA	NA	NA	NA	NA	NA	NA	NA	NA	NA	NA	NA	0.331	0.306	0.284	0.148	NA	-27.825	-35.05	-64	0.046	0.098	0.036	NA	NA	15.575	17.25	19.887	21.35	NA	NA
2025-11-01 10:00:00	-90.9685	30.8152	NA	2.875	NA	NA	NA	NA	NA	NA	NA	NA	NA	NA	NA	NA	0.331	0.306	0.285	0.148	NA	-27.775	-35	-64	0.046	0.098	0.036	NA	NA	15.375	17.05	19.8	21.312	NA	NA
2025-11-01 11:00:00	-90.9685	30.8152	NA	2.715	NA	NA	NA	NA	NA	NA	NA	NA	NA	NA	NA	NA	0.331	0.306	0.285	0.148	NA	-27.7	-34.925	-64.125	0.045	0.097	0.036	NA	NA	15.175	16.9	19.7	21.3	NA	NA
2025-11-01 12:00:00	-90.9685	30.8152	NA	3.155	NA	NA	NA	NA	NA	NA	NA	NA	NA	NA	NA	NA	0.331	0.306	0.285	0.148	NA	-27.6	-34.75	-64.25	0.045	0.098	0.036	NA	NA	14.975	16.7	19.6	21.3	NA	NA
2025-11-01 13:00:00	-90.9685	30.8152	NA	9.34	NA	NA	NA	NA	NA	NA	NA	NA	NA	NA	NA	NA	0.331	0.306	0.285	0.149	NA	-27.6	-34.625	-64.475	0.045	0.098	0.035	NA	NA	14.888	16.55	19.5	21.275	NA	NA
2025-11-01 14:00:00	-90.9685	30.8152	NA	15.45	NA	NA	NA	NA	NA	NA	NA	NA	NA	NA	NA	NA	0.331	0.306	0.285	0.149	NA	-27.55	-34.6	-64.625	0.046	0.094	0.035	NA	NA	15.213	16.5	19.4	21.2	NA	NA
2025-11-01 15:00:00	-90.9685	30.8152	NA	20.44	NA	NA	NA	NA	NA	NA	NA	NA	NA	NA	NA	NA	0.33	0.306	0.286	0.149	NA	-27.3	-34.5	-64.8	0.048	0.092	0.035	NA	NA	16.087	16.675	19.312	21.2	NA	NA
2025-11-01 16:00:00	-90.9685	30.8152	NA	23.632	NA	NA	NA	NA	NA	NA	NA	NA	NA	NA	NA	NA	0.33	0.306	0.286	0.149	NA	-27.05	-34.4	-65	0.05	0.092	0.035	NA	NA	17.225	17.15	19.225	21.188	NA	NA
2025-11-01 17:00:00	-90.9685	30.8152	NA	24.308	NA	NA	NA	NA	NA	NA	NA	NA	NA	NA	NA	NA	0.329	0.305	0.286	0.149	NA	-26.825	-34.225	-65.1	0.051	0.092	0.035	NA	NA	18.212	17.675	19.175	21.1	NA	NA
2025-11-01 18:00:00	-90.9685	30.8152	NA	26.235	NA	NA	NA	NA	NA	NA	NA	NA	NA	NA	NA	NA	0.328	0.304	0.286	0.149	NA	-26.725	-34.075	-65.175	0.052	0.091	0.035	NA	NA	19	18.175	19.15	21.1	NA	NA
2025-11-01 19:00:00	-90.9685	30.8152	NA	27.075	NA	NA	NA	NA	NA	NA	NA	NA	NA	NA	NA	NA	0.328	0.304	0.285	0.15	NA	-26.5	-33.825	-65.325	0.053	0.093	0.035	NA	NA	19.812	18.65	19.225	21.05	NA	NA
2025-11-01 20:00:00	-90.9685	30.8152	NA	25.41	NA	NA	NA	NA	NA	NA	NA	NA	NA	NA	NA	NA	0.327	0.303	0.285	0.15	NA	-26.4	-33.675	-65.475	0.054	0.092	0.035	NA	NA	20.4	19.15	19.275	21	NA	NA
2025-11-01 21:00:00	-90.9685	30.8152	NA	20.247	NA	NA	NA	NA	NA	NA	NA	NA	NA	NA	NA	NA	0.327	0.303	0.285	0.15	NA	-26.425	-33.4	-65.525	0.054	0.093	0.036	NA	NA	20.587	19.45	19.375	21	NA	NA
2025-11-01 22:00:00	-90.9685	30.8152	NA	18.115	NA	NA	NA	NA	NA	NA	NA	NA	NA	NA	NA	NA	0.327	0.303	0.285	0.15	NA	-26.6	-33.25	-65.55	0.054	0.092	0.036	NA	NA	20.325	19.6	19.475	20.975	NA	NA
2025-11-01 23:00:00	-90.9685	30.8152	NA	14.37	NA	NA	NA	NA	NA	NA	NA	NA	NA	NA	NA	NA	0.327	0.303	0.285	0.15	NA	-26.775	-33	-65.6	0.053	0.092	0.036	NA	NA	19.862	19.55	19.587	20.9	NA	NA
2025-11-02 00:00:00	-90.9685	30.8152	NA	14.088	NA	NA	NA	NA	NA	NA	NA	NA	NA	NA	NA	NA	0.327	0.303	0.284	0.15	NA	-26.9	-32.825	-65.575	0.052	0.093	0.036	NA	NA	19.362	19.4	19.675	20.9	NA	NA
2025-11-02 01:00:00	-90.9685	30.8152	NA	13.932	NA	NA	NA	NA	NA	NA	NA	NA	NA	NA	NA	NA	0.328	0.303	0.284	0.15	NA	-26.95	-32.75	-65.725	0.052	0.092	0.036	0	NA	18.938	19.25	19.75	20.9	NA	NA
2025-11-02 02:00:00	-90.9685	30.8152	NA	13.338	NA	NA	NA	NA	NA	NA	NA	NA	NA	NA	NA	NA	0.328	0.303	0.284	0.15	NA	-27	-32.525	-65.8	0.051	0.092	0.036	0	NA	18.637	19.075	19.812	20.9	NA	NA
2025-11-02 03:00:00	-90.9685	30.8152	NA	13.025	NA	NA	NA	NA	NA	NA	NA	NA	NA	NA	NA	NA	0.328	0.303	0.284	0.15	NA	-27.025	-32.4	-65.9	0.051	0.092	0.036	0	NA	18.375	18.925	19.85	20.9	NA	NA
2025-11-02 04:00:00	-90.9685	30.8152	NA	12.262	NA	NA	NA	NA	NA	NA	NA	NA	NA	NA	NA	NA	0.328	0.303	0.284	0.15	NA	-27.1	-32.4	-65.9	0.05	0.092	0.036	0	NA	18.175	18.775	19.85	20.9	NA	NA
2025-11-02 05:00:00	-90.9685	30.8152	NA	10.482	NA	NA	NA	NA	NA	NA	NA	NA	NA	NA	NA	NA	0.328	0.303	0.284	0.15	NA	-27.1	-32.35	-65.95	0.051	0.09	0.036	0	NA	17.988	18.675	19.85	20.9	NA	NA
2025-11-02 06:00:00	-90.9685	30.8152	NA	8.518	NA	NA	NA	NA	NA	NA	NA	NA	NA	NA	NA	NA	0.328	0.303	0.284	0.15	NA	-27.175	-32.225	-66	0.05	0.09	0.036	0	NA	17.725	18.55	19.85	20.9	NA	NA
2025-11-02 07:00:00	-90.9685	30.8152	NA	8.752	NA	NA	NA	NA	NA	NA	NA	NA	NA	NA	NA	NA	0.328	0.303	0.284	0.151	NA	-27.25	-32.125	-66	0.05	0.091	0.036	0	NA	17.375	18.325	19.85	20.9	NA	NA
2025-11-02 08:00:00	-90.9685	30.8152	NA	7.13	NA	NA	NA	NA	NA	NA	NA	NA	NA	NA	NA	NA	0.328	0.303	0.284	0.151	NA	-27.3	-32.05	-66	0.05	0.092	0.036	0	NA	17.075	18.15	19.817	20.9	NA	NA
2025-11-02 09:00:00	-90.9685	30.8152	NA	6.388	NA	NA	NA	NA	NA	NA	NA	NA	NA	NA	NA	NA	0.328	0.304	0.284	0.151	NA	-27.3	-32	-66	0.049	0.092	0.035	0	NA	16.78	17.94	19.78	20.9	NA	NA
2025-11-02 10:00:00	-90.9685	30.8152	NA	5.188	NA	NA	NA	NA	NA	NA	NA	NA	NA	NA	NA	NA	0.329	0.304	0.284	0.151	NA	-27.35	-32	-66	0.048	0.092	0.035	0	NA	16.5	17.825	19.725	20.9	NA	NA
2025-11-02 11:00:00	-90.9685	30.8152	NA	5.358	NA	NA	NA	NA	NA	NA	NA	NA	NA	NA	NA	NA	0.329	0.304	0.284	0.151	NA	-27.4	-32	-66	0.047	0.092	0.035	0	NA	16.188	17.6	19.65	20.9	NA	NA
2025-11-02 12:00:00	-90.9685	30.8152	NA	7.185	NA	NA	NA	NA	NA	NA	NA	NA	NA	NA	NA	NA	0.329	0.304	0.284	0.151	NA	-27.4	-32	-66.075	0.047	0.092	0.035	0	NA	15.962	17.4	19.613	20.9	NA	NA
2025-11-02 13:00:00	-90.9685	30.8152	NA	9.442	NA	NA	NA	NA	NA	NA	NA	NA	NA	NA	NA	NA	0.329	0.304	0.285	0.151	NA	-27.4	-32	-66.05	0.046	0.09	0.035	0	NA	15.85	17.225	19.55	20.9	NA	NA
2025-11-02 14:00:00	-90.9685	30.8152	NA	15.018	NA	NA	NA	NA	NA	NA	NA	NA	NA	NA	NA	NA	0.328	0.304	0.285	0.151	NA	-27.375	-32	-66.025	0.048	0.089	0.036	0	NA	16.05	17.125	19.462	20.9	NA	NA
2025-11-02 15:00:00	-90.9685	30.8152	NA	19.23	NA	NA	NA	NA	NA	NA	NA	NA	NA	NA	NA	NA	0.328	0.303	0.285	0.152	NA	-27.1	-32	-66.025	0.049	0.09	0.035	0	NA	16.738	17.275	19.387	20.9	NA	NA
2025-11-02 16:00:00	-90.9685	30.8152	NA	23.422	NA	NA	NA	NA	NA	NA	NA	NA	NA	NA	NA	NA	0.327	0.303	0.285	0.152	NA	-27.025	-32	-66.05	0.051	0.09	0.035	0	NA	17.725	17.65	19.337	20.863	NA	NA
2025-11-02 17:00:00	-90.9685	30.8152	NA	25.465	NA	NA	NA	NA	NA	NA	NA	NA	NA	NA	NA	NA	0.326	0.302	0.285	0.152	NA	-26.8	-32	-66.05	0.052	0.091	0.035	0	NA	18.738	18.1	19.275	20.825	NA	NA
2025-11-02 18:00:00	-90.9685	30.8152	NA	25.57	NA	NA	NA	NA	NA	NA	NA	NA	NA	NA	NA	NA	0.325	0.302	0.285	0.152	NA	-26.65	-32	-66.075	0.054	0.089	0.034	0	NA	19.738	18.625	19.262	20.8	NA	NA
2025-11-02 19:00:00	-90.9685	30.8152	NA	24.94	NA	NA	NA	NA	NA	NA	NA	NA	NA	NA	NA	NA	0.324	0.301	0.285	0.152	NA	-26.6	-31.925	-66.025	0.054	0.09	0.035	0	NA	20.462	19.15	19.3	20.8	NA	NA
2025-11-02 20:00:00	-90.9685	30.8152	NA	23.15	NA	NA	NA	NA	NA	NA	NA	NA	NA	NA	NA	NA	0.324	0.301	0.285	0.152	NA	-26.6	-31.8	-66	0.054	0.091	0.035	0	NA	20.812	19.525	19.363	20.8	NA	NA
2025-11-02 21:00:00	-90.9685	30.8152	NA	20.02	NA	NA	NA	NA	NA	NA	NA	NA	NA	NA	NA	NA	0.324	0.301	0.285	0.152	NA	-26.725	-31.675	-66	0.054	0.09	0.035	0	NA	20.75	19.725	19.45	20.788	NA	NA
2025-11-02 22:00:00	-90.9685	30.8152	NA	15.598	NA	NA	NA	NA	NA	NA	NA	NA	NA	NA	NA	NA	0.324	0.301	0.284	0.152	NA	-26.95	-31.575	-66	0.053	0.09	0.036	0	NA	20.325	19.725	19.55	20.75	NA	NA
2025-11-02 23:00:00	-90.9685	30.8152	NA	10.11	NA	NA	NA	NA	NA	NA	NA	NA	NA	NA	NA	NA	0.325	0.301	0.284	0.152	NA	-27.25	-31.5	-66	0.051	0.09	0.036	0	NA	19.587	19.525	19.65	20.75	NA	NA
2025-11-03 00:00:00	-90.9685	30.8152	NA	7.245	NA	NA	NA	NA	NA	NA	NA	NA	NA	NA	NA	NA	0.325	0.301	0.284	0.152	NA	-27.5	-31.425	-65.95	0.051	0.088	0.036	0	NA	18.8	19.25	19.713	20.7	NA	NA
2025-11-03 01:00:00	-90.9685	30.8152	NA	5.575	NA	NA	NA	NA	NA	NA	NA	NA	NA	NA	NA	NA	0.326	0.301	0.284	0.152	NA	-27.75	-31.4	-65.925	0.051	0.09	0.036	0	NA	18.087	18.9	19.775	20.725	NA	NA
2025-11-03 02:00:00	-90.9685	30.8152	NA	4.68	NA	NA	NA	NA	NA	NA	NA	NA	NA	NA	NA	NA	0.326	0.301	0.284	0.152	NA	-27.8	-31.4	-65.9	0.049	0.09	0.035	0	NA	17.487	18.55	19.8	20.75	NA	NA
2025-11-03 03:00:00	-90.9685	30.8152	NA	4.535	NA	NA	NA	NA	NA	NA	NA	NA	NA	NA	NA	NA	0.326	0.302	0.284	0.152	NA	-27.875	-31.4	-65.9	0.048	0.088	0.036	0	NA	16.975	18.25	19.775	20.75	NA	NA
2025-11-03 04:00:00	-90.9685	30.8152	NA	4.417	NA	NA	NA	NA	NA	NA	NA	NA	NA	NA	NA	NA	0.326	0.302	0.284	0.153	NA	-27.9	-31.45	-65.85	0.048	0.088	0.036	0	NA	16.55	17.925	19.725	20.75	NA	NA
2025-11-03 05:00:00	-90.9685	30.8152	NA	3.51	NA	NA	NA	NA	NA	NA	NA	NA	NA	NA	NA	NA	0.327	0.302	0.284	0.153	NA	-27.95	-31.5	-65.8	0.046	0.088	0.035	0	NA	16.175	17.675	19.675	20.75	NA	NA
2025-11-03 06:00:00	-90.9685	30.8152	NA	1.92	NA	NA	NA	NA	NA	NA	NA	NA	NA	NA	NA	NA	0.327	0.302	0.284	0.153	NA	-28	-31.55	-65.725	0.046	0.088	0.036	0	NA	15.838	17.4	19.6	20.75	NA	NA
2025-11-03 07:00:00	-90.9685	30.8152	NA	1.342	NA	NA	NA	NA	NA	NA	NA	NA	NA	NA	NA	NA	0.327	0.302	0.284	0.153	NA	-28	-31.575	-65.65	0.044	0.086	0.035	0	NA	15.5	17.125	19.512	20.75	NA	NA
2025-11-03 08:00:00	-90.9685	30.8152	NA	1.325	NA	NA	NA	NA	NA	NA	NA	NA	NA	NA	NA	NA	0.327	0.302	0.284	0.153	NA	-28.1	-31.6	-65.625	0.044	0.087	0.036	0	NA	15.163	16.9	19.412	20.75	NA	NA
2025-11-03 09:00:00	-90.9685	30.8152	NA	0.818	NA	NA	NA	NA	NA	NA	NA	NA	NA	NA	NA	NA	0.327	0.303	0.284	0.153	NA	-28.125	-31.675	-65.675	0.044	0.088	0.036	0	NA	14.887	16.65	19.312	20.738	NA	NA
2025-11-03 10:00:00	-90.9685	30.8152	NA	0.565	NA	NA	NA	NA	NA	NA	NA	NA	NA	NA	NA	NA	0.327	0.303	0.284	0.153	NA	-28.175	-31.775	-65.625	0.044	0.088	0.035	0	NA	14.6	16.4	19.225	20.7	NA	NA
2025-11-03 11:00:00	-90.9685	30.8152	NA	0.152	NA	NA	NA	NA	NA	NA	NA	NA	NA	NA	NA	NA	0.327	0.303	0.284	0.153	NA	-28.175	-31.825	-65.575	0.044	0.088	0.035	0	NA	14.375	16.2	19.113	20.7	NA	NA
2025-11-03 12:00:00	-90.9685	30.8152	NA	0.435	NA	NA	NA	NA	NA	NA	NA	NA	NA	NA	NA	NA	0.328	0.303	0.284	0.153	NA	-28.225	-31.925	-65.575	0.043	0.088	0.035	0	NA	14.125	16	19.012	20.7	NA	NA
2025-11-03 13:00:00	-90.9685	30.8152	NA	7.085	NA	NA	NA	NA	NA	NA	NA	NA	NA	NA	NA	NA	0.328	0.303	0.284	0.154	NA	-28.275	-31.975	-65.475	0.043	0.087	0.035	0	NA	14.012	15.8	18.9	20.662	NA	NA
2025-11-03 14:00:00	-90.9685	30.8152	NA	13.195	NA	NA	NA	NA	NA	NA	NA	NA	NA	NA	NA	NA	0.327	0.303	0.284	0.154	NA	-28.175	-32	-65.4	0.044	0.084	0.035	0	NA	14.3	15.7	18.775	20.613	NA	NA
2025-11-03 15:00:00	-90.9685	30.8152	NA	17.445	NA	NA	NA	NA	NA	NA	NA	NA	NA	NA	NA	NA	0.326	0.303	0.284	0.154	NA	-28.075	-32	-65.4	0.045	0.085	0.034	0	NA	15.1	15.875	18.675	20.6	NA	NA
2025-11-03 16:00:00	-90.9685	30.8152	NA	22.105	NA	NA	NA	NA	NA	NA	NA	NA	NA	NA	NA	NA	0.325	0.302	0.284	0.154	NA	-27.95	-32	-65.4	0.047	0.086	0.032	0	NA	16.163	16.25	18.588	20.588	NA	NA
2025-11-03 17:00:00	-90.9685	30.8152	NA	24.523	NA	NA	NA	NA	NA	NA	NA	NA	NA	NA	NA	NA	0.324	0.302	0.284	0.154	NA	-27.775	-32.05	-65.325	0.049	0.087	0.033	0	NA	17.275	16.775	18.5	20.512	NA	NA
2025-11-03 18:00:00	-90.9685	30.8152	NA	26.09	NA	NA	NA	NA	NA	NA	NA	NA	NA	NA	NA	NA	0.323	0.302	0.284	0.154	NA	-27.6	-32	-65.325	0.051	0.087	0.033	0	NA	18.375	17.35	18.5	20.5	NA	NA
2025-11-03 19:00:00	-90.9685	30.8152	NA	26.105	NA	NA	NA	NA	NA	NA	NA	NA	NA	NA	NA	NA	0.322	0.301	0.284	0.154	NA	-27.475	-31.925	-65.3	0.051	0.088	0.033	0	NA	19.3	17.95	18.525	20.475	NA	NA
2025-11-03 20:00:00	-90.9685	30.8152	NA	24.528	NA	NA	NA	NA	NA	NA	NA	NA	NA	NA	NA	NA	0.322	0.3	0.284	0.154	NA	-27.45	-31.75	-65.3	0.052	0.088	0.034	0	NA	19.863	18.45	18.587	20.4	NA	NA
2025-11-03 21:00:00	-90.9685	30.8152	NA	20.977	NA	NA	NA	NA	NA	NA	NA	NA	NA	NA	NA	NA	0.322	0.3	0.284	0.154	NA	-27.575	-31.65	-65.3	0.052	0.088	0.034	0	NA	19.95	18.725	18.688	20.4	NA	NA
2025-11-03 22:00:00	-90.9685	30.8152	NA	16.052	NA	NA	NA	NA	NA	NA	NA	NA	NA	NA	NA	NA	0.322	0.3	0.284	0.154	NA	-27.775	-31.575	-65.3	0.051	0.088	0.034	0	NA	19.65	18.8	18.788	20.375	NA	NA
2025-11-03 23:00:00	-90.9685	30.8152	NA	7.96	NA	NA	NA	NA	NA	NA	NA	NA	NA	NA	NA	NA	0.322	0.3	0.284	0.154	NA	-28.15	-31.5	-65.3	0.051	0.088	0.034	0	NA	18.925	18.7	18.9	20.312	NA	NA
2025-11-04 00:00:00	-90.9685	30.8152	NA	5.408	NA	NA	NA	NA	NA	NA	NA	NA	NA	NA	NA	NA	0.323	0.3	0.284	0.154	NA	-28.425	-31.4	-65.275	0.049	0.088	0.035	0	NA	18.1	18.45	18.988	20.3	NA	NA
2025-11-04 01:00:00	-90.9685	30.8152	NA	4.553	NA	NA	NA	NA	NA	NA	NA	NA	NA	NA	NA	NA	0.323	0.3	0.284	0.155	NA	-28.725	-31.4	-65.15	0.048	0.088	0.034	0	NA	17.35	18.125	19.05	20.3	NA	NA
2025-11-04 02:00:00	-90.9685	30.8152	NA	3.91	NA	NA	NA	NA	NA	NA	NA	NA	NA	NA	NA	NA	0.323	0.301	0.284	0.155	NA	-28.85	-31.45	-65.075	0.047	0.087	0.035	0	NA	16.725	17.75	19.088	20.3	NA	NA
2025-11-04 03:00:00	-90.9685	30.8152	NA	3.43	NA	NA	NA	NA	NA	NA	NA	NA	NA	NA	NA	NA	0.324	0.301	0.284	0.155	NA	-29.05	-31.5	-64.9	0.046	0.087	0.036	0	NA	16.237	17.45	19.1	20.3	NA	NA
2025-11-04 04:00:00	-90.9685	30.8152	NA	3.065	NA	NA	NA	NA	NA	NA	NA	NA	NA	NA	NA	NA	0.324	0.301	0.284	0.155	NA	-29.1	-31.55	-64.8	0.045	0.087	0.035	0	NA	15.825	17.175	19.038	20.3	NA	NA
2025-11-04 05:00:00	-90.9685	30.8152	NA	2.81	NA	NA	NA	NA	NA	NA	NA	NA	NA	NA	NA	NA	0.324	0.301	0.284	0.155	NA	-29.175	-31.625	-64.775	0.045	0.088	0.035	0	NA	15.488	16.9	19	20.3	NA	NA
2025-11-04 06:00:00	-90.9685	30.8152	NA	2.527	NA	NA	NA	NA	NA	NA	NA	NA	NA	NA	NA	NA	0.324	0.301	0.283	0.155	NA	-29.2	-31.775	-64.75	0.044	0.088	0.035	0	NA	15.162	16.65	18.912	20.3	NA	NA
2025-11-04 07:00:00	-90.9685	30.8152	NA	2.217	NA	NA	NA	NA	NA	NA	NA	NA	NA	NA	NA	NA	0.324	0.302	0.283	0.155	NA	-29.275	-31.875	-64.7	0.043	0.089	0.034	0	NA	14.9	16.45	18.85	20.3	NA	NA
2025-11-04 08:00:00	-90.9685	30.8152	NA	1.97	NA	NA	NA	NA	NA	NA	NA	NA	NA	NA	NA	NA	0.324	0.302	0.283	0.155	NA	-29.3	-31.95	-64.65	0.043	0.09	0.034	0	NA	14.65	16.225	18.762	20.3	NA	NA
2025-11-04 09:00:00	-90.9685	30.8152	NA	1.748	NA	NA	NA	NA	NA	NA	NA	NA	NA	NA	NA	NA	0.324	0.302	0.283	0.155	NA	-29.3	-32	-64.55	0.044	0.09	0.034	0	NA	14.45	16.05	18.675	20.3	NA	NA
2025-11-04 10:00:00	-90.9685	30.8152	NA	1.305	NA	NA	NA	NA	NA	NA	NA	NA	NA	NA	NA	NA	0.324	0.302	0.283	0.155	NA	-29.3	-32	-64.425	0.043	0.09	0.034	0	NA	14.213	15.85	18.575	20.262	NA	NA
2025-11-04 11:00:00	-90.9685	30.8152	NA	1.162	NA	NA	NA	NA	NA	NA	NA	NA	NA	NA	NA	NA	0.324	0.302	0.284	0.155	NA	-29.4	-32	-64.35	0.043	0.091	0.034	0	NA	14.025	15.65	18.5	20.225	NA	NA
2025-11-04 12:00:00	-90.9685	30.8152	NA	1.478	NA	NA	NA	NA	NA	NA	NA	NA	NA	NA	NA	NA	0.324	0.302	0.284	0.155	NA	-29.425	-32.125	-64.275	0.043	0.09	0.032	0	NA	13.812	15.5	18.4	20.2	NA	NA
2025-11-04 13:00:00	-90.9685	30.8152	NA	8.19	NA	NA	NA	NA	NA	NA	NA	NA	NA	NA	NA	NA	0.324	0.302	0.284	0.156	NA	-29.5	-32.2	-64.2	0.043	0.091	0.032	0	NA	13.738	15.35	18.3	20.2	NA	NA
2025-11-04 14:00:00	-90.9685	30.8152	NA	14.692	NA	NA	NA	NA	NA	NA	NA	NA	NA	NA	NA	NA	0.324	0.302	0.284	0.156	NA	-29.425	-32.275	-64.15	0.043	0.088	0.032	0	NA	14.05	15.3	18.225	20.188	NA	NA
2025-11-04 15:00:00	-90.9685	30.8152	NA	20.155	NA	NA	NA	NA	NA	NA	NA	NA	NA	NA	NA	NA	0.322	0.302	0.284	0.156	NA	-29.325	-32.3	-64.1	0.044	0.085	0.032	0	NA	14.938	15.475	18.125	20.1	NA	NA
2025-11-04 16:00:00	-90.9685	30.8152	NA	23.965	NA	NA	NA	NA	NA	NA	NA	NA	NA	NA	NA	NA	0.322	0.301	0.284	0.156	NA	-29.075	-32.3	-64.05	0.046	0.085	0.033	0	NA	16.1	15.975	18.075	20.1	NA	NA
2025-11-04 17:00:00	-90.9685	30.8152	NA	27.02	NA	NA	NA	NA	NA	NA	NA	NA	NA	NA	NA	NA	0.32	0.301	0.284	0.156	NA	-28.85	-32.35	-64	0.048	0.084	0.032	0	NA	17.275	16.525	18	20.075	NA	NA
2025-11-04 18:00:00	-90.9685	30.8152	NA	28.395	NA	NA	NA	NA	NA	NA	NA	NA	NA	NA	NA	NA	0.32	0.3	0.284	0.156	NA	-28.7	-32.3	-63.925	0.05	0.086	0.032	0	NA	18.413	17.15	18	20	NA	NA
2025-11-04 19:00:00	-90.9685	30.8152	NA	28.375	NA	NA	NA	NA	NA	NA	NA	NA	NA	NA	NA	NA	0.319	0.299	0.284	0.156	NA	-28.475	-32.225	-63.85	0.051	0.087	0.032	0	NA	19.362	17.8	18.075	20	NA	NA
2025-11-04 20:00:00	-90.9685	30.8152	NA	26.505	NA	NA	NA	NA	NA	NA	NA	NA	NA	NA	NA	NA	0.318	0.299	0.284	0.156	NA	-28.425	-32.05	-63.85	0.051	0.088	0.034	0	NA	19.925	18.35	18.15	19.988	NA	NA
2025-11-04 21:00:00	-90.9685	30.8152	NA	23.15	NA	NA	NA	NA	NA	NA	NA	NA	NA	NA	NA	NA	0.318	0.299	0.284	0.156	NA	-28.575	-31.95	-63.75	0.051	0.088	0.034	0	NA	20.088	18.65	18.262	19.9	NA	NA
2025-11-04 22:00:00	-90.9685	30.8152	NA	17.96	NA	NA	NA	NA	NA	NA	NA	NA	NA	NA	NA	NA	0.318	0.299	0.283	0.156	NA	-28.825	-31.9	-63.65	0.051	0.088	0.034	0	NA	19.8	18.8	18.4	19.9	NA	NA
2025-11-04 23:00:00	-90.9685	30.8152	NA	9.08	NA	NA	NA	NA	NA	NA	NA	NA	NA	NA	NA	NA	0.319	0.299	0.283	0.156	NA	-29.15	-31.875	-63.6	0.05	0.088	0.034	0	NA	19.125	18.675	18.512	19.9	NA	NA
2025-11-05 00:00:00	-90.9685	30.8152	NA	6.28	NA	NA	NA	NA	NA	NA	NA	NA	NA	NA	NA	NA	0.319	0.299	0.283	0.156	NA	-29.525	-31.825	-63.6	0.05	0.089	0.034	0	NA	18.288	18.45	18.625	19.9	NA	NA
2025-11-05 01:00:00	-90.9685	30.8152	NA	5.36	NA	NA	NA	NA	NA	NA	NA	NA	NA	NA	NA	NA	0.32	0.299	0.283	0.156	NA	-29.775	-31.8	-63.6	0.048	0.089	0.034	0	NA	17.525	18.125	18.712	19.9	NA	NA
2025-11-05 02:00:00	-90.9685	30.8152	NA	5.438	NA	NA	NA	NA	NA	NA	NA	NA	NA	NA	NA	NA	0.32	0.299	0.283	0.156	NA	-30.05	-31.825	-63.6	0.047	0.089	0.034	0	NA	16.862	17.75	18.75	19.9	NA	NA
2025-11-05 03:00:00	-90.9685	30.8152	NA	5.352	NA	NA	NA	NA	NA	NA	NA	NA	NA	NA	NA	NA	0.32	0.299	0.283	0.157	NA	-30.175	-31.825	-63.475	0.046	0.088	0.034	0	NA	16.4	17.45	18.787	19.9	NA	NA
2025-11-05 04:00:00	-90.9685	30.8152	NA	4.668	NA	NA	NA	NA	NA	NA	NA	NA	NA	NA	NA	NA	0.32	0.299	0.283	0.157	NA	-30.3	-31.85	-63.35	0.045	0.087	0.034	0	NA	16.025	17.175	18.75	19.9	NA	NA
2025-11-05 05:00:00	-90.9685	30.8152	NA	4.485	NA	NA	NA	NA	NA	NA	NA	NA	NA	NA	NA	NA	0.32	0.3	0.283	0.157	NA	-30.45	-31.9	-63.25	0.044	0.088	0.033	0	NA	15.7	16.925	18.713	19.9	NA	NA
2025-11-05 06:00:00	-90.9685	30.8152	NA	4.088	NA	NA	NA	NA	NA	NA	NA	NA	NA	NA	NA	NA	0.32	0.3	0.283	0.157	NA	-30.5	-32	-63.15	0.044	0.089	0.034	0	NA	15.412	16.7	18.688	19.9	NA	NA
2025-11-05 07:00:00	-90.9685	30.8152	NA	4.005	NA	NA	NA	NA	NA	NA	NA	NA	NA	NA	NA	NA	0.32	0.3	0.283	0.157	NA	-30.525	-32.15	-63.1	0.044	0.089	0.033	0	NA	15.175	16.5	18.613	19.9	NA	NA
2025-11-05 08:00:00	-90.9685	30.8152	NA	3.815	NA	NA	NA	NA	NA	NA	NA	NA	NA	NA	NA	NA	0.32	0.3	0.283	0.157	NA	-30.55	-32.25	-63.075	0.044	0.089	0.033	0	NA	14.938	16.35	18.538	19.9	NA	NA
2025-11-05 09:00:00	-90.9685	30.8152	NA	3.857	NA	NA	NA	NA	NA	NA	NA	NA	NA	NA	NA	NA	0.32	0.3	0.283	0.157	NA	-30.6	-32.3	-63	0.044	0.09	0.033	0	NA	14.725	16.15	18.488	19.9	NA	NA
2025-11-05 10:00:00	-90.9685	30.8152	NA	4.23	NA	NA	NA	NA	NA	NA	NA	NA	NA	NA	NA	NA	0.32	0.3	0.283	0.157	NA	-30.65	-32.375	-63	0.043	0.091	0.033	0	NA	14.588	16	18.4	19.9	NA	NA
2025-11-05 11:00:00	-90.9685	30.8152	NA	5.222	NA	NA	NA	NA	NA	NA	NA	NA	NA	NA	NA	NA	0.32	0.3	0.283	0.157	NA	-30.7	-32.425	-62.95	0.044	0.091	0.033	0	NA	14.462	15.85	18.312	19.9	NA	NA
2025-11-05 12:00:00	-90.9685	30.8152	NA	5.388	NA	NA	NA	NA	NA	NA	NA	NA	NA	NA	NA	NA	0.32	0.3	0.283	0.157	NA	-30.725	-32.575	-62.85	0.045	0.091	0.032	0	NA	14.4	15.75	18.25	19.9	NA	NA
2025-11-05 13:00:00	-90.9685	30.8152	NA	10.463	NA	NA	NA	NA	NA	NA	NA	NA	NA	NA	NA	NA	0.32	0.3	0.283	0.157	NA	-30.8	-32.625	-62.7	0.043	0.091	0.032	0	NA	14.4	15.65	18.188	19.9	NA	NA
2025-11-05 14:00:00	-90.9685	30.8152	NA	17.812	NA	NA	NA	NA	NA	NA	NA	NA	NA	NA	NA	NA	0.319	0.3	0.284	0.157	NA	-30.75	-32.7	-62.625	0.044	0.089	0.032	0	NA	14.775	15.65	18.1	19.838	NA	NA
2025-11-05 15:00:00	-90.9685	30.8152	NA	23.942	NA	NA	NA	NA	NA	NA	NA	NA	NA	NA	NA	NA	0.318	0.3	0.284	0.158	NA	-30.55	-32.7	-62.575	0.045	0.086	0.032	0	NA	15.713	15.925	18.038	19.8	NA	NA
2025-11-05 16:00:00	-90.9685	30.8152	NA	28.01	NA	NA	NA	NA	NA	NA	NA	NA	NA	NA	NA	NA	0.317	0.299	0.284	0.158	NA	-30.25	-32.7	-62.525	0.048	0.086	0.033	0	NA	17.075	16.45	18	19.8	NA	NA
2025-11-05 17:00:00	-90.9685	30.8152	NA	29.63	NA	NA	NA	NA	NA	NA	NA	NA	NA	NA	NA	NA	0.316	0.298	0.284	0.158	NA	-29.95	-32.7	-62.475	0.05	0.086	0.032	0	NA	18.413	17.1	18	19.8	NA	NA
2025-11-05 18:00:00	-90.9685	30.8152	NA	27.865	NA	NA	NA	NA	NA	NA	NA	NA	NA	NA	NA	NA	0.314	0.298	0.284	0.158	NA	-29.7	-32.7	-62.475	0.052	0.088	0.032	0	NA	19.55	17.875	18.012	19.775	NA	NA
2025-11-05 19:00:00	-90.9685	30.8152	NA	31.06	NA	NA	NA	NA	NA	NA	NA	NA	NA	NA	NA	NA	0.314	0.298	0.283	0.158	NA	-29.6	-32.625	-62.4	0.052	0.088	0.032	0	NA	20.188	18.425	18.087	19.7	NA	NA
2025-11-05 20:00:00	-90.9685	30.8152	NA	27.562	NA	NA	NA	NA	NA	NA	NA	NA	NA	NA	NA	NA	0.314	0.297	0.283	0.158	NA	-29.525	-32.45	-62.325	0.052	0.089	0.033	0	NA	20.738	18.95	18.212	19.7	NA	NA
2025-11-05 21:00:00	-90.9685	30.8152	NA	26.538	NA	NA	NA	NA	NA	NA	NA	NA	NA	NA	NA	NA	0.313	0.297	0.283	0.158	NA	-29.65	-32.3	-62.275	0.052	0.089	0.033	0	NA	20.95	19.275	18.35	19.7	NA	NA
2025-11-05 22:00:00	-90.9685	30.8152	NA	21.058	NA	NA	NA	NA	NA	NA	NA	NA	NA	NA	NA	NA	0.314	0.297	0.283	0.158	NA	-29.875	-32.2	-62.15	0.052	0.09	0.034	0	NA	20.825	19.475	18.5	19.7	NA	NA
2025-11-05 23:00:00	-90.9685	30.8152	NA	13.43	NA	NA	NA	NA	NA	NA	NA	NA	NA	NA	NA	NA	0.314	0.297	0.283	0.158	NA	-30.2	-32.15	-62.025	0.052	0.09	0.035	0	NA	20.225	19.475	18.663	19.7	NA	NA
2025-11-06 00:00:00	-90.9685	30.8152	NA	11.35	NA	NA	NA	NA	NA	NA	NA	NA	NA	NA	NA	NA	0.314	0.297	0.282	0.158	NA	-31.025	-32.1	-62	0.051	0.09	0.035	0	NA	19.475	19.275	18.8	19.7	NA	NA
2025-11-06 01:00:00	-90.9685	30.8152	NA	10.91	NA	NA	NA	NA	NA	NA	NA	NA	NA	NA	NA	NA	0.315	0.297	0.282	0.158	NA	-31.55	-32.05	-61.9	0.051	0.089	0.034	0	NA	18.775	19	18.925	19.7	NA	NA
2025-11-06 02:00:00	-90.9685	30.8152	NA	10.172	NA	NA	NA	NA	NA	NA	NA	NA	NA	NA	NA	NA	0.315	0.297	0.282	0.158	NA	-31.8	-32.1	-61.9	0.049	0.09	0.034	0	NA	18.25	18.675	18.988	19.7	NA	NA
2025-11-06 03:00:00	-90.9685	30.8152	NA	9.55	NA	NA	NA	NA	NA	NA	NA	NA	NA	NA	NA	NA	0.315	0.297	0.282	0.158	NA	-31.975	-32.1	-61.9	0.049	0.091	0.034	0	NA	17.837	18.425	19.05	19.7	NA	NA
2025-11-06 04:00:00	-90.9685	30.8152	NA	9.052	NA	NA	NA	NA	NA	NA	NA	NA	NA	NA	NA	NA	0.315	0.297	0.282	0.158	NA	-32.05	-32.125	-61.8	0.048	0.091	0.034	0	NA	17.462	18.2	19.05	19.738	NA	NA
2025-11-06 05:00:00	-90.9685	30.8152	NA	8.715	NA	NA	NA	NA	NA	NA	NA	NA	NA	NA	NA	NA	0.315	0.297	0.282	0.158	NA	-32.175	-32.2	-61.65	0.048	0.091	0.034	0	NA	17.137	17.95	19.05	19.788	NA	NA
2025-11-06 06:00:00	-90.9685	30.8152	NA	8.315	NA	NA	NA	NA	NA	NA	NA	NA	NA	NA	NA	NA	0.315	0.298	0.282	0.158	NA	-32.35	-32.35	-61.525	0.048	0.093	0.034	0	NA	16.837	17.75	19.012	19.8	NA	NA
2025-11-06 07:00:00	-90.9685	30.8152	NA	8.2	NA	NA	NA	NA	NA	NA	NA	NA	NA	NA	NA	NA	0.315	0.298	0.282	0.158	NA	-32.425	-32.45	-61.4	0.046	0.093	0.034	0	NA	16.613	17.575	18.975	19.8	NA	NA
2025-11-06 08:00:00	-90.9685	30.8152	NA	8.215	NA	NA	NA	NA	NA	NA	NA	NA	NA	NA	NA	NA	0.315	0.298	0.282	0.158	NA	-32.5	-32.5	-61.375	0.046	0.094	0.034	0	NA	16.4	17.425	18.938	19.8	NA	NA
2025-11-06 09:00:00	-90.9685	30.8152	NA	8.46	NA	NA	NA	NA	NA	NA	NA	NA	NA	NA	NA	NA	0.315	0.298	0.282	0.158	NA	-32.5	-32.525	-61.35	0.045	0.094	0.034	0	NA	16.238	17.25	18.887	19.8	NA	NA
2025-11-06 10:00:00	-90.9685	30.8152	NA	8.898	NA	NA	NA	NA	NA	NA	NA	NA	NA	NA	NA	NA	0.315	0.298	0.282	0.158	NA	-32.6	-32.65	-61.25	0.044	0.094	0.033	0	NA	16.1	17.125	18.825	19.85	NA	NA
2025-11-06 11:00:00	-90.9685	30.8152	NA	9.817	NA	NA	NA	NA	NA	NA	NA	NA	NA	NA	NA	NA	0.315	0.298	0.283	0.159	NA	-32.6	-32.775	-61.15	0.045	0.093	0.033	0	NA	16	17.025	18.775	19.85	NA	NA
2025-11-06 12:00:00	-90.9685	30.8152	NA	8.25	NA	NA	NA	NA	NA	NA	NA	NA	NA	NA	NA	NA	0.315	0.298	0.282	0.159	NA	-32.675	-32.9	-61.025	0.044	0.093	0.032	0	NA	15.975	16.95	18.713	19.85	NA	NA
2025-11-06 13:00:00	-90.9685	30.8152	NA	12.858	NA	NA	NA	NA	NA	NA	NA	NA	NA	NA	NA	NA	0.314	0.298	0.283	0.159	NA	-32.775	-32.9	-60.975	0.045	0.092	0.032	0	NA	15.912	16.875	18.663	19.85	NA	NA
2025-11-06 14:00:00	-90.9685	30.8152	NA	19.458	NA	NA	NA	NA	NA	NA	NA	NA	NA	NA	NA	NA	0.314	0.298	0.283	0.159	NA	-32.75	-32.925	-60.9	0.046	0.09	0.032	0	NA	16.188	16.825	18.613	19.85	NA	NA
2025-11-06 15:00:00	-90.9685	30.8152	NA	24.985	NA	NA	NA	NA	NA	NA	NA	NA	NA	NA	NA	NA	0.314	0.298	0.283	0.159	NA	-32.5	-33	-60.875	0.048	0.088	0.033	0	NA	17.075	17.05	18.55	19.812	NA	NA
2025-11-06 16:00:00	-90.9685	30.8152	NA	28.402	NA	NA	NA	NA	NA	NA	NA	NA	NA	NA	NA	NA	0.312	0.297	0.283	0.159	NA	-32.175	-33	-60.825	0.05	0.089	0.034	0	NA	18.275	17.55	18.538	19.8	NA	NA
2025-11-06 17:00:00	-90.9685	30.8152	NA	31.008	NA	NA	NA	NA	NA	NA	NA	NA	NA	NA	NA	NA	0.311	0.296	0.283	0.159	NA	-31.925	-33	-60.825	0.052	0.09	0.033	0	NA	19.438	18.125	18.538	19.8	NA	NA
2025-11-06 18:00:00	-90.9685	30.8152	NA	31.81	NA	NA	NA	NA	NA	NA	NA	NA	NA	NA	NA	NA	0.31	0.296	0.283	0.159	NA	-31.575	-32.975	-60.825	0.053	0.09	0.033	0	NA	20.537	18.775	18.55	19.8	NA	NA
2025-11-06 19:00:00	-90.9685	30.8152	NA	28.902	NA	NA	NA	NA	NA	NA	NA	NA	NA	NA	NA	NA	0.31	0.296	0.282	0.159	NA	-31.45	-32.9	-60.825	0.055	0.09	0.033	0	NA	21.375	19.425	18.65	19.8	NA	NA
2025-11-06 20:00:00	-90.9685	30.8152	NA	26.663	NA	NA	NA	NA	NA	NA	NA	NA	NA	NA	NA	NA	0.31	0.295	0.282	0.159	NA	-31.525	-32.85	-60.825	0.054	0.09	0.034	0	NA	21.625	19.85	18.775	19.8	NA	NA
2025-11-06 21:00:00	-90.9685	30.8152	NA	24.97	NA	NA	NA	NA	NA	NA	NA	NA	NA	NA	NA	NA	0.31	0.295	0.282	0.159	NA	-31.775	-32.725	-60.75	0.054	0.09	0.034	0	NA	21.487	20.05	18.913	19.8	NA	NA
2025-11-06 22:00:00	-90.9685	30.8152	NA	22.595	NA	NA	NA	NA	NA	NA	NA	NA	NA	NA	NA	NA	0.31	0.295	0.282	0.159	NA	-31.975	-32.55	-60.625	0.055	0.091	0.035	0	NA	21.262	20.15	19.062	19.8	NA	NA
2025-11-06 23:00:00	-90.9685	30.8152	NA	18.817	NA	NA	NA	NA	NA	NA	NA	NA	NA	NA	NA	NA	0.31	0.295	0.282	0.159	NA	-32.2	-32.475	-60.525	0.055	0.091	0.034	0	NA	20.95	20.175	19.212	19.8	NA	NA
2025-11-07 00:00:00	-90.9685	30.8152	NA	15.93	NA	NA	NA	NA	NA	NA	NA	NA	NA	NA	NA	NA	0.31	0.295	0.282	0.159	NA	-32.5	-32.4	-60.4	0.053	0.09	0.034	0	NA	20.512	20.05	19.325	19.8	NA	NA
2025-11-07 01:00:00	-90.9685	30.8152	NA	17.255	NA	NA	NA	NA	NA	NA	NA	NA	NA	NA	NA	NA	0.31	0.295	0.282	0.159	NA	-32.825	-32.4	-60.35	0.053	0.09	0.034	0	NA	20	19.9	19.438	19.8	NA	NA
2025-11-07 02:00:00	-90.9685	30.8152	NA	17.253	NA	NA	NA	NA	NA	NA	NA	NA	NA	NA	NA	NA	0.31	0.295	0.282	0.159	NA	-32.975	-32.4	-60.3	0.052	0.091	0.034	0	NA	19.675	19.7	19.512	19.838	NA	NA
2025-11-07 03:00:00	-90.9685	30.8152	NA	16.872	NA	NA	NA	NA	NA	NA	NA	NA	NA	NA	NA	NA	0.31	0.295	0.282	0.159	NA	-33.05	-32.4	-60.25	0.052	0.09	0.034	0	NA	19.462	19.55	19.55	19.863	NA	NA
2025-11-07 04:00:00	-90.9685	30.8152	NA	13.645	NA	NA	NA	NA	NA	NA	NA	NA	NA	NA	NA	NA	0.31	0.295	0.282	0.159	NA	-33.175	-32.475	-60.05	0.052	0.089	0.035	0	NA	19.262	19.45	19.562	19.9	NA	NA
2025-11-07 05:00:00	-90.9685	30.8152	NA	14.8	NA	NA	NA	NA	NA	NA	NA	NA	NA	NA	NA	NA	0.311	0.295	0.282	0.159	NA	-33.325	-32.6	-59.925	0.052	0.091	0.034	0	NA	18.962	19.3	19.637	19.9	NA	NA
2025-11-07 06:00:00	-90.9685	30.8152	NA	17.098	NA	NA	NA	NA	NA	NA	NA	NA	NA	NA	NA	NA	0.31	0.295	0.282	0.159	NA	-33.4	-32.7	-59.8	0.052	0.092	0.035	0	NA	18.8	19.15	19.65	19.95	NA	NA
2025-11-07 07:00:00	-90.9685	30.8152	NA	17.36	NA	NA	NA	NA	NA	NA	NA	NA	NA	NA	NA	NA	0.31	0.295	0.282	0.159	NA	-33.4	-32.725	-59.725	0.052	0.091	0.036	0	NA	18.775	19.1	19.637	19.962	NA	NA
2025-11-07 08:00:00	-90.9685	30.8152	NA	17.082	NA	NA	NA	NA	NA	NA	NA	NA	NA	NA	NA	NA	0.31	0.295	0.282	0.159	NA	-33.45	-32.8	-59.7	0.051	0.09	0.035	0	NA	18.8	19.05	19.6	20	NA	NA
2025-11-07 09:00:00	-90.9685	30.8152	NA	17.517	NA	NA	NA	NA	NA	NA	NA	NA	NA	NA	NA	NA	0.31	0.295	0.282	0.159	NA	-33.55	-32.8	-59.675	0.052	0.09	0.035	0	NA	18.8	19	19.575	20	NA	NA
2025-11-07 10:00:00	-90.9685	30.8152	NA	18.032	NA	NA	NA	NA	NA	NA	NA	NA	NA	NA	NA	NA	0.31	0.296	0.282	0.159	NA	-33.7	-32.925	-59.625	0.052	0.09	0.035	0	NA	18.812	19	19.55	20.012	NA	NA
2025-11-07 11:00:00	-90.9685	30.8152	NA	18.062	NA	NA	NA	NA	NA	NA	NA	NA	NA	NA	NA	NA	0.31	0.296	0.282	0.16	NA	-33.725	-33.025	-59.45	0.052	0.09	0.034	0	NA	18.887	19	19.55	20.05	NA	NA
2025-11-07 12:00:00	-90.9685	30.8152	NA	18.503	NA	NA	NA	NA	NA	NA	NA	NA	NA	NA	NA	NA	0.309	0.296	0.282	0.16	NA	-33.725	-33.1	-59.275	0.052	0.09	0.035	0	NA	18.925	19.025	19.55	20.05	NA	NA
2025-11-07 13:00:00	-90.9685	30.8152	NA	19.555	NA	NA	NA	NA	NA	NA	NA	NA	NA	NA	NA	NA	0.309	0.296	0.282	0.16	NA	-33.8	-33.1	-59.05	0.052	0.09	0.035	0	NA	18.988	19.1	19.55	20.075	NA	NA
2025-11-07 14:00:00	-90.9685	30.8152	NA	22.058	NA	NA	NA	NA	NA	NA	NA	NA	NA	NA	NA	NA	0.309	0.295	0.282	0.16	NA	-33.8	-33.1	-59.025	0.053	0.09	0.035	0	NA	19.15	19.125	19.55	20.1	NA	NA
2025-11-07 15:00:00	-90.9685	30.8152	NA	24.53	NA	NA	NA	NA	NA	NA	NA	NA	NA	NA	NA	NA	0.309	0.295	0.282	0.16	NA	-33.65	-33.1	-58.875	0.053	0.09	0.034	0	NA	19.525	19.25	19.55	20.1	NA	0.136
2025-11-07 16:00:00	-90.9685	30.8152	NA	27.078	NA	NA	NA	NA	NA	NA	NA	NA	NA	NA	NA	NA	0.307	0.294	0.281	0.161	NA	-32.15	-33.125	-58.825	0.049	0.089	0.034	0	NA	20.113	19.5	19.575	20.1	NA	0.486
2025-11-07 17:00:00	-90.9685	30.8152	NA	29.502	NA	NA	NA	NA	NA	NA	NA	NA	NA	NA	NA	NA	0.306	0.293	0.281	0.161	NA	-32.425	-33.1	-58.8	0.049	0.089	0.034	0	NA	20.95	19.85	19.65	20.1	NA	0.496
2025-11-07 18:00:00	-90.9685	30.8152	NA	31.582	NA	NA	NA	NA	NA	NA	NA	NA	NA	NA	NA	NA	0.306	0.293	0.281	0.161	NA	-32.7	-33.1	-58.75	0.05	0.089	0.035	0	NA	21.837	20.375	19.662	20.125	NA	0.516
2025-11-07 19:00:00	-90.9685	30.8152	NA	31.343	NA	NA	NA	NA	NA	NA	NA	NA	NA	NA	NA	NA	0.305	0.293	0.281	0.161	NA	-32.9	-33.1	-58.625	0.052	0.089	0.035	0	NA	22.663	20.85	19.762	20.15	NA	0.506
2025-11-07 20:00:00	-90.9685	30.8152	NA	29.845	NA	NA	NA	NA	NA	NA	NA	NA	NA	NA	NA	NA	0.305	0.292	0.281	0.161	NA	-33	-33.075	-58.475	0.052	0.089	0.036	0	NA	23.113	21.275	19.85	20.15	NA	0.502
2025-11-07 21:00:00	-90.9685	30.8152	NA	27.925	NA	NA	NA	NA	NA	NA	NA	NA	NA	NA	NA	NA	0.305	0.292	0.281	0.161	NA	-33.25	-32.975	-58.325	0.052	0.09	0.036	0	NA	23.213	21.55	19.975	20.15	NA	0.474
2025-11-07 22:00:00	-90.9685	30.8152	NA	22.992	NA	NA	NA	NA	NA	NA	NA	NA	NA	NA	NA	NA	0.305	0.292	0.28	0.161	NA	-33.55	-32.825	-58.15	0.052	0.09	0.036	0	NA	22.938	21.7	20.113	20.188	NA	0.175
2025-11-07 23:00:00	-90.9685	30.8152	NA	17.355	NA	NA	NA	NA	NA	NA	NA	NA	NA	NA	NA	NA	0.305	0.292	0.28	0.161	NA	-33.95	-32.725	-58.1	0.051	0.089	0.036	0	NA	22.312	21.575	20.25	20.2	NA	NA
2025-11-08 00:00:00	-90.9685	30.8152	NA	15.19	NA	NA	NA	NA	NA	NA	NA	NA	NA	NA	NA	NA	0.306	0.292	0.28	0.161	NA	-34.325	-32.7	-58.025	0.05	0.089	0.036	0	NA	21.625	21.4	20.375	20.25	NA	NA
2025-11-08 01:00:00	-90.9685	30.8152	NA	14.155	NA	NA	NA	NA	NA	NA	NA	NA	NA	NA	NA	NA	0.306	0.292	0.28	0.161	NA	-34.625	-32.675	-58	0.05	0.09	0.036	0	NA	20.975	21.075	20.45	20.25	NA	NA
2025-11-08 02:00:00	-90.9685	30.8152	NA	13.43	NA	NA	NA	NA	NA	NA	NA	NA	NA	NA	NA	NA	0.306	0.293	0.28	0.161	NA	-34.85	-32.75	-57.95	0.049	0.09	0.036	0	NA	20.45	20.775	20.538	20.288	NA	NA
2025-11-08 03:00:00	-90.9685	30.8152	NA	12.773	NA	NA	NA	NA	NA	NA	NA	NA	NA	NA	NA	NA	0.306	0.293	0.28	0.161	NA	-34.95	-32.825	-57.775	0.048	0.09	0.036	0	NA	20	20.5	20.55	20.338	NA	NA
2025-11-08 04:00:00	-90.9685	30.8152	NA	12.84	NA	NA	NA	NA	NA	NA	NA	NA	NA	NA	NA	NA	0.307	0.293	0.28	0.161	NA	-35.175	-32.975	-57.6	0.048	0.09	0.036	0	NA	19.612	20.225	20.55	20.35	NA	NA
2025-11-08 05:00:00	-90.9685	30.8152	NA	12.23	NA	NA	NA	NA	NA	NA	NA	NA	NA	NA	NA	NA	0.307	0.293	0.28	0.161	NA	-35.3	-33	-57.45	0.048	0.09	0.036	0	NA	19.3	20	20.55	20.387	NA	NA
2025-11-08 06:00:00	-90.9685	30.8152	NA	12.398	NA	NA	NA	NA	NA	NA	NA	NA	NA	NA	NA	NA	0.307	0.293	0.279	0.161	NA	-35.4	-33.125	-57.375	0.048	0.09	0.036	0	NA	19.025	19.75	20.462	20.438	NA	NA
2025-11-08 07:00:00	-90.9685	30.8152	NA	12.74	NA	NA	NA	NA	NA	NA	NA	NA	NA	NA	NA	NA	0.307	0.293	0.279	0.161	NA	-35.425	-33.275	-57.3	0.046	0.09	0.036	0	NA	18.825	19.55	20.45	20.45	NA	NA
2025-11-08 08:00:00	-90.9685	30.8152	NA	12.7	NA	NA	NA	NA	NA	NA	NA	NA	NA	NA	NA	NA	0.307	0.294	0.279	0.161	NA	-35.525	-33.4	-57.25	0.046	0.09	0.036	0	NA	18.663	19.425	20.375	20.45	NA	NA
2025-11-08 09:00:00	-90.9685	30.8152	NA	13.625	NA	NA	NA	NA	NA	NA	NA	NA	NA	NA	NA	NA	0.307	0.294	0.279	0.161	NA	-35.675	-33.45	-57.175	0.047	0.092	0.036	0	NA	18.525	19.275	20.337	20.5	NA	NA
2025-11-08 10:00:00	-90.9685	30.8152	NA	13.02	NA	NA	NA	NA	NA	NA	NA	NA	NA	NA	NA	NA	0.307	0.294	0.279	0.161	NA	-35.775	-33.625	-57.075	0.047	0.093	0.035	0	NA	18.462	19.175	20.262	20.5	NA	NA
2025-11-08 11:00:00	-90.9685	30.8152	NA	13.907	NA	NA	NA	NA	NA	NA	NA	NA	NA	NA	NA	NA	0.306	0.294	0.28	0.161	NA	-35.875	-33.775	-56.9	0.046	0.094	0.035	0	NA	18.387	19.075	20.213	20.55	NA	NA
2025-11-08 12:00:00	-90.9685	30.8152	NA	14.31	NA	NA	NA	NA	NA	NA	NA	NA	NA	NA	NA	NA	0.306	0.294	0.28	0.161	NA	-35.9	-33.8	-56.775	0.048	0.093	0.035	0	NA	18.35	19	20.15	20.55	NA	NA
2025-11-08 13:00:00	-90.9685	30.8152	NA	15.992	NA	NA	NA	NA	NA	NA	NA	NA	NA	NA	NA	NA	0.306	0.294	0.28	0.161	NA	-35.95	-33.8	-56.7	0.046	0.093	0.034	0	NA	18.363	18.95	20.075	20.55	NA	0.38
2025-11-08 14:00:00	-90.9685	30.8152	NA	19.29	NA	NA	NA	NA	NA	NA	NA	NA	NA	NA	NA	NA	0.306	0.294	0.28	0.161	NA	-35.975	-33.875	-56.625	0.047	0.094	0.034	0	NA	18.512	18.95	20.05	20.55	NA	0.488
2025-11-08 15:00:00	-90.9685	30.8152	NA	23.355	NA	NA	NA	NA	NA	NA	NA	NA	NA	NA	NA	NA	0.305	0.294	0.28	0.162	NA	-35.85	-33.975	-56.625	0.048	0.094	0.034	0	NA	19.012	19.05	19.988	20.55	NA	0.507
2025-11-08 16:00:00	-90.9685	30.8152	NA	27.868	NA	NA	NA	NA	NA	NA	NA	NA	NA	NA	NA	NA	0.304	0.293	0.28	0.161	NA	-35.775	-34.1	-56.5	0.048	0.091	0.032	0	NA	19.913	19.35	19.95	20.55	NA	0.526
2025-11-08 17:00:00	-90.9685	30.8152	NA	28.79	NA	NA	NA	NA	NA	NA	NA	NA	NA	NA	NA	NA	0.303	0.292	0.28	0.162	NA	-35.475	-34.05	-56.5	0.051	0.09	0.033	0	NA	21.05	19.85	19.95	20.55	NA	0.514
2025-11-08 18:00:00	-90.9685	30.8152	NA	30.11	NA	NA	NA	NA	NA	NA	NA	NA	NA	NA	NA	NA	0.302	0.292	0.28	0.162	NA	-35.375	-34	-56.45	0.053	0.09	0.035	0	NA	21.938	20.425	19.962	20.55	NA	0.504
2025-11-08 19:00:00	-90.9685	30.8152	NA	30.572	NA	NA	NA	NA	NA	NA	NA	NA	NA	NA	NA	NA	0.302	0.292	0.28	0.162	NA	-35.275	-33.925	-56.35	0.053	0.091	0.035	0	NA	22.538	20.95	20.038	20.525	NA	0.5
2025-11-08 20:00:00	-90.9685	30.8152	NA	30.468	NA	NA	NA	NA	NA	NA	NA	NA	NA	NA	NA	NA	0.302	0.291	0.28	0.162	NA	-35.3	-33.825	-56.2	0.053	0.092	0.036	0	NA	23.025	21.325	20.137	20.5	NA	0.498
2025-11-08 21:00:00	-90.9685	30.8152	NA	26.015	NA	NA	NA	NA	NA	NA	NA	NA	NA	NA	NA	NA	0.302	0.291	0.28	0.162	NA	-35.375	-33.775	-56.05	0.053	0.092	0.036	0	NA	23.125	21.6	20.25	20.5	NA	0.367
2025-11-08 22:00:00	-90.9685	30.8152	NA	23.825	NA	NA	NA	NA	NA	NA	NA	NA	NA	NA	NA	NA	0.302	0.291	0.28	0.162	NA	-35.625	-33.7	-55.925	0.053	0.091	0.035	0	NA	22.837	21.7	20.387	20.512	NA	0.294
2025-11-08 23:00:00	-90.9685	30.8152	NA	18.012	NA	NA	NA	NA	NA	NA	NA	NA	NA	NA	NA	NA	0.302	0.291	0.28	0.162	NA	-35.875	-33.675	-55.9	0.053	0.091	0.036	0	NA	22.363	21.675	20.512	20.55	NA	NA
2025-11-09 00:00:00	-90.9685	30.8152	NA	17.235	NA	NA	NA	NA	NA	NA	NA	NA	NA	NA	NA	NA	0.302	0.291	0.279	0.162	NA	-36.025	-33.6	-55.825	0.052	0.092	0.036	0	NA	21.75	21.5	20.625	20.55	NA	NA
2025-11-09 01:00:00	-90.9685	30.8152	NA	16.975	NA	NA	NA	NA	NA	NA	NA	NA	NA	NA	NA	NA	0.303	0.291	0.279	0.162	NA	-36.25	-33.6	-55.8	0.052	0.092	0.036	0	NA	21.275	21.275	20.7	20.55	NA	NA
2025-11-09 02:00:00	-90.9685	30.8152	NA	16.718	NA	NA	NA	NA	NA	NA	NA	NA	NA	NA	NA	NA	0.303	0.291	0.279	0.162	NA	-36.425	-33.6	-55.725	0.051	0.092	0.036	0	NA	20.863	21.05	20.75	20.562	NA	NA
2025-11-09 03:00:00	-90.9685	30.8152	NA	17.42	NA	NA	NA	NA	NA	NA	NA	NA	NA	NA	NA	NA	0.303	0.292	0.279	0.162	NA	-36.425	-33.675	-55.525	0.05	0.092	0.037	0	NA	20.613	20.85	20.75	20.6	NA	NA
2025-11-09 04:00:00	-90.9685	30.8152	NA	18.002	NA	NA	NA	NA	NA	NA	NA	NA	NA	NA	NA	NA	0.303	0.292	0.279	0.162	NA	-36.475	-33.7	-55.375	0.05	0.094	0.036	0	NA	20.438	20.675	20.75	20.65	NA	NA
2025-11-09 05:00:00	-90.9685	30.8152	NA	18.302	NA	NA	NA	NA	NA	NA	NA	NA	NA	NA	NA	NA	0.303	0.292	0.279	0.162	NA	-36.5	-33.7	-55.25	0.049	0.094	0.036	0	NA	20.325	20.6	20.75	20.65	NA	NA
2025-11-09 06:00:00	-90.9685	30.8152	NA	18.572	NA	NA	NA	NA	NA	NA	NA	NA	NA	NA	NA	NA	0.303	0.292	0.279	0.162	NA	-36.5	-33.75	-55.2	0.049	0.092	0.036	0	NA	20.225	20.5	20.75	20.65	NA	NA
2025-11-09 07:00:00	-90.9685	30.8152	NA	19.163	NA	NA	NA	NA	NA	NA	NA	NA	NA	NA	NA	NA	0.303	0.291	0.279	0.162	NA	-36.55	-33.925	-55.2	0.049	0.093	0.036	0	NA	20.15	20.4	20.75	20.7	NA	NA
2025-11-09 08:00:00	-90.9685	30.8152	NA	20.13	NA	NA	NA	NA	NA	NA	NA	NA	NA	NA	NA	NA	0.302	0.291	0.279	0.162	NA	-36.6	-34	-55.1	0.049	0.094	0.036	0	NA	20.188	20.4	20.75	20.75	NA	NA
2025-11-09 09:00:00	-90.9685	30.8152	NA	20.23	NA	NA	NA	NA	NA	NA	NA	NA	NA	NA	NA	NA	0.302	0.291	0.279	0.162	NA	-36.6	-34.075	-55.075	0.049	0.094	0.036	0	NA	20.262	20.4	20.75	20.75	NA	NA
2025-11-09 10:00:00	-90.9685	30.8152	NA	20.298	NA	NA	NA	NA	NA	NA	NA	NA	NA	NA	NA	NA	0.302	0.291	0.279	0.162	NA	-36.625	-34.1	-54.95	0.05	0.095	0.036	0	NA	20.35	20.4	20.7	20.75	NA	NA
2025-11-09 11:00:00	-90.9685	30.8152	NA	20.08	NA	NA	NA	NA	NA	NA	NA	NA	NA	NA	NA	NA	0.302	0.291	0.279	0.162	NA	-36.75	-34.15	-54.875	0.05	0.095	0.036	0	NA	20.4	20.4	20.65	20.75	NA	NA
2025-11-09 12:00:00	-90.9685	30.8152	NA	17.935	NA	NA	NA	NA	NA	NA	NA	NA	NA	NA	NA	NA	0.302	0.291	0.279	0.162	NA	-36.85	-34.2	-54.725	0.049	0.094	0.036	0	NA	20.387	20.4	20.65	20.75	NA	NA
2025-11-09 13:00:00	-90.9685	30.8152	NA	15.925	NA	NA	NA	NA	NA	NA	NA	NA	NA	NA	NA	NA	0.302	0.291	0.279	0.162	NA	-36.9	-34.225	-54.55	0.049	0.093	0.036	0	NA	20.212	20.4	20.65	20.762	NA	0.43
2025-11-09 14:00:00	-90.9685	30.8152	NA	15.67	NA	NA	NA	NA	NA	NA	NA	NA	NA	NA	NA	NA	0.302	0.291	0.279	0.162	NA	-37.05	-34.3	-54.45	0.049	0.092	0.036	0	NA	19.95	20.3	20.65	20.8	NA	0.489
2025-11-09 15:00:00	-90.9685	30.8152	NA	18.792	NA	NA	NA	NA	NA	NA	NA	NA	NA	NA	NA	NA	0.302	0.291	0.279	0.162	NA	-37.2	-34.35	-54.425	0.049	0.09	0.036	0	NA	19.887	20.175	20.65	20.8	NA	0.53
2025-11-09 16:00:00	-90.9685	30.8152	NA	21.975	NA	NA	NA	NA	NA	NA	NA	NA	NA	NA	NA	NA	0.301	0.291	0.279	0.162	NA	-37.2	-34.45	-54.4	0.05	0.09	0.036	0	NA	20.125	20.125	20.65	20.8	NA	0.545
2025-11-09 17:00:00	-90.9685	30.8152	NA	24.962	NA	NA	NA	NA	NA	NA	NA	NA	NA	NA	NA	NA	0.3	0.291	0.279	0.162	NA	-37.05	-34.5	-54.375	0.05	0.09	0.036	0	NA	20.8	20.275	20.65	20.85	NA	0.537
2025-11-09 18:00:00	-90.9685	30.8152	NA	25.425	NA	NA	NA	NA	NA	NA	NA	NA	NA	NA	NA	NA	0.3	0.29	0.279	0.162	NA	-36.975	-34.475	-54.275	0.051	0.09	0.036	0	NA	21.575	20.55	20.65	20.85	NA	0.535
2025-11-09 19:00:00	-90.9685	30.8152	NA	24.52	NA	NA	NA	NA	NA	NA	NA	NA	NA	NA	NA	NA	0.299	0.29	0.279	0.162	NA	-36.925	-34.5	-54.2	0.052	0.091	0.036	0	NA	22.137	20.9	20.65	20.85	NA	0.531
2025-11-09 20:00:00	-90.9685	30.8152	NA	22.292	NA	NA	NA	NA	NA	NA	NA	NA	NA	NA	NA	NA	0.299	0.29	0.279	0.162	NA	-37.075	-34.5	-54.05	0.051	0.09	0.036	0	NA	22.225	21.075	20.65	20.85	NA	0.54
2025-11-09 21:00:00	-90.9685	30.8152	NA	19.095	NA	NA	NA	NA	NA	NA	NA	NA	NA	NA	NA	NA	0.299	0.29	0.279	0.162	NA	-37.375	-34.5	-53.95	0.052	0.09	0.036	0	NA	21.95	21.1	20.7	20.85	NA	0.538
2025-11-09 22:00:00	-90.9685	30.8152	NA	14.707	NA	NA	NA	NA	NA	NA	NA	NA	NA	NA	NA	NA	0.3	0.29	0.279	0.162	NA	-37.725	-34.5	-53.85	0.05	0.09	0.036	0	NA	21.325	20.95	20.75	20.85	NA	0.464
2025-11-09 23:00:00	-90.9685	30.8152	NA	10.765	NA	NA	NA	NA	NA	NA	NA	NA	NA	NA	NA	NA	0.3	0.29	0.279	0.162	NA	-38.05	-34.5	-53.775	0.049	0.089	0.036	0	NA	20.475	20.675	20.762	20.85	NA	NA
2025-11-10 00:00:00	-90.9685	30.8152	NA	10.037	NA	NA	NA	NA	NA	NA	NA	NA	NA	NA	NA	NA	0.301	0.29	0.279	0.162	NA	-38.225	-34.45	-53.75	0.049	0.09	0.036	0	NA	19.675	20.325	20.8	20.85	NA	NA
2025-11-10 01:00:00	-90.9685	30.8152	NA	8.525	NA	NA	NA	NA	NA	NA	NA	NA	NA	NA	NA	NA	0.301	0.291	0.279	0.162	NA	-38.35	-34.5	-53.75	0.047	0.09	0.036	0	NA	19.062	19.95	20.775	20.85	NA	NA
2025-11-10 02:00:00	-90.9685	30.8152	NA	6.108	NA	NA	NA	NA	NA	NA	NA	NA	NA	NA	NA	NA	0.301	0.291	0.279	0.162	NA	-38.4	-34.55	-53.7	0.045	0.09	0.035	0	NA	18.5	19.55	20.725	20.85	NA	NA
2025-11-10 03:00:00	-90.9685	30.8152	NA	5.715	NA	NA	NA	NA	NA	NA	NA	NA	NA	NA	NA	NA	0.301	0.291	0.279	0.162	NA	-38.475	-34.725	-53.7	0.044	0.088	0.035	0	NA	17.962	19.2	20.675	20.85	NA	NA
2025-11-10 04:00:00	-90.9685	30.8152	NA	5.722	NA	NA	NA	NA	NA	NA	NA	NA	NA	NA	NA	NA	0.302	0.291	0.279	0.162	NA	-38.525	-34.875	-53.675	0.044	0.089	0.034	0	NA	17.537	18.875	20.588	20.85	NA	NA
2025-11-10 05:00:00	-90.9685	30.8152	NA	5.213	NA	NA	NA	NA	NA	NA	NA	NA	NA	NA	NA	NA	0.302	0.292	0.279	0.162	NA	-38.65	-34.95	-53.525	0.043	0.087	0.035	0	NA	17.15	18.55	20.488	20.85	NA	NA
2025-11-10 06:00:00	-90.9685	30.8152	NA	4.572	NA	NA	NA	NA	NA	NA	NA	NA	NA	NA	NA	NA	0.302	0.292	0.279	0.162	NA	-38.725	-35.1	-53.4	0.043	0.086	0.035	0	NA	16.775	18.275	20.375	20.85	NA	NA
2025-11-10 07:00:00	-90.9685	30.8152	NA	3.867	NA	NA	NA	NA	NA	NA	NA	NA	NA	NA	NA	NA	0.302	0.292	0.279	0.162	NA	-38.85	-35.275	-53.25	0.043	0.086	0.035	0	NA	16.413	18	20.262	20.85	NA	NA
2025-11-10 08:00:00	-90.9685	30.8152	NA	2.1	NA	NA	NA	NA	NA	NA	NA	NA	NA	NA	NA	NA	0.302	0.292	0.279	0.162	NA	-38.975	-35.375	-53.175	0.042	0.085	0.035	0	NA	16.062	17.7	20.138	20.85	NA	NA
2025-11-10 09:00:00	-90.9685	30.8152	NA	0.77	NA	NA	NA	NA	NA	NA	NA	NA	NA	NA	NA	NA	0.302	0.292	0.279	0.162	NA	-39.075	-35.425	-53.1	0.04	0.085	0.035	0	NA	15.65	17.4	20.012	20.85	NA	NA
2025-11-10 10:00:00	-90.9685	30.8152	NA	0.925	NA	NA	NA	NA	NA	NA	NA	NA	NA	NA	NA	NA	0.302	0.293	0.279	0.162	NA	-39.175	-35.55	-53.075	0.04	0.084	0.035	0	NA	15.3	17.125	19.875	20.85	NA	NA
2025-11-10 11:00:00	-90.9685	30.8152	NA	0.288	NA	NA	NA	NA	NA	NA	NA	NA	NA	NA	NA	NA	0.303	0.293	0.28	0.162	NA	-39.2	-35.75	-53.025	0.039	0.085	0.034	0	NA	14.975	16.875	19.75	20.8	NA	NA
2025-11-10 12:00:00	-90.9685	30.8152	NA	-0.265	NA	NA	NA	NA	NA	NA	NA	NA	NA	NA	NA	NA	0.303	0.293	0.28	0.162	NA	-39.275	-35.9	-53.025	0.039	0.086	0.034	0	NA	14.663	16.6	19.625	20.775	NA	0.511
2025-11-10 13:00:00	-90.9685	30.8152	NA	3.06	NA	NA	NA	NA	NA	NA	NA	NA	NA	NA	NA	NA	0.303	0.293	0.28	0.162	NA	-39.3	-35.925	-52.975	0.038	0.085	0.032	0	NA	14.438	16.375	19.475	20.75	NA	0.612
2025-11-10 14:00:00	-90.9685	30.8152	NA	7.42	NA	NA	NA	NA	NA	NA	NA	NA	NA	NA	NA	NA	0.302	0.293	0.28	0.162	NA	-39.325	-36.025	-52.85	0.039	0.085	0.032	0	NA	14.613	16.2	19.35	20.725	NA	0.592
2025-11-10 15:00:00	-90.9685	30.8152	NA	11.662	NA	NA	NA	NA	NA	NA	NA	NA	NA	NA	NA	NA	0.301	0.293	0.28	0.162	NA	-39.3	-36.25	-52.8	0.04	0.086	0.032	0	NA	15.262	16.25	19.225	20.675	NA	0.566
2025-11-10 16:00:00	-90.9685	30.8152	NA	15.012	NA	NA	NA	NA	NA	NA	NA	NA	NA	NA	NA	NA	0.3	0.293	0.28	0.163	NA	-39.3	-36.325	-52.75	0.042	0.085	0.032	0	NA	16.125	16.5	19.075	20.65	NA	0.558
2025-11-10 17:00:00	-90.9685	30.8152	NA	16.83	NA	NA	NA	NA	NA	NA	NA	NA	NA	NA	NA	NA	0.299	0.292	0.28	0.163	NA	-39.3	-36.4	-52.7	0.044	0.086	0.032	0	NA	17.062	16.85	19	20.6	NA	0.548
2025-11-10 18:00:00	-90.9685	30.8152	NA	17.238	NA	NA	NA	NA	NA	NA	NA	NA	NA	NA	NA	NA	0.298	0.292	0.28	0.163	NA	-39.4	-36.4	-52.625	0.044	0.086	0.032	0	NA	17.837	17.25	18.9	20.55	NA	0.548
2025-11-10 19:00:00	-90.9685	30.8152	NA	16.977	NA	NA	NA	NA	NA	NA	NA	NA	NA	NA	NA	NA	0.297	0.291	0.28	0.163	NA	-39.5	-36.4	-52.6	0.045	0.086	0.033	0	NA	18.363	17.625	18.9	20.512	NA	0.546
2025-11-10 20:00:00	-90.9685	30.8152	NA	14.967	NA	NA	NA	NA	NA	NA	NA	NA	NA	NA	NA	NA	0.297	0.291	0.28	0.163	NA	-39.7	-36.35	-52.55	0.044	0.086	0.032	0	NA	18.488	17.85	18.9	20.475	NA	0.556
2025-11-10 21:00:00	-90.9685	30.8152	NA	11.948	NA	NA	NA	NA	NA	NA	NA	NA	NA	NA	NA	NA	0.297	0.291	0.28	0.163	NA	-39.975	-36.325	-52.5	0.044	0.085	0.033	0	NA	18.225	17.9	18.9	20.425	NA	0.557
2025-11-10 22:00:00	-90.9685	30.8152	NA	8.995	NA	NA	NA	NA	NA	NA	NA	NA	NA	NA	NA	NA	0.298	0.291	0.28	0.163	NA	-40.25	-36.275	-52.525	0.044	0.086	0.033	0	NA	17.625	17.8	18.912	20.4	NA	0.562
2025-11-10 23:00:00	-90.9685	30.8152	NA	NA	NA	NA	NA	NA	NA	NA	NA	NA	NA	NA	NA	NA	0.298	NA	0.28	0.163	NA	-40.55	-36.2	-52.5	0.042	NA	0.032	0	NA	16.837	NA	18.95	20.35	NA	NA
2025-11-11 00:00:00	-90.9685	30.8152	NA	NA	NA	NA	NA	NA	NA	NA	NA	NA	NA	NA	NA	NA	0.299	NA	0.28	0.163	NA	-40.85	-36.25	-52.5	0.041	NA	0.032	0	NA	16.038	NA	18.925	20.3	NA	NA
2025-11-11 01:00:00	-90.9685	30.8152	NA	NA	NA	NA	NA	NA	NA	NA	NA	NA	NA	NA	NA	NA	0.3	NA	0.28	0.163	NA	-41	-36.325	-52.425	0.04	NA	0.033	0	NA	15.338	NA	18.9	20.3	NA	NA
2025-11-11 02:00:00	-90.9685	30.8152	NA	NA	NA	NA	NA	NA	NA	NA	NA	NA	NA	NA	NA	NA	0.3	NA	0.28	0.163	NA	-41.05	-36.375	-52.4	0.037	NA	0.032	0	NA	14.738	NA	18.862	20.25	NA	NA
2025-11-11 03:00:00	-90.9685	30.8152	NA	NA	NA	NA	NA	NA	NA	NA	NA	NA	NA	NA	NA	NA	0.301	NA	0.28	0.163	NA	-41.1	-36.4	-52.325	0.036	NA	0.032	0	NA	14.25	NA	18.762	20.238	NA	NA
2025-11-11 04:00:00	-90.9685	30.8152	NA	NA	NA	NA	NA	NA	NA	NA	NA	NA	NA	NA	NA	NA	0.301	NA	0.28	0.163	NA	-41.175	-36.425	-52.2	0.036	NA	0.032	0	NA	13.8	NA	18.663	20.2	NA	NA
2025-11-11 05:00:00	-90.9685	30.8152	NA	NA	NA	NA	NA	NA	NA	NA	NA	NA	NA	NA	NA	NA	0.301	NA	0.28	0.163	NA	-41.225	-36.6	-52.1	0.035	NA	0.032	0	NA	13.413	NA	18.55	20.188	NA	NA
2025-11-11 06:00:00	-90.9685	30.8152	NA	-4.047	NA	NA	NA	NA	NA	NA	NA	NA	NA	NA	NA	NA	0.301	0.293	0.28	0.163	NA	-41.225	-36.8	-51.95	0.035	0.084	0.032	0	NA	13.087	15.125	18.438	20.137	NA	NA
2025-11-11 07:00:00	-90.9685	30.8152	NA	-4.62	NA	NA	NA	NA	NA	NA	NA	NA	NA	NA	NA	NA	0.301	0.293	0.28	0.163	NA	-41.3	-36.9	-51.95	0.034	0.084	0.032	0	NA	12.787	14.875	18.3	20.1	NA	NA
2025-11-11 08:00:00	-90.9685	30.8152	NA	-4.695	NA	NA	NA	NA	NA	NA	NA	NA	NA	NA	NA	NA	0.301	0.294	0.28	0.163	NA	-41.325	-36.975	-51.9	0.032	0.084	0.032	0	NA	12.488	14.625	18.163	20.075	NA	NA
2025-11-11 09:00:00	-90.9685	30.8152	NA	-4.858	NA	NA	NA	NA	NA	NA	NA	NA	NA	NA	NA	NA	0.301	0.294	0.28	0.163	NA	-41.4	-37.075	-51.9	0.032	0.082	0.032	0	NA	12.225	14.4	18.038	20.012	NA	NA
2025-11-11 10:00:00	-90.9685	30.8152	NA	-5.042	NA	NA	NA	NA	NA	NA	NA	NA	NA	NA	NA	NA	0.301	0.294	0.28	0.163	NA	-41.4	-37.225	-51.875	0.032	0.082	0.032	0	NA	11.988	14.15	17.9	20	NA	NA
2025-11-11 11:00:00	-90.9685	30.8152	NA	-5.12	NA	NA	NA	NA	NA	NA	NA	NA	NA	NA	NA	NA	0.301	0.294	0.28	0.163	NA	-41.45	-37.4	-51.825	0.032	0.083	0.031	0	NA	11.75	13.95	17.762	19.925	NA	NA
2025-11-11 12:00:00	-90.9685	30.8152	NA	-4.942	NA	NA	NA	NA	NA	NA	NA	NA	NA	NA	NA	NA	0.301	0.294	0.281	0.163	NA	-41.5	-37.45	-51.875	0.03	0.083	0.03	0	NA	11.55	13.75	17.625	19.9	NA	0.414
2025-11-11 13:00:00	-90.9685	30.8152	NA	-0.425	NA	NA	NA	NA	NA	NA	NA	NA	NA	NA	NA	NA	0.301	0.294	0.281	0.163	NA	-41.5	-37.5	-51.9	0.03	0.082	0.031	0	NA	11.425	13.55	17.488	19.825	NA	0.516
2025-11-11 14:00:00	-90.9685	30.8152	NA	6.108	NA	NA	NA	NA	NA	NA	NA	NA	NA	NA	NA	NA	0.3	0.294	0.281	0.163	NA	-41.6	-37.5	-51.875	0.032	0.082	0.03	0	NA	11.713	13.5	17.35	19.8	NA	0.581
2025-11-11 15:00:00	-90.9685	30.8152	NA	11.845	NA	NA	NA	NA	NA	NA	NA	NA	NA	NA	NA	NA	0.299	0.294	0.281	0.163	NA	-41.475	-37.55	-51.875	0.034	0.082	0.03	0	NA	12.488	13.6	17.2	19.712	NA	0.537
2025-11-11 16:00:00	-90.9685	30.8152	NA	17.67	NA	NA	NA	NA	NA	NA	NA	NA	NA	NA	NA	NA	0.298	0.293	0.281	0.163	NA	-41.375	-37.625	-51.8	0.035	0.082	0.03	0	NA	13.537	13.95	17.1	19.688	NA	0.514
2025-11-11 17:00:00	-90.9685	30.8152	NA	21.18	NA	NA	NA	NA	NA	NA	NA	NA	NA	NA	NA	NA	0.296	0.293	0.281	0.163	NA	-41.25	-37.675	-51.8	0.038	0.083	0.029	0	NA	14.775	14.475	17	19.6	NA	0.498
2025-11-11 18:00:00	-90.9685	30.8152	NA	22.267	NA	NA	NA	NA	NA	NA	NA	NA	NA	NA	NA	NA	0.295	0.292	0.281	0.163	NA	-41.2	-37.6	-51.775	0.04	0.083	0.03	0	NA	15.9	15.1	17	19.55	NA	0.496
2025-11-11 19:00:00	-90.9685	30.8152	NA	22.245	NA	NA	NA	NA	NA	NA	NA	NA	NA	NA	NA	NA	0.294	0.292	0.281	0.163	NA	-41.175	-37.525	-51.7	0.042	0.083	0.03	0	NA	16.775	15.7	17	19.5	NA	0.488
2025-11-11 20:00:00	-90.9685	30.8152	NA	20.278	NA	NA	NA	NA	NA	NA	NA	NA	NA	NA	NA	NA	0.294	0.291	0.281	0.163	NA	-41.25	-37.5	-51.675	0.042	0.085	0.03	0	NA	17.25	16.15	17.012	19.425	NA	0.493
2025-11-11 21:00:00	-90.9685	30.8152	NA	16.705	NA	NA	NA	NA	NA	NA	NA	NA	NA	NA	NA	NA	0.294	0.291	0.281	0.163	NA	-41.4	-37.425	-51.6	0.042	0.086	0.031	0	NA	17.262	16.45	17.1	19.4	NA	0.487
2025-11-11 22:00:00	-90.9685	30.8152	NA	11.765	NA	NA	NA	NA	NA	NA	NA	NA	NA	NA	NA	NA	0.294	0.291	0.281	0.163	NA	-41.725	-37.375	-51.6	0.042	0.085	0.03	0	NA	16.887	16.5	17.188	19.325	NA	0.426
2025-11-11 23:00:00	-90.9685	30.8152	NA	4.648	NA	NA	NA	NA	NA	NA	NA	NA	NA	NA	NA	NA	0.295	0.291	0.281	0.163	NA	-41.9	-37.225	-51.5	0.04	0.085	0.031	0	NA	16.212	16.4	17.275	19.3	NA	NA
2025-11-12 00:00:00	-90.9685	30.8152	NA	1.88	NA	NA	NA	NA	NA	NA	NA	NA	NA	NA	NA	NA	0.296	0.291	0.281	0.163	NA	-42.25	-37.15	-51.425	0.039	0.084	0.031	0	NA	15.463	16.15	17.363	19.275	NA	NA
2025-11-12 01:00:00	-90.9685	30.8152	NA	2.197	NA	NA	NA	NA	NA	NA	NA	NA	NA	NA	NA	NA	0.296	0.292	0.281	0.163	NA	-42.4	-37.1	-51.375	0.037	0.083	0.031	0	NA	14.8	15.85	17.4	19.2	NA	NA
2025-11-12 02:00:00	-90.9685	30.8152	NA	2.612	NA	NA	NA	NA	NA	NA	NA	NA	NA	NA	NA	NA	0.296	0.292	0.281	0.163	NA	-42.475	-37.2	-51.3	0.036	0.082	0.031	0	NA	14.338	15.525	17.4	19.2	NA	NA
2025-11-12 03:00:00	-90.9685	30.8152	NA	0.3	NA	NA	NA	NA	NA	NA	NA	NA	NA	NA	NA	NA	0.297	0.292	0.281	0.163	NA	-42.5	-37.25	-51.3	0.036	0.084	0.031	0	NA	13.95	15.275	17.4	19.2	NA	NA
2025-11-12 04:00:00	-90.9685	30.8152	NA	0.103	NA	NA	NA	NA	NA	NA	NA	NA	NA	NA	NA	NA	0.297	0.292	0.281	0.163	NA	-42.55	-37.35	-51.3	0.035	0.083	0.03	0	NA	13.588	15.05	17.4	19.2	NA	NA
2025-11-12 05:00:00	-90.9685	30.8152	NA	0.312	NA	NA	NA	NA	NA	NA	NA	NA	NA	NA	NA	NA	0.297	0.292	0.281	0.163	NA	-42.65	-37.4	-51.3	0.035	0.084	0.03	0	NA	13.287	14.8	17.3	19.188	NA	NA
2025-11-12 06:00:00	-90.9685	30.8152	NA	0.52	NA	NA	NA	NA	NA	NA	NA	NA	NA	NA	NA	NA	0.297	0.293	0.281	0.163	NA	-42.775	-37.4	-51.275	0.035	0.083	0.031	0	NA	13.038	14.6	17.25	19.1	NA	NA
2025-11-12 07:00:00	-90.9685	30.8152	NA	0.653	NA	NA	NA	NA	NA	NA	NA	NA	NA	NA	NA	NA	0.297	0.293	0.281	0.163	NA	-42.925	-37.475	-51.2	0.034	0.082	0.03	0	NA	12.85	14.433	17.175	19.1	NA	NA
2025-11-12 08:00:00	-90.9685	30.8152	NA	NA	NA	NA	NA	NA	NA	NA	NA	NA	NA	NA	NA	NA	0.296	NA	0.281	0.163	NA	-43.05	-37.6	-51.1	0.034	NA	0.03	0	NA	12.7	NA	17.1	19.1	NA	NA
2025-11-12 09:00:00	-90.9685	30.8152	NA	NA	NA	NA	NA	NA	NA	NA	NA	NA	NA	NA	NA	NA	0.297	NA	0.281	0.163	NA	-43.15	-37.725	-50.95	0.032	NA	0.03	0	NA	12.562	NA	17.012	19.1	NA	NA
2025-11-12 10:00:00	-90.9685	30.8152	NA	NA	NA	NA	NA	NA	NA	NA	NA	NA	NA	NA	NA	NA	0.296	NA	0.28	0.163	NA	-43.175	-37.825	-50.875	0.032	NA	0.03	0	NA	12.462	NA	16.925	19.062	NA	NA
2025-11-12 11:00:00	-90.9685	30.8152	NA	NA	NA	NA	NA	NA	NA	NA	NA	NA	NA	NA	NA	NA	0.296	NA	0.28	0.163	NA	-43.25	-37.9	-50.85	0.032	NA	0.029	0	NA	12.35	NA	16.85	19	NA	NA
2025-11-12 12:00:00	-90.9685	30.8152	NA	NA	NA	NA	NA	NA	NA	NA	NA	NA	NA	NA	NA	NA	0.296	NA	0.28	0.163	NA	-43.35	-37.9	-50.8	0.032	NA	0.029	0	NA	12.3	NA	16.787	19	NA	NA
2025-11-12 13:00:00	-90.9685	30.8152	NA	NA	NA	NA	NA	NA	NA	NA	NA	NA	NA	NA	NA	NA	0.296	NA	0.28	0.163	NA	-43.425	-37.9	-50.775	0.032	NA	0.03	0	NA	12.325	NA	16.7	19	NA	NA
2025-11-12 14:00:00	-90.9685	30.8152	NA	NA	NA	NA	NA	NA	NA	NA	NA	NA	NA	NA	NA	NA	0.295	NA	0.28	0.163	NA	-43.475	-37.95	-50.75	0.034	NA	0.029	0	NA	12.762	NA	16.625	18.9	NA	NA
2025-11-12 15:00:00	-90.9685	30.8152	NA	NA	NA	NA	NA	NA	NA	NA	NA	NA	NA	NA	NA	NA	0.294	NA	0.28	0.163	NA	-43.325	-38	-50.725	0.036	NA	0.029	0	NA	13.838	NA	16.575	18.9	NA	NA
2025-11-12 16:00:00	-90.9685	30.8152	NA	NA	NA	NA	NA	NA	NA	NA	NA	NA	NA	NA	NA	NA	0.292	NA	0.281	0.163	NA	-43.05	-38	-50.7	0.04	NA	0.029	0	NA	15.213	NA	16.5	18.875	NA	NA
2025-11-12 17:00:00	-90.9685	30.8152	NA	NA	NA	NA	NA	NA	NA	NA	NA	NA	NA	NA	NA	NA	0.291	NA	0.28	0.163	NA	-42.85	-37.975	-50.7	0.042	NA	0.028	0	NA	16.6	NA	16.5	18.8	NA	NA
2025-11-12 18:00:00	-90.9685	30.8152	NA	NA	NA	NA	NA	NA	NA	NA	NA	NA	NA	NA	NA	NA	0.29	NA	0.28	0.163	NA	-42.675	-37.925	-50.675	0.043	NA	0.028	0	NA	17.863	NA	16.538	18.8	NA	NA
2025-11-12 19:00:00	-90.9685	30.8152	NA	NA	NA	NA	NA	NA	NA	NA	NA	NA	NA	NA	NA	NA	0.289	NA	0.28	0.163	NA	-42.6	-37.875	-50.675	0.046	NA	0.029	0	NA	18.725	NA	16.625	18.738	NA	NA
2025-11-12 20:00:00	-90.9685	30.8152	NA	NA	NA	NA	NA	NA	NA	NA	NA	NA	NA	NA	NA	NA	0.289	NA	0.28	0.163	NA	-42.575	-37.7	-50.6	0.045	NA	0.029	0	NA	19.113	NA	16.763	18.7	NA	NA
2025-11-12 21:00:00	-90.9685	30.8152	NA	NA	NA	NA	NA	NA	NA	NA	NA	NA	NA	NA	NA	NA	0.289	NA	0.28	0.163	NA	-42.675	-37.45	-50.525	0.046	NA	0.03	0	NA	19.2	NA	16.9	18.7	NA	NA
2025-11-12 22:00:00	-90.9685	30.8152	NA	NA	NA	NA	NA	NA	NA	NA	NA	NA	NA	NA	NA	NA	0.29	NA	0.28	0.163	NA	-42.975	-37.3	-50.425	0.045	NA	0.031	0	NA	18.938	NA	17.075	18.7	NA	NA
2025-11-12 23:00:00	-90.9685	30.8152	NA	NA	NA	NA	NA	NA	NA	NA	NA	NA	NA	NA	NA	NA	0.29	NA	0.28	0.163	NA	-43.225	-37.225	-50.325	0.044	NA	0.031	0	NA	18.4	NA	17.225	18.7	NA	NA
2025-11-13 00:00:00	-90.9685	30.8152	NA	NA	NA	NA	NA	NA	NA	NA	NA	NA	NA	NA	NA	NA	0.29	NA	0.28	0.163	NA	-43.525	-37.15	-50.225	0.044	NA	0.031	0	NA	17.85	NA	17.4	18.7	NA	NA
2025-11-13 01:00:00	-90.9685	30.8152	NA	NA	NA	NA	NA	NA	NA	NA	NA	NA	NA	NA	NA	NA	0.29	NA	0.28	0.163	NA	-43.5	-37.05	-50.2	0.043	NA	0.032	0	NA	17.45	NA	17.512	18.7	NA	NA
