timestamp	latitude	longitude	precipitation	land_surface_temperature	air_temperature	atmospheric_pressure	vapor_pressure	solar_radiation	wind_speed	wind_direction	lightning_distance	lightning_activity	gust_speed	VPD	EC	NDVI	water_content_5cm	saturation_extract_EC_5cm	matric_potential_5cm	water_content_10cm	saturation_extract_EC_10cm	water_content_20cm	saturation_extract_EC_20cm	matric_potential_20cm	water_content_50cm	saturation_extract_EC_50cm	matric_potential_50cm	water_content_100cm	saturation_extract_EC_100cm	soil_temperature_5cm	soil_temperature_10cm	soil_temperature_20cm	soil_temperature_50cm	soil_temperature_100cm
2025-08-27 00:00:00	32.7538	-93.071	0	20.172	19.525	100.83	2.073	0	1.765	64.275	0	0	3.208	0.195	0	NA	0.195	0.01	-35.65	0.163	0	0.203	0.017	-186.4	0.354	0.436	-0.7	0.361	0.194	29.913	29.425	29.837	30.45	29
2025-08-27 01:00:00	32.7538	-93.071	0	20.038	19.35	100.825	2.079	0	1.815	63.075	0	0	3.625	0.162	0	NA	0.195	0.01	-35.975	0.163	0	0.203	0.016	-188.125	0.354	0.435	-0.7	0.361	0.194	29.65	29.125	29.587	30.45	29
2025-08-27 02:00:00	32.7538	-93.071	0	19.928	19.2	100.83	2.082	0	1.645	65.975	0	0	3.44	0.14	0	NA	0.195	0.009	-36.275	0.162	0	0.203	0.016	-189.825	0.353	0.433	-0.7	0.361	0.195	29.438	28.85	29.325	30.45	29
2025-08-27 03:00:00	32.7538	-93.071	0	19.885	19.2	100.802	2.089	0	1.905	74.325	0	0	3.632	0.135	0	NA	0.195	0.007	-36.6	0.162	0	0.203	0.016	-191.575	0.353	0.432	-0.7	0.361	0.194	29.212	28.6	29.1	30.438	29
2025-08-27 04:00:00	32.7538	-93.071	0	19.782	19.125	100.803	2.093	0	1.68	65.425	0	0	3.265	0.122	0	NA	0.195	0.009	-36.875	0.162	0	0.203	0.016	-193.1	0.353	0.431	-0.7	0.361	0.194	29.025	28.375	28.913	30.4	29
2025-08-27 05:00:00	32.7538	-93.071	0	19.548	18.95	100.822	2.079	0	1.878	80.4	0	0	3.502	0.108	0	NA	0.195	0.01	-37.175	0.162	0	0.203	0.017	-194.675	0.353	0.43	-0.7	0.361	0.195	28.837	28.15	28.725	30.387	29
2025-08-27 06:00:00	32.7538	-93.071	0	19.66	19.15	100.82	2.09	0	2.355	86.65	0	0	4.155	0.128	0	NA	0.195	0.008	-37.45	0.162	0	0.203	0.016	-196.025	0.353	0.429	-0.7	0.361	0.194	28.663	27.95	28.538	30.3	29
2025-08-27 07:00:00	32.7538	-93.071	0	19.8	19.1	100.845	2.077	13.025	2.17	77.6	0	0	3.85	0.132	0	0.726	0.195	0.007	-37.65	0.162	0	0.203	0.017	-197.625	0.353	0.428	-0.7	0.361	0.194	28.5	27.8	28.363	30.275	29
2025-08-27 08:00:00	32.7538	-93.071	0	20.698	19.6	100.882	2.083	64.325	2.993	85.775	0	0	5.037	0.198	0	0.701	0.195	0.007	-37.825	0.162	0	0.203	0.017	-198.925	0.353	0.427	-0.7	0.361	0.194	28.35	27.65	28.225	30.25	29
2025-08-27 09:00:00	32.7538	-93.071	0	21.753	20.15	100.912	2.054	115.975	3.458	86.55	0	0	6.14	0.305	0	0.697	0.195	0.007	-38.025	0.162	0	0.203	0.018	-200.1	0.353	0.423	-0.7	0.361	0.194	28.275	27.6	28.15	30.175	29
2025-08-27 10:00:00	32.7538	-93.071	0	23.29	20.725	100.928	2.064	211.95	4.155	91.025	0	0	6.465	0.378	0	0.693	0.195	0.007	-38.2	0.162	0	0.203	0.017	-200.875	0.353	0.422	-0.7	0.361	0.194	28.25	27.6	28.15	30.137	29
2025-08-27 11:00:00	32.7538	-93.071	0	27.64	22.425	100.898	2.154	463.9	3.795	112.95	0	0	6.805	0.557	0	0.693	0.194	0.008	-38.375	0.161	0	0.203	0.017	-201.1	0.353	0.421	-0.7	0.361	0.194	28.363	27.775	28.25	30.075	29
2025-08-27 12:00:00	32.7538	-93.071	0	28.91	23.625	100.855	2.182	447.125	2.74	119.15	0	0	5.212	0.74	0	0.688	0.194	0.009	-38.4	0.162	0	0.203	0.017	-199.2	0.353	0.42	-0.7	0.361	0.193	28.675	28.275	28.625	30.012	29
2025-08-27 13:00:00	32.7538	-93.071	0	34.852	25.6	100.798	2.355	827.7	3.107	91.575	0	0	6.095	0.927	0	0.689	0.194	0.01	-38.4	0.161	0	0.203	0.018	-197.175	0.353	0.416	-0.7	0.361	0.193	29.163	28.975	29.15	29.988	29
2025-08-27 14:00:00	32.7538	-93.071	0	31.193	25.925	100.75	2.216	471.825	3.688	107.475	0	0	6.662	1.13	0	0.684	0.193	0.012	-38.325	0.161	0	0.202	0.018	-193.475	0.353	0.415	-0.7	0.361	0.193	29.8	30.025	29.988	29.9	29
2025-08-27 15:00:00	32.7538	-93.071	0	30.307	26.275	100.7	2.209	357.975	2.94	115.45	0	0	5.945	1.205	0	0.689	0.193	0.012	-38.225	0.16	0	0.202	0.018	-192.55	0.353	0.413	-0.7	0.361	0.193	30.262	30.65	30.488	29.9	29
2025-08-27 16:00:00	32.7538	-93.071	0	30.43	26.6	100.642	2.251	335.3	2.355	125.825	0	0	4.385	1.225	0	0.69	0.193	0.012	-38.2	0.161	0	0.202	0.018	-193	0.353	0.412	-0.7	0.361	0.193	30.487	30.95	30.738	29.863	28.95
2025-08-27 17:00:00	32.7538	-93.071	0	30.193	27.025	100.592	2.319	276.825	1.725	97.875	0	0	3.622	1.255	0	0.675	0.193	0.012	-38.2	0.161	0	0.201	0.018	-193.825	0.353	0.41	-0.7	0.361	0.194	30.663	31.075	30.9	29.85	28.9
2025-08-27 18:00:00	32.7538	-93.071	0	27.255	26.175	100.578	2.381	101.375	1.418	46.625	0	0	2.515	1.012	0	0.694	0.193	0.013	-38.25	0.161	0	0.201	0.019	-194.55	0.353	0.41	-0.7	0.361	0.193	30.75	31.175	30.988	29.85	28.9
2025-08-27 19:00:00	32.7538	-93.071	0	24.828	25.025	100.57	2.357	9.55	1.17	42.35	0	0	2.138	0.818	0	0.727	0.192	0.012	-38.35	0.161	0	0.201	0.018	-196.6	0.353	0.408	-0.7	0.361	0.193	30.688	31	30.875	29.85	28.9
2025-08-27 20:00:00	32.7538	-93.071	0	23.965	24.45	100.595	2.345	0	1.263	50.55	0	0	2.422	0.718	0	NA	0.192	0.012	-38.475	0.16	0	0.201	0.019	-199.325	0.353	0.408	-0.7	0.361	0.193	30.512	30.6	30.6	29.85	28.9
2025-08-27 21:00:00	32.7538	-93.071	0	22.58	23.675	100.602	2.366	0	1.73	72.15	0	0	3.112	0.56	0	NA	0.192	0.012	-38.575	0.16	0	0.201	0.02	-201.65	0.353	0.407	-0.7	0.361	0.194	30.25	30.15	30.288	29.875	28.9
2025-08-27 22:00:00	32.7538	-93.071	0	22.54	23.35	100.602	2.351	0	1.66	72.475	0	0	3.263	0.52	0	NA	0.192	0.012	-38.775	0.16	0	0.201	0.019	-203.95	0.353	0.406	-0.7	0.361	0.193	29.963	29.75	29.975	29.9	28.9
2025-08-27 23:00:00	32.7538	-93.071	0	21.188	22.65	100.605	2.28	0	1.398	95.975	0	0	2.587	0.47	0	NA	0.192	0.011	-38.95	0.16	0	0.201	0.019	-206.35	0.353	0.406	-0.7	0.361	0.193	29.7	29.375	29.675	29.9	28.9
2025-08-28 00:00:00	32.7538	-93.071	0	20.003	21.85	100.537	2.212	0	1.31	102.925	0	0	1.995	0.41	0	NA	0.192	0.01	-39.125	0.16	0	0.201	0.019	-208.875	0.353	0.404	-0.7	0.361	0.193	29.45	29.05	29.375	29.9	28.9
2025-08-28 01:00:00	32.7538	-93.071	0	19.655	21.525	100.5	2.183	0	0.838	97.125	0	0	1.438	0.388	0	NA	0.192	0.01	-39.4	0.16	0	0.201	0.018	-211.175	0.353	0.404	-0.7	0.361	0.193	29.188	28.725	29.137	29.9	28.9
2025-08-28 02:00:00	32.7538	-93.071	0	19.477	21.25	100.48	2.155	0	0.608	163.325	0	0	1.09	0.372	0	NA	0.193	0.009	-39.6	0.16	0	0.201	0.018	-213.425	0.353	0.403	-0.7	0.361	0.193	28.962	28.425	28.875	29.9	28.9
2025-08-28 03:00:00	32.7538	-93.071	0	19.445	21.15	100.463	2.165	0	0.642	100.725	0	0	1.122	0.348	0	NA	0.193	0.008	-39.875	0.16	0	0.201	0.018	-215.525	0.353	0.402	-0.7	0.361	0.193	28.75	28.2	28.663	29.9	28.9
2025-08-28 04:00:00	32.7538	-93.071	0	19.19	20.475	100.435	2.152	0	0.545	104.375	0	0	1.135	0.258	0	NA	0.193	0.009	-40.125	0.16	0	0.201	0.018	-217.65	0.353	0.401	-0.7	0.361	0.193	28.575	27.95	28.45	29.9	28.9
2025-08-28 05:00:00	32.7538	-93.071	0	19.265	20.35	100.442	2.166	0	0.512	55.8	0	0	1.012	0.218	0	NA	0.193	0.01	-40.35	0.16	0	0.201	0.019	-219.475	0.353	0.399	-0.7	0.361	0.193	28.363	27.75	28.263	29.863	28.9
2025-08-28 06:00:00	32.7538	-93.071	0	19.055	20.075	100.442	2.126	0	0.378	48.175	0	0	0.758	0.22	0	NA	0.193	0.008	-40.6	0.159	0	0.201	0.019	-220.9	0.353	0.398	-0.7	0.361	0.193	28.188	27.55	28.087	29.85	28.9
2025-08-28 07:00:00	32.7538	-93.071	0	20.762	20.425	100.428	2.213	46.9	0.385	146.775	0	0	0.897	0.182	0	0.648	0.193	0.007	-40.85	0.16	0	0.201	0.018	-222.225	0.353	0.397	-0.7	0.361	0.193	28.05	27.35	27.9	29.825	28.9
