2025-11-27 00:00:00	-91.2725	32.751	0	7.135	7.675	63.901	102.342	0.67	0	0.573	250.425	0	0	1.042	0.38	0	0.364	0.375	0.369	0.203	0.125	-38.85	-116.1	-119.075	2.038	2.794	3.354	3.554	NA	16.363	17.025	17.9	19.1	20.3	NA
2025-11-27 01:00:00	-91.2725	32.751	0	6.52	6.95	70.522	102.315	0.704	0	0.857	353.25	0	0	1.575	0.292	0	0.364	0.375	0.369	0.203	0.125	-38	-116.65	-118.3	2.03	2.789	3.348	3.56	NA	15.8	16.825	17.913	19.1	20.3	NA
2025-11-27 02:00:00	-91.2725	32.751	0	6.048	6.025	77.427	102.365	0.725	0	0.225	262.025	0	0	0.613	0.212	0	0.364	0.375	0.369	0.203	0.125	-37.25	-118.1	-118.45	2.025	2.786	3.346	3.564	NA	15.238	16.55	17.9	19.062	20.3	NA
2025-11-27 03:00:00	-91.2725	32.751	0	5.518	5.125	81.578	102.372	0.718	0	0.402	307.45	0	0	0.645	0.16	0	0.364	0.375	0.369	0.203	0.125	-36.5	-119.525	-119.325	2.026	2.787	3.341	3.567	NA	14.713	16.25	17.875	19.05	20.3	NA
2025-11-27 04:00:00	-91.2725	32.751	0	5.745	4.575	85.768	102.372	0.726	0	0.312	186.275	0	0	0.662	0.12	0	0.364	0.374	0.369	0.203	0.125	-35.1	-121.175	-120.2	2.023	2.784	3.34	3.569	NA	14.238	15.925	17.812	19	20.3	NA
2025-11-27 05:00:00	-91.2725	32.751	0	4.985	4.3	87.619	102.362	0.728	0	0.392	312.675	0	0	0.78	0.103	0	0.364	0.374	0.369	0.203	0.125	-34.5	-122.75	-120.95	2.023	2.789	3.337	3.574	NA	13.8	15.6	17.712	19	20.3	NA
2025-11-27 06:00:00	-91.2725	32.751	0	4.778	4.275	89.733	102.362	0.744	0	0.63	184.325	0	0	1.03	0.085	0	0.364	0.374	0.368	0.203	0.125	-33.775	-123.975	-121.775	2.022	2.786	3.331	3.578	NA	13.412	15.3	17.6	19	20.3	NA
2025-11-27 07:00:00	-91.2725	32.751	0	4.145	3.75	88.412	102.39	0.706	0	0.57	269.55	0	0	0.85	0.092	0	0.363	0.373	0.368	0.203	0.125	-33.15	-125.35	-122.575	2.022	2.792	3.329	3.584	NA	13.1	15.025	17.488	18.963	20.3	NA
2025-11-27 08:00:00	-91.2725	32.751	0	4.46	3.375	91.083	102.375	0.709	0	0.38	205.9	0	0	0.688	0.07	0	0.363	0.373	0.368	0.203	0.125	-32.525	-126.675	-123.2	2.019	2.794	3.327	3.583	NA	12.7	14.725	17.35	18.95	20.3	NA
2025-11-27 09:00:00	-91.2725	32.751	0	3.695	3.4	89.605	102.405	0.698	0	0.812	342.95	0	0	1.315	0.08	0	0.363	0.373	0.368	0.203	0.125	-31.95	-127.75	-123.95	2.02	2.797	3.325	3.588	NA	12.4	14.475	17.213	18.9	20.3	NA
2025-11-27 10:00:00	-91.2725	32.751	0	3.283	3.025	89.739	102.42	0.681	0	0.42	328.8	0	0	0.89	0.078	0	0.363	0.372	0.368	0.203	0.125	-31.3	-128.775	-124.6	2.018	2.796	3.327	3.592	NA	12.1	14.2	17.062	18.9	20.3	NA
2025-11-27 11:00:00	-91.2725	32.751	0	4.92	3.425	91.21	102.452	0.712	0	0.542	305.625	0	0	0.975	0.073	0	0.363	0.372	0.368	0.203	0.125	-30.725	-129.75	-125.075	2.019	2.793	3.324	3.592	NA	11.775	13.925	16.925	18.875	20.3	NA
2025-11-27 12:00:00	-91.2725	32.751	0	6.2	4.7	89.511	102.562	0.764	0	0.635	340.575	0	0	0.95	0.088	0	0.362	0.372	0.367	0.203	0.125	-30.15	-130.775	-125.55	2.022	2.832	3.32	3.589	NA	11.562	13.675	16.75	18.837	20.25	NA
2025-11-27 13:00:00	-91.2725	32.751	0	7.003	5.125	89.636	102.62	0.789	14.625	0.428	301.525	0	0	0.733	0.09	0	0.362	0.371	0.367	0.203	0.125	-29.525	-131.65	-126.025	2.026	2.816	3.317	3.586	NA	11.462	13.45	16.6	18.8	20.2	0.424
2025-11-27 14:00:00	-91.2725	32.751	0	8.615	6.675	84.129	102.71	0.824	107.75	0.833	338.25	0	0	1.987	0.158	0	0.362	0.371	0.367	0.203	0.125	-28.85	-132.575	-126.45	2.031	2.816	3.316	3.591	NA	11.5	13.325	16.45	18.762	20.2	0.394
2025-11-27 15:00:00	-91.2725	32.751	0	11.255	8.975	66.384	102.808	0.759	304.575	1.052	235.967	0	0	3.41	0.388	0	0.362	0.371	0.367	0.203	0.125	-28.15	-132.975	-126.875	2.04	2.815	3.312	3.591	NA	11.663	13.2	16.3	18.713	20.2	0.385
2025-11-27 16:00:00	-91.2725	32.751	0	13.47	10.175	53.455	102.848	0.664	408.875	1.143	14.75	0	0	3.482	0.58	0	0.362	0.371	0.367	0.203	0.125	-27.4	-133.975	-127.25	2.055	2.823	3.312	3.591	NA	12.05	13.25	16.175	18.7	20.2	0.359
2025-11-27 17:00:00	-91.2725	32.751	0	16.593	11.25	45.946	102.782	0.613	573.825	1.478	13.125	0	0	3.668	0.72	0	0.363	0.371	0.367	0.204	0.125	-26.525	-134.35	-127.6	2.069	2.827	3.315	3.597	NA	12.688	13.4	16.075	18.625	20.2	0.348
2025-11-27 18:00:00	-91.2725	32.751	0	18.345	12.475	41.255	102.698	0.597	597.825	1.455	99.3	0	0	3.57	0.85	0	0.363	0.372	0.367	0.204	0.125	-25.65	-134.825	-127.975	2.079	2.836	3.321	3.599	NA	13.525	13.7	15.975	18.6	20.2	0.311
2025-11-27 19:00:00	-91.2725	32.751	0	18.435	13.05	44.002	102.64	0.661	541.475	1.685	13.15	0	0	4.155	0.84	0	0.364	0.372	0.367	0.204	0.125	-24.7	-135.2	-128.225	2.083	2.839	3.322	3.6	NA	14.387	14.05	15.95	18.525	20.2	0.342
2025-11-27 20:00:00	-91.2725	32.751	0	17.555	13.275	46.641	102.608	0.711	386.7	1.355	27.125	0	0	3.888	0.807	0	0.364	0.373	0.367	0.204	0.125	-23.825	-135.8	-128.55	2.085	2.844	3.327	3.603	NA	15.175	14.525	15.9	18.5	20.2	0.35
2025-11-27 21:00:00	-91.2725	32.751	0	14.96	12.85	47.377	102.615	0.703	243.075	1.36	13.1	0	0	3.205	0.778	0	0.365	0.373	0.367	0.204	0.125	-23	-135.975	-128.9	2.078	2.841	3.335	3.602	NA	15.7	14.95	15.938	18.438	20.2	0.362
2025-11-27 22:00:00	-91.2725	32.751	0	11.42	12	49.499	102.635	0.694	85.575	0.81	99.825	0	0	2.168	0.705	0	0.365	0.374	0.367	0.203	0.125	-22.325	-135.8	-129.175	2.068	2.841	3.338	3.604	NA	15.925	15.25	15.988	18.4	20.2	0.404
2025-11-27 23:00:00	-91.2725	32.751	0	7.697	9.4	58.128	102.625	0.685	1.05	0.485	241.9	0	0	1.218	0.495	0	0.365	0.374	0.366	0.203	0.125	-21.85	-135.65	-129.3	2.052	2.838	3.348	3.606	NA	15.775	15.425	16.088	18.337	20.2	0.452
2025-11-28 00:00:00	-91.2725	32.751	0	6.432	7.55	67.288	102.638	0.7	0	0.492	249.725	0	0	1.128	0.34	0	0.365	0.374	0.367	0.203	0.125	-21.6	-135.625	-129.55	2.038	2.833	3.349	3.607	NA	15.3	15.45	16.15	18.3	20.15	NA
2025-11-28 01:00:00	-91.2725	32.751	0	5.665	6.05	76.134	102.61	0.714	0	0.352	210	0	0	0.795	0.225	0	0.365	0.374	0.367	0.203	0.125	-21.375	-135.525	-129.725	2.028	2.823	3.346	3.607	NA	14.713	15.3	16.238	18.275	20.1	NA
2025-11-28 02:00:00	-91.2725	32.751	0	5.07	5.1	81.613	102.602	0.716	0	0.308	186.825	0	0	0.57	0.162	0	0.364	0.374	0.367	0.203	0.125	-21.225	-135.55	-129.9	2.025	2.82	3.344	3.609	NA	14.125	15.1	16.25	18.2	20.1	NA
2025-11-28 03:00:00	-91.2725	32.751	0	4.39	4.025	84.941	102.605	0.692	0	0.402	310.1	0	0	0.732	0.122	0	0.364	0.374	0.367	0.203	0.125	-21.025	-135.575	-130.075	2.022	2.822	3.34	3.609	NA	13.575	14.85	16.25	18.2	20.1	NA
2025-11-28 04:00:00	-91.2725	32.751	0	3.845	3.55	87.709	102.632	0.691	0	0.402	312.9	0	0	0.623	0.098	0	0.363	0.374	0.367	0.203	0.125	-20.9	-135.6	-130.125	2.019	2.819	3.334	3.609	NA	13.1	14.55	16.238	18.163	20.1	NA
2025-11-28 05:00:00	-91.2725	32.751	0	3.585	3.175	90.106	102.65	0.691	0	0.532	296.7	0	0	0.97	0.078	0	0.363	0.374	0.367	0.203	0.125	-20.75	-135.8	-130.3	2.014	2.834	3.332	3.61	NA	12.613	14.25	16.2	18.1	20.1	NA
2025-11-28 06:00:00	-91.2725	32.751	0	3.15	3.225	88.654	102.675	0.683	0	0.708	302.9	0	0	1.1	0.088	0	0.363	0.373	0.367	0.203	0.125	-20.625	-136.075	-130.4	2.013	2.841	3.328	3.61	NA	12.2	13.95	16.125	18.1	20.1	NA
2025-11-28 07:00:00	-91.2725	32.751	0	2.703	2	93.385	102.68	0.659	0	0.182	141.575	0	0	0.438	0.048	0	0.363	0.373	0.367	0.203	0.125	-20.5	-136.375	-130.4	2.01	2.84	3.326	3.612	NA	11.812	13.675	16.037	18.1	20.1	NA
2025-11-28 08:00:00	-91.2725	32.751	0	2.413	1.7	92.309	102.71	0.637	0	0.382	57.15	0	0	0.642	0.055	0	0.362	0.372	0.367	0.203	0.125	-20.35	-136.425	-130.55	2.008	2.84	3.324	3.61	NA	11.45	13.4	15.925	18.062	20	NA
2025-11-28 09:00:00	-91.2725	32.751	0	2.288	1.425	94.51	102.705	0.64	0	0.415	83.025	0	0	0.685	0.04	0	0.362	0.372	0.366	0.203	0.125	-20.25	-136.575	-130.5	2.007	2.841	3.317	3.614	NA	11.125	13.1	15.825	18	20	NA
2025-11-28 10:00:00	-91.2725	32.751	0	2.022	0.825	94.837	102.668	0.615	0	0.262	159.075	0	0	0.56	0.032	0	0.362	0.372	0.366	0.203	0.125	-20.1	-136.625	-130.65	2.006	2.843	3.315	3.62	NA	10.775	12.825	15.7	18	20	NA
2025-11-28 11:00:00	-91.2725	32.751	0	1.945	0.75	94.117	102.705	0.607	0	0.348	329.075	0	0	0.682	0.038	0	0.362	0.371	0.366	0.203	0.125	-19.975	-136.7	-130.6	2.003	2.843	3.317	3.618	NA	10.475	12.575	15.588	18	20	NA
2025-11-28 12:00:00	-91.2725	32.751	0	1.74	0.6	95.141	102.75	0.607	0	0.24	303.825	0	0	0.428	0.03	0	0.361	0.371	0.366	0.203	0.125	-19.9	-137.075	-130.625	2.003	2.848	3.312	3.612	NA	10.2	12.325	15.425	17.925	20	NA
2025-11-28 13:00:00	-91.2725	32.751	0	2.71	1.1	97.115	102.8	0.644	23.825	0.23	147.425	0	0	0.623	0.02	0	0.361	0.371	0.365	0.203	0.124	-19.8	-137.2	-130.725	2.005	2.855	3.316	3.622	NA	9.938	12.075	15.3	17.9	20	0.414
2025-11-28 14:00:00	-91.2725	32.751	0	6.452	4.225	99.818	102.882	0.827	125.725	0.45	167.025	0	0	0.995	0	0	0.361	0.37	0.365	0.203	0.125	-19.65	-137.625	-130.75	2.009	2.852	3.31	3.614	NA	9.738	11.875	15.15	17.9	20	0.396
2025-11-28 15:00:00	-91.2725	32.751	0	10.043	7.4	82.979	102.932	0.85	280.85	1.005	144.675	0	0	2.332	0.182	0	0.361	0.37	0.365	0.204	0.124	-19.5	-138	-130.85	2.021	2.846	3.307	3.613	NA	9.825	11.725	15.012	17.812	19.9	0.382
2025-11-28 16:00:00	-91.2725	32.751	0	12.343	9.675	53.422	102.93	0.64	403.95	1.8	150.1	0	0	4.142	0.562	0	0.361	0.37	0.365	0.204	0.125	-19.225	-138.175	-130.85	2.039	2.853	3.311	3.615	NA	10.275	11.7	14.875	17.8	19.9	0.354
2025-11-28 17:00:00	-91.2725	32.751	0	14.92	10.95	43.637	102.84	0.571	489.9	2.168	147.925	0	0	4.152	0.738	0	0.361	0.37	0.365	0.204	0.125	-18.85	-138.225	-130.75	2.053	2.869	3.312	3.612	NA	10.988	11.85	14.75	17.738	19.9	0.339
2025-11-28 18:00:00	-91.2725	32.751	0	17.768	12.425	40.842	102.708	0.589	560.125	1.582	160.6	0	0	3.922	0.855	0	0.362	0.37	0.365	0.204	0.125	-18.475	-138.2	-130.875	2.066	2.868	3.315	3.615	NA	11.825	12.125	14.688	17.7	19.9	0.313
2025-11-28 19:00:00	-91.2725	32.751	0	17.065	13.025	38.969	102.59	0.585	419.075	1.345	124.275	0	0	3.355	0.913	0	0.362	0.371	0.365	0.204	0.125	-18.05	-138.075	-130.8	2.076	2.878	3.32	3.615	NA	12.725	12.5	14.6	17.663	19.9	0.331
2025-11-28 20:00:00	-91.2725	32.751	0	14.905	12.725	38.734	102.542	0.57	264.9	1.38	115.525	0	0	3.652	0.9	0	0.362	0.371	0.365	0.204	0.125	-17.65	-137.925	-130.825	2.071	2.883	3.326	3.617	NA	13.537	12.95	14.6	17.6	19.9	0.33
2025-11-28 21:00:00	-91.2725	32.751	0	14.78	13.325	37.943	102.522	0.581	244.225	1.2	109.5	0	0	3.045	0.948	0	0.363	0.372	0.365	0.204	0.124	-17.3	-137.7	-130.85	2.062	2.88	3.331	3.622	NA	13.963	13.35	14.6	17.55	19.9	0.347
2025-11-28 22:00:00	-91.2725	32.751	0	10.352	12.1	39.182	102.508	0.552	58.775	0.64	146.475	0	0	1.788	0.86	0	0.363	0.372	0.365	0.204	0.124	-16.975	-137.225	-130.825	2.05	2.88	3.338	3.624	NA	14.238	13.675	14.662	17.5	19.8	0.332
2025-11-28 23:00:00	-91.2725	32.751	0	8.06	9.575	50.647	102.485	0.603	0.85	0.34	220.65	0	0	0.745	0.593	0	0.363	0.373	0.365	0.203	0.124	-16.75	-136.925	-130.775	2.042	2.873	3.34	3.619	NA	14.162	13.875	14.762	17.438	19.8	NA
2025-11-29 00:00:00	-91.2725	32.751	0	6.725	8.075	58.55	102.463	0.631	0	0.48	306.225	0	0	1.372	0.445	0	0.363	0.373	0.365	0.203	0.124	-16.675	-136.7	-130.875	2.031	2.868	3.34	3.62	NA	13.812	13.9	14.812	17.4	19.8	NA
2025-11-29 01:00:00	-91.2725	32.751	0	5.932	7.8	59.462	102.422	0.629	0	0.353	83.5	0	0	1.018	0.43	0	0.363	0.373	0.365	0.204	0.124	-16.6	-136.4	-130.75	2.023	2.866	3.34	3.622	NA	13.375	13.875	14.9	17.35	19.8	NA
2025-11-29 02:00:00	-91.2725	32.751	0	6.345	8.05	56.867	102.402	0.612	0	0.57	146.65	0	0	1.617	0.462	0	0.363	0.373	0.365	0.204	0.124	-16.6	-135.95	-130.725	2.016	2.862	3.34	3.623	NA	12.912	13.725	14.925	17.3	19.8	NA
2025-11-29 03:00:00	-91.2725	32.751	0	6.485	8.475	53.373	102.328	0.591	0	1.143	137.6	0	0	2.888	0.515	0	0.362	0.373	0.365	0.204	0.124	-16.55	-135.475	-130.675	2.014	2.861	3.339	3.628	NA	12.5	13.55	14.95	17.287	19.8	NA
2025-11-29 04:00:00	-91.2725	32.751	0	5.495	8.525	51.044	102.295	0.568	0	1.34	142.725	0	0	3.145	0.542	0	0.362	0.373	0.365	0.204	0.124	-16.5	-134.925	-130.6	2.013	2.858	3.337	3.631	NA	12.15	13.325	14.938	17.213	19.7	NA
2025-11-29 05:00:00	-91.2725	32.751	0	5.098	8.1	51.084	102.24	0.552	0	1.508	148.625	0	0	3.505	0.528	0	0.362	0.373	0.365	0.204	0.124	-16.5	-134.65	-130.525	2.01	2.857	3.335	3.629	NA	11.825	13.1	14.9	17.2	19.7	NA
2025-11-29 06:00:00	-91.2725	32.751	0	5.047	7.575	53.167	102.202	0.554	0	1.367	138.425	0	0	3.055	0.488	0	0.361	0.372	0.365	0.204	0.124	-16.5	-134.575	-130.3	2.006	2.861	3.33	3.632	NA	11.463	12.9	14.875	17.2	19.7	NA
2025-11-29 07:00:00	-91.2725	32.751	0	5.595	7.425	54.437	102.13	0.561	0	1.433	136.225	0	0	3.792	0.47	0	0.361	0.372	0.365	0.204	0.124	-16.5	-134.575	-130.25	2.007	2.867	3.331	3.631	NA	11.162	12.675	14.838	17.163	19.7	NA
2025-11-29 08:00:00	-91.2725	32.751	0	5.392	7.35	53.936	102.082	0.554	0	0.988	127.35	0	0	2.718	0.47	0	0.361	0.372	0.365	0.204	0.124	-16.5	-134.6	-130.15	2.007	2.872	3.328	3.633	NA	10.912	12.45	14.762	17.1	19.7	NA
2025-11-29 09:00:00	-91.2725	32.751	0	5.395	6.525	57.802	102.1	0.56	0	0.927	255.025	0	0	2.107	0.408	0	0.361	0.371	0.365	0.204	0.124	-16.5	-134.575	-130.175	2.007	2.861	3.325	3.626	NA	10.725	12.25	14.675	17.1	19.65	NA
2025-11-29 10:00:00	-91.2725	32.751	0	5.888	6.125	62.313	102.14	0.588	0	0.815	163.85	0	0	1.317	0.358	0	0.36	0.371	0.365	0.204	0.124	-16.425	-134.5	-130.1	2.006	2.86	3.32	3.628	NA	10.55	12.1	14.588	17.1	19.6	NA
2025-11-29 11:00:00	-91.2725	32.751	0	6.343	6	66.262	102.227	0.619	0	0.988	102.5	0	0	1.592	0.312	0	0.36	0.371	0.365	0.204	0.124	-16.4	-134.5	-129.925	2.008	2.864	3.328	3.624	NA	10.462	11.975	14.5	17.037	19.6	NA
2025-11-29 12:00:00	-91.2725	32.751	0	6.582	6	66.809	102.252	0.625	0	0.907	102.575	0	0	1.532	0.308	0	0.36	0.371	0.365	0.204	0.124	-16.4	-134.525	-129.85	2.008	2.861	3.32	3.625	NA	10.412	11.85	14.412	17	19.6	NA
2025-11-29 13:00:00	-91.2725	32.751	0	6.898	6.525	67.424	102.248	0.654	0.175	0.94	50.4	0	0	2.34	0.312	0	0.36	0.371	0.364	0.204	0.124	-16.35	-134.525	-129.8	2.009	2.868	3.324	3.625	NA	10.4	11.8	14.338	17	19.6	NA
2025-11-29 14:00:00	-91.2725	32.751	0.178	6.505	5.375	73.779	102.15	0.66	33.525	1.388	118.55	0	0	3.44	0.235	0	0.361	0.37	0.364	0.204	0.124	-16.3	-134.45	-129.7	2.006	2.878	3.324	3.623	NA	10.4	11.7	14.25	16.975	19.575	0.36
2025-11-29 15:00:00	-91.2725	32.751	0.013	7.225	6.075	73.77	102.073	0.693	99.825	3.018	149.925	0	0	6.64	0.25	0	0.36	0.37	0.364	0.204	0.124	-16.25	-134.25	-129.6	2.006	2.887	3.32	3.625	NA	10.4	11.675	14.162	16.9	19.5	0.36
2025-11-29 16:00:00	-91.2725	32.751	0.03	7.398	6.8	71.407	102	0.706	56.025	2.447	152.225	0	0	5.045	0.283	0	0.36	0.37	0.364	0.204	0.124	-16.15	-133.975	-129.5	2.01	2.916	3.322	3.625	NA	10.425	11.6	14.1	16.9	19.5	0.362
2025-11-29 17:00:00	-91.2725	32.751	0.183	9.03	6.9	80.92	101.922	0.805	122.125	1.712	135.825	0	0	3.742	0.19	0.291	0.36	0.37	0.364	0.204	0.124	-16.075	-133.8	-129.5	2.013	2.892	3.34	3.624	NA	10.5	11.6	14.038	16.875	19.5	0.361
2025-11-29 18:00:00	-91.2725	32.751	0.038	9.365	7.425	87.078	101.732	0.899	124.075	3.155	143.375	0	0	5.57	0.132	0.104	0.36	0.371	0.364	0.204	0.124	-16	-133.375	-129.275	2.022	2.89	3.33	3.626	NA	10.65	11.6	13.95	16.8	19.5	0.363
2025-11-29 19:00:00	-91.2725	32.751	0.009	10.977	9.2	85.854	101.612	0.999	183.525	3.762	163.8	0	0	7.185	0.162	0	0.36	0.371	0.364	0.204	0.124	-15.85	-133.325	-129.175	2.026	2.894	3.332	3.626	NA	10.887	11.675	13.925	16.8	19.5	0.359
2025-11-29 20:00:00	-91.2725	32.751	0	11.51	10.825	81.495	101.537	1.057	126.075	4.358	166.625	0	0	8.363	0.24	0	0.36	0.37	0.364	0.204	0.124	-15.7	-133.225	-129.15	2.033	2.899	3.327	3.628	NA	11.15	11.75	13.85	16.738	19.45	0.354
2025-11-29 21:00:00	-91.2725	32.751	0	11.445	11.775	78.517	101.505	1.085	57.85	4.33	159.375	0	0	7.803	0.295	0	0.36	0.37	0.364	0.204	0.124	-15.55	-133.1	-129.075	2.036	2.902	3.328	3.628	NA	11.5	11.9	13.825	16.7	19.4	0.34
2025-11-29 22:00:00	-91.2725	32.751	0	11.495	12.375	77.419	101.508	1.113	26.5	4.32	162.125	0	0	7.923	0.328	0	0.36	0.371	0.364	0.204	0.124	-15.4	-132.95	-129.175	2.035	2.904	3.335	3.628	NA	11.725	12.025	13.8	16.688	19.4	0.336
2025-11-29 23:00:00	-91.2725	32.751	0	11.27	12.45	78.718	101.498	1.137	0	4.237	170.75	0	0	7.373	0.305	0	0.361	0.371	0.364	0.204	0.124	-15.25	-132.775	-128.95	2.035	2.901	3.337	3.63	NA	11.85	12.15	13.8	16.613	19.4	NA
2025-11-30 00:00:00	-91.2725	32.751	0	11.51	12.625	81.153	101.507	1.186	0	4.305	177.55	0	0	7.64	0.27	0	0.361	0.371	0.364	0.204	0.124	-15.125	-132.45	-128.9	2.034	2.905	3.336	3.623	NA	11.925	12.25	13.825	16.6	19.4	NA
2025-11-30 01:00:00	-91.2725	32.751	0	11.83	12.825	82.407	101.523	1.22	0	3.555	175.525	0	0	6.768	0.258	0	0.361	0.371	0.364	0.204	0.124	-14.95	-132.025	-128.9	2.036	2.902	3.335	3.621	NA	11.988	12.325	13.85	16.562	19.375	NA
2025-11-30 02:00:00	-91.2725	32.751	0	12.26	13.4	82.689	101.553	1.271	0	3.362	199.325	0	0	6.96	0.262	0	0.361	0.372	0.364	0.204	0.124	-14.825	-131.475	-128.8	2.038	2.9	3.333	3.624	NA	12.075	12.4	13.85	16.5	19.3	NA
2025-11-30 03:00:00	-91.2725	32.751	0	12.215	12.975	86.334	101.628	1.291	0	1.54	95.4	0	0	3.195	0.202	0	0.361	0.372	0.364	0.204	0.124	-14.675	-131.125	-128.625	2.039	2.899	3.332	3.622	NA	12.188	12.5	13.85	16.5	19.3	NA
2025-11-30 04:00:00	-91.2725	32.751	0.277	11.907	12.125	91.884	101.735	1.299	0	1.07	29.7	0	0	2.44	0.112	0.118	0.361	0.372	0.364	0.204	0.124	-14.55	-130.825	-128.575	2.038	2.91	3.338	3.614	NA	12.3	12.55	13.9	16.45	19.3	NA
2025-11-30 05:00:00	-91.2725	32.751	0.323	11.387	10.925	95.33	101.782	1.245	0	1.115	46	0	0	3.665	0.06	0.054	0.363	0.373	0.364	0.204	0.124	-14.15	-130.65	-128.525	2.08	2.929	3.341	3.615	NA	12.412	12.625	13.9	16.4	19.3	NA
2025-11-30 06:00:00	-91.2725	32.751	1.258	11.402	10.925	96.12	101.795	1.256	0	0.625	83.05	0	0	1.972	0.048	0.028	0.374	0.384	0.372	0.205	0.124	-8.075	-116.4	-128.15	2.213	3.144	3.527	3.634	NA	12.375	12.525	13.712	16.4	19.3	NA
2025-11-30 07:00:00	-91.2725	32.751	0.996	11.348	10.8	97.888	101.77	1.268	0	0.96	114.2	0	0	2.308	0.025	0.009	0.378	0.388	0.394	0.392	0.124	-5.725	-74.3	-83.2	2.189	3.154	3.502	3.161	NA	12.175	12.225	12.925	15.287	19.2	NA
2025-11-30 08:00:00	-91.2725	32.751	0.996	11.435	10.875	98.456	101.82	1.282	0	0.657	182.725	0	0	1.768	0.018	0.008	0.378	0.392	0.404	0.444	0.124	-3.125	-60.425	-10.525	2.213	3.116	3.38	2.646	NA	12.15	12.3	12.925	14.9	19.2	NA
2025-11-30 09:00:00	-91.2725	32.751	0.957	11.188	10.675	98.796	101.855	1.269	0	1.625	95.575	0	0	4.54	0.015	0.007	0.38	0.393	0.413	0.445	0.125	-1.4	-49.05	-0.1	2.209	3.099	3.292	2.515	NA	12.175	12.4	13.088	14.9	19.175	NA
2025-11-30 10:00:00	-91.2725	32.751	0.481	10.455	9.425	99.822	101.925	1.18	0	2.14	20.725	0	0	5.56	0	0.004	0.38	0.393	0.413	0.445	0.125	-0.9	-40.025	-0.1	2.2	3.077	3.287	2.482	NA	12.2	12.4	13.2	15.025	19.1	NA
2025-11-30 11:00:00	-91.2725	32.751	0.115	9.765	8.35	99.409	102.015	1.092	0	1.83	21.05	0	0	4.577	0.005	0.002	0.38	0.393	0.413	0.445	0.126	-0.8	-33.175	-0.1	2.195	3.075	3.276	2.462	NA	12.125	12.5	13.287	15.137	19.025	NA
2025-11-30 12:00:00	-91.2725	32.751	0.132	8.933	7.175	98.662	102.073	1.001	0	1.582	21.675	0	0	4.1	0.013	0.004	0.38	0.394	0.413	0.444	0.126	-0.65	-28.125	-0.1	2.194	3.078	3.274	2.451	NA	12.037	12.45	13.35	15.225	19	NA
2025-11-30 13:00:00	-91.2725	32.751	0.004	7.89	5.7	97.746	102.133	0.895	0	2.507	10.775	0	0	5.463	0.02	0	0.38	0.394	0.414	0.444	0.13	-0.525	-24.325	-0.1	2.192	3.078	3.276	2.445	NA	11.887	12.4	13.35	15.275	19	NA
2025-11-30 14:00:00	-91.2725	32.751	0	7.628	4.9	96.716	102.273	0.838	27.95	1.515	23.525	0	0	4.045	0.03	0	0.38	0.394	0.414	0.444	0.138	-0.425	-21.25	-0.1	2.195	3.071	3.277	2.442	NA	11.662	12.325	13.35	15.312	18.925	0.382
2025-11-30 15:00:00	-91.2725	32.751	0	7.305	3.65	91.911	102.352	0.73	70.525	1.597	14.7	0	0	4.717	0.065	0	0.379	0.394	0.414	0.444	0.153	-0.35	-18.5	-0.1	2.206	3.072	3.278	2.438	2.114	11.45	12.175	13.375	15.388	18.9	0.362
2025-11-30 16:00:00	-91.2725	32.751	0	7.71	3.475	89.002	102.355	0.698	111.675	1.607	7.225	0	0	4.388	0.088	0	0.379	0.392	0.414	0.444	0.173	-0.3	-16.15	-0.1	2.189	3.086	3.272	2.436	2.043	11.287	12.075	13.4	15.412	18.9	0.372
2025-11-30 17:00:00	-91.2725	32.751	0	9.283	3.95	88.547	102.338	0.718	229.05	1.655	4	0	0	4.34	0.095	0	0.38	0.39	0.414	0.444	0.187	-0.3	-14.25	-0.1	2.173	3.099	3.268	2.435	2.016	11.2	12	13.4	15.475	18.9	0.362
2025-11-30 18:00:00	-91.2725	32.751	0	10.582	4.85	86.226	102.273	0.744	269.775	2.035	7.85	0	0	4.848	0.115	0	0.378	0.39	0.415	0.444	0.194	-0.3	-12.85	-0.1	2.177	3.085	3.268	2.435	2.022	11.3	12	13.4	15.5	18.875	0.356
2025-11-30 19:00:00	-91.2725	32.751	0	10.97	5.725	82.023	102.235	0.752	297.65	2.458	6.275	0	0	4.64	0.168	0	0.377	0.386	0.413	0.444	0.198	-0.3	-11.475	-0.1	2.182	3.059	3.275	2.438	2.024	11.6	12.025	13.4	15.575	18.8	0.352
2025-11-30 20:00:00	-91.2725	32.751	0	10.205	6.025	77.791	102.208	0.729	230.675	2.312	6.7	0	0	4.633	0.205	0	0.376	0.386	0.403	0.443	0.201	-0.3	-10.075	-0.1	2.18	3.05	3.344	2.442	2.036	11.9	12.15	13.488	15.6	18.8	0.353
2025-11-30 21:00:00	-91.2725	32.751	0	9.287	6	74.642	102.2	0.698	153.575	1.8	5.975	0	0	3.872	0.235	0	0.375	0.386	0.4	0.442	0.202	-0.3	-8.55	-0.1	2.174	3.039	3.344	2.447	2.043	12.125	12.3	13.588	15.662	18.8	0.352
2025-11-30 22:00:00	-91.2725	32.751	0	7.642	5.7	73.476	102.2	0.673	54.275	1.49	120.533	0	0	3.905	0.24	0	0.375	0.386	0.399	0.442	0.203	-0.3	-7.85	-0.1	2.164	3.028	3.344	2.447	2.051	12.175	12.425	13.6	15.7	18.8	0.365
2025-11-30 23:00:00	-91.2725	32.751	0	6.388	5.225	74.12	102.252	0.657	0	1.07	90.325	0	0	2.975	0.228	0	0.374	0.386	0.399	0.438	0.203	-0.3	-7.5	-0.1	2.148	3.019	3.342	2.385	2.058	12.075	12.5	13.688	15.725	18.8	NA
2025-12-01 00:00:00	-91.2725	32.751	0	5.662	4.825	76.102	102.302	0.656	0	1.158	356.9	0	0	3.067	0.205	0	0.374	0.386	0.399	0.382	0.204	-0.3	-7.125	-0.1	2.135	3.012	3.344	2.808	2.061	11.775	12.45	13.7	15.762	18.75	NA
2025-12-01 01:00:00	-91.2725	32.751	0	4.942	4.225	78.675	102.298	0.65	0	1.047	348.775	0	0	2.473	0.18	0	0.374	0.386	0.398	0.352	0.204	-0.25	-6.625	-0.1	2.125	3.008	3.341	3.017	2.066	11.4	12.35	13.712	15.8	18.7	NA
2025-12-01 02:00:00	-91.2725	32.751	0	4.598	4.025	79.08	102.332	0.644	0	0.902	179.35	0	0	2.668	0.168	0	0.373	0.386	0.398	0.335	0.204	-0.2	-6.125	-0.1	2.122	3.005	3.34	3.126	2.068	11.05	12.15	13.712	15.8	18.7	NA
2025-12-01 03:00:00	-91.2725	32.751	0	4.43	3.85	79.127	102.365	0.637	0	0.98	5.125	0	0	2.998	0.173	0	0.372	0.385	0.398	0.323	0.204	-0.2	-5.65	-0.1	2.118	2.994	3.338	3.199	2.073	10.688	11.975	13.712	15.8	18.7	NA
2025-12-01 04:00:00	-91.2725	32.751	0	4.395	3.625	79.699	102.37	0.631	0	0.968	178.175	0	0	2.67	0.16	0	0.372	0.385	0.398	0.316	0.204	-0.2	-5.375	-0.1	2.114	2.997	3.33	3.247	2.076	10.362	11.75	13.7	15.8	18.7	NA
2025-12-01 05:00:00	-91.2725	32.751	0	4.142	3.375	80.734	102.35	0.628	0	1.002	347.45	0	0	2.86	0.15	0	0.372	0.385	0.398	0.312	0.204	-0.2	-5.125	-0.1	2.111	2.994	3.328	3.282	2.075	10.075	11.55	13.65	15.8	18.7	NA
2025-12-01 06:00:00	-91.2725	32.751	0	3.993	3.175	80.812	102.32	0.62	0	0.77	248.625	0	0	2.625	0.145	0	0.372	0.385	0.397	0.309	0.204	-0.2	-4.8	-0.1	2.111	2.991	3.326	3.3	2.076	9.838	11.35	13.613	15.8	18.7	NA
2025-12-01 07:00:00	-91.2725	32.751	0	3.962	2.925	82.224	102.265	0.62	0	0.67	326.95	0	0	2.178	0.132	0	0.372	0.384	0.397	0.306	0.204	-0.2	-4.425	-0.1	2.108	2.991	3.327	3.322	2.081	9.613	11.15	13.525	15.8	18.675	NA
2025-12-01 08:00:00	-91.2725	32.751	0	3.913	2.825	83.113	102.197	0.622	0	0.807	330.375	0	0	2.257	0.125	0	0.371	0.384	0.397	0.304	0.203	-0.2	-4.05	-0.1	2.107	2.994	3.324	3.345	2.084	9.4	11	13.475	15.8	18.6	NA
2025-12-01 09:00:00	-91.2725	32.751	0	4.35	2.825	84.512	102.132	0.633	0	0.68	337.6	0	0	2.513	0.115	0	0.371	0.384	0.397	0.302	0.203	-0.2	-3.85	-0.1	2.106	2.992	3.324	3.362	2.086	9.238	10.825	13.388	15.8	18.6	NA
2025-12-01 10:00:00	-91.2725	32.751	0	4.688	3	83.73	102.048	0.635	0	0.78	342.9	0	0	2.428	0.122	0	0.371	0.384	0.397	0.3	0.203	-0.2	-3.65	-0.1	2.107	2.993	3.324	3.375	2.085	9.113	10.675	13.312	15.8	18.6	NA
2025-12-01 11:00:00	-91.2725	32.751	0	4.513	2.875	82.616	102.062	0.621	0	0.893	343.675	0	0	2.697	0.13	0	0.371	0.384	0.396	0.299	0.202	-0.2	-3.475	-0.1	2.108	2.991	3.32	3.385	2.089	9.038	10.55	13.225	15.762	18.6	NA
2025-12-01 12:00:00	-91.2725	32.751	0	4.543	2.725	82.694	102.037	0.615	0	0.81	343.225	0	0	2.725	0.13	0	0.371	0.383	0.396	0.298	0.202	-0.2	-3.3	-0.1	2.106	2.988	3.322	3.397	2.091	8.95	10.425	13.137	15.7	18.6	NA
2025-12-01 13:00:00	-91.2725	32.751	0	5.148	2.925	82.091	102.02	0.619	3.2	0.833	185.425	0	0	2.41	0.135	0	0.37	0.383	0.396	0.296	0.202	-0.2	-3.15	-0.1	2.108	2.994	3.321	3.401	2.092	8.875	10.325	13.038	15.7	18.6	NA
2025-12-01 14:00:00	-91.2725	32.751	0	5.768	3.15	81.866	101.985	0.627	29.525	0.94	22.425	0	0	3.12	0.14	0	0.37	0.383	0.396	0.295	0.202	-0.2	-3.1	-0.1	2.107	2.993	3.322	3.413	2.091	8.85	10.25	12.975	15.7	18.6	0.341
2025-12-01 15:00:00	-91.2725	32.751	0	6.64	3.4	82.579	101.917	0.644	74.225	0.96	34.4	0	0	2.855	0.14	0	0.37	0.383	0.396	0.294	0.201	-0.2	-2.975	-0.1	2.11	2.993	3.324	3.423	2.094	8.875	10.2	12.9	15.7	18.575	0.344
2025-12-01 16:00:00	-91.2725	32.751	0	7.04	3.75	82.531	101.86	0.659	72.7	0.893	100.975	0	0	2.852	0.14	0	0.37	0.383	0.396	0.293	0.201	-0.2	-2.9	-0.1	2.115	2.995	3.328	3.436	2.096	8.988	10.2	12.812	15.637	18.5	0.335
2025-12-01 17:00:00	-91.2725	32.751	0	7.707	4.125	83.211	101.708	0.683	91.65	0.84	105.9	0	0	2.74	0.14	0	0.37	0.383	0.395	0.292	0.201	-0.2	-2.825	-0.1	2.117	2.997	3.331	3.445	2.098	9.15	10.2	12.75	15.6	18.5	0.333
2025-12-01 18:00:00	-91.2725	32.751	0	7.8	4.525	82.571	101.588	0.697	70.325	0.917	143.933	0	0	2.14	0.145	0	0.37	0.383	0.395	0.291	0.201	-0.2	-2.7	-0.1	2.117	3.005	3.336	3.448	2.099	9.312	10.2	12.7	15.6	18.5	0.334
2025-12-01 19:00:00	-91.2725	32.751	0	7.792	4.725	83.879	101.482	0.718	68.7	0.825	128.7	0	0	2.218	0.135	0	0.37	0.383	0.395	0.29	0.2	-0.2	-2.7	-0.1	2.109	3.01	3.342	3.45	2.103	9.512	10.3	12.637	15.575	18.5	0.337
2025-12-01 20:00:00	-91.2725	32.751	0.085	7.105	4.4	88.421	101.445	0.74	31.1	1.087	266.725	0	0	2.35	0.098	0.003	0.37	0.383	0.395	0.29	0.2	-0.2	-2.7	-0.1	2.115	3.012	3.339	3.461	2.103	9.65	10.375	12.6	15.5	18.5	0.359
2025-12-01 21:00:00	-91.2725	32.751	0	6.82	4.4	90.143	101.275	0.754	13.875	0.875	197.575	0	0	2.398	0.08	0	0.371	0.383	0.395	0.289	0.2	-0.2	-2.7	-0.1	2.128	3.018	3.346	3.463	2.106	9.75	10.425	12.55	15.5	18.5	0.358
2025-12-01 22:00:00	-91.2725	32.751	0	6.692	4.6	91.305	101.29	0.774	1	0.975	353.25	0	0	2.1	0.075	0	0.372	0.383	0.395	0.288	0.2	-0.2	-2.6	-0.1	2.129	3.016	3.346	3.468	2.105	9.75	10.5	12.55	15.475	18.5	NA
2025-12-01 23:00:00	-91.2725	32.751	0	6.365	4.325	92.573	101.27	0.77	0	0.988	6.533	0	0	2.438	0.06	0	0.372	0.384	0.395	0.288	0.2	-0.2	-2.6	-0.1	2.132	3.014	3.345	3.474	2.106	9.713	10.5	12.55	15.4	18.425	NA
2025-12-02 00:00:00	-91.2725	32.751	0	6.338	4.275	93.32	101.255	0.774	0	0.988	182.075	0	0	2.208	0.055	0	0.372	0.384	0.395	0.287	0.199	-0.2	-2.575	-0.1	2.133	3.014	3.347	3.478	2.109	9.65	10.5	12.55	15.4	18.4	NA
2025-12-02 01:00:00	-91.2725	32.751	0.009	6.037	4.05	94.776	101.298	0.774	0	1.45	91.975	0	0	2.575	0.04	0	0.372	0.384	0.395	0.287	0.199	-0.2	-2.525	-0.1	2.132	3.016	3.343	3.476	2.11	9.575	10.5	12.512	15.375	18.4	NA
2025-12-02 02:00:00	-91.2725	32.751	0.03	5.49	3.25	96.795	101.358	0.747	0	1.78	260.475	0	0	3.25	0.025	0	0.372	0.384	0.395	0.286	0.199	-0.2	-2.5	-0.1	2.131	3.015	3.34	3.467	2.11	9.5	10.4	12.5	15.3	18.4	NA
2025-12-02 03:00:00	-91.2725	32.751	0.123	5.138	2.575	96.333	101.31	0.708	0	1.418	185.725	0	0	2.88	0.025	0.01	0.372	0.384	0.394	0.286	0.199	-0.2	-2.475	-0.1	2.139	3.013	3.345	3.469	2.106	9.4	10.4	12.488	15.3	18.4	NA
2025-12-02 04:00:00	-91.2725	32.751	0.149	4.852	2.25	96.746	101.375	0.695	0	1.48	236	0	0	2.76	0.022	0.004	0.374	0.385	0.394	0.285	0.199	-0.2	-2.4	-0.1	2.173	3.036	3.343	3.463	2.108	9.25	10.325	12.45	15.3	18.4	NA
2025-12-02 05:00:00	-91.2725	32.751	0	4.682	1.925	96.6	101.365	0.678	0	1.252	349.025	0	0	2.45	0.022	0	0.377	0.387	0.396	0.285	0.199	-0.2	-2.4	-0.1	2.188	3.088	3.361	3.464	2.114	9.062	10.2	12.438	15.225	18.375	NA
2025-12-02 06:00:00	-91.2725	32.751	0.021	4.615	1.9	96.666	101.367	0.677	0	1.27	343.275	0	0	2.515	0.02	0	0.377	0.387	0.399	0.284	0.198	-0.2	-1.875	-0.1	2.185	3.092	3.364	3.465	2.113	8.925	10.1	12.363	15.2	18.3	NA
2025-12-02 07:00:00	-91.2725	32.751	0	4.383	1.9	96.987	101.39	0.679	0	1.718	338.725	0	0	3.188	0.02	0	0.377	0.386	0.4	0.284	0.198	-0.2	-1.2	-0.1	2.184	3.096	3.351	3.464	2.116	8.788	10	12.325	15.2	18.3	NA
2025-12-02 08:00:00	-91.2725	32.751	0.004	4.148	1.725	96.477	101.412	0.667	0	1.62	177.1	0	0	2.925	0.022	0	0.377	0.386	0.4	0.285	0.198	-0.2	-0.9	-0.1	2.183	3.094	3.352	3.461	2.117	8.662	9.925	12.262	15.2	18.3	NA
2025-12-02 09:00:00	-91.2725	32.751	0.076	3.98	1.525	95.855	101.43	0.654	0	1.42	89.65	0	0	2.442	0.03	0.004	0.376	0.386	0.4	0.286	0.198	-0.2	-0.75	-0.1	2.18	3.086	3.348	3.458	2.115	8.562	9.825	12.25	15.1	18.3	NA
2025-12-02 10:00:00	-91.2725	32.751	0	3.975	1.6	95.706	101.452	0.656	0	1.442	350.3	0	0	2.725	0.028	0	0.376	0.386	0.4	0.287	0.198	-0.2	-0.625	-0.1	2.18	3.086	3.346	3.453	2.119	8.438	9.725	12.162	15.1	18.3	NA
2025-12-02 11:00:00	-91.2725	32.751	0	3.83	1.6	95.013	101.492	0.651	0	1.37	348.275	0	0	2.72	0.032	0	0.376	0.386	0.4	0.288	0.198	-0.2	-0.45	-0.1	2.178	3.081	3.344	3.441	2.12	8.325	9.625	12.15	15.1	18.275	NA
2025-12-02 12:00:00	-91.2725	32.751	0	3.565	1.475	94.73	101.56	0.644	0	1.488	179.5	0	0	2.578	0.038	0	0.376	0.385	0.4	0.29	0.198	-0.2	-0.4	-0.1	2.176	3.082	3.341	3.432	2.12	8.213	9.55	12.075	15.037	18.2	NA
2025-12-02 13:00:00	-91.2725	32.751	0	3.81	1.625	94.117	101.628	0.647	5.3	1.547	119.8	0	0	3.018	0.043	0	0.376	0.385	0.399	0.291	0.197	-0.2	-0.35	-0.1	2.178	3.08	3.336	3.418	2.121	8.113	9.45	12.038	15	18.2	NA
2025-12-02 14:00:00	-91.2725	32.751	0	4.515	1.8	93.482	101.678	0.65	55.8	1.473	268.175	0	0	3.478	0.045	0	0.376	0.385	0.399	0.291	0.197	-0.2	-0.3	-0.1	2.177	3.079	3.333	3.412	2.122	8.038	9.375	11.975	15	18.2	0.369
2025-12-02 15:00:00	-91.2725	32.751	0	5.392	2.125	91.788	101.74	0.653	99.05	1.655	235.567	0	0	3.718	0.057	0	0.376	0.385	0.399	0.292	0.197	-0.1	-0.3	-0.1	2.181	3.078	3.332	3.402	2.119	8	9.3	11.912	14.963	18.2	0.366
2025-12-02 16:00:00	-91.2725	32.751	0	7.23	2.5	91.921	101.78	0.672	206.35	1.532	267.1	0	0	3.59	0.058	0	0.376	0.385	0.399	0.292	0.197	-0.1	-0.3	-0.1	2.183	3.073	3.327	3.403	2.121	8.113	9.225	11.875	14.9	18.2	0.357
2025-12-02 17:00:00	-91.2725	32.751	0	8.68	3.425	88.719	101.762	0.693	242.725	1.692	348.675	0	0	3.12	0.085	0	0.376	0.384	0.399	0.291	0.197	-0.1	-0.3	-0.1	2.193	3.071	3.328	3.408	2.121	8.375	9.275	11.8	14.9	18.125	0.349
2025-12-02 18:00:00	-91.2725	32.751	0	8.705	3.925	85.106	101.698	0.689	199.85	1.663	262.775	0	0	3.947	0.122	0	0.376	0.385	0.399	0.291	0.197	-0.1	-0.3	-0.1	2.201	3.067	3.33	3.419	2.114	8.775	9.375	11.75	14.9	18.1	0.342
2025-12-02 19:00:00	-91.2725	32.751	0	7.942	3.725	83.086	101.66	0.663	143.35	1.738	354.275	0	0	3.335	0.132	0	0.376	0.385	0.399	0.291	0.197	-0.1	-0.3	-0.1	2.198	3.072	3.332	3.427	2.114	9.188	9.55	11.7	14.8	18.1	0.338
2025-12-02 20:00:00	-91.2725	32.751	0	7.127	3	83.926	101.645	0.636	108.55	1.805	354.675	0	0	3.355	0.122	0	0.376	0.385	0.399	0.29	0.197	-0.1	-0.3	-0.1	2.194	3.069	3.334	3.434	2.115	9.45	9.75	11.688	14.8	18.1	0.339
2025-12-02 21:00:00	-91.2725	32.751	0	6.438	2.75	83.184	101.652	0.619	67.4	1.495	348.775	0	0	2.765	0.122	0	0.376	0.385	0.398	0.29	0.197	-0.1	-0.3	-0.1	2.185	3.064	3.335	3.431	2.116	9.562	9.9	11.7	14.8	18.1	0.344
2025-12-02 22:00:00	-91.2725	32.751	0	5.34	2.325	82.931	101.672	0.599	17.325	1.252	347.433	0	0	2.982	0.122	0	0.375	0.385	0.398	0.29	0.196	-0.1	-0.3	-0.1	2.174	3.058	3.336	3.433	2.115	9.55	10	11.7	14.7	18.075	0.349
2025-12-02 23:00:00	-91.2725	32.751	0	4.697	2.05	82.289	101.7	0.583	0	1.16	348.275	0	0	2.32	0.128	0	0.375	0.385	0.398	0.29	0.196	-0.1	-0.3	-0.1	2.162	3.05	3.337	3.429	2.114	9.425	10	11.7	14.7	18	NA
2025-12-03 00:00:00	-91.2725	32.751	0	4.398	1.85	82.399	101.692	0.575	0	1.02	264.575	0	0	2.122	0.125	0	0.374	0.385	0.398	0.289	0.196	-0.1	-0.3	-0.1	2.153	3.043	3.336	3.432	2.117	9.225	10	11.75	14.7	18	NA
2025-12-03 01:00:00	-91.2725	32.751	0	4.2	1.9	81.893	101.69	0.574	0	0.838	179.85	0	0	2.135	0.128	0	0.374	0.385	0.398	0.289	0.196	-0.1	-0.3	-0.1	2.143	3.034	3.338	3.434	2.118	9	9.95	11.788	14.613	18	NA
2025-12-03 02:00:00	-91.2725	32.751	0	4.03	1.9	81.572	101.718	0.571	0	0.973	268.375	0	0	2.098	0.13	0	0.373	0.385	0.398	0.289	0.196	-0.1	-0.3	-0.1	2.139	3.022	3.337	3.43	2.119	8.8	9.825	11.8	14.6	18	NA
2025-12-03 03:00:00	-91.2725	32.751	0	3.968	1.95	81.599	101.682	0.574	0	0.887	347.175	0	0	2.06	0.128	0	0.373	0.385	0.397	0.288	0.196	-0.1	-0.3	-0.1	2.133	3.022	3.337	3.44	2.12	8.625	9.725	11.775	14.6	18	NA
2025-12-03 04:00:00	-91.2725	32.751	0	4.04	2.025	82.331	101.7	0.582	0	0.522	193.65	0	0	1.34	0.128	0	0.373	0.385	0.397	0.288	0.196	-0.1	-0.3	-0.1	2.131	3.019	3.335	3.439	2.121	8.45	9.625	11.7	14.562	17.9	NA
2025-12-03 05:00:00	-91.2725	32.751	0	3.94	1.925	82.638	101.722	0.58	0	0.527	19.15	0	0	1.482	0.12	0	0.372	0.385	0.397	0.288	0.196	-0.1	-0.3	-0.1	2.127	3.017	3.335	3.436	2.122	8.338	9.5	11.7	14.5	17.9	NA
2025-12-03 06:00:00	-91.2725	32.751	0	3.795	1.7	83.111	101.698	0.574	0	0.68	96.425	0	0	1.62	0.12	0	0.372	0.385	0.397	0.288	0.196	-0.1	-0.3	-0.1	2.126	3.016	3.332	3.441	2.123	8.2	9.4	11.675	14.5	17.9	NA
2025-12-03 07:00:00	-91.2725	32.751	0	3.553	1.525	84.602	101.67	0.577	0	0.655	68.4	0	0	1.908	0.105	0	0.372	0.384	0.397	0.287	0.196	-0.1	-0.3	-0.1	2.121	3.014	3.332	3.448	2.121	8.1	9.3	11.637	14.5	17.9	NA
2025-12-03 08:00:00	-91.2725	32.751	0	3.328	1.1	85.377	101.628	0.565	0	0.6	41.275	0	0	1.905	0.1	0	0.372	0.384	0.397	0.287	0.196	-0.1	-0.3	-0.1	2.12	3.013	3.334	3.454	2.124	7.987	9.2	11.575	14.488	17.9	NA
2025-12-03 09:00:00	-91.2725	32.751	0	3.165	1.025	86.64	101.622	0.57	0	0.665	132.325	0	0	2.107	0.088	0	0.371	0.384	0.396	0.287	0.195	-0.1	-0.3	-0.1	2.117	3.015	3.332	3.453	2.126	7.85	9.1	11.55	14.425	17.825	NA
2025-12-03 10:00:00	-91.2725	32.751	0	3.038	0.725	87.762	101.62	0.565	0	0.652	215.375	0	0	1.88	0.078	0	0.371	0.384	0.396	0.287	0.195	-0.1	-0.3	-0.1	2.113	3.013	3.331	3.452	2.124	7.713	9.025	11.475	14.4	17.8	NA
2025-12-03 11:00:00	-91.2725	32.751	0	2.913	0.55	88.094	101.71	0.56	0	0.532	97.775	0	0	1.673	0.075	0	0.371	0.384	0.396	0.286	0.195	-0.1	-0.3	-0.1	2.105	3.008	3.327	3.441	2.123	7.612	8.925	11.45	14.4	17.8	NA
2025-12-03 12:00:00	-91.2725	32.751	0	2.855	0.45	88.854	101.758	0.561	0	0.675	168.025	0	0	1.76	0.07	0	0.371	0.384	0.396	0.286	0.195	-0.1	-0.3	-0.1	2.1	3.011	3.328	3.434	2.121	7.487	8.825	11.375	14.387	17.8	NA
2025-12-03 13:00:00	-91.2725	32.751	0	3.002	0.5	89.834	101.795	0.569	11.45	0.672	128.025	0	0	1.928	0.062	0	0.371	0.384	0.396	0.286	0.195	-0.1	-0.3	-0.1	2.095	3.01	3.325	3.43	2.119	7.388	8.725	11.325	14.3	17.8	0.351
2025-12-03 14:00:00	-91.2725	32.751	0	3.795	0.45	91.109	101.805	0.575	70.625	0.875	124.275	0	0	2.352	0.055	0	0.37	0.383	0.396	0.286	0.195	-0.1	-0.3	-0.1	2.098	3.002	3.325	3.43	2.123	7.287	8.625	11.275	14.3	17.75	0.342
2025-12-03 15:00:00	-91.2725	32.751	0	5.453	0.875	92.838	101.883	0.604	151.15	0.998	158.375	0	0	2.77	0.048	0	0.37	0.383	0.396	0.286	0.195	-0.1	-0.3	-0.1	2.102	3.006	3.321	3.421	2.123	7.275	8.55	11.2	14.3	17.7	0.336
2025-12-03 16:00:00	-91.2725	32.751	0	7.487	1.425	93.622	101.898	0.634	258.45	1.372	199.95	0	0	2.99	0.043	0	0.37	0.383	0.395	0.285	0.195	-0.1	-0.3	-0.1	2.11	3.009	3.319	3.423	2.122	7.438	8.5	11.162	14.262	17.7	0.329
2025-12-03 17:00:00	-91.2725	32.751	0	8.933	2.225	93.169	101.855	0.668	298.775	1.155	235.6	0	0	2.7	0.05	0	0.37	0.383	0.395	0.285	0.195	-0.1	-0.3	-0.1	2.121	3.013	3.319	3.433	2.127	7.812	8.575	11.1	14.2	17.7	0.325
2025-12-03 18:00:00	-91.2725	32.751	0	10.488	3.65	90.57	101.775	0.719	364.95	1.25	223.675	0	0	2.795	0.078	0	0.37	0.383	0.395	0.285	0.195	-0.1	-0.3	-0.1	2.131	3.023	3.33	3.447	2.129	8.3	8.725	11.062	14.2	17.7	0.32
2025-12-03 19:00:00	-91.2725	32.751	0	11.57	4.975	88.634	101.715	0.772	351.5	1.495	297.9	0	0	3.122	0.098	0	0.371	0.384	0.395	0.285	0.194	-0.1	-0.3	-0.1	2.139	3.03	3.335	3.455	2.126	8.875	8.925	11	14.2	17.65	0.319
2025-12-03 20:00:00	-91.2725	32.751	0	11.215	6	84.081	101.705	0.786	264.875	1.585	339.85	0	0	3.107	0.148	0	0.371	0.384	0.395	0.284	0.194	-0.1	-0.3	-0.1	2.145	3.032	3.337	3.458	2.129	9.475	9.25	11.038	14.1	17.6	0.321
2025-12-03 21:00:00	-91.2725	32.751	0	10.227	6.625	82.475	101.692	0.805	202.125	1.14	343.825	0	0	2.79	0.168	0	0.371	0.384	0.395	0.284	0.194	-0.1	-0.3	-0.1	2.142	3.031	3.341	3.46	2.128	10	9.6	11.05	14.1	17.6	0.337
2025-12-03 22:00:00	-91.2725	32.751	0	7.362	6.675	77.647	101.682	0.761	61.975	0.845	179	0	0	1.812	0.22	0	0.371	0.385	0.395	0.284	0.194	-0.1	-0.3	-0.1	2.137	3.032	3.347	3.463	2.127	10.363	9.925	11.088	14.1	17.6	0.364
2025-12-03 23:00:00	-91.2725	32.751	0	5.968	5.375	81.639	101.67	0.731	0.725	0.402	314.525	0	0	1.09	0.165	0	0.371	0.385	0.395	0.284	0.194	-0.1	-0.3	-0.1	2.122	3.026	3.354	3.465	2.128	10.425	10.15	11.137	14.012	17.6	NA
2025-12-04 00:00:00	-91.2725	32.751	0	6.905	5.5	85.734	101.688	0.774	0	0.392	146.975	0	0	0.835	0.128	0	0.371	0.385	0.395	0.283	0.194	-0.1	-0.3	-0.1	2.108	3.019	3.357	3.463	2.128	10.225	10.25	11.213	14	17.6	NA
2025-12-04 01:00:00	-91.2725	32.751	0	7.34	6	85.257	101.715	0.797	0	0.585	78.325	0	0	1.735	0.135	0	0.371	0.385	0.395	0.283	0.194	-0.1	-0.3	-0.1	2.103	3.009	3.352	3.463	2.13	9.975	10.25	11.288	14	17.5	NA
2025-12-04 02:00:00	-91.2725	32.751	0	7.41	6.075	85.162	101.698	0.8	0	0.675	91.8	0	0	2.053	0.14	0	0.371	0.385	0.395	0.283	0.194	-0.1	-0.3	-0.1	2.098	3.005	3.352	3.465	2.129	9.838	10.2	11.35	14	17.5	NA
2025-12-04 03:00:00	-91.2725	32.751	0	7.65	6.425	84.657	101.685	0.815	0	0.74	40.825	0	0	1.62	0.15	0	0.37	0.385	0.395	0.282	0.194	-0.1	-0.3	-0.1	2.099	3.002	3.354	3.468	2.129	9.7	10.2	11.4	13.912	17.5	NA
2025-12-04 04:00:00	-91.2725	32.751	0	7.865	6.7	85.335	101.66	0.837	0	1.035	97.875	0	0	1.74	0.143	0	0.37	0.385	0.395	0.282	0.194	-0.1	-0.3	-0.1	2.098	3.003	3.355	3.471	2.131	9.625	10.125	11.4	13.9	17.5	NA
2025-12-04 05:00:00	-91.2725	32.751	0	6.795	6.425	85.561	101.603	0.824	0	1.052	173.55	0	0	2.37	0.138	0	0.37	0.385	0.395	0.282	0.194	-0.1	-0.3	-0.1	2.097	3	3.357	3.475	2.13	9.6	10.1	11.45	13.9	17.5	NA
2025-12-04 06:00:00	-91.2725	32.751	0	7.665	6.55	88.077	101.648	0.855	0	1.322	122.467	0	0	2.302	0.115	0	0.37	0.385	0.395	0.282	0.194	-0.1	-0.3	-0.1	2.094	2.997	3.351	3.466	2.128	9.537	10.1	11.45	13.9	17.4	NA
2025-12-04 07:00:00	-91.2725	32.751	0	7.445	6.425	87.775	101.745	0.845	0	1.367	173.675	0	0	2.745	0.117	0	0.37	0.385	0.395	0.282	0.194	-0.1	-0.3	-0.1	2.094	2.996	3.351	3.46	2.128	9.5	10.1	11.45	13.9	17.4	NA
2025-12-04 08:00:00	-91.2725	32.751	0	7.015	5.775	91.023	101.805	0.838	0	1.08	123.633	0	0	2.448	0.082	0	0.37	0.385	0.395	0.281	0.194	-0.1	-0.3	-0.1	2.095	3.005	3.348	3.457	2.124	9.488	10	11.45	13.9	17.4	NA
2025-12-04 09:00:00	-91.2725	32.751	0.026	6.685	5.125	93.414	101.787	0.822	0	0.742	96.4	0	0	2.202	0.055	0	0.37	0.385	0.395	0.281	0.194	-0.1	-0.3	-0.1	2.1	3.007	3.348	3.455	2.124	9.438	10	11.45	13.9	17.4	NA
2025-12-04 10:00:00	-91.2725	32.751	0.451	6.595	5	95.18	101.757	0.83	0	0.9	96.75	0	0	2.593	0.04	0.01	0.371	0.386	0.395	0.281	0.194	-0.1	-0.3	-0.1	2.131	3.028	3.35	3.457	2.128	9.375	10	11.462	13.887	17.4	NA
2025-12-04 11:00:00	-91.2725	32.751	0.149	6.492	4.75	96.593	101.812	0.828	0	0.945	37.6	0	0	2.335	0.03	0.003	0.378	0.388	0.399	0.281	0.194	-0.1	-0.275	-0.1	2.202	3.097	3.369	3.459	2.128	9.262	9.9	11.45	13.825	17.3	NA
2025-12-04 12:00:00	-91.2725	32.751	0.072	6.528	4.775	96.075	101.818	0.825	0	0.767	73.3	0	0	2.39	0.032	0.002	0.379	0.388	0.403	0.284	0.194	-0.1	-0.2	-0.1	2.2	3.102	3.361	3.45	2.127	9.113	9.725	11.35	13.8	17.3	NA
2025-12-04 13:00:00	-91.2725	32.751	0	6.742	5.05	96.046	101.808	0.841	13.625	0.828	57.525	0	0	2.752	0.035	0	0.379	0.388	0.403	0.319	0.193	-0.1	-0.2	-0.1	2.2	3.103	3.365	3.26	2.132	9.05	9.7	11.325	13.762	17.3	0.367
2025-12-04 14:00:00	-91.2725	32.751	0	7.475	5.4	96.153	101.83	0.863	43.325	0.807	48.475	0	0	3.277	0.035	0	0.379	0.388	0.403	0.321	0.193	-0.1	-0.2	-0.1	2.201	3.103	3.364	3.242	2.132	9.05	9.7	11.35	13.75	17.3	0.352
2025-12-04 15:00:00	-91.2725	32.751	0	8.985	5.85	97.246	101.842	0.9	133.55	0.905	31.825	0	0	2.987	0.025	0	0.379	0.388	0.402	0.32	0.193	-0.1	-0.2	-0.1	2.206	3.107	3.368	3.252	2.134	9.088	9.7	11.35	13.75	17.3	0.35
2025-12-04 16:00:00	-91.2725	32.751	0	10.713	6.525	96.359	101.848	0.934	210.975	1.26	12.625	0	0	4.415	0.038	0	0.379	0.388	0.402	0.319	0.193	-0.1	-0.2	-0.1	2.212	3.103	3.37	3.26	2.133	9.312	9.75	11.35	13.75	17.25	0.352
2025-12-04 17:00:00	-91.2725	32.751	0.004	10.412	6.6	94.031	101.768	0.917	151.575	1.272	13.925	0	0	3.348	0.057	0	0.379	0.388	0.402	0.318	0.193	-0.1	-0.2	-0.1	2.218	3.102	3.371	3.274	2.134	9.7	9.85	11.35	13.75	17.2	0.347
2025-12-04 18:00:00	-91.2725	32.751	0	9.795	6.525	92.401	101.638	0.896	103.925	1.46	8.5	0	0	3.868	0.073	0	0.38	0.388	0.402	0.315	0.193	-0.1	-0.2	-0.1	2.221	3.104	3.375	3.292	2.135	10.062	10.05	11.35	13.738	17.2	0.343
2025-12-04 19:00:00	-91.2725	32.751	0.701	8.328	5.9	92.976	101.615	0.863	43.125	1.625	6.675	0	0	3.985	0.065	0.004	0.38	0.389	0.402	0.318	0.193	-0.1	-0.2	-0.1	2.22	3.098	3.376	3.279	2.135	10.325	10.225	11.338	13.688	17.2	0.341
2025-12-04 20:00:00	-91.2725	32.751	0.46	7.435	4.9	96.104	101.622	0.833	32.575	1.622	12.325	0	0	4.182	0.035	0.003	0.38	0.39	0.404	0.4	0.22	-0.1	-0.2	-0.1	2.197	3.073	3.382	2.674	2.085	10.25	10.2	10.925	12.9	17.125	0.346
2025-12-04 21:00:00	-91.2725	32.751	0.166	6.995	4.575	96.602	101.57	0.818	12.3	1.242	20.675	0	0	3.565	0.03	0.002	0.38	0.39	0.404	0.343	0.291	-0.1	-0.2	-0.1	2.188	3.076	3.374	3.111	1.918	10	10.1	10.875	12.75	16.7	NA
2025-12-04 22:00:00	-91.2725	32.751	0.264	6.798	4.55	96.889	101.618	0.819	2.725	0.792	40.8	0	0	2.335	0.025	0.004	0.38	0.39	0.404	0.347	0.298	-0.1	-0.2	-0.1	2.188	3.076	3.364	3.078	1.895	9.738	9.95	10.9	12.775	16.7	NA
2025-12-04 23:00:00	-91.2725	32.751	0.153	6.415	4.325	97.768	101.695	0.814	0	1.365	14.575	0	0	3.325	0.018	0.003	0.38	0.39	0.404	0.348	0.316	-0.1	-0.2	-0.1	2.187	3.075	3.362	3.066	1.831	9.45	9.775	10.9	12.712	16.6	NA
2025-12-05 00:00:00	-91.2725	32.751	0.064	5.91	3.675	98.29	101.752	0.781	0	1.413	10.075	0	0	3.265	0.015	0	0.38	0.39	0.404	0.346	0.314	-0.1	-0.2	-0.1	2.185	3.072	3.364	3.063	1.831	9.225	9.625	10.9	12.762	16.6	NA
2025-12-05 01:00:00	-91.2725	32.751	0	5.555	3.325	98.233	101.76	0.762	0	1.42	8.35	0	0	3.562	0.013	0	0.38	0.39	0.404	0.34	0.292	-0.1	-0.2	-0.1	2.184	3.069	3.356	3.083	1.904	9.075	9.6	10.962	12.9	16.7	NA
2025-12-05 02:00:00	-91.2725	32.751	0	5.388	3.275	98.068	101.745	0.758	0	1.362	93.525	0	0	3.038	0.015	0	0.38	0.39	0.404	0.338	0.269	-0.1	-0.2	-0.1	2.18	3.062	3.351	3.09	1.976	8.912	9.6	11.05	13.037	16.75	NA
2025-12-05 03:00:00	-91.2725	32.751	0.013	5.247	3.125	98.657	101.775	0.754	0	1.335	4.325	0	0	3.602	0.01	0.002	0.38	0.39	0.404	0.336	0.259	-0.1	-0.2	-0.1	2.181	3.066	3.342	3.091	1.993	8.8	9.6	11.125	13.175	16.8	NA
2025-12-05 04:00:00	-91.2725	32.751	0.009	5.037	2.875	98.825	101.792	0.742	0	1.33	178.475	0	0	2.918	0.007	0	0.38	0.39	0.404	0.335	0.254	-0.1	-0.2	-0.1	2.179	3.064	3.337	3.092	1.997	8.675	9.525	11.15	13.25	16.8	NA
2025-12-05 05:00:00	-91.2725	32.751	0	4.78	2.45	98.702	101.773	0.719	0	1.255	177.85	0	0	2.843	0.01	0	0.38	0.39	0.404	0.334	0.251	-0.1	-0.2	-0.1	2.178	3.067	3.335	3.099	1.996	8.575	9.475	11.2	13.3	16.9	NA
2025-12-05 06:00:00	-91.2725	32.751	0	4.785	2.375	99.234	101.662	0.719	0	0.825	181.05	0	0	2.085	0.005	0	0.38	0.39	0.404	0.332	0.248	-0.1	-0.2	-0.1	2.179	3.058	3.339	3.105	2.003	8.462	9.4	11.175	13.35	16.9	NA
2025-12-05 07:00:00	-91.2725	32.751	0	4.812	2.475	98.631	101.66	0.72	0	1.005	345.55	0	0	2.132	0.01	0	0.38	0.389	0.403	0.331	0.246	-0.1	-0.2	-0.1	2.176	3.066	3.341	3.117	2.006	8.362	9.325	11.15	13.4	16.9	NA
2025-12-05 08:00:00	-91.2725	32.751	0	4.725	2.5	98.797	101.662	0.722	0	1.11	353.275	0	0	2.365	0.01	0	0.38	0.389	0.403	0.329	0.244	-0.1	-0.2	-0.1	2.178	3.066	3.338	3.129	2.007	8.288	9.275	11.15	13.4	16.9	NA
2025-12-05 09:00:00	-91.2725	32.751	0	4.7	2.425	98.985	101.668	0.72	0	1.105	349.875	0	0	2.152	0.007	0	0.38	0.389	0.403	0.327	0.242	-0.1	-0.2	-0.1	2.179	3.061	3.339	3.142	2.013	8.2	9.2	11.15	13.425	16.9	NA
2025-12-05 10:00:00	-91.2725	32.751	0	4.412	1.975	99.846	101.632	0.704	0	1.275	4.125	0	0	2.405	0	0	0.38	0.389	0.403	0.325	0.241	-0.1	-0.2	-0.1	2.18	3.071	3.341	3.16	2.018	8.125	9.125	11.125	13.462	16.9	NA
2025-12-05 11:00:00	-91.2725	32.751	0	4.235	1.65	99.612	101.628	0.685	0	1.245	4.5	0	0	2.135	0	0	0.38	0.389	0.402	0.322	0.24	-0.1	-0.2	-0.1	2.18	3.069	3.34	3.176	2.021	8.05	9.1	11.075	13.5	16.9	NA
2025-12-05 12:00:00	-91.2725	32.751	0	4.17	1.625	99.391	101.645	0.683	0	1.102	6.3	0	0	1.962	0.005	0	0.38	0.389	0.402	0.32	0.239	-0.1	-0.2	-0.1	2.18	3.069	3.342	3.194	2.022	7.975	9	11.05	13.5	16.9	NA
2025-12-05 13:00:00	-91.2725	32.751	0	4.32	1.725	99.657	101.678	0.69	3.725	0.968	90.05	0	0	1.77	0	0	0.38	0.389	0.402	0.317	0.238	-0.1	-0.2	-0.1	2.18	3.071	3.338	3.204	2.024	7.888	8.925	11	13.5	16.9	NA
2025-12-05 14:00:00	-91.2725	32.751	0	4.76	1.9	99.613	101.682	0.698	25.575	0.905	178.65	0	0	1.903	0.002	0	0.38	0.389	0.402	0.315	0.236	-0.1	-0.2	-0.1	2.182	3.067	3.339	3.22	2.027	7.8	8.875	11	13.5	16.8	0.37
2025-12-05 15:00:00	-91.2725	32.751	0	5.74	2.05	99.977	101.702	0.709	75.05	0.932	248.8	0	0	1.817	0	0	0.38	0.388	0.402	0.312	0.236	-0.1	-0.2	-0.1	2.186	3.068	3.341	3.236	2.03	7.8	8.8	10.912	13.5	16.8	0.357
2025-12-05 16:00:00	-91.2725	32.751	0	6.795	2.5	99.923	101.665	0.732	122.65	1.122	334.15	0	0	2.06	0	0	0.379	0.388	0.401	0.31	0.235	-0.1	-0.2	-0.1	2.195	3.07	3.344	3.256	2.034	7.887	8.8	10.9	13.5	16.8	0.35
2025-12-05 17:00:00	-91.2725	32.751	0	7.795	3.05	99.806	101.63	0.759	154.525	1.115	260.8	0	0	2.248	0	0	0.38	0.388	0.401	0.308	0.234	-0.1	-0.2	-0.1	2.203	3.073	3.346	3.275	2.037	8.062	8.8	10.875	13.462	16.8	0.346
2025-12-05 18:00:00	-91.2725	32.751	0	8.037	3.5	98.689	101.558	0.775	128.275	1.038	332.575	0	0	2.075	0.013	0	0.38	0.388	0.401	0.306	0.233	-0.1	-0.2	-0.1	2.209	3.081	3.348	3.297	2.042	8.363	8.875	10.8	13.425	16.8	0.346
2025-12-05 19:00:00	-91.2725	32.751	0	8.225	3.825	97.442	101.51	0.783	124.175	1.125	319.025	0	0	2.305	0.022	0	0.38	0.388	0.401	0.304	0.233	-0.1	-0.2	-0.1	2.212	3.084	3.349	3.312	2.047	8.662	9	10.8	13.4	16.8	0.348
2025-12-05 20:00:00	-91.2725	32.751	0	8.065	4.05	95.88	101.442	0.782	93.675	0.927	309.225	0	0	2.047	0.035	0	0.38	0.388	0.401	0.302	0.232	-0.1	-0.2	-0.1	2.21	3.089	3.351	3.325	2.046	8.938	9.15	10.8	13.4	16.8	0.352
2025-12-05 21:00:00	-91.2725	32.751	0	7.475	4.225	94.133	101.415	0.778	49.425	1.018	323.5	0	0	1.92	0.048	0	0.38	0.388	0.401	0.3	0.232	-0.1	-0.175	-0.1	2.209	3.086	3.352	3.337	2.049	9.112	9.3	10.8	13.4	16.8	0.344
2025-12-05 22:00:00	-91.2725	32.751	0	6.48	4.2	93.055	101.43	0.768	6.075	1.518	293.725	0	0	3.217	0.057	0	0.38	0.388	0.401	0.299	0.231	-0.1	-0.15	-0.1	2.205	3.086	3.349	3.342	2.051	9.2	9.425	10.825	13.4	16.8	NA
2025-12-05 23:00:00	-91.2725	32.751	0	6.142	4.1	93.193	101.4	0.763	0	0.887	330.625	0	0	1.658	0.055	0	0.38	0.389	0.401	0.298	0.231	-0.1	-0.125	-0.1	2.197	3.078	3.351	3.351	2.05	9.188	9.5	10.85	13.4	16.8	NA
2025-12-06 00:00:00	-91.2725	32.751	0	5.972	4	93.359	101.422	0.759	0	0.415	278.325	0	0	1.065	0.05	0	0.38	0.389	0.401	0.296	0.23	-0.1	-0.1	-0.1	2.192	3.066	3.348	3.355	2.048	9.062	9.5	10.85	13.35	16.8	NA
2025-12-06 01:00:00	-91.2725	32.751	0	5.798	3.975	93.647	101.42	0.76	0	0.408	131.7	0	0	1.022	0.05	0	0.38	0.388	0.401	0.296	0.23	-0.1	-0.1	-0.1	2.189	3.065	3.339	3.36	2.051	8.95	9.5	10.887	13.312	16.7	NA
2025-12-06 02:00:00	-91.2725	32.751	0	5.657	3.9	94.08	101.402	0.76	0	0.547	191.675	0	0	1.205	0.05	0	0.379	0.388	0.401	0.295	0.229	-0.1	-0.1	-0.1	2.187	3.063	3.337	3.364	2.05	8.825	9.475	10.9	13.3	16.7	NA
2025-12-06 03:00:00	-91.2725	32.751	0	5.63	3.95	93.873	101.36	0.761	0	0.442	284.3	0	0	0.902	0.05	0	0.379	0.388	0.401	0.294	0.229	-0.1	-0.1	-0.1	2.186	3.061	3.343	3.373	2.052	8.725	9.4	10.9	13.3	16.7	NA
2025-12-06 04:00:00	-91.2725	32.751	0	5.558	4.025	94.759	101.378	0.772	0	0.32	235.575	0	0	0.735	0.043	0	0.379	0.388	0.401	0.293	0.228	-0.1	-0.1	-0.1	2.183	3.055	3.335	3.375	2.052	8.638	9.375	10.9	13.3	16.7	NA
2025-12-06 05:00:00	-91.2725	32.751	0.004	5.713	4.175	95.222	101.398	0.784	0	0.483	226.2	0	0	1.057	0.038	0	0.379	0.388	0.401	0.292	0.228	-0.1	-0.1	-0.1	2.181	3.048	3.328	3.375	2.047	8.55	9.3	10.9	13.3	16.7	NA
2025-12-06 06:00:00	-91.2725	32.751	0	5.922	4.375	95.661	101.382	0.799	0	0.525	127.6	0	0	1.237	0.035	0	0.378	0.388	0.401	0.292	0.228	-0.1	-0.1	-0.1	2.18	3.045	3.329	3.381	2.05	8.462	9.225	10.887	13.3	16.7	NA
2025-12-06 07:00:00	-91.2725	32.751	0	5.905	4.475	96.123	101.398	0.808	0	0.762	351.3	0	0	1.597	0.032	0	0.378	0.388	0.4	0.291	0.227	-0.1	-0.1	-0.1	2.176	3.035	3.329	3.382	2.054	8.45	9.2	10.85	13.3	16.7	NA
2025-12-06 08:00:00	-91.2725	32.751	0	5.808	4.4	95.912	101.398	0.802	0	0.617	225.55	0	0	1.18	0.038	0	0.378	0.388	0.4	0.29	0.227	-0.1	-0.1	-0.1	2.182	3.035	3.325	3.385	2.053	8.425	9.175	10.85	13.288	16.7	NA
2025-12-06 09:00:00	-91.2725	32.751	0.004	5.808	4.35	96.579	101.4	0.805	0	0.723	344.55	0	0	1.275	0.03	0	0.378	0.388	0.4	0.29	0.227	-0.1	-0.1	-0.1	2.18	3.042	3.324	3.388	2.052	8.362	9.1	10.85	13.25	16.7	NA
2025-12-06 10:00:00	-91.2725	32.751	0.013	5.778	4.325	96.929	101.365	0.806	0	0.682	327.75	0	0	1.285	0.025	0	0.378	0.388	0.4	0.289	0.226	-0.1	-0.1	-0.1	2.185	3.042	3.326	3.394	2.055	8.35	9.1	10.85	13.225	16.6	NA
2025-12-06 11:00:00	-91.2725	32.751	0	5.775	4.3	97.159	101.345	0.807	0	0.442	277.75	0	0	0.968	0.02	0	0.378	0.388	0.4	0.288	0.226	-0.1	-0.1	-0.1	2.186	3.035	3.324	3.399	2.058	8.35	9.1	10.838	13.2	16.6	NA
2025-12-06 12:00:00	-91.2725	32.751	0	5.753	4.425	97.056	101.322	0.813	0	0.42	67.667	0	0	1.15	0.022	0	0.378	0.388	0.4	0.288	0.226	-0.1	-0.1	-0.1	2.187	3.038	3.324	3.404	2.058	8.312	9.025	10.8	13.2	16.6	NA
2025-12-06 13:00:00	-91.2725	32.751	0	5.918	4.575	97.665	101.375	0.827	12.375	0.435	78.725	0	0	1.075	0.018	0	0.378	0.388	0.4	0.287	0.226	-0.1	-0.1	-0.1	2.187	3.032	3.324	3.398	2.055	8.262	9	10.75	13.2	16.6	0.375
2025-12-06 14:00:00	-91.2725	32.751	0	7.138	4.9	99.281	101.44	0.861	104.075	0.537	73.775	0	0	1.4	0.005	0	0.378	0.388	0.4	0.287	0.226	-0.1	-0.1	-0.1	2.184	3.034	3.319	3.393	2.054	8.25	9	10.75	13.2	16.6	0.35
2025-12-06 15:00:00	-91.2725	32.751	0	7.428	5.525	98.486	101.442	0.891	131.85	0.902	140.6	0	0	2.16	0.013	0	0.378	0.388	0.4	0.287	0.225	-0.1	-0.1	-0.1	2.191	3.036	3.32	3.396	2.057	8.35	9	10.75	13.2	16.6	0.358
2025-12-06 16:00:00	-91.2725	32.751	0	11.602	7.375	98.392	101.49	1.012	410.625	1.405	134.25	0	0	3.53	0.018	0	0.378	0.388	0.4	0.286	0.225	-0.1	-0.1	-0.1	2.197	3.034	3.319	3.393	2.057	8.55	9	10.75	13.2	16.6	0.346
2025-12-06 17:00:00	-91.2725	32.751	0	14.05	8.825	89.265	101.405	1.012	514.1	1.345	120.1	0	0	3.737	0.122	0	0.378	0.388	0.4	0.286	0.224	-0.1	-0.1	-0.1	2.221	3.041	3.324	3.406	2.061	9	9.125	10.712	13.2	16.6	0.326
2025-12-06 18:00:00	-91.2725	32.751	0	15.635	10.225	80.108	101.238	0.998	547.8	1.54	142.9	0	0	3.202	0.248	0	0.379	0.388	0.4	0.285	0.224	-0.1	-0.1	-0.1	2.238	3.05	3.331	3.418	2.065	9.85	9.375	10.75	13.162	16.55	0.295
2025-12-06 19:00:00	-91.2725	32.751	0	16.1	11.05	75.088	101.15	0.989	503.875	1.67	188.15	0	0	4.045	0.328	0	0.379	0.389	0.4	0.285	0.224	-0.1	-0.1	-0.1	2.247	3.058	3.335	3.422	2.067	10.738	9.775	10.75	13.1	16.5	0.318
2025-12-06 20:00:00	-91.2725	32.751	0	15.217	11.575	75.013	101.118	1.023	366.05	2.095	210.325	0	0	4.025	0.338	0	0.379	0.389	0.4	0.285	0.224	-0.1	-0.1	-0.1	2.245	3.06	3.344	3.432	2.072	11.6	10.25	10.775	13.1	16.5	0.327
2025-12-06 21:00:00	-91.2725	32.751	0	13.498	11.875	73.024	101.058	1.016	220.8	1.98	186.85	0	0	3.785	0.375	0	0.38	0.39	0.4	0.284	0.223	-0.1	-0.1	-0.1	2.231	3.059	3.352	3.436	2.074	12.163	10.75	10.838	13.1	16.5	0.341
2025-12-06 22:00:00	-91.2725	32.751	0	10.78	11.875	71.025	101.015	0.988	75.925	1.837	178.675	0	0	3.365	0.402	0	0.38	0.39	0.4	0.284	0.223	-0.1	-0.1	-0.1	2.208	3.053	3.358	3.443	2.073	12.45	11.15	10.975	13.1	16.5	0.383
2025-12-06 23:00:00	-91.2725	32.751	0	7.617	10.025	75.436	101.048	0.927	1.225	0.452	85	0	0	1.06	0.302	0	0.379	0.391	0.4	0.283	0.223	-0.1	-0.1	-0.1	2.182	3.043	3.357	3.441	2.075	12.438	11.4	11.088	13.1	16.5	NA
2025-12-07 00:00:00	-91.2725	32.751	0	6.535	7.575	85.208	101.053	0.888	0	0.568	73.075	0	0	0.98	0.155	0	0.378	0.391	0.4	0.283	0.223	-0.1	-0.1	-0.1	2.156	3.029	3.36	3.438	2.074	12.113	11.5	11.225	13.1	16.5	NA
2025-12-07 01:00:00	-91.2725	32.751	0	6.003	6.65	89.804	101.05	0.878	0	0.643	94.2	0	0	0.995	0.098	0	0.378	0.391	0.4	0.283	0.223	-0.1	-0.1	-0.1	2.136	3.014	3.359	3.443	2.074	11.637	11.5	11.363	13.1	16.5	NA
2025-12-07 02:00:00	-91.2725	32.751	0	5.56	6.425	90.554	101.035	0.872	0	0.505	113.05	0	0	1.115	0.092	0	0.377	0.391	0.4	0.282	0.222	-0.1	-0.1	-0.1	2.125	3.007	3.357	3.443	2.076	11.175	11.35	11.462	13.1	16.475	NA
2025-12-07 03:00:00	-91.2725	32.751	0	6.053	7.775	88.418	100.995	0.934	0	1.817	142.1	0	0	3.55	0.122	0	0.376	0.391	0.4	0.282	0.222	-0.1	-0.1	-0.1	2.122	2.996	3.354	3.454	2.077	10.738	11.2	11.538	13.1	16.4	NA
2025-12-07 04:00:00	-91.2725	32.751	0	6.585	8.525	90.157	101.005	1.002	0	2.907	163.05	0	0	5.55	0.108	0	0.376	0.39	0.4	0.282	0.222	-0.1	-0.1	-0.1	2.119	2.989	3.349	3.454	2.076	10.35	11	11.562	13.1	16.4	NA
2025-12-07 05:00:00	-91.2725	32.751	0	7.765	8.125	94.685	101.07	1.024	0	3.035	175.175	0	0	6.22	0.06	0	0.375	0.39	0.4	0.282	0.222	-0.1	-0.1	-0.1	2.118	2.986	3.338	3.441	2.077	10.062	10.8	11.6	13.1	16.4	NA
2025-12-07 06:00:00	-91.2725	32.751	0	8.552	8.625	96.04	101.122	1.075	0	2.072	194.675	0	0	3.915	0.048	0	0.375	0.39	0.4	0.281	0.222	-0.1	-0.1	-0.1	2.123	2.981	3.331	3.426	2.07	9.925	10.625	11.6	13.1	16.4	NA
2025-12-07 07:00:00	-91.2725	32.751	0	8.84	8.975	95.583	101.108	1.095	0	1.628	190.925	0	0	3.117	0.05	0	0.375	0.39	0.4	0.281	0.222	-0.1	-0.1	-0.1	2.126	2.987	3.332	3.439	2.072	9.9	10.5	11.6	13.1	16.4	NA
2025-12-07 08:00:00	-91.2725	32.751	0	9.033	8.925	96.633	101.105	1.104	0	0.68	157.5	0	0	1.39	0.038	0	0.375	0.39	0.4	0.281	0.221	-0.1	-0.1	-0.1	2.13	2.991	3.331	3.439	2.073	9.963	10.45	11.575	13.1	16.4	NA
2025-12-07 09:00:00	-91.2725	32.751	0	9.125	8.975	97.938	101.1	1.122	0	1.385	157.1	0	0	2.78	0.02	0	0.375	0.39	0.4	0.28	0.221	-0.1	-0.1	-0.1	2.131	2.994	3.33	3.444	2.074	10.012	10.4	11.55	13.137	16.4	NA
2025-12-07 10:00:00	-91.2725	32.751	0	9.273	9.1	99.105	101.098	1.146	0	0.782	143.725	0	0	1.633	0.013	0	0.375	0.389	0.4	0.28	0.221	-0.1	-0.1	-0.1	2.133	2.994	3.327	3.442	2.075	10.088	10.4	11.55	13.175	16.4	NA
2025-12-07 11:00:00	-91.2725	32.751	0	9.188	9.1	99.3	101.08	1.148	0	0.843	117.825	0	0	1.735	0.01	0	0.375	0.39	0.4	0.28	0.221	-0.1	-0.1	-0.1	2.136	2.995	3.328	3.45	2.077	10.125	10.425	11.55	13.2	16.325	NA
2025-12-07 12:00:00	-91.2725	32.751	0	8.685	8.9	99.203	101.095	1.131	0	0.938	122.3	0	0	1.883	0.01	0	0.375	0.389	0.4	0.28	0.22	-0.1	-0.1	-0.1	2.138	2.994	3.329	3.447	2.08	10.188	10.5	11.55	13.2	16.3	NA
2025-12-07 13:00:00	-91.2725	32.751	0	9.535	9.1	99.68	101.115	1.153	11.65	1.357	130.05	0	0	2.513	0.005	0	0.375	0.39	0.4	0.28	0.22	-0.1	-0.1	-0.1	2.135	2.992	3.328	3.449	2.082	10.2	10.5	11.55	13.2	16.3	0.347
2025-12-07 14:00:00	-91.2725	32.751	0	10.837	9.725	99.854	101.15	1.204	69.85	1.557	132.275	0	0	2.95	0	0	0.375	0.39	0.4	0.279	0.22	-0.1	-0.1	-0.1	2.139	2.993	3.325	3.442	2.079	10.212	10.5	11.55	13.2	16.3	0.347
2025-12-07 15:00:00	-91.2725	32.751	0	11.992	10.425	99.947	101.248	1.264	96.25	1.052	119.475	0	0	2.447	0	0	0.375	0.39	0.4	0.279	0.22	-0.1	-0.1	-0.1	2.142	2.992	3.321	3.426	2.071	10.35	10.5	11.55	13.2	16.3	0.336
2025-12-07 16:00:00	-91.2725	32.751	0	13.295	11.35	99.682	101.257	1.34	146.3	1.438	113.5	0	0	3.263	0.002	0	0.375	0.39	0.4	0.279	0.22	-0.1	-0.1	-0.1	2.15	3	3.321	3.428	2.073	10.662	10.6	11.55	13.2	16.3	0.318
2025-12-07 17:00:00	-91.2725	32.751	0	14.275	12.325	97.018	101.218	1.39	156.65	1.195	121.575	0	0	2.828	0.042	0	0.376	0.39	0.4	0.279	0.22	-0.1	-0.1	-0.1	2.157	2.998	3.325	3.44	2.074	11.05	10.75	11.55	13.2	16.3	0.31
2025-12-07 18:00:00	-91.2725	32.751	0	14.358	13	93.96	101.152	1.407	109.7	0.677	57.55	0	0	1.71	0.09	0	0.376	0.39	0.4	0.278	0.22	-0.1	-0.1	-0.1	2.163	3.005	3.333	3.452	2.08	11.463	10.95	11.55	13.2	16.3	0.319
2025-12-07 19:00:00	-91.2725	32.751	0	15.453	13.35	94.296	101.088	1.445	164.975	0.978	36.7	0	0	2.205	0.085	0	0.376	0.39	0.4	0.278	0.22	-0.1	-0.1	-0.1	2.17	3.005	3.337	3.459	2.08	11.863	11.2	11.588	13.2	16.3	0.317
2025-12-07 20:00:00	-91.2725	32.751	0	15.295	14	90.677	101.065	1.45	107.65	0.897	36.95	0	0	1.968	0.145	0	0.376	0.391	0.4	0.278	0.22	-0.1	-0.1	-0.1	2.174	3.01	3.344	3.464	2.08	12.25	11.425	11.613	13.2	16.3	0.316
2025-12-07 21:00:00	-91.2725	32.751	0	14.065	14.15	87.649	101.082	1.415	28.2	0.812	36.15	0	0	2.082	0.2	0	0.377	0.391	0.4	0.278	0.219	-0.1	-0.1	-0.1	2.172	3.01	3.347	3.464	2.085	12.6	11.7	11.7	13.2	16.3	0.309
2025-12-07 22:00:00	-91.2725	32.751	0.408	12.975	12.875	93.489	101.138	1.388	14.325	0.995	95.75	0	0	2.112	0.095	0.011	0.378	0.392	0.4	0.278	0.219	-0.1	-0.1	-0.1	2.187	3.048	3.349	3.459	2.082	12.788	11.95	11.762	13.2	16.275	0.328
2025-12-07 23:00:00	-91.2725	32.751	0.141	12.325	12.05	97.069	101.225	1.366	0	1.29	18.95	0	0	2.81	0.04	0.007	0.382	0.394	0.405	0.278	0.219	-0.1	-0.1	-0.1	2.213	3.093	3.361	3.449	2.079	12.85	12.15	11.863	13.2	16.2	NA
2025-12-08 00:00:00	-91.2725	32.751	0.004	11.793	11.425	97.531	101.287	1.317	0	1.912	21.05	0	0	4.398	0.032	0	0.382	0.394	0.406	0.281	0.219	-0.1	-0.1	-0.1	2.207	3.088	3.361	3.435	2.078	12.788	12.25	11.938	13.2	16.2	NA
2025-12-08 01:00:00	-91.2725	32.751	0.009	11.335	10.725	98.394	101.38	1.268	0	2.04	17.85	0	0	4.7	0.022	0	0.382	0.394	0.406	0.301	0.219	-0.1	-0.1	-0.1	2.199	3.083	3.358	3.316	2.072	12.662	12.3	12.025	13.2	16.2	NA
2025-12-08 02:00:00	-91.2725	32.751	0.085	10.595	9.55	98.942	101.507	1.179	0	2.172	7.525	0	0	4.997	0.013	0.003	0.382	0.394	0.406	0.31	0.219	-0.1	-0.1	-0.1	2.197	3.079	3.357	3.253	2.061	12.525	12.3	12.112	13.2	16.2	NA
2025-12-08 03:00:00	-91.2725	32.751	0.009	10.158	9.125	98.245	101.562	1.138	0	1.175	48.95	0	0	3.61	0.02	0	0.382	0.394	0.407	0.319	0.219	-0.1	-0.1	-0.1	2.194	3.076	3.353	3.193	2.062	12.363	12.25	12.175	13.2	16.2	NA
2025-12-08 04:00:00	-91.2725	32.751	0	9.957	9	97.73	101.598	1.122	0	1.035	51.675	0	0	2.47	0.028	0	0.382	0.394	0.407	0.319	0.219	-0.1	-0.1	-0.1	2.192	3.075	3.351	3.193	2.065	12.162	12.2	12.225	13.2	16.2	NA
2025-12-08 05:00:00	-91.2725	32.751	0.004	9.567	8.575	97.883	101.713	1.092	0	1.525	182.35	0	0	4.392	0.022	0	0.382	0.394	0.407	0.318	0.218	-0.1	-0.1	-0.1	2.187	3.073	3.353	3.197	2.068	11.975	12.1	12.3	13.225	16.2	NA
2025-12-08 06:00:00	-91.2725	32.751	0	9.273	8.375	95.913	101.752	1.055	0	1.41	96.4	0	0	3.375	0.045	0	0.382	0.394	0.406	0.317	0.218	-0.1	-0.1	-0.1	2.186	3.075	3.356	3.205	2.078	11.838	12.025	12.3	13.262	16.2	NA
2025-12-08 07:00:00	-91.2725	32.751	0	9.02	8.225	95.08	101.765	1.036	0	1.302	13.9	0	0	3.372	0.055	0	0.382	0.394	0.406	0.314	0.217	-0.1	-0.1	-0.1	2.188	3.069	3.352	3.221	2.082	11.65	11.95	12.338	13.3	16.2	NA
2025-12-08 08:00:00	-91.2725	32.751	0	8.773	8.025	94.198	101.805	1.012	0	1.25	12.275	0	0	3.008	0.06	0	0.382	0.394	0.406	0.313	0.217	-0.1	-0.1	-0.1	2.188	3.07	3.35	3.23	2.085	11.5	11.85	12.35	13.3	16.2	NA
2025-12-08 09:00:00	-91.2725	32.751	0	8.585	7.9	94.112	101.787	1.003	0	1.47	12.4	0	0	4.115	0.062	0	0.382	0.394	0.406	0.311	0.217	-0.1	-0.1	-0.1	2.187	3.065	3.355	3.248	2.086	11.338	11.775	12.35	13.325	16.2	NA
2025-12-08 10:00:00	-91.2725	32.751	0	8.44	7.8	94.236	101.805	0.997	0	1.612	13.375	0	0	4.053	0.06	0	0.382	0.394	0.406	0.308	0.217	-0.1	-0.1	-0.1	2.185	3.068	3.351	3.271	2.086	11.188	11.675	12.35	13.35	16.2	NA
2025-12-08 11:00:00	-91.2725	32.751	0	8.338	7.625	94.483	101.868	0.988	0	1.802	6.225	0	0	3.638	0.06	0	0.382	0.394	0.406	0.306	0.217	-0.1	-0.1	-0.1	2.188	3.064	3.351	3.281	2.085	11.05	11.575	12.35	13.4	16.2	NA
2025-12-08 12:00:00	-91.2725	32.751	0	7.93	6.975	94.354	101.968	0.944	0	2.125	6.875	0	0	4.343	0.057	0	0.382	0.394	0.406	0.303	0.217	-0.1	-0.1	-0.1	2.187	3.059	3.35	3.291	2.075	10.912	11.475	12.312	13.4	16.2	NA
2025-12-08 13:00:00	-91.2725	32.751	0	7.7	6.5	94.241	102.075	0.912	8.675	1.537	7.75	0	0	3.745	0.055	0	0.382	0.393	0.405	0.302	0.217	-0.1	-0.1	-0.1	2.184	3.046	3.347	3.3	2.067	10.8	11.375	12.3	13.4	16.2	0.4
2025-12-08 14:00:00	-91.2725	32.751	0	7.822	6.2	94.686	102.132	0.898	21.5	1.355	11.3	0	0	3.115	0.05	0	0.382	0.393	0.406	0.3	0.217	-0.1	-0.1	-0.1	2.183	3.044	3.344	3.308	2.067	10.662	11.275	12.3	13.4	16.2	0.355
2025-12-08 15:00:00	-91.2725	32.751	0	8.222	5.9	94.276	102.235	0.875	58.425	0.887	97.85	0	0	3.197	0.052	0	0.382	0.393	0.405	0.299	0.216	-0.1	-0.1	-0.1	2.183	3.046	3.34	3.311	2.061	10.55	11.2	12.262	13.425	16.1	0.357
2025-12-08 16:00:00	-91.2725	32.751	0	8.545	5.375	94.005	102.303	0.842	99.55	1.067	19.725	0	0	3.25	0.055	0	0.382	0.393	0.405	0.298	0.216	-0.1	-0.1	-0.1	2.184	3.046	3.337	3.316	2.061	10.512	11.1	12.212	13.475	16.1	0.354
2025-12-09 06:00:00	-91.2725	32.751	0	5.192	3.175	88.4	102.14	0.678	0	0.537	83.325	0	0	1.522	0.09	0	0.378	0.392	0.404	0.287	0.215	-0.1	-0.1	-0.1	2.132	3.002	3.32	3.416	2.101	9.338	10.275	11.887	13.5	16.1	NA
2025-12-09 07:00:00	-91.2725	32.751	0	5.13	2.975	88.773	102.122	0.671	0	0.505	163.325	0	0	1.582	0.088	0	0.378	0.391	0.404	0.286	0.215	-0.1	-0.1	-0.1	2.124	3.003	3.32	3.424	2.1	9.175	10.175	11.825	13.5	16.1	NA
2025-12-09 08:00:00	-91.2725	32.751	0	4.99	2.9	89.28	102.095	0.672	0	1.015	225.125	0	0	2.1	0.08	0	0.378	0.391	0.404	0.286	0.215	-0.1	-0.1	-0.1	2.119	2.998	3.317	3.426	2.102	9.05	10.075	11.8	13.5	16.1	NA
2025-12-09 09:00:00	-91.2725	32.751	0	4.852	2.95	89.758	102.048	0.678	0	1.025	195.575	0	0	2.112	0.08	0	0.378	0.391	0.404	0.286	0.215	-0.1	-0.1	-0.1	2.115	2.998	3.32	3.434	2.104	8.925	9.95	11.712	13.5	16.1	NA
2025-12-09 10:00:00	-91.2725	32.751	0	4.703	2.85	89.465	102.058	0.671	0	1.01	190.525	0	0	2.027	0.08	0	0.377	0.391	0.404	0.285	0.215	-0.1	-0.1	-0.1	2.111	2.995	3.316	3.436	2.102	8.775	9.85	11.675	13.5	16.1	NA
2025-12-09 11:00:00	-91.2725	32.751	0	4.66	2.85	89.664	102.022	0.672	0	1.012	203	0	0	1.922	0.078	0	0.377	0.391	0.404	0.285	0.215	-0.1	-0.1	-0.1	2.111	2.99	3.315	3.438	2.104	8.638	9.725	11.613	13.5	16.1	NA
2025-12-09 12:00:00	-91.2725	32.751	0	4.622	2.875	90.771	102.062	0.682	0	1.383	241.9	0	0	2.675	0.07	0	0.377	0.391	0.404	0.285	0.215	-0.1	-0.1	-0.1	2.108	2.988	3.311	3.434	2.104	8.525	9.625	11.55	13.5	16.1	NA
2025-12-09 13:00:00	-91.2725	32.751	0	4.623	2.775	91.517	102.055	0.682	7.75	1.433	208.85	0	0	2.902	0.06	0	0.376	0.39	0.403	0.284	0.215	-0.1	-0.1	-0.1	2.107	2.986	3.306	3.435	2.105	8.412	9.525	11.5	13.488	16.1	0.368
2025-12-09 14:00:00	-91.2725	32.751	0	5.122	2.75	92.991	102.06	0.692	54.25	1.89	229.425	0	0	3.6	0.053	0	0.376	0.39	0.403	0.284	0.215	-0.1	-0.1	-0.1	2.105	2.982	3.308	3.431	2.102	8.312	9.4	11.438	13.425	16.1	0.338
2025-12-09 15:00:00	-91.2725	32.751	0	5.518	2.75	93.427	102.075	0.696	69.7	1.808	234.45	0	0	3.41	0.05	0	0.376	0.39	0.403	0.284	0.215	-0.1	-0.1	-0.1	2.106	2.983	3.302	3.43	2.104	8.275	9.325	11.375	13.4	16.1	0.33
2025-12-09 16:00:00	-91.2725	32.751	0	6.48	3.125	93.943	102.04	0.718	139.025	2.258	230.975	0	0	4.53	0.048	0	0.376	0.39	0.403	0.284	0.215	-0.1	-0.1	-0.1	2.106	2.985	3.305	3.436	2.106	8.3	9.275	11.312	13.4	16.1	0.332
2025-12-09 17:00:00	-91.2725	32.751	0	8.133	3.925	93.78	101.948	0.759	238.225	2.728	228.75	0	0	4.917	0.048	0	0.376	0.39	0.403	0.283	0.215	-0.1	-0.1	-0.1	2.111	2.988	3.308	3.447	2.106	8.363	9.2	11.262	13.4	16.1	0.324
2025-12-09 18:00:00	-91.2725	32.751	0	9.488	4.75	93.007	101.805	0.797	303.7	2.785	224.35	0	0	5.062	0.062	0	0.376	0.39	0.403	0.283	0.215	-0.1	-0.1	-0.1	2.119	2.989	3.31	3.45	2.109	8.6	9.25	11.2	13.4	16.1	0.319
2025-12-09 19:00:00	-91.2725	32.751	0	11.363	6.45	92.222	101.667	0.89	442.6	2.692	223.15	0	0	5.07	0.075	0	0.376	0.39	0.403	0.283	0.215	-0.1	-0.1	-0.1	2.13	3.002	3.31	3.457	2.112	8.975	9.35	11.175	13.387	16.1	0.324
2025-12-09 20:00:00	-91.2725	32.751	0	11.92	8.075	86.26	101.568	0.93	364.025	2.942	219.525	0	0	5.707	0.148	0	0.376	0.39	0.403	0.282	0.215	-0.1	-0.1	-0.1	2.143	3.007	3.319	3.46	2.107	9.5	9.525	11.15	13.338	16.1	0.33
2025-12-09 21:00:00	-91.2725	32.751	0	10.615	9.35	79.937	101.525	0.94	219.125	2.73	221.925	0	0	4.843	0.235	0	0.376	0.39	0.403	0.282	0.215	-0.1	-0.1	-0.1	2.143	3.012	3.322	3.463	2.106	10.075	9.775	11.15	13.3	16.1	0.346
2025-12-09 22:00:00	-91.2725	32.751	0	8.387	9.625	76.706	101.49	0.919	77.2	2.04	219.3	0	0	3.562	0.278	0	0.376	0.391	0.402	0.282	0.215	-0.1	-0.1	-0.1	2.133	3.009	3.328	3.466	2.108	10.463	10.05	11.15	13.3	16.1	0.391
2025-12-09 23:00:00	-91.2725	32.751	0	5.668	7.825	81.095	101.455	0.86	1.875	0.765	196.075	0	0	1.485	0.2	0	0.376	0.391	0.402	0.282	0.214	-0.1	-0.1	-0.1	2.116	3.006	3.331	3.47	2.114	10.525	10.25	11.162	13.3	16.1	0.404
2025-12-10 00:00:00	-91.2725	32.751	0	4.682	6.625	83.438	101.452	0.815	0	0.415	108.025	0	0	0.927	0.162	0	0.376	0.391	0.402	0.281	0.214	-0.1	-0.1	-0.1	2.098	2.995	3.334	3.468	2.115	10.3	10.375	11.2	13.288	16.1	NA
2025-12-10 01:00:00	-91.2725	32.751	0	4.9	6.925	84.368	101.428	0.841	0	1.355	185.8	0	0	2.942	0.155	0	0.375	0.391	0.402	0.281	0.214	-0.1	-0.1	-0.1	2.086	2.989	3.332	3.467	2.111	9.95	10.325	11.238	13.238	16.1	NA
2025-12-10 02:00:00	-91.2725	32.751	0	5.218	7.75	82.565	101.362	0.871	0	2.495	210.5	0	0	4.975	0.18	0	0.375	0.391	0.402	0.281	0.213	-0.1	-0.1	-0.1	2.077	2.982	3.335	3.474	2.115	9.588	10.225	11.262	13.2	16.1	NA
2025-12-10 03:00:00	-91.2725	32.751	0	4.957	7.325	82.116	101.312	0.841	0	2.102	208.775	0	0	4.192	0.185	0	0.374	0.391	0.402	0.28	0.212	-0.1	-0.1	-0.1	2.072	2.979	3.335	3.48	2.126	9.287	10.075	11.3	13.2	16.05	NA
2025-12-10 04:00:00	-91.2725	32.751	0	4.61	6.825	83.043	101.275	0.822	0	2.527	200.625	0	0	4.622	0.168	0	0.374	0.39	0.402	0.28	0.212	-0.1	-0.1	-0.1	2.071	2.974	3.335	3.48	2.129	9.037	9.925	11.3	13.2	16	NA
2025-12-10 05:00:00	-91.2725	32.751	0	4.54	6.475	84.496	101.227	0.817	0	2.308	205.925	0	0	4.578	0.15	0	0.374	0.39	0.402	0.28	0.212	-0.1	-0.1	-0.1	2.068	2.975	3.334	3.476	2.13	8.812	9.775	11.3	13.2	16	NA
2025-12-10 06:00:00	-91.2725	32.751	0	4.133	5.725	87.086	101.192	0.799	0	1.7	222.925	0	0	3.305	0.112	0	0.374	0.39	0.402	0.28	0.212	-0.1	-0.1	-0.1	2.067	2.972	3.332	3.478	2.133	8.6	9.625	11.288	13.2	16	NA
2025-12-10 07:00:00	-91.2725	32.751	0	4.17	5.9	87.11	101.148	0.809	0	2.01	212.625	0	0	3.902	0.115	0	0.373	0.39	0.402	0.28	0.212	-0.1	-0.1	-0.1	2.058	2.969	3.328	3.479	2.132	8.425	9.475	11.2	13.2	16	NA
2025-12-10 08:00:00	-91.2725	32.751	0	4.01	5.65	88.698	101.138	0.81	0	2.33	213.325	0	0	4.285	0.103	0	0.373	0.39	0.402	0.279	0.211	-0.1	-0.1	-0.1	2.054	2.971	3.326	3.481	2.134	8.238	9.35	11.175	13.188	16	NA
2025-12-10 09:00:00	-91.2725	32.751	0	4.085	5.35	91.488	101.115	0.818	0	2.152	232.6	0	0	3.675	0.078	0	0.373	0.389	0.401	0.279	0.211	-0.1	-0.1	-0.1	2.053	2.965	3.325	3.483	2.136	8.1	9.225	11.15	13.137	16	NA
2025-12-10 10:00:00	-91.2725	32.751	0	3.717	5.25	92.689	101.098	0.823	0	1.578	217.825	0	0	3.02	0.062	0	0.373	0.389	0.401	0.279	0.211	-0.1	-0.1	-0.1	2.055	2.972	3.326	3.484	2.133	7.963	9.075	11.05	13.1	16	NA
2025-12-10 11:00:00	-91.2725	32.751	0	4.015	5.425	93.514	101.068	0.84	0	2.355	206.675	0	0	4.358	0.06	0	0.373	0.389	0.401	0.279	0.211	-0.1	-0.1	-0.1	2.052	2.971	3.326	3.481	2.131	7.812	8.95	11.025	13.1	16	NA
2025-12-10 12:00:00	-91.2725	32.751	0	4.062	5.3	93.909	101.09	0.837	0	2.575	214.175	0	0	4.615	0.055	0	0.373	0.389	0.401	0.279	0.211	-0.1	-0.1	-0.1	2.052	2.97	3.319	3.48	2.132	7.7	8.85	10.938	13.1	16	NA
2025-12-10 13:00:00	-91.2725	32.751	0	4.358	5.025	95.963	101.098	0.839	22.675	2.177	225.675	0	0	4.325	0.035	0	0.373	0.389	0.401	0.279	0.211	-0.1	-0.1	-0.1	2.053	2.97	3.316	3.479	2.134	7.612	8.75	10.887	13.1	16	0.339
2025-12-10 14:00:00	-91.2725	32.751	0	6.595	6.4	98.498	101.132	0.948	108.5	3.038	234.8	0	0	4.855	0.015	0	0.373	0.389	0.401	0.278	0.211	-0.1	-0.1	-0.1	2.055	2.97	3.309	3.472	2.133	7.575	8.675	10.812	13.1	16	0.354
2025-12-10 15:00:00	-91.2725	32.751	0	9.715	8.65	97.557	101.18	1.095	246.65	4.655	242.45	0	0	7.828	0.028	0	0.373	0.388	0.401	0.278	0.211	-0.1	-0.1	-0.1	2.07	2.976	3.306	3.464	2.129	7.688	8.6	10.762	13.1	16	0.338
2025-12-10 16:00:00	-91.2725	32.751	0	12.02	10.425	94.845	101.198	1.198	261.075	5.46	266.875	0	0	9.06	0.062	0	0.373	0.388	0.401	0.278	0.211	-0.1	-0.1	-0.1	2.089	2.981	3.303	3.459	2.13	8.113	8.65	10.7	13.075	16	0.322
2025-12-10 17:00:00	-91.2725	32.751	0	12.912	10.9	94.867	101.172	1.237	244.3	5.468	277.2	0	0	8.342	0.068	0	0.373	0.389	0.401	0.278	0.211	-0.1	-0.1	-0.1	2.102	2.992	3.308	3.462	2.129	8.725	8.85	10.65	13	15.95	0.316
2025-12-10 18:00:00	-91.2725	32.751	0	16.41	12.925	95.168	101.132	1.419	489.75	3.675	284.625	0	0	6.535	0.072	0	0.374	0.389	0.401	0.278	0.211	-0.1	-0.1	-0.1	2.109	3.001	3.312	3.468	2.13	9.387	9.125	10.6	13	15.9	0.3
2025-12-10 19:00:00	-91.2725	32.751	0	18.168	15.525	80.933	101.075	1.419	476.4	2.685	283.65	0	0	5.2	0.348	0	0.374	0.389	0.401	0.278	0.211	-0.1	-0.1	-0.1	2.128	3.006	3.32	3.471	2.132	10.238	9.45	10.637	13	15.9	0.316
