2025-05-07T05:00:00Z	1.328	78	3	22.74	22.3	22.1	101.35	2.653	0	11.4	2.29	356.6	0.2	17	1	22.7	8.4	0	0.011	0.284	0.089	-0.2	0.276	0.051	-25.2	0.289	0.113	-17.3	24.200000000000003	24.45	24.1	2025-05-07
2025-05-07T05:15:00Z	1.668	97	5	21.88	21.02	20.7	101.4	2.437	0	13.2	2.55	23.9	0.1	17	3	21.7	7.61	0	0.012	0.286	0.089	-0.2	0.276	0.052	-23.6	0.289	0.114	-17.2	24.15	24.35	24.1	2025-05-07
2025-05-07T05:30:00Z	1.345	72	3	21.42	20.05	19.8	101.39	2.309	0	16.2	1.63	61.6	0.2	0	0	20.6	3.7	0	0.009	0.287	0.089	-0.2	0.276	0.051	-21.9	0.289	0.113	-17.2	24.1	24.35	24.05	2025-05-07
2025-05-07T05:45:00Z	0.494	29	1	21.27	19.68	19.5	101.41	2.263	0	5.4	1.59	55.8	0.2	0	0	20	4.11	0	0.008	0.288	0.088	-0.2	0.277	0.052	-20.4	0.289	0.113	-17.2	24	24.35	24.05	2025-05-07
2025-05-07T06:00:00Z	0.902	53	3	21.16	19.44	19.3	101.39	2.235	0	6	1.14	85.1	0.1	0	0	19.7	2.81	0	0.008	0.288	0.086	-0.3	0.277	0.052	-19	0.289	0.113	-17.3	23.9	24.35	24.05	2025-05-07
2025-05-07T06:15:00Z	0.528	31	1	21.09	19.3	19.2	101.42	2.221	0	6	0.98	106.6	0.1	0	0	19.5	2.75	0	0.009	0.289	0.087	-0.2	0.277	0.052	-17.9	0.289	0.113	-17.3	23.799999999999997	24.3	24.05	2025-05-07
2025-05-07T06:30:00Z	0.017	1	0	20.96	19.3	19.2	101.5	2.227	0	1.2	1.46	140.5	0.1	0	0	19.5	3.28	0	0	0.289	0.083	-0.3	0.277	0.052	-16.9	0.289	0.113	-17.2	23.700000000000003	24.25	24.05	2025-05-07
2025-05-07T06:45:00Z	1.072	62	3	20.84	19.32	19.3	101.51	2.235	0	12	1.48	64.7	0.2	0	0	19.5	3.92	0	0.01	0.289	0.083	-0.3	0.278	0.054	-16	0.289	0.113	-17.2	23.6	24.2	24.05	2025-05-07
2025-05-07T07:00:00Z	0.851	50	2	20.73	19.24	19.3	101.5	2.228	0	9	1.25	56.6	0.2	0	0	19.4	4.37	0	0.014	0.29	0.084	-0.3	0.278	0.054	-15.3	0.289	0.113	-17.3	23.5	24.2	24.05	2025-05-07
2025-05-07T07:15:00Z	2.089	123	5	20.35	19.12	19.2	101.41	2.212	0	15.6	2.71	82.5	0.2	0	0	19.3	6.12	0.01	0.012	0.292	0.083	-0.2	0.278	0.055	-14.6	0.289	0.113	-17.2	23.299999999999997	24.15	24.05	2025-05-07
2025-05-07T07:30:00Z	1.174	69	3	20.31	19.06	19.2	101.42	2.2	0	8.4	1.79	61.6	0.1	0	0	19.2	5.23	0.02	0.008	0.294	0.081	-0.2	0.278	0.055	-13.8	0.289	0.113	-17.2	23.200000000000003	24.1	24.05	2025-05-07
2025-05-07T07:45:00Z	1.243	73	4	20.27	19.04	19.1	101.39	2.199	0	9	1.7	38.3	0.1	24	1	19.2	4.74	0.01	0.01	0.296	0.079	-0.2	0.278	0.055	-12.8	0.289	0.113	-17.2	23.1	24.05	24.05	2025-05-07
2025-05-07T08:00:00Z	0.919	54	2	20.18	19.05	19.1	101.35	2.2	0	8.4	2.79	77.9	0.1	0	0	19.2	9.88	0.01	0.013	0.297	0.077	-0.2	0.279	0.058	-11.7	0.289	0.114	-17.2	22.95	24	24.05	2025-05-07
2025-05-07T08:15:00Z	0.647	38	1	20.12	19.06	19.1	101.35	2.202	0	6	1.43	60.5	0.2	15	2	19.2	6.2	0	0.013	0.298	0.075	-0.2	0.28	0.065	-10.2	0.289	0.113	-17.2	22.85	23.95	24.05	2025-05-07
2025-05-07T08:30:00Z	0.851	50	3	20.17	19.11	19.2	101.45	2.212	0	6	1.24	47.3	0.1	0	0	19.2	6.17	0.01	0.012	0.299	0.075	-0.2	0.281	0.075	-4.3	0.289	0.113	-17.2	22.75	23.9	24.05	2025-05-07
2025-05-07T08:45:00Z	1.498	72	4	20.17	19.1	19.2	101.46	2.212	0	20.4	1.14	45.6	0.1	5	4	19.2	7.15	0	0.014	0.301	0.077	-0.2	0.281	0.085	-2	0.289	0.113	-17.2	22.700000000000003	23.799999999999997	24	2025-05-07
2025-05-07T09:00:00Z	2.957	174	7	20.15	19.09	19.1	101.52	2.209	0	51	1.04	300.8	0	2	3	19.2	3.98	0	0.012	0.303	0.077	-0.2	0.281	0.096	-1.1	0.289	0.114	-17.2	22.55	23.799999999999997	24	2025-05-07
2025-05-07T09:15:00Z	9.179	540	24	19.83	19.08	19	101.51	2.195	0	67.2	1.6	47.5	0.2	1	4	19.2	6.8	0	0.006	0.305	0.077	-0.2	0.282	0.109	-0.5	0.289	0.113	-17.2	22.45	23.700000000000003	24	2025-05-07
2025-05-07T09:30:00Z	2.651	156	7	19.9	19.13	19.1	101.53	2.203	0	17.4	1.13	21.5	0.1	1	2	19.2	3.47	0.01	0.006	0.307	0.077	-0.2	0.284	0.126	-0.5	0.289	0.113	-17.2	22.35	23.65	24	2025-05-07
2025-05-07T09:45:00Z	1.6	94	4	19.93	19.13	19.1	101.51	2.201	0	12	1.42	22.8	0.1	1	4	19.2	4.1	0.01	0.006	0.308	0.076	-0.2	0.291	0.145	-0.5	0.289	0.113	-17.2	22.25	23.549999999999997	23.95	2025-05-07
2025-05-07T10:00:00Z	2.396	141	6	19.98	19.16	19.1	101.52	2.209	0	15.6	3.42	353	0.2	1	1	19.3	20.93	0	0.006	0.309	0.076	-0.2	0.298	0.157	-0.5	0.289	0.113	-17.3	22.200000000000003	23.549999999999997	23.95	2025-05-07
2025-05-07T10:15:00Z	2.055	121	6	19.92	19.16	19.1	101.51	2.21	0	15.6	1.73	18.5	0.1	1	1	19.3	3.76	0	0.004	0.31	0.077	-0.2	0.304	0.168	-0.5	0.289	0.113	-17.2	22.15	23.450000000000003	23.95	2025-05-07
2025-05-07T10:30:00Z	1.987	117	5	19.9	19.17	19.1	101.5	2.212	0	13.2	1.68	23.1	0.2	0	0	19.3	11.06	0	0.005	0.311	0.076	-0.2	0.307	0.172	-0.5	0.289	0.113	-17.2	22.1	23.4	23.95	2025-05-07
2025-05-07T10:45:00Z	1.311	77	3	19.86	19.16	19.2	101.48	2.219	0	9	1.35	42.8	0.1	0	0	19.3	5.01	0	0.004	0.311	0.077	-0.2	0.311	0.182	-0.5	0.29	0.114	-17.2	22.05	23.3	23.95	2025-05-07
2025-05-07T11:00:00Z	0.715	42	2	19.89	19.14	19.2	101.46	2.221	0	6	0.88	78.2	0.2	0	0	19.3	3.05	0	0.004	0.312	0.076	-0.2	0.314	0.193	-0.5	0.289	0.115	-17.1	22	23.3	23.95	2025-05-07
2025-05-07T11:15:00Z	0.902	53	2	19.87	19.13	19.1	101.43	2.211	0	6	0.98	132.3	0.1	0	0	19.3	2.4	0	0.006	0.312	0.077	-0.2	0.316	0.197	-0.5	0.29	0.117	-16.8	22	23.2	23.95	2025-05-07
2025-05-07T11:30:00Z	0.681	40	2	19.88	19.12	19.1	101.41	2.207	0	6	1.01	128.9	0.1	0	0	19.2	2.62	0	0.005	0.313	0.077	-0.2	0.319	0.203	-0.5	0.292	0.118	-15	21.9	23.2	23.95	2025-05-07
2025-05-07T11:45:00Z	0.63	37	1	19.75	19.09	19	101.25	2.205	0	8.4	2.85	120.5	0.1	1	2	19.2	6.56	0	0.004	0.313	0.078	-0.2	0.321	0.205	-0.5	0.294	0.119	-11.5	21.9	23.1	23.9	2025-05-07
2025-05-07T12:00:00Z	0.511	30	1	19.68	19.11	19.2	101.23	2.223	0	4.2	2.44	152.7	0.2	1	3	19.2	5.37	0	0.003	0.313	0.078	-0.2	0.322	0.205	-0.5	0.295	0.121	-5.7	21.9	23.049999999999997	23.85	2025-05-07
2025-05-07T12:15:00Z	0.579	34	2	19.77	19.14	19.3	101.25	2.23	0	5.4	1.83	148.2	0.1	0	0	19.3	3.99	0.01	0.005	0.313	0.078	-0.2	0.323	0.206	-0.5	0.296	0.121	-0.8	21.85	23	23.85	2025-05-07
2025-05-07T12:30:00Z	0.562	33	1	19.83	19.16	19.3	101.27	2.231	0	4.2	1.17	134.1	0.1	1	4	19.3	2.76	0.01	0.005	0.313	0.079	-0.2	0.324	0.207	-0.5	0.298	0.121	-0.5	21.799999999999997	23	23.85	2025-05-07
2025-05-07T12:45:00Z	1.089	64	3	19.77	19.19	19.6	101.3	2.236	0	7.2	2.47	160.2	0.1	0	0	19.3	6.2	0.04	0.004	0.314	0.077	-0.2	0.325	0.209	-0.5	0.298	0.121	-0.5	21.75	22.9	23.85	2025-05-07
2025-05-07T13:00:00Z	0.749	44	2	19.71	19.16	19.5	101.29	2.228	1.7	5.4	2.25	157.3	0.1	0	0	19.3	4.51	0.04	0.003	0.314	0.077	-0.2	0.327	0.213	-0.5	0.299	0.123	-0.5	21.700000000000003	22.85	23.799999999999997	2025-05-07
2025-05-07T13:15:00Z	0.715	42	2	19.7	19.01	19.6	101.26	2.199	11.6	7.2	2.02	130.8	0.1	5	2	19.1	4.13	0.08	0.003	0.314	0.076	-0.2	0.327	0.214	-0.5	0.3	0.124	-0.6	21.700000000000003	22.8	23.799999999999997	2025-05-07
2025-05-07T13:30:00Z	0.766	45	1	19.72	18.96	19.3	101.27	2.19	11.8	5.4	1.84	120.1	0.1	0	0	19	3.21	0.04	0.004	0.315	0.077	-0.2	0.327	0.216	-0.5	0.3	0.125	-0.6	21.65	22.8	23.799999999999997	2025-05-07
2025-05-07T13:45:00Z	0.885	52	3	19.78	19.1	19.3	101.28	2.214	11.5	8.4	2.19	146.4	0.1	0	0	19.2	4.46	0.03	0.003	0.315	0.077	-0.2	0.328	0.214	-0.5	0.301	0.125	-0.6	21.6	22.75	23.75	2025-05-07
2025-05-07T14:00:00Z	0.936	55	2	19.72	19.18	19.6	101.32	2.231	8.5	6	2.41	162.7	0.2	2	6	19.3	5.56	0.05	0.004	0.315	0.076	-0.2	0.328	0.216	-0.5	0.301	0.125	-0.6	21.6	22.7	23.700000000000003	2025-05-07
2025-05-07T14:15:00Z	0.868	51	2	19.71	19.21	19.6	101.44	2.235	0.6	8.4	2.79	173.5	0.1	1	1	19.3	5.72	0.04	0.005	0.315	0.075	-0.2	0.329	0.217	-0.5	0.302	0.125	-0.6	21.549999999999997	22.65	23.700000000000003	2025-05-07
2025-05-07T14:30:00Z	1.379	81	3	19.57	19.1	19.4	101.56	2.225	0	10.2	2.59	169.8	0.1	1	3	19.2	8.09	0.03	0.004	0.315	0.075	-0.2	0.33	0.219	-0.5	0.302	0.127	-0.6	21.5	22.6	23.700000000000003	2025-05-07
2025-05-07T14:45:00Z	1.14	67	3	19.55	18.87	19	101.52	2.191	0	9	1.1	116.3	0.1	5	2	19	3.3	0.01	0.003	0.316	0.075	-0.2	0.33	0.22	-0.5	0.303	0.128	-0.6	21.5	22.549999999999997	23.700000000000003	2025-05-07
2025-05-07T15:00:00Z	0.391	23	1	19.5	18.73	18.8	101.43	2.163	0	4.2	1.9	63.8	0.1	1	2	18.9	4.43	0	0.003	0.316	0.074	-0.2	0.33	0.22	-0.5	0.303	0.128	-0.6	21.450000000000003	22.549999999999997	23.700000000000003	2025-05-07
2025-05-07T15:15:00Z	0.732	43	2	19.48	18.62	18.7	101.38	2.155	7.2	5.4	1.59	126.4	0.1	1	1	18.7	3.76	0	0.004	0.316	0.074	-0.2	0.33	0.219	-0.5	0.303	0.129	-0.6	21.450000000000003	22.5	23.6	2025-05-07
2025-05-07T15:30:00Z	0.715	42	1	19.6	18.62	18.7	101.41	2.153	20.2	4.2	1.11	3.3	0.1	7	3	18.8	2.32	0	0.004	0.316	0.073	-0.2	0.33	0.219	-0.5	0.304	0.129	-0.6	21.450000000000003	22.450000000000003	23.6	2025-05-07
2025-05-07T15:45:00Z	0.34	20	1	19.68	18.74	18.7	101.57	2.158	54.5	3	1.94	203.1	0.1	0	0	18.8	4.7	0	0.005	0.316	0.071	-0.2	0.33	0.22	-0.5	0.304	0.131	-0.6	21.4	22.450000000000003	23.6	2025-05-07
2025-05-07T16:00:00Z	0.221	13	1	20.44	19	18.8	101.51	2.164	136.3	3	0.84	237.5	0.1	0	0	19.1	2.25	0	0.005	0.316	0.072	-0.2	0.33	0.219	-0.5	0.305	0.133	-0.6	21.35	22.4	23.6	2025-05-07
2025-05-07T16:15:00Z	0.085	5	0	20.83	19.28	19	101.54	2.193	177.8	1.8	1.61	130.2	0.1	0	0	19.4	3.27	0	0	0.316	0.07	-0.2	0.329	0.22	-0.5	0.305	0.135	-0.6	21.35	22.4	23.549999999999997	2025-05-07
2025-05-07T16:30:00Z	0.017	1	0	20.76	19.31	19.2	101.49	2.217	132.4	1.2	1.73	117.7	0.1	0	0	19.5	4.5	0	0	0.316	0.069	-0.2	0.328	0.219	-0.5	0.306	0.137	-0.6	21.35	22.35	23.549999999999997	2025-05-07
2025-05-07T16:45:00Z	0.017	1	0	21.27	19.5	19.3	101.47	2.238	171.5	1.2	1.39	101.6	0.2	0	0	19.7	2.52	0	0	0.315	0.069	-0.2	0.326	0.215	-0.5	0.306	0.137	-0.6	21.4	22.35	23.5	2025-05-07
2025-05-07T17:00:00Z	0.051	3	0	20.77	19.62	19.6	101.51	2.282	75.8	1.2	1.69	123.9	0.1	0	0	19.8	4.27	0	0	0.315	0.07	-0.2	0.325	0.214	-0.5	0.307	0.137	-0.6	21.5	22.35	23.5	2025-05-07
2025-05-07T17:15:00Z	0	0	0	20.51	19.65	19.8	101.59	2.303	58.8	0	2.11	240.8	0.1	0	0	19.8	4.34	0.01	0	0.314	0.068	-0.2	0.324	0.212	-0.5	0.307	0.138	-0.6	21.5	22.35	23.5	2025-05-07
2025-05-07T17:30:00Z	0.153	9	1	20.56	19.7	19.9	101.68	2.308	66.8	3	1.92	203.8	0.2	0	0	19.9	4.36	0.01	0.005	0.314	0.068	-0.2	0.322	0.209	-0.5	0.307	0.137	-0.6	21.6	22.35	23.450000000000003	2025-05-07
2025-05-07T17:45:00Z	0.289	17	0	20.69	19.83	19.9	101.67	2.314	89.9	3	2.09	184.3	0.1	8	1	19.9	4.81	0.01	0	0.314	0.07	-0.2	0.323	0.212	-0.5	0.307	0.137	-0.6	21.6	22.35	23.450000000000003	2025-05-07
2025-05-07T18:00:00Z	0.357	21	1	20.86	19.95	20	101.67	2.33	114.3	4.2	2.33	163.3	0.1	0	0	20	4.74	0.01	0.007	0.315	0.07	-0.2	0.327	0.216	-0.5	0.307	0.137	-0.6	21.700000000000003	22.35	23.450000000000003	2025-05-07
2025-05-07T18:15:00Z	0.136	8	1	20.8	19.99	20	101.71	2.337	88.1	1.8	2.47	211.5	0.1	0	0	20	5.43	0.01	0.01	0.315	0.07	-0.2	0.328	0.216	-0.5	0.307	0.137	-0.5	21.700000000000003	22.299999999999997	23.450000000000003	2025-05-07
2025-05-07T18:30:00Z	0.255	15	0	20.88	20.15	20.1	101.78	2.355	48.9	1.8	2.39	271.5	0.2	0	0	20.2	4.72	0	0	0.315	0.071	-0.2	0.328	0.218	-0.5	0.307	0.137	-0.5	21.700000000000003	22.299999999999997	23.4	2025-05-07
2025-05-07T18:45:00Z	0.562	33	2	20.37	19.77	19.6	101.85	2.279	48.7	3	2.58	257.5	0.1	27	1	19.9	4.92	0	0.009	0.316	0.07	-0.2	0.329	0.219	-0.5	0.308	0.138	-0.5	21.700000000000003	22.299999999999997	23.35	2025-05-07
2025-05-07T19:00:00Z	0.698	41	2	20.17	19.37	19.3	101.91	2.239	37.2	4.2	1.91	241	0.1	1	1	19.5	3.78	0	0.008	0.316	0.07	-0.2	0.331	0.222	-0.5	0.308	0.137	-0.5	21.700000000000003	22.299999999999997	23.35	2025-05-07
2025-05-07T19:15:00Z	1.038	61	2	20.03	19.07	19	101.89	2.188	24	6	0.75	200.7	0.1	0	0	19.1	2.04	0	0.007	0.317	0.07	-0.2	0.334	0.225	-0.5	0.309	0.138	-0.5	21.700000000000003	22.299999999999997	23.35	2025-05-07
2025-05-07T19:30:00Z	1.362	80	4	19.96	18.82	18.7	101.78	2.156	32.6	9	1.4	104.1	0.1	1	1	18.9	3.69	0	0.005	0.317	0.069	-0.2	0.334	0.226	-0.5	0.31	0.139	-0.5	21.700000000000003	22.299999999999997	23.35	2025-05-07
2025-05-07T19:45:00Z	1.294	76	3	19.96	18.6	18.2	101.55	2.089	91.7	8.4	2.42	105.6	0.1	1	1	18.8	7.22	0	0.005	0.317	0.068	-0.2	0.334	0.226	-0.4	0.311	0.14	-0.5	21.700000000000003	22.25	23.299999999999997	2025-05-07
2025-05-07T20:00:00Z	0.119	7	0	19.84	18.4	17.9	101.24	2.053	113.5	3	2.93	92.6	0.1	0	0	18.6	6.71	0	0	0.317	0.067	-0.2	0.333	0.227	-0.4	0.312	0.14	-0.5	21.65	22.25	23.25	2025-05-07
2025-05-07T20:15:00Z	0	0	0	20.22	18.52	18	101.29	2.066	186.2	0	2.21	321.5	0.2	0	0	18.6	6	0	0	0.317	0.066	-0.2	0.332	0.228	-0.4	0.313	0.14	-0.5	21.65	22.200000000000003	23.25	2025-05-07
2025-05-07T20:30:00Z	0	0	0	21.13	19.18	18.4	101.4	2.109	295.4	0	1.5	8.4	0.1	0	0	19.2	4.86	0	0	0.316	0.066	-0.2	0.33	0.227	-0.4	0.313	0.139	-0.5	21.6	22.200000000000003	23.25	2025-05-07
2025-05-07T20:45:00Z	0	0	0	21.74	19.75	19.1	101.33	2.204	303.8	0	1.13	74	0.1	0	0	19.9	2.45	0	0	0.315	0.066	-0.2	0.328	0.226	-0.4	0.313	0.14	-0.5	21.6	22.200000000000003	23.25	2025-05-07
2025-05-07T21:00:00Z	0	0	0	22.34	20.2	19.4	101.32	2.244	349.9	0	1.05	82.6	0.1	0	0	20.4	2.09	0	0	0.315	0.066	-0.2	0.327	0.225	-0.4	0.313	0.138	-0.5	21.6	22.200000000000003	23.25	2025-05-07
2025-05-07T21:15:00Z	0	0	0	22.97	20.74	20	101.28	2.341	416.3	0	1.5	108.7	0.1	0	0	21.2	3.66	0	0	0.315	0.066	-0.2	0.326	0.223	-0.4	0.313	0.139	-0.5	21.700000000000003	22.200000000000003	23.25	2025-05-07
2025-05-07T21:30:00Z	0	0	0	23.34	21.29	20.5	101.24	2.405	393.6	0	1.25	84.7	0.1	0	0	21.9	2.73	0	0	0.315	0.067	-0.2	0.324	0.223	-0.4	0.312	0.139	-0.5	21.799999999999997	22.200000000000003	23.25	2025-05-07
2025-05-07T21:45:00Z	0	0	0	23.92	21.91	21.3	101.23	2.528	452.9	0	1.75	87.7	0.1	0	0	22.7	3.54	0	0	0.314	0.066	-0.2	0.323	0.221	-0.4	0.312	0.138	-0.5	21.95	22.200000000000003	23.200000000000003	2025-05-07
2025-05-07T22:00:00Z	0	0	0	23.45	22.21	21.4	101.21	2.517	334.1	0	1.54	107.5	0.1	0	0	22.9	3.73	0.03	0	0.314	0.065	-0.2	0.322	0.217	-0.4	0.312	0.139	-0.5	22.1	22.25	23.15	2025-05-07
2025-05-07T22:15:00Z	0	0	0	24.25	22.61	21.8	101.19	2.529	465	0	1.57	106.4	0.1	0	0	23.3	3.61	0.09	0	0.314	0.067	-0.2	0.32	0.216	-0.4	0.311	0.137	-0.5	22.25	22.299999999999997	23.15	2025-05-07
2025-05-07T22:30:00Z	0	0	0	23.97	23.04	22.1	101.19	2.526	376.8	0	1.3	94	0.1	0	0	23.8	3.19	0.14	0	0.314	0.067	-0.2	0.319	0.215	-0.4	0.311	0.137	-0.5	22.4	22.299999999999997	23.15	2025-05-07
2025-05-07T22:45:00Z	0	0	0	23.78	23.21	22.5	101.19	2.488	409.9	0	1.74	98.3	0.1	0	0	24.2	5.09	0.24	0	0.314	0.066	-0.2	0.319	0.214	-0.4	0.31	0.137	-0.5	22.6	22.35	23.15	2025-05-07
2025-05-07T23:00:00Z	0	0	0	23.23	23.24	22.5	101.2	2.403	327.2	0	1.59	125.3	0.1	0	0	24.3	3.54	0.33	0	0.314	0.066	-0.2	0.318	0.213	-0.4	0.31	0.137	-0.5	22.8	22.4	23.15	2025-05-07
2025-05-07T23:15:00Z	0	0	0	22.65	23.21	22.7	101.21	2.353	268	0	1.73	119.1	0.2	0	0	24.2	3.9	0.41	0	0.313	0.065	-0.2	0.316	0.21	-0.4	0.309	0.136	-0.5	22.95	22.45	23.15	2025-05-07
2025-05-07T23:30:00Z	0	0	0	22.27	23.16	22.8	101.22	2.336	214.3	0	1.4	138.2	0.1	0	0	24	3.55	0.44	0	0.313	0.065	-0.2	0.315	0.209	-0.4	0.309	0.136	-0.5	23.05	22.55	23.15	2025-05-07
2025-05-07T23:45:00Z	0	0	0	21.86	23.12	22.8	101.22	2.33	164	0	1.04	134.4	0.1	0	0	23.8	2.99	0.44	0	0.313	0.065	-0.2	0.315	0.209	-0.4	0.308	0.137	-0.5	23.2	22.55	23.15	2025-05-07
2025-05-08T00:00:00Z	0	0	0	21.39	23.03	22.6	101.24	2.303	113.1	0	0.76	61.8	0.1	0	0	23.5	1.86	0.44	0	0.312	0.065	-0.2	0.314	0.208	-0.4	0.308	0.137	-0.5	23.3	22.65	23.15	2025-05-08
2025-05-08T00:15:00Z	0	0	0	20.73	22.67	22	101.27	2.317	68.9	0	0.86	12.4	0.1	0	0	23	2.41	0.33	0	0.312	0.065	-0.2	0.313	0.207	-0.4	0.308	0.137	-0.5	23.4	22.700000000000003	23.1	2025-05-08
2025-05-08T00:30:00Z	0	0	0	20	21.61	20.7	101.31	2.262	29	0	0.81	339.6	0.1	0	0	22	1.33	0.18	0	0.312	0.065	-0.2	0.313	0.205	-0.4	0.307	0.137	-0.5	23.4	22.700000000000003	23.1	2025-05-08
2025-05-08T00:45:00Z	0	0	0	19.41	20.58	19.9	101.36	2.177	5.7	0	0.65	261.8	0.2	0	0	20.6	1.14	0.14	0	0.312	0.064	-0.2	0.312	0.204	-0.4	0.307	0.137	-0.5	23.35	22.799999999999997	23.1	2025-05-08
2025-05-08T01:00:00Z	0	0	0	19.05	19.75	19.6	101.38	2.124	0	0	0.44	5.3	0.1	0	0	19.6	0.72	0.15	0	0.312	0.065	-0.2	0.312	0.202	-0.4	0.307	0.136	-0.5	23.35	22.85	23.1	2025-05-08
2025-05-08T01:15:00Z	0	0	0	18.61	19.07	18.8	101.41	2.08	0	0	0.39	150.3	0.1	0	0	18.9	1.11	0.09	0	0.312	0.064	-0.2	0.312	0.201	-0.4	0.306	0.136	-0.5	23.299999999999997	22.9	23.1	2025-05-08
2025-05-08T01:30:00Z	0	0	0	18.34	18.52	18.4	101.43	2.039	0	0	0.5	324.4	0.1	0	0	18.4	0.94	0.08	0	0.312	0.063	-0.2	0.312	0.201	-0.4	0.306	0.136	-0.5	23.200000000000003	22.9	23.1	2025-05-08
2025-05-08T01:45:00Z	0	0	0	18.03	18.08	18	101.44	2.01	0	0	0.36	265.1	0.1	0	0	18	0.93	0.05	0	0.312	0.062	-0.2	0.311	0.199	-0.4	0.306	0.136	-0.5	23.1	22.9	23.1	2025-05-08
2025-05-08T02:00:00Z	0	0	0	17.9	17.7	17.8	101.44	1.994	0	0	0.38	219.5	0.1	0	0	17.8	1.02	0.05	0	0.312	0.063	-0.2	0.311	0.198	-0.4	0.306	0.136	-0.5	22.950000000000003	22.95	23.1	2025-05-08
2025-05-08T02:15:00Z	0	0	0	17.78	17.49	17.7	101.44	1.971	0	0	0.27	298.3	0.1	0	0	17.5	0.76	0.06	0	0.312	0.063	-0.2	0.311	0.197	-0.4	0.306	0.136	-0.5	22.85	22.95	23.1	2025-05-08
2025-05-08T02:30:00Z	0	0	0	17.48	17.38	17.3	101.44	1.955	0	0	0.41	254.4	0.1	0	0	17.3	0.88	0.02	0	0.312	0.061	-0.2	0.31	0.197	-0.4	0.305	0.135	-0.5	22.75	22.95	23.1	2025-05-08
2025-05-08T02:45:00Z	0	0	0	17.35	17.06	17.2	101.45	1.935	0	0	0.44	274.9	0.1	0	0	17.1	0.83	0.03	0	0.312	0.062	-0.2	0.31	0.196	-0.4	0.305	0.135	-0.5	22.6	22.95	23.1	2025-05-08
2025-05-08T03:00:00Z	0	0	0	17.31	16.84	17.2	101.46	1.909	0	0	0.33	304	0.1	0	0	16.8	0.56	0.05	0	0.312	0.061	-0.2	0.31	0.196	-0.4	0.305	0.134	-0.5	22.5	22.9	23.1	2025-05-08
2025-05-08T03:15:00Z	0	0	0	17.16	16.76	17	101.46	1.898	0	0	0.23	327.4	0.1	0	0	16.7	0.48	0.04	0	0.312	0.061	-0.2	0.309	0.195	-0.4	0.305	0.134	-0.5	22.4	22.9	23.1	2025-05-08
2025-05-08T03:30:00Z	0	0	0	17	16.56	17	101.47	1.893	0	0	0.33	294.2	0.1	0	0	16.6	0.74	0.04	0	0.312	0.061	-0.2	0.309	0.195	-0.4	0.305	0.135	-0.5	22.3	22.9	23.1	2025-05-08
2025-05-08T03:45:00Z	0	0	0	16.9	16.61	16.9	101.48	1.883	0	0	0.31	330.1	0.1	0	0	16.6	0.67	0.04	0	0.312	0.061	-0.2	0.309	0.194	-0.4	0.305	0.136	-0.5	22.2	22.8	23.1	2025-05-08
2025-05-08T04:00:00Z	0	0	0	17.34	16.59	16.9	101.48	1.896	0	0	0.21	193.2	0.1	0	0	16.7	0.55	0.02	0	0.312	0.061	-0.2	0.309	0.194	-0.4	0.305	0.133	-0.5	22	22.8	23.1	2025-05-08
2025-05-08T04:15:00Z	0	0	0	18.55	16.85	17	101.49	1.933	0	0	0.31	269.9	0.1	0	0	17	0.61	0.01	0	0.312	0.061	-0.2	0.308	0.194	-0.4	0.304	0.132	-0.5	21.9	22.75	23.1	2025-05-08
2025-05-08T04:30:00Z	0	0	0	19.2	17.23	17.4	101.5	1.976	0	0	0.16	86.3	0.1	0	0	17.4	0.64	0	0	0.312	0.06	-0.2	0.308	0.193	-0.4	0.304	0.133	-0.5	21.8	22.700000000000003	23.1	2025-05-08
2025-05-08T04:45:00Z	0	0	0	19.47	17.73	17.8	101.5	2.029	0	0	0.33	338.3	0.1	0	0	17.8	0.7	0	0	0.312	0.061	-0.2	0.308	0.194	-0.4	0.304	0.133	-0.5	21.75	22.65	23.1	2025-05-08
2025-05-08T05:00:00Z	0	0	0	19.55	18	18	101.49	2.055	0	0	0.51	309.8	0.1	0	0	18.1	1.04	0	0	0.312	0.061	-0.2	0.308	0.194	-0.4	0.304	0.133	-0.6	21.7	22.6	23.1	2025-05-08
2025-05-08T05:15:00Z	0	0	0	19.6	18.21	18.3	101.49	2.096	0	0	0.14	283.1	0.1	0	0	18.3	0.4	0	0	0.312	0.06	-0.2	0.308	0.193	-0.4	0.304	0.132	-0.6	21.6	22.6	23.1	2025-05-08
2025-05-08T05:30:00Z	0	0	0	19.63	18.35	18.4	101.5	2.117	0	0	0.2	234.6	0.1	0	0	18.5	0.43	0	0	0.312	0.06	-0.2	0.307	0.193	-0.4	0.304	0.132	-0.6	21.6	22.5	23.1	2025-05-08
2025-05-08T05:45:00Z	0	0	0	19.18	18.39	18.5	101.5	2.123	0	0	0.22	152	0.1	0	0	18.5	0.5	0	0	0.312	0.061	-0.2	0.307	0.192	-0.4	0.304	0.132	-0.6	21.549999999999997	22.5	23.1	2025-05-08
2025-05-08T06:00:00Z	0	0	0	18.77	18.3	18.3	101.5	2.105	0	0	0.31	234	0.1	0	0	18.4	0.69	0	0	0.312	0.06	-0.2	0.307	0.191	-0.4	0.304	0.13	-0.6	21.5	22.450000000000003	23.1	2025-05-08
2025-05-08T06:15:00Z	0	0	0	18.26	18.18	18.2	101.5	2.078	0	0	0.57	332.2	0.1	0	0	18.2	0.88	0.01	0	0.312	0.06	-0.2	0.307	0.191	-0.4	0.304	0.13	-0.6	21.5	22.4	23.1	2025-05-08
2025-05-08T06:30:00Z	0	0	0	17.07	17.91	17.9	101.49	2.042	0	0	0.34	257.3	0.1	0	0	17.8	0.63	0.01	0	0.312	0.061	-0.2	0.306	0.19	-0.4	0.304	0.132	-0.6	21.450000000000003	22.35	23.1	2025-05-08
2025-05-08T06:45:00Z	0	0	0	16.8	17.39	17.4	101.48	1.973	0	0	0.4	332.3	0.1	0	0	17.4	0.85	0.01	0	0.312	0.061	-0.2	0.306	0.19	-0.4	0.304	0.131	-0.6	21.450000000000003	22.35	23.1	2025-05-08
2025-05-08T07:00:00Z	0	0	0	16.63	17.29	17.3	101.48	1.955	0	0	0.49	179.1	0.2	0	0	17.2	1.41	0.02	0	0.312	0.061	-0.2	0.306	0.19	-0.4	0.303	0.13	-0.6	21.4	22.299999999999997	23.1	2025-05-08
2025-05-08T07:15:00Z	0	0	0	16.42	17.09	17.1	101.47	1.933	0	0	0.63	14.3	0.1	0	0	17	1.26	0.01	0	0.312	0.059	-0.2	0.306	0.19	-0.4	0.303	0.13	-0.6	21.35	22.25	23.1	2025-05-08
2025-05-08T07:30:00Z	0	0	0	16.39	17.06	17.1	101.49	1.928	0	0	0.61	110	0.1	0	0	17	1.47	0.02	0	0.312	0.059	-0.2	0.306	0.189	-0.4	0.303	0.129	-0.6	21.3	22.25	23.049999999999997	2025-05-08
2025-05-08T07:45:00Z	0	0	0	16.22	16.8	16.8	101.49	1.879	0	0	0.51	346.6	0.1	0	0	16.6	1.07	0.03	0	0.312	0.059	-0.2	0.306	0.189	-0.4	0.303	0.129	-0.6	21.2	22.25	23.049999999999997	2025-05-08
2025-05-08T08:00:00Z	0	0	0	16.1	16.88	16.9	101.48	1.871	0	0	0.64	354.2	0.1	0	0	16.5	1.14	0.05	0	0.312	0.058	-0.2	0.306	0.188	-0.4	0.303	0.129	-0.6	21.15	22.15	23.049999999999997	2025-05-08
2025-05-08T08:15:00Z	0	0	0	15.88	16.54	16.5	101.48	1.863	0	0	0.33	137.5	0.2	0	0	16.4	0.81	0.02	0	0.312	0.059	-0.2	0.305	0.187	-0.4	0.303	0.129	-0.6	21.1	22.15	23	2025-05-08
2025-05-08T08:30:00Z	0	0	0	15.83	16.38	16.4	101.48	1.843	0	0	0.36	2.6	0.1	0	0	16.2	0.81	0.02	0	0.312	0.059	-0.2	0.305	0.186	-0.4	0.303	0.129	-0.6	21	22.15	23	2025-05-08
2025-05-08T08:45:00Z	0	0	0	15.67	16.05	15.9	101.48	1.802	0	0	0.43	183.9	0.2	0	0	16	1.17	0.01	0	0.312	0.059	-0.2	0.305	0.187	-0.4	0.303	0.129	-0.6	20.9	22.049999999999997	23	2025-05-08
2025-05-08T09:00:00Z	0	0	0	15.65	15.91	16.1	101.48	1.79	0	0	0.29	11.9	0.1	0	0	15.8	0.61	0.04	0	0.312	0.059	-0.2	0.305	0.187	-0.4	0.303	0.129	-0.6	20.8	22.049999999999997	23	2025-05-08
2025-05-08T09:15:00Z	0	0	0	15.49	15.73	15.8	101.47	1.76	0	0	0.26	353.9	0.1	0	0	15.5	0.55	0.03	0	0.312	0.058	-0.2	0.305	0.187	-0.4	0.303	0.129	-0.6	20.75	22	23	2025-05-08
2025-05-08T09:30:00Z	0	0	0	15.42	15.46	15.7	101.47	1.754	0	0	0.27	194.9	0.1	0	0	15.4	0.56	0.02	0	0.312	0.059	-0.2	0.305	0.187	-0.4	0.303	0.129	-0.6	20.65	21.950000000000003	22.950000000000003	2025-05-08
2025-05-08T09:45:00Z	0	0	0	15.34	15.38	15.7	101.46	1.749	0	0	0.29	182.1	0.1	0	0	15.4	0.75	0.03	0	0.312	0.058	-0.2	0.305	0.186	-0.4	0.303	0.129	-0.6	20.6	21.9	22.950000000000003	2025-05-08
2025-05-08T10:00:00Z	0	0	0	15.21	15.39	15.5	101.47	1.745	0	0	0.22	164.7	0.1	0	0	15.4	0.55	0.01	0	0.312	0.058	-0.2	0.304	0.186	-0.4	0.303	0.129	-0.6	20.55	21.9	22.950000000000003	2025-05-08
2025-05-08T10:15:00Z	0	0	0	15.16	15.23	15.4	101.48	1.706	0	0	0.34	3.1	0.1	0	0	15	0.85	0.05	0	0.312	0.059	-0.2	0.304	0.185	-0.4	0.303	0.129	-0.6	20.45	21.8	22.950000000000003	2025-05-08
2025-05-08T10:30:00Z	0	0	0	14.98	15.32	15.3	101.49	1.706	0	0	0.35	302.1	0.1	0	0	15	0.73	0.03	0	0.312	0.058	-0.2	0.304	0.185	-0.4	0.303	0.129	-0.6	20.35	21.8	22.950000000000003	2025-05-08
2025-05-08T10:45:00Z	0	0	0	14.9	15.11	15.2	101.5	1.701	0	0	0.52	195.6	0.1	0	0	15	1.02	0.02	0	0.312	0.057	-0.2	0.304	0.184	-0.4	0.303	0.129	-0.6	20.25	21.75	22.950000000000003	2025-05-08
2025-05-08T11:00:00Z	0	0	0	14.85	15.1	15.2	101.51	1.697	0	0	0.35	345.1	0.2	0	0	15	0.88	0.03	0	0.312	0.058	-0.2	0.304	0.183	-0.4	0.303	0.129	-0.6	20.25	21.7	22.9	2025-05-08
2025-05-08T11:15:00Z	0	0	0	14.77	14.96	15	101.52	1.698	0	0	0.22	155.8	0.1	0	0	15	0.64	0.01	0	0.312	0.057	-0.2	0.304	0.184	-0.4	0.303	0.129	-0.6	20.15	21.65	22.9	2025-05-08
2025-05-08T11:30:00Z	0	0	0	14.82	14.85	15	101.55	1.687	9.7	0	0.18	86.6	0.2	0	0	14.9	0.48	0.02	0	0.312	0.057	-0.2	0.304	0.184	-0.4	0.303	0.129	-0.6	20.05	21.6	22.85	2025-05-08
2025-05-08T11:45:00Z	0	0	0	15.09	15.11	15.1	101.56	1.685	35.1	0	0.51	341.1	0.2	0	0	14.9	0.93	0.03	0	0.312	0.057	-0.2	0.304	0.183	-0.4	0.303	0.129	-0.6	20	21.55	22.85	2025-05-08
2025-05-08T12:00:00Z	0	0	0	15.61	15.65	15.2	101.57	1.727	88.9	0	0.39	18.1	0.1	0	0	15.4	0.97	0	0	0.312	0.056	-0.2	0.303	0.183	-0.4	0.302	0.129	-0.6	19.95	21.45	22.85	2025-05-08
2025-05-08T12:15:00Z	0	0	0	16.36	16.49	16.2	101.58	1.83	134.6	0	0.53	169.3	0.2	0	0	16.3	1.09	0	0	0.312	0.057	-0.2	0.303	0.183	-0.4	0.302	0.129	-0.6	19.85	21.45	22.85	2025-05-08
2025-05-08T12:30:00Z	0	0	0	17.31	17.82	17.1	101.6	1.951	187.6	0	0.25	98.5	0.1	0	0	17.4	0.61	0	0	NA	NA	NA	NA	NA	NA	NA	NA	NA	NA	NA	NA	2025-05-08
2025-05-08T12:45:00Z	0	0	0	18.15	19.32	18.2	101.62	2.089	238.4	0	0.3	134.8	0.1	0	0	18.6	0.88	0	0	NA	NA	NA	NA	NA	NA	NA	NA	NA	NA	NA	NA	2025-05-08
2025-05-08T13:00:00Z	0	0	0	19.1	19.9	19.3	101.63	2.238	292.9	0	0.59	121.3	0.1	0	0	19.6	1.34	0	0	NA	NA	NA	NA	NA	NA	NA	NA	NA	NA	NA	NA	2025-05-08
2025-05-08T13:15:00Z	0	0	0	20.07	20.88	20.1	101.64	2.346	345.5	0	0.72	85.6	0.1	0	0	20.5	2.24	0	0	NA	NA	NA	NA	NA	NA	NA	NA	NA	NA	NA	NA	2025-05-08
2025-05-08T13:30:00Z	0	0	0	21.01	21.95	20.8	101.64	2.447	397.1	0	0.69	97.4	0.1	0	0	21.3	1.87	0	0	NA	NA	NA	NA	NA	NA	NA	NA	NA	NA	NA	NA	2025-05-08
2025-05-08T13:45:00Z	0	0	0	21.98	23.04	21.4	101.65	2.539	446.4	0	0.78	65.9	0.1	0	0	22.2	2.18	0.01	0	NA	NA	NA	NA	NA	NA	NA	NA	NA	NA	NA	NA	2025-05-08
2025-05-08T14:00:00Z	0	0	0	22.84	24	22.1	101.66	2.607	495	0	1.13	62.4	0.1	0	0	23.1	2.51	0.05	0	NA	NA	NA	NA	NA	NA	NA	NA	NA	NA	NA	NA	2025-05-08
2025-05-08T14:15:00Z	0	0	0	23.5	24.63	22.5	101.65	2.625	535.4	0	1.67	83	0.1	0	0	24	3.12	0.09	0	NA	NA	NA	NA	NA	NA	NA	NA	NA	NA	NA	NA	2025-05-08
2025-05-08T14:30:00Z	0	0	0	24.67	25.19	23.1	101.65	2.576	573.7	0	1.1	78.6	0.1	0	0	24.8	2.64	0.24	0	NA	NA	NA	NA	NA	NA	NA	NA	NA	NA	NA	NA	2025-05-08
2025-05-08T14:45:00Z	0	0	0	25.39	25.76	23.5	101.64	2.513	614.9	0	1.35	49.8	0.1	0	0	25.7	3.52	0.39	0	NA	NA	NA	NA	NA	NA	NA	NA	NA	NA	NA	NA	2025-05-08
2025-05-08T15:00:00Z	0	0	0	25.76	26	23.9	101.63	2.395	645.7	0	1.78	38.8	0.1	0	0	26.1	4.37	0.56	0	NA	NA	NA	NA	NA	NA	NA	NA	NA	NA	NA	NA	2025-05-08
2025-05-08T15:15:00Z	0	0	0	26.91	26.98	24.6	101.63	2.379	653.4	0	1.36	82.5	0.1	0	0	26.8	3.05	0.7	0	NA	NA	NA	NA	NA	NA	NA	NA	NA	NA	NA	NA	2025-05-08
2025-05-08T15:30:00Z	0	0	0	27.6	27.56	24.5	101.64	2.338	681.9	0	1.29	4.4	0.1	0	0	27.5	3.51	0.74	0	NA	NA	NA	NA	NA	NA	NA	NA	NA	NA	NA	NA	2025-05-08
2025-05-08T15:45:00Z	0	0	0	28.37	27.97	25	101.63	2.311	756.3	0	1.35	53.7	0	0	0	27.8	3.17	0.85	0	NA	NA	NA	NA	NA	NA	NA	NA	NA	NA	NA	NA	2025-05-08
2025-05-08T16:00:00Z	0	0	0	28.63	28.45	25.4	101.63	2.27	828	0	1.73	42.2	0	0	0	28.3	5.05	0.97	0	NA	NA	NA	NA	NA	NA	NA	NA	NA	NA	NA	NA	2025-05-08
2025-05-08T16:15:00Z	0	0	0	29.19	28.57	25.5	101.62	2.223	894.2	0	1.79	62.1	0	0	0	28.4	4.05	1.04	0	NA	NA	NA	NA	NA	NA	NA	NA	NA	NA	NA	NA	2025-05-08
2025-05-08T16:30:00Z	0	0	0	29.87	28.72	25.7	101.61	2.209	947.4	0	1.63	11.6	0.1	0	0	28.6	4.8	1.09	0	NA	NA	NA	NA	NA	NA	NA	NA	NA	NA	NA	NA	2025-05-08
2025-05-08T16:45:00Z	0	0	0	30.13	29.13	26.1	101.6	2.176	976.2	0	1.81	86.5	0	0	0	28.8	4	1.21	0	NA	NA	NA	NA	NA	NA	NA	NA	NA	NA	NA	NA	2025-05-08
2025-05-08T17:00:00Z	0	0	0	30.6	29.41	26	101.58	2.154	994.6	0	1.46	359.4	0.1	0	0	29	5.24	1.21	0	NA	NA	NA	NA	NA	NA	NA	NA	NA	NA	NA	NA	2025-05-08
2025-05-08T17:15:00Z	0	0	0	31	29.31	26.2	101.56	2.176	1009.6	0	1.74	357.4	0.1	0	0	29.1	4.42	1.23	0	NA	NA	NA	NA	NA	NA	NA	NA	NA	NA	NA	NA	2025-05-08
2025-05-08T17:30:00Z	0	0	0	31.65	29.87	26.8	101.55	2.175	1025.5	0	1.46	35.2	0.1	0	0	29.4	3.45	1.34	0	NA	NA	NA	NA	NA	NA	NA	NA	NA	NA	NA	NA	2025-05-08
2025-05-08T17:45:00Z	0	0	0	32	30.35	26.8	101.52	2.143	1034.3	0	1.36	88.7	0	0	0	29.6	3.63	1.38	0	NA	NA	NA	NA	NA	NA	NA	NA	NA	NA	NA	NA	2025-05-08
2025-05-08T18:00:00Z	0	0	0	32.5	30.57	27.2	101.5	2.178	990.2	0	1.1	80.8	0.1	0	0	29.8	3.87	1.42	0	NA	NA	NA	NA	NA	NA	NA	NA	NA	NA	NA	NA	2025-05-08
2025-05-08T18:15:00Z	0	0	0	32.24	30.08	27	101.48	2.117	914.3	0	1.82	359.7	0	0	0	30	3.61	1.46	0	NA	NA	NA	NA	NA	NA	NA	NA	NA	NA	NA	NA	2025-05-08
2025-05-08T18:30:00Z	0	0	0	32.58	29.95	27.3	101.46	2.09	986.2	0	1.2	347.4	0.1	0	0	30.1	4.31	1.54	0	NA	NA	NA	NA	NA	NA	NA	NA	NA	NA	NA	NA	2025-05-08
2025-05-08T18:45:00Z	0	0	0	32.34	29.39	27.6	101.45	2.059	1010.3	0	1.48	51.8	0.1	0	0	30.3	3.5	1.64	0	NA	NA	NA	NA	NA	NA	NA	NA	NA	NA	NA	NA	2025-05-08
2025-05-08T19:00:00Z	0	0	0	32.95	29.28	27.9	101.43	2.062	1033.2	0	1.29	15.4	0	0	0	30.5	3.67	1.69	0	NA	NA	NA	NA	NA	NA	NA	NA	NA	NA	NA	NA	2025-05-08
2025-05-08T19:15:00Z	0	0	0	33.6	29.59	28.3	101.42	2.09	1059.6	0	1.15	71.4	0.1	0	0	31.1	4.53	1.76	0	NA	NA	NA	NA	NA	NA	NA	NA	NA	NA	NA	NA	2025-05-08
2025-05-08T19:30:00Z	0	0	0	31.5	29.33	28	101.41	2.064	696.6	0	1.4	126.1	0	0	0	30.5	3.06	1.71	0	NA	NA	NA	NA	NA	NA	NA	NA	NA	NA	NA	NA	2025-05-08
2025-05-08T19:45:00Z	0	0	0	33.75	29.98	28.6	101.39	2.112	1010.9	0	1.03	77.6	0	0	0	31.4	2.87	1.81	0	NA	NA	NA	NA	NA	NA	NA	NA	NA	NA	NA	NA	2025-05-08
2025-05-08T20:00:00Z	0	0	0	33.38	30.34	28.8	101.36	2.087	981.8	0	1.48	156.4	0	0	0	31.7	3.44	1.88	0	NA	NA	NA	NA	NA	NA	NA	NA	NA	NA	NA	NA	2025-05-08
2025-05-08T20:15:00Z	0	0	0	31.05	30.24	28.2	101.33	2.023	492.8	0	1.06	227.1	0	0	0	31	2.24	1.8	0	NA	NA	NA	NA	NA	NA	NA	NA	NA	NA	NA	NA	2025-05-08
2025-05-08T20:30:00Z	0	0	0	32.89	30.43	28.7	101.32	2.077	891.8	0	1.28	318.7	0.1	0	0	31.2	2.87	1.87	0	NA	NA	NA	NA	NA	NA	NA	NA	NA	NA	NA	NA	2025-05-08
2025-05-08T20:45:00Z	0	0	0	33.86	30.8	29.2	101.3	2.125	847.6	0	1	31.3	0.1	0	0	32.4	3.08	1.93	0	NA	NA	NA	NA	NA	NA	NA	NA	NA	NA	NA	NA	2025-05-08
2025-05-08T21:00:00Z	0	0	0	31.4	29.98	28.5	101.31	2.252	565.8	0	2.2	129.4	0.1	0	0	31.7	4.34	1.63	0	NA	NA	NA	NA	NA	NA	NA	NA	NA	NA	NA	NA	2025-05-08
