timestamp	latitude	longitude	precipitation	land_surface_temperature	air_temperature	atmospheric_pressure	vapor_pressure	solar_radiation	wind_speed	wind_direction	lightning_distance	lightning_activity	gust_speed	VPD	EC	NDVI	water_content_5cm	saturation_extract_EC_5cm	matric_potential_5cm	water_content_10cm	saturation_extract_EC_10cm	water_content_20cm	saturation_extract_EC_20cm	matric_potential_20cm	water_content_50cm	saturation_extract_EC_50cm	matric_potential_50cm	water_content_100cm	saturation_extract_EC_100cm	soil_temperature_5cm	soil_temperature_10cm	soil_temperature_20cm	soil_temperature_50cm	soil_temperature_100cm
2025-08-27 00:00:00	32.4113	-93.639	0	22.19	21.7	101.61	2.049	0	1.77	51.5	0	0	3.41	0.55	0	NA	0.261	1.195	-1362.1	0.237	0.714	0.349	2.806	-1395.7	0.195	1.557	-528.8	0.266	1.837	28.45	28.4	28	27.55	26.7
2025-08-27 00:15:00	32.4113	-93.639	0	22.13	21.6	101.61	2.056	0	1.72	51	0	0	3.54	0.53	0	NA	0.261	1.193	-1363	0.237	0.714	0.349	2.807	-1401.2	0.195	1.532	-527.2	0.266	1.833	28.4	28.3	28	27.55	26.7
2025-08-27 00:30:00	32.4113	-93.639	0	22.11	21.6	101.63	2.059	0	1.65	50.3	0	0	3.43	0.52	0	NA	0.261	1.191	-1364.6	0.237	0.712	0.349	2.807	-1408.9	0.195	1.557	-527.3	0.266	1.832	28.35	28.3	28	27.55	26.7
2025-08-27 00:45:00	32.4113	-93.639	0	22.02	21.5	101.62	2.065	0	1.46	56	0	0	3.18	0.5	0	NA	0.261	1.189	-1364.9	0.237	0.711	0.349	2.807	-1403.4	0.195	1.558	-528.4	0.266	1.833	28.299999999999997	28.2	28	27.55	26.7
2025-08-27 01:00:00	32.4113	-93.639	0	21.95	21.4	101.61	2.067	0	1.6	64.8	0	0	3.07	0.48	0	NA	0.26	1.189	-1375.6	0.237	0.711	0.349	2.807	-1405.1	0.195	1.554	-528.1	0.267	1.832	28.25	28.2	28	27.55	26.7
2025-08-27 01:15:00	32.4113	-93.639	0	22	21.5	101.62	2.069	0	1.48	54.4	0	0	2.83	0.49	0	NA	0.26	1.187	-1363.3	0.237	0.71	0.349	2.801	-1403.1	0.195	1.554	-527.1	0.267	1.832	28.15	28.1	27.95	27.55	26.7
2025-08-27 01:30:00	32.4113	-93.639	0	21.97	21.5	101.64	2.071	0	1.03	53.2	0	0	2.36	0.49	0	NA	0.26	1.185	-1370.2	0.237	0.709	0.349	2.802	-1405.7	0.195	1.554	-527.6	0.267	1.837	28.1	28.1	27.95	27.55	26.7
2025-08-27 01:45:00	32.4113	-93.639	0	21.86	21.4	101.63	2.077	0	0.9	66.5	0	0	2.44	0.46	0	NA	0.26	1.185	-1365.5	0.237	0.707	0.349	2.802	-1397.6	0.195	1.554	-527.5	0.267	1.832	28.049999999999997	28	27.95	27.55	26.7
2025-08-27 02:00:00	32.4113	-93.639	0	21.77	21.3	101.62	2.083	0	0.61	84.9	0	0	1.82	0.45	0	NA	0.26	1.183	-1369.6	0.237	0.708	0.349	2.802	-1403.1	0.195	1.557	-527.6	0.266	1.832	28	28	27.95	27.55	26.7
2025-08-27 02:15:00	32.4113	-93.639	0	21.8	21.3	101.62	2.09	0	0.64	73.8	0	0	1.42	0.44	0	NA	0.26	1.178	-1367.1	0.237	0.708	0.349	2.802	-1407.3	0.195	1.554	-527.3	0.266	1.832	27.950000000000003	27.9	27.95	27.55	26.7
2025-08-27 02:30:00	32.4113	-93.639	0	21.84	21.3	101.62	2.096	0	0.87	54.6	0	0	1.55	0.43	0	NA	0.26	1.179	-1368.3	0.237	0.707	0.349	2.804	-1406.7	0.195	1.554	-527.8	0.267	1.832	27.9	27.9	27.9	27.55	26.7
2025-08-27 02:45:00	32.4113	-93.639	0	21.95	21.3	101.61	2.1	0	0.93	56.6	0	0	1.97	0.43	0	NA	0.26	1.179	-1377.5	0.237	0.706	0.349	2.804	-1396.7	0.195	1.554	-527.7	0.266	1.832	27.85	27.9	27.9	27.55	26.7
2025-08-27 03:00:00	32.4113	-93.639	0	22	21.3	101.61	2.108	0	0.69	79.2	0	0	2.09	0.42	0	NA	0.26	1.174	-1369.3	0.237	0.705	0.349	2.804	-1397.6	0.195	1.554	-527.8	0.267	1.832	27.8	27.8	27.85	27.55	26.7
2025-08-27 03:15:00	32.4113	-93.639	0	21.99	21.3	101.62	2.116	0	0.81	135.2	0	0	1.47	0.42	0	NA	0.26	1.174	-1368	0.237	0.704	0.349	2.804	-1402.8	0.195	1.554	-528.7	0.267	1.832	27.75	27.8	27.85	27.55	26.7
2025-08-27 03:30:00	32.4113	-93.639	0	21.92	21.3	101.63	2.122	0	0.6	76.5	0	0	1.35	0.41	0	NA	0.26	1.172	-1378.1	0.237	0.706	0.349	2.804	-1403.1	0.195	1.554	-526.9	0.266	1.832	27.7	27.8	27.85	27.55	26.7
2025-08-27 03:45:00	32.4113	-93.639	0	21.74	21.3	101.62	2.122	0	0.75	71.3	0	0	1.58	0.41	0	NA	0.26	1.173	-1368.7	0.237	0.703	0.349	2.806	-1404.4	0.195	1.554	-528.8	0.266	1.832	27.65	27.7	27.799999999999997	27.55	26.7
2025-08-27 04:00:00	32.4113	-93.639	0	21.69	21.2	101.63	2.121	0	0.58	63.6	0	0	1.03	0.39	0	NA	0.26	1.17	-1367.7	0.237	0.701	0.349	2.806	-1403.1	0.195	1.554	-529.4	0.266	1.833	27.6	27.7	27.799999999999997	27.55	26.7
2025-08-27 04:15:00	32.4113	-93.639	0	21.63	21.2	101.62	2.131	0	0.71	75.6	0	0	1.83	0.38	0	NA	0.26	1.171	-1377.8	0.237	0.703	0.349	2.8	-1408	0.195	1.554	-529.5	0.267	1.832	27.55	27.6	27.799999999999997	27.55	26.7
2025-08-27 04:30:00	32.4113	-93.639	0	21.56	21.1	101.6	2.133	0	0.71	64.2	0	0	1.56	0.36	0	NA	0.26	1.168	-1375.9	0.237	0.703	0.349	2.806	-1401.2	0.195	1.55	-528.2	0.266	1.833	27.55	27.6	27.799999999999997	27.5	26.7
2025-08-27 04:45:00	32.4113	-93.639	0	21.57	21	101.59	2.131	0	1.08	63.1	0	0	2.08	0.36	0	NA	0.26	1.169	-1375.9	0.237	0.702	0.348	2.8	-1402.5	0.195	1.554	-528.2	0.267	1.832	27.5	27.6	27.799999999999997	27.5	26.7
2025-08-27 05:00:00	32.4113	-93.639	0	21.55	21.1	101.6	2.13	0	1.01	61	0	0	1.91	0.37	0	NA	0.26	1.166	-1378.1	0.237	0.702	0.348	2.802	-1405.7	0.195	1.554	-528.2	0.267	1.832	27.45	27.6	27.75	27.5	26.7
2025-08-27 05:15:00	32.4113	-93.639	0	21.53	21	101.6	2.131	0	0.86	53.2	0	0	1.65	0.36	0	NA	0.26	1.169	-1376.2	0.237	0.704	0.348	2.803	-1406.7	0.195	1.551	-528.9	0.266	1.832	27.45	27.5	27.75	27.5	26.7
2025-08-27 05:30:00	32.4113	-93.639	0	21.52	21.1	101.6	2.136	0	0.97	52.9	0	0	1.98	0.36	0	NA	0.26	1.167	-1377.2	0.236	0.702	0.348	2.803	-1397.3	0.195	1.55	-527.8	0.267	1.832	27.35	27.5	27.75	27.5	26.7
2025-08-27 05:45:00	32.4113	-93.639	0	21.41	21	101.59	2.137	0	0.94	56	0	0	1.94	0.35	0	NA	0.26	1.164	-1378.8	0.236	0.701	0.348	2.803	-1400.2	0.195	1.551	-529.3	0.266	1.832	27.35	27.5	27.700000000000003	27.5	26.7
2025-08-27 06:00:00	32.4113	-93.639	0	21.36	20.9	101.59	2.132	0	0.86	66.9	0	0	1.55	0.34	0	NA	0.26	1.165	-1382	0.236	0.701	0.348	2.803	-1399.6	0.195	1.554	-529	0.266	1.828	27.3	27.4	27.700000000000003	27.5	26.7
2025-08-27 06:15:00	32.4113	-93.639	0	21.27	20.8	101.59	2.136	0	1.04	66.8	0	0	1.98	0.33	0	NA	0.26	1.162	-1376.9	0.236	0.702	0.348	2.804	-1399.3	0.195	1.554	-529.8	0.266	1.832	27.3	27.4	27.65	27.5	26.7
2025-08-27 06:30:00	32.4113	-93.639	0	21.28	20.8	101.6	2.132	0	0.82	71.1	0	0	1.86	0.32	0	NA	0.26	1.16	-1377.5	0.236	0.701	0.348	2.805	-1397	0.195	1.554	-528.8	0.267	1.832	27.25	27.4	27.65	27.5	26.7
2025-08-27 06:45:00	32.4113	-93.639	0	21.34	20.8	101.61	2.133	0	1.04	68.1	0	0	2.07	0.32	0	NA	0.26	1.16	-1376.2	0.236	0.7	0.348	2.805	-1400.2	0.195	1.551	-528.9	0.266	1.832	27.2	27.3	27.65	27.5	26.7
2025-08-27 07:00:00	32.4113	-93.639	0	21.33	20.8	101.61	2.137	0	1.37	61.8	0	0	2.72	0.32	0	NA	0.26	1.158	-1381.3	0.236	0.7	0.348	2.805	-1400.2	0.195	1.551	-529.5	0.267	1.832	27.2	27.3	27.65	27.5	26.7
2025-08-27 07:15:00	32.4113	-93.639	0	21.38	20.8	101.62	2.139	3.2	1.38	55.7	0	0	2.62	0.32	0	0.795	0.26	1.158	-1378.8	0.236	0.7	0.348	2.806	-1401.5	0.195	1.551	-529.3	0.266	1.828	27.1	27.3	27.65	27.5	26.7
2025-08-27 07:30:00	32.4113	-93.639	0	21.49	20.9	101.63	2.142	15.1	1.26	60.6	0	0	2.64	0.33	0	0.732	0.26	1.159	-1387.7	0.236	0.698	0.348	2.8	-1400.2	0.195	1.551	-530	0.266	1.832	27.1	27.3	27.6	27.5	26.7
2025-08-27 07:45:00	32.4113	-93.639	0	22.08	21	101.64	2.158	39.9	1.54	62.3	0	0	3.85	0.33	0	0.697	0.26	1.159	-1391.5	0.236	0.7	0.348	2.801	-1397	0.195	1.551	-528.1	0.266	1.829	27.05	27.2	27.6	27.5	26.7
2025-08-27 08:00:00	32.4113	-93.639	0	22.4	21.2	101.65	2.179	46.8	1.43	67.7	0	0	4	0.34	0	0.696	0.26	1.159	-1391.5	0.236	0.699	0.348	2.802	-1398.6	0.195	1.551	-529.3	0.266	1.833	27.05	27.2	27.549999999999997	27.5	26.7
2025-08-27 08:15:00	32.4113	-93.639	0	22.7	21.5	101.67	2.191	50.2	1.38	66.9	0	0	2.75	0.37	0	0.696	0.259	1.156	-1395.1	0.236	0.699	0.348	2.801	-1403.1	0.195	1.551	-529	0.267	1.832	27.05	27.2	27.549999999999997	27.5	26.7
2025-08-27 08:30:00	32.4113	-93.639	0	23.19	21.7	101.66	2.205	66.4	1.48	66.5	0	0	3.1	0.38	0	0.693	0.259	1.159	-1388.3	0.236	0.699	0.348	2.802	-1392.5	0.195	1.551	-529.2	0.267	1.828	27	27.1	27.549999999999997	27.5	26.7
2025-08-27 08:45:00	32.4113	-93.639	0	23.48	22	101.67	2.217	67.3	1.13	90.3	0	0	3.11	0.42	0	0.69	0.259	1.156	-1398.9	0.236	0.699	0.348	2.803	-1396.7	0.195	1.551	-529.2	0.267	1.832	27	27.1	27.5	27.5	26.7
2025-08-27 09:00:00	32.4113	-93.639	0	24.36	22.4	101.68	2.232	97.3	1.18	106.2	0	0	2.82	0.48	0	0.692	0.259	1.159	-1390.9	0.236	0.699	0.348	2.804	-1403.4	0.195	1.551	-528.9	0.267	1.828	27	27.1	27.5	27.5	26.7
2025-08-27 09:15:00	32.4113	-93.639	0	24.72	22.8	101.7	2.261	111.8	1.52	74.4	0	0	4.11	0.51	0	0.689	0.259	1.159	-1394.7	0.236	0.699	0.348	2.804	-1399.9	0.195	1.551	-529.3	0.266	1.828	27	27.1	27.5	27.5	26.7
2025-08-27 09:30:00	32.4113	-93.639	0	25.21	23.1	101.71	2.269	130.7	1.37	79.3	0	0	3.61	0.55	0	0.688	0.259	1.159	-1396	0.236	0.7	0.348	2.804	-1401.8	0.195	1.547	-531.1	0.266	1.828	27	27	27.5	27.5	26.7
2025-08-27 09:45:00	32.4113	-93.639	0	25.83	23.5	101.71	2.302	150.3	1.21	82.1	0	0	3.38	0.6	0	0.686	0.259	1.161	-1399.9	0.236	0.7	0.348	2.804	-1396.7	0.195	1.551	-531	0.266	1.828	27	27	27.5	27.5	26.7
2025-08-27 10:00:00	32.4113	-93.639	0	27.35	24.1	101.71	2.333	214.3	1.36	80.1	0	0	3.98	0.66	0	0.682	0.259	1.161	-1385.8	0.236	0.701	0.348	2.805	-1405.4	0.195	1.551	-530.9	0.266	1.829	27.05	27	27.4	27.5	26.7
2025-08-27 10:15:00	32.4113	-93.639	0	28.69	24.8	101.71	2.375	270.6	1.64	101.5	0	0	5.31	0.76	0	0.679	0.259	1.161	-1390.9	0.236	0.703	0.348	2.806	-1402.5	0.195	1.547	-530	0.266	1.829	27.05	27	27.4	27.5	26.7
2025-08-27 10:30:00	32.4113	-93.639	0	29.3	25.3	101.7	2.392	275.5	1.68	76.9	0	0	4.55	0.83	0	0.677	0.259	1.166	-1399.6	0.236	0.703	0.348	2.806	-1402.5	0.195	1.548	-528.1	0.266	1.829	27.15	27	27.4	27.45	26.7
2025-08-27 10:45:00	32.4113	-93.639	0	29.91	26	101.7	2.384	300.5	1.72	97.3	0	0	3.86	0.97	0	0.673	0.259	1.165	-1390.6	0.236	0.703	0.348	2.807	-1406.4	0.195	1.548	-530.6	0.266	1.83	27.200000000000003	27	27.4	27.45	26.7
2025-08-27 11:00:00	32.4113	-93.639	0	32.8	26.7	101.69	2.418	579.2	1.63	102.5	0	0	4.55	1.08	0	0.672	0.259	1.17	-1387.7	0.236	0.705	0.348	2.807	-1413.8	0.195	1.548	-530.6	0.266	1.83	27.25	27	27.4	27.45	26.7
2025-08-27 11:15:00	32.4113	-93.639	0	33.44	27.5	101.68	2.461	650.5	1.67	94.6	0	0	4.24	1.21	0	0.669	0.259	1.171	-1395.7	0.236	0.704	0.348	2.809	-1413.8	0.195	1.548	-529.4	0.266	1.83	27.4	27.1	27.3	27.45	26.7
2025-08-27 11:30:00	32.4113	-93.639	0	33.97	27.7	101.66	2.421	754.1	1.94	124	0	0	4.33	1.29	0	0.664	0.259	1.173	-1389.3	0.236	0.704	0.347	2.804	-1412.8	0.195	1.548	-529	0.266	1.826	27.6	27.1	27.3	27.45	26.7
2025-08-27 11:45:00	32.4113	-93.639	0	34.96	28.3	101.64	2.484	676.6	1.63	91.2	0	0	3.95	1.35	0	0.663	0.259	1.179	-1384.8	0.236	0.706	0.347	2.803	-1414.5	0.195	1.548	-529.7	0.266	1.831	27.799999999999997	27.2	27.3	27.45	26.7
2025-08-27 12:00:00	32.4113	-93.639	0	34.29	28.5	101.63	2.471	615.2	1.55	105	0	0	4.17	1.42	0	0.666	0.259	1.183	-1377.8	0.236	0.705	0.347	2.804	-1418.4	0.195	1.548	-529.2	0.266	1.827	27.95	27.3	27.3	27.45	26.7
2025-08-27 12:15:00	32.4113	-93.639	0	34.17	28.8	101.62	2.498	498.5	1.6	88.3	0	0	3.97	1.46	0	0.667	0.259	1.189	-1370.2	0.236	0.71	0.347	2.804	-1415.8	0.195	1.548	-530.1	0.266	1.827	28.15	27.4	27.3	27.45	26.7
2025-08-27 12:30:00	32.4113	-93.639	0	35.43	29.1	101.6	2.473	697	1.61	141.3	0	0	4.07	1.56	0	0.665	0.259	1.193	-1367.7	0.236	0.713	0.347	2.804	-1418.1	0.195	1.548	-530.3	0.266	1.827	28.35	27.5	27.3	27.45	26.7
2025-08-27 12:45:00	32.4113	-93.639	0	36.32	29.4	101.58	2.457	754.5	1.81	141.4	0	0	4.02	1.65	0	0.663	0.259	1.197	-1353	0.236	0.714	0.347	2.804	-1416.4	0.195	1.549	-530.1	0.266	1.828	28.5	27.6	27.3	27.45	26.7
2025-08-27 13:00:00	32.4113	-93.639	0	36	29.7	101.56	2.475	673.3	1.59	137	0	0	3.63	1.69	0	0.663	0.259	1.201	-1356.4	0.236	0.715	0.347	2.797	-1414.5	0.195	1.549	-530.9	0.266	1.824	28.75	27.7	27.35	27.45	26.7
2025-08-27 13:15:00	32.4113	-93.639	0	34.42	29.7	101.56	2.468	396.7	1.46	135.6	0	0	3.35	1.69	0	0.667	0.26	1.207	-1345.2	0.236	0.718	0.347	2.797	-1416.4	0.195	1.548	-530	0.265	1.824	28.950000000000003	27.8	27.35	27.45	26.7
2025-08-27 13:30:00	32.4113	-93.639	0	34.15	29.7	101.55	2.509	323.1	1.12	79.8	0	0	2.91	1.67	0	0.671	0.26	1.209	-1341.8	0.236	0.722	0.347	2.797	-1417.4	0.195	1.549	-530.3	0.265	1.825	29.1	28	27.35	27.45	26.7
2025-08-27 13:45:00	32.4113	-93.639	0	33.56	29.9	101.54	2.497	283.2	1.04	120.6	0	0	2.71	1.73	0	0.674	0.26	1.21	-1336.6	0.236	0.725	0.347	2.797	-1420	0.195	1.549	-529.2	0.265	1.825	29.25	28.1	27.35	27.45	26.7
2025-08-27 14:00:00	32.4113	-93.639	0	33.05	29.7	101.53	2.509	260.2	1.59	69.2	0	0	3.4	1.66	0	0.677	0.26	1.212	-1334.4	0.236	0.727	0.347	2.797	-1417.4	0.195	1.549	-529.5	0.265	1.825	29.35	28.2	27.35	27.45	26.7
2025-08-27 14:15:00	32.4113	-93.639	0	35.83	29.9	101.52	2.561	430.2	1.34	52.9	0	0	2.92	1.65	0	0.67	0.26	1.211	-1332	0.236	0.729	0.347	2.796	-1417.4	0.195	1.548	-530.5	0.265	1.825	29.450000000000003	28.3	27.4	27.45	26.7
2025-08-27 14:30:00	32.4113	-93.639	0	37.42	30.5	101.51	2.6	499.9	1.34	83.6	0	0	3.18	1.77	0	0.663	0.26	1.213	-1326.8	0.236	0.729	0.347	2.796	-1415.5	0.195	1.549	-530.3	0.265	1.825	29.6	28.4	27.4	27.45	26.7
2025-08-27 14:45:00	32.4113	-93.639	0	37.41	31.2	101.48	2.589	466.8	1.14	155.7	0	0	2.7	1.94	0	0.665	0.26	1.218	-1325.9	0.237	0.73	0.347	2.795	-1424	0.195	1.549	-529.7	0.265	1.826	29.700000000000003	28.5	27.4	27.45	26.7
2025-08-27 15:00:00	32.4113	-93.639	0	36.85	31.4	101.46	2.591	396.3	1.14	139.5	0	0	2.84	2	0	0.667	0.26	1.219	-1328.9	0.237	0.733	0.347	2.801	-1417.7	0.195	1.549	-530	0.265	1.822	29.85	28.5	27.4	27.45	26.7
2025-08-27 15:15:00	32.4113	-93.639	0	34.93	31.2	101.45	2.577	268.4	1.3	146.2	0	0	2.58	1.98	0	0.67	0.26	1.221	-1321.6	0.237	0.734	0.347	2.8	-1418.1	0.195	1.548	-530	0.265	1.822	30	28.6	27.5	27.45	26.7
2025-08-27 15:30:00	32.4113	-93.639	0	33.48	30.8	101.43	2.541	216.6	0.85	176.6	0	0	2.08	1.89	0	0.674	0.26	1.225	-1322.8	0.237	0.734	0.347	2.8	-1418.7	0.195	1.549	-530	0.265	1.822	30.05	28.7	27.5	27.45	26.7
2025-08-27 15:45:00	32.4113	-93.639	0	34.69	30.8	101.42	2.585	286.2	1.09	87.9	0	0	2.78	1.87	0	0.677	0.261	1.224	-1316.4	0.237	0.735	0.347	2.8	-1420.7	0.195	1.549	-530.1	0.265	1.823	30.15	28.8	27.5	27.45	26.7
2025-08-27 16:00:00	32.4113	-93.639	0	36.85	31.8	101.4	2.703	449.9	1.18	71.5	0	0	2.82	2.01	0	0.675	0.26	1.227	-1316.1	0.237	0.738	0.347	2.799	-1415.8	0.195	1.549	-530.3	0.265	1.823	30.2	28.9	27.55	27.45	26.7
2025-08-27 16:15:00	32.4113	-93.639	0	36.36	32.2	101.37	2.707	471.3	1.51	83.6	0	0	3.93	2.1	0	0.677	0.26	1.224	-1321.9	0.237	0.738	0.347	2.798	-1421.3	0.195	1.548	-529.8	0.265	1.823	30.3	29	27.55	27.45	26.7
2025-08-27 16:30:00	32.4113	-93.639	0	36.11	32.2	101.35	2.667	397.1	1.37	124.5	0	0	3.1	2.13	0	0.676	0.261	1.223	-1317	0.237	0.738	0.348	2.798	-1418.4	0.195	1.545	-528.4	0.265	1.819	30.35	29	27.55	27.45	26.7
2025-08-27 16:45:00	32.4113	-93.639	0	36.69	32.7	101.34	2.716	443.1	1.19	86.8	0	0	3.05	2.24	0	0.679	0.261	1.228	-1320.7	0.237	0.739	0.347	2.804	-1416.4	0.195	1.549	-530.6	0.265	1.824	30.4	29.1	27.55	27.45	26.7
2025-08-27 17:00:00	32.4113	-93.639	0	34.49	32.5	101.32	2.669	261.5	1.17	144.2	0	0	2.66	2.22	0	0.677	0.261	1.23	-1320.4	0.237	0.739	0.348	2.803	-1427.6	0.195	1.549	-529.3	0.265	1.82	30.45	29.1	27.6	27.45	26.7
2025-08-27 17:15:00	32.4113	-93.639	0	33.93	32	101.31	2.636	295.8	0.83	158.2	0	0	1.92	2.12	0	0.678	0.261	1.227	-1317.6	0.237	0.74	0.348	2.802	-1415.8	0.195	1.549	-530.4	0.265	1.824	30.5	29.2	27.6	27.45	26.7
2025-08-27 17:30:00	32.4113	-93.639	0	33.7	32.2	101.31	2.669	293.4	0.9	111.5	0	0	2.68	2.13	0	0.678	0.261	1.23	-1312.8	0.237	0.74	0.348	2.801	-1419	0.195	1.549	-528.7	0.264	1.824	30.55	29.2	27.6	27.4	26.7
2025-08-27 17:45:00	32.4113	-93.639	0	33.06	31.5	101.31	2.667	322.8	1.76	70.1	0	0	4.17	1.95	0	0.678	0.261	1.23	-1311.6	0.237	0.739	0.348	2.8	-1418.4	0.195	1.553	-529	0.264	1.825	30.55	29.3	27.65	27.4	26.7
2025-08-27 18:00:00	32.4113	-93.639	0	32.73	31.3	101.3	2.681	336.7	2.22	66.8	0	0	5.22	1.89	0	0.679	0.261	1.227	-1317	0.237	0.74	0.348	2.8	-1422.6	0.195	1.55	-529.9	0.264	1.824	30.55	29.3	27.7	27.4	26.7
2025-08-27 18:15:00	32.4113	-93.639	0	31.27	30.6	101.29	2.599	178	2.52	63.4	0	0	5.09	1.8	0	0.681	0.261	1.227	-1317.3	0.237	0.739	0.348	2.799	-1424.6	0.195	1.55	-530.5	0.264	1.824	30.5	29.3	27.7	27.4	26.7
2025-08-27 18:30:00	32.4113	-93.639	0	30.53	29.9	101.3	2.541	74.1	2.55	62.2	0	0	4.68	1.68	0	0.682	0.261	1.225	-1320.7	0.237	0.741	0.348	2.797	-1413.5	0.195	1.55	-530.4	0.264	1.824	30.450000000000003	29.4	27.75	27.4	26.7
2025-08-27 18:45:00	32.4113	-93.639	0	30.07	29.6	101.3	2.549	48.8	1.65	70.1	0	0	3.73	1.59	0	0.683	0.261	1.223	-1326.8	0.237	0.739	0.348	2.804	-1420	0.195	1.55	-529.9	0.264	1.824	30.4	29.4	27.75	27.4	26.7
2025-08-27 19:00:00	32.4113	-93.639	0	29.56	29.2	101.3	2.543	42.9	1.99	66.1	0	0	4.78	1.52	0	0.683	0.261	1.226	-1326.2	0.237	0.739	0.348	2.797	-1417.4	0.195	1.554	-529.5	0.264	1.825	30.35	29.4	27.75	27.4	26.7
2025-08-27 19:15:00	32.4113	-93.639	0	29.02	28.7	101.31	2.508	38.2	2.58	59.8	0	0	4.42	1.43	0	0.688	0.261	1.224	-1335	0.237	0.74	0.348	2.802	-1415.5	0.195	1.554	-528.7	0.264	1.824	30.3	29.3	27.75	27.35	26.7
2025-08-27 19:30:00	32.4113	-93.639	0	28.4	28.3	101.32	2.486	20.3	2.28	60.5	0	0	4.05	1.36	0	0.698	0.261	1.222	-1332	0.237	0.738	0.348	2.801	-1417.7	0.195	1.554	-530.9	0.264	1.825	30.200000000000003	29.3	27.799999999999997	27.35	26.7
2025-08-27 19:45:00	32.4113	-93.639	0	27.89	27.9	101.32	2.469	3.6	2.42	61	0	0	4.14	1.3	0	0.856	0.261	1.22	-1337.2	0.237	0.738	0.348	2.801	-1416.4	0.195	1.554	-530.3	0.265	1.824	30.1	29.3	27.799999999999997	27.35	26.7
2025-08-27 20:00:00	32.4113	-93.639	0	27.43	27.5	101.32	2.468	0	1.85	65.4	0	0	4.38	1.21	0	NA	0.261	1.218	-1341.8	0.237	0.736	0.348	2.801	-1418.4	0.195	1.55	-529.3	0.265	1.824	30.05	29.2	27.799999999999997	27.35	26.7
2025-08-27 20:15:00	32.4113	-93.639	0	27.08	27.1	101.33	2.467	0	1.6	67.4	0	0	3.85	1.12	0	NA	0.261	1.217	-1340.6	0.237	0.733	0.348	2.8	-1417.4	0.195	1.554	-530.3	0.264	1.825	29.9	29.2	27.85	27.35	26.7
2025-08-27 20:30:00	32.4113	-93.639	0	26.82	26.9	101.33	2.462	0	1.12	74.9	0	0	3.18	1.08	0	NA	0.261	1.218	-1346.5	0.237	0.73	0.348	2.806	-1422.3	0.195	1.55	-528.6	0.264	1.824	29.85	29.2	27.85	27.35	26.7
2025-08-27 20:45:00	32.4113	-93.639	0	26.6	26.7	101.34	2.452	0	1.77	66.1	0	0	3.66	1.04	0	NA	0.261	1.213	-1351.4	0.237	0.73	0.348	2.805	-1425.3	0.195	1.555	-529.5	0.264	1.824	29.700000000000003	29.1	27.9	27.35	26.7
2025-08-27 21:00:00	32.4113	-93.639	0	26.07	26.4	101.36	2.444	0	1.59	68.5	0	0	3.15	1	0	NA	0.261	1.211	-1346.8	0.237	0.727	0.348	2.805	-1418.4	0.195	1.554	-529.5	0.264	1.824	29.65	29.1	27.9	27.35	26.7
2025-08-27 21:15:00	32.4113	-93.639	0	25.47	26	101.37	2.411	0	0.83	81	0	0	2.64	0.95	0	NA	0.261	1.209	-1352.1	0.237	0.727	0.348	2.804	-1419.7	0.195	1.551	-529.5	0.265	1.824	29.5	29	27.9	27.35	26.7
2025-08-27 21:30:00	32.4113	-93.639	0	24.86	25.6	101.39	2.37	0	0.67	85.9	0	0	1.75	0.91	0	NA	0.261	1.207	-1351.4	0.237	0.724	0.348	2.804	-1417.7	0.195	1.551	-528.6	0.264	1.825	29.45	29	27.9	27.35	26.7
2025-08-27 21:45:00	32.4113	-93.639	0	24.13	25.2	101.39	2.353	0	0.8	75	0	0	1.76	0.85	0	NA	0.26	1.209	-1353.3	0.237	0.721	0.348	2.804	-1424	0.195	1.554	-529.9	0.265	1.82	29.35	28.9	27.9	27.35	26.7
2025-08-27 22:00:00	32.4113	-93.639	0	23.34	24.7	101.4	2.336	0	0.27	99.7	0	0	0.63	0.77	0	NA	0.26	1.204	-1354.9	0.237	0.721	0.348	2.804	-1417.4	0.195	1.554	-530.3	0.264	1.82	29.2	28.8	27.9	27.35	26.7
2025-08-27 22:15:00	32.4113	-93.639	0	23.04	24.3	101.41	2.321	0	0.31	170.7	0	0	0.72	0.72	0	NA	0.26	1.202	-1355.5	0.237	0.72	0.348	2.804	-1419	0.195	1.554	-528.7	0.264	1.82	29.15	28.8	27.9	27.35	26.7
2025-08-27 22:30:00	32.4113	-93.639	0	22.86	24.1	101.41	2.324	0	0.45	200.5	0	0	0.78	0.67	0	NA	0.26	1.2	-1352.4	0.237	0.718	0.348	2.803	-1413.2	0.195	1.551	-529.7	0.265	1.819	29.049999999999997	28.7	27.9	27.35	26.7
2025-08-27 22:45:00	32.4113	-93.639	0	22.75	23.9	101.41	2.329	0	0.45	164.8	0	0	1.03	0.63	0	NA	0.26	1.198	-1357.4	0.237	0.718	0.348	2.803	-1421.7	0.194	1.555	-529.5	0.264	1.82	28.95	28.7	27.9	27.35	26.7
2025-08-27 23:00:00	32.4113	-93.639	0	23.08	24	101.39	2.358	0	0.7	117.4	0	0	1.52	0.63	0	NA	0.26	1.199	-1365.5	0.237	0.715	0.348	2.803	-1422.6	0.195	1.555	-529.3	0.264	1.824	28.85	28.6	27.9	27.35	26.7
2025-08-27 23:15:00	32.4113	-93.639	0	23.37	24.2	101.38	2.389	0	0.84	96	0	0	1.99	0.63	0	NA	0.26	1.194	-1363.6	0.237	0.714	0.348	2.804	-1417.4	0.195	1.551	-529.5	0.264	1.824	28.8	28.6	27.9	27.35	26.7
2025-08-27 23:30:00	32.4113	-93.639	0	22.72	23.5	101.37	2.352	0	0.98	69.3	0	0	1.84	0.54	0	NA	0.26	1.192	-1358	0.237	0.712	0.348	2.803	-1426.9	0.195	1.551	-527.6	0.265	1.824	28.7	28.5	27.9	27.35	26.7
2025-08-27 23:45:00	32.4113	-93.639	0	22.48	23	101.37	2.331	0	1.06	73.5	0	0	1.8	0.47	0	NA	0.26	1.193	-1374	0.237	0.711	0.348	2.803	-1421.3	0.194	1.552	-529.8	0.265	1.824	28.6	28.5	27.95	27.35	26.7
2025-08-28 00:00:00	32.4113	-93.639	0	22.16	22.8	101.35	2.332	0	0.51	87.3	0	0	1.19	0.44	0	NA	0.26	1.188	-1372.1	0.237	0.71	0.348	2.805	-1418.1	0.194	1.552	-530.5	0.265	1.824	28.55	28.4	27.9	27.35	26.7
2025-08-28 00:15:00	32.4113	-93.639	0	21.91	22.6	101.35	2.325	0	0.28	87.6	0	0	0.83	0.41	0	NA	0.26	1.186	-1369.9	0.237	0.708	0.348	2.805	-1422.3	0.195	1.53	-529.2	0.264	1.82	28.45	28.3	27.9	27.35	26.7
2025-08-28 00:30:00	32.4113	-93.639	0	21.77	22.3	101.35	2.32	0	0.42	46.4	0	0	1.04	0.37	0	NA	0.26	1.187	-1375.6	0.237	0.705	0.348	2.805	-1429.9	0.195	1.555	-529	0.265	1.82	28.4	28.3	27.9	27.35	26.7
2025-08-28 00:45:00	32.4113	-93.639	0	21.57	22	101.34	2.324	0	0.16	1.6	0	0	0.63	0.32	0	NA	0.26	1.182	-1366.8	0.237	0.702	0.348	2.805	-1420	0.194	1.552	-529.8	0.265	1.82	28.299999999999997	28.2	27.9	27.35	26.7
2025-08-28 01:00:00	32.4113	-93.639	0	21.48	21.9	101.33	2.327	0	0.41	196.2	0	0	0.77	0.3	0	NA	0.26	1.18	-1371.2	0.237	0.704	0.348	2.806	-1419.4	0.194	1.552	-529.5	0.265	1.82	28.25	28.2	27.9	27.35	26.7
2025-08-28 01:15:00	32.4113	-93.639	0	21.82	22.1	101.32	2.355	0	0.49	158.1	0	0	1.17	0.3	0	NA	0.26	1.178	-1376.9	0.237	0.703	0.348	2.799	-1421	0.195	1.551	-531	0.265	1.824	28.15	28.2	27.9	27.35	26.7
2025-08-28 01:30:00	32.4113	-93.639	0	22.12	22.5	101.31	2.387	0	0.53	140.2	0	0	1.75	0.34	0	NA	0.26	1.179	-1376.6	0.237	0.701	0.348	2.799	-1424.6	0.194	1.555	-529.8	0.265	1.82	28.15	28.1	27.9	27.35	26.7
2025-08-28 01:45:00	32.4113	-93.639	0	22.43	23	101.3	2.456	0	0.61	122.1	0	0	1.78	0.34	0	NA	0.26	1.177	-1383.9	0.237	0.699	0.348	2.8	-1430.9	0.195	1.551	-529.3	0.265	1.82	28.049999999999997	28	27.85	27.35	26.7
2025-08-28 02:00:00	32.4113	-93.639	0	22.6	23.2	101.28	2.488	0	0.68	129.5	0	0	1.64	0.36	0	NA	0.26	1.175	-1374.3	0.236	0.697	0.348	2.801	-1420.7	0.195	1.551	-529	0.264	1.824	28	28	27.8	27.4	26.7
2025-08-28 02:15:00	32.4113	-93.639	0	22.26	23.2	101.27	2.483	0	0.57	101.8	0	0	1.09	0.35	0	NA	0.26	1.172	-1379.4	0.236	0.697	0.348	2.801	-1419.7	0.194	1.551	-528	0.265	1.824	27.9	28	27.8	27.4	26.7
2025-08-28 02:30:00	32.4113	-93.639	0	22.38	23.2	101.27	2.499	0	0.56	154.8	0	0	2.38	0.34	0	NA	0.259	1.17	-1379.7	0.236	0.696	0.348	2.801	-1423.3	0.195	1.55	-527.7	0.265	1.82	27.9	27.9	27.8	27.4	26.7
2025-08-28 02:45:00	32.4113	-93.639	0	22.66	23.4	101.26	2.532	0	0.73	114.1	0	0	2.4	0.34	0	NA	0.259	1.171	-1381	0.236	0.696	0.348	2.801	-1413.5	0.194	1.551	-530.4	0.265	1.82	27.8	27.9	27.8	27.4	26.7
2025-08-28 03:00:00	32.4113	-93.639	0	21.79	22.7	101.26	2.449	0	0.78	71.2	0	0	1.41	0.31	0	NA	0.259	1.171	-1386.4	0.236	0.695	0.348	2.802	-1416.4	0.195	1.55	-528.3	0.265	1.82	27.75	27.8	27.8	27.4	26.7
2025-08-28 03:15:00	32.4113	-93.639	0	21.35	22	101.26	2.371	0	0.46	64.2	0	0	1.07	0.27	0	NA	0.259	1.169	-1381.3	0.236	0.695	0.348	2.803	-1415.1	0.195	1.55	-528.9	0.265	1.82	27.7	27.8	27.75	27.4	26.6
2025-08-28 03:30:00	32.4113	-93.639	0	21.18	21.6	101.25	2.354	0	0.53	72.8	0	0	1.44	0.23	0	NA	0.259	1.167	-1384.2	0.236	0.694	0.348	2.804	-1421.3	0.194	1.551	-528.2	0.265	1.82	27.65	27.8	27.75	27.4	26.6
2025-08-28 03:45:00	32.4113	-93.639	0	21.14	21.3	101.23	2.347	0	0.78	75.3	0	0	1.4	0.18	0	NA	0.259	1.167	-1378.8	0.236	0.694	0.348	2.804	-1425.3	0.195	1.554	-529.8	0.265	1.825	27.6	27.7	27.75	27.4	26.6
2025-08-28 04:00:00	32.4113	-93.639	0	21.03	21.2	101.22	2.342	0	0.38	79.1	0	0	0.63	0.18	0	NA	0.259	1.165	-1387.7	0.236	0.694	0.348	2.804	-1420	0.194	1.551	-529.8	0.264	1.825	27.55	27.7	27.75	27.4	26.6
2025-08-28 04:15:00	32.4113	-93.639	0	21.19	21.3	101.21	2.382	0	0.56	89.4	0	0	0.93	0.15	0	NA	0.259	1.162	-1396.7	0.236	0.693	0.348	2.805	-1412.8	0.194	1.554	-531.1	0.265	1.825	27.5	27.6	27.75	27.4	26.6
2025-08-28 04:30:00	32.4113	-93.639	0	21.19	21.3	101.21	2.385	0	0.5	83.3	0	0	1.02	0.15	0	NA	0.259	1.163	-1387.4	0.236	0.693	0.348	2.806	-1417.7	0.195	1.55	-530.5	0.265	1.82	27.45	27.6	27.700000000000003	27.4	26.6
2025-08-28 04:45:00	32.4113	-93.639	0	21.07	21.3	101.23	2.377	0	0.66	77.9	0	0	1.12	0.15	0	NA	0.259	1.158	-1383.9	0.236	0.693	0.348	2.806	-1412.8	0.194	1.551	-530	0.265	1.825	27.4	27.6	27.700000000000003	27.4	26.6
2025-08-28 05:00:00	32.4113	-93.639	0	20.9	21	101.21	2.36	0	0.73	91.7	0	0	1.44	0.12	0	NA	0.259	1.158	-1393.8	0.236	0.694	0.348	2.806	-1421.7	0.194	1.551	-528.9	0.265	1.821	27.4	27.5	27.700000000000003	27.4	26.6
2025-08-28 05:15:00	32.4113	-93.639	0	20.84	20.8	101.21	2.333	0	0.41	59.9	0	0	0.87	0.11	0	NA	0.259	1.159	-1387.4	0.236	0.692	0.348	2.807	-1413.5	0.195	1.554	-529	0.264	1.821	27.3	27.5	27.700000000000003	27.4	26.6
2025-08-28 05:30:00	32.4113	-93.639	0	20.77	20.6	101.22	2.321	0	0.4	54.4	0	0	0.8	0.1	0	NA	0.259	1.156	-1390.6	0.236	0.692	0.348	2.801	-1411.9	0.194	1.551	-530.9	0.265	1.821	27.3	27.5	27.700000000000003	27.4	26.6
2025-08-28 05:45:00	32.4113	-93.639	0	20.74	20.6	101.23	2.322	0	0.56	57.3	0	0	1.06	0.1	0	NA	0.259	1.154	-1392.2	0.236	0.691	0.348	2.808	-1423.3	0.194	1.551	-529.4	0.265	1.821	27.25	27.4	27.65	27.4	26.6
2025-08-28 06:00:00	32.4113	-93.639	0	20.53	20.5	101.22	2.324	0	0.33	96	0	0	0.67	0.09	0	NA	0.259	1.154	-1384.8	0.236	0.691	0.348	2.802	-1415.5	0.195	1.551	-530.1	0.265	1.825	27.15	27.4	27.65	27.4	26.6
2025-08-28 06:15:00	32.4113	-93.639	0	20.54	20.4	101.22	2.309	0	0.46	65.1	0	0	1.13	0.09	0	NA	0.259	1.152	-1398.6	0.236	0.691	0.348	2.802	-1414.5	0.194	1.551	-530.8	0.265	1.821	27.15	27.4	27.65	27.4	26.6
2025-08-28 06:30:00	32.4113	-93.639	0	20.62	20.5	101.22	2.331	0	0.62	69.3	0	0	1.06	0.08	0	NA	0.259	1.152	-1393.1	0.236	0.693	0.348	2.803	-1416.4	0.194	1.551	-532.2	0.265	1.825	27.15	27.3	27.6	27.4	26.6
2025-08-28 06:45:00	32.4113	-93.639	0	20.53	20.5	101.23	2.348	0	0.44	76.3	0	0	0.73	0.06	0	NA	0.259	1.15	-1391.2	0.236	0.691	0.348	2.803	-1408.9	0.195	1.551	-529.8	0.265	1.825	27.049999999999997	27.3	27.6	27.4	26.6
2025-08-28 07:00:00	32.4113	-93.639	0	20.66	20.4	101.22	2.342	2.4	0.42	80.5	0	0	0.66	0.06	0	0.752	0.259	1.151	-1396.4	0.236	0.692	0.348	2.805	-1417.1	0.194	1.551	-530.9	0.264	1.825	27	27.3	27.549999999999997	27.4	26.6
2025-08-28 07:15:00	32.4113	-93.639	0	21.16	20.5	101.22	2.359	13.3	0.29	52.3	0	0	0.75	0.05	0	0.698	0.259	1.148	-1398	0.235	0.69	0.348	2.805	-1410.9	0.194	1.551	-530.8	0.264	1.825	26.950000000000003	27.2	27.549999999999997	27.4	26.6
2025-08-28 07:30:00	32.4113	-93.639	0	21.73	20.8	101.22	2.42	18.2	0.38	114.5	0	0	0.66	0.04	0	0.694	0.259	1.148	-1388	0.236	0.69	0.347	2.806	-1417.4	0.195	1.55	-530.1	0.265	1.821	26.950000000000003	27.2	27.549999999999997	27.4	26.6
2025-08-28 07:45:00	32.4113	-93.639	0	22.69	21.4	101.22	2.514	30.7	0.4	95.5	0	0	0.85	0.03	0	0.685	0.259	1.149	-1398	0.236	0.689	0.347	2.806	-1414.5	0.195	1.551	-530.8	0.265	1.821	26.9	27.1	27.549999999999997	27.4	26.6
