timestamp	latitude	longitude	precipitation	land_surface_temperature	air_temperature	atmospheric_pressure	vapor_pressure	solar_radiation	wind_speed	wind_direction	lightning_distance	lightning_activity	gust_speed	VPD	EC	NDVI	water_content_5cm	saturation_extract_EC_5cm	matric_potential_5cm	water_content_10cm	saturation_extract_EC_10cm	water_content_20cm	saturation_extract_EC_20cm	matric_potential_20cm	water_content_50cm	saturation_extract_EC_50cm	matric_potential_50cm	water_content_100cm	saturation_extract_EC_100cm	soil_temperature_5cm	soil_temperature_10cm	soil_temperature_20cm	soil_temperature_50cm	soil_temperature_100cm
2025-08-27 00:00:00	32.7538	-93.071	0	20.19	19.6	100.83	2.07	0	1.78	71	0	0	3.37	0.2	0	NA	0.195	0.01	-35.5	0.163	0	0.203	0.017	-185.9	0.354	0.436	-0.7	0.361	0.195	30	29.5	29.95	30.45	29
2025-08-27 00:15:00	32.7538	-93.071	0	20.17	19.5	100.82	2.071	0	1.76	73.9	0	0	2.98	0.2	0	NA	0.195	0.01	-35.6	0.163	0	0.203	0.017	-186.2	0.354	0.435	-0.7	0.361	0.194	29.9	29.5	29.85	30.45	29
2025-08-27 00:30:00	32.7538	-93.071	0	20.18	19.5	100.83	2.074	0	1.56	52.4	0	0	2.91	0.19	0	NA	0.195	0.011	-35.7	0.163	0	0.203	0.017	-186.6	0.353	0.436	-0.7	0.361	0.194	29.9	29.4	29.799999999999997	30.45	29
2025-08-27 00:45:00	32.7538	-93.071	0	20.15	19.5	100.84	2.076	0	1.96	59.8	0	0	3.57	0.19	0	NA	0.195	0.01	-35.8	0.163	0	0.203	0.017	-186.9	0.354	0.435	-0.7	0.361	0.195	29.85	29.3	29.75	30.45	29
2025-08-27 01:00:00	32.7538	-93.071	0	20.1	19.4	100.83	2.079	0	1.83	55.2	0	0	3.77	0.17	0	NA	0.195	0.011	-35.9	0.163	0	0.203	0.017	-187.5	0.354	0.436	-0.7	0.361	0.194	29.75	29.2	29.700000000000003	30.45	29
2025-08-27 01:15:00	32.7538	-93.071	0	20.07	19.4	100.83	2.079	0	1.61	61	0	0	3.41	0.17	0	NA	0.195	0.009	-35.9	0.163	0	0.203	0.017	-187.9	0.354	0.435	-0.7	0.361	0.194	29.65	29.2	29.6	30.45	29
2025-08-27 01:30:00	32.7538	-93.071	0	20.02	19.3	100.82	2.078	0	1.83	70.1	0	0	3.69	0.16	0	NA	0.195	0.009	-36	0.163	0	0.203	0.016	-188.3	0.353	0.434	-0.7	0.361	0.194	29.65	29.1	29.549999999999997	30.45	29
2025-08-27 01:45:00	32.7538	-93.071	0	19.96	19.3	100.82	2.079	0	1.99	66	0	0	3.63	0.15	0	NA	0.195	0.009	-36.1	0.162	0	0.203	0.016	-188.8	0.353	0.434	-0.7	0.361	0.195	29.55	29	29.5	30.45	29
2025-08-27 02:00:00	32.7538	-93.071	0	19.92	19.2	100.82	2.08	0	1.81	72.1	0	0	3.2	0.14	0	NA	0.195	0.008	-36.2	0.162	0	0.203	0.017	-189.1	0.353	0.433	-0.7	0.361	0.195	29.5	28.9	29.4	30.45	29
2025-08-27 02:15:00	32.7538	-93.071	0	19.92	19.2	100.83	2.081	0	1.56	61.4	0	0	4.08	0.14	0	NA	0.195	0.009	-36.2	0.162	0	0.203	0.016	-189.7	0.353	0.433	-0.7	0.361	0.194	29.5	28.9	29.35	30.45	29
2025-08-27 02:30:00	32.7538	-93.071	0	19.94	19.2	100.84	2.082	0	1.45	62	0	0	2.83	0.14	0	NA	0.195	0.009	-36.3	0.162	0	0.203	0.017	-190.1	0.353	0.433	-0.7	0.361	0.195	29.4	28.8	29.299999999999997	30.45	29
2025-08-27 02:45:00	32.7538	-93.071	0	19.93	19.2	100.83	2.087	0	1.76	68.4	0	0	3.65	0.14	0	NA	0.195	0.008	-36.4	0.162	0	0.203	0.016	-190.4	0.353	0.433	-0.7	0.361	0.195	29.35	28.8	29.25	30.45	29
2025-08-27 03:00:00	32.7538	-93.071	0	19.91	19.2	100.81	2.087	0	1.95	78	0	0	3.6	0.14	0	NA	0.195	0.007	-36.5	0.162	0	0.203	0.016	-191	0.353	0.432	-0.7	0.361	0.194	29.3	28.7	29.15	30.45	29
2025-08-27 03:15:00	32.7538	-93.071	0	19.88	19.2	100.8	2.088	0	2	77.9	0	0	4.51	0.14	0	NA	0.195	0.007	-36.6	0.163	0	0.203	0.017	-191.2	0.353	0.433	-0.7	0.361	0.194	29.25	28.6	29.15	30.45	29
2025-08-27 03:30:00	32.7538	-93.071	0	19.88	19.2	100.8	2.089	0	1.76	70.9	0	0	3.13	0.13	0	NA	0.195	0.007	-36.6	0.163	0	0.203	0.017	-191.9	0.353	0.433	-0.7	0.361	0.194	29.15	28.6	29.049999999999997	30.45	29
2025-08-27 03:45:00	32.7538	-93.071	0	19.87	19.2	100.8	2.091	0	1.91	70.5	0	0	3.29	0.13	0	NA	0.195	0.007	-36.7	0.162	0	0.203	0.016	-192.2	0.353	0.432	-0.7	0.361	0.194	29.15	28.5	29.049999999999997	30.4	29
2025-08-27 04:00:00	32.7538	-93.071	0	19.83	19.2	100.79	2.096	0	1.8	76.6	0	0	3.51	0.13	0	NA	0.195	0.008	-36.8	0.162	0	0.203	0.017	-192.4	0.353	0.431	-0.7	0.361	0.195	29.1	28.5	28.950000000000003	30.4	29
2025-08-27 04:15:00	32.7538	-93.071	0	19.85	19.2	100.8	2.096	0	1.64	49.2	0	0	2.88	0.13	0	NA	0.195	0.009	-36.8	0.162	0	0.203	0.016	-193	0.353	0.431	-0.7	0.361	0.195	29.049999999999997	28.4	28.950000000000003	30.4	29
2025-08-27 04:30:00	32.7538	-93.071	0	19.78	19.1	100.81	2.092	0	1.64	56.7	0	0	3.39	0.12	0	NA	0.195	0.01	-36.9	0.162	0	0.203	0.016	-193.3	0.353	0.43	-0.7	0.361	0.194	29	28.3	28.9	30.4	29
2025-08-27 04:45:00	32.7538	-93.071	0	19.67	19	100.81	2.086	0	1.64	79.2	0	0	3.28	0.11	0	NA	0.195	0.009	-37	0.162	0	0.203	0.017	-193.7	0.353	0.431	-0.7	0.361	0.194	28.950000000000003	28.3	28.85	30.4	29
2025-08-27 05:00:00	32.7538	-93.071	0	19.56	19	100.82	2.079	0	2.05	72.4	0	0	3.85	0.11	0	NA	0.195	0.009	-37	0.162	0	0.203	0.016	-194	0.353	0.429	-0.7	0.361	0.195	28.9	28.2	28.8	30.4	29
2025-08-27 05:15:00	32.7538	-93.071	0	19.51	18.9	100.82	2.078	0	1.93	89.2	0	0	3.43	0.1	0	NA	0.195	0.01	-37.2	0.162	0	0.203	0.018	-194.4	0.353	0.43	-0.7	0.361	0.195	28.85	28.2	28.75	30.4	29
2025-08-27 05:30:00	32.7538	-93.071	0	19.53	18.9	100.82	2.076	0	1.74	79.2	0	0	3.32	0.11	0	NA	0.195	0.009	-37.2	0.162	0	0.203	0.016	-195	0.353	0.431	-0.7	0.361	0.194	28.799999999999997	28.1	28.7	30.4	29
2025-08-27 05:45:00	32.7538	-93.071	0	19.59	19	100.83	2.083	0	1.79	80.8	0	0	3.41	0.11	0	NA	0.195	0.01	-37.3	0.162	0	0.203	0.017	-195.3	0.353	0.43	-0.7	0.361	0.195	28.799999999999997	28.1	28.65	30.35	29
2025-08-27 06:00:00	32.7538	-93.071	0	19.66	19.1	100.83	2.091	0	2.11	86.8	0	0	3.64	0.12	0	NA	0.195	0.008	-37.4	0.162	0	0.203	0.016	-195.6	0.353	0.43	-0.7	0.361	0.194	28.700000000000003	28	28.6	30.3	29
2025-08-27 06:15:00	32.7538	-93.071	0	19.65	19.1	100.82	2.091	0	2.48	89.6	0	0	4.71	0.12	0	NA	0.195	0.008	-37.4	0.162	0	0.203	0.017	-195.8	0.353	0.429	-0.7	0.361	0.195	28.700000000000003	28	28.55	30.3	29
2025-08-27 06:30:00	32.7538	-93.071	0	19.66	19.2	100.81	2.09	0	2.39	84.7	0	0	4.02	0.13	0	NA	0.195	0.008	-37.5	0.162	0	0.203	0.016	-196.2	0.353	0.429	-0.7	0.361	0.194	28.65	27.9	28.5	30.3	29
2025-08-27 06:45:00	32.7538	-93.071	0	19.67	19.2	100.82	2.088	0	2.44	85.5	0	0	4.25	0.14	0	NA	0.195	0.008	-37.5	0.162	0	0.203	0.017	-196.5	0.353	0.429	-0.7	0.361	0.194	28.6	27.9	28.5	30.3	29
2025-08-27 07:00:00	32.7538	-93.071	0	19.68	19.2	100.83	2.084	0	2.04	77.2	0	0	3.57	0.14	0	NA	0.195	0.007	-37.6	0.162	0	0.203	0.018	-197.1	0.353	0.43	-0.7	0.361	0.194	28.55	27.9	28.4	30.3	29
2025-08-27 07:15:00	32.7538	-93.071	0	19.69	19.1	100.84	2.081	1.8	2	72.8	0	0	3.61	0.13	0	NA	0.195	0.007	-37.6	0.162	0	0.203	0.018	-197.5	0.353	0.428	-0.7	0.361	0.195	28.5	27.8	28.4	30.3	29
2025-08-27 07:30:00	32.7538	-93.071	0	19.78	19	100.85	2.071	17.6	2.27	78.2	0	0	4.49	0.12	0	0.733	0.195	0.006	-37.7	0.162	0	0.203	0.016	-197.8	0.353	0.428	-0.7	0.361	0.194	28.5	27.8	28.35	30.25	29
2025-08-27 07:45:00	32.7538	-93.071	0	20.05	19.1	100.86	2.073	32.7	2.37	82.2	0	0	3.73	0.14	0	0.719	0.195	0.007	-37.7	0.162	0	0.203	0.018	-198.1	0.353	0.427	-0.7	0.361	0.194	28.45	27.7	28.3	30.25	29
2025-08-27 08:00:00	32.7538	-93.071	0	20.28	19.3	100.87	2.082	42.4	2.73	85	0	0	4.32	0.16	0	0.7	0.195	0.007	-37.8	0.162	0	0.203	0.017	-198.3	0.353	0.427	-0.7	0.361	0.193	28.4	27.7	28.3	30.25	29
2025-08-27 08:15:00	32.7538	-93.071	0	20.62	19.5	100.88	2.09	60.4	2.81	85	0	0	5.06	0.18	0	0.703	0.195	0.007	-37.8	0.162	0	0.203	0.018	-198.9	0.353	0.428	-0.7	0.361	0.195	28.35	27.7	28.2	30.25	29
2025-08-27 08:30:00	32.7538	-93.071	0	20.79	19.7	100.89	2.087	72.4	3.35	88.9	0	0	5.57	0.21	0	0.699	0.195	0.007	-37.8	0.162	0	0.203	0.016	-199.1	0.353	0.427	-0.7	0.361	0.195	28.35	27.6	28.2	30.25	29
2025-08-27 08:45:00	32.7538	-93.071	0	21.1	19.9	100.89	2.075	82.1	3.08	84.2	0	0	5.2	0.24	0	0.702	0.195	0.006	-37.9	0.162	0	0.203	0.018	-199.4	0.353	0.427	-0.7	0.361	0.194	28.299999999999997	27.6	28.2	30.25	29
2025-08-27 09:00:00	32.7538	-93.071	0	21.42	20	100.9	2.067	101.1	3.31	87.3	0	0	5.48	0.27	0	0.704	0.195	0.007	-37.9	0.162	0	0.203	0.017	-199.8	0.353	0.424	-0.7	0.361	0.194	28.299999999999997	27.6	28.15	30.25	29
2025-08-27 09:15:00	32.7538	-93.071	0	21.58	20.2	100.91	2.052	102.5	3.32	87.2	0	0	6.1	0.31	0	0.697	0.195	0.007	-38	0.162	0	0.203	0.018	-200	0.353	0.423	-0.7	0.361	0.195	28.299999999999997	27.6	28.15	30.15	29
2025-08-27 09:30:00	32.7538	-93.071	0	21.84	20.1	100.92	2.053	113.5	2.87	80.7	0	0	5.06	0.3	0	0.695	0.195	0.007	-38.1	0.162	0	0.203	0.017	-200.2	0.353	0.423	-0.7	0.361	0.193	28.25	27.6	28.15	30.15	29
2025-08-27 09:45:00	32.7538	-93.071	0	22.17	20.3	100.92	2.043	146.8	4.33	91	0	0	7.92	0.34	0	0.691	0.195	0.006	-38.1	0.162	0	0.203	0.018	-200.4	0.353	0.423	-0.7	0.361	0.194	28.25	27.6	28.15	30.15	29
2025-08-27 10:00:00	32.7538	-93.071	0	22.89	20.5	100.92	2.064	193	4.02	90	0	0	6.64	0.34	0	0.693	0.195	0.008	-38.1	0.162	0	0.203	0.017	-200.7	0.353	0.421	-0.7	0.361	0.193	28.25	27.6	28.1	30.15	29
2025-08-27 10:15:00	32.7538	-93.071	0	22.71	20.6	100.93	2.06	170.3	4.05	86.3	0	0	5.97	0.37	0	0.69	0.195	0.007	-38.2	0.162	0	0.203	0.017	-201	0.353	0.423	-0.7	0.361	0.194	28.25	27.6	28.15	30.15	29
2025-08-27 10:30:00	32.7538	-93.071	0	23.04	20.8	100.93	2.052	189.6	4.4	90	0	0	6.75	0.4	0	0.694	0.195	0.007	-38.2	0.162	0	0.203	0.016	-200.9	0.353	0.424	-0.7	0.361	0.193	28.25	27.6	28.15	30.15	29
2025-08-27 10:45:00	32.7538	-93.071	0	24.52	21	100.93	2.082	294.9	4.15	97.8	0	0	6.5	0.4	0	0.695	0.195	0.008	-38.3	0.162	0	0.203	0.018	-200.9	0.353	0.421	-0.7	0.361	0.194	28.25	27.6	28.2	30.1	29
2025-08-27 11:00:00	32.7538	-93.071	0	26.39	21.7	100.92	2.137	407.7	3.81	107.3	0	0	6.87	0.46	0	0.694	0.195	0.007	-38.3	0.161	0	0.203	0.018	-201	0.353	0.422	-0.7	0.361	0.195	28.3	27.7	28.2	30.1	29
2025-08-27 11:15:00	32.7538	-93.071	0	27.86	22.3	100.91	2.162	496.5	3.28	120	0	0	6.33	0.52	0	0.695	0.194	0.008	-38.4	0.161	0	0.203	0.017	-201.4	0.353	0.421	-0.7	0.361	0.193	28.3	27.7	28.200000000000003	30.1	29
2025-08-27 11:30:00	32.7538	-93.071	0	28.39	22.8	100.89	2.17	526.2	4.34	112.2	0	0	6.88	0.6	0	0.693	0.194	0.009	-38.4	0.161	0	0.203	0.017	-201.2	0.353	0.421	-0.7	0.361	0.194	28.4	27.8	28.25	30.05	29
2025-08-27 11:45:00	32.7538	-93.071	0	27.92	22.9	100.87	2.147	425.2	3.75	112.3	0	0	7.14	0.65	0	0.689	0.194	0.008	-38.4	0.161	0	0.203	0.017	-200.8	0.353	0.419	-0.7	0.361	0.193	28.45	27.9	28.35	30.05	29
2025-08-27 12:00:00	32.7538	-93.071	0	27.43	23.1	100.86	2.157	374.1	3.23	112.2	0	0	5.47	0.67	0	0.687	0.194	0.008	-38.4	0.162	0	0.203	0.017	-200	0.353	0.42	-0.7	0.361	0.194	28.55	28	28.450000000000003	30.05	29
2025-08-27 12:15:00	32.7538	-93.071	0	27.72	23.4	100.85	2.16	361.2	2.88	119.4	0	0	5.31	0.72	0	0.687	0.194	0.009	-38.4	0.162	0	0.203	0.016	-199.5	0.353	0.42	-0.7	0.361	0.193	28.6	28.2	28.55	30	29
2025-08-27 12:30:00	32.7538	-93.071	0	28.6	23.6	100.86	2.179	405.4	2.34	120	0	0	4.93	0.74	0	0.688	0.194	0.009	-38.4	0.161	0	0.203	0.016	-198.7	0.353	0.42	-0.7	0.361	0.193	28.7	28.4	28.7	30	29
2025-08-27 12:45:00	32.7538	-93.071	0	31.89	24.4	100.85	2.231	647.8	2.51	125	0	0	5.14	0.83	0	0.691	0.194	0.009	-38.4	0.161	0	0.203	0.018	-198.6	0.353	0.418	-0.7	0.361	0.193	28.85	28.5	28.799999999999997	30	29
2025-08-27 13:00:00	32.7538	-93.071	0	36.85	25.4	100.82	2.386	1069.4	2.84	98.7	0	0	5.53	0.86	0	0.693	0.194	0.01	-38.4	0.161	0	0.203	0.018	-198.3	0.353	0.417	-0.7	0.361	0.193	28.950000000000003	28.6	28.9	30	29
2025-08-27 13:15:00	32.7538	-93.071	0	32.61	25.2	100.82	2.348	616.5	2.6	84.5	0	0	4.66	0.86	0	0.688	0.194	0.011	-38.4	0.161	0	0.203	0.017	-198	0.353	0.417	-0.7	0.361	0.193	29.05	28.8	29.05	30	29
2025-08-27 13:30:00	32.7538	-93.071	0	36.37	26	100.79	2.37	977.8	3.38	89.9	0	0	6.78	0.98	0	0.688	0.194	0.01	-38.4	0.161	0	0.203	0.018	-196.7	0.353	0.415	-0.7	0.361	0.193	29.25	29.1	29.200000000000003	30	29
2025-08-27 13:45:00	32.7538	-93.071	0	33.58	25.8	100.76	2.315	647.1	3.61	93.2	0	0	7.41	1.01	0	0.688	0.194	0.011	-38.4	0.161	0	0.203	0.018	-195.7	0.353	0.417	-0.7	0.361	0.193	29.4	29.4	29.45	29.95	29
2025-08-27 14:00:00	32.7538	-93.071	0	30.67	25.5	100.77	2.221	414.3	2.94	107.2	0	0	5.22	1.05	0	0.684	0.193	0.012	-38.4	0.161	0	0.203	0.018	-194.5	0.353	0.417	-0.7	0.361	0.193	29.549999999999997	29.7	29.7	29.9	29
2025-08-27 14:15:00	32.7538	-93.071	0	31.62	26	100.76	2.22	528.9	3.84	103	0	0	7.7	1.13	0	0.682	0.193	0.012	-38.3	0.161	0	0.202	0.017	-193.8	0.353	0.414	-0.7	0.361	0.193	29.75	29.9	29.9	29.9	29
2025-08-27 14:30:00	32.7538	-93.071	0	31.76	26.1	100.75	2.217	514.6	4	111.8	0	0	6.98	1.16	0	0.684	0.193	0.012	-38.3	0.161	0	0.202	0.018	-192.9	0.353	0.415	-0.7	0.361	0.194	29.9	30.2	30.1	29.9	29
2025-08-27 14:45:00	32.7538	-93.071	0	30.72	26.1	100.72	2.205	429.5	3.97	107.9	0	0	6.75	1.18	0	0.687	0.193	0.012	-38.3	0.16	0	0.202	0.018	-192.7	0.353	0.413	-0.7	0.361	0.193	30	30.3	30.25	29.9	29
2025-08-27 15:00:00	32.7538	-93.071	0	31.13	26.2	100.72	2.227	422.6	2.82	112.3	0	0	6.54	1.17	0	0.685	0.193	0.012	-38.3	0.16	0	0.202	0.018	-192.6	0.353	0.412	-0.7	0.361	0.193	30.15	30.5	30.35	29.9	29
2025-08-27 15:15:00	32.7538	-93.071	0	31.02	26.4	100.71	2.229	434.5	3.03	114.7	0	0	6.74	1.22	0	0.687	0.193	0.012	-38.2	0.16	0	0.202	0.018	-192.4	0.353	0.414	-0.7	0.361	0.192	30.25	30.6	30.45	29.9	29
2025-08-27 15:30:00	32.7538	-93.071	0	29.99	26.3	100.69	2.198	340.5	3.3	115.6	0	0	6.04	1.22	0	0.69	0.193	0.012	-38.2	0.16	0	0.202	0.018	-192.7	0.353	0.414	-0.7	0.361	0.194	30.3	30.7	30.55	29.9	29
2025-08-27 15:45:00	32.7538	-93.071	0	29.09	26.2	100.68	2.183	234.3	2.61	119.2	0	0	4.46	1.21	0	0.693	0.193	0.012	-38.2	0.161	0	0.202	0.018	-192.5	0.353	0.412	-0.7	0.361	0.193	30.35	30.8	30.6	29.9	29
2025-08-27 16:00:00	32.7538	-93.071	0	30.74	26.4	100.67	2.24	367	2.38	118.5	0	0	5.23	1.2	0	0.691	0.193	0.012	-38.2	0.16	0	0.202	0.018	-192.8	0.353	0.413	-0.7	0.361	0.192	30.4	30.9	30.700000000000003	29.9	29
2025-08-27 16:15:00	32.7538	-93.071	0	30.22	26.6	100.65	2.252	318.2	2.52	124.9	0	0	4.53	1.22	0	0.692	0.193	0.012	-38.2	0.161	0	0.202	0.018	-192.8	0.353	0.412	-0.7	0.361	0.193	30.450000000000003	30.9	30.700000000000003	29.85	29
2025-08-27 16:30:00	32.7538	-93.071	0	30.49	26.6	100.63	2.251	352.7	2.43	132.2	0	0	4.08	1.23	0	0.688	0.193	0.012	-38.2	0.161	0	0.202	0.019	-193	0.353	0.411	-0.7	0.361	0.193	30.549999999999997	31	30.75	29.85	28.9
2025-08-27 16:45:00	32.7538	-93.071	0	30.27	26.8	100.62	2.261	303.3	2.09	127.7	0	0	3.7	1.25	0	0.687	0.193	0.012	-38.2	0.161	0	0.202	0.019	-193.4	0.353	0.412	-0.7	0.361	0.193	30.549999999999997	31	30.8	29.85	28.9
2025-08-27 17:00:00	32.7538	-93.071	0	29.92	26.7	100.6	2.279	270.4	1.84	126.1	0	0	3.37	1.23	0	0.682	0.193	0.012	-38.2	0.161	0	0.202	0.019	-193.6	0.353	0.41	-0.7	0.361	0.194	30.65	31	30.8	29.85	28.9
2025-08-27 17:15:00	32.7538	-93.071	0	30.96	27.2	100.6	2.331	316.1	1.53	103.4	0	0	2.9	1.28	0	0.673	0.193	0.012	-38.2	0.161	0	0.201	0.019	-193.8	0.353	0.411	-0.7	0.361	0.193	30.65	31.1	30.9	29.85	28.9
2025-08-27 17:30:00	32.7538	-93.071	0	29.75	27.1	100.59	2.331	240.6	1.97	84.7	0	0	4.83	1.25	0	0.676	0.193	0.013	-38.2	0.161	0	0.201	0.018	-193.8	0.353	0.41	-0.7	0.361	0.194	30.65	31.1	30.95	29.85	28.9
2025-08-27 17:45:00	32.7538	-93.071	0	30.14	27.1	100.58	2.333	280.2	1.56	77.3	0	0	3.39	1.26	0	0.671	0.193	0.012	-38.2	0.161	0	0.201	0.018	-194.1	0.353	0.41	-0.7	0.361	0.194	30.700000000000003	31.1	30.95	29.85	28.9
2025-08-27 18:00:00	32.7538	-93.071	0	28.64	26.8	100.59	2.391	167.1	1.43	52.6	0	0	2.55	1.13	0	0.689	0.193	0.012	-38.2	0.161	0	0.201	0.018	-194.3	0.353	0.41	-0.7	0.361	0.193	30.700000000000003	31.2	30.95	29.85	28.9
2025-08-27 18:15:00	32.7538	-93.071	0	27.54	26.3	100.58	2.386	110.5	1.56	48.2	0	0	2.51	1.04	0	0.694	0.193	0.013	-38.3	0.161	0	0.201	0.018	-194.5	0.353	0.409	-0.7	0.361	0.194	30.799999999999997	31.2	31	29.85	28.9
2025-08-27 18:30:00	32.7538	-93.071	0	26.78	26	100.57	2.379	80.1	1.4	46.8	0	0	2.46	0.97	0	0.695	0.192	0.014	-38.2	0.161	0	0.201	0.019	-194.6	0.353	0.411	-0.7	0.361	0.194	30.75	31.2	31	29.85	28.9
2025-08-27 18:45:00	32.7538	-93.071	0	26.06	25.6	100.57	2.368	47.8	1.28	38.9	0	0	2.54	0.91	0	0.7	0.193	0.012	-38.3	0.161	0	0.201	0.02	-194.8	0.353	0.409	-0.7	0.361	0.192	30.75	31.1	31	29.85	28.9
2025-08-27 19:00:00	32.7538	-93.071	0	25.42	25.3	100.57	2.363	22.3	1.09	38.8	0	0	1.92	0.86	0	0.723	0.192	0.012	-38.3	0.161	0	0.201	0.018	-195.6	0.353	0.408	-0.7	0.361	0.192	30.75	31.1	30.95	29.85	28.9
2025-08-27 19:15:00	32.7538	-93.071	0	24.97	25.1	100.57	2.371	12.6	1.23	38.6	0	0	2.31	0.82	0	0.714	0.192	0.013	-38.3	0.161	0	0.201	0.018	-196.3	0.353	0.408	-0.7	0.361	0.193	30.75	31	30.9	29.85	28.9
2025-08-27 19:30:00	32.7538	-93.071	0	24.61	24.9	100.56	2.357	3.3	1.18	47.5	0	0	2.2	0.8	0	0.745	0.192	0.012	-38.4	0.161	0	0.201	0.019	-196.9	0.353	0.408	-0.7	0.361	0.193	30.65	31	30.85	29.85	28.9
2025-08-27 19:45:00	32.7538	-93.071	0	24.31	24.8	100.58	2.339	0	1.18	44.5	0	0	2.12	0.79	0	NA	0.192	0.012	-38.4	0.161	0	0.201	0.018	-197.6	0.353	0.409	-0.7	0.361	0.193	30.6	30.9	30.799999999999997	29.85	28.9
2025-08-27 20:00:00	32.7538	-93.071	0	24.15	24.6	100.58	2.341	0	1.33	47.3	0	0	2.53	0.75	0	NA	0.192	0.012	-38.4	0.16	0	0.201	0.018	-198.2	0.353	0.408	-0.7	0.361	0.193	30.6	30.8	30.7	29.85	28.9
2025-08-27 20:15:00	32.7538	-93.071	0	24.02	24.5	100.58	2.34	0	1.34	52.1	0	0	2.4	0.73	0	NA	0.192	0.012	-38.5	0.16	0	0.201	0.019	-199	0.353	0.408	-0.7	0.361	0.194	30.549999999999997	30.6	30.65	29.85	28.9
2025-08-27 20:30:00	32.7538	-93.071	0	23.82	24.4	100.61	2.345	0	1.1	45.1	0	0	2.29	0.71	0	NA	0.192	0.012	-38.5	0.16	0	0.201	0.019	-199.8	0.353	0.408	-0.7	0.361	0.193	30.5	30.6	30.549999999999997	29.85	28.9
2025-08-27 20:45:00	32.7538	-93.071	0	23.87	24.3	100.61	2.356	0	1.28	57.7	0	0	2.47	0.68	0	NA	0.192	0.012	-38.5	0.16	0	0.201	0.019	-200.3	0.353	0.408	-0.7	0.361	0.192	30.4	30.4	30.5	29.85	28.9
2025-08-27 21:00:00	32.7538	-93.071	0	23.17	24	100.61	2.372	0	1.46	64.8	0	0	2.57	0.62	0	NA	0.192	0.012	-38.5	0.16	0	0.201	0.02	-200.9	0.353	0.408	-0.7	0.361	0.194	30.35	30.3	30.4	29.85	28.9
2025-08-27 21:15:00	32.7538	-93.071	0	22.3	23.6	100.61	2.363	0	1.6	63.4	0	0	2.94	0.56	0	NA	0.192	0.012	-38.6	0.16	0	0.201	0.02	-201.1	0.353	0.407	-0.7	0.361	0.193	30.299999999999997	30.2	30.3	29.85	28.9
2025-08-27 21:30:00	32.7538	-93.071	0	22.35	23.6	100.6	2.359	0	1.85	78.1	0	0	3.25	0.54	0	NA	0.192	0.012	-38.6	0.16	0	0.201	0.02	-202	0.353	0.407	-0.7	0.361	0.194	30.200000000000003	30.1	30.25	29.9	28.9
2025-08-27 21:45:00	32.7538	-93.071	0	22.5	23.5	100.59	2.369	0	2.01	82.3	0	0	3.69	0.52	0	NA	0.192	0.012	-38.6	0.16	0	0.201	0.018	-202.6	0.353	0.405	-0.7	0.361	0.193	30.15	30	30.200000000000003	29.9	28.9
2025-08-27 22:00:00	32.7538	-93.071	0	22.71	23.5	100.59	2.365	0	1.98	78.6	0	0	4.36	0.53	0	NA	0.192	0.012	-38.7	0.16	0	0.201	0.018	-202.9	0.353	0.407	-0.7	0.361	0.193	30.05	29.9	30.1	29.9	28.9
2025-08-27 22:15:00	32.7538	-93.071	0	22.68	23.4	100.6	2.361	0	1.55	85	0	0	3.04	0.52	0	NA	0.192	0.012	-38.7	0.16	0	0.201	0.019	-203.6	0.353	0.405	-0.7	0.361	0.193	30	29.8	30	29.9	28.9
2025-08-27 22:30:00	32.7538	-93.071	0	22.44	23.3	100.6	2.348	0	1.43	69.9	0	0	2.57	0.51	0	NA	0.192	0.012	-38.8	0.16	0	0.201	0.018	-204.4	0.353	0.405	-0.7	0.361	0.193	29.950000000000003	29.7	29.95	29.9	28.9
2025-08-27 22:45:00	32.7538	-93.071	0	22.33	23.2	100.62	2.33	0	1.68	56.4	0	0	3.08	0.52	0	NA	0.192	0.01	-38.9	0.16	0	0.201	0.02	-204.9	0.353	0.406	-0.7	0.361	0.192	29.85	29.6	29.85	29.9	28.9
2025-08-27 23:00:00	32.7538	-93.071	0	22.08	23	100.62	2.313	0	1.52	65	0	0	3.32	0.49	0	NA	0.192	0.011	-38.9	0.16	0	0.201	0.019	-205.5	0.353	0.406	-0.7	0.361	0.193	29.799999999999997	29.5	29.8	29.9	28.9
2025-08-27 23:15:00	32.7538	-93.071	0	21.7	22.8	100.61	2.286	0	1.93	95.1	0	0	3.15	0.49	0	NA	0.192	0.012	-38.9	0.16	0	0.201	0.019	-206.1	0.353	0.406	-0.7	0.361	0.193	29.75	29.4	29.7	29.9	28.9
2025-08-27 23:30:00	32.7538	-93.071	0	20.71	22.5	100.6	2.269	0	1.14	111.8	0	0	2.27	0.46	0	NA	0.192	0.011	-39	0.16	0	0.201	0.019	-206.5	0.353	0.405	-0.7	0.361	0.193	29.65	29.3	29.65	29.9	28.9
2025-08-27 23:45:00	32.7538	-93.071	0	20.26	22.3	100.59	2.252	0	1	112	0	0	1.61	0.44	0	NA	0.192	0.011	-39	0.16	0	0.201	0.019	-207.3	0.353	0.405	-0.7	0.361	0.193	29.6	29.3	29.549999999999997	29.9	28.9
2025-08-28 00:00:00	32.7538	-93.071	0	20.17	22	100.56	2.243	0	1.17	96.3	0	0	1.8	0.4	0	NA	0.192	0.01	-39	0.16	0	0.201	0.019	-208	0.353	0.406	-0.7	0.361	0.193	29.5	29.2	29.5	29.9	28.9
2025-08-28 00:15:00	32.7538	-93.071	0	20.06	22	100.55	2.22	0	1.43	96.8	0	0	2.19	0.42	0	NA	0.192	0.01	-39.1	0.16	0	0.201	0.019	-208.7	0.353	0.404	-0.7	0.361	0.193	29.5	29.1	29.4	29.9	28.9
2025-08-28 00:30:00	32.7538	-93.071	0	20.05	21.8	100.52	2.207	0	1.52	109.3	0	0	2.25	0.41	0	NA	0.193	0.01	-39.2	0.16	0	0.201	0.018	-209.1	0.353	0.403	-0.7	0.361	0.193	29.45	29	29.35	29.9	28.9
2025-08-28 00:45:00	32.7538	-93.071	0	19.73	21.6	100.52	2.179	0	1.12	109.3	0	0	1.74	0.41	0	NA	0.192	0.011	-39.2	0.16	0	0.201	0.019	-209.7	0.353	0.403	-0.7	0.361	0.193	29.35	28.9	29.25	29.9	28.9
2025-08-28 01:00:00	32.7538	-93.071	0	19.85	21.8	100.51	2.195	0	0.92	109.3	0	0	1.74	0.42	0	NA	0.193	0.01	-39.3	0.16	0	0.201	0.018	-210.3	0.353	0.404	-0.7	0.361	0.193	29.299999999999997	28.8	29.25	29.9	28.9
2025-08-28 01:15:00	32.7538	-93.071	0	19.64	21.6	100.5	2.188	0	0.81	124.7	0	0	1.45	0.4	0	NA	0.192	0.01	-39.4	0.16	0	0.201	0.019	-211	0.353	0.404	-0.7	0.361	0.193	29.200000000000003	28.8	29.15	29.9	28.9
2025-08-28 01:30:00	32.7538	-93.071	0	19.62	21.5	100.5	2.178	0	0.84	79.8	0	0	1.36	0.38	0	NA	0.192	0.01	-39.4	0.16	0	0.201	0.018	-211.5	0.353	0.405	-0.7	0.361	0.193	29.15	28.7	29.1	29.9	28.9
2025-08-28 01:45:00	32.7538	-93.071	0	19.51	21.2	100.49	2.17	0	0.78	74.7	0	0	1.2	0.35	0	NA	0.193	0.01	-39.5	0.16	0	0.2	0.019	-211.9	0.353	0.402	-0.7	0.361	0.194	29.1	28.6	29.05	29.9	28.9
2025-08-28 02:00:00	32.7538	-93.071	0	19.68	21.6	100.49	2.16	0	0.79	78.2	0	0	1.21	0.42	0	NA	0.193	0.009	-39.5	0.16	0	0.201	0.017	-212.5	0.353	0.403	-0.7	0.361	0.194	29.049999999999997	28.5	28.95	29.9	28.9
2025-08-28 02:15:00	32.7538	-93.071	0	19.58	21.6	100.49	2.169	0	0.77	139.7	0	0	1.3	0.42	0	NA	0.193	0.009	-39.6	0.16	0	0.2	0.019	-213.2	0.353	0.404	-0.7	0.361	0.192	29	28.5	28.9	29.9	28.9
2025-08-28 02:30:00	32.7538	-93.071	0	19.33	20.8	100.47	2.15	0	0.33	335	0	0	0.65	0.3	0	NA	0.193	0.009	-39.6	0.16	0	0.201	0.018	-213.7	0.353	0.403	-0.7	0.361	0.194	28.9	28.4	28.85	29.9	28.9
2025-08-28 02:45:00	32.7538	-93.071	0	19.32	21	100.47	2.141	0	0.54	100.4	0	0	1.2	0.35	0	NA	0.193	0.009	-39.7	0.16	0	0.201	0.019	-214.3	0.353	0.403	-0.7	0.361	0.193	28.9	28.3	28.799999999999997	29.9	28.9
2025-08-28 03:00:00	32.7538	-93.071	0	19.3	21	100.46	2.159	0	0.49	125.8	0	0	0.87	0.33	0	NA	0.193	0.008	-39.8	0.16	0	0.201	0.019	-214.7	0.353	0.403	-0.7	0.361	0.194	28.85	28.3	28.75	29.9	28.9
2025-08-28 03:15:00	32.7538	-93.071	0	19.62	21.3	100.47	2.16	0	0.7	53.3	0	0	1.31	0.37	0	NA	0.193	0.007	-39.8	0.16	0	0.201	0.018	-215	0.353	0.402	-0.7	0.361	0.193	28.75	28.2	28.700000000000003	29.9	28.9
2025-08-28 03:30:00	32.7538	-93.071	0	19.53	21.3	100.47	2.167	0	0.89	98.7	0	0	1.41	0.37	0	NA	0.193	0.008	-39.9	0.16	0	0.201	0.019	-215.8	0.353	0.402	-0.7	0.361	0.193	28.75	28.2	28.6	29.9	28.9
2025-08-28 03:45:00	32.7538	-93.071	0	19.33	21	100.45	2.174	0	0.49	125.1	0	0	0.9	0.32	0	NA	0.193	0.008	-40	0.16	0	0.201	0.018	-216.6	0.353	0.401	-0.7	0.361	0.192	28.65	28.1	28.6	29.9	28.9
2025-08-28 04:00:00	32.7538	-93.071	0	19.23	20.9	100.44	2.16	0	0.33	165.3	0	0	0.75	0.31	0	NA	0.193	0.008	-40	0.16	0	0.201	0.019	-217.1	0.353	0.401	-0.7	0.361	0.192	28.65	28	28.5	29.9	28.9
2025-08-28 04:15:00	32.7538	-93.071	0	19.21	20.7	100.43	2.155	0	0.44	118.9	0	0	1.46	0.29	0	NA	0.193	0.009	-40.1	0.16	0	0.201	0.018	-217.1	0.353	0.401	-0.7	0.361	0.192	28.6	28	28.5	29.9	28.9
2025-08-28 04:30:00	32.7538	-93.071	0	19.02	20	100.43	2.152	0	0.64	75.1	0	0	0.91	0.19	0	NA	0.193	0.008	-40.2	0.16	0	0.201	0.018	-217.9	0.353	0.4	-0.7	0.361	0.194	28.55	27.9	28.4	29.9	28.9
2025-08-28 04:45:00	32.7538	-93.071	0	19.3	20.3	100.44	2.143	0	0.77	58.2	0	0	1.42	0.24	0	NA	0.193	0.01	-40.2	0.16	0	0.201	0.018	-218.5	0.353	0.401	-0.7	0.361	0.193	28.5	27.9	28.4	29.9	28.9
2025-08-28 05:00:00	32.7538	-93.071	0	19.09	20.5	100.43	2.163	0	0.31	84.7	0	0	0.85	0.24	0	NA	0.193	0.01	-40.3	0.16	0	0.201	0.019	-218.8	0.353	0.399	-0.7	0.361	0.194	28.4	27.8	28.35	29.9	28.9
2025-08-28 05:15:00	32.7538	-93.071	0	19.36	20.4	100.44	2.173	0	0.66	45.5	0	0	1.18	0.22	0	NA	0.193	0.01	-40.3	0.16	0	0.201	0.019	-219.4	0.353	0.399	-0.7	0.361	0.192	28.4	27.8	28.25	29.85	28.9
2025-08-28 05:30:00	32.7538	-93.071	0	19.5	20.4	100.45	2.18	0	0.63	22.8	0	0	1.18	0.21	0	NA	0.193	0.01	-40.4	0.16	0	0.201	0.019	-219.7	0.353	0.399	-0.7	0.361	0.193	28.35	27.7	28.25	29.85	28.9
2025-08-28 05:45:00	32.7538	-93.071	0	19.11	20.1	100.45	2.147	0	0.45	70.2	0	0	0.84	0.2	0	NA	0.193	0.009	-40.4	0.16	0	0.201	0.018	-220	0.353	0.398	-0.7	0.361	0.193	28.3	27.7	28.200000000000003	29.85	28.9
2025-08-28 06:00:00	32.7538	-93.071	0	18.86	20	100.45	2.122	0	0.21	27.3	0	0	0.55	0.21	0	NA	0.193	0.009	-40.5	0.159	0	0.201	0.019	-220.3	0.353	0.397	-0.7	0.361	0.193	28.25	27.6	28.15	29.85	28.9
2025-08-28 06:15:00	32.7538	-93.071	0	19.22	20.3	100.45	2.123	0	0.57	10.6	0	0	1.12	0.25	0	NA	0.193	0.008	-40.6	0.159	0	0.201	0.019	-220.8	0.353	0.398	-0.7	0.361	0.194	28.2	27.6	28.15	29.85	28.9
2025-08-28 06:30:00	32.7538	-93.071	0	19.17	20.2	100.44	2.132	0	0.37	52	0	0	0.72	0.24	0	NA	0.193	0.008	-40.6	0.159	0	0.201	0.018	-220.8	0.353	0.398	-0.7	0.361	0.192	28.15	27.5	28.049999999999997	29.85	28.9
2025-08-28 06:45:00	32.7538	-93.071	0	18.97	19.8	100.43	2.127	0	0.36	102.8	0	0	0.64	0.18	0	NA	0.193	0.008	-40.7	0.159	0	0.201	0.019	-221.7	0.353	0.398	-0.7	0.361	0.194	28.15	27.5	28	29.85	28.9
2025-08-28 07:00:00	32.7538	-93.071	0	19.44	19.8	100.43	2.128	10.2	0.2	256.1	0	0	0.48	0.18	0	0.687	0.193	0.008	-40.8	0.16	0	0.201	0.018	-221.8	0.353	0.397	-0.7	0.361	0.193	28.1	27.4	27.950000000000003	29.85	28.9
2025-08-28 07:15:00	32.7538	-93.071	0	20.57	20.3	100.43	2.174	35.5	0.22	42.6	0	0	0.79	0.2	0	0.643	0.193	0.007	-40.8	0.16	0	0.201	0.019	-222	0.353	0.397	-0.7	0.361	0.193	28.049999999999997	27.4	27.9	29.85	28.9
2025-08-28 07:30:00	32.7538	-93.071	0	21.27	20.6	100.43	2.257	58.9	0.51	146	0	0	0.99	0.16	0	0.624	0.193	0.007	-40.9	0.16	0	0.201	0.018	-222.5	0.353	0.397	-0.7	0.361	0.193	28.049999999999997	27.3	27.9	29.799999999999997	28.9
2025-08-28 07:45:00	32.7538	-93.071	0	21.77	21	100.42	2.295	83	0.61	142.4	0	0	1.33	0.19	0	0.638	0.193	0.007	-40.9	0.16	0	0.201	0.019	-222.6	0.353	0.397	-0.7	0.361	0.193	28	27.3	27.85	29.799999999999997	28.9
