timestamp	latitude	longitude	precipitation	land_surface_temperature	air_temperature	atmospheric_pressure	vapor_pressure	solar_radiation	wind_speed	wind_direction	lightning_distance	lightning_activity	gust_speed	VPD	EC	NDVI	water_content_5cm	saturation_extract_EC_5cm	matric_potential_5cm	water_content_10cm	saturation_extract_EC_10cm	water_content_20cm	saturation_extract_EC_20cm	matric_potential_20cm	water_content_50cm	saturation_extract_EC_50cm	matric_potential_50cm	water_content_100cm	saturation_extract_EC_100cm	soil_temperature_5cm	soil_temperature_10cm	soil_temperature_20cm	soil_temperature_50cm	soil_temperature_100cm
2025-08-27 00:00:00	32.0999	-91.7081	0	23.12	22.8	101.84	2.025	0	1.2	48.8	0	0	2.17	0.75	0	NA	0.278	0.704	-26.9	0.264	0.337	0.349	0.338	-22.9	0.366	0.329	-16.2	0.365	0.536	28.75	29.2	28.8	27.85	27
2025-08-27 00:15:00	32.0999	-91.7081	0	23.09	22.8	101.84	2.036	0	1.2	49.2	0	0	2.16	0.73	0	NA	0.278	0.704	-26.9	0.264	0.337	0.349	0.338	-22.9	0.366	0.33	-16.2	0.366	0.538	28.65	29.2	28.75	27.85	27
2025-08-27 00:30:00	32.0999	-91.7081	0	23.03	22.7	101.84	2.042	0	1.34	52.6	0	0	2.48	0.71	0	NA	0.278	0.704	-27	0.264	0.337	0.349	0.337	-22.9	0.366	0.33	-16.2	0.366	0.535	28.549999999999997	29.1	28.75	27.85	27
2025-08-27 00:45:00	32.0999	-91.7081	0	23.03	22.7	101.85	2.047	0	1.26	58.7	0	0	2.35	0.71	0	NA	0.278	0.703	-27	0.264	0.336	0.349	0.336	-22.9	0.366	0.33	-16.2	0.366	0.537	28.450000000000003	29	28.75	27.85	27
2025-08-27 01:00:00	32.0999	-91.7081	0	22.99	22.7	101.86	2.049	0	1.23	41.9	0	0	2.51	0.71	0	NA	0.278	0.701	-27	0.264	0.334	0.349	0.336	-22.9	0.366	0.329	-16.2	0.366	0.538	28.35	28.9	28.75	27.85	27
2025-08-27 01:15:00	32.0999	-91.7081	0	22.97	22.6	101.87	2.055	0	1.11	32.9	0	0	2.39	0.69	0	NA	0.278	0.701	-27.1	0.263	0.335	0.349	0.336	-23	0.366	0.329	-16.2	0.365	0.538	28.25	28.8	28.65	27.85	27
2025-08-27 01:30:00	32.0999	-91.7081	0	22.9	22.5	101.88	2.059	0	1.15	30.3	0	0	2.67	0.67	0	NA	0.279	0.7	-27.1	0.263	0.336	0.349	0.337	-23	0.366	0.331	-16.2	0.365	0.537	28.2	28.8	28.65	27.85	27
2025-08-27 01:45:00	32.0999	-91.7081	0	22.83	22.4	101.88	2.062	0	1.17	32.8	0	0	2.94	0.65	0	NA	0.279	0.7	-27.2	0.263	0.337	0.349	0.338	-23	0.366	0.33	-16.2	0.365	0.536	28.15	28.7	28.65	27.85	27
2025-08-27 02:00:00	32.0999	-91.7081	0	22.69	22.4	101.88	2.062	0	1.53	40.2	0	0	3.19	0.64	0	NA	0.279	0.698	-27.2	0.263	0.336	0.348	0.337	-23	0.366	0.328	-16.2	0.365	0.537	28.049999999999997	28.6	28.65	27.85	27
2025-08-27 02:15:00	32.0999	-91.7081	0	22.57	22.3	101.87	2.063	0	1.76	38.1	0	0	3.49	0.62	0	NA	0.279	0.697	-27.2	0.263	0.334	0.348	0.337	-23	0.366	0.329	-16.2	0.365	0.538	27.950000000000003	28.6	28.6	27.85	27
2025-08-27 02:30:00	32.0999	-91.7081	0	22.57	22.2	101.86	2.06	0	1.82	42.6	0	0	4.03	0.61	0	NA	0.279	0.697	-27.2	0.263	0.335	0.349	0.338	-23.1	0.366	0.33	-16.2	0.365	0.538	27.9	28.5	28.6	27.85	27
2025-08-27 02:45:00	32.0999	-91.7081	0	22.57	22.1	101.87	2.06	0	1.38	46.6	0	0	2.69	0.6	0	NA	0.279	0.697	-27.3	0.263	0.334	0.348	0.338	-23.1	0.366	0.329	-16.2	0.366	0.538	27.8	28.4	28.6	27.85	27
2025-08-27 03:00:00	32.0999	-91.7081	0	22.45	22	101.86	2.066	0	1.24	43.7	0	0	2.14	0.57	0	NA	0.279	0.696	-27.3	0.263	0.333	0.348	0.337	-23.1	0.366	0.328	-16.2	0.366	0.537	27.75	28.4	28.5	27.85	27
2025-08-27 03:15:00	32.0999	-91.7081	0	22.49	21.9	101.87	2.069	0	1.26	48	0	0	2.32	0.56	0	NA	0.279	0.694	-27.3	0.263	0.331	0.348	0.338	-23.1	0.366	0.329	-16.2	0.365	0.538	27.65	28.3	28.5	27.85	27
2025-08-27 03:30:00	32.0999	-91.7081	0	22.54	21.9	101.88	2.075	0	1.13	31.6	0	0	2.53	0.55	0	NA	0.279	0.694	-27.4	0.263	0.333	0.348	0.337	-23.1	0.366	0.33	-16.2	0.365	0.538	27.6	28.2	28.5	27.85	27
2025-08-27 03:45:00	32.0999	-91.7081	0	22.54	21.8	101.89	2.079	0	0.95	23.9	0	0	2.68	0.53	0	NA	0.279	0.696	-27.4	0.263	0.333	0.348	0.336	-23.2	0.366	0.329	-16.2	0.365	0.538	27.549999999999997	28.2	28.45	27.85	27
2025-08-27 04:00:00	32.0999	-91.7081	0	22.44	21.8	101.89	2.077	0	1.02	24.1	0	0	2.33	0.53	0	NA	0.279	0.693	-27.4	0.263	0.333	0.348	0.336	-23.2	0.366	0.33	-16.2	0.365	0.54	27.5	28.1	28.45	27.85	27
2025-08-27 04:15:00	32.0999	-91.7081	0	22.37	21.8	101.9	2.077	0	1.24	23.4	0	0	3.08	0.53	0	NA	0.279	0.693	-27.5	0.263	0.332	0.348	0.336	-23.2	0.366	0.33	-16.2	0.365	0.538	27.4	28.1	28.45	27.85	27
2025-08-27 04:30:00	32.0999	-91.7081	0	22.3	21.7	101.9	2.073	0	1.44	36.1	0	0	2.88	0.53	0	NA	0.279	0.693	-27.5	0.263	0.332	0.348	0.336	-23.2	0.366	0.33	-16.2	0.365	0.537	27.35	28	28.45	27.85	27
2025-08-27 04:45:00	32.0999	-91.7081	0	22.3	21.6	101.88	2.072	0	1.38	54.1	0	0	2.38	0.51	0	NA	0.279	0.692	-27.5	0.263	0.331	0.348	0.338	-23.2	0.366	0.33	-16.2	0.365	0.538	27.3	28	28.35	27.9	27
2025-08-27 05:00:00	32.0999	-91.7081	0	22.31	21.6	101.89	2.073	0	1	25.4	0	0	2.59	0.51	0	NA	0.279	0.69	-27.5	0.263	0.331	0.348	0.337	-23.3	0.366	0.33	-16.2	0.366	0.539	27.25	27.9	28.35	27.9	27
2025-08-27 05:15:00	32.0999	-91.7081	0	22.11	21.5	101.89	2.071	0	1.3	37.8	0	0	2.54	0.49	0	NA	0.28	0.689	-27.6	0.263	0.332	0.348	0.336	-23.3	0.366	0.33	-16.2	0.365	0.539	27.2	27.9	28.35	27.9	27
2025-08-27 05:30:00	32.0999	-91.7081	0	21.82	21.4	101.85	2.07	0	2.16	61.8	0	0	4.44	0.47	0	NA	0.28	0.691	-27.6	0.263	0.333	0.348	0.335	-23.3	0.366	0.33	-16.2	0.366	0.539	27.15	27.8	28.35	27.9	27
2025-08-27 05:45:00	32.0999	-91.7081	0	21.69	21.3	101.84	2.063	0	1.9	59.8	0	0	4.46	0.47	0	NA	0.28	0.687	-27.6	0.263	0.332	0.348	0.336	-23.3	0.366	0.33	-16.2	0.365	0.539	27.049999999999997	27.8	28.25	27.9	27
2025-08-27 06:00:00	32.0999	-91.7081	0	21.88	21.3	101.86	2.061	0	1.7	56.4	0	0	3.76	0.47	0	NA	0.28	0.688	-27.6	0.263	0.332	0.348	0.335	-23.3	0.366	0.33	-16.2	0.365	0.538	27	27.7	28.25	27.85	27
2025-08-27 06:15:00	32.0999	-91.7081	0	21.79	21.3	101.88	2.064	0	1.75	44.6	0	0	3.58	0.47	0	NA	0.28	0.688	-27.7	0.263	0.331	0.348	0.336	-23.3	0.366	0.33	-16.2	0.366	0.539	26.950000000000003	27.7	28.25	27.85	27
2025-08-27 06:30:00	32.0999	-91.7081	0	21.58	21.3	101.89	2.059	0	1.75	50.6	0	0	2.74	0.47	0	NA	0.28	0.686	-27.7	0.263	0.329	0.348	0.335	-23.4	0.366	0.33	-16.2	0.366	0.539	26.9	27.6	28.2	27.85	27
2025-08-27 06:45:00	32.0999	-91.7081	0	21.74	21.2	101.89	2.057	0	1.51	49.7	0	0	3.13	0.46	0	NA	0.28	0.685	-27.7	0.263	0.33	0.348	0.336	-23.4	0.366	0.33	-16.2	0.366	0.539	26.8	27.6	28.2	27.85	27
2025-08-27 07:00:00	32.0999	-91.7081	0	21.83	21.2	101.9	2.061	7.7	1.86	68.1	0	0	3.48	0.46	0	NA	0.28	0.685	-27.8	0.263	0.33	0.348	0.336	-23.4	0.366	0.33	-16.2	0.365	0.539	26.8	27.5	28.15	27.85	27
2025-08-27 07:15:00	32.0999	-91.7081	0	22.01	21.2	101.92	2.067	19.9	1.57	64.1	0	0	3.21	0.45	0	0.374	0.28	0.685	-27.8	0.263	0.33	0.348	0.336	-23.4	0.366	0.33	-16.2	0.366	0.538	26.7	27.5	28.1	27.85	27
2025-08-27 07:30:00	32.0999	-91.7081	0	22.46	21.4	101.95	2.079	47	1.3	32.2	0	0	2.63	0.46	0	0.351	0.28	0.683	-27.8	0.263	0.327	0.348	0.336	-23.4	0.366	0.33	-16.2	0.366	0.539	26.7	27.4	28.1	27.85	27
2025-08-27 07:45:00	32.0999	-91.7081	0	23.03	21.5	101.95	2.095	82.7	1.87	56.9	0	0	4.07	0.47	0	0.304	0.28	0.684	-27.8	0.263	0.329	0.348	0.336	-23.5	0.366	0.329	-16.2	0.365	0.539	26.65	27.4	28.1	27.85	27
2025-08-27 08:00:00	32.0999	-91.7081	0	24.18	21.8	101.96	2.123	113.5	1.67	46.5	0	0	3.05	0.48	0	0.322	0.28	0.682	-27.8	0.263	0.329	0.348	0.335	-23.5	0.366	0.33	-16.2	0.366	0.539	26.6	27.3	28.05	27.85	27
2025-08-27 08:15:00	32.0999	-91.7081	0	24.86	22	101.96	2.141	146.5	2.11	51.7	0	0	4.04	0.51	0	0.317	0.28	0.682	-27.9	0.263	0.33	0.348	0.336	-23.5	0.366	0.33	-16.2	0.366	0.538	26.549999999999997	27.3	28	27.85	27
2025-08-27 08:30:00	32.0999	-91.7081	0	25.28	22.2	101.96	2.147	150.3	2.02	56.2	0	0	3.73	0.53	0	0.329	0.28	0.682	-27.9	0.263	0.329	0.348	0.336	-23.5	0.366	0.33	-16.2	0.365	0.538	26.6	27.2	28	27.85	27
2025-08-27 08:45:00	32.0999	-91.7081	0	26.79	22.6	101.95	2.173	231	2.06	49.6	0	0	3.67	0.56	0	0.308	0.28	0.682	-27.9	0.263	0.328	0.348	0.336	-23.5	0.366	0.33	-16.2	0.365	0.539	26.6	27.2	28	27.85	27
2025-08-27 09:00:00	32.0999	-91.7081	0	30.17	23.4	101.95	2.274	375.4	2.22	64.4	0	0	4.04	0.6	0	0.303	0.28	0.684	-27.9	0.263	0.329	0.348	0.336	-23.5	0.366	0.33	-16.3	0.366	0.539	26.65	27.2	27.95	27.85	27
2025-08-27 09:15:00	32.0999	-91.7081	0	30.08	23.6	101.96	2.243	341.3	2.25	63.3	0	0	4	0.67	0	0.31	0.28	0.683	-27.9	0.263	0.328	0.349	0.336	-23.6	0.366	0.33	-16.2	0.366	0.538	26.7	27.2	27.9	27.85	27
2025-08-27 09:30:00	32.0999	-91.7081	0	31.16	24.2	101.97	2.253	376	2.51	79.1	0	0	4.29	0.76	0	0.307	0.279	0.685	-27.8	0.263	0.33	0.348	0.334	-23.6	0.366	0.329	-16.2	0.365	0.541	26.75	27.2	27.9	27.85	27
2025-08-27 09:45:00	32.0999	-91.7081	0	32.3	24.6	101.98	2.243	417.9	2.68	78.8	0	0	4.47	0.86	0	0.308	0.279	0.685	-27.8	0.263	0.329	0.348	0.336	-23.6	0.366	0.329	-16.2	0.366	0.538	26.9	27.2	27.85	27.85	27
2025-08-27 10:00:00	32.0999	-91.7081	0	32.61	24.8	101.99	2.249	398.8	2.42	86.9	0	0	4.99	0.89	0	0.307	0.279	0.685	-27.7	0.263	0.33	0.348	0.335	-23.6	0.366	0.327	-16.3	0.366	0.539	27	27.2	27.8	27.85	27
2025-08-27 10:15:00	32.0999	-91.7081	0	33.94	25.2	101.99	2.246	507.6	2.91	90.4	0	0	5.61	0.96	0	0.298	0.279	0.686	-27.7	0.263	0.329	0.348	0.335	-23.6	0.366	0.329	-16.3	0.366	0.539	27.15	27.3	27.8	27.85	27
2025-08-27 10:30:00	32.0999	-91.7081	0	37.4	26.3	101.98	2.312	660.2	2.53	112.8	0	0	5.46	1.1	0	0.295	0.278	0.687	-27.6	0.263	0.33	0.348	0.336	-23.6	0.366	0.33	-16.3	0.366	0.538	27.3	27.3	27.8	27.85	27
2025-08-27 10:45:00	32.0999	-91.7081	0	35.56	26.1	101.98	2.314	469.5	2.14	80.9	0	0	4.9	1.07	0	0.301	0.278	0.688	-27.6	0.263	0.331	0.348	0.336	-23.7	0.366	0.327	-16.3	0.366	0.539	27.5	27.4	27.75	27.85	27
2025-08-27 11:00:00	32.0999	-91.7081	0	32.69	26	101.97	2.259	322.1	2.29	86.8	0	0	4.75	1.09	0	0.322	0.278	0.689	-27.5	0.262	0.332	0.348	0.334	-23.7	0.366	0.328	-16.3	0.366	0.539	27.7	27.5	27.75	27.85	27
2025-08-27 11:15:00	32.0999	-91.7081	0	32.62	26.2	101.95	2.243	320.7	2.23	96.5	0	0	4.42	1.15	0	0.326	0.278	0.689	-27.5	0.262	0.333	0.348	0.335	-23.7	0.366	0.328	-16.3	0.366	0.541	27.8	27.6	27.75	27.85	27
2025-08-27 11:30:00	32.0999	-91.7081	0	34.39	26.5	101.95	2.27	379.8	1.74	87.2	0	0	4.26	1.18	0	0.322	0.278	0.691	-27.4	0.262	0.331	0.348	0.335	-23.7	0.366	0.328	-16.3	0.365	0.539	28	27.6	27.7	27.85	27
2025-08-27 11:45:00	32.0999	-91.7081	0	34.74	26.8	101.95	2.283	374.1	1.65	86.9	0	0	3.92	1.23	0	0.321	0.278	0.687	-27.4	0.262	0.334	0.348	0.336	-23.7	0.366	0.328	-16.3	0.366	0.539	28.1	27.7	27.7	27.85	27
2025-08-27 12:00:00	32.0999	-91.7081	0	35.61	27	101.95	2.272	419.3	1.7	102.1	0	0	3.42	1.3	0	0.315	0.277	0.69	-27.4	0.262	0.334	0.348	0.333	-23.7	0.366	0.329	-16.3	0.366	0.538	28.2	27.8	27.7	27.85	27
2025-08-27 12:15:00	32.0999	-91.7081	0	38.24	27.4	101.93	2.314	525.5	1.46	78.7	0	0	3.64	1.33	0	0.306	0.277	0.69	-27.4	0.262	0.334	0.348	0.332	-23.7	0.366	0.329	-16.3	0.366	0.537	28.3	27.9	27.7	27.799999999999997	27
2025-08-27 12:30:00	32.0999	-91.7081	0	39.86	27.9	101.9	2.343	608.2	1.66	80.8	0	0	4.58	1.41	0	0.298	0.277	0.69	-27.4	0.262	0.334	0.348	0.335	-23.7	0.366	0.327	-16.3	0.366	0.538	28.450000000000003	28	27.7	27.799999999999997	27
2025-08-27 12:45:00	32.0999	-91.7081	0	42.84	28.4	101.88	2.364	787	2.01	87.1	0	0	4.62	1.51	0	0.291	0.277	0.691	-27.4	0.262	0.334	0.348	0.336	-23.7	0.366	0.328	-16.3	0.366	0.539	28.6	28.1	27.7	27.799999999999997	27
2025-08-27 13:00:00	32.0999	-91.7081	0	48.74	29	101.86	2.423	1013	1.91	71	0	0	4.49	1.58	0	0.3	0.276	0.693	-27.3	0.262	0.333	0.348	0.336	-23.7	0.366	0.329	-16.3	0.366	0.539	28.799999999999997	28.2	27.7	27.799999999999997	27
2025-08-27 13:15:00	32.0999	-91.7081	0	47.89	29.2	101.85	2.418	908.5	2.07	101.8	0	0	5.07	1.63	0	0.301	0.276	0.694	-27.3	0.262	0.334	0.348	0.337	-23.7	0.366	0.328	-16.3	0.366	0.538	29.05	28.2	27.65	27.799999999999997	27
2025-08-27 13:30:00	32.0999	-91.7081	0	44.01	29.3	101.85	2.389	711.8	1.68	112.2	0	0	4.07	1.69	0	0.303	0.275	0.697	-27.3	0.262	0.335	0.348	0.337	-23.8	0.366	0.328	-16.3	0.366	0.537	29.4	28.4	27.65	27.799999999999997	27
2025-08-27 13:45:00	32.0999	-91.7081	0	45.27	29.6	101.83	2.433	723.2	1.51	111.1	0	0	4.45	1.71	0	0.299	0.275	0.698	-27.2	0.261	0.336	0.348	0.336	-23.7	0.366	0.329	-16.3	0.365	0.538	29.7	28.5	27.65	27.799999999999997	27
2025-08-27 14:00:00	32.0999	-91.7081	0	45.99	29.7	101.82	2.423	849.7	1.71	85.1	0	0	4.51	1.75	0	0.301	0.275	0.7	-27.1	0.261	0.336	0.348	0.336	-23.7	0.366	0.33	-16.3	0.366	0.537	30	28.7	27.65	27.799999999999997	27
2025-08-27 14:15:00	32.0999	-91.7081	0	48.74	30	101.8	2.469	983.8	1.73	74.1	0	0	4.64	1.78	0	0.302	0.274	0.7	-27.1	0.261	0.337	0.348	0.337	-23.8	0.366	0.328	-16.3	0.366	0.537	30.3	28.8	27.65	27.799999999999997	27
2025-08-27 14:30:00	32.0999	-91.7081	0	46.9	30.2	101.78	2.473	810.3	1.55	67.1	0	0	4.75	1.83	0	0.304	0.274	0.703	-27	0.261	0.339	0.348	0.337	-23.8	0.366	0.329	-16.3	0.366	0.536	30.6	29	27.65	27.799999999999997	27
2025-08-27 14:45:00	32.0999	-91.7081	0	40.19	29.7	101.77	2.408	454.8	1.87	55.5	0	0	3.87	1.77	0	0.307	0.273	0.704	-27	0.261	0.338	0.348	0.336	-23.8	0.366	0.329	-16.3	0.366	0.537	30.85	29.2	27.700000000000003	27.799999999999997	27
2025-08-27 15:00:00	32.0999	-91.7081	0	39.48	29.4	101.76	2.403	420.1	1.4	40.9	0	0	3.04	1.7	0	0.307	0.273	0.704	-26.9	0.261	0.339	0.348	0.337	-23.8	0.366	0.328	-16.3	0.366	0.536	31.05	29.4	27.700000000000003	27.799999999999997	27
2025-08-27 15:15:00	32.0999	-91.7081	0	36.97	29.3	101.75	2.397	299.6	1.47	6	0	0	3.12	1.67	0	0.314	0.273	0.704	-26.9	0.261	0.339	0.348	0.337	-23.8	0.366	0.329	-16.3	0.366	0.535	31.25	29.6	27.700000000000003	27.799999999999997	27
2025-08-27 15:30:00	32.0999	-91.7081	0	36.05	29.2	101.73	2.387	277	1.51	30.3	0	0	3.17	1.66	0	0.306	0.273	0.706	-27	0.261	0.339	0.348	0.337	-23.8	0.366	0.329	-16.3	0.366	0.538	31.35	29.7	27.700000000000003	27.799999999999997	27
2025-08-27 15:45:00	32.0999	-91.7081	0	34.18	29.1	101.73	2.382	187.9	1.26	20.1	0	0	2.83	1.65	0	0.314	0.273	0.703	-27	0.261	0.338	0.348	0.337	-23.8	0.366	0.329	-16.3	0.366	0.537	31.35	29.9	27.799999999999997	27.75	27
2025-08-27 16:00:00	32.0999	-91.7081	0	34.03	29	101.7	2.372	199.7	1.27	4.4	0	0	2.59	1.64	0	0.326	0.273	0.7	-27.1	0.261	0.338	0.348	0.337	-23.8	0.366	0.328	-16.3	0.366	0.536	31.35	30	27.799999999999997	27.75	27
2025-08-27 16:15:00	32.0999	-91.7081	0	38.78	29.7	101.68	2.473	444.1	1.5	3.1	0	0	3.55	1.69	0	0.336	0.273	0.702	-27.2	0.26	0.338	0.348	0.338	-23.8	0.366	0.329	-16.3	0.366	0.536	31.35	30	27.85	27.75	27
2025-08-27 16:30:00	32.0999	-91.7081	0	38.72	30.3	101.66	2.48	404.4	1.23	344.4	0	0	3.23	1.84	0	0.336	0.273	0.702	-27.2	0.26	0.337	0.348	0.339	-23.8	0.366	0.328	-16.3	0.366	0.535	31.299999999999997	30.1	27.85	27.75	27
2025-08-27 16:45:00	32.0999	-91.7081	0	35.7	30	101.65	2.486	272.3	1.19	324.6	0	0	2.57	1.76	0	0.343	0.272	0.701	-27.3	0.26	0.338	0.348	0.339	-23.8	0.366	0.329	-16.3	0.366	0.535	31.25	30.1	27.9	27.75	27
2025-08-27 17:00:00	32.0999	-91.7081	0	37.46	30.7	101.65	2.529	336.8	1.13	334.7	0	0	2.81	1.88	0	0.341	0.272	0.7	-27.4	0.26	0.338	0.348	0.339	-23.7	0.366	0.329	-16.3	0.366	0.535	31.200000000000003	30.2	27.950000000000003	27.75	27
2025-08-27 17:15:00	32.0999	-91.7081	0	33.91	30	101.63	2.457	183.3	1.27	314.2	0	0	2.17	1.8	0	0.341	0.272	0.7	-27.4	0.26	0.337	0.348	0.339	-23.7	0.366	0.329	-16.3	0.366	0.537	31.200000000000003	30.2	28	27.75	27
2025-08-27 17:30:00	32.0999	-91.7081	0	37.84	30.3	101.62	2.479	402.6	1.22	340.7	0	0	2.53	1.84	0	0.341	0.272	0.701	-27.5	0.26	0.338	0.348	0.339	-23.7	0.366	0.33	-16.3	0.366	0.536	31.25	30.2	28	27.75	27
2025-08-27 17:45:00	32.0999	-91.7081	0	37.34	30.6	101.62	2.516	366.2	1.2	11.4	0	0	2.58	1.87	0	0.346	0.272	0.7	-27.5	0.26	0.338	0.348	0.339	-23.7	0.366	0.33	-16.3	0.366	0.537	31.200000000000003	30.2	28	27.75	27
2025-08-27 18:00:00	32.0999	-91.7081	0	35.48	30.5	101.61	2.495	285.1	1.05	NA	0	0	2.74	1.87	0	0.346	0.272	0.699	-27.5	0.26	0.338	0.348	0.34	-23.7	0.366	0.33	-16.3	0.366	0.537	31.200000000000003	30.3	28.05	27.75	27
2025-08-27 18:15:00	32.0999	-91.7081	0	32.65	30.3	101.62	2.447	144.7	1.17	342	0	0	2.39	1.87	0	0.355	0.272	0.699	-27.6	0.26	0.338	0.348	0.338	-23.7	0.366	0.331	-16.3	0.366	0.537	31.15	30.3	28.1	27.75	27
2025-08-27 18:30:00	32.0999	-91.7081	0	31.44	30	101.61	2.424	129.6	1.18	4.4	0	0	2.33	1.81	0	0.373	0.272	0.697	-27.6	0.26	0.337	0.348	0.34	-23.7	0.366	0.33	-16.3	0.366	0.535	31.15	30.3	28.15	27.75	27
2025-08-27 18:45:00	32.0999	-91.7081	0	29.48	29.6	101.61	2.392	51	0.99	25.9	0	0	2.01	1.76	0	0.408	0.272	0.698	-27.6	0.26	0.338	0.348	0.34	-23.7	0.366	0.33	-16.3	0.366	0.537	31.1	30.3	28.15	27.75	27
2025-08-27 19:00:00	32.0999	-91.7081	0	28.68	28.7	101.62	2.45	38.5	0.62	344.3	0	0	1.35	1.49	0	0.425	0.272	0.696	-27.7	0.26	0.337	0.348	0.34	-23.7	0.366	0.329	-16.3	0.366	0.537	31.05	30.3	28.2	27.75	27
2025-08-27 19:15:00	32.0999	-91.7081	0	27.3	28.1	101.62	2.482	17.2	0.49	354.6	0	0	1.04	1.31	0	NA	0.272	0.696	-27.8	0.26	0.335	0.348	0.34	-23.7	0.366	0.33	-16.3	0.366	0.536	30.9	30.3	28.2	27.75	27
2025-08-27 19:30:00	32.0999	-91.7081	0	26.48	27.1	101.61	2.475	8.2	0.46	351.7	0	0	0.83	1.12	0	NA	0.272	0.694	-27.9	0.26	0.333	0.348	0.341	-23.7	0.366	0.329	-16.3	0.366	0.535	30.8	30.2	28.25	27.75	27
2025-08-27 19:45:00	32.0999	-91.7081	0	26.38	26.6	101.63	2.489	0	0.52	347.4	0	0	0.99	0.99	0	NA	0.273	0.692	-27.9	0.26	0.333	0.348	0.339	-23.7	0.366	0.329	-16.3	0.366	0.536	30.700000000000003	30.2	28.25	27.75	27
2025-08-27 20:00:00	32.0999	-91.7081	0	26.16	26.4	101.64	2.487	0	0.59	339	0	0	1.34	0.95	0	NA	0.273	0.691	-28	0.26	0.332	0.348	0.339	-23.7	0.366	0.329	-16.3	0.365	0.537	30.5	30.2	28.3	27.75	27
2025-08-27 20:15:00	32.0999	-91.7081	0	26.06	26.6	101.64	2.491	0	0.52	20	0	0	1.34	0.98	0	NA	0.273	0.69	-28.1	0.26	0.332	0.348	0.339	-23.7	0.366	0.331	-16.3	0.365	0.537	30.35	30.1	28.35	27.75	27
2025-08-27 20:30:00	32.0999	-91.7081	0	25.89	26.3	101.65	2.501	0	0.4	15	0	0	0.78	0.92	0	NA	0.273	0.688	-28.1	0.259	0.332	0.348	0.339	-23.7	0.366	0.331	-16.3	0.366	0.537	30.25	30	28.35	27.75	27
2025-08-27 20:45:00	32.0999	-91.7081	0	25.71	26	101.67	2.514	0	0.5	354.8	0	0	0.8	0.84	0	NA	0.273	0.689	-28.2	0.259	0.332	0.348	0.338	-23.7	0.366	0.328	-16.3	0.366	0.538	30.1	30	28.35	27.75	27
2025-08-27 21:00:00	32.0999	-91.7081	0	25.59	25.6	101.67	2.514	0	0.55	3.4	0	0	0.83	0.76	0	NA	0.273	0.687	-28.3	0.26	0.329	0.347	0.338	-23.7	0.366	0.33	-16.3	0.366	0.538	30	29.9	28.35	27.75	27
2025-08-27 21:15:00	32.0999	-91.7081	0	25.48	26	101.68	2.498	0	0.78	64	0	0	1.43	0.87	0	NA	0.273	0.686	-28.4	0.259	0.329	0.348	0.338	-23.7	0.366	0.331	-16.3	0.366	0.538	29.8	29.8	28.4	27.75	27
2025-08-27 21:30:00	32.0999	-91.7081	0	25.34	25.9	101.7	2.49	0	0.68	90.4	0	0	1.48	0.86	0	NA	0.274	0.685	-28.5	0.259	0.33	0.348	0.339	-23.7	0.366	0.329	-16.3	0.366	0.538	29.7	29.7	28.4	27.75	27
2025-08-27 21:45:00	32.0999	-91.7081	0	25.18	25.5	101.68	2.487	0	0.54	0.1	0	0	0.99	0.77	0	NA	0.274	0.683	-28.5	0.259	0.33	0.348	0.338	-23.7	0.366	0.33	-16.4	0.366	0.538	29.6	29.7	28.4	27.700000000000003	27
2025-08-27 22:00:00	32.0999	-91.7081	0	25.03	25.5	101.68	2.487	0	0.63	63	0	0	1.12	0.77	0	NA	0.274	0.683	-28.6	0.259	0.329	0.348	0.338	-23.7	0.366	0.329	-16.4	0.366	0.538	29.5	29.6	28.4	27.700000000000003	27
2025-08-27 22:15:00	32.0999	-91.7081	0	24.91	25.2	101.67	2.487	0	0.63	25.2	0	0	1.04	0.71	0	NA	0.274	0.684	-28.6	0.259	0.328	0.348	0.338	-23.7	0.366	0.33	-16.4	0.365	0.538	29.4	29.5	28.4	27.700000000000003	27
2025-08-27 22:30:00	32.0999	-91.7081	0	24.5	24.8	101.67	2.499	0	0.38	333.3	0	0	0.66	0.63	0	NA	0.274	0.683	-28.7	0.259	0.329	0.348	0.338	-23.7	0.366	0.329	-16.4	0.366	0.538	29.25	29.4	28.4	27.700000000000003	27
2025-08-27 22:45:00	32.0999	-91.7081	0	24.04	24.3	101.68	2.515	0	0.34	340.3	0	0	0.96	0.52	0	NA	0.274	0.682	-28.7	0.259	0.328	0.348	0.337	-23.7	0.366	0.329	-16.4	0.365	0.538	29.15	29.4	28.4	27.700000000000003	27
2025-08-27 23:00:00	32.0999	-91.7081	0	23.34	24	101.67	2.497	0	0.51	341.9	0	0	0.89	0.49	0	NA	0.274	0.683	-28.7	0.259	0.329	0.348	0.339	-23.7	0.366	0.329	-16.4	0.366	0.538	29.1	29.3	28.4	27.700000000000003	27
2025-08-27 23:15:00	32.0999	-91.7081	0	22.97	23.5	101.66	2.493	0	0.43	279.1	0	0	0.92	0.41	0	NA	0.274	0.678	-28.8	0.259	0.328	0.348	0.338	-23.7	0.366	0.329	-16.4	0.365	0.539	29	29.2	28.4	27.700000000000003	27
2025-08-27 23:30:00	32.0999	-91.7081	0	22.74	23.2	101.67	2.471	0	0.56	345.6	0	0	0.82	0.37	0	NA	0.274	0.68	-28.9	0.259	0.328	0.348	0.338	-23.8	0.366	0.329	-16.4	0.366	0.538	28.9	29.2	28.4	27.700000000000003	27
2025-08-27 23:45:00	32.0999	-91.7081	0	23.06	23	101.66	2.455	0	0.41	341.1	0	0	1.01	0.36	0	NA	0.275	0.679	-28.9	0.259	0.328	0.348	0.338	-23.8	0.366	0.33	-16.4	0.366	0.539	28.799999999999997	29.1	28.4	27.700000000000003	27
2025-08-28 00:00:00	32.0999	-91.7081	0	23.74	23.2	101.66	2.485	0	0.3	132.2	0	0	0.76	0.35	0	NA	0.275	0.679	-29	0.259	0.327	0.348	0.338	-23.8	0.366	0.329	-16.4	0.365	0.54	28.700000000000003	29	28.4	27.700000000000003	27
2025-08-28 00:15:00	32.0999	-91.7081	0	22.82	23.1	101.65	2.507	0	0.37	344.8	0	0	0.65	0.32	0	NA	0.275	0.677	-29	0.259	0.326	0.347	0.338	-23.8	0.366	0.329	-16.4	0.366	0.542	28.6	29	28.4	27.700000000000003	27
2025-08-28 00:30:00	32.0999	-91.7081	0	23.69	23	101.64	2.502	0	0.62	7.3	0	0	1.02	0.3	0	NA	0.275	0.674	-29.1	0.259	0.325	0.348	0.338	-23.8	0.366	0.33	-16.4	0.365	0.54	28.5	28.9	28.4	27.700000000000003	27
2025-08-28 00:45:00	32.0999	-91.7081	0	24.26	23.2	101.63	2.543	0	0.23	297.6	0	0	0.52	0.31	0	NA	0.275	0.675	-29.1	0.259	0.325	0.347	0.337	-23.8	0.366	0.33	-16.4	0.365	0.542	28.4	28.8	28.4	27.700000000000003	27
2025-08-28 01:00:00	32.0999	-91.7081	0	24.29	23.4	101.62	2.578	0	0.36	325.6	0	0	0.57	0.29	0	NA	0.275	0.675	-29.2	0.259	0.325	0.347	0.336	-23.8	0.366	0.329	-16.4	0.366	0.539	28.299999999999997	28.8	28.4	27.700000000000003	27
2025-08-28 01:15:00	32.0999	-91.7081	0	24.02	23.4	101.6	2.575	0	0.29	299.1	0	0	0.53	0.3	0	NA	0.275	0.675	-29.2	0.259	0.326	0.347	0.336	-23.8	0.366	0.329	-16.4	0.366	0.538	28.299999999999997	28.7	28.35	27.700000000000003	27
2025-08-28 01:30:00	32.0999	-91.7081	0	23.11	23.3	101.58	2.582	0	0.23	226.7	0	0	0.49	0.28	0	NA	0.275	0.67	-29.2	0.259	0.325	0.347	0.337	-23.9	0.366	0.329	-16.4	0.366	0.539	28.200000000000003	28.6	28.35	27.700000000000003	27
2025-08-28 01:45:00	32.0999	-91.7081	0	22.53	23	101.56	2.558	0	0.39	217.1	0	0	0.78	0.24	0	NA	0.275	0.672	-29.2	0.259	0.325	0.347	0.336	-23.9	0.366	0.329	-16.4	0.366	0.539	28.200000000000003	28.6	28.35	27.700000000000003	27
2025-08-28 02:00:00	32.0999	-91.7081	0	22.18	22.8	101.54	2.511	0	0.25	2.1	0	0	0.47	0.25	0	NA	0.275	0.673	-29.3	0.259	0.324	0.347	0.337	-23.9	0.366	0.329	-16.4	0.365	0.539	28.1	28.5	28.35	27.700000000000003	27
2025-08-28 02:15:00	32.0999	-91.7081	0	22.13	22.8	101.52	2.495	0	0.41	116.7	0	0	0.98	0.27	0	NA	0.275	0.671	-29.3	0.259	0.325	0.347	0.337	-23.9	0.366	0.33	-16.4	0.365	0.54	28	28.5	28.35	27.700000000000003	27
2025-08-28 02:30:00	32.0999	-91.7081	0	22.11	22.8	101.51	2.495	0	0.36	115.4	0	0	0.73	0.28	0	NA	0.276	0.672	-29.3	0.259	0.324	0.347	0.337	-23.9	0.366	0.331	-16.4	0.366	0.539	27.950000000000003	28.4	28.299999999999997	27.700000000000003	27
2025-08-28 02:45:00	32.0999	-91.7081	0	22.15	22.9	101.52	2.505	0	0.49	130.7	0	0	1.07	0.28	0	NA	0.276	0.671	-29.3	0.259	0.325	0.347	0.338	-23.9	0.366	0.33	-16.4	0.366	0.539	27.85	28.4	28.299999999999997	27.700000000000003	27
2025-08-28 03:00:00	32.0999	-91.7081	0	22.28	23	101.52	2.525	0	0.4	135.5	0	0	1.11	0.28	0	NA	0.276	0.669	-29.4	0.259	0.324	0.347	0.337	-24	0.366	0.329	-16.4	0.366	0.539	27.75	28.3	28.299999999999997	27.700000000000003	27
2025-08-28 03:15:00	32.0999	-91.7081	0	22.17	23	101.51	2.53	0	0.63	63.7	0	0	0.97	0.27	0	NA	0.276	0.668	-29.4	0.259	0.324	0.347	0.337	-24	0.366	0.329	-16.4	0.366	0.539	27.700000000000003	28.3	28.299999999999997	27.700000000000003	27
2025-08-28 03:30:00	32.0999	-91.7081	0	22.05	22.5	101.52	2.511	0	0.83	NA	0	0	1.18	0.21	0	NA	0.276	0.67	-29.4	0.259	0.324	0.347	0.337	-24	0.366	0.329	-16.4	0.366	0.538	27.65	28.2	28.299999999999997	27.700000000000003	27
2025-08-28 03:45:00	32.0999	-91.7081	0	21.87	22.2	101.52	2.489	0	0.56	0.6	0	0	1.05	0.19	0	NA	0.276	0.67	-29.5	0.259	0.322	0.347	0.336	-24	0.366	0.329	-16.4	0.366	0.539	27.549999999999997	28.1	28.25	27.75	27
2025-08-28 04:00:00	32.0999	-91.7081	0	21.72	22.2	101.52	2.481	0	0.46	332.6	0	0	0.59	0.19	0	NA	0.276	0.67	-29.5	0.259	0.321	0.347	0.335	-24	0.366	0.329	-16.4	0.366	0.538	27.450000000000003	28.1	28.200000000000003	27.75	27
2025-08-28 04:15:00	32.0999	-91.7081	0	21.73	22.2	101.52	2.491	0	0.48	336.8	0	0	0.66	0.18	0	NA	0.276	0.667	-29.5	0.259	0.321	0.347	0.335	-24.1	0.366	0.33	-16.4	0.366	0.539	27.450000000000003	28	28.200000000000003	27.75	27
2025-08-28 04:30:00	32.0999	-91.7081	0	21.53	22.1	101.53	2.493	0	0.44	0.4	0	0	0.61	0.16	0	NA	0.276	0.667	-29.6	0.259	0.321	0.347	0.335	-24.1	0.366	0.33	-16.4	0.366	0.539	27.35	28	28.200000000000003	27.75	27
2025-08-28 04:45:00	32.0999	-91.7081	0	21.58	22	101.53	2.485	0	0.56	72.6	0	0	0.81	0.15	0	NA	0.276	0.667	-29.6	0.259	0.322	0.347	0.336	-24.1	0.366	0.33	-16.5	0.365	0.539	27.25	27.9	28.15	27.75	27
2025-08-28 05:00:00	32.0999	-91.7081	0	22.22	22	101.52	2.494	0	0.33	48.8	0	0	0.63	0.15	0	NA	0.276	0.666	-29.6	0.259	0.321	0.347	0.337	-24.1	0.366	0.331	-16.5	0.365	0.539	27.25	27.9	28.15	27.75	27
2025-08-28 05:15:00	32.0999	-91.7081	0	21.92	22.1	101.52	2.515	0	0.38	217.2	0	0	0.74	0.14	0	NA	0.276	0.663	-29.7	0.259	0.322	0.348	0.337	-24.1	0.366	0.331	-16.4	0.365	0.539	27.15	27.8	28.15	27.75	27
2025-08-28 05:30:00	32.0999	-91.7081	0	21.9	21.9	101.5	2.522	0	0.22	207.7	0	0	0.61	0.11	0	NA	0.276	0.664	-29.7	0.259	0.321	0.347	0.336	-24.1	0.366	0.329	-16.5	0.366	0.539	27.1	27.8	28.1	27.75	27
2025-08-28 05:45:00	32.0999	-91.7081	0	22.07	22.4	101.49	2.549	0	0.58	221.4	0	0	1.41	0.16	0	NA	0.276	0.664	-29.7	0.259	0.32	0.347	0.337	-24.1	0.366	0.33	-16.5	0.366	0.539	27.049999999999997	27.7	28.1	27.75	27
2025-08-28 06:00:00	32.0999	-91.7081	0	22.35	22.7	101.5	2.605	0	0.76	216.6	0	0	1.68	0.15	0	NA	0.277	0.665	-29.7	0.259	0.321	0.347	0.337	-24.2	0.366	0.33	-16.5	0.366	0.541	26.950000000000003	27.7	28.05	27.75	27
2025-08-28 06:15:00	32.0999	-91.7081	0	22.36	22.7	101.5	2.623	0	0.69	207	0	0	1.52	0.13	0	NA	0.277	0.663	-29.8	0.259	0.32	0.348	0.337	-24.2	0.366	0.332	-16.5	0.365	0.54	26.950000000000003	27.6	28.05	27.75	27
2025-08-28 06:30:00	32.0999	-91.7081	0	22.29	22.6	101.5	2.611	0	0.31	316.8	0	0	0.77	0.13	0	NA	0.277	0.663	-29.8	0.259	0.321	0.348	0.336	-24.2	0.366	0.33	-16.5	0.365	0.54	26.85	27.6	28.05	27.75	26.9
2025-08-28 06:45:00	32.0999	-91.7081	0	22.34	22.4	101.51	2.595	0	0.23	13.1	0	0	0.43	0.11	0	NA	0.277	0.663	-29.8	0.259	0.321	0.347	0.337	-24.2	0.366	0.329	-16.5	0.365	0.54	26.85	27.5	28	27.75	26.9
2025-08-28 07:00:00	32.0999	-91.7081	0	22.69	22.3	101.51	2.583	9.9	0.53	353.1	0	0	0.88	0.11	0	NA	0.277	0.663	-29.8	0.259	0.321	0.348	0.337	-24.2	0.366	0.331	-16.5	0.365	0.54	26.85	27.5	27.95	27.75	26.9
2025-08-28 07:15:00	32.0999	-91.7081	0	23.03	22.3	101.5	2.602	19.4	0.18	19	0	0	0.46	0.09	0	0.488	0.277	0.663	-29.8	0.259	0.321	0.348	0.337	-24.2	0.366	0.33	-16.5	0.365	0.54	26.75	27.4	27.95	27.75	26.9
2025-08-28 07:30:00	32.0999	-91.7081	0	23.69	22.7	101.51	2.656	38.2	0.23	103.6	0	0	0.42	0.1	0	0.397	NA	NA	NA	NA	NA	NA	NA	NA	NA	NA	NA	NA	NA	NA	NA	NA	NA	NA
2025-08-28 07:45:00	32.0999	-91.7081	0	25.06	23.1	101.51	2.742	80.7	0.3	288.8	0	0	0.77	0.08	0	0.365	NA	NA	NA	NA	NA	NA	NA	NA	NA	NA	NA	NA	NA	NA	NA	NA	NA	NA
