2025-05-25T05:00:00Z	30.3734	-91.1636	0	21.86	23.6	101.69	2.765	0	0.79	300	0	0	1.37	0.14	0	0.179	0.158	0.045	-23.1	NA	NA	0.279	0.104	-19.3	0.291	0.13	-7.1	NA	NA	28.049999999999997	NA	28.200000000000003	26.75	NA
2025-05-25T05:15:00Z	30.3734	-91.1636	0	22.11	23.3	101.69	2.723	0	0.69	62.1	0	0	1.32	0.13	0	0.182	0.157	0.045	-23.1	NA	NA	0.279	0.105	-19.3	0.291	0.13	-7.1	NA	NA	27.950000000000003	NA	28.1	26.75	NA
2025-05-25T05:30:00Z	30.3734	-91.1636	0	22.29	23.6	101.7	2.757	0	0.29	69	0	0	0.61	0.16	0	0.213	0.157	0.045	-23.1	NA	NA	0.279	0.104	-19.3	0.291	0.13	-7.1	NA	NA	27.85	NA	28.1	26.799999999999997	NA
2025-05-25T05:45:00Z	30.3734	-91.1636	0	22.24	23.6	101.69	2.777	0	0.31	136.3	0	0	0.73	0.13	0	0.193	0.157	0.045	-23.2	NA	NA	0.279	0.104	-19.3	0.291	0.13	-7.1	NA	NA	27.700000000000003	NA	28	26.799999999999997	NA
2025-05-25T06:00:00Z	30.3734	-91.1636	0	22.04	23.4	101.69	2.769	0	0.2	351.3	0	0	0.98	0.11	0	0.166	0.157	0.046	-23.2	NA	NA	0.279	0.104	-19.3	0.291	0.13	-7.1	NA	NA	27.549999999999997	NA	27.95	26.799999999999997	NA
2025-05-25T06:15:00Z	30.3734	-91.1636	0	22.09	23.4	101.7	2.767	0	0.18	270.5	0	0	0.65	0.11	0	0.148	0.157	0.046	-23.2	NA	NA	0.28	0.104	-19.3	0.291	0.13	-7.1	NA	NA	27.450000000000003	NA	27.9	26.799999999999997	NA
2025-05-25T06:30:00Z	30.3734	-91.1636	0	21.78	23.3	101.71	2.77	0	0.28	283.3	0	0	0.69	0.09	0	0.106	0.157	0.045	-23.3	NA	NA	0.28	0.104	-19.3	0.291	0.13	-7.1	NA	NA	27.35	NA	27.85	26.799999999999997	NA
2025-05-25T06:45:00Z	30.3734	-91.1636	0	22.47	23.4	101.72	2.794	0	0.33	97.6	0	0	0.85	0.09	0	0.107	0.157	0.045	-23.3	NA	NA	0.28	0.104	-19.3	0.291	0.13	-7.2	NA	NA	27.25	NA	27.75	26.799999999999997	NA
2025-05-25T07:00:00Z	30.3734	-91.1636	0	22.89	23.5	101.71	2.818	0	0.25	109.6	0	0	0.98	0.07	0	0.105	0.157	0.045	-23.3	NA	NA	0.28	0.104	-19.3	0.291	0.13	-7.2	NA	NA	27.15	NA	27.7	26.799999999999997	NA
2025-05-25T07:15:00Z	30.3734	-91.1636	0	23.44	23.4	101.71	2.834	0	0.22	298.3	0	0	0.74	0.05	0	0.098	0.157	0.045	-23.3	NA	NA	0.28	0.104	-19.3	0.291	0.13	-7.2	NA	NA	27	NA	27.6	26.799999999999997	NA
2025-05-25T07:30:00Z	30.3734	-91.1636	0	23.59	23.8	101.71	2.877	0	0.47	97.3	0	0	1.42	0.07	0	0.095	0.157	0.044	-23.4	NA	NA	0.28	0.104	-19.3	0.291	0.13	-7.2	NA	NA	26.9	NA	27.6	26.799999999999997	NA
2025-05-25T07:45:00Z	30.3734	-91.1636	0	23.61	23.9	101.72	2.899	0	0.5	250.1	0	0	1.4	0.06	0	0.106	0.157	0.045	-23.4	NA	NA	0.28	0.104	-19.3	0.291	0.13	-7.2	NA	NA	26.8	NA	27.5	26.799999999999997	NA
2025-05-25T08:00:00Z	30.3734	-91.1636	0	23.89	23.9	101.74	2.919	0	0.45	272.7	0	0	0.94	0.05	0	0.105	0.157	0.045	-23.4	NA	NA	0.28	0.104	-19.3	0.291	0.13	-7.2	NA	NA	26.65	NA	27.45	26.799999999999997	NA
2025-05-25T08:15:00Z	30.3734	-91.1636	0	24.07	24	101.74	2.935	0	0.76	280.4	0	0	1.22	0.04	0	0.108	0.157	0.044	-23.4	NA	NA	0.28	0.104	-19.3	0.291	0.13	-7.2	NA	NA	26.6	NA	27.35	26.799999999999997	NA
2025-05-25T08:30:00Z	30.3734	-91.1636	0	23.15	23.9	101.76	2.917	0	1.03	294.2	0	0	1.5	0.05	0	0.107	0.157	0.044	-23.4	NA	NA	0.28	0.104	-19.3	0.291	0.13	-7.2	NA	NA	26.5	NA	27.35	26.799999999999997	NA
2025-05-25T08:45:00Z	30.3734	-91.1636	0	22.22	23.6	101.76	2.876	0	0.86	299.9	0	0	1.33	0.03	0	0.111	0.157	0.041	-23.4	NA	NA	0.28	0.104	-19.3	0.291	0.13	-7.2	NA	NA	26.4	NA	27.25	26.799999999999997	NA
2025-05-25T09:00:00Z	30.3734	-91.1636	0	22.92	23.4	101.77	2.851	0	0.56	281.5	0	0	0.89	0.02	0	0.085	0.157	0.043	-23.5	NA	NA	0.28	0.104	-19.3	0.291	0.13	-7.2	NA	NA	26.3	NA	27.200000000000003	26.799999999999997	NA
2025-05-25T09:15:00Z	30.3734	-91.1636	0	22.7	23.4	101.77	2.845	0	0.86	283.1	0	0	1.15	0.03	0	0.084	0.157	0.043	-23.5	NA	NA	0.28	0.104	-19.3	0.291	0.13	-7.2	NA	NA	26.2	NA	27.1	26.75	NA
2025-05-25T09:30:00Z	30.3734	-91.1636	0	22.5	23.3	101.78	2.843	0	0.98	298.3	0	0	1.35	0.02	0	0.108	0.157	0.043	-23.5	NA	NA	0.28	0.104	-19.3	0.291	0.13	-7.3	NA	NA	26.1	NA	27.05	26.75	NA
2025-05-25T09:45:00Z	30.3734	-91.1636	0	22.67	23.4	101.78	2.848	0	0.37	264.5	0	0	0.78	0.02	0	0.084	0.157	0.043	-23.5	NA	NA	0.28	0.103	-19.3	0.291	0.13	-7.3	NA	NA	26	NA	27	26.75	NA
2025-05-25T10:00:00Z	30.3734	-91.1636	0	22.78	23.3	101.77	2.851	0	0.13	19.9	0	0	0.43	0.01	0	0.063	0.157	0.042	-23.5	NA	NA	0.28	0.103	-19.3	0.291	0.129	-7.3	NA	NA	26	NA	26.9	26.75	NA
2025-05-25T10:15:00Z	30.3734	-91.1636	0	22.76	23.3	101.77	2.845	0	0.41	261.9	0	0	0.99	0.02	0	0.074	0.157	0.042	-23.6	NA	NA	0.28	0.103	-19.3	0.291	0.13	-7.3	NA	NA	25.9	NA	26.9	26.75	NA
2025-05-25T10:30:00Z	30.3734	-91.1636	0	22.86	23.5	101.77	2.871	0	0.31	263.4	0	0	1.34	0.02	0	0.07	0.157	0.045	-23.6	NA	NA	0.28	0.102	-19.3	0.291	0.13	-7.3	NA	NA	25.8	NA	26.799999999999997	26.75	NA
2025-05-25T10:45:00Z	30.3734	-91.1636	0	23.34	23.6	101.78	2.892	0	0.34	218.6	0	0	0.86	0.02	0	0.055	0.157	0.041	-23.6	NA	NA	0.28	0.103	-19.3	0.291	0.13	-7.3	NA	NA	25.7	NA	26.75	26.75	NA
2025-05-25T11:00:00Z	30.3734	-91.1636	0	23.25	23.7	101.78	2.909	0	0.32	164.3	0	0	1.39	0.01	0	0.17	0.157	0.043	-23.6	NA	NA	0.28	0.102	-19.3	0.291	0.129	-7.3	NA	NA	25.65	NA	26.700000000000003	26.7	NA
2025-05-25T11:15:00Z	30.3734	-91.1636	0	22.62	23.5	101.79	2.889	2.7	0.45	283	0	0	0.97	0.01	0	0.314	0.157	0.044	-23.6	NA	NA	0.28	0.103	-19.3	0.291	0.13	-7.3	NA	NA	25.6	NA	26.65	26.65	NA
2025-05-25T11:30:00Z	30.3734	-91.1636	0	22.82	23.5	101.79	2.883	17.2	0.79	284	0	0	1.18	0.01	0	0.378	0.157	0.043	-23.6	NA	NA	0.28	0.102	-19.3	0.291	0.13	-7.3	NA	NA	25.549999999999997	NA	26.6	26.65	NA
2025-05-25T11:45:00Z	30.3734	-91.1636	0	23.57	23.6	101.79	2.904	40.6	0.76	272.7	0	0	1.2	0.01	0	0.376	0.157	0.043	-23.6	NA	NA	0.28	0.104	-19.3	0.291	0.129	-7.4	NA	NA	25.5	NA	26.549999999999997	26.65	NA
2025-05-25T12:00:00Z	30.3734	-91.1636	0	24.54	23.8	101.8	2.949	75.4	0.38	254.3	0	0	1.2	0	0	0.401	0.157	0.042	-23.6	NA	NA	0.28	0.103	-19.3	0.291	0.13	-7.4	NA	NA	25.5	NA	26.5	26.65	NA
2025-05-25T12:15:00Z	30.3734	-91.1636	0	25.42	24.4	101.81	3.063	124.1	0.68	177.8	0	0	2.5	0	0	0.412	0.157	0.043	-23.6	NA	NA	0.28	0.104	-19.4	0.291	0.129	-7.4	NA	NA	25.450000000000003	NA	26.450000000000003	26.6	NA
2025-05-25T12:30:00Z	30.3734	-91.1636	0	26.5	25	101.82	3.162	167.8	0.8	221.2	0	0	1.75	0	0	0.449	0.157	0.043	-23.6	NA	NA	0.28	0.102	-19.4	0.291	0.129	-7.4	NA	NA	25.450000000000003	NA	26.4	26.6	NA
2025-05-25T12:45:00Z	30.3734	-91.1636	0	27.32	25.5	101.83	3.263	217.5	0.97	207.3	0	0	2.24	0	0	0.468	NA	NA	NA	NA	NA	NA	NA	NA	NA	NA	NA	NA	NA	NA	NA	NA	NA	NA
2025-05-25T13:00:00Z	30.3734	-91.1636	0	28.48	26.1	101.83	3.367	274.3	1.27	198.1	0	0	2.52	0.01	0	0.454	NA	NA	NA	NA	NA	NA	NA	NA	NA	NA	NA	NA	NA	NA	NA	NA	NA	NA
2025-05-25T13:15:00Z	30.3734	-91.1636	0	29.66	26.6	101.84	3.435	318.6	1.43	200.1	0	0	3.3	0.05	0	0.45	NA	NA	NA	NA	NA	NA	NA	NA	NA	NA	NA	NA	NA	NA	NA	NA	NA	NA
2025-05-25T13:30:00Z	30.3734	-91.1636	0	30.81	27.1	101.84	3.487	361.2	1.84	196.9	0	0	4.64	0.1	0	0.444	NA	NA	NA	NA	NA	NA	NA	NA	NA	NA	NA	NA	NA	NA	NA	NA	NA	NA
2025-05-25T13:45:00Z	30.3734	-91.1636	0	31.96	27.3	101.83	3.479	398.2	2.05	193.8	0	0	4.13	0.15	0	0.428	NA	NA	NA	NA	NA	NA	NA	NA	NA	NA	NA	NA	NA	NA	NA	NA	NA	NA
2025-05-25T14:00:00Z	30.3734	-91.1636	0	33.16	27.7	101.85	3.474	442.1	2.11	194.1	0	0	4.51	0.24	0	0.407	NA	NA	NA	NA	NA	NA	NA	NA	NA	NA	NA	NA	NA	NA	NA	NA	NA	NA
2025-05-25T14:15:00Z	30.3734	-91.1636	0	35.51	28.3	101.85	3.501	530.7	1.82	194.9	0	0	3.99	0.35	0	0.389	NA	NA	NA	NA	NA	NA	NA	NA	NA	NA	NA	NA	NA	NA	NA	NA	NA	NA
2025-05-25T14:30:00Z	30.3734	-91.1636	0	37.09	28.9	101.85	3.529	589.2	1.85	194.8	0	0	3.79	0.45	0	0.381	NA	NA	NA	NA	NA	NA	NA	NA	NA	NA	NA	NA	NA	NA	NA	NA	NA	NA
2025-05-25T14:45:00Z	30.3734	-91.1636	0	37.5	29	101.86	3.448	631.4	2.39	197.9	0	0	4.55	0.55	0	0.378	NA	NA	NA	NA	NA	NA	NA	NA	NA	NA	NA	NA	NA	NA	NA	NA	NA	NA
2025-05-25T15:00:00Z	30.3734	-91.1636	0	38.63	29.3	101.87	3.427	661	2.44	192	0	0	4.16	0.65	0	0.386	NA	NA	NA	NA	NA	NA	NA	NA	NA	NA	NA	NA	NA	NA	NA	NA	NA	NA
2025-05-25T15:15:00Z	30.3734	-91.1636	0	39.03	29.6	101.87	3.387	694.3	2.4	174.6	0	0	5.07	0.76	0	0.388	NA	NA	NA	NA	NA	NA	NA	NA	NA	NA	NA	NA	NA	NA	NA	NA	NA	NA
2025-05-25T15:30:00Z	30.3734	-91.1636	0	40.24	29.8	101.88	3.325	744.9	2.77	188.2	0	0	5.07	0.88	0	0.36	NA	NA	NA	NA	NA	NA	NA	NA	NA	NA	NA	NA	NA	NA	NA	NA	NA	NA
2025-05-25T15:45:00Z	30.3734	-91.1636	0	41.31	30.1	101.88	3.36	721.2	2.26	189.7	0	0	5.05	0.91	0	0.344	NA	NA	NA	NA	NA	NA	NA	NA	NA	NA	NA	NA	NA	NA	NA	NA	NA	NA
2025-05-25T16:00:00Z	30.3734	-91.1636	0	42.48	30.4	101.88	3.341	773.6	2.29	191.3	0	0	4.85	0.99	0	0.336	NA	NA	NA	NA	NA	NA	NA	NA	NA	NA	NA	NA	NA	NA	NA	NA	NA	NA
2025-05-25T16:15:00Z	30.3734	-91.1636	0	41.25	30.7	101.87	3.321	636.3	2.47	201.3	0	0	5.24	1.09	0	0.34	NA	NA	NA	NA	NA	NA	NA	NA	NA	NA	NA	NA	NA	NA	NA	NA	NA	NA
2025-05-25T16:30:00Z	30.3734	-91.1636	0	41.53	30.8	101.87	3.291	617.1	2.39	195.2	0	0	4.93	1.15	0	0.353	NA	NA	NA	NA	NA	NA	NA	NA	NA	NA	NA	NA	NA	NA	NA	NA	NA	NA
2025-05-25T16:45:00Z	30.3734	-91.1636	0	42.72	30.9	101.85	3.268	759.6	2.71	193.6	0	0	5.05	1.19	0	0.341	NA	NA	NA	NA	NA	NA	NA	NA	NA	NA	NA	NA	NA	NA	NA	NA	NA	NA
2025-05-25T17:00:00Z	30.3734	-91.1636	0	43.51	31.3	101.83	3.245	833.5	2.96	192.8	0	0	6.1	1.33	0	0.333	NA	NA	NA	NA	NA	NA	NA	NA	NA	NA	NA	NA	NA	NA	NA	NA	NA	NA
2025-05-25T17:15:00Z	30.3734	-91.1636	0	42.93	31.4	101.81	3.187	850.4	3.03	182	0	0	6.74	1.41	0	0.328	NA	NA	NA	NA	NA	NA	NA	NA	NA	NA	NA	NA	NA	NA	NA	NA	NA	NA
2025-05-25T17:30:00Z	30.3734	-91.1636	0	45.34	31.8	101.79	3.201	955.7	2.75	194	0	0	5.92	1.5	0	0.336	NA	NA	NA	NA	NA	NA	NA	NA	NA	NA	NA	NA	NA	NA	NA	NA	NA	NA
2025-05-25T17:45:00Z	30.3734	-91.1636	0	45.26	31.9	101.79	3.187	994.7	2.98	192.1	0	0	6.06	1.55	0	0.34	NA	NA	NA	NA	NA	NA	NA	NA	NA	NA	NA	NA	NA	NA	NA	NA	NA	NA
2025-05-25T18:00:00Z	30.3734	-91.1636	0	45.92	31.9	101.79	3.162	1054.5	3.24	184.9	0	0	6.05	1.57	0	0.341	NA	NA	NA	NA	NA	NA	NA	NA	NA	NA	NA	NA	NA	NA	NA	NA	NA	NA
2025-05-25T18:15:00Z	30.3734	-91.1636	0	46.55	32.3	101.79	3.193	957.4	2.22	185.6	0	0	5.83	1.64	0	0.333	NA	NA	NA	NA	NA	NA	NA	NA	NA	NA	NA	NA	NA	NA	NA	NA	NA	NA
2025-05-25T18:30:00Z	30.3734	-91.1636	0	45.23	32.5	101.78	3.167	796.8	2.65	205.6	0	0	5.61	1.73	0	0.334	NA	NA	NA	NA	NA	NA	NA	NA	NA	NA	NA	NA	NA	NA	NA	NA	NA	NA
2025-05-25T18:45:00Z	30.3734	-91.1636	0	46.59	32.8	101.78	3.131	941.2	3.05	215.9	0	0	5.69	1.84	0	0.341	NA	NA	NA	NA	NA	NA	NA	NA	NA	NA	NA	NA	NA	NA	NA	NA	NA	NA
2025-05-25T19:00:00Z	30.3734	-91.1636	0	46.23	32.7	101.76	3.126	965.9	2.85	194.3	0	0	5.42	1.83	0	0.326	NA	NA	NA	NA	NA	NA	NA	NA	NA	NA	NA	NA	NA	NA	NA	NA	NA	NA
2025-05-25T19:15:00Z	30.3734	-91.1636	0	44.29	32.9	101.75	3.117	814.7	2.98	203.8	0	0	6.54	1.89	0	0.329	NA	NA	NA	NA	NA	NA	NA	NA	NA	NA	NA	NA	NA	NA	NA	NA	NA	NA
2025-05-25T19:30:00Z	30.3734	-91.1636	0	42.58	32.7	101.75	3.07	690.7	2.61	215.4	0	0	5	1.88	0	0.344	NA	NA	NA	NA	NA	NA	NA	NA	NA	NA	NA	NA	NA	NA	NA	NA	NA	NA
2025-05-25T19:45:00Z	30.3734	-91.1636	0	45.76	33.4	101.72	3.121	914	2.91	215.3	0	0	5.55	2.01	0	0.326	NA	NA	NA	NA	NA	NA	NA	NA	NA	NA	NA	NA	NA	NA	NA	NA	NA	NA
2025-05-25T20:00:00Z	30.3734	-91.1636	0	43.09	32.8	101.69	3.051	743.1	3.1	216.9	0	0	5.58	1.93	0	0.334	NA	NA	NA	NA	NA	NA	NA	NA	NA	NA	NA	NA	NA	NA	NA	NA	NA	NA
2025-05-25T20:15:00Z	30.3734	-91.1636	0	45.37	33.3	101.66	3.082	838.8	3.01	224.1	0	0	5.71	2.04	0	0.339	NA	NA	NA	NA	NA	NA	NA	NA	NA	NA	NA	NA	NA	NA	NA	NA	NA	NA
2025-05-25T20:30:00Z	30.3734	-91.1636	0	44.35	33.4	101.64	3.065	800.3	3.06	219.9	0	0	5.44	2.08	0	0.339	NA	NA	NA	NA	NA	NA	NA	NA	NA	NA	NA	NA	NA	NA	NA	NA	NA	NA
2025-05-25T20:45:00Z	30.3734	-91.1636	0	40.97	33.1	101.63	3.043	548.5	3.04	227.6	0	0	5.5	2.01	0	0.34	NA	NA	NA	NA	NA	NA	NA	NA	NA	NA	NA	NA	NA	NA	NA	NA	NA	NA
2025-05-25T21:00:00Z	30.3734	-91.1636	0	44.04	33.6	101.63	3.108	784.4	2.93	218.2	0	0	5.75	2.08	0	0.337	NA	NA	NA	NA	NA	NA	NA	NA	NA	NA	NA	NA	NA	NA	NA	NA	NA	NA
2025-05-25T21:15:00Z	30.3734	-91.1636	0	41.17	33.1	101.62	3.096	597.1	3.39	219.4	0	0	6.8	1.96	0	0.346	NA	NA	NA	NA	NA	NA	NA	NA	NA	NA	NA	NA	NA	NA	NA	NA	NA	NA
2025-05-25T21:30:00Z	30.3734	-91.1636	0	37.4	32.4	101.61	3.033	370.2	3.42	212.3	0	0	6.68	1.82	0	0.33	NA	NA	NA	NA	NA	NA	NA	NA	NA	NA	NA	NA	NA	NA	NA	NA	NA	NA
2025-05-25T21:45:00Z	30.3734	-91.1636	0	39.37	32.4	101.61	3.105	470.7	2.85	213.6	0	0	5.69	1.77	0	0.332	NA	NA	NA	NA	NA	NA	NA	NA	NA	NA	NA	NA	NA	NA	NA	NA	NA	NA
2025-05-25T22:00:00Z	30.3734	-91.1636	0	39.85	32.7	101.59	3.129	526.6	2.95	221.1	0	0	4.99	1.82	0	0.336	NA	NA	NA	NA	NA	NA	NA	NA	NA	NA	NA	NA	NA	NA	NA	NA	NA	NA
2025-05-25T22:15:00Z	30.3734	-91.1636	0	38.75	32.5	101.58	3.121	482.9	2.91	220.9	0	0	5.06	1.77	0	0.345	NA	NA	NA	NA	NA	NA	NA	NA	NA	NA	NA	NA	NA	NA	NA	NA	NA	NA
2025-05-25T22:30:00Z	30.3734	-91.1636	0	37.43	32.4	101.58	3.026	405	2.79	221.2	0	0	6.07	1.83	0	0.346	NA	NA	NA	NA	NA	NA	NA	NA	NA	NA	NA	NA	NA	NA	NA	NA	NA	NA
2025-05-25T22:45:00Z	30.3734	-91.1636	0	37.03	32.2	101.58	2.995	397.3	3.03	222.1	0	0	5.28	1.81	0	0.357	NA	NA	NA	NA	NA	NA	NA	NA	NA	NA	NA	NA	NA	NA	NA	NA	NA	NA
2025-05-25T23:00:00Z	30.3734	-91.1636	0	34.87	32	101.58	2.951	268.5	2.72	216.1	0	0	5.24	1.81	0	0.351	NA	NA	NA	NA	NA	NA	NA	NA	NA	NA	NA	NA	NA	NA	NA	NA	NA	NA
2025-05-25T23:15:00Z	30.3734	-91.1636	0	34.41	31.7	101.56	2.897	258.6	2.82	217.3	0	0	6.14	1.79	0	0.36	NA	NA	NA	NA	NA	NA	NA	NA	NA	NA	NA	NA	NA	NA	NA	NA	NA	NA
2025-05-25T23:30:00Z	30.3734	-91.1636	0	33.11	31.3	101.54	2.891	199.4	2.96	208.8	0	0	5.58	1.67	0	0.353	NA	NA	NA	NA	NA	NA	NA	NA	NA	NA	NA	NA	NA	NA	NA	NA	NA	NA
2025-05-25T23:45:00Z	30.3734	-91.1636	0	31.44	31.1	101.52	2.881	118.6	2.63	219.7	0	0	5.55	1.63	0	0.38	NA	NA	NA	NA	NA	NA	NA	NA	NA	NA	NA	NA	NA	NA	NA	NA	NA	NA
2025-05-26T00:00:00Z	30.3734	-91.1636	0	29.79	30.4	101.53	2.858	60.6	2.48	214.7	0	0	4.38	1.47	0	0.402	NA	NA	NA	NA	NA	NA	NA	NA	NA	NA	NA	NA	NA	NA	NA	NA	NA	NA
2025-05-26T00:15:00Z	30.3734	-91.1636	0	29.6	30.1	101.53	2.871	85	2.61	212.9	0	0	5.8	1.4	0	0.401	NA	NA	NA	NA	NA	NA	NA	NA	NA	NA	NA	NA	NA	NA	NA	NA	NA	NA
2025-05-26T00:30:00Z	30.3734	-91.1636	0	28.8	29.8	101.51	2.895	55.4	2.35	210.9	0	0	4.95	1.29	0	0.393	NA	NA	NA	NA	NA	NA	NA	NA	NA	NA	NA	NA	NA	NA	NA	NA	NA	NA
2025-05-26T00:45:00Z	30.3734	-91.1636	0	27.87	29.2	101.49	2.905	24.2	2.13	213.8	0	0	4.3	1.16	0	0.393	NA	NA	NA	NA	NA	NA	NA	NA	NA	NA	NA	NA	NA	NA	NA	NA	NA	NA
2025-05-26T01:00:00Z	30.3734	-91.1636	0	26.96	28.7	101.47	2.887	3.4	1.92	216.6	0	0	3.26	1.05	0	0.382	NA	NA	NA	NA	NA	NA	NA	NA	NA	NA	NA	NA	NA	NA	NA	NA	NA	NA
2025-05-26T01:15:00Z	30.3734	-91.1636	0	26.1	28.2	101.46	2.877	0	1.56	222.2	0	0	2.94	0.95	0	0.341	NA	NA	NA	NA	NA	NA	NA	NA	NA	NA	NA	NA	NA	NA	NA	NA	NA	NA
2025-05-26T01:30:00Z	30.3734	-91.1636	0	25.75	28	101.47	2.864	0	1.58	221.6	0	0	3.15	0.91	0	0.249	NA	NA	NA	NA	NA	NA	NA	NA	NA	NA	NA	NA	NA	NA	NA	NA	NA	NA
2025-05-26T01:45:00Z	30.3734	-91.1636	0	26.09	28	101.48	2.884	0	2.04	209.2	0	0	3.81	0.89	0	0.213	NA	NA	NA	NA	NA	NA	NA	NA	NA	NA	NA	NA	NA	NA	NA	NA	NA	NA
2025-05-26T02:00:00Z	30.3734	-91.1636	0	26.04	27.9	101.49	2.899	0	2.15	208.9	0	0	3.7	0.85	0	0.193	NA	NA	NA	NA	NA	NA	NA	NA	NA	NA	NA	NA	NA	NA	NA	NA	NA	NA
2025-05-26T02:15:00Z	30.3734	-91.1636	0	25.73	27.7	101.52	2.903	0	1.92	214.3	0	0	3.93	0.8	0	0.233	NA	NA	NA	NA	NA	NA	NA	NA	NA	NA	NA	NA	NA	NA	NA	NA	NA	NA
2025-05-26T02:30:00Z	30.3734	-91.1636	0	25.3	27.4	101.56	2.903	0	1.61	215	0	0	3.15	0.75	0	0.234	NA	NA	NA	NA	NA	NA	NA	NA	NA	NA	NA	NA	NA	NA	NA	NA	NA	NA
2025-05-26T02:45:00Z	30.3734	-91.1636	0	25.2	27.1	101.59	2.901	0	1.67	213.4	0	0	2.99	0.69	0	0.218	NA	NA	NA	NA	NA	NA	NA	NA	NA	NA	NA	NA	NA	NA	NA	NA	NA	NA
2025-05-26T03:00:00Z	30.3734	-91.1636	0	24.88	26.8	101.61	2.909	0	1.09	205.5	0	0	2.62	0.61	0	0.205	NA	NA	NA	NA	NA	NA	NA	NA	NA	NA	NA	NA	NA	NA	NA	NA	NA	NA
2025-05-26T03:15:00Z	30.3734	-91.1636	0	23.65	25.7	101.64	2.876	0	0.37	323.7	0	0	0.75	0.43	0	0.202	NA	NA	NA	NA	NA	NA	NA	NA	NA	NA	NA	NA	NA	NA	NA	NA	NA	NA
2025-05-26T03:30:00Z	30.3734	-91.1636	0	23.16	25.1	101.65	2.836	0	0.57	272.3	0	0	1.03	0.34	0	0.184	NA	NA	NA	NA	NA	NA	NA	NA	NA	NA	NA	NA	NA	NA	NA	NA	NA	NA
2025-05-26T03:45:00Z	30.3734	-91.1636	0	23.01	24.8	101.66	2.828	0	0.46	267.3	0	0	0.98	0.29	0	0.19	NA	NA	NA	NA	NA	NA	NA	NA	NA	NA	NA	NA	NA	NA	NA	NA	NA	NA
2025-05-26T04:00:00Z	30.3734	-91.1636	0	22.48	24.3	101.67	2.804	0	0.92	298.4	0	0	1.3	0.23	0	0.187	NA	NA	NA	NA	NA	NA	NA	NA	NA	NA	NA	NA	NA	NA	NA	NA	NA	NA
2025-05-26T04:15:00Z	30.3734	-91.1636	0	22.32	24.1	101.69	2.784	0	0.74	279.7	0	0	1.03	0.21	0	0.164	NA	NA	NA	NA	NA	NA	NA	NA	NA	NA	NA	NA	NA	NA	NA	NA	NA	NA
2025-05-26T04:30:00Z	30.3734	-91.1636	0	22.52	23.8	101.71	2.785	0	0.84	286.2	0	0	1.26	0.17	0	0.201	NA	NA	NA	NA	NA	NA	NA	NA	NA	NA	NA	NA	NA	NA	NA	NA	NA	NA
2025-05-26T04:45:00Z	30.3734	-91.1636	0	23.45	23.7	101.71	2.795	0	0.91	291.1	0	0	1.3	0.14	0	0.189	NA	NA	NA	NA	NA	NA	NA	NA	NA	NA	NA	NA	NA	NA	NA	NA	NA	NA
2025-05-26T05:00:00Z	30.3734	-91.1636	0	24.58	24.3	101.71	2.877	0	0.85	264.8	0	0	1.26	0.16	0	0.187	NA	NA	NA	NA	NA	NA	NA	NA	NA	NA	NA	NA	NA	NA	NA	NA	NA	NA
2025-05-26T05:15:00Z	30.3734	-91.1636	0	23.41	24.6	101.71	2.925	0	0.92	274.9	0	0	1.37	0.16	0	0.145	NA	NA	NA	NA	NA	NA	NA	NA	NA	NA	NA	NA	NA	NA	NA	NA	NA	NA
2025-05-26T05:30:00Z	30.3734	-91.1636	0	22.45	24.4	101.69	2.897	0	0.75	278.5	0	0	1.16	0.16	0	0.149	NA	NA	NA	NA	NA	NA	NA	NA	NA	NA	NA	NA	NA	NA	NA	NA	NA	NA
2025-05-26T05:45:00Z	30.3734	-91.1636	0	22.16	24.1	101.66	2.873	0	0.65	264.3	0	0	1	0.13	0	0.128	NA	NA	NA	NA	NA	NA	NA	NA	NA	NA	NA	NA	NA	NA	NA	NA	NA	NA
2025-05-26T06:00:00Z	30.3734	-91.1636	0	22.32	24.1	101.66	2.887	0	0.6	270.3	0	0	0.93	0.11	0	0.098	NA	NA	NA	NA	NA	NA	NA	NA	NA	NA	NA	NA	NA	NA	NA	NA	NA	NA
2025-05-26T06:15:00Z	30.3734	-91.1636	0	23.04	24.4	101.63	2.903	0	0.6	220	0	0	1.84	0.15	0	0.106	NA	NA	NA	NA	NA	NA	NA	NA	NA	NA	NA	NA	NA	NA	NA	NA	NA	NA
2025-05-26T06:30:00Z	30.3734	-91.1636	0	24.05	24.9	101.61	2.998	0	0.5	145.6	0	0	1.45	0.16	0	0.106	NA	NA	NA	NA	NA	NA	NA	NA	NA	NA	NA	NA	NA	NA	NA	NA	NA	NA
2025-05-26T06:45:00Z	30.3734	-91.1636	0	23.79	24.8	101.58	2.999	0	0.33	136.6	0	0	1.11	0.14	0	0.107	NA	NA	NA	NA	NA	NA	NA	NA	NA	NA	NA	NA	NA	NA	NA	NA	NA	NA
2025-05-26T07:00:00Z	30.3734	-91.1636	0	23.87	24.9	101.56	3.005	0	0.59	208.4	0	0	1.58	0.14	0	0.099	NA	NA	NA	NA	NA	NA	NA	NA	NA	NA	NA	NA	NA	NA	NA	NA	NA	NA
2025-05-26T07:15:00Z	30.3734	-91.1636	0	24.24	25	101.54	3.029	0	0.99	192.9	0	0	2.88	0.15	0	0.092	NA	NA	NA	NA	NA	NA	NA	NA	NA	NA	NA	NA	NA	NA	NA	NA	NA	NA
2025-05-26T07:30:00Z	30.3734	-91.1636	0	24.11	25	101.53	3.04	0	1.31	206.9	0	0	2.41	0.13	0	0.069	NA	NA	NA	NA	NA	NA	NA	NA	NA	NA	NA	NA	NA	NA	NA	NA	NA	NA
2025-05-26T07:45:00Z	30.3734	-91.1636	0	23.91	25	101.5	3.02	0	1.05	212.4	0	0	2.42	0.14	0	0.078	NA	NA	NA	NA	NA	NA	NA	NA	NA	NA	NA	NA	NA	NA	NA	NA	NA	NA
2025-05-26T08:00:00Z	30.3734	-91.1636	0	24.05	24.8	101.5	3.017	0	0.72	211.6	0	0	2.3	0.12	0	0.07	NA	NA	NA	NA	NA	NA	NA	NA	NA	NA	NA	NA	NA	NA	NA	NA	NA	NA
2025-05-26T08:15:00Z	30.3734	-91.1636	0	24.19	24.8	101.5	3.012	0	0.56	206.9	0	0	1.87	0.11	0	0.094	NA	NA	NA	NA	NA	NA	NA	NA	NA	NA	NA	NA	NA	NA	NA	NA	NA	NA
2025-05-26T08:30:00Z	30.3734	-91.1636	0	24.3	24.8	101.47	3.013	0	0.61	207.3	0	0	2.28	0.11	0	0.06	NA	NA	NA	NA	NA	NA	NA	NA	NA	NA	NA	NA	NA	NA	NA	NA	NA	NA
2025-05-26T08:45:00Z	30.3734	-91.1636	0	24.32	24.9	101.45	3.029	0	0.6	200.3	0	0	1.67	0.12	0	0.03	NA	NA	NA	NA	NA	NA	NA	NA	NA	NA	NA	NA	NA	NA	NA	NA	NA	NA
2025-05-26T09:00:00Z	30.3734	-91.1636	0	24.08	24.8	101.45	3.017	0	0.53	238.6	0	0	1.29	0.11	0	0.076	NA	NA	NA	NA	NA	NA	NA	NA	NA	NA	NA	NA	NA	NA	NA	NA	NA	NA
2025-05-26T09:15:00Z	30.3734	-91.1636	0	24.54	24.8	101.46	3.027	0	0.67	220.8	0	0	2.01	0.1	0	0.09	NA	NA	NA	NA	NA	NA	NA	NA	NA	NA	NA	NA	NA	NA	NA	NA	NA	NA
2025-05-26T09:30:00Z	30.3734	-91.1636	0	24.59	24.9	101.47	3.047	0	0.79	222.7	0	0	1.84	0.1	0	0.072	NA	NA	NA	NA	NA	NA	NA	NA	NA	NA	NA	NA	NA	NA	NA	NA	NA	NA
2025-05-26T09:45:00Z	30.3734	-91.1636	0	24.3	24.9	101.46	3.048	0	0.79	207.2	0	0	1.85	0.1	0	0.085	NA	NA	NA	NA	NA	NA	NA	NA	NA	NA	NA	NA	NA	NA	NA	NA	NA	NA
2025-05-26T10:00:00Z	30.3734	-91.1636	0	24.57	24.9	101.46	3.048	0	0.7	193.4	0	0	2.21	0.09	0	0.068	NA	NA	NA	NA	NA	NA	NA	NA	NA	NA	NA	NA	NA	NA	NA	NA	NA	NA
2025-05-26T10:15:00Z	30.3734	-91.1636	0	24.72	25	101.44	3.059	0	0.88	202.7	0	0	1.92	0.1	0	0.081	NA	NA	NA	NA	NA	NA	NA	NA	NA	NA	NA	NA	NA	NA	NA	NA	NA	NA
2025-05-26T10:30:00Z	30.3734	-91.1636	0	24.65	25.1	101.43	3.071	0	1.16	189.3	0	0	2.56	0.11	0	0.047	NA	NA	NA	NA	NA	NA	NA	NA	NA	NA	NA	NA	NA	NA	NA	NA	NA	NA
2025-05-26T10:45:00Z	30.3734	-91.1636	0	24.5	25	101.43	3.065	0	0.82	190.8	0	0	2.31	0.1	0	0.058	NA	NA	NA	NA	NA	NA	NA	NA	NA	NA	NA	NA	NA	NA	NA	NA	NA	NA
2025-05-26T11:00:00Z	30.3734	-91.1636	0	24.67	25	101.44	3.062	0	1.01	187.8	0	0	3.61	0.1	0	0.042	NA	NA	NA	NA	NA	NA	NA	NA	NA	NA	NA	NA	NA	NA	NA	NA	NA	NA
2025-05-26T11:15:00Z	30.3734	-91.1636	0	24.65	24.9	101.45	3.064	0	0.87	195.4	0	0	2.06	0.09	0	0.163	NA	NA	NA	NA	NA	NA	NA	NA	NA	NA	NA	NA	NA	NA	NA	NA	NA	NA
2025-05-26T11:30:00Z	30.3734	-91.1636	0	24.63	24.7	101.45	3.05	8.5	0.63	165.5	0	0	1.76	0.06	0	0.279	NA	NA	NA	NA	NA	NA	NA	NA	NA	NA	NA	NA	NA	NA	NA	NA	NA	NA
2025-05-26T11:45:00Z	30.3734	-91.1636	0	24.79	24.6	101.46	3.045	26.1	0.75	171.2	0	0	2.52	0.05	0	0.329	NA	NA	NA	NA	NA	NA	NA	NA	NA	NA	NA	NA	NA	NA	NA	NA	NA	NA
2025-05-26T12:00:00Z	30.3734	-91.1636	0	25.14	24.7	101.47	3.071	43.6	0.61	154.6	0	0	1.75	0.04	0	0.352	NA	NA	NA	NA	NA	NA	NA	NA	NA	NA	NA	NA	NA	NA	NA	NA	NA	NA
2025-05-26T12:15:00Z	30.3734	-91.1636	0	25.53	24.7	101.47	3.089	71	0.65	180.1	0	0	1.66	0.02	0	0.378	NA	NA	NA	NA	NA	NA	NA	NA	NA	NA	NA	NA	NA	NA	NA	NA	NA	NA
2025-05-26T12:30:00Z	30.3734	-91.1636	0	25.91	24.8	101.49	3.122	91	0.71	166	0	0	1.79	0.01	0	0.375	NA	NA	NA	NA	NA	NA	NA	NA	NA	NA	NA	NA	NA	NA	NA	NA	NA	NA
2025-05-26T12:45:00Z	30.3734	-91.1636	0	26.22	24.9	101.51	3.141	119	0.92	150.3	0	0	2.76	0.01	0	0.38	NA	NA	NA	NA	NA	NA	NA	NA	NA	NA	NA	NA	NA	NA	NA	NA	NA	NA
2025-05-26T13:00:00Z	30.3734	-91.1636	0	27.07	25.1	101.51	3.172	151.6	0.95	176.8	0	0	3.24	0.01	0	0.376	NA	NA	NA	NA	NA	NA	NA	NA	NA	NA	NA	NA	NA	NA	NA	NA	NA	NA
2025-05-26T13:15:00Z	30.3734	-91.1636	0	27.82	25.5	101.51	3.238	184.1	1.05	187.1	0	0	2.83	0.03	0	0.379	NA	NA	NA	NA	NA	NA	NA	NA	NA	NA	NA	NA	NA	NA	NA	NA	NA	NA
2025-05-26T13:30:00Z	30.3734	-91.1636	0	28.97	26	101.53	3.286	227.4	1.53	189	0	0	3.67	0.07	0	0.373	NA	NA	NA	NA	NA	NA	NA	NA	NA	NA	NA	NA	NA	NA	NA	NA	NA	NA
2025-05-26T13:45:00Z	30.3734	-91.1636	0	29.82	26.4	101.55	3.33	240.7	1.94	189	0	0	4.66	0.12	0	0.37	NA	NA	NA	NA	NA	NA	NA	NA	NA	NA	NA	NA	NA	NA	NA	NA	NA	NA
2025-05-26T14:00:00Z	30.3734	-91.1636	0	30.44	26.9	101.55	3.352	276	2.65	192.7	0	0	5.23	0.19	0	0.383	NA	NA	NA	NA	NA	NA	NA	NA	NA	NA	NA	NA	NA	NA	NA	NA	NA	NA
2025-05-26T14:15:00Z	30.3734	-91.1636	0	31.21	27.1	101.54	3.358	323.6	2.7	189.8	0	0	5.34	0.23	0	0.373	NA	NA	NA	NA	NA	NA	NA	NA	NA	NA	NA	NA	NA	NA	NA	NA	NA	NA
2025-05-26T14:30:00Z	30.3734	-91.1636	0	32.05	27.4	101.54	3.377	360.2	2.82	189.3	0	0	5.86	0.27	0	0.381	NA	NA	NA	NA	NA	NA	NA	NA	NA	NA	NA	NA	NA	NA	NA	NA	NA	NA
2025-05-26T14:45:00Z	30.3734	-91.1636	0	32.21	27.6	101.53	3.374	417	2.81	188.6	0	0	6.11	0.33	0	0.384	NA	NA	NA	NA	NA	NA	NA	NA	NA	NA	NA	NA	NA	NA	NA	NA	NA	NA
2025-05-26T15:00:00Z	30.3734	-91.1636	0	34.75	28.2	101.53	3.39	541.9	2.83	182.6	0	0	6.14	0.43	0	0.393	NA	NA	NA	NA	NA	NA	NA	NA	NA	NA	NA	NA	NA	NA	NA	NA	NA	NA
2025-05-26T15:15:00Z	30.3734	-91.1636	0	35.9	28.5	101.54	3.378	574.4	2.94	191.3	0	0	6.21	0.52	0	0.389	NA	NA	NA	NA	NA	NA	NA	NA	NA	NA	NA	NA	NA	NA	NA	NA	NA	NA
2025-05-26T15:30:00Z	30.3734	-91.1636	0	37.98	29.2	101.55	3.406	677.3	2.9	191.1	0	0	5.61	0.64	0	0.392	NA	NA	NA	NA	NA	NA	NA	NA	NA	NA	NA	NA	NA	NA	NA	NA	NA	NA
2025-05-26T15:45:00Z	30.3734	-91.1636	0	38.3	29.5	101.54	3.367	617.2	3.01	201.7	0	0	5.75	0.75	0	0.382	NA	NA	NA	NA	NA	NA	NA	NA	NA	NA	NA	NA	NA	NA	NA	NA	NA	NA
2025-05-26T16:00:00Z	30.3734	-91.1636	0	39.3	29.9	101.53	3.371	693.7	2.88	182.4	0	0	5.89	0.85	0	0.368	NA	NA	NA	NA	NA	NA	NA	NA	NA	NA	NA	NA	NA	NA	NA	NA	NA	NA
2025-05-26T16:15:00Z	30.3734	-91.1636	0	39.96	30.4	101.53	3.343	637	2.52	184.4	0	0	4.99	0.99	0	0.365	NA	NA	NA	NA	NA	NA	NA	NA	NA	NA	NA	NA	NA	NA	NA	NA	NA	NA
2025-05-26T16:30:00Z	30.3734	-91.1636	0	42.08	30.9	101.51	3.322	794.3	3.75	192.8	0	0	6.8	1.14	0	0.372	NA	NA	NA	NA	NA	NA	NA	NA	NA	NA	NA	NA	NA	NA	NA	NA	NA	NA
2025-05-26T16:45:00Z	30.3734	-91.1636	0	41.39	31.2	101.5	3.171	728.4	3.63	208.4	0	0	7.56	1.36	0	0.376	NA	NA	NA	NA	NA	NA	NA	NA	NA	NA	NA	NA	NA	NA	NA	NA	NA	NA
2025-05-26T17:00:00Z	30.3734	-91.1636	0	41.82	31.5	101.49	3.176	802.9	3.6	199.2	0	0	6.33	1.46	0	0.374	NA	NA	NA	NA	NA	NA	NA	NA	NA	NA	NA	NA	NA	NA	NA	NA	NA	NA
2025-05-26T17:15:00Z	30.3734	-91.1636	0	41.7	32	101.48	3.069	781.9	3.65	210.6	0	0	7.41	1.67	0	0.37	NA	NA	NA	NA	NA	NA	NA	NA	NA	NA	NA	NA	NA	NA	NA	NA	NA	NA
2025-05-26T17:30:00Z	30.3734	-91.1636	0	43.42	32.5	101.47	3.066	893.8	3.42	211.8	0	0	7.32	1.82	0	0.369	NA	NA	NA	NA	NA	NA	NA	NA	NA	NA	NA	NA	NA	NA	NA	NA	NA	NA
2025-05-26T17:45:00Z	30.3734	-91.1636	0	41.14	32.2	101.48	3.014	708.9	3.25	211.5	0	0	6.04	1.8	0	0.377	NA	NA	NA	NA	NA	NA	NA	NA	NA	NA	NA	NA	NA	NA	NA	NA	NA	NA
2025-05-26T18:00:00Z	30.3734	-91.1636	0	39.27	32	101.48	2.911	613.7	3.68	209.2	0	0	7.71	1.85	0	0.379	NA	NA	NA	NA	NA	NA	NA	NA	NA	NA	NA	NA	NA	NA	NA	NA	NA	NA
2025-05-26T18:15:00Z	30.3734	-91.1636	0	39.02	31.8	101.47	2.901	583.4	3.65	209.9	0	0	6.92	1.8	0	0.376	NA	NA	NA	NA	NA	NA	NA	NA	NA	NA	NA	NA	NA	NA	NA	NA	NA	NA
