timestamp	latitude	longitude	precipitation	land_surface_temperature	air_temperature	atmospheric_pressure	vapor_pressure	solar_radiation	wind_speed	wind_direction	lightning_distance	lightning_activity	gust_speed	VPD	EC	NDVI	water_content_5cm	saturation_extract_EC_5cm	matric_potential_5cm	water_content_10cm	saturation_extract_EC_10cm	water_content_20cm	saturation_extract_EC_20cm	matric_potential_20cm	water_content_50cm	saturation_extract_EC_50cm	matric_potential_50cm	water_content_100cm	saturation_extract_EC_100cm	soil_temperature_5cm	soil_temperature_10cm	soil_temperature_20cm	soil_temperature_50cm	soil_temperature_100cm
2025-08-27 00:00:00	30.5044	-90.3766	0	23.96	23.1	101.95	2.724	0	0.41	74.9	0	0	0.8	0.11	0	NA	0.214	0.029	-10.9	0.229	0.068	0.281	0.119	-10.7	0.287	0.125	-14.1	0.232	0.009	29.4	29.7	30.2	29.55	28.5
2025-08-27 00:15:00	30.5044	-90.3766	0	23.73	22.9	101.96	2.713	0	0.21	155.9	0	0	0.43	0.07	0	NA	0.214	0.029	-11	0.229	0.067	0.281	0.118	-10.7	0.287	0.125	-14.1	0.232	0.011	29.3	29.6	30.1	29.55	28.5
2025-08-27 00:30:00	30.5044	-90.3766	0	23.67	22.8	101.96	2.697	0	0.16	234.7	0	0	0.38	0.07	0	NA	0.214	0.029	-11	0.229	0.068	0.281	0.118	-10.7	0.287	0.125	-14.1	0.232	0.01	29.2	29.5	30.05	29.55	28.5
2025-08-27 00:45:00	30.5044	-90.3766	0	23.56	22.7	101.96	2.677	0	0.14	308.6	0	0	0.38	0.07	0	NA	0.214	0.029	-11	0.229	0.067	0.281	0.118	-10.7	0.287	0.124	-14.1	0.232	0.01	29.1	29.4	30	29.55	28.5
2025-08-27 01:00:00	30.5044	-90.3766	0	23.41	22.6	101.96	2.671	0	0.24	25.7	0	0	0.39	0.07	0	NA	0.214	0.029	-11	0.228	0.067	0.281	0.119	-10.7	0.287	0.124	-14.1	0.232	0.01	29	29.3	29.95	29.55	28.5
2025-08-27 01:15:00	30.5044	-90.3766	0	23.31	22.6	101.96	2.667	0	0.13	322.6	0	0	0.37	0.07	0	NA	0.214	0.028	-11.1	0.228	0.068	0.281	0.118	-10.8	0.287	0.125	-14.1	0.232	0.01	28.9	29.2	29.85	29.55	28.5
2025-08-27 01:30:00	30.5044	-90.3766	0	23.23	22.4	101.97	2.648	0	0.3	323.7	0	0	1.53	0.06	0	NA	0.214	0.029	-11.1	0.228	0.067	0.281	0.118	-10.8	0.287	0.125	-14.1	0.232	0.011	28.8	29.1	29.799999999999997	29.55	28.5
2025-08-27 01:45:00	30.5044	-90.3766	0	23.43	23	101.99	2.671	0	0.67	33.9	0	0	1.77	0.15	0	NA	0.214	0.029	-11.1	0.228	0.067	0.281	0.119	-10.8	0.287	0.124	-14.1	0.232	0.009	28.7	29	29.700000000000003	29.55	28.5
2025-08-27 02:00:00	30.5044	-90.3766	0	23.23	22.8	102	2.651	0	0.46	319.1	0	0	1.81	0.13	0	NA	0.213	0.028	-11.1	0.228	0.068	0.281	0.119	-10.8	0.287	0.125	-14.1	0.232	0.011	28.6	28.9	29.700000000000003	29.55	28.5
2025-08-27 02:15:00	30.5044	-90.3766	0	23.09	22.6	102	2.614	0	0.25	128.2	0	0	0.67	0.13	0	NA	0.213	0.028	-11.2	0.228	0.066	0.281	0.117	-10.8	0.287	0.124	-14.1	0.232	0.011	28.5	28.8	29.6	29.55	28.5
2025-08-27 02:30:00	30.5044	-90.3766	0	22.96	22.4	101.99	2.583	0	0.26	193.4	0	0	0.73	0.13	0	NA	0.213	0.028	-11.2	0.228	0.066	0.281	0.118	-10.8	0.287	0.125	-14.1	0.232	0.01	28.4	28.7	29.5	29.55	28.5
2025-08-27 02:45:00	30.5044	-90.3766	0	22.87	22.1	101.99	2.559	0	0.29	313.3	0	0	0.83	0.1	0	NA	0.213	0.029	-11.2	0.228	0.067	0.281	0.117	-10.8	0.287	0.125	-14.1	0.232	0.01	28.3	28.6	29.5	29.55	28.5
2025-08-27 03:00:00	30.5044	-90.3766	0	22.77	22	102	2.534	0	0.35	336.4	0	0	0.82	0.1	0	NA	0.213	0.028	-11.2	0.228	0.068	0.281	0.117	-10.9	0.287	0.125	-14.1	0.232	0.01	28.2	28.5	29.450000000000003	29.55	28.5
2025-08-27 03:15:00	30.5044	-90.3766	0	22.64	21.8	102	2.519	0	0.22	254.3	0	0	0.47	0.09	0	NA	0.213	0.028	-11.2	0.227	0.068	0.281	0.117	-10.9	0.287	0.124	-14.1	0.232	0.01	28.15	28.5	29.35	29.55	28.5
2025-08-27 03:30:00	30.5044	-90.3766	0	22.64	21.6	102	2.501	0	0.24	354	0	0	0.53	0.08	0	NA	0.213	0.028	-11.3	0.227	0.067	0.281	0.117	-10.9	0.287	0.125	-14.1	0.232	0.01	28.05	28.4	29.299999999999997	29.5	28.5
2025-08-27 03:45:00	30.5044	-90.3766	0	22.76	21.4	101.99	2.496	0	0.22	285.4	0	0	0.48	0.06	0	NA	0.213	0.027	-11.3	0.227	0.066	0.282	0.117	-10.9	0.287	0.123	-14.1	0.232	0.01	27.95	28.3	29.25	29.5	28.5
2025-08-27 04:00:00	30.5044	-90.3766	0	22.94	21.7	101.99	2.508	0	0.28	253.6	0	0	0.73	0.08	0	NA	0.213	0.028	-11.3	0.227	0.066	0.282	0.117	-10.9	0.287	0.123	-14.1	0.232	0.011	27.9	28.2	29.15	29.5	28.5
2025-08-27 04:15:00	30.5044	-90.3766	0	23.06	21.9	102	2.518	0	0.3	10.3	0	0	0.68	0.11	0	NA	0.213	0.028	-11.3	0.227	0.067	0.282	0.117	-10.9	0.287	0.124	-14.1	0.232	0.011	27.8	28.2	29.1	29.5	28.5
2025-08-27 04:30:00	30.5044	-90.3766	0	23.09	22.1	102	2.518	0	0.44	33.5	0	0	1.53	0.14	0	NA	0.212	0.027	-11.3	0.227	0.067	0.282	0.117	-10.9	0.287	0.123	-14.1	0.232	0.01	27.75	28.1	29.049999999999997	29.5	28.5
2025-08-27 04:45:00	30.5044	-90.3766	0	23.09	22.4	102.01	2.487	0	0.58	66.2	0	0	2.39	0.21	0	NA	0.212	0.028	-11.3	0.227	0.066	0.282	0.117	-11	0.287	0.124	-14.1	0.232	0.01	27.65	28	29	29.5	28.5
2025-08-27 05:00:00	30.5044	-90.3766	0	22.95	22.5	102.01	2.449	0	0.75	66.7	0	0	1.91	0.28	0	NA	0.212	0.026	-11.3	0.227	0.066	0.282	0.117	-11	0.287	0.125	-14.1	0.232	0.01	27.6	28	28.950000000000003	29.5	28.6
2025-08-27 05:15:00	30.5044	-90.3766	0	22.87	22.6	102.02	2.407	0	0.78	54.5	0	0	1.58	0.32	0	NA	0.212	0.027	-11.4	0.227	0.066	0.282	0.117	-11	0.287	0.124	-14.1	0.232	0.009	27.55	27.9	28.9	29.45	28.6
2025-08-27 05:30:00	30.5044	-90.3766	0	22.96	22.1	102.03	2.421	0	0.48	33.8	0	0	1.48	0.24	0	NA	0.212	0.025	-11.4	0.226	0.064	0.282	0.117	-11	0.287	0.125	-14.1	0.232	0.01	27.5	27.8	28.8	29.45	28.6
2025-08-27 05:45:00	30.5044	-90.3766	0	22.89	22	102.04	2.403	0	0.46	20.8	0	0	1.17	0.25	0	NA	0.212	0.027	-11.4	0.226	0.066	0.282	0.117	-11	0.287	0.123	-14.1	0.232	0.01	27.4	27.8	28.8	29.45	28.6
2025-08-27 06:00:00	30.5044	-90.3766	0	22.87	22	102.05	2.4	0	0.43	38.9	0	0	1.47	0.24	0	NA	0.212	0.027	-11.4	0.226	0.064	0.282	0.117	-11	0.287	0.124	-14.1	0.232	0.01	27.4	27.7	28.7	29.45	28.6
2025-08-27 06:15:00	30.5044	-90.3766	0	22.87	22.2	102.06	2.374	0	0.66	61.4	0	0	2.66	0.3	0	NA	0.212	0.027	-11.4	0.226	0.065	0.282	0.117	-11	0.287	0.123	-14.1	0.232	0.009	27.3	27.7	28.7	29.4	28.6
2025-08-27 06:30:00	30.5044	-90.3766	0	22.66	22.4	102.07	2.332	0	0.77	77.6	0	0	2.22	0.38	0	NA	0.212	0.027	-11.4	0.226	0.063	0.282	0.117	-11	0.287	0.124	-14.1	0.232	0.009	27.25	27.6	28.6	29.35	28.6
2025-08-27 06:45:00	30.5044	-90.3766	0	22.54	22.4	102.08	2.305	0	0.76	59.7	0	0	1.59	0.4	0	NA	0.212	0.026	-11.5	0.226	0.062	0.282	0.117	-11.1	0.287	0.123	-14.1	0.232	0.01	27.2	27.6	28.6	29.35	28.6
2025-08-27 07:00:00	30.5044	-90.3766	0	22.52	22	102.09	2.315	8.6	0.63	44.1	0	0	1.67	0.33	0	0.776	0.212	0.025	-11.5	0.226	0.064	0.282	0.117	-11.1	0.287	0.124	-14.1	0.232	0.01	27.2	27.5	28.55	29.35	28.6
2025-08-27 07:15:00	30.5044	-90.3766	0	23.01	21.9	102.11	2.334	19.8	0.5	27.8	0	0	1.46	0.3	0	0.702	0.212	0.026	-11.5	0.226	0.063	0.282	0.117	-11.1	0.287	0.124	-14.1	0.232	0.01	27.1	27.5	28.5	29.35	28.6
2025-08-27 07:30:00	30.5044	-90.3766	0	23.33	22.1	102.13	2.354	38	0.52	36.4	0	0	1.33	0.3	0	0.681	0.211	0.026	-11.5	0.226	0.062	0.282	0.117	-11.1	0.287	0.124	-14.1	0.232	0.009	27	27.4	28.45	29.35	28.6
2025-08-27 07:45:00	30.5044	-90.3766	0	23.54	22.2	102.15	2.377	52.5	0.56	37.1	0	0	1.5	0.31	0	0.681	0.211	0.024	-11.5	0.226	0.065	0.282	0.117	-11.1	0.287	0.124	-14.1	0.232	0.009	27	27.4	28.4	29.299999999999997	28.6
2025-08-27 08:00:00	30.5044	-90.3766	0	23.4	22.4	102.16	2.346	57.5	0.96	55.8	0	0	1.81	0.37	0	0.67	0.211	0.026	-11.5	0.226	0.064	0.282	0.117	-11.1	0.287	0.123	-14.1	0.232	0.01	27	27.3	28.35	29.299999999999997	28.6
2025-08-27 08:15:00	30.5044	-90.3766	0	23.48	22.6	102.17	2.335	58.6	1	59.1	0	0	1.93	0.4	0	0.663	0.211	0.025	-11.6	0.225	0.066	0.282	0.117	-11.1	0.287	0.123	-14.1	0.232	0.009	26.9	27.3	28.3	29.25	28.6
2025-08-27 08:30:00	30.5044	-90.3766	0	23.85	22.6	102.17	2.336	81.4	0.83	63	0	0	2.24	0.4	0	0.658	0.211	0.025	-11.6	0.225	0.066	0.282	0.117	-11.1	0.287	0.124	-14.1	0.232	0.01	26.9	27.3	28.25	29.25	28.6
2025-08-27 08:45:00	30.5044	-90.3766	0	24.1	22.7	102.18	2.347	91.3	0.9	49.3	0	0	1.92	0.41	0	0.657	0.211	0.025	-11.6	0.225	0.064	0.282	0.117	-11.2	0.287	0.123	-14.1	0.232	0.01	26.9	27.2	28.25	29.25	28.6
2025-08-27 09:00:00	30.5044	-90.3766	0	24.49	22.8	102.18	2.364	120.3	0.81	51.9	0	0	2.19	0.4	0	0.655	0.211	0.025	-11.6	0.225	0.066	0.282	0.117	-11.2	0.287	0.123	-14.1	0.232	0.01	26.9	27.2	28.2	29.200000000000003	28.6
2025-08-27 09:15:00	30.5044	-90.3766	0	25.06	23	102.19	2.382	164.4	1.04	65.7	0	0	2.51	0.42	0	0.646	0.211	0.024	-11.6	0.225	0.065	0.282	0.117	-11.2	0.287	0.123	-14.1	0.232	0.009	26.9	27.2	28.15	29.200000000000003	28.6
2025-08-27 09:30:00	30.5044	-90.3766	0	24.84	23.2	102.2	2.364	147.8	1.38	62.6	0	0	2.66	0.48	0	0.639	0.211	0.026	-11.6	0.225	0.064	0.282	0.117	-11.2	0.287	0.123	-14.1	0.232	0.01	26.9	27.2	28.1	29.200000000000003	28.6
2025-08-27 09:45:00	30.5044	-90.3766	0	25.38	23.4	102.21	2.371	168.7	1.24	71.1	0	0	3.06	0.51	0	0.638	0.211	0.026	-11.6	0.225	0.064	0.282	0.117	-11.2	0.287	0.123	-14.1	0.232	0.01	26.950000000000003	27.2	28.1	29.200000000000003	28.6
2025-08-27 10:00:00	30.5044	-90.3766	0	26.28	23.7	102.21	2.406	228.6	1.34	62.9	0	0	2.72	0.53	0	0.634	0.211	0.024	-11.6	0.225	0.064	0.282	0.117	-11.2	0.287	0.124	-14.1	0.232	0.011	26.950000000000003	27.2	28.1	29.15	28.6
2025-08-27 10:15:00	30.5044	-90.3766	0	27.15	24.1	102.21	2.448	276.7	1.56	67.8	0	0	3.38	0.55	0	0.629	0.21	0.026	-11.6	0.224	0.064	0.282	0.117	-11.2	0.287	0.123	-14.1	0.232	0.01	26.950000000000003	27.2	28.05	29.1	28.6
2025-08-27 10:30:00	30.5044	-90.3766	0	27.4	24.4	102.2	2.475	242.4	1.46	70.9	0	0	3.45	0.59	0	0.628	0.21	0.026	-11.7	0.224	0.065	0.282	0.117	-11.2	0.287	0.123	-14.1	0.232	0.009	27.049999999999997	27.2	28	29.1	28.6
2025-08-27 10:45:00	30.5044	-90.3766	0	28.59	24.7	102.2	2.505	351.5	1.88	76.6	0	0	3.93	0.6	0	0.626	0.21	0.028	-11.7	0.224	0.066	0.282	0.117	-11.2	0.287	0.123	-14.1	0.232	0.01	27.1	27.3	28	29.1	28.6
2025-08-27 11:00:00	30.5044	-90.3766	0	29.28	24.9	102.2	2.499	360.1	1.98	69.7	0	0	3.74	0.65	0	0.624	0.21	0.028	-11.7	0.224	0.065	0.282	0.116	-11.3	0.287	0.122	-14.1	0.232	0.01	27.15	27.3	28	29.1	28.6
2025-08-27 11:15:00	30.5044	-90.3766	0	31.89	25.7	102.21	2.568	517.2	1.42	62.9	0	0	3.59	0.73	0	0.622	0.21	0.026	-11.7	0.224	0.065	0.282	0.118	-11.3	0.287	0.124	-14.1	0.232	0.009	27.25	27.4	28	29.1	28.6
2025-08-27 11:30:00	30.5044	-90.3766	0	33.49	26.4	102.21	2.615	604.7	1.68	74	0	0	4.13	0.83	0	0.622	0.21	0.026	-11.7	0.224	0.065	0.282	0.116	-11.3	0.287	0.123	-14.1	0.232	0.011	27.35	27.5	28	29.049999999999997	28.6
2025-08-27 11:45:00	30.5044	-90.3766	0	35.39	26.9	102.19	2.591	815	2.32	56.5	0	0	4.63	0.95	0	0.617	0.209	0.027	-11.7	0.224	0.064	0.282	0.117	-11.3	0.287	0.123	-14.1	0.232	0.01	27.55	27.6	27.950000000000003	29	28.6
2025-08-27 12:00:00	30.5044	-90.3766	0	37.61	27.6	102.15	2.648	858.9	1.92	68	0	0	4.8	1.05	0	0.617	0.209	0.028	-11.7	0.223	0.063	0.282	0.116	-11.3	0.287	0.123	-14.1	0.232	0.01	27.7	27.7	28	29	28.6
2025-08-27 12:15:00	30.5044	-90.3766	0	34.39	27.7	102.14	2.573	530.2	1.74	92.6	0	0	4.32	1.14	0	0.621	0.209	0.029	-11.7	0.223	0.065	0.282	0.117	-11.3	0.287	0.123	-14.1	0.232	0.01	27.95	27.9	28	29	28.6
2025-08-27 12:30:00	30.5044	-90.3766	0	37.53	28.1	102.13	2.607	785.7	1.65	83.4	0	0	3.48	1.18	0	0.619	0.209	0.028	-11.7	0.223	0.064	0.282	0.117	-11.3	0.287	0.123	-14.1	0.232	0.011	28.25	28.1	28.05	29	28.6
2025-08-27 12:45:00	30.5044	-90.3766	0	37.24	28.4	102.12	2.617	737.5	1.65	100	0	0	3.27	1.25	0	0.62	0.208	0.029	-11.7	0.223	0.064	0.282	0.116	-11.3	0.287	0.123	-14.1	0.232	0.009	28.5	28.3	28.15	28.950000000000003	28.6
2025-08-27 13:00:00	30.5044	-90.3766	0	39.09	28.8	102.1	2.608	829	1.63	109.1	0	0	3.4	1.36	0	0.614	0.208	0.03	-11.7	0.223	0.066	0.282	0.116	-11.3	0.287	0.122	-14.1	0.232	0.01	28.799999999999997	28.5	28.2	28.9	28.6
2025-08-27 13:15:00	30.5044	-90.3766	0	39.01	29	102.09	2.653	733.3	1.04	125.1	0	0	2.62	1.34	0	0.615	0.208	0.03	-11.7	0.222	0.066	0.281	0.117	-11.3	0.287	0.122	-14.1	0.232	0.011	29.1	28.8	28.2	28.9	28.6
2025-08-27 13:30:00	30.5044	-90.3766	0	42.13	30.1	102.08	2.761	1028.5	1.47	92.6	0	0	2.98	1.5	0	0.615	0.208	0.03	-11.7	0.222	0.066	0.281	0.118	-11.4	0.287	0.123	-14.1	0.232	0.009	29.35	29	28.35	28.9	28.6
2025-08-27 13:45:00	30.5044	-90.3766	0	38.61	29.8	102.06	2.7	696.8	1.59	103	0	0	3.59	1.48	0	0.619	0.207	0.03	-11.7	0.222	0.068	0.281	0.118	-11.4	0.287	0.123	-14.1	0.232	0.01	29.65	29.3	28.4	28.9	28.6
2025-08-27 14:00:00	30.5044	-90.3766	0	36.41	29.4	102.05	2.751	510.5	1.72	50.2	0	0	3.23	1.34	0	0.623	0.207	0.031	-11.7	0.222	0.066	0.281	0.117	-11.4	0.287	0.122	-14.1	0.232	0.009	30	29.6	28.5	28.9	28.6
2025-08-27 14:15:00	30.5044	-90.3766	0	35.56	28.9	102.04	2.772	487.3	1.91	57	0	0	4.02	1.21	0	0.623	0.207	0.031	-11.7	0.221	0.068	0.281	0.118	-11.4	0.287	0.123	-14.1	0.232	0.01	30.35	29.9	28.6	28.9	28.6
2025-08-27 14:30:00	30.5044	-90.3766	0	36.61	28.9	102.02	2.802	584.5	1.99	30.9	0	0	4.46	1.18	0	0.617	0.207	0.03	-11.7	0.221	0.067	0.281	0.117	-11.4	0.287	0.122	-14.1	0.232	0.01	30.6	30.1	28.7	28.9	28.6
2025-08-27 14:45:00	30.5044	-90.3766	0	38.62	29.2	102.01	2.8	839.4	2.04	52.4	0	0	5.43	1.24	0	0.615	0.206	0.03	-11.7	0.221	0.067	0.281	0.117	-11.4	0.287	0.121	-14.1	0.232	0.01	30.75	30.3	28.85	28.9	28.6
2025-08-27 15:00:00	30.5044	-90.3766	0	39.19	29.8	101.99	2.818	796.1	1.91	53.7	0	0	4.26	1.36	0	0.618	0.206	0.032	-11.6	0.221	0.067	0.281	0.118	-11.4	0.287	0.123	-14.1	0.232	0.011	30.9	30.4	28.95	28.799999999999997	28.6
2025-08-27 15:15:00	30.5044	-90.3766	0	38.67	30.2	101.98	2.825	715.2	1.78	18.2	0	0	3.27	1.45	0	0.619	0.206	0.031	-11.7	0.221	0.068	0.281	0.117	-11.4	0.287	0.123	-14.1	0.232	0.01	31.049999999999997	30.6	29.1	28.799999999999997	28.6
2025-08-27 15:30:00	30.5044	-90.3766	0	38.86	30.4	101.98	2.854	711.7	1.73	54.7	0	0	3.87	1.49	0	0.62	0.205	0.031	-11.7	0.22	0.067	0.281	0.117	-11.4	0.287	0.122	-14.1	0.232	0.01	31.25	30.8	29.2	28.799999999999997	28.6
2025-08-27 15:45:00	30.5044	-90.3766	0	38.05	30.4	101.97	2.803	662.9	1.97	72.9	0	0	4.22	1.54	0	0.623	0.205	0.03	-11.7	0.22	0.068	0.281	0.117	-11.4	0.287	0.122	-14.1	0.232	0.01	31.450000000000003	30.9	29.3	28.85	28.6
2025-08-27 16:00:00	30.5044	-90.3766	0	37.67	30.5	101.95	2.801	636.2	1.92	97.8	0	0	4.15	1.56	0	0.626	0.205	0.031	-11.7	0.22	0.067	0.281	0.118	-11.5	0.287	0.123	-14.1	0.232	0.011	31.6	31.1	29.4	28.85	28.6
2025-08-27 16:15:00	30.5044	-90.3766	0	37.41	30.7	101.94	2.798	589.9	1.59	103.8	0	0	3.29	1.61	0	0.628	0.205	0.03	-11.7	0.22	0.068	0.281	0.117	-11.5	0.287	0.122	-14.1	0.232	0.009	31.75	31.2	29.5	28.85	28.6
2025-08-27 16:30:00	30.5044	-90.3766	0	36.84	30.7	101.92	2.806	527.2	1.44	106	0	0	2.81	1.61	0	0.632	0.205	0.031	-11.7	0.219	0.067	0.281	0.117	-11.5	0.287	0.123	-14.1	0.232	0.009	31.85	31.4	29.6	28.85	28.6
2025-08-27 16:45:00	30.5044	-90.3766	0	36.45	30.6	101.91	2.807	468.7	1.67	56.8	0	0	3.18	1.59	0	0.634	0.204	0.03	-11.7	0.219	0.068	0.28	0.117	-11.5	0.287	0.123	-14.1	0.232	0.011	31.950000000000003	31.4	29.700000000000003	28.85	28.6
2025-08-27 17:00:00	30.5044	-90.3766	0	36.12	30.9	101.91	2.817	407.2	1.31	82.7	0	0	3.43	1.64	0	0.637	0.204	0.03	-11.7	0.219	0.068	0.28	0.118	-11.5	0.287	0.122	-14.1	0.232	0.009	32.05	31.5	29.799999999999997	28.85	28.6
2025-08-27 17:15:00	30.5044	-90.3766	0	35.17	30.9	101.9	2.802	343.4	1.51	85	0	0	3.44	1.66	0	0.641	0.204	0.029	-11.7	0.219	0.068	0.28	0.117	-11.5	0.287	0.124	-14.1	0.232	0.01	32.1	31.6	29.9	28.85	28.6
2025-08-27 17:30:00	30.5044	-90.3766	0	34.06	30.8	101.89	2.748	295.7	1.54	121.1	0	0	2.94	1.69	0	0.647	0.204	0.03	-11.8	0.219	0.067	0.28	0.117	-11.5	0.287	0.122	-14.1	0.232	0.01	32.150000000000006	31.7	30	28.85	28.6
2025-08-27 17:45:00	30.5044	-90.3766	0	32.35	30.5	101.88	2.751	200	1.55	128	0	0	3.37	1.61	0	0.65	0.204	0.03	-11.8	0.219	0.067	0.28	0.118	-11.6	0.287	0.123	-14.1	0.232	0.008	32.150000000000006	31.7	30.05	28.85	28.6
2025-08-27 18:00:00	30.5044	-90.3766	0	32.09	30.2	101.88	2.739	200.1	1.23	135.1	0	0	3.9	1.55	0	0.655	0.204	0.03	-11.8	0.219	0.067	0.28	0.117	-11.6	0.287	0.123	-14.1	0.232	0.01	32.150000000000006	31.7	30.15	28.95	28.6
2025-08-27 18:15:00	30.5044	-90.3766	0	29.65	29.6	101.87	2.725	77	1.46	142.9	0	0	2.93	1.42	0	0.647	0.203	0.03	-11.8	0.219	0.067	0.28	0.117	-11.6	0.287	0.122	-14.1	0.232	0.01	32.1	31.7	30.25	28.95	28.6
2025-08-27 18:30:00	30.5044	-90.3766	0	28.68	28.9	101.89	2.683	45.5	0.97	161.4	0	0	2.18	1.31	0	0.65	0.203	0.03	-11.8	0.218	0.067	0.28	0.117	-11.6	0.287	0.124	-14.1	0.232	0.01	32	31.7	30.25	28.95	28.6
2025-08-27 18:45:00	30.5044	-90.3766	0	28.01	28.5	101.89	2.676	28.6	0.73	156.2	0	0	1.66	1.22	0	0.664	0.203	0.03	-11.9	0.218	0.068	0.28	0.117	-11.6	0.287	0.122	-14.1	0.232	0.01	31.9	31.6	30.299999999999997	28.95	28.6
2025-08-27 19:00:00	30.5044	-90.3766	0	27.51	27.9	101.89	2.703	22.5	0.65	77.2	0	0	1.05	1.06	0	0.638	0.203	0.029	-11.9	0.218	0.068	0.28	0.118	-11.7	0.287	0.125	-14.1	0.232	0.01	31.75	31.6	30.4	29	28.6
2025-08-27 19:15:00	30.5044	-90.3766	0	26.63	26.7	101.89	2.74	13.6	0.43	160.7	0	0	0.77	0.76	0	0.685	0.203	0.029	-11.9	0.218	0.066	0.28	0.117	-11.7	0.287	0.125	-14.1	0.232	0.011	31.65	31.5	30.4	29	28.6
2025-08-27 19:30:00	30.5044	-90.3766	0	26.24	26.5	101.89	2.71	1.8	0.52	67	0	0	0.86	0.76	0	NA	0.203	0.028	-12	0.218	0.067	0.28	0.117	-11.7	0.287	0.123	-14.1	0.232	0.009	31.45	31.4	30.4	29	28.6
2025-08-27 19:45:00	30.5044	-90.3766	0	25.81	25.7	101.89	2.721	0	0.69	62.8	0	0	1.07	0.58	0	NA	0.203	0.027	-12	0.218	0.067	0.28	0.117	-11.7	0.287	0.123	-14.1	0.232	0.01	31.299999999999997	31.2	30.450000000000003	29	28.6
2025-08-27 20:00:00	30.5044	-90.3766	0	25.21	24.9	101.9	2.717	0	0.55	175.7	0	0	0.94	0.43	0	NA	0.203	0.029	-12	0.218	0.067	0.28	0.118	-11.7	0.287	0.124	-14.1	0.232	0.01	31.1	31.1	30.4	29.1	28.6
2025-08-27 20:15:00	30.5044	-90.3766	0	25.02	24.3	101.92	2.681	0	0.25	311.5	0	0	0.49	0.36	0	NA	0.202	0.028	-12.1	0.218	0.066	0.28	0.118	-11.8	0.287	0.124	-14.1	0.232	0.01	30.950000000000003	31	30.4	29.1	28.6
2025-08-27 20:30:00	30.5044	-90.3766	0	24.93	24.2	101.92	2.666	0	0.42	47.6	0	0	0.97	0.36	0	NA	0.202	0.028	-12.1	0.218	0.065	0.28	0.117	-11.8	0.287	0.125	-14.1	0.232	0.01	30.75	30.8	30.35	29.1	28.6
2025-08-27 20:45:00	30.5044	-90.3766	0	24.73	24.1	101.92	2.685	0	0.22	177.8	0	0	0.54	0.31	0	NA	0.202	0.028	-12.2	0.218	0.064	0.28	0.118	-11.8	0.287	0.125	-14.1	0.232	0.011	30.65	30.7	30.35	29.1	28.6
2025-08-27 21:00:00	30.5044	-90.3766	0	24.52	23.6	101.93	2.669	0	0.26	247.3	0	0	0.62	0.24	0	NA	0.202	0.027	-12.2	0.218	0.065	0.28	0.118	-11.8	0.287	0.123	-14.1	0.232	0.01	30.450000000000003	30.6	30.3	29.15	28.6
2025-08-27 21:15:00	30.5044	-90.3766	0	24.46	23.4	101.93	2.645	0	0.32	5.9	0	0	0.53	0.24	0	NA	0.202	0.026	-12.2	0.218	0.065	0.28	0.117	-11.8	0.287	0.123	-14.1	0.232	0.009	30.25	30.4	30.25	29.2	28.6
2025-08-27 21:30:00	30.5044	-90.3766	0	24.21	23.2	101.95	2.643	0	0.23	355.8	0	0	0.41	0.21	0	NA	0.202	0.026	-12.3	0.217	0.063	0.28	0.117	-11.9	0.287	0.123	-14.1	0.232	0.009	30.15	30.3	30.2	29.2	28.5
2025-08-27 21:45:00	30.5044	-90.3766	0	24.3	23.6	101.96	2.656	0	0.53	55.3	0	0	0.85	0.25	0	NA	0.202	0.024	-12.3	0.217	0.063	0.28	0.117	-11.9	0.287	0.124	-14.1	0.232	0.009	30	30.2	30.15	29.2	28.5
2025-08-27 22:00:00	30.5044	-90.3766	0	24.03	23.2	101.96	2.666	0	0.12	144.3	0	0	0.34	0.17	0	NA	0.202	0.025	-12.3	0.217	0.065	0.28	0.117	-11.9	0.287	0.123	-14.1	0.232	0.01	29.8	30	30.1	29.2	28.5
2025-08-27 22:15:00	30.5044	-90.3766	0	23.97	23.2	101.97	2.662	0	0.17	118.1	0	0	0.44	0.17	0	NA	0.202	0.025	-12.4	0.217	0.064	0.281	0.117	-11.9	0.287	0.123	-14.1	0.232	0.01	29.7	29.9	30.1	29.25	28.5
2025-08-27 22:30:00	30.5044	-90.3766	0	23.93	23.1	101.96	2.669	0	0.37	114.9	0	0	0.77	0.15	0	NA	0.202	0.025	-12.4	0.217	0.064	0.28	0.117	-11.9	0.287	0.123	-14.1	0.232	0.01	29.549999999999997	29.8	30	29.25	28.5
2025-08-27 22:45:00	30.5044	-90.3766	0	23.81	22.8	101.96	2.653	0	0.22	312	0	0	0.39	0.13	0	NA	0.202	0.025	-12.4	0.217	0.063	0.281	0.117	-12	0.287	0.123	-14.1	0.232	0.009	29.4	29.7	29.95	29.25	28.5
2025-08-27 23:00:00	30.5044	-90.3766	0	23.89	22.9	101.96	2.651	0	0.49	39.1	0	0	0.82	0.14	0	NA	0.201	0.025	-12.5	0.217	0.063	0.281	0.117	-12	0.287	0.122	-14.1	0.232	0.01	29.3	29.6	29.85	29.25	28.5
2025-08-27 23:15:00	30.5044	-90.3766	0	23.78	23	101.96	2.673	0	0.74	75.8	0	0	1.17	0.14	0	NA	0.201	0.024	-12.5	0.217	0.063	0.281	0.117	-12	0.287	0.124	-14.1	0.232	0.009	29.2	29.4	29.85	29.3	28.5
2025-08-27 23:30:00	30.5044	-90.3766	0	23.65	22.8	101.96	2.673	0	0.4	138.4	0	0	0.98	0.11	0	NA	0.201	0.024	-12.5	0.217	0.062	0.281	0.117	-12	0.287	0.123	-14.1	0.232	0.011	29.049999999999997	29.3	29.8	29.3	28.5
2025-08-27 23:45:00	30.5044	-90.3766	0	23.49	22.5	101.96	2.647	0	0.22	266.5	0	0	0.45	0.07	0	NA	0.201	0.023	-12.6	0.217	0.064	0.281	0.117	-12	0.287	0.123	-14.1	0.232	0.01	29	29.2	29.7	29.3	28.5
2025-08-28 00:00:00	30.5044	-90.3766	0	23.41	22.4	101.95	2.618	0	0.15	90	0	0	0.42	0.09	0	NA	0.201	0.024	-12.6	0.217	0.063	0.281	0.117	-12	0.287	0.124	-14.1	0.232	0.01	28.8	29.1	29.65	29.3	28.5
2025-08-28 00:15:00	30.5044	-90.3766	0	23.48	22.5	101.94	2.625	0	0.29	40.5	0	0	0.67	0.11	0	NA	0.201	0.024	-12.6	0.217	0.063	0.281	0.117	-12.1	0.287	0.122	-14.1	0.232	0.011	28.75	29	29.6	29.3	28.5
2025-08-28 00:30:00	30.5044	-90.3766	0	23.23	22.3	101.95	2.635	0	0.26	206.9	0	0	0.63	0.06	0	NA	0.201	0.023	-12.6	0.217	0.064	0.281	0.117	-12.1	0.287	0.125	-14.1	0.232	0.009	28.6	29	29.55	29.3	28.5
2025-08-28 00:45:00	30.5044	-90.3766	0	23.29	22.4	101.94	2.625	0	0.27	330.8	0	0	0.53	0.08	0	NA	0.201	0.024	-12.7	0.217	0.064	0.281	0.117	-12.1	0.287	0.122	-14.1	0.232	0.009	28.5	28.8	29.45	29.3	28.5
2025-08-28 01:00:00	30.5044	-90.3766	0	23.04	22.2	101.93	2.631	0	0.28	272.6	0	0	0.47	0.05	0	NA	0.201	0.023	-12.7	0.216	0.063	0.281	0.117	-12.1	0.287	0.123	-14.1	0.232	0.01	28.4	28.8	29.4	29.3	28.5
2025-08-28 01:15:00	30.5044	-90.3766	0	22.99	22.1	101.93	2.617	0	0.13	242.2	0	0	0.35	0.04	0	NA	0.201	0.023	-12.7	0.216	0.063	0.281	0.117	-12.1	0.287	0.123	-14.1	0.232	0.01	28.4	28.7	29.35	29.3	28.5
2025-08-28 01:30:00	30.5044	-90.3766	0	23.1	22.3	101.92	2.617	0	0.44	79.1	0	0	1.12	0.07	0	NA	0.2	0.024	-12.7	0.216	0.063	0.281	0.117	-12.1	0.287	0.123	-14.1	0.232	0.01	28.3	28.6	29.299999999999997	29.3	28.5
2025-08-28 01:45:00	30.5044	-90.3766	0	23.15	22.4	101.91	2.639	0	0.4	79.5	0	0	0.91	0.07	0	NA	0.2	0.024	-12.7	0.216	0.063	0.281	0.117	-12.1	0.287	0.124	-14.1	0.232	0.01	28.2	28.5	29.200000000000003	29.3	28.5
2025-08-28 02:00:00	30.5044	-90.3766	0	22.96	22.2	101.9	2.635	0	0.32	184.6	0	0	0.53	0.04	0	NA	0.2	0.023	-12.8	0.216	0.063	0.281	0.117	-12.2	0.287	0.122	-14.1	0.232	0.01	28.1	28.4	29.200000000000003	29.3	28.5
2025-08-28 02:15:00	30.5044	-90.3766	0	22.93	22.1	101.9	2.626	0	0.11	7.1	0	0	0.3	0.03	0	NA	0.2	0.023	-12.8	0.216	0.063	0.281	0.117	-12.2	0.287	0.124	-14.1	0.232	0.011	28	28.3	29.1	29.3	28.5
2025-08-28 02:30:00	30.5044	-90.3766	0	22.91	22.1	101.89	2.602	0	0.13	2.4	0	0	0.27	0.05	0	NA	0.2	0.022	-12.8	0.216	0.063	0.281	0.117	-12.2	0.287	0.124	-14.1	0.232	0.01	27.9	28.3	29.049999999999997	29.3	28.5
2025-08-28 02:45:00	30.5044	-90.3766	0	22.86	22.2	101.88	2.619	0	0.37	164	0	0	0.93	0.05	0	NA	0.2	0.023	-12.8	0.216	0.063	0.281	0.116	-12.2	0.287	0.123	-14.1	0.232	0.011	27.9	28.2	29.049999999999997	29.3	28.5
2025-08-28 03:00:00	30.5044	-90.3766	0	22.8	22	101.87	2.619	0	0.2	292.8	0	0	0.68	0.02	0	NA	0.2	0.022	-12.9	0.216	0.061	0.281	0.117	-12.2	0.287	0.123	-14.1	0.232	0.011	27.8	28.1	28.950000000000003	29.3	28.5
2025-08-28 03:15:00	30.5044	-90.3766	0	22.72	21.8	101.87	2.591	0	0.36	284.3	0	0	0.53	0.03	0	NA	0.2	0.022	-12.9	0.216	0.063	0.281	0.116	-12.2	0.287	0.123	-14.1	0.232	0.011	27.7	28	28.950000000000003	29.3	28.5
2025-08-28 03:30:00	30.5044	-90.3766	0	22.52	21.6	101.88	2.571	0	0.33	246.7	0	0	0.72	0.01	0	NA	0.2	0.024	-12.9	0.216	0.063	0.281	0.117	-12.2	0.287	0.124	-14.1	0.232	0.01	27.6	28	28.85	29.25	28.5
2025-08-28 03:45:00	30.5044	-90.3766	0	22.57	21.7	101.87	2.568	0	0.13	248.7	0	0	0.34	0.02	0	NA	0.2	0.022	-12.9	0.216	0.063	0.281	0.117	-12.3	0.287	0.123	-14.1	0.232	0.011	27.6	27.9	28.8	29.25	28.5
2025-08-28 04:00:00	30.5044	-90.3766	0	22.65	21.8	101.85	2.573	0	0.22	9.2	0	0	0.57	0.04	0	NA	0.2	0.022	-12.9	0.216	0.062	0.281	0.117	-12.3	0.287	0.123	-14.1	0.232	0.01	27.5	27.9	28.75	29.25	28.5
2025-08-28 04:15:00	30.5044	-90.3766	0	22.63	21.9	101.85	2.578	0	0.27	338.9	0	0	0.45	0.04	0	NA	0.199	0.02	-13	0.215	0.062	0.281	0.117	-12.3	0.287	0.123	-14.1	0.232	0.011	27.4	27.8	28.7	29.25	28.5
2025-08-28 04:30:00	30.5044	-90.3766	0	22.41	21.7	101.85	2.566	0	0.17	1.1	0	0	0.33	0.02	0	NA	0.199	0.022	-13	0.215	0.063	0.281	0.117	-12.3	0.287	0.122	-14.1	0.232	0.01	27.4	27.7	28.65	29.25	28.5
2025-08-28 04:45:00	30.5044	-90.3766	0	22.41	21.7	101.85	2.573	0	0.19	173.4	0	0	0.45	0.03	0	NA	0.199	0.022	-13	0.215	0.062	0.281	0.117	-12.3	0.287	0.122	-14.1	0.232	0.01	27.3	27.7	28.6	29.25	28.5
2025-08-28 05:00:00	30.5044	-90.3766	0	22.41	21.7	101.85	2.564	0	0.2	50	0	0	0.48	0.03	0	NA	0.199	0.02	-13	0.215	0.062	0.281	0.117	-12.3	0.287	0.123	-14.1	0.232	0.01	27.25	27.6	28.549999999999997	29.25	28.5
2025-08-28 05:15:00	30.5044	-90.3766	0	22.45	21.8	101.85	2.577	0	0.37	89.3	0	0	0.74	0.03	0	NA	0.199	0.021	-13	0.215	0.063	0.281	0.117	-12.3	0.287	0.124	-14.1	0.232	0.01	27.2	27.6	28.5	29.15	28.5
2025-08-28 05:30:00	30.5044	-90.3766	0	22.45	21.8	101.86	2.591	0	0.26	100.4	0	0	0.65	0.03	0	NA	0.199	0.019	-13	0.215	0.062	0.281	0.117	-12.3	0.287	0.123	-14.1	0.232	0.011	27.1	27.5	28.450000000000003	29.15	28.5
2025-08-28 05:45:00	30.5044	-90.3766	0.017	22.3	21.6	101.85	2.569	0	0.17	62.7	0	0	0.4	0.01	0	NA	0.199	0.02	-13.1	0.215	0.063	0.281	0.116	-12.3	0.287	0.123	-14.1	0.232	0.01	27.1	27.4	28.4	29.15	28.5
2025-08-28 06:00:00	30.5044	-90.3766	0	22.34	21.6	101.84	2.553	0	0.36	50.2	0	0	0.58	0.03	0	NA	0.199	0.02	-13.1	0.215	0.061	0.281	0.116	-12.4	0.287	0.124	-14.1	0.232	0.011	27	27.4	28.4	29.15	28.5
2025-08-28 06:15:00	30.5044	-90.3766	0	22.14	21.4	101.85	2.543	0	0.21	308	0	0	0.38	0	0	NA	0.199	0.019	-13.1	0.215	0.062	0.281	0.116	-12.4	0.287	0.122	-14.1	0.232	0.01	27	27.3	28.3	29.15	28.5
2025-08-28 06:30:00	30.5044	-90.3766	0	22.06	21.3	101.85	2.525	0	0.17	28.7	0	0	0.37	0.01	0	NA	0.199	0.019	-13.1	0.215	0.062	0.281	0.117	-12.4	0.287	0.123	-14.1	0.232	0.011	26.9	27.3	28.3	29.15	28.5
2025-08-28 06:45:00	30.5044	-90.3766	0	22.06	21.3	101.86	2.53	1.1	0.1	283.5	0	0	0.21	0	0	NA	0.199	0.02	-13.1	0.215	0.06	0.281	0.117	-12.4	0.287	0.123	-14.1	0.232	0.01	26.85	27.2	28.2	29.1	28.5
2025-08-28 07:00:00	30.5044	-90.3766	0	22.51	21.4	101.87	2.538	15.7	0.24	0.8	0	0	0.49	0	0	0.669	0.199	0.02	-13.1	0.215	0.063	0.281	0.117	-12.4	0.287	0.123	-14.1	0.232	0.01	26.8	27.2	28.2	29.1	28.5
2025-08-28 07:15:00	30.5044	-90.3766	0	23.58	22.1	101.88	2.617	61.7	0.36	31.5	0	0	0.66	0.03	0	0.648	0.199	0.019	-13.2	0.215	0.063	0.281	0.116	-12.4	0.287	0.123	-14.1	0.232	0.011	26.75	27.1	28.15	29.1	28.5
2025-08-28 07:30:00	30.5044	-90.3766	0.017	24.37	22.7	101.9	2.748	66.7	0.32	50.8	0	0	0.69	0	0	0.669	0.199	0.019	-13.2	0.215	0.062	0.281	0.116	-12.4	0.287	0.122	-14.1	0.232	0.011	26.7	27.1	28.1	29.1	28.5
2025-08-28 07:45:00	30.5044	-90.3766	0	25.24	23.1	101.89	2.823	129.2	0.43	46	0	0	0.91	0	0	0.659	0.198	0.02	-13.2	0.214	0.062	0.281	0.117	-12.4	0.287	0.122	-14.1	0.232	0.01	26.7	27	28.05	29.05	28.5
