2025-11-21 00:00:00	-92.3536	30.1784	0	16.6	21.2	73.91600964151282	101.44	1.861	0	1.34	144.5	0	0	2.28	0.66	0	0.084	0.171	0.154	0.23	0.259	-85.7	-114.2	-101.3	NA	1.283	0.424	0.553	2.386	23.2	23.3	22.9	22.5	22.1	1
2025-11-21 00:15:00	-92.3536	30.1784	0	16.88	21.3	73.54319977237903	101.45	1.863	0	1.43	132.2	0	0	2.24	0.66	0	0.084	0.17	0.154	0.23	0.259	-87.4	-115.5	-102.4	NA	1.289	0.424	0.553	2.392	23	23.3	22.85	22.45	22	1
2025-11-21 00:30:00	-92.3536	30.1784	0	16.87	21	73.86393298603049	101.46	1.837	0	1.41	122.9	0	0	2.46	0.66	0	0.084	0.17	0.154	0.23	0.259	-89	-117	-103.5	NA	1.289	0.425	0.553	2.392	22.75	23.2	22.85	22.45	22	1
2025-11-21 00:45:00	-92.3536	30.1784	0	16.85	20.6	75.12716667615568	101.47	1.823	0	1.28	131.7	0	0	1.81	0.61	0	0.084	0.17	0.154	0.23	0.259	-90.7	-118.2	-104.8	NA	1.291	0.425	0.553	2.392	22.6	23.1	22.75	22.4	22	1
2025-11-21 01:00:00	-92.3536	30.1784	0	16.99	20.6	75.12716667615568	101.46	1.823	0	1.49	123.3	0	0	2.52	0.6	0	0.084	0.17	0.154	0.23	0.259	-92.3	-119.6	-105.9	NA	1.288	0.424	0.553	2.387	22.45	23	22.75	22.35	22	1
2025-11-21 01:15:00	-92.3536	30.1784	0	16.37	20.3	76.57239983301014	101.48	1.824	0	0.98	127.6	0	0	1.64	0.56	0	0.084	0.17	0.154	0.23	0.259	-93.8	-121	-107.1	NA	1.289	0.421	0.554	2.387	22.3	22.9	22.75	22.35	22	1
2025-11-21 01:30:00	-92.3536	30.1784	0	16.29	20.2	78.01848433815518	101.48	1.847	0	0.97	130.2	0	0	1.48	0.52	0	0.084	0.17	0.154	0.23	0.259	-95.3	-122.4	-108.1	NA	1.29	0.422	0.554	2.393	22.1	22.8	22.65	22.3	22	1
2025-11-21 01:45:00	-92.3536	30.1784	0	15.68	20.1	79.26742014297325	101.5	1.865	0	0.68	168.5	0	0	1.19	0.49	0	0.084	0.17	0.154	0.23	0.259	-96.9	-123.6	-109.2	NA	1.287	0.424	0.554	2.392	22	22.8	22.65	22.3	22	1
2025-11-21 02:00:00	-92.3536	30.1784	0	17.51	20.5	79.82115812979752	101.51	1.925	0	1.08	179.2	0	0	1.83	0.48	0	0.084	0.17	0.154	0.23	0.259	-98.3	-125	-110.3	NA	1.288	0.424	0.554	2.387	21.9	22.7	22.65	22.3	22	1
2025-11-21 02:15:00	-92.3536	30.1784	0	18.92	20.7	81.91538244922468	101.52	2	0	1.31	164.1	0	0	2.05	0.43	0	0.084	0.17	0.154	0.23	0.259	-99.7	-126.3	-111.5	NA	1.285	0.424	0.554	2.392	21.75	22.6	22.55	22.2	22	1
2025-11-21 02:30:00	-92.3536	30.1784	0	19.7	20.9	83.9883954624483	101.53	2.076	0	1.46	149.1	0	0	2.53	0.39	0	0.084	0.17	0.153	0.23	0.259	-101.4	-127.6	-112.6	NA	1.286	0.424	0.554	2.392	21.75	22.5	22.55	22.2	22	1
2025-11-21 02:45:00	-92.3536	30.1784	0	19.87	21	85.92663298374914	101.53	2.137	0	1.52	133	0	0	2.43	0.36	0	0.084	0.17	0.153	0.23	0.259	-102.7	-128.9	-113.8	NA	1.287	0.423	0.555	2.392	21.7	22.4	22.55	22.2	22	1
2025-11-21 03:00:00	-92.3536	30.1784	0	19.52	20.9	86.77991727695164	101.52	2.145	0	1.71	134.3	0	0	2.5	0.32	0	0.084	0.17	0.153	0.23	0.259	-104.2	-130	-114.8	NA	1.287	0.425	0.556	2.387	21.7	22.4	22.45	22.2	22	1
2025-11-21 03:15:00	-92.3536	30.1784	0	19.88	20.9	87.42722668321328	101.52	2.161	0	1.8	133.6	0	0	2.73	0.3	0	0.084	0.17	0.154	0.23	0.259	-105.4	-131.4	-116	NA	1.288	0.424	0.555	2.392	21.65	22.3	22.45	22.2	22	1
2025-11-21 03:30:00	-92.3536	30.1784	0	20.06	20.9	88.47910446838846	101.52	2.187	0	1.98	131.8	0	0	3.42	0.29	0	0.084	0.17	0.154	0.23	0.259	-106.9	-132.6	-117.2	NA	1.285	0.421	0.556	2.392	21.65	22.3	22.45	22.15	22	1
2025-11-21 03:45:00	-92.3536	30.1784	0	20.51	21.2	88.45295726579744	101.51	2.227	0	2.23	134.1	0	0	3.43	0.28	0	0.084	0.17	0.154	0.23	0.259	-108.3	-133.9	-118.2	NA	1.285	0.422	0.553	2.386	21.65	22.2	22.35	22.15	22	1
2025-11-21 04:00:00	-92.3536	30.1784	0	20.95	21.6	88.63816381573916	101.51	2.287	0	2.34	133.7	0	0	3.86	0.29	0	0.084	0.17	0.153	0.23	0.259	-109.6	-135.3	-119.3	NA	1.289	0.42	0.555	2.392	21.65	22.2	22.35	22.15	22	1
2025-11-21 04:15:00	-92.3536	30.1784	0	21.17	21.9	88.62728700499521	101.51	2.329	0	2.33	132.2	0	0	3.43	0.29	0	0.084	0.17	0.153	0.23	0.259	-110.7	-136.4	-120.5	NA	1.286	0.419	0.553	2.392	21.700000000000003	22.2	22.35	22.1	22	1
2025-11-21 04:30:00	-92.3536	30.1784	0	21.26	21.9	89.38836289168475	101.52	2.349	0	2.25	132.1	0	0	4.03	0.28	0	0.084	0.17	0.153	0.23	0.259	-112.1	-137.6	-121.5	NA	1.29	0.421	0.555	2.392	21.700000000000003	22.1	22.299999999999997	22.1	22	1
2025-11-21 04:45:00	-92.3536	30.1784	0	21.3	21.9	89.54057806902264	101.52	2.353	0	2.42	130.3	0	0	3.99	0.27	0	0.084	0.17	0.153	0.23	0.259	-113.3	-139	-122.6	NA	1.287	0.423	0.554	2.386	21.700000000000003	22.1	22.25	22.1	22	1
2025-11-21 05:00:00	-92.3536	30.1784	0	21.29	21.9	89.57863186335712	101.52	2.354	0	2.3	122.9	0	0	3.6	0.27	0	0.084	0.17	0.153	0.23	0.259	-114.6	-140.1	-124	NA	1.287	0.42	0.555	2.386	21.75	22.1	22.25	22.1	22	1
2025-11-21 05:15:00	-92.3536	30.1784	0	21.24	21.8	89.97378448906007	101.52	2.35	0	2	108.8	0	0	3.45	0.26	0	0.084	0.17	0.153	0.23	0.259	-115.8	-141.4	-125.1	NA	1.282	0.42	0.555	2.386	21.75	22	22.25	22.1	22	1
2025-11-21 05:30:00	-92.3536	30.1784	0	21.05	21.4	91.29891883541796	101.52	2.327	0	1.77	92.6	0	0	2.69	0.21	0	0.084	0.17	0.153	0.23	0.259	-117.3	-142.6	-126.2	NA	1.285	0.42	0.555	2.386	21.75	22	22.15	22.1	22	1
2025-11-21 05:45:00	-92.3536	30.1784	0	21	21.2	91.90846120927493	101.51	2.314	0	2.35	105.3	0	0	3.55	0.2	0	0.084	0.17	0.153	0.23	0.259	-118.4	-143.9	-127.2	NA	1.288	0.419	0.555	2.392	21.75	22	22.15	22.1	22	1
2025-11-21 06:00:00	-92.3536	30.1784	0.187	20.88	21.1	93.31330240585547	101.48	2.335	0	2.53	114.6	0	0	3.89	0.17	0	0.084	0.17	0.154	0.23	0.259	-119.8	-145.4	-127.9	NA	1.287	0.419	0.555	2.392	21.8	22	22.15	22.05	22	1
2025-11-21 06:15:00	-92.3536	30.1784	0.017	20.96	21.1	95.0716687038673	101.48	2.379	0	2.6	116.2	0	0	3.8	0.12	0	0.084	0.17	0.154	0.23	0.259	-120.9	-146.7	-129.2	NA	1.283	0.418	0.552	2.398	21.8	22	22.15	22.05	22	1
2025-11-21 06:30:00	-92.3536	30.1784	0	21.08	21.1	96.83003500187914	101.46	2.423	0	2.71	116.6	0	0	4.28	0.08	0	0.084	0.17	0.154	0.23	0.258	-122.3	-147.8	-130.4	NA	1.287	0.417	0.555	2.393	21.8	22	22.15	22.05	22	1
2025-11-21 06:45:00	-92.3536	30.1784	0.034	21.16	21.2	97.3498869593487	101.45	2.451	0	2.62	130.2	0	0	4.5	0.06	0	0.084	0.17	0.154	0.23	0.258	-123.6	-149.1	-131.5	NA	1.287	0.418	0.555	2.393	21.8	22	22.05	22.05	22	1
2025-11-21 07:00:00	-92.3536	30.1784	0.017	21.2	21.2	98.02510037359143	101.43	2.468	0	2.46	135.5	0	0	3.76	0.05	0	0.084	0.17	0.154	0.23	0.259	-125	-150.2	-132.6	NA	1.287	0.418	0.555	2.398	21.8	22	22.05	22.05	22	1
2025-11-21 07:15:00	-92.3536	30.1784	0	21.28	21.2	98.70031378783415	101.39	2.485	0	2.31	136.9	0	0	3.81	0.03	0	0.084	0.17	0.154	0.23	0.259	-126.2	-151.6	-133.7	NA	1.284	0.417	0.554	2.393	21.8	22	22.05	22.05	22	1
2025-11-21 07:30:00	-92.3536	30.1784	0	21.35	21.2	99.0974981491534	101.38	2.495	0	1.42	123.8	0	0	2.33	0.02	0	0.084	0.17	0.154	0.23	0.259	-127.6	-152.9	-134.9	NA	1.285	0.417	0.555	2.392	21.8	21.9	22.05	22.05	22	1
2025-11-21 07:45:00	-92.3536	30.1784	0	21.36	21.2	99.49468251047266	101.36	2.505	0	0.96	112.1	0	0	1.78	0.01	0	0.084	0.17	0.154	0.23	0.259	-129	-154.2	-136	NA	1.282	0.416	0.554	2.392	21.8	21.9	22.05	22.05	22	1
2025-11-21 08:00:00	-92.3536	30.1784	0.051	21.42	21.2	99.85214843565997	101.35	2.514	0	1.24	110.4	0	0	1.89	0	0	0.084	0.17	0.154	0.23	0.259	-130.1	-155.4	-137.2	NA	1.282	0.417	0.554	2.398	21.8	21.9	22.05	22.05	22	1
2025-11-21 08:15:00	-92.3536	30.1784	0.102	21.47	21.2	100	101.35	2.519	0	0.88	113.6	0	0	1.76	0	0	0.084	0.17	0.154	0.23	0.258	-133.4	-156.7	-138.4	NA	1.286	0.419	0.555	2.393	21.8	21.9	22.05	22.05	22	1
2025-11-21 08:30:00	-92.3536	30.1784	0.034	21.54	21.2	100	101.34	2.52	0	0.46	134	0	0	1.17	0	0	0.084	0.17	0.154	0.23	0.259	-135.8	-158	-139.4	NA	1.286	0.418	0.555	2.392	21.8	21.9	22	22.05	22	1
2025-11-21 08:45:00	-92.3536	30.1784	0.374	21.56	21.2	100	101.33	2.52	0	0.53	152.9	0	0	1.04	0	0.104	0.084	0.17	0.153	0.229	0.258	-137	-159.1	-140.7	NA	1.284	0.419	0.553	2.393	21.85	21.9	21.95	22.05	22	1
2025-11-21 09:00:00	-92.3536	30.1784	0.255	21.56	21.2	100	101.33	2.52	0	0.81	126.1	0	0	1.68	0	0.079	0.084	0.17	0.153	0.229	0.259	-138.3	-160.2	-141.9	NA	1.284	0.419	0.555	2.393	21.85	21.9	21.95	22.05	22	1
2025-11-21 09:15:00	-92.3536	30.1784	0.647	21.58	21.2	100	101.31	2.52	0	1.17	113.8	0	0	1.98	0	0.089	0.084	0.17	0.153	0.229	0.258	-139.6	-161.6	-143	NA	1.284	0.419	0.556	2.398	21.85	21.9	21.95	22.05	22	1
2025-11-21 09:30:00	-92.3536	30.1784	1.396	21.58	21.2	100	101.29	2.52	0	1.06	100.2	0	0	1.96	0	0.029	0.085	0.17	0.153	0.229	0.258	-140.7	-163.1	-144.2	NA	1.288	0.418	0.556	2.398	21.9	21.9	21.95	22.05	22	1
2025-11-21 09:45:00	-92.3536	30.1784	0	21.65	21.2	100	101.27	2.52	0	0.7	90.6	0	0	1.46	0	0	0.085	0.17	0.153	0.229	0.259	-142.1	-164.4	-145.4	NA	1.291	0.42	0.554	2.398	21.9	21.9	21.95	22.05	22	1
2025-11-21 10:00:00	-92.3536	30.1784	0.391	21.66	21.3	100	101.27	2.536	0	0.48	104.6	0	0	1.1	0	0.012	0.085	0.17	0.153	0.229	0.259	-143.6	-165.3	-146.6	NA	1.288	0.42	0.553	2.398	21.9	21.9	21.95	22.05	22	1
2025-11-21 10:15:00	-92.3536	30.1784	0.017	21.65	21.3	99.91295685662443	101.28	2.531	0	0.88	112.2	0	0	1.99	0	0	0.085	0.169	0.153	0.229	0.258	-144.7	-166.4	-147.5	NA	1.289	0.42	0.554	2.398	21.9	21.9	21.95	22.05	22	1
2025-11-21 10:30:00	-92.3536	30.1784	0.034	21.7	21.4	100	101.28	2.557	0	1.38	120.8	0	0	2.5	0	0	0.085	0.17	0.153	0.229	0.259	-145.7	-167.6	-148.8	NA	1.289	0.418	0.556	2.393	21.9	21.9	21.95	22	22	1
2025-11-21 10:45:00	-92.3536	30.1784	0.017	21.71	21.5	100	101.28	2.565	0	1.15	140.7	0	0	1.9	0	0	0.085	0.169	0.153	0.229	0.259	-146.8	-169.1	-149.9	NA	1.287	0.418	0.555	2.392	21.9	21.9	21.95	22	22	1
2025-11-21 11:00:00	-92.3536	30.1784	0	21.73	21.6	99.76153636279518	101.28	2.574	0	1.54	153.6	0	0	2.07	0	0	0.085	0.169	0.153	0.229	0.259	-148.1	-170.3	-151.1	NA	1.289	0.419	0.555	2.398	21.9	21.9	21.95	21.95	22	1
2025-11-21 11:15:00	-92.3536	30.1784	0	21.76	21.6	99.60650678025783	101.29	2.57	0	1.24	177.1	0	0	1.86	0.01	0	0.085	0.169	0.153	0.229	0.259	-149.3	-171.7	-152.2	NA	1.289	0.417	0.553	2.393	21.9	21.9	21.9	21.95	22	1
2025-11-21 11:30:00	-92.3536	30.1784	0	21.81	21.6	99.95532334096691	101.3	2.579	0	1.39	207.4	0	0	1.99	0	0	0.085	0.169	0.153	0.229	0.259	-150.8	-172.7	-153.2	NA	1.29	0.419	0.556	2.398	21.9	21.9	21.9	21.95	22	1
2025-11-21 11:45:00	-92.3536	30.1784	0	21.77	21.7	99.73150713468127	101.32	2.589	0	1.33	208.9	0	0	1.72	0	0	0.085	0.169	0.153	0.229	0.259	-152.1	-173.9	-154.3	NA	1.289	0.418	0.554	2.398	21.9	21.9	21.9	21.95	22	1
2025-11-21 12:00:00	-92.3536	30.1784	0	21.89	21.7	99.96263461355655	101.33	2.595	0	1.53	214.2	0	0	2.14	0	0	0.085	0.169	0.153	0.229	0.259	-153.3	-175.3	-155.5	NA	1.29	0.418	0.553	2.398	21.9	21.9	21.9	21.95	22	1
2025-11-21 12:15:00	-92.3536	30.1784	0	21.99	21.8	100	101.33	2.615	0	1.84	216.1	0	0	2.52	0	0	0.085	0.169	0.153	0.229	0.259	-154.7	-176.5	-156.7	NA	1.29	0.416	0.555	2.398	21.95	21.9	21.9	21.95	22	1
2025-11-21 12:30:00	-92.3536	30.1784	0	21.99	21.9	99.89121012800018	101.35	2.625	0	1.8	210.4	0	0	2.45	0	0	0.085	0.169	0.153	0.229	0.259	-155.6	-177.7	-157.9	NA	1.287	0.415	0.555	2.392	22	21.9	21.9	21.95	22	1
2025-11-21 12:45:00	-92.3536	30.1784	0	22.03	21.9	99.92926392233464	101.36	2.626	0	1.87	197.4	0	0	2.6	0	0	0.085	0.169	0.153	0.229	0.259	-157.3	-179	-159	NA	1.29	0.417	0.552	2.393	22	21.9	21.9	21.95	22	1
2025-11-21 13:00:00	-92.3536	30.1784	0	22.19	22	99.92695754654034	101.36	2.642	0	2.33	187.3	0	0	3.34	0	0	0.085	0.169	0.153	0.229	0.259	-158.1	-180.1	-160.1	NA	1.29	0.416	0.555	2.392	22	21.9	21.85	21.95	22	0.997
2025-11-21 13:15:00	-92.3536	30.1784	0	22.42	22.2	99.72598112381957	101.37	2.669	12.6	2.81	189.6	0	0	3.94	0	0	0.085	0.169	0.153	0.229	0.259	-159.5	-181.2	-161.2	NA	1.289	0.416	0.553	2.398	22	21.9	21.85	21.95	22	0.986
2025-11-21 13:30:00	-92.3536	30.1784	0	22.72	22.3	99.86390606908292	101.38	2.689	29.6	2.74	189.4	0	0	4.12	0	0	0.085	0.169	0.153	0.229	0.259	-160.6	-182.8	-162.2	NA	1.29	0.417	0.552	2.392	22	21.9	21.85	21.95	22	0.972
2025-11-21 13:45:00	-92.3536	30.1784	0.017	23.24	22.5	100	101.39	2.73	64.4	2.88	194.8	0	0	4.01	0	0	0.085	0.169	0.153	0.229	0.259	-162.1	-184.4	-163.4	NA	1.29	0.416	0.552	2.392	22.05	21.9	21.85	21.95	22	0.944
2025-11-21 14:00:00	-92.3536	30.1784	0	23.75	22.7	99.96876876345871	101.38	2.758	129	3.22	202.2	0	0	4.73	0	0	0.085	0.169	0.153	0.229	0.259	-162.7	-185.4	-164.5	NA	1.289	0.419	0.552	2.397	22.1	21.9	21.85	21.95	22	0.897
2025-11-21 14:15:00	-92.3536	30.1784	0	23.86	22.8	100	101.42	2.784	100.7	3.09	222.9	0	0	4.16	0	0	0.085	0.169	0.153	0.229	0.259	-164	-186.7	-165.7	NA	1.29	0.416	0.553	2.392	22.15	21.9	21.85	21.95	22	0.923
2025-11-21 14:30:00	-92.3536	30.1784	0	24.19	22.9	99.87503029538914	101.44	2.789	98.3	2.88	224.5	0	0	4.17	0	0	0.086	0.169	0.153	0.229	0.259	-165	-187.5	-166.8	NA	1.29	0.417	0.552	2.398	22.299999999999997	21.9	21.85	21.95	22	0.918
2025-11-21 14:45:00	-92.3536	30.1784	0	24.61	23	100	101.46	2.814	147.7	3.32	229.1	0	0	4.55	0	0	0.086	0.169	0.153	0.229	0.259	-165.3	-189.1	-168.3	NA	1.292	0.414	0.552	2.397	22.35	22	21.85	21.95	22	0.891
2025-11-21 15:00:00	-92.3536	30.1784	0	25.19	23.3	99.79652241703381	101.46	2.855	178	2.99	228.8	0	0	4.55	0	0	0.086	0.169	0.153	0.229	0.259	-166.8	-190.3	-169.3	NA	1.292	0.416	0.553	2.392	22.5	22	21.85	21.95	22	0.867
2025-11-21 15:15:00	-92.3536	30.1784	0	25.46	23.5	99.7053813764024	101.48	2.887	198.1	3.27	224.2	0	0	4.76	0	0	0.086	0.169	0.153	0.229	0.259	-167.7	-191.5	-170.2	NA	1.292	0.418	0.552	2.397	22.6	22	21.85	21.95	22	0.866
2025-11-21 15:30:00	-92.3536	30.1784	0	26.02	23.8	100	101.5	2.949	260.7	3.38	224.7	0	0	4.83	0	0	0.086	0.169	0.153	0.229	0.259	-168.2	-192.9	-171.7	NA	1.292	0.416	0.552	2.397	22.75	22	21.85	21.95	22	0.8
2025-11-21 15:45:00	-92.3536	30.1784	0	27.46	24.4	99.82617442585538	101.5	3.051	359.5	3.32	245.1	0	0	5.04	0	0	0.086	0.169	0.153	0.229	0.259	-168.8	-193.8	-172.9	NA	1.295	0.416	0.552	2.392	22.9	22.1	21.85	21.95	22	0.712
2025-11-21 16:00:00	-92.3536	30.1784	0	26.83	24.3	99.76723014186554	101.51	3.031	317.4	3.71	254.5	0	0	6.79	0	0	0.086	0.169	0.154	0.23	0.259	-169.8	-195.1	-174	NA	1.291	0.417	0.552	2.397	23.05	22.1	21.85	21.95	22	0.636
2025-11-21 16:15:00	-92.3536	30.1784	0	27.42	24.5	100	101.51	3.077	413.5	4.1	258.1	0	0	7.05	0	0	0.086	0.169	0.153	0.229	0.259	-170.3	-196.6	-175.3	NA	1.294	0.415	0.552	2.397	23.25	22.2	21.9	21.95	22	0.607
2025-11-21 16:30:00	-92.3536	30.1784	0	28.54	25.1	99.75850339099524	101.51	3.179	471.2	4.51	257	0	0	7.86	0	0	0.086	0.169	0.153	0.23	0.259	-170.6	-197.6	-176.2	NA	1.297	0.415	0.552	2.396	23.35	22.2	21.9	21.95	22	0.579
2025-11-21 16:45:00	-92.3536	30.1784	0	29.66	25.5	100	101.51	3.265	511.3	4.58	254.1	0	0	6.8	0	0	0.086	0.169	0.153	0.23	0.259	-171.2	-198.8	-177.3	NA	1.296	0.418	0.552	2.391	23.5	22.3	21.9	21.95	22	0.549
2025-11-21 17:00:00	-92.3536	30.1784	0	29.39	25.6	99.85466029978407	101.51	3.278	439.7	4.28	255.4	0	0	6.44	0	0	0.086	0.169	0.153	0.23	0.259	-172.2	-200.2	-178.7	NA	1.297	0.419	0.552	2.391	23.65	22.3	21.9	21.95	22	0.553
2025-11-21 17:15:00	-92.3536	30.1784	0	27.85	25.2	99.66583891179373	101.5	3.195	307.4	3.87	249.6	0	0	6.7	0	0	0.086	0.169	0.153	0.23	0.259	-172.9	-201.4	-179.8	NA	1.296	0.417	0.55	2.391	23.8	22.4	21.9	21.95	22	0.562
2025-11-21 17:30:00	-92.3536	30.1784	0	28.8	25.2	99.72822754335041	101.49	3.197	331	3.57	255.3	0	0	6.33	0.02	0	0.086	0.169	0.153	0.229	0.259	-173.6	-202.5	-181	NA	1.296	0.418	0.552	2.391	23.9	22.5	21.9	21.95	22	0.533
2025-11-21 17:45:00	-92.3536	30.1784	0	30.91	25.8	99.91262451792106	101.46	3.319	389.5	3.2	239.8	0	0	5.36	0.01	0	0.086	0.169	0.153	0.229	0.259	-174.1	-203.6	-182.3	NA	1.296	0.419	0.551	2.385	24	22.5	21.95	21.95	22	0.516
2025-11-21 18:00:00	-92.3536	30.1784	0	28.11	25.4	95.99135188102576	101.43	3.114	257.9	3.61	243.9	0	0	5.11	0.12	0	0.086	0.169	0.153	0.23	0.259	-175.3	-204.6	-183.5	NA	1.299	0.42	0.553	2.391	24.15	22.6	21.95	21.95	22	0.531
2025-11-21 18:15:00	-92.3536	30.1784	0	31.09	26	88.74173425975349	101.4	2.983	431.2	3.73	241.7	0	0	6.12	0.38	0	0.086	0.169	0.153	0.23	0.259	-176.2	-206.2	-184.5	NA	1.295	0.418	0.552	2.39	24.25	22.7	21.95	21.95	22	0.494
2025-11-21 18:30:00	-92.3536	30.1784	0	30.4	26.1	84.19684607621576	101.39	2.847	366.5	3.25	244.7	0	0	5.47	0.53	0	0.086	0.169	0.153	0.229	0.259	-176.7	-207.5	-185.7	NA	1.298	0.417	0.552	2.39	24.35	22.7	22	21.95	22	0.495
2025-11-21 18:45:00	-92.3536	30.1784	0	34.09	26.9	83.87698033067902	101.37	2.973	604.9	3.48	256.9	0	0	6.08	0.57	0	0.086	0.169	0.153	0.229	0.259	-177.3	-208.8	-187	NA	1.298	0.42	0.55	2.391	24.55	22.8	22	21.95	22	0.465
2025-11-21 19:00:00	-92.3536	30.1784	0	29.91	26.5	79.66303843094273	101.36	2.758	316	3.43	247.7	0	0	5.22	0.7	0	0.086	0.169	0.153	0.229	0.259	-178.4	-210.2	-188.3	NA	1.297	0.417	0.552	2.39	24.75	22.9	22	21.95	22	0.487
2025-11-21 19:15:00	-92.3536	30.1784	0	28.96	26.3	79.05855337727549	101.36	2.705	268.5	3.88	242.7	0	0	6.11	0.71	0	0.085	0.169	0.153	0.229	0.259	-179	-211.4	-189.6	NA	1.3	0.421	0.55	2.39	24.85	22.9	22.05	21.95	22	0.496
2025-11-21 19:30:00	-92.3536	30.1784	0	33.46	27.1	78.548690858812	101.34	2.817	509.1	3.07	235.8	0	0	4.96	0.77	0	0.086	0.169	0.153	0.229	0.259	-179.6	-212.5	-190.5	NA	1.299	0.419	0.55	2.385	24.85	23	22.05	21.95	22	0.454
2025-11-21 19:45:00	-92.3536	30.1784	0	29.15	26.6	76.12297413762725	101.33	2.651	245.1	3.36	226.5	0	0	5.25	0.83	0	0.086	0.169	0.153	0.229	0.259	-181.2	-213.3	-191.7	NA	1.296	0.418	0.55	2.391	24.950000000000003	23.1	22.1	21.95	22	0.488
2025-11-21 20:00:00	-92.3536	30.1784	0	32.39	27.6	73.8467645618628	101.31	2.727	460.9	3.84	235.8	0	0	6.65	0.97	0	0.086	0.169	0.153	0.229	0.259	-182.1	-214.5	-192.5	NA	1.296	0.42	0.55	2.39	25.049999999999997	23.1	22.1	21.95	22	0.439
2025-11-21 20:15:00	-92.3536	30.1784	0	29.05	27.2	71.99114101971928	101.31	2.597	253.5	4.46	231.8	0	0	7.38	1.01	0	0.085	0.169	0.153	0.229	0.259	-183.5	-215.4	-193.4	NA	1.302	0.42	0.549	2.39	25.1	23.2	22.1	21.95	22	0.485
2025-11-21 20:30:00	-92.3536	30.1784	0	28.82	27.3	69.86215818092755	101.3	2.535	250.9	4.64	235.8	0	0	6.83	1.1	0	0.085	0.169	0.153	0.229	0.259	-184.7	-216.7	-194.5	NA	1.301	0.419	0.552	2.385	25.1	23.3	22.2	21.95	22	0.504
2025-11-21 20:45:00	-92.3536	30.1784	0	29.28	27.5	69.89406537022667	101.3	2.566	305.5	4.72	231.4	0	0	7.06	1.11	0	0.085	0.169	0.153	0.23	0.259	-185.3	-217.9	-196	NA	1.301	0.418	0.552	2.385	25	23.3	22.2	21.95	22	0.523
2025-11-21 21:00:00	-92.3536	30.1784	0	29.46	27.5	69.62168008039727	101.29	2.556	304.7	4.64	230.5	0	0	8.11	1.11	0	0.085	0.169	0.153	0.229	0.259	-187.1	-219.3	-197.7	NA	1.301	0.42	0.552	2.385	25	23.4	22.2	21.95	22	0.532
2025-11-21 21:15:00	-92.3536	30.1784	0	28.87	27.5	68.42318480514786	101.28	2.512	264.2	4.53	225.1	0	0	6.77	1.16	0	0.085	0.169	0.153	0.229	0.259	-188.6	-220.7	-198.9	NA	1.304	0.419	0.549	2.39	25	23.4	22.3	21.95	22	0.507
2025-11-21 21:30:00	-92.3536	30.1784	0	27.88	27.2	67.36175305272155	101.28	2.43	218.1	4.95	220	0	0	7.86	1.19	0	0.085	0.169	0.153	0.23	0.259	-190.8	-222.1	-200.2	NA	1.3	0.42	0.55	2.39	24.95	23.5	22.3	21.95	22	0.491
2025-11-21 21:45:00	-92.3536	30.1784	0	27.01	26.8	68.790944800094735	101.29	2.424	167.6	5.2	216.1	0	0	7.81	1.1	0	0.085	0.169	0.153	0.23	0.259	-191.6	-223	-201.3	NA	1.302	0.419	0.55	2.39	24.8	23.5	22.3	21.95	22	0.486
2025-11-21 22:00:00	-92.3536	30.1784	0	26.37	26.7	68.76828159167191	101.3	2.409	122.6	4.7	216.9	0	0	7.66	1.09	0	0.085	0.169	0.153	0.229	0.259	-193.5	-224.5	-202.4	NA	1.3	0.42	0.553	2.385	24.700000000000003	23.5	22.4	21.95	22	0.486
2025-11-21 22:15:00	-92.3536	30.1784	0	25.49	26.4	70.1388102209449	101.32	2.414	79.4	4.71	219.6	0	0	8.18	1.02	0	0.085	0.169	0.153	0.23	0.259	-195	-225.7	-203.8	NA	1.3	0.42	0.552	2.384	24.6	23.5	22.4	21.95	22	0.49
2025-11-21 22:30:00	-92.3536	30.1784	0	24.69	26.1	71.59837174236682	101.32	2.421	45.2	4.63	219.8	0	0	6.33	0.95	0	0.085	0.169	0.153	0.229	0.259	-197.2	-227.2	-205.2	NA	1.299	0.42	0.55	2.384	24.45	23.5	22.4	21.95	22	0.491
2025-11-21 22:45:00	-92.3536	30.1784	0	23.85	25.6	73.77912972729622	101.34	2.422	26.9	3.5	224	0	0	5.01	0.87	0	0.085	0.169	0.153	0.229	0.259	-198.4	-228.3	-206.1	NA	1.3	0.419	0.55	2.384	24.3	23.5	22.4	21.95	22	0.506
2025-11-21 23:00:00	-92.3536	30.1784	0	23.15	25.3	74.51561152979691	101.35	2.403	14.9	3.73	221	0	0	5.57	0.82	0	0.085	0.169	0.153	0.23	0.259	-200.2	-229.6	-207.2	NA	1.3	0.42	0.55	2.384	24.2	23.5	22.5	21.95	22	0.583
2025-11-21 23:15:00	-92.3536	30.1784	0	22.48	24.7	76.68056305759907	101.34	2.386	2.2	3.47	215.6	0	0	5.03	0.73	0	0.085	0.169	0.153	0.23	0.259	-201.4	-231	-208.4	NA	1.297	0.419	0.552	2.384	24	23.5	22.5	21.95	22	0.787
2025-11-21 23:30:00	-92.3536	30.1784	0	22.06	24.4	78.03521009690759	101.35	2.385	0	3.09	216.2	0	0	4.38	0.66	0	0.085	0.169	0.153	0.229	0.259	-203.5	-232.5	-209.9	NA	1.297	0.421	0.553	2.384	23.85	23.5	22.5	21.95	22	1
2025-11-21 23:45:00	-92.3536	30.1784	0	21.71	24	80.39766576516801	101.38	2.399	0	2.63	219.4	0	0	3.77	0.58	0	0.085	0.169	0.153	0.229	0.259	-204.6	-233.7	-211	NA	1.301	0.419	0.55	2.384	23.700000000000003	23.4	22.5	21.95	22	1
2025-11-22 00:00:00	-92.3536	30.1784	0	21.36	23.5	83.12810979321115	101.39	2.407	0	2.6	207.3	0	0	3.81	0.48	0	0.085	0.169	0.153	0.23	0.259	-206.3	-234.8	-212.5	NA	1.297	0.42	0.553	2.384	23.6	23.4	22.55	21.95	22	1
2025-11-22 00:15:00	-92.3536	30.1784	0	20.87	22.8	85.96242797677456	101.39	2.386	0	2.37	207	0	0	3.53	0.39	0	0.085	0.169	0.153	0.229	0.259	-207.8	-236.3	-214	NA	1.294	0.42	0.552	2.385	23.450000000000003	23.4	22.6	21.95	22	1
2025-11-22 00:30:00	-92.3536	30.1784	0	20.81	22.7	86.99240211468488	101.4	2.4	0	2.33	205.7	0	0	3.1	0.36	0	0.085	0.169	0.153	0.23	0.259	-209.8	-237.4	-215.1	NA	1.295	0.42	0.552	2.384	23.35	23.3	22.6	21.95	22	1
2025-11-22 00:45:00	-92.3536	30.1784	0	20.62	22.4	88.99692365790777	101.41	2.411	0	2.17	208.1	0	0	2.93	0.3	0	0.085	0.169	0.153	0.23	0.259	-211	-239.1	-215.9	NA	1.292	0.42	0.549	2.384	23.25	23.3	22.6	21.95	22	1
2025-11-22 01:00:00	-92.3536	30.1784	0	20.49	22.3	89.94807753786495	101.42	2.422	0	1.89	194.5	0	0	2.47	0.27	0	0.086	0.169	0.153	0.23	0.259	-212.5	-240.4	-217.5	NA	1.293	0.419	0.55	2.39	23.1	23.2	22.6	21.95	22	1
2025-11-22 01:15:00	-92.3536	30.1784	0	19.71	21.9	91.70964434608779	101.44	2.41	0	1.26	190	0	0	2.38	0.21	0	0.086	0.169	0.153	0.23	0.259	-214.5	-242.2	-218.7	NA	1.295	0.42	0.55	2.39	23	23.2	22.6	22	22	1
2025-11-22 01:30:00	-92.3536	30.1784	0	18.75	21.8	91.19895942678345	101.49	2.382	0	0.97	221.9	0	0	1.63	0.23	0	0.086	0.169	0.153	0.229	0.259	-215.1	-243.3	-219.7	NA	1.299	0.42	0.552	2.389	22.9	23.2	22.6	22	22	1
2025-11-22 01:45:00	-92.3536	30.1784	0	19.78	21.7	93.14437398673593	101.49	2.418	0	1.75	200.5	0	0	2.84	0.17	0	0.086	0.169	0.153	0.23	0.259	-217.7	-244.3	-221	NA	1.296	0.42	0.55	2.39	22.8	23.1	22.6	22	22	1
2025-11-22 02:00:00	-92.3536	30.1784	0	20.16	21.9	93.15568853079787	101.5	2.448	0	1.8	201.6	0	0	2.81	0.18	0	0.086	0.169	0.153	0.23	0.259	-219.4	-246.1	-222.3	NA	1.293	0.42	0.552	2.39	22.7	23.1	22.6	22.05	22	1
2025-11-22 02:15:00	-92.3536	30.1784	0	19.26	21.7	94.56966010646678	101.52	2.455	0	1.25	188.2	0	0	2.04	0.14	0	0.086	0.169	0.153	0.23	0.259	-221.8	-247.7	-223.8	NA	1.291	0.42	0.55	2.384	22.6	23	22.6	22.05	22	1
2025-11-22 02:30:00	-92.3536	30.1784	0	20.01	21.4	95.85013266649166	101.51	2.443	0	2.17	201.1	0	0	2.97	0.1	0	0.086	0.169	0.153	0.23	0.259	-223.3	-248.8	-224.9	NA	1.297	0.42	0.551	2.39	22.5	23	22.6	22.05	22	1
2025-11-22 02:45:00	-92.3536	30.1784	0	19.76	21.4	96.32094789039583	101.5	2.455	0	1.22	190	0	0	2.62	0.09	0	0.086	0.169	0.153	0.23	0.259	-225.4	-250.1	-226.6	NA	1.295	0.419	0.551	2.384	22.450000000000003	22.9	22.6	22.05	22	1
2025-11-22 03:00:00	-92.3536	30.1784	0	18.8	20.9	97.29869512870334	101.52	2.405	0	0.36	179.7	0	0	0.63	0.07	0	0.086	0.169	0.153	0.23	0.259	-227.2	-251.6	-227.8	NA	1.295	0.419	0.549	2.384	22.4	22.9	22.6	22.05	22	1
2025-11-22 03:15:00	-92.3536	30.1784	0	18.41	21.2	95.48312046114819	101.55	2.404	0	1.05	227.3	0	0	1.42	0.11	0	0.086	0.169	0.153	0.23	0.259	-228.3	-252.9	-229.2	NA	1.295	0.419	0.55	2.39	22.3	22.8	22.6	22.05	22	1
2025-11-22 03:30:00	-92.3536	30.1784	0	18.44	20.8	97.8174725331507	101.55	2.403	0	1.34	194.1	0	0	1.77	0.05	0	0.086	0.169	0.153	0.23	0.259	-230.8	-254.7	-230.6	NA	1.295	0.418	0.55	2.39	22.2	22.8	22.6	22.05	22	1
2025-11-22 03:45:00	-92.3536	30.1784	0	18.84	20.7	98.38037432151884	101.55	2.402	0	1.41	195.3	0	0	1.98	0.03	0	0.086	0.169	0.153	0.23	0.259	-232.1	-256.2	-231.7	NA	1.295	0.417	0.55	2.389	22.1	22.8	22.6	22.05	22	1
2025-11-22 04:00:00	-92.3536	30.1784	0	19.51	21	97.74807898151342	101.55	2.431	0	0.96	179.6	0	0	1.53	0.05	0	0.086	0.169	0.153	0.23	0.259	-233.9	-257.9	-233	NA	1.293	0.418	0.55	2.389	22	22.7	22.6	22.05	22	1
2025-11-22 04:15:00	-92.3536	30.1784	0	20.09	20.8	99.36431562772404	101.54	2.441	0	1.64	193	0	0	2.03	0.02	0	0.086	0.169	0.153	0.23	0.259	-236.3	-259.1	-234.3	NA	1.289	0.415	0.551	2.389	22	22.7	22.6	22.05	22	1
2025-11-22 04:30:00	-92.3536	30.1784	0	20.8	21.2	98.42228473491068	101.53	2.478	0	1.82	192.8	0	0	2.49	0.03	0	0.086	0.169	0.153	0.23	0.259	-237.2	-261	-235.8	NA	1.29	0.415	0.55	2.39	21.950000000000003	22.6	22.55	22.05	22	1
2025-11-22 04:45:00	-92.3536	30.1784	0	20.89	21.2	99.81242999952805	101.52	2.513	0	2.32	192.7	0	0	3.14	0.01	0	0.086	0.169	0.153	0.23	0.259	-239.3	-262.6	-237	NA	1.29	0.416	0.55	2.384	21.950000000000003	22.6	22.55	22.05	22	1
2025-11-22 05:00:00	-92.3536	30.1784	0	20.94	21.4	99.61665445772506	101.52	2.539	0	2.5	204	0	0	3.31	0.01	0	0.086	0.169	0.153	0.23	0.259	-240.7	-263.8	-238.4	NA	1.29	0.419	0.551	2.39	21.950000000000003	22.6	22.55	22.05	22	1
2025-11-22 05:15:00	-92.3536	30.1784	0	20.88	21.4	99.93053127366117	101.54	2.547	0	2.37	215.9	0	0	3.03	0	0	0.086	0.169	0.153	0.23	0.259	-242.5	-265.6	-239.5	NA	1.294	0.419	0.551	2.39	21.950000000000003	22.5	22.55	22.05	22	1
2025-11-22 05:30:00	-92.3536	30.1784	0	21.06	21.4	99.69512366170909	101.55	2.541	0	2.5	206.1	0	0	3.3	0	0	0.086	0.169	0.153	0.23	0.259	-244.7	-267.1	-240.8	NA	1.29	0.418	0.551	2.39	21.950000000000003	22.5	22.5	22.1	22	1
2025-11-22 05:45:00	-92.3536	30.1784	0	21.15	21.2	100	101.56	2.522	0	2.5	210	0	0	3.31	0	0	0.086	0.169	0.153	0.23	0.259	-245.9	-268.8	-242.5	NA	1.29	0.417	0.55	2.389	21.95	22.5	22.5	22.1	22	1
2025-11-22 06:00:00	-92.3536	30.1784	0	21.41	21.4	99.89129667166915	101.59	2.546	0	2.03	231.4	0	0	2.7	0	0	0.086	0.169	0.153	0.23	0.259	-246.6	-270.4	-243.9	NA	1.29	0.418	0.55	2.395	21.95	22.4	22.5	22.1	22	1
2025-11-22 06:15:00	-92.3536	30.1784	0	21.5	21.5	99.7106666823804	101.57	2.557	0	1.91	217	0	0	2.57	0	0	0.086	0.169	0.153	0.23	0.259	-248.4	-271.8	-245.5	NA	1.291	0.415	0.55	2.395	21.95	22.4	22.45	22.1	22	1
2025-11-22 06:30:00	-92.3536	30.1784	0	21.44	21.3	99.99190822514012	101.55	2.533	0	2.26	208.7	0	0	2.97	0	0	0.086	0.169	0.153	0.23	0.259	-250.4	-273.3	-247.1	NA	1.291	0.415	0.551	2.39	21.95	22.4	22.45	22.1	22	1
2025-11-22 06:45:00	-92.3536	30.1784	0	21.61	21.4	100	101.56	2.552	0	2.24	216.1	0	0	3.16	0	0	0.086	0.169	0.153	0.23	0.259	-251.3	-275.3	-248.1	NA	1.291	0.417	0.55	2.39	22.05	22.4	22.45	22.1	22	1
2025-11-22 07:00:00	-92.3536	30.1784	0	21.72	21.6	99.64526417589218	101.56	2.571	0	2.35	216.6	0	0	3.2	0	0	0.086	0.169	0.153	0.229	0.259	-252	-276.7	-249.5	NA	1.291	0.413	0.55	2.395	22.05	22.4	22.45	22.1	22	1
2025-11-22 07:15:00	-92.3536	30.1784	0	21.77	21.7	99.88559212059812	101.56	2.593	0	2.27	228.2	0	0	2.95	0	0	0.086	0.169	0.153	0.23	0.259	-254	-278	-251.1	NA	1.291	0.414	0.55	2.395	22.05	22.4	22.4	22.1	22	1
2025-11-22 07:30:00	-92.3536	30.1784	0	21.77	21.7	99.92411336707733	101.57	2.594	0	2.37	226.5	0	0	3.13	0	0	0.086	0.169	0.153	0.23	0.259	-256.2	-279.9	-252.1	NA	1.288	0.415	0.55	2.389	22.05	22.4	22.4	22.1	22	1
2025-11-22 07:45:00	-92.3536	30.1784	0	21.59	21.6	100	101.58	2.581	0	2.21	225	0	0	2.86	0	0	0.086	0.169	0.153	0.23	0.259	-256.9	-281.9	-253.7	NA	1.292	0.413	0.551	2.389	22.1	22.3	22.4	22.1	22	1
2025-11-22 08:00:00	-92.3536	30.1784	0	21.7	21.6	100	101.57	2.583	0	2.22	222.6	0	0	3.07	0	0	0.086	0.169	0.153	0.23	0.259	-258.6	-283.5	-255.4	NA	1.292	0.413	0.551	2.389	22.1	22.3	22.4	22.15	22	1
2025-11-22 08:15:00	-92.3536	30.1784	0	21.77	21.6	100	101.56	2.582	0	2.57	213.2	0	0	3.37	0	0	0.086	0.169	0.153	0.23	0.259	-260.8	-285.2	-256.9	NA	1.289	0.415	0.55	2.395	22.1	22.3	22.35	22.15	22	1
2025-11-22 08:30:00	-92.3536	30.1784	0	21.67	21.6	99.60650678025783	101.56	2.57	0	2.47	218.1	0	0	3.23	0.01	0	0.086	0.169	0.153	0.23	0.259	-261.4	-286.5	-258.2	NA	1.292	0.415	0.551	2.39	22.1	22.3	22.35	22.15	22	1
2025-11-22 08:45:00	-92.3536	30.1784	0	21.42	21.5	99.94463774225304	101.56	2.563	0	2.64	216.4	0	0	3.62	0	0	0.086	0.169	0.153	0.23	0.259	-262.5	-288.3	-259.1	NA	1.29	0.415	0.551	2.39	22.1	22.3	22.35	22.15	22	1
2025-11-22 09:00:00	-92.3536	30.1784	0	21.35	21.4	99.85206206967715	101.56	2.545	0	2.2	208	0	0	3.11	0	0	0.086	0.169	0.153	0.23	0.259	-265.2	-289.6	-260.6	NA	1.289	0.415	0.551	2.39	22.1	22.3	22.35	22.15	22	1
2025-11-22 09:15:00	-92.3536	30.1784	0	21.22	21.4	99.85206206967715	101.57	2.545	0	1.98	227.8	0	0	2.7	0	0	0.086	0.169	0.153	0.23	0.259	-266.4	-291.1	-262.5	NA	1.288	0.414	0.551	2.39	22.1	22.3	22.35	22.15	22	1
2025-11-22 09:30:00	-92.3536	30.1784	0	20.58	21.2	100	101.58	2.519	0	1.58	245.2	0	0	2.25	0	0	0.086	0.169	0.153	0.23	0.259	-267.4	-292.5	-264	NA	1.289	0.414	0.55	2.39	22.1	22.3	22.35	22.15	22	1
2025-11-22 09:45:00	-92.3536	30.1784	0	20.11	21	99.99978298108758	101.59	2.487	0	1.17	249.8	0	0	1.73	0	0	0.086	0.169	0.153	0.23	0.259	-268.7	-295	-265.8	NA	1.292	0.415	0.551	2.39	22.05	22.3	22.35	22.15	22	1
2025-11-22 10:00:00	-92.3536	30.1784	0	21.02	21	100	101.61	2.491	0	1.2	234.5	0	0	1.61	0	0	0.086	0.169	0.153	0.23	0.259	-271.7	-296.8	-266.8	NA	1.292	0.413	0.551	2.39	22.05	22.3	22.3	22.15	22	1
2025-11-22 10:15:00	-92.3536	30.1784	0	21.6	21.4	99.69512366170909	101.62	2.541	0	1.61	238.9	0	0	3.18	0	0	0.086	0.169	0.153	0.23	0.259	-273.1	-297.8	-268.2	NA	1.292	0.414	0.55	2.39	22	22.3	22.3	22.15	22	1
2025-11-22 10:30:00	-92.3536	30.1784	0	21.77	21.6	99.95532334096691	101.63	2.579	0	1.99	239.4	0	0	2.85	0	0	0.086	0.169	0.153	0.23	0.259	-273.8	-300	-270	NA	1.292	0.416	0.55	2.39	22	22.3	22.3	22.15	22	1
2025-11-22 10:45:00	-92.3536	30.1784	0	21.81	21.6	99.60650678025783	101.63	2.57	0	1.72	237.5	0	0	2.21	0.01	0	0.086	0.169	0.153	0.23	0.259	-276.2	-301	-271.1	NA	1.289	0.415	0.551	2.395	22.05	22.3	22.3	22.15	22	1
2025-11-22 11:00:00	-92.3536	30.1784	0	21.89	21.5	100	101.64	2.57	0	1.78	238.1	0	0	2.44	0	0	0.086	0.169	0.153	0.23	0.259	-278.1	-302.6	-272.4	NA	1.29	0.414	0.55	2.389	22.05	22.3	22.3	22.15	22	1
2025-11-22 11:15:00	-92.3536	30.1784	0	21.92	21.5	100	101.65	2.57	0	1.76	234.2	0	0	2.47	0	0	0.086	0.169	0.153	0.23	0.259	-279.6	-304.4	-274	NA	1.29	0.413	0.55	2.389	22.05	22.2	22.25	22.15	22	1
2025-11-22 11:30:00	-92.3536	30.1784	0	21.93	21.5	99.98363291889846	101.65	2.564	0	1.73	225.4	0	0	2.18	0	0	0.086	0.169	0.153	0.23	0.259	-280	-306.1	-275.5	NA	1.29	0.412	0.55	2.395	22.05	22.2	22.25	22.15	22	1
2025-11-22 11:45:00	-92.3536	30.1784	0	21.96	21.5	100	101.67	2.565	0	1.64	221	0	0	1.99	0	0	0.086	0.169	0.153	0.23	0.259	-281.6	-307.9	-277.5	NA	1.287	0.414	0.55	2.394	22.1	22.2	22.25	22.15	22.1	1
2025-11-22 12:00:00	-92.3536	30.1784	0	22.04	21.6	99.87780854969822	101.67	2.577	0	1.33	215	0	0	1.83	0	0	0.086	0.169	0.153	0.23	0.259	-283.7	-310.1	-278.7	NA	1.29	0.413	0.55	2.394	22.1	22.2	22.25	22.15	22.1	1
2025-11-22 12:15:00	-92.3536	30.1784	0	22.05	21.7	99.8085496276397	101.67	2.591	0	1.64	207.1	0	0	2.14	0	0	0.086	0.169	0.153	0.23	0.259	-285.2	-311.4	-280	NA	1.288	0.411	0.55	2.389	22.1	22.2	22.25	22.15	22.1	1
2025-11-22 12:30:00	-92.3536	30.1784	0	22.14	21.8	100	101.68	2.615	0	2.35	213.4	0	0	3.38	0	0	0.086	0.169	0.153	0.23	0.259	-286.3	-313.6	-282.4	NA	1.291	0.414	0.551	2.389	22.1	22.2	22.25	22.15	22.1	1
2025-11-22 12:45:00	-92.3536	30.1784	0	22.34	22	99.81349014584404	101.69	2.639	0	2.62	228.8	0	0	3.67	0	0	0.086	0.169	0.153	0.229	0.259	-287.6	-314.5	-283.6	NA	1.29	0.412	0.55	2.394	22.2	22.2	22.25	22.15	22.1	1
2025-11-22 13:00:00	-92.3536	30.1784	0	22.44	22	99.9647800134391	101.7	2.643	2.8	2.98	227.5	0	0	4.06	0	0	0.086	0.169	0.153	0.23	0.259	-290.1	-316.7	-285.2	NA	1.29	0.412	0.551	2.389	22.2	22.2	22.25	22.15	22.1	0.987
2025-11-22 13:15:00	-92.3536	30.1784	0	22.54	22	99.88913507964159	101.73	2.641	12.7	3.08	242.8	0	0	4.62	0	0	0.086	0.169	0.153	0.23	0.259	-291.7	-318.3	-287.3	NA	1.287	0.413	0.551	2.388	22.2	22.2	22.25	22.15	22.1	0.975
2025-11-22 13:30:00	-92.3536	30.1784	0	22.68	22	100	101.76	2.646	19	2.64	251.7	0	0	3.62	0	0	0.086	0.169	0.153	0.23	0.259	-292.2	-320.2	-289.1	NA	1.291	0.413	0.55	2.388	22.2	22.2	22.2	22.15	22.1	0.962
2025-11-22 13:45:00	-92.3536	30.1784	0	22.92	22	100	101.77	2.649	33.3	2.47	259.7	0	0	3.91	0	0	0.086	0.169	0.153	0.23	0.259	-292.7	-322	-290.3	NA	1.291	0.413	0.551	2.388	22.25	22.2	22.2	22.15	22.1	0.948
2025-11-22 14:00:00	-92.3536	30.1784	0	23.2	22.1	100	101.78	2.664	46.9	2.47	257.3	0	0	3.52	0	0	0.086	0.169	0.153	0.23	0.259	-294.1	-323.5	-291.6	NA	1.29	0.412	0.55	2.394	22.35	22.2	22.2	22.15	22.1	0.931
2025-11-22 14:15:00	-92.3536	30.1784	0	23.47	22.2	100	101.8	2.682	54	2.13	257.7	0	0	3.19	0	0	0.086	0.169	0.153	0.23	0.259	-296.3	-324.9	-293.2	NA	1.29	0.413	0.551	2.394	22.35	22.3	22.2	22.15	22.1	0.925
2025-11-22 14:30:00	-92.3536	30.1784	0	24.09	22.3	100	101.81	2.693	103.3	2.37	247	0	0	3.43	0	0	0.086	0.169	0.153	0.229	0.259	-297.9	-327	-294.5	NA	1.29	0.412	0.549	2.388	22.45	22.3	22.2	22.15	22.1	0.889
2025-11-22 14:45:00	-92.3536	30.1784	0	24.44	22.4	99.92313245207646	101.82	2.707	126.3	2.55	237.6	0	0	3.76	0	0	0.086	0.169	0.153	0.23	0.259	-298.1	-328.4	-296.6	NA	1.29	0.413	0.552	2.388	22.5	22.3	22.2	22.15	22.1	0.878
2025-11-22 15:00:00	-92.3536	30.1784	0	24.61	22.4	100	101.83	2.715	135.3	2.45	240.5	0	0	3.46	0	0	0.086	0.169	0.153	0.23	0.259	-298.6	-330	-298.5	NA	1.293	0.412	0.551	2.393	22.65	22.3	22.2	22.15	22.1	0.861
2025-11-22 15:15:00	-92.3536	30.1784	0	25.37	22.8	99.83314665701687	101.83	2.771	195.7	2.68	235.9	0	0	3.97	0	0	0.086	0.169	0.153	0.23	0.259	-299	-331.6	-300.3	NA	1.293	0.412	0.551	2.388	22.75	22.3	22.2	22.15	22.1	0.823
2025-11-22 15:30:00	-92.3536	30.1784	0	24.81	23.2	99.76779799595646	101.84	2.837	126.5	2.67	241	0	0	3.74	0	0	0.086	0.169	0.153	0.229	0.259	-299.2	-333.7	-301.2	NA	1.293	0.413	0.55	2.394	22.85	22.3	22.2	22.15	22.1	0.864
2025-11-22 15:45:00	-92.3536	30.1784	0	26.12	23.4	100	101.83	2.882	236.1	3.03	238.2	0	0	4.45	0	0	0.086	0.169	0.153	0.23	0.259	-299	-335.6	-303.3	NA	1.296	0.413	0.55	2.393	23	22.4	22.2	22.15	22.1	0.765
2025-11-22 16:00:00	-92.3536	30.1784	0	26.58	23.8	99.68509464958076	101.83	2.939	231.2	3	242.3	0	0	4.36	0	0	0.086	0.169	0.153	0.23	0.259	-299	-337.4	-304.4	NA	1.296	0.413	0.551	2.387	23.15	22.4	22.2	22.15	22.1	0.785
2025-11-22 16:15:00	-92.3536	30.1784	0	27.4	23.9	99.93074294258281	101.84	2.964	274	2.73	248.5	0	0	4.24	0	0	0.086	0.169	0.153	0.23	0.259	-298.7	-339.3	-306.5	NA	1.295	0.412	0.551	2.388	23.3	22.4	22.2	22.15	22.1	0.758
2025-11-22 16:30:00	-92.3536	30.1784	0	28.77	24.3	99.80014575722082	101.85	3.032	335.2	2.83	240.1	0	0	4.39	0	0	0.086	0.169	0.153	0.23	0.259	-299.2	-341	-308	NA	1.292	0.413	0.551	2.388	23.5	22.5	22.2	22.15	22.1	0.747
2025-11-22 16:45:00	-92.3536	30.1784	0	27.94	24.4	100	101.86	3.063	262.8	3.09	237	0	0	4.83	0	0	0.086	0.169	0.153	0.23	0.259	-298.5	-343.3	-309.5	NA	1.292	0.413	0.551	2.387	23.65	22.5	22.2	22.15	22.1	0.783
2025-11-22 17:00:00	-92.3536	30.1784	0	27.4	24.7	99.72329722033943	101.86	3.103	205.3	2.95	236.8	0	0	4.64	0	0	0.086	0.169	0.153	0.23	0.259	-298	-344.6	-311.5	NA	1.295	0.413	0.55	2.393	23.85	22.6	22.2	22.15	22.1	0.797
2025-11-22 17:15:00	-92.3536	30.1784	0	27.62	24.7	100	101.82	3.118	224.1	2.7	231.9	0	0	3.79	0	0	0.086	0.169	0.153	0.23	0.259	-297.1	-346	-313.9	NA	1.294	0.414	0.551	2.388	24	22.7	22.2	22.15	22.1	0.774
2025-11-22 17:30:00	-92.3536	30.1784	0	27.25	24.9	99.81080472183815	101.8	3.143	197.4	2.85	236.7	0	0	4.48	0	0	0.086	0.169	0.153	0.229	0.259	-297.7	-347.3	-315.4	NA	1.298	0.415	0.551	2.382	24	22.7	22.25	22.15	22.1	0.786
2025-11-22 17:45:00	-92.3536	30.1784	0	27.87	25	99.97544911366258	101.78	3.167	232.9	2.76	251.3	0	0	4.12	0	0	0.086	0.169	0.153	0.23	0.259	-298.7	-349.5	-316.2	NA	1.297	0.416	0.551	2.387	24.1	22.8	22.25	22.15	22.1	0.719
2025-11-22 18:00:00	-92.3536	30.1784	0	32.31	25.8	99.49117928042456	101.76	3.305	477.2	2.93	270	0	0	4.56	0.02	0	0.086	0.169	0.153	0.23	0.259	-299.8	-351.8	-318.1	NA	1.297	0.416	0.551	2.388	24.2	22.8	22.25	22.15	22.1	0.575
2025-11-22 18:15:00	-92.3536	30.1784	0	34.33	26.4	95.56194979978783	101.73	3.289	557.1	3.19	257.1	0	0	4.45	0.16	0	0.086	0.169	0.153	0.229	0.259	-300.9	-353	-320.5	NA	1.297	0.416	0.55	2.382	24.35	22.9	22.3	22.15	22.1	0.535
2025-11-22 18:30:00	-92.3536	30.1784	0	36.21	27.2	89.1226485862139	101.71	3.215	626.1	2.75	260.5	0	0	5.21	0.38	0	0.086	0.169	0.153	0.229	0.259	-299.9	-355	-321.6	NA	1.297	0.417	0.55	2.382	24.700000000000003	23	22.3	22.15	22.1	0.497
2025-11-22 18:45:00	-92.3536	30.1784	0	36.94	27.6	83.5955123588084	101.69	3.087	671.8	3.18	237.9	0	0	4.83	0.61	0	0.086	0.169	0.153	0.23	0.259	-298.7	-357	-323.6	NA	1.3	0.417	0.551	2.382	25.05	23	22.3	22.15	22.1	0.471
2025-11-22 19:00:00	-92.3536	30.1784	0	36.3	27.3	83.2282910084423	101.68	3.02	668.5	2.98	296.7	0	0	6.53	0.6	0	0.086	0.169	0.152	0.23	0.259	-296.3	-358.4	-325	NA	1.297	0.418	0.55	2.381	25.5	23.1	22.35	22.15	22.1	0.461
2025-11-22 19:15:00	-92.3536	30.1784	0	34.06	26.5	83.79350053958116	101.66	2.901	528.2	2.95	309.6	0	0	4.52	0.55	0	0.086	0.169	0.153	0.23	0.259	-296	-360	-327.2	NA	1.299	0.417	0.549	2.387	25.75	23.2	22.35	22.15	22.1	0.479
2025-11-22 19:30:00	-92.3536	30.1784	0	30.49	26.2	80.26138494066157	101.66	2.73	258.3	2.24	289.3	0	0	4.24	0.68	0	0.086	0.169	0.153	0.23	0.259	-295.4	-361.5	-328.8	NA	1.301	0.42	0.551	2.381	25.85	23.4	22.4	22.15	22.1	0.524
2025-11-22 19:45:00	-92.3536	30.1784	0	30.15	26	81.03670268976484	101.65	2.724	303.7	3.18	317.6	0	0	5.61	0.64	0	0.086	0.169	0.153	0.23	0.259	-296	-362.6	-330.1	NA	1.304	0.418	0.551	2.381	25.85	23.5	22.4	22.15	22.1	0.517
2025-11-22 20:00:00	-92.3536	30.1784	0	30.03	26.1	80.14522404866341	101.64	2.71	295.7	3.12	332.7	0	0	5.36	0.67	0	0.086	0.169	0.153	0.23	0.259	-297.8	-363.8	-332.7	NA	1.306	0.419	0.551	2.382	25.85	23.6	22.4	22.15	22.1	0.514
2025-11-22 20:15:00	-92.3536	30.1784	0	31.72	26.4	80.01751588586671	101.63	2.754	389.2	2.69	309	0	0	4.85	0.69	0	0.086	0.169	0.152	0.23	0.259	-300.1	-366.4	-333.7	NA	1.302	0.419	0.551	2.387	25.8	23.7	22.5	22.15	22.1	0.499
2025-11-22 20:30:00	-92.3536	30.1784	0	31.89	26.7	78.44551175338913	101.61	2.748	370.9	2.19	303.8	0	0	4.61	0.76	0	0.086	0.169	0.152	0.23	0.259	-302.2	-367.8	-336.4	NA	1.302	0.418	0.551	2.382	25.8	23.8	22.5	22.15	22.1	0.497
2025-11-22 20:45:00	-92.3536	30.1784	0	29.84	26.8	76.42492341033626	101.61	2.693	248	2.75	297.8	0	0	4.09	0.82	0	0.086	0.169	0.152	0.23	0.259	-306.3	-369.1	-338.1	NA	1.301	0.416	0.55	2.387	25.85	23.8	22.5	22.2	22.1	0.516
2025-11-22 21:00:00	-92.3536	30.1784	0	30.97	26.9	76.09021727273505	101.62	2.697	324.4	2.99	285.6	0	0	5.18	0.84	0	0.086	0.168	0.152	0.23	0.259	-307.5	-371	-340	NA	1.305	0.416	0.55	2.387	25.85	23.9	22.6	22.2	22.1	0.504
2025-11-22 21:15:00	-92.3536	30.1784	0	27.68	26.4	75.51398830332884	101.63	2.599	124	2.77	292.3	0	0	4.71	0.85	0	0.086	0.169	0.152	0.23	0.259	-308.5	-372.2	-342.1	NA	1.303	0.418	0.55	2.387	25.85	24	22.6	22.2	22.1	0.672
2025-11-22 21:30:00	-92.3536	30.1784	0	27.44	26.3	75.31752016755598	101.63	2.577	143.6	3	306	0	0	6.48	0.85	0	0.086	0.169	0.153	0.23	0.259	-311.6	-374.1	-344.2	NA	1.303	0.42	0.551	2.387	25.75	24	22.6	22.2	22.1	0.643
2025-11-22 21:45:00	-92.3536	30.1784	0	27.13	26.3	75.14215923585039	101.63	2.571	148.7	3.26	308.3	0	0	4.87	0.84	0	0.086	0.169	0.152	0.23	0.259	-314.8	-375.6	-345.2	NA	1.3	0.42	0.55	2.387	25.65	24.1	22.65	22.2	22.1	0.574
2025-11-22 22:00:00	-92.3536	30.1784	0	26.48	26.4	73.59635720366752	101.63	2.533	109.8	3.04	302.7	0	0	4.41	0.91	0	0.086	0.169	0.153	0.23	0.259	-318.6	-378.1	-347.1	NA	1.303	0.42	0.551	2.387	25.5	24.1	22.7	22.2	22.1	0.564
2025-11-22 22:15:00	-92.3536	30.1784	0	25.61	26.3	71.57648695783647	101.63	2.449	82.9	2.97	310.2	0	0	4.77	0.97	0	0.086	0.169	0.152	0.23	0.259	-320.8	-378.8	-349.1	NA	1.306	0.421	0.551	2.387	25.35	24.1	22.75	22.2	22.1	0.576
2025-11-22 22:30:00	-92.3536	30.1784	0	24.54	25.9	69.12814297473203	101.64	2.31	52.2	3.61	320	0	0	4.96	1.02	0	0.086	0.169	0.152	0.23	0.259	-325	-380.4	-351.4	NA	1.302	0.419	0.548	2.387	25.2	24.1	22.75	22.2	22.1	0.534
2025-11-22 22:45:00	-92.3536	30.1784	0	23.47	25.4	68.67974694634728	101.66	2.228	28.7	3.38	317.5	0	0	4.92	1.01	0	0.086	0.169	0.153	0.23	0.259	-328.2	-381.8	-353	NA	1.302	0.42	0.551	2.393	24.950000000000003	24.1	22.8	22.25	22.1	0.567
2025-11-22 23:00:00	-92.3536	30.1784	0	22.53	25	68.24973823294553	101.67	2.162	13.9	2.94	324.4	0	0	4.26	0.99	0	0.086	0.169	0.152	0.23	0.259	-331.7	-384.1	-356	NA	1.302	0.42	0.549	2.387	24.75	24.1	22.85	22.25	22.1	0.709
2025-11-22 23:15:00	-92.3536	30.1784	0	21.68	24.4	68.35033706181969	101.69	2.089	1.6	2.84	328.2	0	0	4.35	0.97	0	0.086	0.169	0.152	0.23	0.259	-335.7	-385.4	-357.9	NA	1.301	0.42	0.549	2.387	24.55	24.1	22.85	22.25	22.1	0.811
2025-11-22 23:30:00	-92.3536	30.1784	0	20.72	23.8	68.75184989952372	101.71	2.027	0	2.02	340.1	0	0	3.47	0.91	0	0.086	0.169	0.152	0.23	0.259	-338.8	-387.5	-359.5	NA	1.301	0.42	0.551	2.387	24.3	24.1	22.9	22.25	22.1	NA
2025-11-22 23:45:00	-92.3536	30.1784	0	20.04	23.1	70.65337064329977	101.73	1.997	0	1.73	338.2	0	0	2.65	0.83	0	0.086	0.169	0.152	0.23	0.259	-342.8	-389	-361.2	NA	1.299	0.42	0.549	2.381	24.1	24	22.9	22.25	22.1	NA
2025-11-23 00:00:00	-92.3536	30.1784	0	19.31	22.5	72.27799228414844	101.75	1.97	0	1.41	328.9	0	0	1.9	0.75	0	0.086	0.169	0.153	0.23	0.259	-344.9	-390.7	-361.5	NA	1.3	0.42	0.549	2.387	23.9	24	22.95	22.25	22.1	1
2025-11-23 00:15:00	-92.3536	30.1784	0	19.14	22.2	72.41249584786898	101.78	1.938	0	1.55	322.3	0	0	2.2	0.73	0	0.086	0.169	0.153	0.23	0.259	-349	-393.4	-363.6	NA	1.297	0.42	0.549	2.387	23.700000000000003	23.9	22.95	22.25	22.1	1
2025-11-23 00:30:00	-92.3536	30.1784	0	18.75	21.9	72.49247820717727	101.8	1.905	0	1.35	323.4	0	0	2.1	0.73	0	0.086	0.169	0.153	0.23	0.259	-350.7	-395.2	-366.1	NA	1.297	0.419	0.551	2.387	23.549999999999997	23.8	22.95	22.25	22.1	1
2025-11-23 00:45:00	-92.3536	30.1784	0	18.32	21.4	73.80028634697945	101.83	1.881	0	1.24	332.3	0	0	1.97	0.67	0	0.086	0.169	0.152	0.23	0.259	-351.9	-395.7	-367.4	NA	1.297	0.418	0.549	2.381	23.35	23.8	23	22.25	22.1	1
2025-11-23 01:00:00	-92.3536	30.1784	0	18	21.1	74.41086470222822	101.85	1.862	0	1.19	337.2	0	0	1.81	0.63	0	0.086	0.169	0.152	0.23	0.259	-355	-397.7	-369.7	NA	1.298	0.42	0.551	2.387	23.2	23.7	23	22.25	22.1	1
2025-11-23 01:15:00	-92.3536	30.1784	0	17.32	20.9	74.4810385579804	101.87	1.841	0	0.94	343	0	0	1.19	0.63	0	0.086	0.169	0.152	0.23	0.259	-358.7	-400.8	-371.4	NA	1.295	0.418	0.551	2.381	23	23.6	23	22.25	22.1	1
2025-11-23 01:30:00	-92.3536	30.1784	0	17.42	20.9	74.15738385484957	101.88	1.833	0	1.08	332.9	0	0	2.12	0.64	0	0.086	0.169	0.152	0.23	0.259	-360.3	-402.2	-373.8	NA	1.296	0.419	0.549	2.387	22.85	23.6	23	22.25	22.1	1
2025-11-23 01:45:00	-92.3536	30.1784	0	17.19	20.4	77.35280153658405	101.89	1.854	0	0.79	7.2	0	0	1.26	0.55	0	0.086	0.169	0.152	0.23	0.259	-363.9	-403.6	-375	NA	1.296	0.419	0.549	2.381	22.75	23.5	23	22.25	22.1	1
2025-11-23 02:00:00	-92.3536	30.1784	0	16.6	20.2	77.76504042584932	101.88	1.841	0	0.46	11.8	0	0	0.8	0.52	0	0.086	0.169	0.152	0.23	0.259	-366.7	-406.3	-377.5	NA	1.29	0.42	0.549	2.387	22.55	23.4	23	22.25	22.1	1
2025-11-23 02:15:00	-92.3536	30.1784	0	17.22	20.5	76.2965875110792	101.88	1.84	0	1.32	358.4	0	0	1.77	0.57	0	0.086	0.169	0.152	0.23	0.259	-369.2	-408.9	-378.9	NA	1.291	0.419	0.551	2.381	22.45	23.4	23	22.25	22.1	1
2025-11-23 02:30:00	-92.3536	30.1784	0	16.79	19.8	80.8837196037639	101.89	1.868	0	1.29	340.6	0	0	1.64	0.43	0	0.086	0.169	0.152	0.23	0.259	-370.9	-411.9	-380.7	NA	1.294	0.419	0.549	2.381	22.35	23.3	23	22.25	22.1	1
2025-11-23 02:45:00	-92.3536	30.1784	0	16.47	19.3	82.18475211629602	101.89	1.84	0	1.18	344.3	0	0	1.66	0.39	0	0.086	0.169	0.153	0.23	0.259	-373.8	-414.4	-382.5	NA	1.295	0.419	0.549	2.381	22.25	23.2	23	22.3	22.1	1
2025-11-23 03:00:00	-92.3536	30.1784	0	17.29	19.1	83.44113468118496	101.9	1.845	0	0.9	318.7	0	0	1.51	0.37	0	0.086	0.169	0.152	0.23	0.259	-378.4	-415.1	-384.5	NA	1.295	0.417	0.549	2.381	22.1	23.1	23	22.3	22.1	1
2025-11-23 03:15:00	-92.3536	30.1784	0	15.62	18.9	83.5729150730785	101.92	1.825	0	0.61	292.6	0	0	0.87	0.36	0	0.086	0.169	0.153	0.23	0.259	-380.1	-417.7	-387.1	NA	1.292	0.416	0.549	2.381	22	23.1	23	22.3	22.1	1
2025-11-23 03:30:00	-92.3536	30.1784	0	15.03	18.5	83.9993926709147	101.92	1.789	0	0.45	253.7	0	0	0.82	0.34	0	0.086	0.169	0.152	0.23	0.259	-382.8	-419.9	-388.5	NA	1.293	0.414	0.551	2.381	21.9	23	22.95	22.3	22.1	1
2025-11-23 03:45:00	-92.3536	30.1784	0	14.71	18.8	81.42388705930595	101.92	1.767	0	0.66	269.7	0	0	1.1	0.4	0	0.086	0.169	0.152	0.23	0.259	-387.9	-422.7	-390.3	NA	1.293	0.415	0.549	2.381	21.8	22.9	22.9	22.3	22.1	1
2025-11-23 04:00:00	-92.3536	30.1784	0	15.14	19.2	79.19239511548453	101.93	1.762	0	1.18	267.9	0	0	1.66	0.46	0	0.086	0.169	0.152	0.23	0.259	-389.6	-423.6	-391.7	NA	1.293	0.416	0.551	2.386	21.7	22.9	22.9	22.3	22.1	1
2025-11-23 04:15:00	-92.3536	30.1784	0	14.64	18.6	82.77524146891302	101.93	1.774	0	0.51	251.4	0	0	1.39	0.37	0	0.086	0.169	0.152	0.23	0.259	-391.3	-426.8	-393.4	NA	1.288	0.416	0.549	2.381	21.549999999999997	22.8	22.9	22.3	22.1	1
2025-11-23 04:30:00	-92.3536	30.1784	0	14.67	18.4	83.01539875236627	101.92	1.757	0	0.85	351.1	0	0	1.21	0.36	0	0.086	0.169	0.152	0.23	0.259	-395.1	-428.1	-396.5	NA	1.289	0.417	0.549	2.387	21.450000000000003	22.8	22.9	22.3	22.1	1
2025-11-23 04:45:00	-92.3536	30.1784	0	15.52	18	86.48301055543955	101.92	1.785	0	1.35	340.5	0	0	1.86	0.28	0	0.086	0.169	0.152	0.23	0.259	-398.7	-430.6	-397.8	NA	1.288	0.417	0.551	2.386	21.35	22.7	22.85	22.3	22.1	1
2025-11-23 05:00:00	-92.3536	30.1784	0	15.23	18.2	84.44621317253998	101.92	1.765	0	1.26	310.5	0	0	2.01	0.32	0	0.086	0.169	0.152	0.23	0.259	-399.5	-433.9	-399.8	NA	1.289	0.415	0.55	2.381	21.25	22.6	22.85	22.35	22.1	1
2025-11-23 05:15:00	-92.3536	30.1784	0	15.24	18.4	83.39338577002076	101.91	1.765	0	1.38	319.6	0	0	2.11	0.35	0	0.087	0.169	0.152	0.23	0.259	-403	-436.6	-402.1	NA	1.287	0.417	0.55	2.387	21.15	22.6	22.8	22.35	22.1	1
2025-11-23 05:30:00	-92.3536	30.1784	0	13.63	18	83.5760186039962	101.91	1.725	0	0.75	303.1	0	0	1.16	0.34	0	0.087	0.169	0.152	0.23	0.259	-408.5	-438.7	-404.5	NA	1.29	0.416	0.549	2.386	21.049999999999997	22.5	22.8	22.35	22.1	1
2025-11-23 05:45:00	-92.3536	30.1784	0	14.8	18.3	81.82593709125966	101.91	1.721	0	1.67	327.4	0	0	3.46	0.38	0	0.087	0.169	0.152	0.23	0.259	-410.7	-442.2	-406.6	NA	1.288	0.416	0.55	2.386	20.950000000000003	22.4	22.75	22.35	22.1	1
2025-11-23 06:00:00	-92.3536	30.1784	0	15.37	18.3	80.87502556201781	101.9	1.701	0	2.72	348.5	0	0	4.01	0.4	0	0.087	0.169	0.152	0.23	0.259	-411.6	-443.6	-408	NA	1.288	0.416	0.549	2.386	20.85	22.4	22.75	22.4	22.1	1
2025-11-23 06:15:00	-92.3536	30.1784	0	15.01	18	80.08762826226419	101.92	1.653	0	2.55	349.7	0	0	3.99	0.41	0	0.087	0.169	0.152	0.23	0.259	-414.9	-444.6	-410.6	NA	1.289	0.416	0.549	2.386	20.75	22.3	22.75	22.4	22.1	1
2025-11-23 06:30:00	-92.3536	30.1784	0	14.86	17.6	80.04386095021816	101.93	1.611	0	2.74	352.6	0	0	4.31	0.4	0	0.087	0.169	0.152	0.23	0.259	-419.3	-447.5	-414.3	NA	1.286	0.416	0.55	2.381	20.65	22.2	22.7	22.4	22.1	1
2025-11-23 06:45:00	-92.3536	30.1784	0	14.64	17.3	80.05562440194197	101.93	1.581	0	2.74	6.6	0	0	4.4	0.39	0	0.087	0.169	0.152	0.23	0.259	-422.7	-448.8	-415.4	NA	1.283	0.414	0.55	2.381	20.549999999999997	22.2	22.65	22.4	22.1	1
2025-11-23 07:00:00	-92.3536	30.1784	0	14.32	17	80.2485650794831	101.93	1.555	0	2.58	8.4	0	0	4.65	0.38	0	0.087	0.169	0.152	0.23	0.259	-425.1	-452.2	-417.5	NA	1.287	0.414	0.55	2.392	20.450000000000003	22.1	22.65	22.4	22.1	1
2025-11-23 07:15:00	-92.3536	30.1784	0	14	16.7	80.31789226875541	101.93	1.527	0	2.64	6.6	0	0	4.05	0.38	0	0.087	0.169	0.152	0.23	0.259	-430.6	-453.3	-419.2	NA	1.287	0.414	0.55	2.381	20.35	22	22.65	22.4	22.1	1
2025-11-23 07:30:00	-92.3536	30.1784	0	13.86	16.4	80.68553809741282	101.94	1.505	0	2.86	7	0	0	4.94	0.36	0	0.087	0.169	0.152	0.23	0.259	-433.4	-455.8	-421	NA	1.288	0.414	0.552	2.387	20.25	22	22.6	22.4	22.1	1
2025-11-23 07:45:00	-92.3536	30.1784	0	13.38	16.1	80.71332681115899	101.94	1.477	0	2.29	12.6	0	0	3.73	0.35	0	0.087	0.169	0.152	0.23	0.259	-434.5	-459.6	-422.9	NA	1.285	0.413	0.55	2.386	20.200000000000003	21.9	22.55	22.4	22.1	1
2025-11-23 08:00:00	-92.3536	30.1784	0	13.21	15.8	81.38422108166155	101.95	1.461	0	2.59	5.7	0	0	3.62	0.33	0	0.087	0.169	0.152	0.23	0.259	-437.1	-460.9	-425.1	NA	1.282	0.414	0.552	2.386	20.049999999999997	21.9	22.55	22.4	22.1	1
2025-11-23 08:15:00	-92.3536	30.1784	0	13.26	15.6	82.32020093789974	101.94	1.459	0	3.22	357.1	0	0	5.03	0.31	0	0.087	0.169	0.152	0.23	0.259	-441.2	-463.1	-425.6	NA	1.282	0.413	0.552	2.381	20	21.8	22.5	22.4	22.1	1
2025-11-23 08:30:00	-92.3536	30.1784	0	13.19	15.4	82.86842210691484	101.94	1.45	0	3.6	NA	0	0	5.04	0.3	0	0.087	0.169	0.152	0.23	0.259	-446.9	-466.4	-428.9	NA	1.285	0.412	0.551	2.386	19.9	21.8	22.45	22.4	22.1	1
2025-11-23 08:45:00	-92.3536	30.1784	0	12.84	15.2	83.18721721182094	101.96	1.437	0	2.75	4	0	0	4	0.29	0	0.087	0.169	0.152	0.23	0.259	-450.8	-468.5	-430.3	NA	1.278	0.413	0.55	2.386	19.799999999999997	21.7	22.45	22.4	22.1	1
2025-11-23 09:00:00	-92.3536	30.1784	0	12.54	14.9	83.86459192534394	101.96	1.421	0	2.52	5	0	0	3.55	0.28	0	0.087	0.169	0.152	0.23	0.259	-457.1	-471.4	-432.9	NA	1.278	0.41	0.552	2.387	19.6	21.6	22.45	22.4	22.1	1
2025-11-23 09:15:00	-92.3536	30.1784	0	12.1	14.6	84.66099357349654	101.95	1.407	0	1.82	9.2	0	0	3.02	0.26	0	0.087	0.169	0.152	0.23	0.259	-459.5	-473.7	-435	NA	1.278	0.411	0.55	2.381	19.6	21.6	22.35	22.4	22.1	1
2025-11-23 09:30:00	-92.3536	30.1784	0	11.52	14.4	84.66536314737705	101.96	1.389	0	1.42	4.2	0	0	2.12	0.25	0	0.087	0.169	0.152	0.23	0.259	-460.5	-476.4	-436.7	NA	1.279	0.41	0.552	2.386	19.45	21.5	22.35	22.4	22.1	1
2025-11-23 09:45:00	-92.3536	30.1784	0	11.44	14.2	85.83047686943058	101.96	1.39	0	1.67	354	0	0	2.5	0.23	0	0.087	0.169	0.152	0.23	0.259	-460.6	-479.5	-438.8	NA	1.279	0.411	0.55	2.391	19.35	21.4	22.35	22.4	22.2	1
2025-11-23 10:00:00	-92.3536	30.1784	0	11.81	13.9	88.335643759685	101.95	1.403	0	2.05	353.2	0	0	2.49	0.18	0	0.087	0.169	0.152	0.23	0.259	-464.8	-481.5	-441.8	NA	1.279	0.412	0.55	2.385	19.25	21.4	22.25	22.4	22.2	1
2025-11-23 10:15:00	-92.3536	30.1784	0	11.44	13.7	89.04495886389037	101.95	1.396	0	1.62	353	0	0	2.08	0.17	0	0.087	0.169	0.152	0.23	0.26	-469.3	-483.6	-444	NA	1.277	0.411	0.55	2.379	19.15	21.3	22.25	22.4	22.2	1
2025-11-23 10:30:00	-92.3536	30.1784	0	10.2	13.5	88.98411300304645	101.96	1.377	0	1.08	350.2	0	0	1.95	0.17	0	0.087	0.169	0.152	0.23	0.259	-471.8	-486.6	-446.3	NA	1.274	0.411	0.552	2.385	19.05	21.2	22.25	22.4	22.2	1
2025-11-23 10:45:00	-92.3536	30.1784	0	9.12	13.5	87.04546130363367	101.96	1.347	0	1.1	349.3	0	0	2.06	0.2	0	0.087	0.169	0.152	0.23	0.259	-473.7	-489.5	-447.7	NA	1.28	0.41	0.551	2.385	18.95	21.2	22.15	22.4	22.2	1
2025-11-23 11:00:00	-92.3536	30.1784	0	9.5	13.4	88.3952001646849	101.97	1.359	0	1.23	346	0	0	2.02	0.18	0	0.087	0.169	0.152	0.23	0.259	-478.1	-491.5	-448.7	NA	1.278	0.409	0.551	2.385	18.85	21.1	22.15	22.4	22.2	1
2025-11-23 11:15:00	-92.3536	30.1784	0	9.56	13.1	89.4801732391124	101.98	1.349	0	1.5	346.6	0	0	1.83	0.15	0	0.087	0.169	0.152	0.23	0.259	-485.2	-494.6	-452	NA	1.275	0.409	0.552	2.385	18.75	21	22.15	22.4	22.2	1
2025-11-23 11:30:00	-92.3536	30.1784	0	9.86	13	90.46777431086593	101.98	1.355	0	1.49	4	0	0	2.03	0.15	0	0.087	0.169	0.152	0.23	0.259	-486.7	-497.3	-454.7	NA	1.27	0.413	0.552	2.391	18.7	21	22.05	22.4	22.2	1
2025-11-23 11:45:00	-92.3536	30.1784	0	10.35	13.1	90.93944960031364	102.01	1.371	0	1.7	NA	0	0	2.34	0.13	0	0.087	0.169	0.152	0.23	0.26	-489	-499.8	-456.8	NA	1.273	0.411	0.553	2.385	18.6	20.9	22.05	22.4	22.2	1
2025-11-23 12:00:00	-92.3536	30.1784	0	10.74	12.9	92.94345337838898	102.02	1.383	0	2.07	352.6	0	0	2.62	0.11	0	0.087	0.169	0.152	0.23	0.259	-492	-501.9	-460.3	NA	1.273	0.41	0.552	2.385	18.5	20.9	22.05	22.4	22.2	1
2025-11-23 12:15:00	-92.3536	30.1784	0	10.38	12.5	93.89566905613046	102.02	1.361	0	2.02	345.4	0	0	2.82	0.09	0	0.087	0.169	0.152	0.23	0.26	-497	-505	-462.5	NA	1.277	0.409	0.55	2.385	18.4	20.8	21.95	22.4	22.2	1
2025-11-23 12:30:00	-92.3536	30.1784	0	10.12	12.1	95.05332223218873	102.03	1.342	0	1.96	332.8	0	0	2.6	0.07	0	0.087	0.169	0.152	0.23	0.259	-501.1	-507.7	-464.2	NA	1.274	0.407	0.552	2.385	18.3	20.7	21.95	22.4	22.2	1
2025-11-23 12:45:00	-92.3536	30.1784	0	10.48	12.3	93.18085291368536	102.04	1.333	0	2.01	352.6	0	0	3.29	0.1	0	0.087	0.169	0.152	0.23	0.259	-501.8	-508.2	-464.9	NA	1.271	0.407	0.549	2.385	18.25	20.7	21.95	22.4	22.2	0.985
2025-11-23 13:00:00	-92.3536	30.1784	0	11.47	12.8	94.02767811391628	102.05	1.39	10.8	2.6	0.2	0	0	3.65	0.09	0	0.087	0.169	0.152	0.23	0.259	-505.4	-512.9	-468.4	NA	1.272	0.408	0.553	2.385	18.15	20.6	21.85	22.4	22.2	0.904
2025-11-23 13:15:00	-92.3536	30.1784	0	12.18	13.2	94.69655017847708	102.06	1.437	22.4	2.72	6	0	0	3.8	0.08	0	0.087	0.169	0.152	0.23	0.259	-511.3	-516.3	-470.5	NA	1.272	0.409	0.552	2.39	18.1	20.5	21.85	22.4	22.2	0.806
2025-11-23 13:30:00	-92.3536	30.1784	0	12.88	13.4	95.94033866292142	102.08	1.475	47.8	2.74	6.3	0	0	4.08	0.06	0	0.087	0.169	0.152	0.23	0.26	-516.5	-518.8	-472.6	NA	1.273	0.41	0.55	2.385	18.05	20.5	21.85	22.4	22.2	0.743
2025-11-23 13:45:00	-92.3536	30.1784	0	13.73	13.6	97.65158900216979	102.09	1.521	96.3	2.85	10.5	0	0	4.18	0.04	0	0.087	0.169	0.152	0.23	0.26	-518.2	-521.2	-476	NA	1.276	0.409	0.55	2.384	18.05	20.4	21.75	22.4	22.2	0.668
2025-11-23 14:00:00	-92.3536	30.1784	0	14.88	14	97.77275421031236	102.1	1.563	149.9	2.51	16.4	0	0	3.85	0.04	0	0.087	0.169	0.152	0.23	0.259	-518.7	-526	-477	NA	1.271	0.408	0.55	2.385	18.05	20.4	21.75	22.4	22.2	0.608
2025-11-23 14:15:00	-92.3536	30.1784	0	15.84	14.5	96.23192625062826	102.13	1.589	195.3	2.82	16.2	0	0	4.49	0.06	0	0.087	0.169	0.152	0.23	0.259	-520.6	-528	-479.5	NA	1.271	0.408	0.549	2.39	18.1	20.3	21.75	22.4	22.2	0.575
2025-11-23 14:30:00	-92.3536	30.1784	0	16.86	15.1	93.512046379048	102.14	1.605	235.6	3.35	14.1	0	0	5	0.11	0	0.087	0.169	0.152	0.23	0.26	-524.8	-530.3	-482.2	NA	1.271	0.409	0.55	2.379	18.15	20.3	21.65	22.4	22.2	0.555
2025-11-23 14:45:00	-92.3536	30.1784	0	17.68	15.6	91.74273250515762	102.13	1.626	283.7	3.6	23.4	0	0	6	0.15	0	0.087	0.169	0.152	0.23	0.26	-529	-533.3	-483.7	NA	1.272	0.408	0.552	2.385	18.2	20.2	21.65	22.35	22.2	0.539
2025-11-23 15:00:00	-92.3536	30.1784	0	19.02	16.2	89.91960354622294	102.14	1.656	332.3	3.11	31.1	0	0	4.94	0.18	0	0.087	0.169	0.152	0.23	0.259	-533	-536.3	-486.4	NA	1.272	0.408	0.55	2.39	18.35	20.2	21.6	22.35	22.2	0.527
2025-11-23 15:15:00	-92.3536	30.1784	0	19.58	16.4	88.35200450799755	102.14	1.648	377.1	3.92	30.2	0	0	5.99	0.22	0	0.087	0.169	0.152	0.23	0.26	-535.7	-539.8	-488.9	NA	1.272	0.408	0.549	2.384	18.5	20.2	21.55	22.35	22.2	0.516
2025-11-23 15:30:00	-92.3536	30.1784	0	21.24	17.2	84.89493569175085	102.15	1.666	419.6	3.41	36.3	0	0	5.21	0.3	0	0.087	0.169	0.152	0.23	0.26	-536.7	-541.5	-491	NA	1.272	0.408	0.55	2.385	18.65	20.2	21.55	22.35	22.2	0.506
2025-11-23 15:45:00	-92.3536	30.1784	0	22.05	17.9	81.2267989033903	102.15	1.666	459	3.81	44.4	0	0	6.09	0.38	0	0.087	0.169	0.152	0.23	0.26	-536.9	-543.6	-494	NA	1.276	0.409	0.55	2.384	18.9	20.2	21.5	22.35	22.2	0.496
2025-11-23 16:00:00	-92.3536	30.1784	0	23.15	17.9	81.27555448496497	102.13	1.667	490.9	3.63	39.7	0	0	6.94	0.38	0	0.087	0.169	0.152	0.23	0.259	-538.5	-545.5	-495.6	NA	1.275	0.407	0.55	2.39	19.1	20.2	21.45	22.35	22.2	0.489
2025-11-23 16:15:00	-92.3536	30.1784	0	24.44	18.6	78.43584042234654	102.11	1.681	516.1	3.68	52.6	0	0	6.92	0.45	0	0.087	0.169	0.152	0.23	0.259	-539	-548.3	-497.5	NA	1.273	0.409	0.549	2.39	19.4	20.2	21.45	22.35	22.2	0.483
2025-11-23 16:30:00	-92.3536	30.1784	0	25.57	18.9	77.29922227033234	102.09	1.688	533.2	3.5	50.6	0	0	6.74	0.49	0	0.087	0.169	0.152	0.23	0.26	-540.6	-553.3	-501.6	NA	1.276	0.409	0.552	2.385	19.6	20.3	21.4	22.35	22.2	0.478
2025-11-23 16:45:00	-92.3536	30.1784	0	27.31	19.6	74.6600477811724	102.08	1.703	545.2	3.13	57.4	0	0	7.27	0.57	0	0.087	0.169	0.152	0.23	0.26	-540.6	-555.8	-503.5	NA	1.275	0.409	0.55	2.385	19.9	20.3	21.35	22.35	22.2	0.472
2025-11-23 17:00:00	-92.3536	30.1784	0	27.94	19.8	72.91658662352162	102.06	1.684	553.3	2.89	46.7	0	0	6.13	0.62	0	0.086	0.169	0.152	0.23	0.26	-539.9	-557.8	-506.1	NA	1.275	0.409	0.55	2.385	20.15	20.4	21.35	22.35	22.2	0.464
2025-11-23 17:15:00	-92.3536	30.1784	0	28.29	20.1	70.38436877038268	102.02	1.656	549.4	3.21	41.3	0	0	6.63	0.7	0	0.086	0.169	0.152	0.23	0.26	-538	-560.7	-507.3	NA	1.278	0.407	0.549	2.384	20.45	20.4	21.35	22.35	22.2	0.454
2025-11-23 17:30:00	-92.3536	30.1784	0	29.48	20.3	68.80601059556119	102	1.639	538.3	2.65	42.4	0	0	5.34	0.75	0	0.086	0.169	0.152	0.23	0.26	-537.6	-561.7	-510.7	NA	1.278	0.409	0.549	2.384	20.799999999999997	20.5	21.35	22.35	22.2	0.442
2025-11-23 17:45:00	-92.3536	30.1784	0	29.99	20.8	65.822244313818	101.96	1.617	533.6	2.68	43.5	0	0	6.01	0.84	0	0.086	0.169	0.152	0.23	0.26	-534.8	-564.4	-513.6	NA	1.277	0.409	0.549	2.384	21.1	20.6	21.299999999999997	22.35	22.2	0.482
2025-11-23 18:00:00	-92.3536	30.1784	0	30.45	21.2	64.86020620343388	101.94	1.633	542.2	2.54	46.3	0	0	5.08	0.88	0	0.086	0.169	0.152	0.23	0.26	-531.5	-567.5	-516.8	NA	1.277	0.409	0.55	2.384	21.45	20.7	21.25	22.299999999999997	22.2	0.503
2025-11-23 18:15:00	-92.3536	30.1784	0	30.82	21.4	63.285413013119545	101.92	1.613	563.4	2.3	16.6	0	0	5.92	0.94	0	0.086	0.169	0.152	0.23	0.26	-528	-570.4	-518.7	NA	1.274	0.408	0.55	2.384	21.799999999999997	20.8	21.25	22.299999999999997	22.2	0.497
2025-11-23 18:30:00	-92.3536	30.1784	0	31.04	21.9	61.11439370116888	101.89	1.606	571.4	2.33	8.5	0	0	4.1	1.02	0	0.086	0.169	0.152	0.23	0.26	-527.6	-573.7	-520.7	NA	1.279	0.41	0.55	2.384	22.2	20.9	21.25	22.299999999999997	22.2	0.494
2025-11-23 18:45:00	-92.3536	30.1784	0	31.38	22	59.79732016694939	101.88	1.581	573.9	1.91	17	0	0	3.97	1.07	0	0.086	0.169	0.152	0.23	0.259	-527	-574.8	-523.2	NA	1.281	0.41	0.549	2.385	22.5	21	21.25	22.299999999999997	22.2	0.493
2025-11-23 19:00:00	-92.3536	30.1784	0	31.3	22.3	58.0465917389277	101.87	1.563	570.4	2.02	8.2	0	0	4.4	1.13	0	0.086	0.169	0.152	0.23	0.26	-524.6	-579	-524.4	NA	1.281	0.409	0.55	2.39	22.8	21.2	21.25	22.299999999999997	22.2	0.489
2025-11-23 19:15:00	-92.3536	30.1784	0	30.85	22.4	57.32568330183773	101.86	1.553	562	2.17	2	0	0	4.28	1.15	0	0.086	0.169	0.152	0.23	0.259	-523.2	-581	-528.4	NA	1.283	0.409	0.55	2.385	22.85	21.3	21.25	22.299999999999997	22.2	0.479
2025-11-23 19:30:00	-92.3536	30.1784	0	30.87	22.8	56.20343153552737	101.82	1.56	550.7	1.89	12.6	0	0	5.21	1.21	0	0.086	0.169	0.152	0.23	0.26	-524.7	-582.6	-528.4	NA	1.285	0.409	0.55	2.39	22.75	21.5	21.3	22.299999999999997	22.2	0.472
2025-11-23 19:45:00	-92.3536	30.1784	0	30.1	23	55.277966936135385	101.78	1.553	504.3	2.07	39	0	0	4.44	1.26	0	0.086	0.169	0.152	0.23	0.26	-524.2	-584.5	-532.3	NA	1.285	0.409	0.55	2.39	22.9	21.6	21.3	22.299999999999997	22.2	0.472
2025-11-23 20:00:00	-92.3536	30.1784	0	27.92	22.9	54.64657448216701	101.75	1.526	372.6	1.65	37.9	0	0	3.42	1.26	0	0.086	0.169	0.152	0.23	0.26	-524.7	-587.2	-534.1	NA	1.285	0.41	0.55	2.39	23.1	21.7	21.35	22.299999999999997	22.2	0.488
2025-11-23 20:15:00	-92.3536	30.1784	0	27.59	23.1	54.02488581488169	101.73	1.527	378.2	2.16	49.5	0	0	4.51	1.3	0	0.086	0.169	0.152	0.23	0.26	-524.3	-591.4	-536.7	NA	1.287	0.411	0.551	2.39	23.15	21.8	21.35	22.25	22.2	0.485
2025-11-23 20:30:00	-92.3536	30.1784	0	25.86	23	52.71517645358437	101.73	1.481	287.7	1.75	46.4	0	0	4	1.32	0	0.086	0.169	0.152	0.23	0.26	-525	-593.9	-538.9	NA	1.286	0.411	0.551	2.39	23.2	21.9	21.4	22.25	22.2	0.481
2025-11-23 20:45:00	-92.3536	30.1784	0	26.04	22.9	53.17835065925165	101.75	1.485	282	1.5	356.6	0	0	3.1	1.3	0	0.086	0.169	0.152	0.23	0.26	-525.2	-594.6	-541	NA	1.286	0.413	0.548	2.384	23.15	21.9	21.4	22.25	22.2	0.479
2025-11-23 21:00:00	-92.3536	30.1784	0	24.87	23	52.14566745746191	101.79	1.465	229.4	1.69	322.9	0	0	2.99	1.34	0	0.086	0.169	0.152	0.23	0.26	-529	-597.3	-542.7	NA	1.288	0.413	0.549	2.39	23.1	22	21.4	22.200000000000003	22.2	0.484
2025-11-23 21:15:00	-92.3536	30.1784	0	23.76	22.8	51.55584008162799	101.82	1.431	190.2	1.74	318.8	0	0	3.13	1.35	0	0.086	0.169	0.152	0.23	0.26	-534.2	-599.2	-546.8	NA	1.288	0.414	0.551	2.384	23	22.1	21.5	22.200000000000003	22.2	0.492
2025-11-23 21:30:00	-92.3536	30.1784	0	22.9	22.9	50.95810975630647	101.83	1.423	151	1.21	323.5	0	0	2.72	1.37	0	0.086	0.168	0.152	0.23	0.26	-538.4	-602.1	-548	NA	1.287	0.413	0.549	2.379	22.9	22.1	21.5	22.200000000000003	22.2	0.496
2025-11-23 21:45:00	-92.3536	30.1784	0	21.1	22.7	51.36176408187853	101.83	1.417	98.8	1.38	341.5	0	0	2.19	1.34	0	0.086	0.168	0.152	0.23	0.26	-541.1	-603.5	-551.7	NA	1.286	0.416	0.548	2.384	22.75	22.1	21.5	22.200000000000003	22.2	0.5
2025-11-23 22:00:00	-92.3536	30.1784	0	20.8	22.3	53.292936113474894	101.81	1.435	104	1.22	347.7	0	0	1.93	1.25	0	0.086	0.168	0.152	0.23	0.26	-546.8	-606.5	-554.1	NA	1.286	0.415	0.549	2.384	22.65	22.2	21.5	22.200000000000003	22.2	0.506
2025-11-23 22:15:00	-92.3536	30.1784	0	19.84	21.9	55.44437834533191	101.78	1.457	78	1.33	16.9	0	0	2.63	1.17	0	0.086	0.168	0.152	0.23	0.26	-555.5	-609.4	-556.5	NA	1.283	0.416	0.549	2.379	22.450000000000003	22.2	21.6	22.200000000000003	22.2	0.513
2025-11-23 22:30:00	-92.3536	30.1784	0	19.17	21.5	57.71286143524561	101.78	1.48	56.3	1.26	335.8	0	0	2.03	1.08	0	0.086	0.168	0.152	0.23	0.26	-558.3	-609.2	-558.9	NA	1.284	0.415	0.548	2.389	22.3	22.2	21.6	22.200000000000003	22.2	0.508
2025-11-23 22:45:00	-92.3536	30.1784	0	18.2	20.9	60.64479999913777	101.76	1.499	33.7	1.39	357.4	0	0	2.07	0.98	0	0.086	0.168	0.152	0.23	0.26	-564.7	-613	-561.7	NA	1.287	0.414	0.551	2.384	22.15	22.2	21.6	22.200000000000003	22.2	0.506
2025-11-23 23:00:00	-92.3536	30.1784	0	17.02	20.3	63.096664993977086	101.74	1.503	11.9	1.48	13.5	0	0	2.06	0.88	0	0.086	0.168	0.152	0.23	0.26	-571.1	-615.6	-564.3	NA	1.287	0.415	0.549	2.384	21.950000000000003	22.1	21.65	22.200000000000003	22.2	0.508
2025-11-23 23:15:00	-92.3536	30.1784	0	16.47	19.8	64.8195547359928	101.75	1.497	0	1.57	336.7	0	0	2	0.81	0	0.086	0.168	0.152	0.23	0.26	-574.9	-615.7	-568.3	NA	1.287	0.413	0.549	2.384	21.799999999999997	22.1	21.65	22.200000000000003	22.2	NA
2025-11-23 23:30:00	-92.3536	30.1784	0	16.15	19.2	67.37196383547749	101.74	1.499	0	1.47	5.3	0	0	1.99	0.72	0	0.086	0.168	0.152	0.23	0.26	-584.4	-617.3	-568.6	NA	1.289	0.412	0.549	2.389	21.65	22.1	21.7	22.200000000000003	22.2	NA
2025-11-23 23:45:00	-92.3536	30.1784	0	16.13	19.3	66.95377359909116	101.73	1.499	0	1.6	9.6	0	0	2.15	0.73	0	0.086	0.168	0.152	0.23	0.26	-592.6	-621.7	-571.6	NA	1.283	0.412	0.549	2.39	21.45	22	21.7	22.200000000000003	22.2	NA
2025-11-24 00:00:00	-92.3536	30.1784	0	15.33	18.9	68.78165393959667	101.75	1.502	0	1.37	342.8	0	0	2.01	0.68	0	0.086	0.169	0.152	0.23	0.26	-598	-623.9	-575.2	NA	1.283	0.412	0.551	2.384	21.299999999999997	22	21.7	22.200000000000003	22.2	NA
2025-11-24 00:15:00	-92.3536	30.1784	0	14.16	18.1	71.30467658748975	101.77	1.481	0	0.9	317	0	0	1.45	0.59	0	0.086	0.169	0.152	0.23	0.26	-607.8	-625.5	-576.9	NA	1.279	0.412	0.549	2.389	21.15	21.9	21.7	22.200000000000003	22.2	NA
2025-11-24 00:30:00	-92.3536	30.1784	0	13.74	17.8	72.17236186191238	101.79	1.471	0	0.84	324.8	0	0	1.24	0.57	0	0.086	0.169	0.152	0.23	0.26	-613.9	-630.2	-579.6	NA	1.28	0.413	0.548	2.39	20.950000000000003	21.9	21.7	22.200000000000003	22.2	NA
2025-11-24 00:45:00	-92.3536	30.1784	0	13.5	17.6	73.48533230625243	101.79	1.479	0	0.97	350.6	0	0	1.5	0.54	0	0.086	0.169	0.152	0.23	0.26	-622.2	-631.5	-584	NA	1.283	0.411	0.548	2.39	20.8	21.8	21.75	22.200000000000003	22.2	NA
2025-11-24 01:00:00	-92.3536	30.1784	0	13.69	17.4	75.3246511748848	101.79	1.497	0	1.17	335.9	0	0	1.5	0.5	0	0.086	0.169	0.152	0.23	0.26	-630.8	-634	-584.8	NA	1.28	0.412	0.551	2.389	20.65	21.8	21.75	22.200000000000003	22.2	NA
2025-11-24 01:15:00	-92.3536	30.1784	0	13.25	16.8	77.71889271366565	101.78	1.487	0	0.84	351.8	0	0	1.27	0.43	0	0.086	0.169	0.152	0.23	0.26	-633.4	-636.9	-588	NA	1.28	0.413	0.551	2.389	20.55	21.7	21.75	22.1	22.2	NA
2025-11-24 01:30:00	-92.3536	30.1784	0	13.58	16.9	78.16218211739117	101.76	1.505	0	0.96	79.7	0	0	1.64	0.42	0	0.086	0.169	0.152	0.23	0.26	-636.6	-638.8	-590.5	NA	1.278	0.413	0.549	2.389	20.35	21.6	21.75	22.1	22.2	1
2025-11-24 01:45:00	-92.3536	30.1784	0	13.67	16.9	80.23958230655771	101.77	1.545	0	0.79	21.8	0	0	1.53	0.38	0	0.086	0.169	0.152	0.23	0.26	-645.5	-641.9	-592.6	NA	1.278	0.414	0.551	2.389	20.25	21.6	21.75	22.1	22.2	1
2025-11-24 02:00:00	-92.3536	30.1784	0	14.34	17	80.8678466106431	101.78	1.567	0	1.38	1.8	0	0	1.84	0.38	0	0.086	0.169	0.152	0.23	0.26	-653	-644.5	-594.6	NA	1.278	0.413	0.549	2.389	20.1	21.5	21.7	22.1	22.2	1
2025-11-24 02:15:00	-92.3536	30.1784	0	14.31	17.2	79.6463292234133	101.79	1.563	0	1.45	24.5	0	0	2.1	0.39	0	0.086	0.169	0.152	0.23	0.26	-656.7	-646.7	-595.7	NA	1.278	0.413	0.548	2.389	20.05	21.5	21.7	22.1	22.2	1
2025-11-24 02:30:00	-92.3536	30.1784	0	13.37	16.7	80.52828622361791	101.8	1.531	0	1.29	47.4	0	0	2.29	0.37	0	0.086	0.169	0.152	0.23	0.26	-661.3	-649.2	-599.1	NA	1.276	0.413	0.551	2.39	19.9	21.4	21.7	22.1	22.2	1
2025-11-24 02:45:00	-92.3536	30.1784	0	13.46	16.5	80.38671564969631	101.81	1.509	0	1.67	48.8	0	0	2.48	0.37	0	0.086	0.169	0.152	0.23	0.26	-669.7	-651.6	-602.6	NA	1.276	0.413	0.549	2.389	19.9	21.3	21.7	22.1	22.2	1
2025-11-24 03:00:00	-92.3536	30.1784	0	12.97	15.8	82.8325371310272	101.81	1.487	0	1.62	57.6	0	0	3.11	0.3	0	0.086	0.169	0.152	0.23	0.26	-675.5	-656.3	-605.8	NA	1.277	0.412	0.55	2.384	19.7	21.3	21.7	22.1	22.2	1
2025-11-24 03:15:00	-92.3536	30.1784	0	13.09	15.5	84.0988496845203	101.81	1.481	0	1.61	46.1	0	0	2.48	0.28	0	0.086	0.169	0.152	0.23	0.26	-679.8	-657.8	-607.3	NA	1.277	0.41	0.551	2.384	19.65	21.2	21.7	22.1	22.2	1
2025-11-24 03:30:00	-92.3536	30.1784	0	13.74	15.7	84.26135606369827	101.79	1.503	0	2.18	43.6	0	0	3.3	0.28	0	0.086	0.169	0.152	0.23	0.26	-681.9	-662.5	-611.9	NA	1.275	0.412	0.549	2.384	19.549999999999997	21.2	21.7	22.1	22.2	1
2025-11-24 03:45:00	-92.3536	30.1784	0	13.85	15.5	86.25668647588542	101.79	1.519	0	1.78	51.2	0	0	2.58	0.24	0	0.086	0.169	0.152	0.23	0.26	-685.3	-662.5	-612.6	NA	1.272	0.411	0.55	2.384	19.450000000000003	21.1	21.7	22.1	22.2	1
2025-11-24 04:00:00	-92.3536	30.1784	0	14.14	15.6	86.15692037845983	101.78	1.527	0	1.88	46.5	0	0	3.1	0.24	0	0.086	0.169	0.152	0.23	0.26	-691.5	-665.1	-615.7	NA	1.27	0.411	0.55	2.384	19.35	21	21.65	22.1	22.2	1
2025-11-24 04:15:00	-92.3536	30.1784	0	14.3	15.6	86.83398851502926	101.75	1.539	0	2.51	50.4	0	0	3.94	0.23	0	0.086	0.169	0.152	0.23	0.26	-698.4	-669.4	-616.6	NA	1.273	0.413	0.55	2.39	19.3	21	21.65	22.1	22.2	1
2025-11-24 04:30:00	-92.3536	30.1784	0	13.97	15.5	87.61953076516866	101.75	1.543	0	2.52	63.1	0	0	4.15	0.22	0	0.086	0.169	0.152	0.23	0.26	-702.7	-673.1	-620.7	NA	1.276	0.411	0.548	2.389	19.3	20.9	21.6	22.1	22.2	1
2025-11-24 04:45:00	-92.3536	30.1784	0	13.23	14.9	89.53032086611313	101.74	1.517	0	1.88	60.4	0	0	3	0.18	0	0.086	0.169	0.152	0.23	0.26	-707.3	-676.1	-622.4	NA	1.276	0.411	0.548	2.384	19.2	20.9	21.6	22.1	22.2	1
2025-11-24 05:00:00	-92.3536	30.1784	0	13.3	14.9	88.70406872891762	101.72	1.503	0	2.35	68.5	0	0	4.11	0.19	0	0.086	0.169	0.152	0.23	0.26	-713.7	-679.5	-625.5	NA	1.274	0.409	0.55	2.389	19.1	20.8	21.6	22.1	22.2	1
2025-11-24 05:15:00	-92.3536	30.1784	0	13.48	14.8	89.6934755037995	101.71	1.51	0	2.33	65.7	0	0	3.67	0.17	0	0.086	0.169	0.152	0.23	0.26	-718.9	-682.8	-628.3	NA	1.274	0.409	0.549	2.384	19.1	20.8	21.55	22.1	22.2	1
2025-11-24 05:30:00	-92.3536	30.1784	0	13.69	14.7	90.33372863630623	101.7	1.511	0	2.24	59.6	0	0	3.49	0.16	0	0.086	0.169	0.152	0.23	0.26	-726.3	-683.9	-630.8	NA	1.272	0.409	0.549	2.384	19	20.7	21.55	22.1	22.2	1
2025-11-24 05:45:00	-92.3536	30.1784	0	13.61	14.7	90.81200119030387	101.69	1.519	0	2.41	62.3	0	0	3.66	0.15	0	0.086	0.169	0.152	0.23	0.26	-731.3	-689	-632	NA	1.275	0.409	0.547	2.384	18.950000000000003	20.7	21.5	22.1	22.2	1
2025-11-24 06:00:00	-92.3536	30.1784	0	13.49	14.6	91.15949201410609	101.69	1.515	0	1.9	57.6	0	0	3.09	0.14	0	0.086	0.169	0.152	0.23	0.26	-732.8	-692	-635.3	NA	1.275	0.409	0.547	2.389	18.9	20.6	21.5	22.1	22.2	1
2025-11-24 06:15:00	-92.3536	30.1784	0	12.96	14.4	91.49223188208275	101.69	1.501	0	1.67	58.8	0	0	2.62	0.14	0	0.086	0.169	0.152	0.23	0.26	-735	-695.8	-640.2	NA	1.275	0.411	0.547	2.389	18.85	20.6	21.45	22.1	22.2	1
2025-11-24 06:30:00	-92.3536	30.1784	0	12.68	14.2	91.75833714242722	101.69	1.486	0	1.6	56.6	0	0	2.49	0.13	0	0.086	0.169	0.152	0.23	0.26	-737.4	-697.4	-640	NA	1.273	0.41	0.548	2.389	18.8	20.5	21.45	22.1	22.2	1
2025-11-24 06:45:00	-92.3536	30.1784	0	12.26	13.9	92.6170577123996	101.69	1.471	0	1.14	52.8	0	0	1.68	0.12	0	0.086	0.169	0.152	0.23	0.26	-744.4	-701.1	-644.6	NA	1.273	0.409	0.547	2.389	18.7	20.5	21.45	22.1	22.2	1
2025-11-24 07:00:00	-92.3536	30.1784	0	12.02	13.6	93.60684862929884	101.69	1.458	0	1.04	49.4	0	0	1.46	0.1	0	0.086	0.169	0.152	0.23	0.26	-752.8	-702.4	-646.1	NA	1.273	0.409	0.547	2.389	18.7	20.5	21.4	22.1	22.2	1
2025-11-24 07:15:00	-92.3536	30.1784	0	12.07	13.5	93.50763363500961	101.69	1.447	0	1.19	49.2	0	0	1.72	0.1	0	0.086	0.169	0.152	0.23	0.26	-758.9	-708.1	-648.8	NA	1.27	0.41	0.548	2.384	18.6	20.4	21.35	22.1	22.2	1
2025-11-24 07:30:00	-92.3536	30.1784	0	12.26	13.5	93.76612052826464	101.69	1.451	0	1.21	48.6	0	0	1.99	0.09	0	0.086	0.169	0.152	0.23	0.26	-759.6	-710.2	-650.6	NA	1.271	0.409	0.547	2.389	18.549999999999997	20.4	21.35	22.1	22.2	1
2025-11-24 07:45:00	-92.3536	30.1784	0	12.67	13.6	94.18466868256614	101.69	1.467	0	1.45	46.2	0	0	2.51	0.09	0	0.086	0.169	0.152	0.23	0.26	-761.5	-713.5	-655.1	NA	1.271	0.408	0.55	2.389	18.450000000000003	20.3	21.35	22.1	22.2	1
2025-11-24 08:00:00	-92.3536	30.1784	0	12.71	13.7	94.27539341033666	101.69	1.478	0	1.28	32.2	0	0	2.06	0.08	0	0.086	0.169	0.152	0.23	0.26	-765.6	-715.1	-658.4	NA	1.274	0.409	0.547	2.389	18.4	20.3	21.3	22.1	22.2	1
2025-11-24 08:15:00	-92.3536	30.1784	0	12.37	13.6	94.95509542025583	101.69	1.479	0	1.24	41.2	0	0	1.76	0.08	0	0.086	0.169	0.152	0.23	0.26	-771.8	-718.6	-661.4	NA	1.271	0.41	0.547	2.389	18.35	20.2	21.25	22.1	22.2	1
2025-11-24 08:30:00	-92.3536	30.1784	0	11.72	13.2	95.75093069542602	101.68	1.453	0	1.01	53.5	0	0	1.45	0.07	0	0.086	0.169	0.152	0.23	0.26	-779.1	-720.3	-664.8	NA	1.272	0.41	0.547	2.383	18.3	20.2	21.25	22.1	22.2	1
2025-11-24 08:45:00	-92.3536	30.1784	0	11.91	13.2	95.0260440900236	101.67	1.442	0	1.29	59.2	0	0	2.1	0.07	0	0.086	0.169	0.152	0.23	0.26	-785.8	-725.8	-667.3	NA	1.272	0.407	0.546	2.389	18.3	20.2	21.25	22.1	22.2	1
2025-11-24 09:00:00	-92.3536	30.1784	0	12.17	13.3	95.25881412197025	101.66	1.455	0	1.48	63	0	0	2.39	0.07	0	0.086	0.169	0.152	0.23	0.26	-793	-724.6	-671.1	NA	1.272	0.407	0.548	2.389	18.25	20.1	21.2	22.1	22.2	1
2025-11-24 09:15:00	-92.3536	30.1784	0	12.25	13.2	96.21222217159118	101.66	1.46	0	1.23	55.5	0	0	1.73	0.06	0	0.086	0.169	0.152	0.23	0.26	-792.3	-729.1	-673.7	NA	1.269	0.408	0.547	2.39	18.15	20.1	21.15	22.1	22.2	1
2025-11-24 09:30:00	-92.3536	30.1784	0	12.52	13.5	95.12317671785358	101.67	1.472	0	1.56	69.8	0	0	3.16	0.08	0	0.086	0.169	0.152	0.23	0.26	-799.3	-733.2	-675.3	NA	1.269	0.408	0.55	2.389	18.15	20	21.15	22.1	22.2	1
2025-11-24 09:45:00	-92.3536	30.1784	0	12.73	13.6	96.1749377549312	101.68	1.498	0	1.75	66.6	0	0	3.31	0.06	0	0.086	0.169	0.152	0.23	0.26	-801.1	-736.2	-677.6	NA	1.27	0.408	0.549	2.384	18.1	20	21.15	22.1	22.2	1
2025-11-24 10:00:00	-92.3536	30.1784	0	12.48	13.4	96.78591452910311	101.67	1.488	0	1.44	63.4	0	0	2.6	0.05	0	0.086	0.169	0.152	0.23	0.26	-808	-738.7	-679.8	NA	1.27	0.408	0.549	2.384	18.049999999999997	20	21.15	22.1	22.2	1
2025-11-24 10:15:00	-92.3536	30.1784	0	12.67	13.5	96.41561118412876	101.65	1.492	0	1.72	71.7	0	0	2.65	0.06	0	0.086	0.169	0.152	0.23	0.26	-815.1	-739.3	-681.9	NA	1.268	0.408	0.55	2.389	18.049999999999997	19.9	21.05	22.1	22.2	1
2025-11-24 10:30:00	-92.3536	30.1784	0	12.74	13.6	96.75275780819845	101.64	1.507	0	1.58	78.9	0	0	2.53	0.05	0	0.086	0.169	0.152	0.23	0.26	-821.5	-744.4	-684.2	NA	1.268	0.407	0.548	2.384	18	19.9	21.05	22.1	22.2	1
2025-11-24 10:45:00	-92.3536	30.1784	0	13	13.6	97.13797117704331	101.62	1.513	0	1.27	69.4	0	0	2.55	0.04	0	0.086	0.169	0.152	0.23	0.26	-825.8	-746.1	-685.3	NA	1.263	0.408	0.549	2.389	17.950000000000003	19.8	21.05	22.1	22.2	1
2025-11-24 11:00:00	-92.3536	30.1784	0	14.38	14	96.89699057695064	101.61	1.549	0	1.69	76.3	0	0	3.31	0.05	0	0.086	0.169	0.152	0.23	0.26	-829.8	-748.9	-688.3	NA	1.266	0.407	0.55	2.389	17.950000000000003	19.8	21.05	22.1	22.2	1
2025-11-24 11:15:00	-92.3536	30.1784	0	14.79	14.3	97.73042464004651	101.59	1.593	0	2.74	87.9	0	0	4.25	0.04	0	0.086	0.169	0.152	0.23	0.26	-832.1	-752	-690.2	NA	1.265	0.409	0.55	2.389	18	19.8	20.95	22.1	22.2	1
2025-11-24 11:30:00	-92.3536	30.1784	0	14.93	14.5	97.68539776102165	101.6	1.613	0	2.77	82.3	0	0	4.18	0.03	0	0.086	0.169	0.152	0.23	0.26	-836	-755.1	-696.8	NA	1.266	0.407	0.55	2.384	18	19.8	20.95	22.1	22.2	1
2025-11-24 11:45:00	-92.3536	30.1784	0	15.04	14.5	98.41213351621833	101.6	1.625	0	2.7	74.4	0	0	4.53	0.03	0	0.086	0.169	0.152	0.23	0.26	-844.7	-758.4	-696.9	NA	1.266	0.41	0.548	2.384	18.05	19.7	20.95	22.049999999999997	22.2	1
2025-11-24 12:00:00	-92.3536	30.1784	0	15.02	14.6	97.89867558214561	101.58	1.627	0	3.3	79.9	0	0	5.01	0.03	0	0.086	0.169	0.152	0.23	0.26	-851.9	-759.1	-701.8	NA	1.266	0.408	0.548	2.378	18.1	19.7	20.95	22.049999999999997	22.2	1
2025-11-24 12:15:00	-92.3536	30.1784	0	15.1	14.7	97.98608950026865	101.6	1.639	0	3.22	83.3	0	0	5.73	0.03	0	0.086	0.169	0.152	0.23	0.26	-856.4	-764.9	-705.5	NA	1.269	0.407	0.547	2.384	18.15	19.7	20.85	22.049999999999997	22.2	1
2025-11-24 12:30:00	-92.3536	30.1784	0	15.31	14.9	97.20266214007141	101.62	1.647	0	2.18	78.6	0	0	4	0.04	0	0.086	0.169	0.152	0.23	0.26	-859.6	-770	-706.8	NA	1.272	0.407	0.547	2.378	18.2	19.7	20.85	22.049999999999997	22.2	1
2025-11-24 12:45:00	-92.3536	30.1784	0	15.55	15	97.45821515306051	101.63	1.662	0	1.86	72.8	0	0	3.68	0.04	0	0.086	0.169	0.152	0.23	0.26	-863.2	-771.3	-710.9	NA	1.27	0.405	0.55	2.383	18.25	19.7	20.85	22.049999999999997	22.2	1
2025-11-24 13:00:00	-92.3536	30.1784	0	15.65	15.2	97.19647717372814	101.63	1.679	0	2.9	79.1	0	0	4.84	0.04	0	0.086	0.169	0.152	0.23	0.26	-861.2	-775.3	-712.2	NA	1.273	0.403	0.549	2.384	18.25	19.7	20.85	22	22.2	0.989
2025-11-24 13:15:00	-92.3536	30.1784	0	15.85	15.3	97.3792222661343	101.62	1.693	6.1	3.02	90.1	0	0	4.57	0.05	0	0.086	0.169	0.152	0.23	0.26	-865	-777.5	-715.3	NA	1.27	0.404	0.548	2.389	18.299999999999997	19.6	20.799999999999997	22	22.2	0.971
2025-11-24 13:30:00	-92.3536	30.1784	0	16.18	15.5	97.27301114759167	101.62	1.713	20.3	3.04	101.5	0	0	5.53	0.05	0	0.086	0.169	0.152	0.23	0.26	-870.4	-780.7	-717.8	NA	1.273	0.405	0.549	2.384	18.299999999999997	19.6	20.75	22	22.2	0.929
2025-11-24 13:45:00	-92.3536	30.1784	0	16.68	15.6	97.83634573428249	101.63	1.734	44.6	2.84	96	0	0	4.77	0.04	0	0.086	0.169	0.152	0.23	0.26	-876.6	-783.2	-719.9	NA	1.27	0.407	0.546	2.384	18.4	19.6	20.75	22	22.2	0.87
2025-11-24 14:00:00	-92.3536	30.1784	0	17.85	16.2	97.90159733927534	101.64	1.803	110.2	2.35	84.1	0	0	3.53	0.04	0	0.086	0.169	0.152	0.23	0.26	-880.2	-789.6	-723.1	NA	1.271	0.405	0.546	2.384	18.45	19.6	20.75	22	22.2	0.761
2025-11-24 14:15:00	-92.3536	30.1784	0	18.15	16.6	97.18645593100622	101.67	1.836	83.9	2.1	56.8	0	0	3.52	0.05	0	0.086	0.169	0.152	0.23	0.26	-886.1	-788.9	-725.3	NA	1.27	0.408	0.546	2.384	18.55	19.6	20.75	22	22.2	0.806
2025-11-24 14:30:00	-92.3536	30.1784	0	18.44	16.7	97.04421168032336	101.67	1.845	101.3	2.61	75.5	0	0	3.85	0.06	0	0.086	0.169	0.152	0.23	0.26	-886.7	-791.9	-729.3	NA	1.271	0.407	0.547	2.383	18.6	19.6	20.75	22	22.2	0.767
2025-11-24 14:45:00	-92.3536	30.1784	0	19.53	17.2	96.46225285983456	101.65	1.893	159.7	2.69	102.2	0	0	4.27	0.07	0	0.086	0.169	0.152	0.23	0.26	-891.4	-794.5	-729.3	NA	1.267	0.407	0.547	2.383	18.75	19.7	20.65	22	22.2	0.686
2025-11-24 15:00:00	-92.3536	30.1784	0	22.02	18.4	97.00091840558221	101.63	2.053	309.2	3.41	109.7	0	0	5.81	0.07	0	0.086	0.169	0.152	0.23	0.26	-889.6	-797.1	-732.1	NA	1.27	0.409	0.544	2.383	18.9	19.7	20.65	22	22.2	0.564
2025-11-24 15:15:00	-92.3536	30.1784	0	23.43	19.4	95.25792205452564	101.61	2.146	338.7	3.33	112	0	0	5.57	0.1	0	0.086	0.168	0.152	0.23	0.26	-893.1	-802	-734.3	NA	1.268	0.408	0.546	2.383	19.1	19.7	20.65	22	22.2	0.53
2025-11-24 15:30:00	-92.3536	30.1784	0	25.18	20.5	91.55590501329505	101.62	2.208	378.4	3.29	108.9	0	0	6.64	0.2	0	0.086	0.169	0.152	0.23	0.26	-893.5	-803	-737.2	NA	1.27	0.409	0.545	2.389	19.299999999999997	19.7	20.65	22	22.2	0.509
2025-11-24 15:45:00	-92.3536	30.1784	0	26.57	21.5	87.85613298216781	101.62	2.253	415	3.54	108.5	0	0	6.18	0.3	0	0.086	0.168	0.152	0.23	0.26	-892.3	-808.9	-738.9	NA	1.27	0.408	0.545	2.389	19.5	19.8	20.65	21.950000000000003	22.2	0.492
2025-11-24 16:00:00	-92.3536	30.1784	0	27.52	22.2	84.33178696008272	101.6	2.257	448.6	3.77	121.7	0	0	6.44	0.41	0	0.086	0.168	0.152	0.23	0.26	-882.7	-810.6	-739.8	NA	1.273	0.409	0.547	2.389	19.85	19.8	20.65	21.950000000000003	22.2	0.484
2025-11-24 16:15:00	-92.3536	30.1784	0	28.86	22.9	82.07729273468335	101.59	2.292	471.9	3.49	125.6	0	0	6.08	0.49	0	0.086	0.168	0.152	0.23	0.26	-876	-811.3	-745.8	NA	1.273	0.408	0.546	2.383	20.1	19.8	20.65	21.950000000000003	22.2	0.475
2025-11-24 16:30:00	-92.3536	30.1784	0	30.09	23.4	80.92058974305729	101.59	2.329	504.3	3.43	118.9	0	0	5.81	0.54	0	0.086	0.168	0.152	0.23	0.26	-874	-814.9	-750.2	NA	1.272	0.409	0.545	2.383	20.4	19.9	20.65	21.950000000000003	22.2	0.468
2025-11-24 16:45:00	-92.3536	30.1784	0	30.8	23.7	79.94929720841797	101.58	2.343	518.1	3.55	116	0	0	5.9	0.59	0	0.086	0.168	0.152	0.23	0.26	-871.8	-817.5	-750.2	NA	1.272	0.408	0.547	2.383	20.75	20	20.65	21.950000000000003	22.2	0.461
2025-11-24 17:00:00	-92.3536	30.1784	0	31.83	24.4	77.21723095543058	101.56	2.36	522.2	3.47	138.8	0	0	6.63	0.7	0	0.086	0.168	0.152	0.23	0.26	-870.2	-821.5	-754.7	NA	1.275	0.407	0.547	2.389	21.1	20.1	20.6	21.950000000000003	22.2	0.454
2025-11-24 17:15:00	-92.3536	30.1784	0	31.22	24.8	75.96873184890822	101.54	2.378	465.9	3.78	139.6	0	0	6.53	0.75	0	0.086	0.168	0.152	0.23	0.26	-859	-823.8	-759.4	NA	1.274	0.407	0.546	2.389	21.4	20.2	20.6	21.950000000000003	22.2	0.447
2025-11-24 17:30:00	-92.3536	30.1784	0	33.25	25.4	74.32085722066574	101.5	2.411	551.7	3.84	138.9	0	0	6.6	0.84	0	0.086	0.168	0.152	0.23	0.26	-847.6	-828.5	-758	NA	1.277	0.406	0.547	2.389	21.75	20.3	20.6	21.950000000000003	22.2	0.435
2025-11-24 17:45:00	-92.3536	30.1784	0	33.08	26.1	72.98834426276801	101.48	2.468	517.5	4.46	162.4	0	0	7.78	0.92	0	0.086	0.168	0.152	0.23	0.26	-840.8	-825.6	-765.1	NA	1.277	0.406	0.547	2.383	22.1	20.4	20.65	21.950000000000003	22.2	0.445
2025-11-24 18:00:00	-92.3536	30.1784	0	31.47	25.8	73.66260686813885	101.44	2.447	447.1	5.21	158.7	0	0	8.11	0.88	0	0.086	0.168	0.152	0.23	0.26	-833.3	-833.3	-767	NA	1.279	0.408	0.545	2.383	22.45	20.6	20.65	21.9	22.2	0.452
2025-11-24 18:15:00	-92.3536	30.1784	0	32.46	26	73.15317617993088	101.38	2.459	532.6	5.32	152.1	0	0	9.68	0.91	0	0.086	0.168	0.152	0.23	0.26	-819.4	-833.1	-769.5	NA	1.278	0.41	0.545	2.384	22.75	20.7	20.65	21.9	22.2	0.435
2025-11-24 18:30:00	-92.3536	30.1784	0	28.12	25.5	74.00355773865454	101.37	2.415	220.4	4.93	149.7	0	0	7.67	0.84	0	0.086	0.168	0.152	0.23	0.26	-810.4	-835.2	-770.2	NA	1.278	0.41	0.546	2.383	22.95	20.8	20.65	21.9	22.2	0.477
2025-11-24 18:45:00	-92.3536	30.1784	0	28.94	25.6	74.11421247998005	101.35	2.433	263.1	4.31	150.6	0	0	8.36	0.85	0	0.086	0.168	0.152	0.23	0.26	-808.5	-840.4	-773.4	NA	1.277	0.41	0.546	2.389	23.1	21	20.65	21.9	22.2	0.48
2025-11-24 19:00:00	-92.3536	30.1784	0	30.18	26	74.01590172251649	101.36	2.488	352.6	4.65	158	0	0	8.88	0.87	0	0.086	0.168	0.152	0.23	0.26	-804.3	-840.6	-779.3	NA	1.282	0.411	0.548	2.383	23.15	21.1	20.7	21.85	22.2	0.462
2025-11-24 19:15:00	-92.3536	30.1784	0	30.38	26.1	74.3191690163436	101.31	2.513	389.9	5.11	151.8	0	0	8.34	0.87	0	0.086	0.168	0.152	0.23	0.26	-798.2	-842	-781.1	NA	1.284	0.412	0.545	2.384	23.200000000000003	21.2	20.7	21.85	22.2	0.452
2025-11-24 19:30:00	-92.3536	30.1784	0	29.8	25.8	75.52900720562336	101.29	2.509	364	5.45	154.9	0	0	8.78	0.82	0	0.086	0.168	0.152	0.23	0.26	-791.6	-845.7	-782.2	NA	1.284	0.412	0.546	2.383	23.25	21.3	20.75	21.85	22.2	0.448
2025-11-24 19:45:00	-92.3536	30.1784	0	29.53	26	74.99762389166561	101.28	2.521	338.5	5.29	155	0	0	8.18	0.84	0	0.086	0.168	0.152	0.23	0.26	-784	-843.7	-783.2	NA	1.283	0.411	0.546	2.383	23.35	21.4	20.8	21.85	22.2	0.466
2025-11-24 20:00:00	-92.3536	30.1784	0	28.76	25.8	76.40200091186611	101.28	2.538	275.1	5.16	153.6	0	0	8.35	0.77	0	0.086	0.168	0.152	0.23	0.26	-781.1	-846	-786.5	NA	1.283	0.412	0.546	2.389	23.4	21.5	20.8	21.85	22.2	0.475
2025-11-24 20:15:00	-92.3536	30.1784	0	28.25	25.6	76.88626070672818	101.28	2.524	231.4	4.83	151.5	0	0	7.53	0.77	0	0.086	0.168	0.152	0.23	0.26	-780	-848.8	-791	NA	1.283	0.411	0.548	2.389	23.5	21.6	20.9	21.85	22.2	0.491
2025-11-24 20:30:00	-92.3536	30.1784	0	27.43	25.5	77.00660066138255	101.28	2.513	181.1	4.82	159.6	0	0	7.99	0.75	0	0.086	0.168	0.152	0.23	0.26	-776.6	-849.2	-792.1	NA	1.282	0.412	0.548	2.383	23.5	21.6	20.9	21.85	22.2	0.502
2025-11-24 20:45:00	-92.3536	30.1784	0	26.7	25.4	77.61921131548584	101.27	2.518	147.5	5.01	155.4	0	0	8.6	0.71	0	0.086	0.168	0.152	0.23	0.26	-774.5	-854.1	-794	NA	1.285	0.411	0.548	2.388	23.5	21.7	20.9	21.85	22.2	0.494
2025-11-24 21:00:00	-92.3536	30.1784	0	27.04	25.4	78.45150627399184	101.26	2.545	185.2	4.97	160.9	0	0	7.58	0.7	0	0.086	0.168	0.152	0.23	0.26	-777.5	-855.8	-799.8	NA	1.284	0.414	0.548	2.388	23.450000000000003	21.8	21	21.85	22.2	0.501
2025-11-24 21:15:00	-92.3536	30.1784	0	27.69	25.5	78.9984148448246	101.26	2.578	255.7	4.52	163.5	0	0	7.12	0.68	0	0.086	0.168	0.152	0.23	0.26	-776.2	-856.2	-799.8	NA	1.283	0.414	0.546	2.388	23.4	21.8	21	21.85	22.2	0.484
2025-11-24 21:30:00	-92.3536	30.1784	0	26.15	24.7	83.7187203541683	101.27	2.605	200.4	3.78	161	0	0	7.32	0.51	0	0.086	0.168	0.152	0.23	0.26	-780.9	-859.2	-802.6	NA	1.283	0.414	0.548	2.389	23.4	21.9	21.05	21.85	22.2	0.496
2025-11-24 21:45:00	-92.3536	30.1784	0	26.17	24.6	85.77207377891757	101.27	2.653	152.8	2.43	157.6	0	0	4.73	0.44	0	0.086	0.168	0.152	0.23	0.26	-783.1	-860.2	-806.9	NA	1.283	0.414	0.548	2.388	23.450000000000003	21.9	21.1	21.85	22.2	0.514
2025-11-24 22:00:00	-92.3536	30.1784	0	26.25	24.8	85.61656911483348	101.25	2.68	165.2	3.85	173.3	0	0	6.28	0.45	0	0.086	0.168	0.152	0.23	0.26	-783.4	-862	-808	NA	1.286	0.414	0.549	2.388	23.4	22	21.1	21.85	22.2	0.494
2025-11-24 22:15:00	-92.3536	30.1784	0	26.65	25.1	85.76281527763135	101.23	2.733	150.5	3.18	165.1	0	0	5.25	0.46	0	0.086	0.168	0.152	0.23	0.26	-789.2	-864.4	-810	NA	1.283	0.413	0.548	2.383	23.4	22	21.2	21.85	22.2	0.485
2025-11-24 22:30:00	-92.3536	30.1784	0	24.71	24.9	84.5041525182346	101.21	2.661	64.1	3.82	156.5	0	0	6.19	0.48	0	0.086	0.168	0.152	0.23	0.26	-793	-865.2	-814.7	NA	1.286	0.414	0.548	2.383	23.4	22	21.2	21.85	22.2	0.542
2025-11-24 22:45:00	-92.3536	30.1784	0	24.25	24.7	84.2971990360781	101.2	2.623	39.8	3.61	156.4	0	0	5.58	0.48	0	0.086	0.168	0.152	0.23	0.26	-798.4	-865.6	-818.6	NA	1.284	0.411	0.548	2.383	23.35	22.1	21.2	21.85	22.2	0.57
2025-11-24 23:00:00	-92.3536	30.1784	0	23.64	24.3	85.77809361586986	101.18	2.606	18.7	3.71	153.4	0	0	6.62	0.44	0	0.086	0.168	0.152	0.23	0.26	-800.6	-870.2	-818.1	NA	1.288	0.415	0.549	2.383	23.2	22.1	21.25	21.799999999999997	22.2	0.628
2025-11-24 23:15:00	-92.3536	30.1784	0	23.04	23.9	87.05167958088691	101.17	2.582	2.2	3.67	150.5	0	0	6.27	0.38	0	0.086	0.168	0.152	0.23	0.26	-801.9	-869.4	-823.8	NA	1.285	0.416	0.548	2.377	23.15	22.1	21.3	21.799999999999997	22.2	0.92
2025-11-24 23:30:00	-92.3536	30.1784	0	22.78	23.7	87.72925442716289	101.17	2.571	0	3.57	155.3	0	0	5.78	0.36	0	0.086	0.168	0.152	0.23	0.26	-805.9	-871.8	-823	NA	1.285	0.416	0.548	2.383	23	22.1	21.35	21.799999999999997	22.2	1
2025-11-24 23:45:00	-92.3536	30.1784	0	22.48	23.6	88.22450079178988	101.18	2.57	0	3.44	161.2	0	0	5.54	0.34	0	0.086	0.168	0.152	0.23	0.26	-817.1	-871	-824.1	NA	1.285	0.417	0.548	2.383	22.9	22.1	21.4	21.799999999999997	22.2	1
2025-11-25 00:00:00	-92.3536	30.1784	0	22.06	23.5	88.44665109281836	101.19	2.561	0	3.74	163.1	0	0	6.23	0.33	0	0.086	0.168	0.152	0.23	0.26	-825.5	-872.8	-829.1	NA	1.285	0.416	0.547	2.383	22.75	22.1	21.4	21.799999999999997	22.2	1
2025-11-25 00:15:00	-92.3536	30.1784	0	22.17	23.4	88.84239930141584	101.19	2.557	0	4.03	161.7	0	0	6.69	0.32	0	0.086	0.168	0.152	0.23	0.26	-829.3	-876.6	-830.8	NA	1.288	0.418	0.549	2.383	22.65	22.1	21.4	21.799999999999997	22.2	1
2025-11-25 00:30:00	-92.3536	30.1784	0	22.43	23.3	89.79939267578278	101.18	2.569	0	4.04	162.5	0	0	6.53	0.29	0	0.086	0.168	0.152	0.23	0.26	-834.1	-877.6	-834.6	NA	1.285	0.415	0.547	2.383	22.6	22.1	21.45	21.799999999999997	22.2	1
2025-11-25 00:45:00	-92.3536	30.1784	0	22.64	23.3	89.83434767487807	101.17	2.57	0	3.8	161	0	0	6.03	0.29	0	0.086	0.168	0.152	0.23	0.26	-844.7	-877.2	-839.6	NA	1.288	0.416	0.547	2.383	22.5	22.1	21.5	21.799999999999997	22.2	1
2025-11-25 01:00:00	-92.3536	30.1784	0	22.63	23.3	89.51975268302053	101.16	2.561	0	4.33	157.5	0	0	7.33	0.29	0	0.086	0.168	0.152	0.23	0.26	-855.3	-884.3	-838.3	NA	1.285	0.416	0.548	2.383	22.45	22.1	21.5	21.799999999999997	22.2	1
2025-11-25 01:15:00	-92.3536	30.1784	0	22.28	23.1	90.43065366263104	101.14	2.556	0	4.55	161.1	0	0	7.89	0.27	0	0.086	0.168	0.152	0.23	0.26	-862	-885.1	-842.4	NA	1.284	0.416	0.547	2.383	22.4	22.1	21.5	21.799999999999997	22.2	1
2025-11-25 01:30:00	-92.3536	30.1784	0	21.59	22.7	91.8857247336359	101.13	2.535	0	3.77	162.3	0	0	6.24	0.22	0	0.086	0.168	0.152	0.23	0.26	-863.8	-885.3	-843.9	NA	1.284	0.415	0.548	2.383	22.4	22.1	21.55	21.799999999999997	22.2	1
2025-11-25 01:45:00	-92.3536	30.1784	0	21.92	22.7	92.24819307578042	101.13	2.545	0	3.5	157.3	0	0	5.85	0.21	0	0.086	0.168	0.152	0.23	0.26	-865.6	-888	-846.4	NA	1.287	0.415	0.547	2.383	22.3	22.1	21.55	21.799999999999997	22.2	1
2025-11-25 02:00:00	-92.3536	30.1784	0	22.1	22.7	93.44433860485734	101.12	2.578	0	3.16	157.9	0	0	5.12	0.18	0	0.086	0.168	0.152	0.23	0.26	-871.2	-890.8	-850	NA	1.284	0.415	0.548	2.383	22.2	22.1	21.6	21.799999999999997	22.2	1
2025-11-25 02:15:00	-92.3536	30.1784	0	22.08	22.8	93.3841631667224	101.14	2.592	0	3.5	161.9	0	0	6.02	0.18	0	0.086	0.168	0.152	0.23	0.26	-880.2	-892.7	-850	NA	1.285	0.415	0.547	2.383	22.2	22	21.6	21.799999999999997	22.2	1
2025-11-25 02:30:00	-92.3536	30.1784	0	21.99	22.8	93.88855293691302	101.13	2.606	0	3.92	164.8	0	0	6.32	0.16	0	0.086	0.168	0.152	0.23	0.26	-892.3	-895.6	-853.3	NA	1.285	0.416	0.548	2.383	22.2	22	21.6	21.799999999999997	22.2	1
2025-11-25 02:45:00	-92.3536	30.1784	0	21.73	22.7	94.31426262600418	101.11	2.602	0	4.34	159	0	0	8.63	0.16	0	0.086	0.168	0.152	0.23	0.26	-898.7	-899.7	-854.3	NA	1.282	0.416	0.548	2.383	22.1	22	21.6	21.799999999999997	22.2	1
2025-11-25 03:00:00	-92.3536	30.1784	0	21.68	22.7	94.31426262600418	101.11	2.602	0	4.25	164.5	0	0	6.5	0.15	0	0.086	0.168	0.152	0.23	0.26	-901.8	-898.2	-856	NA	1.285	0.416	0.548	2.388	22.1	22	21.6	21.799999999999997	22.2	1
2025-11-25 03:15:00	-92.3536	30.1784	0	21.84	22.7	94.49549679707647	101.11	2.607	0	4.4	165	0	0	7.15	0.15	0	0.086	0.168	0.152	0.23	0.26	-902.6	-902.8	-863.6	NA	1.282	0.416	0.548	2.383	22.1	22	21.6	21.799999999999997	22.2	1
2025-11-25 03:30:00	-92.3536	30.1784	0	22.02	22.8	94.35691486637577	101.12	2.619	0	4.2	171.6	0	0	6.84	0.15	0	0.086	0.168	0.152	0.23	0.26	-908	-902.8	-861.2	NA	1.285	0.414	0.548	2.382	22	22	21.65	21.799999999999997	22.2	1
2025-11-25 03:45:00	-92.3536	30.1784	0	22.01	22.8	94.78924895511057	101.15	2.631	0	4.03	172.1	0	0	6.34	0.14	0	0.086	0.168	0.152	0.23	0.26	-913.5	-903.2	-867.2	NA	1.285	0.417	0.548	2.383	22	22	21.7	21.799999999999997	22.2	1
2025-11-25 04:00:00	-92.3536	30.1784	0	21.81	22.7	95.18418664715102	101.16	2.626	0	3.79	174.4	0	0	6.61	0.14	0	0.086	0.168	0.152	0.23	0.26	-924.5	-905.7	-870.6	NA	1.282	0.416	0.547	2.382	22	22	21.7	21.799999999999997	22.2	1
2025-11-25 04:15:00	-92.3536	30.1784	0	21.9	22.8	94.71719327365477	101.2	2.629	0	2.69	189.2	0	0	4.51	0.14	0	0.086	0.168	0.152	0.23	0.26	-932.8	-908.4	-874.6	NA	1.282	0.415	0.548	2.383	22	22	21.7	21.799999999999997	22.2	1
2025-11-25 04:30:00	-92.3536	30.1784	0	21.78	22.7	95.22043348136549	101.21	2.627	0	2.47	169	0	0	4.83	0.13	0	0.086	0.168	0.152	0.23	0.26	-941	-910.1	-872.4	NA	1.28	0.415	0.548	2.383	22	22	21.7	21.799999999999997	22.2	1
2025-11-25 04:45:00	-92.3536	30.1784	0.749	22.31	22.6	96.4560849475076	101.2	2.645	0	2.94	193.9	0	0	4.21	0.09	0.053	0.086	0.168	0.152	0.23	0.26	-942.7	-911.8	-878.4	NA	1.282	0.415	0.548	2.383	22	21.9	21.7	21.799999999999997	22.2	1
2025-11-25 05:00:00	-92.3536	30.1784	0.34	22.62	22.7	96.96028152365919	101.23	2.675	0	4.47	211.7	0	0	7.7	0.08	0.059	0.086	0.168	0.152	0.23	0.26	-943.4	-917.1	-881.4	NA	1.282	0.414	0.549	2.383	22	21.9	21.7	21.799999999999997	22.2	1
2025-11-25 05:15:00	-92.3536	30.1784	0	22.41	22.9	96.86696197526985	101.22	2.705	0	3.68	201.5	0	0	5.32	0.09	0	0.086	0.168	0.152	0.23	0.26	-946.4	-916.4	-882.9	NA	1.282	0.414	0.551	2.384	22	21.9	21.7	21.799999999999997	22.2	1
2025-11-25 05:30:00	-92.3536	30.1784	0	22.14	22.8	97.63544837261486	101.2	2.71	0	3.18	193.2	0	0	4.78	0.07	0	0.086	0.168	0.152	0.23	0.26	-949.5	-919.8	-886.5	NA	1.285	0.414	0.549	2.383	22	21.9	21.7	21.799999999999997	22.2	1
2025-11-25 05:45:00	-92.3536	30.1784	0	22.01	22.8	97.85161541698227	101.21	2.716	0	3.28	198	0	0	5.52	0.06	0	0.086	0.168	0.152	0.23	0.26	-953	-921.3	-887.8	NA	1.286	0.414	0.549	2.383	22	21.9	21.7	21.799999999999997	22.2	1
2025-11-25 06:00:00	-92.3536	30.1784	0	22.04	22.8	97.99572677989387	101.18	2.72	0	3.38	185.8	0	0	4.76	0.05	0	0.086	0.168	0.152	0.23	0.26	-954.8	-926.6	-893.7	NA	1.282	0.414	0.549	2.383	22	21.9	21.7	21.799999999999997	22.2	1
2025-11-25 06:15:00	-92.3536	30.1784	0	22.14	22.9	98.08451343817525	101.15	2.739	0	4.06	181.9	0	0	6.46	0.05	0	0.086	0.168	0.152	0.23	0.26	-966.3	-926.6	-896	NA	1.282	0.415	0.548	2.389	22	21.9	21.7	21.799999999999997	22.2	1
2025-11-25 06:30:00	-92.3536	30.1784	0	22.05	23	98.13351889434982	101.14	2.757	0	4.19	188	0	0	6.4	0.04	0	0.086	0.168	0.152	0.23	0.26	-973	-931.1	-895.6	NA	1.283	0.414	0.549	2.383	22	21.9	21.7	21.799999999999997	22.2	1
2025-11-25 06:45:00	-92.3536	30.1784	0	21.66	22.8	99.04053416100305	101.16	2.749	0	3.58	205.7	0	0	5.74	0.03	0	0.086	0.168	0.152	0.23	0.26	-977.9	-932.2	-894.5	NA	1.286	0.415	0.551	2.383	22	21.9	21.7	21.799999999999997	22.2	1
2025-11-25 07:00:00	-92.3536	30.1784	0	21.33	22.6	99.22760194410895	101.17	2.721	0	3.16	204.2	0	0	5.14	0.02	0	0.086	0.168	0.152	0.23	0.26	-982.4	-936.5	-900.7	NA	1.282	0.415	0.549	2.383	21.95	21.9	21.7	21.799999999999997	22.2	1
2025-11-25 07:15:00	-92.3536	30.1784	0	21.03	22.3	99.41825085419671	101.17	2.677	0	2.99	206.8	0	0	4.52	0.02	0	0.086	0.168	0.152	0.23	0.26	-985.8	-938	-904.5	NA	1.28	0.416	0.549	2.378	21.9	21.9	21.7	21.799999999999997	22.2	1
2025-11-25 07:30:00	-92.3536	30.1784	0	21.22	22.4	98.63118208790111	101.18	2.672	0	3.55	206.8	0	0	5.13	0.03	0	0.086	0.168	0.152	0.23	0.26	-986.7	-941.9	-907.4	NA	1.283	0.414	0.55	2.383	21.9	21.9	21.7	21.9	22.2	1
2025-11-25 07:45:00	-92.3536	30.1784	0	21.47	22.4	98.92648502828405	101.21	2.68	0	3.25	212.4	0	0	5.35	0.02	0	0.086	0.168	0.152	0.23	0.26	-992.2	-942.1	-907	NA	1.286	0.416	0.548	2.383	21.85	21.9	21.7	21.9	22.2	1
2025-11-25 08:00:00	-92.3536	30.1784	0	21.45	22.2	99.95016841746622	101.19	2.675	0	3.12	205.3	0	0	4.64	0.01	0	0.086	0.168	0.152	0.23	0.26	-998.1	-946.2	-910.1	NA	1.283	0.416	0.548	2.383	21.8	21.9	21.7	21.9	22.2	1
2025-11-25 08:15:00	-92.3536	30.1784	0	21.59	22.3	99.82676813450907	101.19	2.688	0	3.16	204.8	0	0	4.32	0	0	0.086	0.168	0.152	0.23	0.26	-1003.2	-949.9	-913.7	NA	1.282	0.415	0.549	2.384	21.8	21.9	21.7	21.9	22.2	1
2025-11-25 08:30:00	-92.3536	30.1784	0	21.62	22.3	99.71535433078752	101.19	2.685	0	3.02	198.3	0	0	4.32	0	0	0.086	0.168	0.152	0.23	0.26	-1014.8	-951.7	-914.9	NA	1.286	0.414	0.549	2.383	21.8	21.9	21.7	21.9	22.2	1
2025-11-25 08:45:00	-92.3536	30.1784	0	21.67	22.4	99.5540037765978	101.19	2.697	0	2.96	197.5	0	0	4.25	0	0	0.086	0.168	0.152	0.23	0.26	-1019.3	-953.4	-916.6	NA	1.283	0.415	0.549	2.383	21.8	21.9	21.7	21.9	22.2	1
2025-11-25 09:00:00	-92.3536	30.1784	0	21.72	22.4	99.62782951169352	101.21	2.699	0	2.46	215.4	0	0	3.57	0	0	0.086	0.168	0.152	0.23	0.26	-1025.9	-955.2	-916.6	NA	1.283	0.415	0.548	2.383	21.8	21.9	21.7	21.9	22.2	1
2025-11-25 09:15:00	-92.3536	30.1784	0.017	21.67	22.2	100	101.22	2.683	0	2.25	220.5	0	0	3.68	0	0	0.086	0.168	0.152	0.23	0.26	-1033	-958.5	-922.3	NA	1.285	0.416	0.548	2.383	21.8	21.9	21.7	21.9	22.2	1
2025-11-25 09:30:00	-92.3536	30.1784	0	21.56	22.1	99.80867803835937	101.21	2.655	0	1.69	205.4	0	0	2.41	0	0	0.086	0.168	0.152	0.23	0.26	-1032.8	-961.2	-922.6	NA	1.28	0.415	0.548	2.383	21.8	21.9	21.7	21.9	22.2	1
2025-11-25 09:45:00	-92.3536	30.1784	0	21.46	22	99.73784521204651	101.19	2.637	0	1.74	179.3	0	0	2.46	0	0	0.086	0.168	0.152	0.23	0.26	-1034.2	-961.4	-924.1	NA	1.283	0.415	0.548	2.383	21.8	21.9	21.7	21.9	22.2	1
2025-11-25 10:00:00	-92.3536	30.1784	0	21.5	22.1	99.35756536925943	101.18	2.643	0	2.42	187.1	0	0	3.26	0.01	0	0.086	0.168	0.152	0.23	0.26	-1036.1	-964.9	-929	NA	1.283	0.415	0.549	2.383	21.8	21.9	21.75	21.9	22.2	1
2025-11-25 10:15:00	-92.3536	30.1784	0	21.69	22.2	99.65125202593735	101.17	2.667	0	2.65	192.1	0	0	3.92	0.01	0	0.086	0.168	0.152	0.23	0.26	-1036.1	-966.9	-932.6	NA	1.283	0.415	0.548	2.383	21.8	21.8	21.75	21.9	22.2	1
2025-11-25 10:30:00	-92.3536	30.1784	0	21.29	22.2	99.76334567276068	101.16	2.67	0	2.67	187.9	0	0	4.11	0	0	0.086	0.168	0.152	0.23	0.26	-1035.4	-969.4	-932.2	NA	1.28	0.416	0.545	2.383	21.8	21.8	21.75	21.9	22.2	1
2025-11-25 10:45:00	-92.3536	30.1784	0	20.83	22	99.88913507964159	101.16	2.641	0	2.59	201.2	0	0	3.93	0	0	0.086	0.168	0.152	0.23	0.26	-1038.7	-970.7	-934.5	NA	1.283	0.415	0.548	2.383	21.8	21.8	21.75	21.9	22.2	1
2025-11-25 11:00:00	-92.3536	30.1784	0	21.23	22	99.58655534445145	101.16	2.633	0	2.68	204.7	0	0	4.14	0	0	0.086	0.168	0.152	0.23	0.26	-1040.9	-972.5	-941.4	NA	1.283	0.417	0.548	2.383	21.75	21.8	21.75	21.9	22.2	1
2025-11-25 11:15:00	-92.3536	30.1784	0	21.19	22	99.85131261274282	101.16	2.64	0	2.67	199.4	0	0	3.72	0	0	0.086	0.168	0.152	0.23	0.26	-1042.3	-975	-942.3	NA	1.283	0.416	0.549	2.383	21.75	21.8	21.75	21.9	22.2	1
2025-11-25 11:30:00	-92.3536	30.1784	0	20.59	21.8	100	101.17	2.618	0	2.41	206.3	0	0	3.33	0	0	0.086	0.168	0.152	0.23	0.26	-1050.7	-974.1	-939.7	NA	1.283	0.415	0.549	2.389	21.7	21.8	21.75	21.9	22.2	1
2025-11-25 11:45:00	-92.3536	30.1784	0	21.14	21.8	99.81347070765091	101.18	2.607	0	2.36	200.8	0	0	3.21	0	0	0.086	0.168	0.152	0.23	0.26	-1059.5	-978.6	-944.7	NA	1.282	0.415	0.548	2.383	21.65	21.8	21.75	21.9	22.2	1
2025-11-25 12:00:00	-92.3536	30.1784	0	20.69	21.7	100	101.17	2.598	0	2.38	200.8	0	0	3.39	0	0	0.086	0.168	0.152	0.23	0.26	-1063.9	-976.6	-948.4	NA	1.283	0.415	0.548	2.383	21.65	21.8	21.75	21.9	22.2	1
2025-11-25 12:15:00	-92.3536	30.1784	0	20.75	21.7	99.73150713468127	101.19	2.589	0	2.42	205.6	0	0	3.23	0.01	0	0.086	0.168	0.152	0.23	0.26	-1068.6	-978.6	-951.5	NA	1.283	0.416	0.548	2.388	21.65	21.8	21.75	21.9	22.2	1
2025-11-25 12:30:00	-92.3536	30.1784	0	21.09	21.8	99.58375040682776	101.21	2.601	0	2.2	203.7	0	0	3.08	0	0	0.086	0.168	0.152	0.23	0.26	-1071.5	-985.1	-953.4	NA	1.283	0.416	0.548	2.383	21.65	21.8	21.75	21.9	22.2	1
2025-11-25 12:45:00	-92.3536	30.1784	0	21.27	21.8	100	101.22	2.618	0	2.33	205.6	0	0	3.26	0	0	0.086	0.168	0.152	0.23	0.26	-1075.5	-989.7	-958.5	NA	1.286	0.415	0.546	2.383	21.65	21.8	21.75	21.9	22.2	1
2025-11-25 13:00:00	-92.3536	30.1784	0	21.23	21.8	100	101.24	2.615	0.6	2.48	197.5	0	0	3.75	0	0	0.086	0.168	0.152	0.23	0.26	-1074.2	-986.5	-958.7	NA	1.286	0.415	0.549	2.383	21.6	21.8	21.75	21.9	22.2	0.993
2025-11-25 13:15:00	-92.3536	30.1784	0	21.17	21.7	99.88559212059812	101.25	2.593	11.8	2.52	200.4	0	0	3.71	0	0	0.086	0.168	0.152	0.23	0.26	-1080.4	-989.9	-964.7	NA	1.283	0.415	0.547	2.383	21.6	21.8	21.75	21.9	22.2	0.971
2025-11-25 13:30:00	-92.3536	30.1784	0	21.88	21.8	99.96661757486632	101.26	2.611	64.3	2.95	202	0	0	4.17	0	0	0.086	0.168	0.152	0.23	0.26	-1080.4	-993.8	-968.5	NA	1.28	0.415	0.546	2.383	21.6	21.8	21.75	21.9	22.2	0.867
2025-11-25 13:45:00	-92.3536	30.1784	0	23.32	22.3	99.64107846163981	101.28	2.683	117	2.62	227.1	0	0	4.15	0	0	0.086	0.168	0.152	0.229	0.26	-1082.4	-995.2	-967.2	NA	1.282	0.416	0.549	2.383	21.6	21.8	21.75	21.9	22.2	0.788
2025-11-25 14:00:00	-92.3536	30.1784	0	23.49	22.7	99.71504092395753	101.3	2.751	124.2	2.72	235.8	0	0	4.21	0	0	0.086	0.168	0.152	0.23	0.26	-1086.9	-995.6	-973.4	NA	1.286	0.415	0.548	2.388	21.7	21.8	21.75	21.9	22.2	0.753
2025-11-25 14:15:00	-92.3536	30.1784	0	24.42	22.9	100	101.31	2.795	190.7	2.71	241.8	0	0	4.01	0	0	0.086	0.168	0.152	0.23	0.26	-1088.9	-999.5	-972.3	NA	1.286	0.415	0.547	2.383	21.75	21.8	21.75	21.9	22.2	0.703
2025-11-25 14:30:00	-92.3536	30.1784	0	23.85	22.9	99.7675992839563	101.32	2.786	111	3.11	266	0	0	5.1	0	0	0.086	0.168	0.152	0.23	0.26	-1085.4	-1000.9	-975.9	NA	1.286	0.414	0.547	2.383	21.85	21.8	21.75	21.9	22.2	0.784
2025-11-25 14:45:00	-92.3536	30.1784	0.017	22.72	22.7	99.86002826081534	101.35	2.755	47.8	2.95	248.1	0	0	4.58	0	0	0.086	0.168	0.152	0.23	0.26	-1089.4	-1002.3	-978.8	NA	1.286	0.415	0.548	2.383	22	21.8	21.75	21.9	22.2	0.879
2025-11-25 15:00:00	-92.3536	30.1784	0	22.73	22.6	99.59227523313544	101.38	2.731	68.6	2.61	244.1	0	0	4.27	0	0	0.086	0.168	0.152	0.23	0.26	-1090.2	-1005.3	-979.3	NA	1.286	0.416	0.548	2.383	22.1	21.8	21.75	21.95	22.2	0.831
2025-11-25 15:15:00	-92.3536	30.1784	0	23.38	22.7	99.67879408974309	101.39	2.75	120.2	2.89	261.3	0	0	4.48	0	0	0.086	0.168	0.152	0.23	0.26	-1092.2	-1006.7	-979.9	NA	1.283	0.416	0.546	2.383	22.1	21.8	21.75	21.95	22.2	0.77
2025-11-25 15:30:00	-92.3536	30.1784	0	25.25	23.1	99.6293899506921	101.4	2.816	276.3	2.82	274.4	0	0	4.11	0	0	0.086	0.168	0.152	0.23	0.26	-1087.2	-1009.5	-987.9	NA	1.286	0.416	0.547	2.383	22.15	21.8	21.75	21.95	22.2	0.632
2025-11-25 15:45:00	-92.3536	30.1784	0	26.96	23.8	99.54942252348403	101.4	2.935	367.3	2.71	278.4	0	0	4.78	0.01	0	0.086	0.168	0.152	0.23	0.26	-1088.4	-1009.5	-987.9	NA	1.286	0.416	0.548	2.383	22.25	21.9	21.75	21.95	22.2	0.569
2025-11-25 16:00:00	-92.3536	30.1784	0	27.2	24.3	97.1668965287981	101.42	2.952	316.8	2.81	265.8	0	0	4.59	0.08	0	0.086	0.168	0.152	0.23	0.26	-1082.4	-1011.6	-988.8	NA	1.286	0.416	0.548	2.383	22.4	21.9	21.75	21.95	22.2	0.574
2025-11-25 16:15:00	-92.3536	30.1784	0	27.26	24.3	92.42704791763721	101.42	2.808	398	3.32	297.1	0	0	5.99	0.23	0	0.086	0.168	0.152	0.23	0.26	-1087.7	-1015.5	-991.7	NA	1.283	0.416	0.549	2.383	22.6	21.9	21.75	21.95	22.2	0.52
2025-11-25 16:30:00	-92.3536	30.1784	0	26.47	24.2	89.50550982609838	101.42	2.703	296.3	3.3	292.3	0	0	5.34	0.31	0	0.086	0.168	0.152	0.23	0.26	-1086.9	-1015.1	-992.2	NA	1.286	0.416	0.55	2.383	22.8	22	21.8	21.95	22.2	0.542
2025-11-25 16:45:00	-92.3536	30.1784	0	26.39	24	86.93269903911872	101.42	2.594	263.5	2.66	281.6	0	0	4.25	0.39	0	0.086	0.168	0.152	0.23	0.26	-1081.7	-1020	-992.4	NA	1.29	0.415	0.548	2.383	22.95	22	21.8	21.95	22.2	0.523
