2025-11-21 21:00:00	-90.4313	30.701	0	24.01	25.4	72.16305547639094	100.85	2.341	12.3	0.88	236.9	0	0	1.59	0.9	0	0.188	0.275	0.292	0.17	0.281	-31.2	-36.3	-32.5	0.082	0.036	0.058	0	0.134	24.1	23	22.25	21.55	21	0.65
2025-11-21 21:15:00	-90.4313	30.701	0	23.37	24.7	75.74856962563328	100.86	2.357	14.4	1.25	213.9	0	0	3.77	0.75	0	0.188	0.275	0.292	0.17	0.281	-31.6	-36.5	-32.6	0.083	0.037	0.058	0	0.134	23.95	23	22.15	21.45	20.9	0.637
2025-11-21 21:30:00	-90.4313	30.701	0	23.2	23.2	82.95813728320806	100.86	2.359	27.2	0.63	178.9	0	0	1.33	0.49	0	0.188	0.276	0.292	0.17	0.281	-31.9	-36.5	-32.7	0.082	0.037	0.058	0	0.136	23.85	22.9	22.1	21.35	20.9	0.661
2025-11-21 21:45:00	-90.4313	30.701	0	23.89	23.4	84.32557806200089	100.85	2.427	51.4	0.78	218.5	0	0	1.53	0.45	0	0.188	0.276	0.292	0.17	0.281	-32.2	-36.7	-32.7	0.083	0.036	0.059	0	0.136	23.8	22.9	22.1	21.35	20.9	0.659
2025-11-21 22:00:00	-90.4313	30.701	0	24.17	23.7	85.6477746449548	100.85	2.51	40.6	0.34	169.7	0	0	0.76	0.42	0	0.188	0.276	0.292	0.17	0.281	-32.5	-36.8	-32.8	0.08	0.037	0.06	0	0.136	23.7	22.8	22.05	21.25	20.9	0.675
2025-11-21 22:15:00	-90.4313	30.701	0	23.72	23.9	85.16364934985296	100.85	2.526	20.4	0.49	225.9	0	0	0.88	0.44	0	0.188	0.276	0.293	0.17	0.281	-32.7	-36.9	-32.9	0.082	0.037	0.058	0	0.136	23.6	22.8	22	21.25	20.9	0.678
2025-11-21 22:30:00	-90.4313	30.701	0	23.71	24.1	85.04685863075007	100.85	2.553	24.7	0.67	206.3	0	0	1.26	0.45	0	0.188	0.276	0.293	0.17	0.282	-32.9	-36.9	-33	0.08	0.036	0.059	0	0.136	23.55	22.8	22	21.25	20.9	0.683
2025-11-21 22:45:00	-90.4313	30.701	0	23.17	24	85.15651050825007	100.85	2.541	15.8	0.79	204.8	0	0	1.43	0.45	0	0.188	0.276	0.293	0.17	0.282	-33	-37	-32.9	0.082	0.037	0.059	0	0.137	23.5	22.7	21.95	21.2	20.8	0.679
2025-11-21 23:00:00	-90.4313	30.701	0	22.68	23.6	86.5423994148258	100.86	2.521	2.7	0.45	189.5	0	0	0.98	0.39	0	0.188	0.276	0.293	0.17	0.282	-33.2	-37.1	-32.9	0.081	0.037	0.059	0	0.137	23.45	22.7	21.95	21.15	20.8	NA
2025-11-21 23:15:00	-90.4313	30.701	0	22.49	23.2	88.83096853640676	100.89	2.526	0	0.29	208.7	0	0	0.52	0.32	0	0.189	0.276	0.293	0.17	0.282	-33.3	-37.2	-33	0.081	0.038	0.058	0	0.137	23.4	22.6	21.95	21.15	20.8	NA
2025-11-21 23:30:00	-90.4313	30.701	0	22.21	22.8	90.24974102339492	100.91	2.505	0	0.25	295.8	0	0	0.45	0.26	0	0.189	0.276	0.293	0.17	0.282	-33.5	-37.2	-33.1	0.08	0.037	0.059	0	0.135	23.35	22.6	21.95	21.15	20.8	1
2025-11-21 23:45:00	-90.4313	30.701	0	21.42	22.6	90.4025083496678	100.92	2.479	0	0.36	36.1	0	0	0.55	0.26	0	0.189	0.276	0.293	0.17	0.282	-33.5	-37.2	-33.1	0.082	0.037	0.058	0	0.136	23.25	22.6	21.95	21.15	20.8	1
2025-11-22 00:00:00	-90.4313	30.701	0	21.16	22.2	91.69260310148117	100.93	2.454	0	0.26	102.8	0	0	0.52	0.22	0	0.189	0.276	0.293	0.17	0.282	-33.6	-37.1	-33.2	0.08	0.037	0.058	0	0.136	23.15	22.5	21.9	21.1	20.8	1
2025-11-22 00:15:00	-90.4313	30.701	0	21.08	21.8	92.92186168295693	100.93	2.427	0	0.36	131.5	0	0	0.76	0.18	0	0.189	0.276	0.293	0.17	0.282	-33.7	-37.2	-33.2	0.079	0.037	0.059	0	0.137	23.1	22.5	21.85	21.1	20.8	1
2025-11-22 00:30:00	-90.4313	30.701	0	20.66	21.1	94.03263407322395	100.95	2.353	0	0.25	203.1	0	0	0.77	0.15	0	0.189	0.276	0.293	0.169	0.282	-33.8	-37.1	-33.3	0.079	0.037	0.058	0	0.135	23	22.5	21.85	21.05	20.8	1
2025-11-22 00:45:00	-90.4313	30.701	0	20.77	21.7	92.25838531771404	100.97	2.395	0	0.57	213	0	0	1.14	0.21	0	0.189	0.276	0.293	0.169	0.282	-33.8	-37.2	-33.3	0.079	0.038	0.058	0	0.136	22.9	22.4	21.85	21.05	20.8	1
2025-11-22 01:00:00	-90.4313	30.701	0	21.11	22	92.1355293653945	100.97	2.436	0	0.78	218.7	0	0	1.2	0.2	0	0.189	0.276	0.293	0.169	0.282	-34	-37.2	-33.4	0.079	0.038	0.059	0	0.135	22.9	22.4	21.85	21.05	20.8	1
2025-11-22 01:15:00	-90.4313	30.701	0	21.01	21.9	92.31850505543942	100.97	2.426	0	0.78	218.2	0	0	1.22	0.2	0	0.189	0.277	0.293	0.169	0.282	-34.4	-37.2	-33.4	0.082	0.038	0.059	0	0.136	22.799999999999997	22.4	21.85	21.05	20.8	1
2025-11-22 01:30:00	-90.4313	30.701	0	20.71	21.8	92.46242108131067	100.98	2.415	0	0.56	218.1	0	0	1.04	0.19	0	0.189	0.276	0.293	0.169	0.282	-34.5	-37.2	-33.3	0.082	0.038	0.059	0	0.136	22.700000000000003	22.3	21.85	21.05	20.8	1
2025-11-22 01:45:00	-90.4313	30.701	0	20.62	21.6	92.51390337917331	100.99	2.387	0	0.68	214.3	0	0	1.34	0.19	0	0.189	0.277	0.293	0.169	0.282	-34.5	-37.3	-33.3	0.083	0.038	0.059	0	0.137	22.6	22.3	21.85	21.05	20.8	1
2025-11-22 02:00:00	-90.4313	30.701	0	20.61	21.6	92.2038442140986	101	2.379	0	0.58	230.7	0	0	1.33	0.19	0	0.189	0.277	0.293	0.169	0.282	-34.5	-37.3	-33.3	0.083	0.038	0.058	0	0.136	22.549999999999997	22.2	21.85	21.05	20.8	1
2025-11-22 02:15:00	-90.4313	30.701	0	20.26	21	94.00864198222064	101.01	2.338	0	0.34	205.9	0	0	0.66	0.15	0	0.19	0.277	0.293	0.169	0.282	-34.6	-37.3	-33.3	0.083	0.038	0.059	0	0.136	22.5	22.2	21.85	21.05	20.8	1
2025-11-22 02:30:00	-90.4313	30.701	0	20.39	21.4	92.24054928322631	101.02	2.351	0	0.62	232.3	0	0	0.91	0.19	0	0.19	0.277	0.293	0.169	0.282	-34.7	-37.3	-33.3	0.083	0.037	0.058	0	0.137	22.4	22.1	21.85	21.05	20.8	NA
2025-11-22 02:45:00	-90.4313	30.701	0	20.5	21.3	92.649430953179575	101.03	2.347	0	0.81	229.2	0	0	1.09	0.19	0	0.19	0.277	0.293	0.169	0.282	-34.7	-37.3	-33.3	0.082	0.038	0.059	0	0.135	22.35	22.1	21.85	21.05	20.8	NA
2025-11-22 03:00:00	-90.4313	30.701	0	20.45	21.1	93.23337666503674	101.06	2.333	0	0.83	225.1	0	0	1.47	0.17	0	0.19	0.277	0.293	0.169	0.282	-34.7	-37.3	-33.3	0.084	0.038	0.059	0	0.137	22.25	22	21.75	21.05	20.8	1
2025-11-22 03:15:00	-90.4313	30.701	0	20.45	21.1	92.95363657217122	101.08	2.326	0	0.89	229.7	0	0	1.63	0.17	0	0.19	0.277	0.293	0.169	0.282	-34.8	-37.3	-33.4	0.084	0.038	0.059	0	0.137	22.200000000000003	22	21.75	21.05	20.8	NA
2025-11-22 03:30:00	-90.4313	30.701	0	20.57	21.2	92.34536400672613	101.08	2.325	0	0.89	232.7	0	0	1.89	0.18	0	0.19	0.277	0.293	0.169	0.282	-34.8	-37.3	-33.4	0.083	0.036	0.058	0	0.137	22.15	22	21.75	21.05	20.8	NA
2025-11-22 03:45:00	-90.4313	30.701	0	20.61	21.1	93.23337666503674	101.09	2.333	0	0.82	221.6	0	0	1.27	0.17	0	0.19	0.277	0.293	0.169	0.282	-34.8	-37.3	-33.4	0.084	0.036	0.059	0	0.136	22.1	21.9	21.75	21.05	20.8	1
2025-11-22 04:00:00	-90.4313	30.701	0	20.61	21	93.92822398223585	101.08	2.336	0	0.83	210.8	0	0	1.36	0.16	0	0.19	0.277	0.293	0.169	0.282	-34.8	-37.2	-33.4	0.083	0.037	0.058	0	0.136	22.049999999999997	21.9	21.75	21.05	20.8	1
2025-11-22 04:15:00	-90.4313	30.701	0	20.29	20.8	94.27601597452227	101.1	2.316	0	0.85	226.6	0	0	1.13	0.14	0	0.19	0.277	0.293	0.169	0.282	-34.7	-37.2	-33.4	0.084	0.036	0.059	0	0.136	22	21.9	21.75	21.05	20.8	NA
2025-11-22 04:30:00	-90.4313	30.701	0	20.28	20.8	94.0724839883942	101.1	2.311	0	0.76	205.4	0	0	1.75	0.14	0	0.19	0.277	0.293	0.169	0.282	-34.7	-37.2	-33.4	0.083	0.037	0.058	0	0.137	22	21.8	21.75	21.05	20.8	NA
2025-11-22 04:45:00	-90.4313	30.701	0	20.33	20.6	94.94952935922254	101.09	2.304	0	0.78	221.3	0	0	1.48	0.12	0	0.19	0.277	0.293	0.169	0.282	-34.7	-37.2	-33.4	0.083	0.036	0.058	0	0.136	21.9	21.8	21.75	21.05	20.8	1
2025-11-22 05:00:00	-90.4313	30.701	0	20.22	20.4	95.79397644444282	101.1	2.296	0	0.86	236.6	0	0	1.43	0.1	0	0.19	0.277	0.293	0.169	0.282	-34.7	-37.2	-33.4	0.083	0.036	0.059	0	0.136	21.9	21.8	21.75	21.05	20.8	NA
2025-11-22 05:15:00	-90.4313	30.701	0	20.15	20.3	96.00936316781478	101.1	2.287	0	0.78	224.3	0	0	1.6	0.09	0	0.19	0.277	0.293	0.169	0.282	-34.7	-37.2	-33.4	0.082	0.036	0.059	0	0.137	21.85	21.8	21.700000000000003	21.05	20.8	NA
2025-11-22 05:30:00	-90.4313	30.701	0	20.11	20.3	96.05134365017936	101.09	2.288	0	0.58	225.1	0	0	1.54	0.09	0	0.19	0.277	0.293	0.169	0.282	-34.7	-37.2	-33.4	0.082	0.037	0.058	0	0.135	21.799999999999997	21.7	21.65	21.05	20.8	NA
2025-11-22 05:45:00	-90.4313	30.701	0	20.03	20.3	96.09332413254397	101.09	2.289	0	0.55	237.5	0	0	1.2	0.09	0	0.19	0.277	0.293	0.169	0.282	-34.7	-37.2	-33.4	0.083	0.036	0.059	0	0.136	21.799999999999997	21.7	21.65	21.05	20.8	NA
2025-11-22 06:00:00	-90.4313	30.701	0	19.96	20.3	96.47114847382527	101.09	2.298	0	0.58	217.2	0	0	0.76	0.08	0	0.191	0.277	0.293	0.169	0.282	-34.7	-37.3	-33.5	0.082	0.036	0.058	0	0.138	21.75	21.7	21.65	21.05	20.8	NA
2025-11-22 06:15:00	-90.4313	30.701	0	19.85	20.2	96.90005580494206	101.09	2.294	0	0.55	219.3	0	0	0.92	0.08	0	0.191	0.277	0.293	0.169	0.282	-34.6	-37.3	-33.5	0.084	0.036	0.058	0	0.138	21.700000000000003	21.6	21.65	21.05	20.8	1
2025-11-22 06:30:00	-90.4313	30.701	0	19.76	20.1	97.16103080259349	101.09	2.286	0	0.69	216.3	0	0	1.19	0.07	0	0.191	0.277	0.293	0.169	0.282	-34.6	-37.3	-33.5	0.084	0.037	0.059	0	0.136	21.700000000000003	21.6	21.65	21.05	20.8	1
2025-11-22 06:45:00	-90.4313	30.701	0	20.21	20	97.55028312292276	101.09	2.281	0	0.76	225.3	0	0	1.37	0.06	0	0.191	0.277	0.293	0.169	0.282	-34.6	-37.3	-33.6	0.083	0.036	0.059	0	0.137	21.65	21.6	21.65	21.05	20.8	NA
2025-11-22 07:00:00	-90.4313	30.701	0	20.73	20.2	97.11125906519695	101.09	2.299	0	0.76	227.7	0	0	1.54	0.07	0	0.191	0.277	0.293	0.169	0.282	-34.6	-37.2	-33.6	0.082	0.037	0.058	0	0.137	21.6	21.6	21.65	21.05	20.8	NA
2025-11-22 07:15:00	-90.4313	30.701	0	20.95	20.4	97.50458316666503	101.09	2.337	0	1.01	231.5	0	0	2.02	0.05	0	0.191	0.277	0.293	0.169	0.282	-34.6	-37.3	-33.5	0.083	0.036	0.058	0	0.137	21.6	21.5	21.65	21.05	20.8	1
2025-11-22 07:30:00	-90.4313	30.701	0	21.09	20.6	97.62822701909646	101.09	2.369	0	1.18	240.1	0	0	2.42	0.05	0	0.191	0.277	0.293	0.169	0.282	-34.6	-37.3	-33.6	0.083	0.036	0.059	0	0.136	21.549999999999997	21.5	21.6	21.05	20.8	NA
2025-11-22 07:45:00	-90.4313	30.701	0	21.13	20.6	98.37002021721537	101.09	2.387	0	1.28	236.5	0	0	2.51	0.04	0	0.191	0.277	0.293	0.169	0.282	-34.6	-37.3	-33.5	0.084	0.036	0.058	0	0.136	21.549999999999997	21.5	21.6	21.05	20.8	1
2025-11-22 08:00:00	-90.4313	30.701	0	21.17	20.7	98.13462817417116	101.12	2.396	0	1.59	238.9	0	0	2.91	0.04	0	0.191	0.277	0.293	0.169	0.282	-34.6	-37.3	-33.5	0.082	0.036	0.059	0	0.137	21.55	21.5	21.6	21.05	20.8	1
2025-11-22 08:15:00	-90.4313	30.701	0	21.21	20.7	98.50324739519266	101.12	2.405	0	1.2	237	0	0	2.45	0.03	0	0.191	0.277	0.293	0.169	0.282	-34.5	-37.3	-33.4	0.084	0.036	0.059	0	0.137	21.55	21.5	21.55	21.05	20.8	1
2025-11-22 08:30:00	-90.4313	30.701	0	21.23	20.7	98.70803585131574	101.12	2.41	0	0.82	228.3	0	0	1.83	0.03	0	0.191	0.277	0.293	0.169	0.282	-34.5	-37.2	-33.5	0.085	0.036	0.058	0	0.137	21.55	21.5	21.55	21.05	20.8	1
2025-11-22 08:45:00	-90.4313	30.701	0	21.3	20.8	98.46877488876054	101.14	2.419	0	1.05	243.4	0	0	1.68	0.04	0	0.191	0.277	0.293	0.169	0.282	-34.5	-37.3	-33.5	0.084	0.036	0.058	0	0.137	21.55	21.5	21.55	21.05	20.8	1
2025-11-22 09:00:00	-90.4313	30.701	0	21.36	20.9	98.55285710333528	101.13	2.436	0	0.95	240.6	0	0	2.19	0.04	0	0.191	0.277	0.293	0.169	0.282	-34.5	-37.2	-33.5	0.083	0.036	0.059	0	0.137	21.55	21.5	21.55	21.05	20.8	1
2025-11-22 09:15:00	-90.4313	30.701	0	21.39	21	98.39142298139176	101.13	2.447	0	0.81	247.1	0	0	1.54	0.04	0	0.191	0.277	0.293	0.169	0.282	-34.4	-37.3	-33.5	0.084	0.036	0.058	0	0.138	21.55	21.4	21.55	21.05	20.8	1
2025-11-22 09:30:00	-90.4313	30.701	0	21.39	21	98.55225898136132	101.13	2.451	0	0.81	247.2	0	0	1.5	0.03	0	0.191	0.277	0.293	0.169	0.282	-34.3	-37.2	-33.5	0.084	0.036	0.059	0	0.136	21.55	21.4	21.55	21.05	20.8	NA
2025-11-22 09:45:00	-90.4313	30.701	0	21.41	21	98.7935129813157	101.14	2.457	0	0.8	249.1	0	0	1.59	0.03	0	0.191	0.277	0.293	0.169	0.282	-34.3	-37.3	-33.5	0.084	0.036	0.059	0	0.136	21.55	21.4	21.5	21.05	20.8	1
2025-11-22 10:00:00	-90.4313	30.701	0	21.42	21	98.87393098130049	101.13	2.459	0	0.76	247.7	0	0	1.62	0.03	0	0.191	0.277	0.293	0.169	0.282	-34.3	-37.2	-33.5	0.083	0.035	0.059	0	0.137	21.55	21.4	21.5	21.05	20.8	1
2025-11-22 10:15:00	-90.4313	30.701	0	21.44	21	98.91413998129289	101.14	2.46	0	0.86	241.5	0	0	2	0.03	0	0.191	0.277	0.293	0.169	0.282	-34.3	-37.3	-33.5	0.083	0.037	0.058	0	0.137	21.55	21.4	21.5	21.05	20.8	NA
2025-11-22 10:30:00	-90.4313	30.701	0	21.44	21	99.03476698127008	101.14	2.463	0	1.01	235.1	0	0	2.95	0.02	0	0.191	0.277	0.293	0.169	0.282	-34.3	-37.2	-33.6	0.084	0.036	0.059	0	0.137	21.6	21.4	21.5	21.05	20.8	NA
2025-11-22 10:45:00	-90.4313	30.701	0	21.46	21	99.19560298123966	101.15	2.467	0	0.89	235.5	0	0	1.6	0.03	0	0.191	0.277	0.293	0.169	0.282	-34.2	-37.2	-33.6	0.084	0.036	0.059	0	0.137	21.6	21.4	21.45	21.05	20.8	NA
2025-11-22 11:00:00	-90.4313	30.701	0	21.47	21.2	98.06481880972333	101.16	2.469	0	0.8	234.7	0	0	1.71	0.04	0	0.191	0.277	0.293	0.169	0.282	-34.2	-37.2	-33.6	0.083	0.036	0.059	0	0.137	21.6	21.4	21.45	21.05	20.8	NA
2025-11-22 11:15:00	-90.4313	30.701	0	21.45	21.2	98.1442556819872	101.16	2.471	0	0.77	222.5	0	0	1.56	0.04	0	0.192	0.277	0.293	0.169	0.282	-34.2	-37.2	-33.6	0.084	0.036	0.058	0	0.137	21.6	21.4	21.45	21.05	20.8	NA
2025-11-22 11:30:00	-90.4313	30.701	0	21.46	21.3	97.50494011689544	101.16	2.47	0	0.83	228.5	0	0	1.99	0.06	0	0.192	0.277	0.293	0.169	0.282	-34.2	-37.2	-33.6	0.082	0.036	0.059	0	0.137	21.65	21.4	21.45	21.05	20.8	1
2025-11-22 11:45:00	-90.4313	30.701	0	21.46	21.3	97.62336716966898	101.18	2.473	0	0.9	241.3	0	0	1.63	0.06	0	0.192	0.277	0.293	0.169	0.282	-34.2	-37.2	-33.6	0.083	0.036	0.059	0	0.137	21.65	21.4	21.45	21.05	20.8	1
2025-11-22 12:00:00	-90.4313	30.701	0	21.46	21.3	97.62336716966898	101.2	2.473	0	0.65	240.9	0	0	1.64	0.06	0	0.192	0.277	0.293	0.169	0.282	-34.1	-37.2	-33.6	0.083	0.035	0.059	0	0.136	21.65	21.4	21.45	21.05	20.8	NA
2025-11-22 12:15:00	-90.4313	30.701	0	21.07	21.2	97.90594506519564	101.2	2.465	0	0.63	216.1	0	0	1.04	0.05	0	0.192	0.277	0.293	0.169	0.282	-34.1	-37.2	-33.6	0.084	0.037	0.058	0	0.137	21.65	21.4	21.45	21.05	20.8	1
2025-11-22 12:30:00	-90.4313	30.701	0	20.92	21	98.31100498140694	101.21	2.445	0	0.62	233.5	0	0	1.08	0.04	0	0.192	0.277	0.293	0.169	0.282	-34.1	-37.2	-33.6	0.084	0.037	0.059	0	0.137	21.65	21.4	21.45	21.05	20.8	1
2025-11-22 12:45:00	-90.4313	30.701	0	21.28	21	98.31100498140694	101.22	2.445	0	0.46	239.9	0	0	1.07	0.04	0	0.192	0.277	0.293	0.169	0.282	-34.1	-37.2	-33.6	0.084	0.036	0.059	0	0.137	21.65	21.4	21.45	21.05	20.8	1
2025-11-22 13:00:00	-90.4313	30.701	0	21.52	21	98.7935129813157	101.23	2.457	1.4	0.59	230.4	0	0	1.19	0.03	0	0.192	0.277	0.293	0.169	0.282	-34.1	-37.2	-33.6	0.084	0.036	0.058	0	0.136	21.6	21.4	21.45	21.05	20.8	0.995
2025-11-22 13:15:00	-90.4313	30.701	0	21.73	21.2	98.4620031710426	101.24	2.479	9.6	0.82	235.9	0	0	2.08	0.04	0	0.192	0.277	0.293	0.169	0.282	-34.1	-37.2	-33.5	0.084	0.036	0.059	0	0.137	21.6	21.4	21.45	21.05	20.8	0.989
2025-11-22 13:30:00	-90.4313	30.701	0	21.92	21.5	97.68291749681774	101.25	2.505	12.4	1.02	242.2	0	0	2.25	0.05	0	0.192	0.277	0.293	0.169	0.282	-34.1	-37.2	-33.5	0.084	0.036	0.059	0	0.137	21.6	21.4	21.45	21.05	20.8	0.981
2025-11-22 13:45:00	-90.4313	30.701	0	22.13	21.6	97.90118137234678	101.26	2.526	20.8	0.94	240.7	0	0	1.7	0.05	0	0.192	0.277	0.293	0.169	0.282	-34	-37.2	-33.5	0.084	0.036	0.059	0	0.137	21.65	21.4	21.45	21.05	20.8	0.974
2025-11-22 14:00:00	-90.4313	30.701	0	22.31	21.8	97.43969426581185	101.27	2.545	23.6	0.97	241.5	0	0	2.01	0.06	0	0.192	0.277	0.293	0.169	0.282	-34	-37.1	-33.5	0.083	0.037	0.058	0	0.137	21.65	21.4	21.45	21.05	20.8	0.973
2025-11-22 14:15:00	-90.4313	30.701	0	22.34	21.9	97.22744452458684	101.29	2.555	22.7	1.12	245.3	0	0	2.94	0.07	0	0.192	0.277	0.293	0.169	0.282	-34	-37.1	-33.5	0.084	0.035	0.059	0	0.137	21.65	21.4	21.45	21.05	20.8	0.968
2025-11-22 14:30:00	-90.4313	30.701	0	22.3	22	96.56075799255015	101.3	2.553	19.7	1.15	236.4	0	0	2.28	0.09	0	0.192	0.277	0.293	0.169	0.282	-33.9	-37.1	-33.5	0.084	0.036	0.059	0	0.136	21.65	21.4	21.4	21.05	20.8	0.971
2025-11-22 14:45:00	-90.4313	30.701	0	22.41	22	96.37164565805632	101.32	2.548	26.7	1.2	236	0	0	2.46	0.09	0	0.192	0.277	0.293	0.169	0.282	-33.9	-37.1	-33.5	0.083	0.036	0.058	0	0.137	21.7	21.4	21.4	21.05	20.8	0.964
2025-11-22 15:00:00	-90.4313	30.701	0	22.74	22	96.6364029263477	101.34	2.555	38.7	0.95	241	0	0	2.24	0.1	0	0.192	0.277	0.293	0.169	0.282	-33.9	-37.1	-33.5	0.082	0.036	0.058	0	0.137	21.75	21.4	21.4	21.05	20.8	0.951
2025-11-22 15:15:00	-90.4313	30.701	0	23.63	22.4	95.93654275690682	101.34	2.599	85.4	0.99	237	0	0	2.09	0.1	0	0.192	0.277	0.293	0.169	0.282	-33.8	-37.1	-33.4	0.083	0.036	0.059	0	0.136	21.75	21.5	21.4	21.05	20.8	0.912
2025-11-22 15:30:00	-90.4313	30.701	0	24.07	22.8	95.58186145112444	101.35	2.653	108.7	1.47	235.1	0	0	3.37	0.12	0	0.192	0.277	0.293	0.169	0.282	-33.7	-37.1	-33.5	0.084	0.037	0.059	0	0.137	21.8	21.5	21.4	21.05	20.8	0.886
2025-11-22 15:45:00	-90.4313	30.701	0	24.01	23.1	93.89786964813098	101.35	2.654	81.6	1.19	260	0	0	4.1	0.17	0	0.192	0.277	0.293	0.169	0.282	-33.4	-37.1	-33.4	0.083	0.036	0.059	0	0.137	21.8	21.5	21.4	21.05	20.9	0.96
2025-11-22 16:00:00	-90.4313	30.701	0	23.31	23	93.00793792924776	101.36	2.613	35.3	0.68	253.3	0	0	2.63	0.2	0	0.192	0.277	0.293	0.169	0.282	-33.2	-37.1	-33.5	0.084	0.036	0.059	0	0.137	21.9	21.5	21.4	21.05	20.9	0.992
2025-11-22 16:15:00	-90.4313	30.701	0	24.08	23.1	92.73033773464633	101.34	2.621	88.8	0.87	222.4	0	0	1.92	0.2	0	0.192	0.277	0.293	0.169	0.282	-33.1	-37.1	-33.5	0.082	0.036	0.059	0	0.136	21.95	21.5	21.4	21.1	20.9	0.864
2025-11-22 16:30:00	-90.4313	30.701	0	25.62	23.7	92.54054375980776	101.33	2.712	160.5	0.99	254.1	0	0	2.4	0.22	0	0.192	0.277	0.293	0.169	0.282	-33.1	-37	-33.5	0.084	0.036	0.059	0	0.136	22.05	21.6	21.4	21.1	20.9	0.822
2025-11-22 16:45:00	-90.4313	30.701	0	24.91	24	89.61373833099593	101.33	2.674	94.2	0.91	237.3	0	0	2.26	0.3	0	0.192	0.277	0.293	0.169	0.282	-33.1	-37	-33.5	0.084	0.036	0.059	0	0.136	22.1	21.6	21.4	21.1	20.9	0.863
2025-11-22 17:00:00	-90.4313	30.701	0	26.41	24.4	89.38876058060863	101.31	2.732	175.8	1.29	242.5	0	0	2.64	0.32	0	0.192	0.277	0.293	0.169	0.282	-33.1	-37	-33.5	0.084	0.036	0.058	0	0.137	22.15	21.6	21.4	21.1	20.9	0.797
2025-11-22 17:15:00	-90.4313	30.701	0	26.2	24.8	87.75698334270432	101.29	2.747	139.2	1.22	235.7	0	0	3.58	0.39	0	0.192	0.277	0.293	0.169	0.282	-33.1	-37	-33.5	0.084	0.037	0.058	0	0.136	22.299999999999997	21.7	21.45	21.1	20.9	0.797
2025-11-22 17:30:00	-90.4313	30.701	0	27.22	25.3	85.21385787926839	101.27	2.748	197.7	1.42	241.4	0	0	4.09	0.48	0	0.192	0.277	0.293	0.169	0.282	-33	-37	-33.5	0.084	0.037	0.059	0	0.137	22.35	21.7	21.45	21.1	20.9	0.745
2025-11-22 17:45:00	-90.4313	30.701	0	26.64	25.4	83.96931359149463	101.26	2.724	160.9	1.69	238.1	0	0	4.31	0.52	0	0.192	0.277	0.293	0.169	0.282	-32.9	-37	-33.5	0.084	0.038	0.06	0	0.137	22.450000000000003	21.8	21.45	21.1	20.9	0.7
2025-11-22 18:00:00	-90.4313	30.701	0	27.22	25.4	82.55132958811402	101.24	2.678	206.8	1.64	235.8	0	0	3.51	0.56	0	0.192	0.277	0.293	0.169	0.282	-32.9	-37	-33.5	0.085	0.038	0.06	0	0.137	22.6	21.8	21.45	21.1	20.9	0.663
2025-11-22 18:15:00	-90.4313	30.701	0	32.1	26.6	81.75107784602973	101.21	2.847	535.1	1.74	241.1	0	0	3.68	0.64	0	0.192	0.277	0.293	0.169	0.282	-32.8	-37	-33.5	0.085	0.039	0.059	0	0.137	22.65	21.9	21.45	21.1	20.9	0.504
2025-11-22 18:30:00	-90.4313	30.701	0	33.78	27	79.37531512982176	101.19	2.83	555.9	1.65	242.8	0	0	4.44	0.74	0	0.192	0.277	0.293	0.169	0.282	-32.7	-37	-33.5	0.085	0.039	0.059	0	0.137	22.8	21.9	21.45	21.1	20.9	0.439
2025-11-22 18:45:00	-90.4313	30.701	0	32.27	26.9	78.68580495871637	101.17	2.789	388.7	1.16	269.7	0	0	2.91	0.75	0	0.192	0.277	0.293	0.169	0.282	-32.6	-37	-33.5	0.085	0.038	0.06	0	0.136	23.05	22	21.45	21.1	20.9	0.475
2025-11-22 19:00:00	-90.4313	30.701	0	28.04	26.3	77.071129484612	101.16	2.637	154.6	0.89	287.1	0	0	2.26	0.78	0	0.192	0.277	0.293	0.169	0.282	-32.4	-37	-33.5	0.086	0.038	0.059	0	0.137	23.25	22.1	21.45	21.1	20.9	0.543
2025-11-22 19:15:00	-90.4313	30.701	0	28.21	27.1	72.74885851992916	101.15	2.609	165.5	1.94	246.3	0	0	3.76	0.97	0	0.192	0.277	0.293	0.169	0.282	-32.4	-37	-33.5	0.087	0.038	0.059	0	0.137	23.4	22.2	21.45	21.1	20.9	0.541
2025-11-22 19:30:00	-90.4313	30.701	0	28.77	27.2	70.8545846924923	101.13	2.556	129.8	2.21	235.5	0	0	3.8	1.05	0	0.192	0.277	0.293	0.169	0.282	-32.5	-36.9	-33.6	0.087	0.038	0.059	0	0.137	23.5	22.3	21.45	21.1	20.9	0.497
2025-11-22 19:45:00	-90.4313	30.701	0	30.11	27.5	69.81234978327785	101.11	2.563	117.4	2.05	231.3	0	0	4.55	1.1	0	0.192	0.277	0.293	0.169	0.282	-32.6	-36.9	-33.6	0.088	0.038	0.059	0	0.137	23.6	22.4	21.5	21.1	20.9	0.46
2025-11-22 20:00:00	-90.4313	30.701	0	28.26	27.2	71.43672329912074	101.11	2.577	139.8	1.5	242.2	0	0	3.38	1.02	0	0.192	0.277	0.293	0.169	0.282	-32.6	-36.9	-33.6	0.09	0.039	0.059	0	0.137	23.65	22.4	21.5	21.1	20.9	0.52
2025-11-22 20:15:00	-90.4313	30.701	0	25.64	26	76.78257329011859	101.11	2.581	65.1	0.58	282.5	0	0	1.97	0.78	0	0.192	0.277	0.293	0.169	0.282	-32.7	-36.9	-33.5	0.088	0.038	0.059	0	0.139	23.75	22.5	21.55	21.1	20.9	0.631
2025-11-22 20:30:00	-90.4313	30.701	0	25.68	25.8	78.41891740559939	101.1	2.605	100.7	0.93	221.1	0	0	2.04	0.72	0	0.193	0.277	0.293	0.169	0.282	-32.8	-36.9	-33.6	0.088	0.038	0.059	0	0.139	23.8	22.6	21.55	21.1	20.9	0.595
2025-11-22 20:45:00	-90.4313	30.701	0	25.86	26.5	75.67699807435459	101.08	2.62	98.7	1.36	230.8	0	0	3.08	0.83	0	0.193	0.277	0.293	0.169	0.282	-32.9	-36.9	-33.6	0.089	0.038	0.059	0	0.138	23.8	22.6	21.6	21.1	20.9	0.609
2025-11-22 21:00:00	-90.4313	30.701	0	24.65	25.8	75.86014274937062	101.09	2.52	32.3	0.55	256.8	0	0	1.21	0.8	0	0.193	0.277	0.293	0.169	0.282	-32.9	-36.9	-33.6	0.086	0.038	0.059	0	0.136	23.75	22.6	21.6	21.1	20.9	0.641
2025-11-22 21:15:00	-90.4313	30.701	0	25.75	26.4	73.7416322869752	101.09	2.538	79.4	0.93	231.9	0	0	2.24	0.91	0	0.193	0.277	0.293	0.169	0.282	-33.4	-36.8	-33.6	0.089	0.038	0.058	0	0.137	23.799999999999997	22.7	21.6	21.1	20.9	0.64
2025-11-22 21:30:00	-90.4313	30.701	0	25.65	26.4	74.20651255355976	101.09	2.554	54.8	0.92	251.4	0	0	2.07	0.9	0	0.193	0.277	0.293	0.169	0.282	-33.7	-36.8	-33.6	0.087	0.039	0.059	0	0.137	23.75	22.7	21.65	21.1	20.9	0.643
2025-11-22 21:45:00	-90.4313	30.701	0	26.37	26.3	74.2945813992733	101.09	2.542	44.8	0.51	266.1	0	0	1.55	0.88	0	0.193	0.277	0.293	0.169	0.282	-33.7	-36.9	-33.6	0.088	0.039	0.059	0	0.136	23.75	22.7	21.7	21.1	20.9	0.625
2025-11-22 22:00:00	-90.4313	30.701	0	25.3	26.2	73.76403473117944	101.09	2.509	48.4	0.68	289.1	0	0	1.58	0.9	0	0.193	0.277	0.293	0.169	0.282	-33.9	-36.9	-33.6	0.089	0.038	0.059	0	0.136	23.7	22.7	21.7	21.1	20.9	0.666
2025-11-22 22:15:00	-90.4313	30.701	0	25.13	26.2	73.52883653355113	101.11	2.501	39.5	0.4	317.2	0	0	1.09	0.89	0	0.193	0.277	0.293	0.169	0.282	-34	-36.9	-33.6	0.087	0.039	0.059	0	0.137	23.65	22.7	21.7	21.1	20.9	0.658
2025-11-22 22:30:00	-90.4313	30.701	0	24.27	25.8	75.67952336187211	101.11	2.514	19	0.31	265.5	0	0	1.19	0.81	0	0.193	0.277	0.293	0.169	0.282	-34	-36.9	-33.6	0.088	0.038	0.058	0	0.136	23.65	22.7	21.8	21.1	20.9	0.681
2025-11-22 22:45:00	-90.4313	30.701	0	23.13	24.9	78.53392302803238	101.12	2.473	7.5	0.18	228.4	0	0	0.41	0.67	0	0.193	0.277	0.293	0.169	0.282	-34	-36.8	-33.6	0.088	0.039	0.059	0	0.138	23.6	22.7	21.8	21.1	20.9	0.645
2025-11-22 23:00:00	-90.4313	30.701	0	22.15	23.4	84.9162393010013	101.14	2.444	0	0.28	266.9	0	0	0.75	0.43	0	0.193	0.277	0.293	0.169	0.282	-34.1	-36.8	-33.6	0.089	0.039	0.058	0	0.137	23.6	22.7	21.8	21.1	20.9	NA
2025-11-22 23:15:00	-90.4313	30.701	0	21.79	23.1	84.09767752585054	101.15	2.377	0	0.2	276.3	0	0	0.6	0.45	0	0.193	0.277	0.293	0.169	0.282	-34.3	-36.8	-33.6	0.088	0.038	0.058	0	0.136	23.55	22.7	21.8	21.1	20.9	NA
2025-11-22 23:30:00	-90.4313	30.701	0	21.43	22.4	86.8190644725836	101.16	2.352	0	0.25	285.3	0	0	0.49	0.35	0	0.193	0.277	0.293	0.169	0.282	-34.4	-36.8	-33.5	0.088	0.039	0.059	0	0.136	23.45	22.7	21.8	21.1	20.9	NA
2025-11-22 23:45:00	-90.4313	30.701	0	21.11	22	88.69368487760678	101.17	2.345	0	0.3	333.9	0	0	0.5	0.3	0	0.193	0.277	0.293	0.169	0.282	-34.4	-36.8	-33.5	0.087	0.039	0.059	0	0.137	23.4	22.7	21.9	21.1	20.9	NA
2025-11-23 00:00:00	-90.4313	30.701	0	21	21.7	89.79302554304444	101.19	2.331	0	0.36	333.3	0	0	0.73	0.26	0	0.193	0.277	0.293	0.169	0.282	-34.4	-36.8	-33.5	0.088	0.037	0.059	0	0.136	23.299999999999997	22.7	21.9	21.1	20.9	1
2025-11-23 00:15:00	-90.4313	30.701	0	20.92	21.4	91.1027458254579	101.21	2.322	0	0.39	345.8	0	0	0.81	0.22	0	0.193	0.277	0.293	0.169	0.282	-34.5	-36.8	-33.5	0.087	0.04	0.059	0	0.137	23.200000000000003	22.7	21.9	21.1	20.9	1
2025-11-23 00:30:00	-90.4313	30.701	0	20.83	21.3	91.26778200415474	101.22	2.312	0	0.38	319.3	0	0	0.97	0.21	0	0.193	0.277	0.293	0.169	0.282	-34.7	-36.8	-33.5	0.087	0.039	0.059	0	0.138	23.15	22.6	21.9	21.15	20.9	NA
2025-11-23 00:45:00	-90.4313	30.701	0	20.68	21	92.44049098251722	101.24	2.299	0	0.42	334.9	0	0	0.9	0.18	0	0.193	0.277	0.293	0.169	0.282	-34.7	-36.8	-33.5	0.085	0.038	0.059	0	0.137	23.049999999999997	22.6	21.9	21.15	20.9	NA
2025-11-23 01:00:00	-90.4313	30.701	0	20.42	20.7	93.2606629184423	101.26	2.277	0	0.24	299.1	0	0	0.6	0.16	0	0.193	0.277	0.293	0.169	0.282	-34.8	-36.8	-33.5	0.086	0.038	0.059	0	0.136	22.950000000000003	22.6	21.9	21.15	20.9	NA
2025-11-23 01:15:00	-90.4313	30.701	0	20.35	20.7	92.44150909395006	101.28	2.257	0	0.24	296.4	0	0	0.95	0.18	0	0.193	0.277	0.293	0.169	0.282	-34.8	-36.8	-33.5	0.086	0.038	0.059	0	0.136	22.9	22.5	21.95	21.15	20.9	NA
2025-11-23 01:30:00	-90.4313	30.701	0	20.1	20.4	92.78998415175997	101.29	2.224	0	0.23	280.6	0	0	0.78	0.17	0	0.193	0.277	0.293	0.168	0.282	-34.8	-36.8	-33.5	0.086	0.038	0.059	0	0.137	22.85	22.5	21.95	21.15	20.9	1
2025-11-23 01:45:00	-90.4313	30.701	0	19.87	20.1	93.03827490239595	101.31	2.189	0	0.25	297.6	0	0	0.56	0.16	0	0.193	0.277	0.293	0.169	0.282	-34.9	-36.8	-33.5	0.086	0.038	0.059	0	0.137	22.75	22.4	21.95	21.15	20.9	1
2025-11-23 02:00:00	-90.4313	30.701	0	19.69	19.9	93.07846646600558	101.33	2.163	0	0.27	333.6	0	0	0.67	0.16	0	0.193	0.277	0.293	0.169	0.282	-34.9	-36.8	-33.5	0.085	0.038	0.059	0	0.137	22.65	22.4	21.95	21.15	20.9	1
2025-11-23 02:15:00	-90.4313	30.701	0	19.54	19.7	93.19415295643768	101.35	2.139	0	0.24	311.2	0	0	0.68	0.15	0	0.193	0.277	0.293	0.169	0.282	-35	-36.8	-33.4	0.085	0.038	0.059	0	0.135	22.549999999999997	22.4	21.95	21.15	20.9	1
2025-11-23 02:30:00	-90.4313	30.701	0	19.32	19.4	93.57115549438026	101.36	2.108	0	0.21	286	0	0	0.61	0.14	0	0.193	0.277	0.293	0.169	0.282	-35.1	-36.8	-33.4	0.085	0.038	0.059	0	0.136	22.549999999999997	22.3	21.95	21.15	20.9	1
2025-11-23 02:45:00	-90.4313	30.701	0	19.11	19.1	93.34552952952075	101.36	2.064	0	0.23	188.9	0	0	0.62	0.14	0	0.194	0.277	0.293	0.169	0.282	-35.2	-36.8	-33.4	0.085	0.038	0.059	0	0.137	22.450000000000003	22.3	21.95	21.15	20.9	1
2025-11-23 03:00:00	-90.4313	30.701	0	18.83	18.7	93.61950042952132	101.36	2.019	0	0.31	319.9	0	0	0.69	0.14	0	0.194	0.277	0.293	0.169	0.282	-35.2	-36.8	-33.4	0.086	0.038	0.058	0	0.137	22.35	22.2	21.95	21.15	20.9	1
2025-11-23 03:15:00	-90.4313	30.701	0	18.69	18.8	92.25275715491257	101.37	2.002	0	0.43	33.6	0	0	0.86	0.17	0	0.194	0.277	0.293	0.169	0.282	-35.2	-36.8	-33.4	0.085	0.038	0.059	0	0.137	22.25	22.2	21.95	21.2	20.9	1
2025-11-23 03:30:00	-90.4313	30.701	0	18.55	18.6	92.34058786188211	101.35	1.979	0	0.35	63.9	0	0	0.63	0.16	0	0.194	0.277	0.293	0.169	0.282	-35.2	-36.8	-33.4	0.085	0.037	0.059	0	0.137	22.2	22.1	21.95	21.2	20.9	1
2025-11-23 03:45:00	-90.4313	30.701	0	18.28	18.2	93.8238096494906	101.35	1.961	0	0.22	350.8	0	0	0.56	0.13	0	0.194	0.277	0.294	0.168	0.282	-35.3	-36.8	-33.4	0.085	0.038	0.058	0	0.138	22.15	22.1	21.95	21.2	20.9	1
2025-11-23 04:00:00	-90.4313	30.701	0	18.06	17.8	94.6434303410122	101.35	1.929	0	0.13	350.2	0	0	0.34	0.1	0	0.194	0.277	0.294	0.169	0.282	-35.3	-36.8	-33.4	0.084	0.039	0.059	0	0.137	22.049999999999997	22.1	21.95	21.2	20.9	1
2025-11-23 04:15:00	-90.4313	30.701	0	17.83	17.4	95.50179554437632	101.34	1.898	0	0.16	270	0	0	0.42	0.09	0	0.194	0.277	0.293	0.169	0.282	-35.4	-36.8	-33.4	0.084	0.036	0.059	0	0.137	22	22	21.95	21.2	20.9	1
2025-11-23 04:30:00	-90.4313	30.701	0	17.7	17.3	94.79072035448159	101.34	1.872	0	0.36	346.5	0	0	0.66	0.1	0	0.194	0.277	0.294	0.169	0.282	-35.5	-36.8	-33.4	0.083	0.038	0.059	0	0.137	21.9	22	21.95	21.2	20.9	1
2025-11-23 04:45:00	-90.4313	30.701	0	17.52	17	96.04024412406305	101.34	1.861	0	0.25	323.2	0	0	0.57	0.08	0	0.194	0.277	0.294	0.168	0.282	-35.6	-36.8	-33.4	0.084	0.037	0.059	0	0.138	21.8	21.9	21.95	21.2	20.9	1
2025-11-23 05:00:00	-90.4313	30.701	0	17.35	16.9	95.82008372530677	101.34	1.845	0	0.22	345.8	0	0	0.44	0.08	0	0.194	0.277	0.293	0.168	0.282	-35.6	-36.8	-33.4	0.083	0.038	0.058	0	0.136	21.75	21.9	21.95	21.2	20.9	1
2025-11-23 05:15:00	-90.4313	30.701	0	17.14	16.7	95.88704492857966	101.33	1.823	0	0.27	346.9	0	0	0.56	0.07	0	0.194	0.277	0.293	0.169	0.282	-35.6	-36.8	-33.4	0.084	0.039	0.058	0	0.137	21.7	21.8	21.95	21.25	20.9	0.988
2025-11-23 05:30:00	-90.4313	30.701	0	16.99	16.4	96.6081991040119	101.34	1.802	0	0.19	282.9	0	0	0.51	0.06	0	0.194	0.277	0.293	0.169	0.282	-35.6	-36.8	-33.4	0.083	0.038	0.058	0	0.136	21.6	21.8	21.95	21.25	20.9	0.983
2025-11-23 05:45:00	-90.4313	30.701	0	16.91	16.2	96.43551684667388	101.34	1.776	0	0.33	315.8	0	0	0.9	0.07	0	0.194	0.277	0.293	0.168	0.282	-35.7	-36.8	-33.4	0.083	0.039	0.059	0	0.137	21.5	21.7	21.95	21.25	20.9	0.989
2025-11-23 06:00:00	-90.4313	30.701	0	16.9	16.2	96.05542190414756	101.34	1.769	0	0.33	339.5	0	0	0.9	0.07	0	0.195	0.277	0.293	0.169	0.282	-35.7	-36.8	-33.4	0.083	0.038	0.059	0	0.137	21.4	21.7	21.9	21.25	20.9	1
2025-11-23 06:15:00	-90.4313	30.701	0	16.94	16.6	93.32228856555771	101.36	1.763	0	0.4	24.7	0	0	1.25	0.12	0	0.195	0.277	0.293	0.168	0.282	-35.7	-36.7	-33.4	0.082	0.038	0.059	0	0.138	21.4	21.6	21.9	21.25	20.9	0.989
2025-11-23 06:30:00	-90.4313	30.701	0	17.17	17	89.74421522393641	101.36	1.739	0	0.58	13.1	0	0	1.37	0.2	0	0.195	0.277	0.293	0.168	0.282	-35.7	-36.8	-33.3	0.082	0.037	0.059	0	0.138	21.3	21.6	21.85	21.25	20.9	0.988
2025-11-23 06:45:00	-90.4313	30.701	0	17.32	17.3	86.7395854525785	101.35	1.713	0	0.78	19.9	0	0	1.39	0.26	0	0.195	0.277	0.293	0.168	0.282	-35.8	-36.8	-33.4	0.083	0.038	0.059	0	0.137	21.2	21.5	21.85	21.25	20.9	1
2025-11-23 07:00:00	-90.4313	30.701	0	16.44	17	86.02852603697643	101.35	1.667	0	0.68	23	0	0	1.17	0.27	0	0.195	0.277	0.293	0.168	0.282	-35.8	-36.8	-33.4	0.083	0.037	0.058	0	0.137	21.2	21.5	21.85	21.25	21	1
2025-11-23 07:15:00	-90.4313	30.701	0	16.12	16.6	85.80568903276748	101.36	1.621	0	0.64	14.1	0	0	1.36	0.27	0	0.195	0.277	0.293	0.168	0.282	-35.8	-36.8	-33.3	0.083	0.037	0.059	0	0.137	21.1	21.4	21.85	21.25	21	0.988
2025-11-23 07:30:00	-90.4313	30.701	0	15.96	16.2	86.33585123097492	101.36	1.59	0	0.62	13.2	0	0	1.15	0.26	0	0.195	0.277	0.293	0.168	0.282	-35.8	-36.8	-33.3	0.083	0.037	0.059	0	0.137	21	21.4	21.85	21.25	21	1
2025-11-23 07:45:00	-90.4313	30.701	0	15.71	15.6	88.52665885645284	101.37	1.569	0	0.44	358.1	0	0	0.99	0.21	0	0.195	0.277	0.293	0.169	0.282	-35.9	-36.7	-33.3	0.083	0.037	0.058	0	0.137	21	21.4	21.799999999999997	21.25	21	1
2025-11-23 08:00:00	-90.4313	30.701	0	15.32	14.7	92.54573919854538	101.38	1.548	0	0.45	280.8	0	0	1.51	0.12	0	0.195	0.278	0.293	0.168	0.282	-35.9	-36.7	-33.4	0.084	0.036	0.059	0	0.137	20.9	21.3	21.799999999999997	21.25	21	1
2025-11-23 08:15:00	-90.4313	30.701	0	14.98	14.2	93.5490449332283	101.38	1.515	0	0.34	207.8	0	0	1.32	0.1	0	0.195	0.278	0.294	0.168	0.282	-35.9	-36.8	-33.4	0.084	0.037	0.059	0	0.137	20.8	21.3	21.75	21.25	21	1
2025-11-23 08:30:00	-90.4313	30.701	0	14.7	13.8	93.85448861159388	101.38	1.481	0	0.14	231.6	0	0	0.35	0.1	0	0.195	0.278	0.293	0.168	0.282	-36	-36.8	-33.4	0.083	0.038	0.059	0	0.137	20.75	21.2	21.75	21.3	21	1
2025-11-23 08:45:00	-90.4313	30.701	0	14.45	13.6	93.47844417301722	101.38	1.456	0	0.23	110.6	0	0	1.09	0.1	0	0.196	0.278	0.293	0.169	0.282	-36.1	-36.8	-33.4	0.083	0.037	0.059	0	0.137	20.65	21.2	21.700000000000003	21.3	21	1
2025-11-23 09:00:00	-90.4313	30.701	0	14.43	13.7	92.36181979578312	101.37	1.448	0	0.46	51.1	0	0	1.29	0.12	0	0.196	0.278	0.294	0.169	0.282	-36.1	-36.8	-33.4	0.083	0.037	0.059	0	0.137	20.6	21.1	21.700000000000003	21.3	21	1
2025-11-23 09:15:00	-90.4313	30.701	0	14.19	13.4	93.46865536177498	101.37	1.437	0	0.38	38.8	0	0	1.41	0.1	0	0.196	0.278	0.293	0.169	0.282	-36.1	-36.8	-33.4	0.082	0.037	0.059	0	0.136	20.5	21.1	21.700000000000003	21.3	21	1
2025-11-23 09:30:00	-90.4313	30.701	0	13.99	12.9	95.43000997636466	101.37	1.42	0	0.37	96.1	0	0	1.14	0.07	0	0.196	0.278	0.293	0.169	0.282	-36.1	-36.8	-33.4	0.083	0.038	0.059	0	0.137	20.45	21	21.700000000000003	21.3	21	1
2025-11-23 09:45:00	-90.4313	30.701	0	13.8	12.6	95.8172022368754	101.38	1.398	0	0.5	83.4	0	0	1.25	0.06	0	0.196	0.278	0.294	0.168	0.282	-36.2	-36.8	-33.4	0.083	0.038	0.059	0	0.136	20.35	20.9	21.65	21.3	21	1
2025-11-23 10:00:00	-90.4313	30.701	0	13.58	12.2	96.39956619997014	101.38	1.37	0	0.29	329.5	0	0	1.2	0.05	0	0.196	0.278	0.294	0.168	0.282	-36.2	-36.8	-33.4	0.083	0.036	0.059	0	0.137	20.25	20.9	21.6	21.3	21	1
2025-11-23 10:15:00	-90.4313	30.701	0	13.48	12.2	95.20336720332818	101.38	1.353	0	0.29	306.1	0	0	1.36	0.07	0	0.196	0.278	0.293	0.169	0.282	-36.2	-36.8	-33.4	0.083	0.037	0.059	0	0.137	20.15	20.8	21.6	21.3	21	1
2025-11-23 10:30:00	-90.4313	30.701	0	13.5	12.4	94.37572422247821	101.38	1.359	0	0.56	1.5	0	0	1.07	0.08	0	0.196	0.278	0.293	0.169	0.282	-36.2	-36.8	-33.4	0.082	0.038	0.059	0	0.137	20.1	20.8	21.6	21.3	21	1
2025-11-23 10:45:00	-90.4313	30.701	0	13.57	12.6	94.65204312526821	101.39	1.381	0	0.45	51.8	0	0	1	0.07	0	0.196	0.278	0.294	0.168	0.282	-36.3	-36.8	-33.4	0.082	0.038	0.059	0	0.137	20	20.7	21.6	21.3	21	1
2025-11-23 11:00:00	-90.4313	30.701	0	13.14	11.9	97.31995639993721	101.4	1.356	0	0.29	307.1	0	0	1.43	0.04	0	0.196	0.278	0.294	0.168	0.282	-36.2	-36.8	-33.4	0.083	0.037	0.059	0	0.137	19.9	20.7	21.6	21.35	21	1
2025-11-23 11:15:00	-90.4313	30.701	0	13.01	11.6	96.63279755057273	101.43	1.32	0	0.23	292.4	0	0	0.58	0.04	0	0.196	0.278	0.294	0.168	0.282	-36.3	-36.7	-33.4	0.082	0.036	0.059	0	0.137	19.85	20.6	21.5	21.35	21	1
2025-11-23 11:30:00	-90.4313	30.701	0	13.13	12	95.0402349309173	101.43	1.333	0	0.45	356	0	0	0.87	0.07	0	0.197	0.278	0.294	0.168	0.282	-36.4	-36.7	-33.4	0.08	0.036	0.059	0	0.137	19.75	20.5	21.5	21.35	21	1
2025-11-23 11:45:00	-90.4313	30.701	0	13.01	11.9	96.67402748577831	101.44	1.347	0	0.4	347.6	0	0	0.84	0.05	0	0.197	0.278	0.293	0.168	0.282	-36.4	-36.8	-33.4	0.082	0.037	0.059	0	0.138	19.7	20.5	21.5	21.35	21	1
2025-11-23 12:00:00	-90.4313	30.701	0	12.61	11.2	98.70190920453165	101.45	1.313	0	0.21	296.8	0	0	0.42	0.01	0	0.197	0.278	0.294	0.169	0.282	-36.4	-36.8	-33.4	0.082	0.038	0.058	0	0.138	19.6	20.4	21.450000000000003	21.35	21	1
2025-11-23 12:15:00	-90.4313	30.701	0	12.45	10.9	97.92841505411313	101.47	1.277	0	0.23	291.9	0	0	0.45	0.03	0	0.197	0.278	0.294	0.169	0.282	-36.4	-36.7	-33.4	0.082	0.038	0.058	0	0.138	19.5	20.4	21.4	21.35	21	1
2025-11-23 12:30:00	-90.4313	30.701	0	12.36	10.8	97.1155533192397	101.49	1.258	0	0.28	297.1	0	0	0.52	0.03	0	0.197	0.278	0.294	0.168	0.282	-36.5	-36.8	-33.4	0.082	0.036	0.058	0	0.137	19.45	20.3	21.4	21.35	21	1
2025-11-23 12:45:00	-90.4313	30.701	0	12.56	11	96.06051785645779	101.49	1.261	0	0.53	352.7	0	0	1.07	0.05	0	0.197	0.279	0.294	0.169	0.281	-36.6	-36.8	-33.4	0.082	0.037	0.059	0	0.138	19.4	20.3	21.4	21.35	21	0.999
2025-11-23 13:00:00	-90.4313	30.701	0	12.83	11.2	96.59707031822023	101.51	1.285	3.2	0.4	4.2	0	0	0.9	0.04	0	0.197	0.279	0.293	0.169	0.282	-36.6	-36.8	-33.4	0.083	0.037	0.059	0	0.138	19.3	20.2	21.35	21.35	21	0.997
2025-11-23 13:15:00	-90.4313	30.701	0	13.12	11.2	97.64948976137595	101.52	1.299	12.8	0.36	343.5	0	0	0.83	0.03	0	0.197	0.279	0.294	0.169	0.282	-36.7	-36.8	-33.4	0.083	0.037	0.058	0	0.137	19.25	20.2	21.299999999999997	21.35	21	0.997
2025-11-23 13:30:00	-90.4313	30.701	0	13.93	11.8	96.15844601087834	101.53	1.331	27.2	0.59	0.9	0	0	1.68	0.05	0	0.197	0.279	0.294	0.169	0.282	-36.7	-36.8	-33.4	0.083	0.037	0.058	0	0.137	19.2	20.1	21.299999999999997	21.35	21	0.995
2025-11-23 13:45:00	-90.4313	30.701	0	14.52	12.7	94.91836476996329	101.54	1.394	37.9	1.13	9.9	0	0	2.65	0.07	0	0.197	0.279	0.293	0.168	0.282	-36.7	-36.8	-33.4	0.083	0.037	0.058	0	0.137	19.1	20	21.25	21.35	21	0.918
2025-11-23 14:00:00	-90.4313	30.701	0	14.94	13.3	94.73505431923778	101.56	1.447	48	1.05	15.4	0	0	2.42	0.08	0	0.197	0.279	0.293	0.169	0.282	-36.6	-36.8	-33.4	0.081	0.037	0.058	0	0.138	19.1	20	21.25	21.35	21	0.825
2025-11-23 14:15:00	-90.4313	30.701	0	15.26	13.9	94.19110695972113	101.58	1.496	44.1	0.81	10.4	0	0	2.4	0.09	0	0.197	0.279	0.294	0.168	0.282	-36.6	-36.8	-33.4	0.081	0.038	0.059	0	0.137	19.05	20	21.200000000000003	21.35	21	0.84
2025-11-23 14:30:00	-90.4313	30.701	0	15.79	14.2	94.47527310088402	101.6	1.53	58.9	0.75	33.4	0	0	1.79	0.09	0	0.197	0.279	0.294	0.169	0.282	-36.6	-36.8	-33.4	0.082	0.036	0.058	0	0.137	19.05	19.9	21.15	21.3	21	0.817
2025-11-23 14:45:00	-90.4313	30.701	0	16.05	14.8	92.90105674698174	101.61	1.564	64.4	0.57	33.2	0	0	1.93	0.12	0	0.197	0.279	0.293	0.168	0.282	-36.5	-36.8	-33.4	0.083	0.036	0.058	0	0.137	19.05	19.9	21.15	21.3	21	0.79
2025-11-23 15:00:00	-90.4313	30.701	0	16.56	15.2	93.25999090344015	101.61	1.611	143.2	0.75	3.9	0	0	2.72	0.11	0	0.197	0.279	0.294	0.168	0.281	-36.5	-36.8	-33.4	0.081	0.036	0.058	0	0.137	19.1	19.9	21.1	21.3	21	0.794
2025-11-23 15:15:00	-90.4313	30.701	0	18.22	16.3	96.092491411132	101.61	1.781	269.6	0.55	29.9	0	0	1.72	0.07	0	0.197	0.279	0.293	0.168	0.282	-36.5	-36.8	-33.5	0.082	0.036	0.058	0	0.137	19.1	19.8	21.1	21.3	21	0.803
2025-11-23 15:30:00	-90.4313	30.701	0	20.1	17	88.91850651572308	101.62	1.723	195	0.56	36.2	0	0	1.8	0.21	0	0.197	0.279	0.293	0.168	0.282	-36.4	-36.8	-33.4	0.083	0.036	0.059	0	0.138	19.1	19.8	21.049999999999997	21.3	21	0.716
2025-11-23 15:45:00	-90.4313	30.701	0	20.1	17.4	83.37538209538016	101.63	1.657	84.8	0.62	317.7	0	0	1.82	0.34	0	0.197	0.279	0.293	0.168	0.282	-36.3	-36.8	-33.5	0.083	0.037	0.058	0	0.137	19.15	19.8	21.049999999999997	21.3	21	0.69
2025-11-23 16:00:00	-90.4313	30.701	0	19.85	17.9	80.93426541394231	101.61	1.66	117.3	0.73	355.7	0	0	1.86	0.39	0	0.197	0.279	0.293	0.168	0.282	-36.3	-36.8	-33.4	0.082	0.037	0.058	0	0.138	19.25	19.8	21	21.3	21	0.749
2025-11-23 16:15:00	-90.4313	30.701	0	20.72	18.3	80.30447864447272	101.6	1.689	208.5	0.61	344.5	0	0	1.77	0.42	0	0.197	0.279	0.293	0.168	0.282	-36.2	-36.8	-33.5	0.083	0.036	0.058	0	0.138	19.35	19.8	21	21.3	21	0.713
2025-11-23 16:30:00	-90.4313	30.701	0	22.25	18.8	79.7649963212556	101.59	1.731	287.5	0.78	25.8	0	0	2.12	0.44	0	0.197	0.279	0.293	0.168	0.282	-36.2	-36.8	-33.4	0.083	0.037	0.058	0	0.137	19.45	19.9	20.950000000000003	21.3	21	0.723
2025-11-23 16:45:00	-90.4313	30.701	0	23.7	19.4	78.83414238995225	101.57	1.776	452.2	0.95	19.4	0	0	2.28	0.48	0	0.197	0.278	0.293	0.168	0.282	-36.2	-36.8	-33.4	0.083	0.036	0.059	0	0.138	19.6	19.9	20.950000000000003	21.3	21	0.697
2025-11-23 17:00:00	-90.4313	30.701	0	23.49	19.9	73.11156473682085	101.54	1.699	172	0.82	4.7	0	0	2.26	0.63	0	0.197	0.279	0.293	0.168	0.282	-36	-36.8	-33.5	0.083	0.037	0.058	0	0.138	19.75	19.9	20.9	21.3	21	0.636
2025-11-23 17:15:00	-90.4313	30.701	0	21.51	20.2	69.14794740744993	101.51	1.637	113	0.91	38.8	0	0	2.63	0.73	0	0.197	0.279	0.293	0.168	0.281	-35.8	-36.8	-33.5	0.083	0.037	0.059	0	0.138	19.9	20	20.9	21.3	21	0.627
2025-11-23 17:30:00	-90.4313	30.701	0	22.17	20.8	68.02038976400117	101.47	1.671	118.2	0.86	40.9	0	0	2.1	0.78	0	0.197	0.278	0.293	0.168	0.282	-35.8	-36.8	-33.5	0.082	0.037	0.058	0	0.138	20.049999999999997	20.1	20.9	21.3	21	0.541
2025-11-23 17:45:00	-90.4313	30.701	0	22.03	20.7	69.75094815551482	101.44	1.703	186.7	0.98	345.1	0	0	3.05	0.73	0	0.197	0.278	0.293	0.168	0.282	-35.8	-36.7	-33.5	0.083	0.036	0.059	0	0.138	20.2	20.1	20.85	21.3	21	0.363
2025-11-23 18:00:00	-90.4313	30.701	0	23.78	21.1	71.21383506947942	101.42	1.782	276	1.02	326.3	0	0	2.73	0.72	0	0.196	0.278	0.293	0.168	0.282	-35.8	-36.8	-33.5	0.083	0.038	0.058	0	0.138	20.35	20.2	20.85	21.3	21	0.291
2025-11-23 18:15:00	-90.4313	30.701	0	27.56	21.6	72.08875587987532	101.4	1.86	514.8	0.85	354.5	0	0	2.41	0.71	0	0.196	0.278	0.293	0.168	0.282	-35.9	-36.8	-33.4	0.083	0.037	0.059	0	0.138	20.450000000000003	20.3	20.799999999999997	21.3	21	0.21
2025-11-23 18:30:00	-90.4313	30.701	0	30.68	21.8	71.71102057362107	101.37	1.873	578.8	0.95	22.6	0	0	3.36	0.74	0	0.196	0.278	0.293	0.168	0.282	-35.8	-36.8	-33.5	0.083	0.038	0.059	0	0.138	20.6	20.3	20.799999999999997	21.25	21	0.188
2025-11-23 18:45:00	-90.4313	30.701	0	31	21.6	73.09644816636819	101.35	1.886	556.8	0.96	0.9	0	0	2.42	0.69	0	0.196	0.278	0.293	0.168	0.282	-35.7	-36.7	-33.5	0.084	0.037	0.059	0	0.138	20.8	20.4	20.799999999999997	21.25	21	0.172
2025-11-23 19:00:00	-90.4313	30.701	0	28.14	21.6	70.1121287025239	101.33	1.809	373	0.84	39.5	0	0	2.25	0.76	0	0.196	0.278	0.293	0.168	0.282	-35.5	-36.7	-33.5	0.083	0.037	0.059	0	0.137	21.049999999999997	20.5	20.799999999999997	21.25	21	0.241
2025-11-23 19:15:00	-90.4313	30.701	0	23.72	21.5	66.91572312356855	101.31	1.716	123.1	1.17	18.9	0	0	2.89	0.85	0	0.195	0.278	0.293	0.168	0.282	-35.5	-36.8	-33.5	0.083	0.037	0.059	0	0.137	21.25	20.6	20.799999999999997	21.25	21	0.313
2025-11-23 19:30:00	-90.4313	30.701	0	24.52	21.7	64.06083289493046	101.3	1.663	64.7	0.82	50.2	0	0	2.35	0.93	0	0.195	0.278	0.293	0.168	0.282	-35.6	-36.7	-33.5	0.083	0.038	0.06	0	0.137	21.4	20.7	20.799999999999997	21.25	21	0.232
2025-11-23 19:45:00	-90.4313	30.701	0	26.09	21.3	64.77959786713579	101.3	1.641	67.7	1.08	33.5	0	0	2.68	0.89	0	0.195	0.278	0.293	0.168	0.282	-35.7	-36.7	-33.5	0.084	0.037	0.059	0	0.138	21.45	20.8	20.799999999999997	21.25	21	0.199
2025-11-23 20:00:00	-90.4313	30.701	0	27.47	21	68.5965539870267	101.31	1.706	343.3	0.93	357.8	0	0	2.58	0.78	0	0.195	0.277	0.293	0.168	0.282	-35.9	-36.7	-33.5	0.084	0.037	0.059	0	0.137	21.5	20.9	20.85	21.25	21	0.223
2025-11-23 20:15:00	-90.4313	30.701	0	23.22	21.1	69.05584006737398	101.31	1.728	349.7	0.95	38.2	0	0	2.36	0.77	0	0.195	0.277	0.293	0.168	0.281	-35.9	-36.7	-33.5	0.084	0.038	0.059	0	0.137	21.6	20.9	20.85	21.2	21	0.357
2025-11-23 20:30:00	-90.4313	30.701	0	21.03	21.2	63.82752686400381	101.32	1.607	88.8	0.78	13.5	0	0	2.28	0.91	0	0.195	0.277	0.293	0.168	0.282	-35.9	-36.7	-33.4	0.084	0.038	0.059	0	0.137	21.7	21	20.85	21.2	21.1	0.479
2025-11-23 20:45:00	-90.4313	30.701	0	20.54	20.9	64.81185430194711	101.31	1.602	126.5	0.99	48.9	0	0	2.49	0.87	0	0.195	0.277	0.293	0.168	0.282	-36	-36.7	-33.5	0.085	0.038	0.06	0	0.137	21.75	21	20.85	21.2	21.1	0.46
2025-11-23 21:00:00	-90.4313	30.701	0	20.78	20.6	66.22564829872857	101.29	1.607	63.4	1	37.5	0	0	2.22	0.83	0	0.195	0.277	0.293	0.168	0.281	-36.2	-36.7	-33.5	0.085	0.037	0.059	0	0.136	21.700000000000003	21.1	20.85	21.2	21.1	0.514
2025-11-23 21:15:00	-90.4313	30.701	0	20.01	19.9	68.9804816204378	101.31	1.603	75.7	1.03	22	0	0	2.48	0.72	0	0.195	0.277	0.293	0.168	0.282	-36.4	-36.7	-33.5	0.085	0.037	0.059	0	0.137	21.65	21.1	20.9	21.2	21.1	0.64
2025-11-23 21:30:00	-90.4313	30.701	0	21.64	19.6	69.83761369078545	101.31	1.593	49.9	1.04	23.4	0	0	2.59	0.69	0	0.195	0.277	0.293	0.168	0.281	-36.5	-36.7	-33.5	0.084	0.038	0.059	0	0.138	21.7	21.1	20.95	21.2	21.1	0.514
2025-11-23 21:45:00	-90.4313	30.701	0	21.64	19	72.31295293053232	101.32	1.589	40	1.05	18.1	0	0	2.66	0.61	0	0.195	0.277	0.293	0.168	0.281	-36.6	-36.8	-33.5	0.086	0.038	0.059	0	0.137	21.65	21.2	20.95	21.2	21.1	0.615
2025-11-23 22:00:00	-90.4313	30.701	0	20.2	18.6	73.6764973390156	101.33	1.579	65.7	0.95	23.7	0	0	2.27	0.56	0	0.195	0.277	0.293	0.168	0.281	-36.8	-36.8	-33.5	0.086	0.037	0.059	0	0.138	21.55	21.2	20.95	21.2	21.1	0.691
2025-11-23 22:15:00	-90.4313	30.701	0	17.99	17.9	75.42488469600528	101.35	1.547	18.3	0.83	14.7	0	0	1.93	0.5	0	0.195	0.277	0.293	0.168	0.281	-36.9	-36.8	-33.5	0.086	0.039	0.059	0	0.137	21.5	21.2	20.95	21.2	21.1	0.689
2025-11-23 22:30:00	-90.4313	30.701	0	16.78	17.2	76.43601652918744	101.36	1.5	2.8	0.69	23.9	0	0	1.34	0.46	0	0.195	0.277	0.293	0.168	0.281	-36.9	-36.7	-33.5	0.085	0.038	0.059	0	0.138	21.5	21.2	20.95	21.2	21.1	0.66
2025-11-23 22:45:00	-90.4313	30.701	0	16.14	16.5	78.25585506256057	101.36	1.469	0	0.86	20.4	0	0	1.76	0.41	0	0.195	0.277	0.293	0.168	0.281	-37.2	-36.8	-33.5	0.085	0.037	0.059	0	0.137	21.4	21.2	21	21.2	21.1	0.696
2025-11-23 23:00:00	-90.4313	30.701	0	15.62	15.9	80.20124461459544	101.37	1.449	0	0.83	30.6	0	0	1.63	0.36	0	0.195	0.277	0.293	0.168	0.281	-37.3	-36.8	-33.4	0.085	0.038	0.059	0	0.137	21.3	21.1	21.05	21.2	21.1	NA
2025-11-23 23:15:00	-90.4313	30.701	0	15.19	15.3	82.19427561624686	101.38	1.429	0	0.86	31.4	0	0	1.69	0.31	0	0.195	0.277	0.293	0.168	0.281	-37.4	-36.8	-33.5	0.084	0.037	0.059	0	0.137	21.25	21.1	21.05	21.2	21.1	NA
2025-11-23 23:30:00	-90.4313	30.701	0	14.9	14.8	83.81290989129874	101.38	1.411	0	0.74	18.8	0	0	2.99	0.27	0	0.195	0.277	0.293	0.168	0.281	-37.6	-36.8	-33.5	0.083	0.037	0.059	0	0.138	21.1	21.1	21.05	21.2	21.1	NA
2025-11-23 23:45:00	-90.4313	30.701	0	14.65	14.4	85.03108825816486	101.39	1.395	0	0.65	33.4	0	0	2.13	0.24	0	0.195	0.277	0.293	0.168	0.281	-37.8	-36.8	-33.5	0.083	0.038	0.059	0	0.138	21	21	21.05	21.2	21.1	NA
2025-11-24 00:00:00	-90.4313	30.701	0	14.42	14.1	85.76710764222216	101.39	1.38	0	0.66	22.1	0	0	2.87	0.22	0	0.195	0.277	0.293	0.168	0.281	-37.9	-36.8	-33.5	0.084	0.037	0.059	0	0.137	20.9	21	21.05	21.2	21.1	NA
2025-11-24 00:15:00	-90.4313	30.701	0	14.21	13.8	86.693410142242	101.39	1.368	0	0.69	17.3	0	0	1.43	0.21	0	0.195	0.277	0.293	0.168	0.281	-37.9	-36.8	-33.5	0.084	0.037	0.059	0	0.137	20.7	20.9	21.05	21.2	21.1	NA
2025-11-24 00:30:00	-90.4313	30.701	0	14.19	13.6	87.31503027149961	101.38	1.36	0	0.6	47.8	0	0	1.05	0.19	0	0.195	0.277	0.293	0.168	0.281	-38.1	-36.8	-33.5	0.084	0.037	0.06	0	0.137	20.6	20.9	21.05	21.2	21.1	NA
2025-11-24 00:45:00	-90.4313	30.701	0	14.2	13.4	88.13502297509052	101.37	1.355	0	0.48	24.1	0	0	1.1	0.18	0	0.195	0.277	0.293	0.168	0.281	-38.3	-36.8	-33.5	0.084	0.036	0.058	0	0.137	20.5	20.8	21.05	21.2	21.1	NA
2025-11-24 01:00:00	-90.4313	30.701	0	14.27	13.2	89.16105246449511	101.39	1.353	0	0.73	48.1	0	0	1.43	0.17	0	0.195	0.277	0.293	0.168	0.281	-38.3	-36.8	-33.5	0.084	0.037	0.058	0	0.137	20.4	20.8	21.05	21.2	21.1	NA
2025-11-24 01:15:00	-90.4313	30.701	0	14.18	13.2	89.42464759373233	101.36	1.357	0	0.71	62.7	0	0	1.67	0.15	0	0.195	0.277	0.293	0.168	0.281	-38.4	-36.9	-33.5	0.084	0.036	0.059	0	0.138	20.3	20.7	21.05	21.2	21.1	NA
2025-11-24 01:30:00	-90.4313	30.701	0	14.05	12.9	90.72571370992415	101.35	1.35	0	0.48	29.4	0	0	1.16	0.14	0	0.196	0.277	0.293	0.168	0.281	-38.4	-36.9	-33.5	0.084	0.036	0.058	0	0.137	20.2	20.6	21.05	21.2	21.1	NA
2025-11-24 01:45:00	-90.4313	30.701	0	13.86	12.8	91.0512624038355	101.34	1.346	0	0.45	55.7	0	0	1.09	0.13	0	0.196	0.277	0.293	0.168	0.281	-38.4	-36.9	-33.5	0.084	0.035	0.059	0	0.137	20.1	20.6	21.05	21.15	21.1	NA
2025-11-24 02:00:00	-90.4313	30.701	0	13.68	12.6	91.9104922744277	101.35	1.341	0	0.64	22.4	0	0	1.27	0.12	0	0.196	0.278	0.293	0.168	0.281	-38.5	-36.9	-33.5	0.084	0.037	0.059	0	0.137	20	20.5	21.05	21.15	21.1	NA
2025-11-24 02:15:00	-90.4313	30.701	0	13.52	12.5	92.23990413522881	101.35	1.337	0	0.75	64.1	0	0	1.83	0.11	0	0.196	0.278	0.293	0.168	0.281	-38.5	-36.9	-33.5	0.083	0.036	0.058	0	0.138	19.9	20.5	21.05	21.15	21.1	NA
2025-11-24 02:30:00	-90.4313	30.701	0	13.28	12.1	93.14092305166034	101.36	1.315	0	0.27	62.7	0	0	0.58	0.09	0	0.196	0.278	0.293	0.168	0.281	-38.6	-36.9	-33.5	0.084	0.037	0.058	0	0.137	19.8	20.4	21.05	21.15	21.1	1
2025-11-24 02:45:00	-90.4313	30.701	0	13.29	12.1	93.07009345238151	101.34	1.314	0	0.56	31.9	0	0	0.99	0.09	0	0.196	0.278	0.293	0.168	0.281	-38.7	-36.9	-33.5	0.084	0.037	0.059	0	0.137	19.7	20.4	21.05	21.15	21.1	1
2025-11-24 03:00:00	-90.4313	30.701	0	13.1	11.9	93.94677207044084	101.33	1.309	0	0.49	140	0	0	1.25	0.08	0	0.196	0.278	0.293	0.168	0.281	-38.8	-36.9	-33.5	0.084	0.037	0.059	0	0.137	19.7	20.3	21.05	21.15	21.1	1
2025-11-24 03:15:00	-90.4313	30.701	0	12.85	11.6	95.0954575895409	101.31	1.299	0	0.43	149.9	0	0	1.37	0.06	0	0.196	0.278	0.293	0.168	0.281	-38.9	-36.9	-33.5	0.083	0.036	0.058	0	0.136	19.6	20.2	21	21.15	21.1	1
2025-11-24 03:30:00	-90.4313	30.701	0	12.46	11	96.21287395139268	101.34	1.263	0	0.22	225.4	0	0	0.53	0.05	0	0.196	0.278	0.293	0.168	0.281	-38.9	-36.9	-33.5	0.083	0.038	0.059	0	0.138	19.5	20.2	21	21.15	21.1	1
2025-11-24 03:45:00	-90.4313	30.701	0	12.51	11.1	94.59195118242293	101.33	1.25	0	0.17	143.7	0	0	0.43	0.07	0	0.196	0.278	0.293	0.168	0.281	-39	-36.9	-33.5	0.082	0.035	0.059	0	0.137	19.4	20.1	21	21.15	21.1	1
2025-11-24 04:00:00	-90.4313	30.701	0	12.78	11.1	94.97031898715261	101.3	1.255	0	0.43	48.4	0	0	0.92	0.06	0	0.197	0.278	0.293	0.168	0.281	-39	-37	-33.5	0.083	0.036	0.059	0	0.137	19.3	20.1	21	21.15	21.1	1
2025-11-24 04:15:00	-90.4313	30.701	0	12.86	10.9	95.8578847436503	101.3	1.25	0	0.14	324.1	0	0	0.38	0.06	0	0.197	0.278	0.293	0.168	0.281	-39.1	-37	-33.5	0.083	0.036	0.059	0	0.137	19.3	20	21	21.15	21.1	1
2025-11-24 04:30:00	-90.4313	30.701	0	12.81	10.9	95.78119843585539	101.3	1.249	0	0.23	350.2	0	0	0.45	0.06	0	0.197	0.278	0.293	0.168	0.281	-39.2	-36.9	-33.5	0.083	0.035	0.059	0	0.137	19.2	20	20.9	21.15	21.1	1
2025-11-24 04:45:00	-90.4313	30.701	0	12.84	11	95.75580566658797	101.29	1.257	0	0.32	27.1	0	0	0.79	0.06	0	0.197	0.278	0.293	0.168	0.281	-39.3	-37	-33.5	0.082	0.036	0.059	0	0.137	19.1	19.9	20.9	21.15	21.1	1
2025-11-24 05:00:00	-90.4313	30.701	0	12.75	10.8	96.42076796162988	101.29	1.249	0	0.12	292.8	0	0	0.45	0.04	0	0.197	0.278	0.294	0.168	0.281	-39.3	-37	-33.5	0.082	0.036	0.059	0	0.138	19.1	19.9	20.9	21.15	21.1	1
2025-11-24 05:15:00	-90.4313	30.701	0	12.64	10.8	96.11197446935886	101.28	1.245	0	0.23	330.8	0	0	0.42	0.05	0	0.197	0.278	0.294	0.168	0.281	-39.4	-37	-33.5	0.083	0.035	0.059	0	0.139	19	19.8	20.9	21.15	21.1	1
2025-11-24 05:30:00	-90.4313	30.701	0	12.51	10.7	96.36570063466871	101.27	1.24	0	0.3	343	0	0	0.55	0.05	0	0.197	0.278	0.294	0.168	0.281	-39.4	-37	-33.5	0.081	0.036	0.059	0	0.138	18.9	19.8	20.9	21.15	21.1	1
2025-11-24 05:45:00	-90.4313	30.701	0	12.42	10.6	96.93198102387184	101.26	1.239	0	0.32	329	0	0	0.59	0.04	0	0.197	0.278	0.294	0.168	0.281	-39.4	-37	-33.5	0.082	0.036	0.059	0	0.137	18.9	19.7	20.799999999999997	21.15	21.1	1
2025-11-24 06:00:00	-90.4313	30.701	0	12.15	10.3	97.61604820832456	101.26	1.223	0	0.26	179.3	0	0	0.44	0.03	0	0.197	0.278	0.294	0.168	0.281	-39.5	-37	-33.5	0.083	0.036	0.059	0	0.137	18.8	19.7	20.799999999999997	21.15	21.1	1
2025-11-24 06:15:00	-90.4313	30.701	0	12.09	10.1	97.39402055327157	101.26	1.204	0	0.24	324	0	0	0.61	0.03	0	0.197	0.279	0.294	0.168	0.281	-39.5	-37	-33.5	0.083	0.036	0.059	0	0.138	18.75	19.6	20.799999999999997	21.15	21.1	1
2025-11-24 06:30:00	-90.4313	30.701	0	12.36	10.4	95.69737672370809	101.26	1.207	0	0.35	5.1	0	0	0.68	0.05	0	0.197	0.279	0.294	0.168	0.281	-39.5	-37	-33.5	0.083	0.036	0.058	0	0.137	18.7	19.6	20.799999999999997	21.15	21.1	1
2025-11-24 06:45:00	-90.4313	30.701	0	12.37	10.4	96.56951520254884	101.25	1.218	0	0.44	25.2	0	0	0.91	0.04	0	0.198	0.279	0.294	0.168	0.281	-39.5	-37	-33.5	0.081	0.036	0.059	0	0.136	18.65	19.5	20.75	21.15	21.1	1
2025-11-24 07:00:00	-90.4313	30.701	0	12.48	10.5	96.47819985692992	101.26	1.225	0	0.43	9.3	0	0	0.91	0.04	0	0.198	0.279	0.294	0.168	0.281	-39.5	-37	-33.5	0.082	0.037	0.058	0	0.137	18.6	19.5	20.700000000000003	21.1	21.1	1
2025-11-24 07:15:00	-90.4313	30.701	0	12.57	10.7	96.4434149093741	101.24	1.241	0	0.5	85.2	0	0	0.97	0.05	0	0.198	0.279	0.294	0.168	0.281	-39.5	-37.1	-33.5	0.082	0.036	0.059	0	0.136	18.55	19.5	20.700000000000003	21.1	21.1	1
2025-11-24 07:30:00	-90.4313	30.701	0	12.75	10.9	96.08794366703505	101.26	1.253	0	0.39	358.5	0	0	0.76	0.05	0	0.198	0.279	0.294	0.168	0.281	-39.6	-37.1	-33.5	0.083	0.036	0.059	0	0.137	18.5	19.4	20.700000000000003	21.1	21.1	1
2025-11-24 07:45:00	-90.4313	30.701	0	12.61	11	96.59376418872996	101.28	1.268	0	0.5	6.2	0	0	0.91	0.04	0	0.198	0.279	0.294	0.168	0.281	-39.6	-37.1	-33.5	0.081	0.036	0.059	0	0.138	18.45	19.4	20.65	21.1	21.1	1
2025-11-24 08:00:00	-90.4313	30.701	0	12.65	11.1	96.63513732796325	101.28	1.277	0	0.59	50.5	0	0	1.02	0.04	0	0.198	0.279	0.294	0.168	0.281	-39.7	-37.1	-33.5	0.082	0.035	0.058	0	0.138	18.4	19.3	20.65	21.1	21.1	1
2025-11-24 08:15:00	-90.4313	30.701	0	12.53	11.1	96.86215801080108	101.29	1.28	0	0.58	35.5	0	0	1.1	0.04	0	0.198	0.279	0.294	0.168	0.281	-39.7	-37.1	-33.6	0.081	0.036	0.059	0	0.138	18.35	19.3	20.6	21.1	21.1	1
2025-11-24 08:30:00	-90.4313	30.701	0	12.43	11.1	96.78648444985514	101.29	1.279	0	0.65	27.6	0	0	1.08	0.04	0	0.198	0.279	0.294	0.168	0.281	-39.8	-37.1	-33.5	0.082	0.036	0.058	0	0.137	18.35	19.3	20.6	21.1	21.1	1
2025-11-24 08:45:00	-90.4313	30.701	0	12.41	11	97.43172271087194	101.27	1.279	0	0.63	46.6	0	0	1.07	0.04	0	0.198	0.279	0.294	0.168	0.281	-39.8	-37.1	-33.5	0.082	0.036	0.058	0	0.137	18.25	19.2	20.549999999999997	21.1	21.1	1
2025-11-24 09:00:00	-90.4313	30.701	0	12.44	11.2	96.4467246834837	101.26	1.283	0	0.54	63.9	0	0	0.84	0.05	0	0.198	0.279	0.294	0.168	0.281	-39.9	-37.1	-33.6	0.083	0.036	0.058	0	0.137	18.25	19.2	20.549999999999997	21.1	21.1	1
2025-11-24 09:15:00	-90.4313	30.701	0	12.18	11	97.66025685327429	101.26	1.282	0	0.24	14.3	0	0	0.53	0.03	0	0.198	0.279	0.294	0.168	0.281	-40	-37.1	-33.6	0.082	0.035	0.059	0	0.137	18.25	19.2	20.5	21.1	21.1	1
2025-11-24 09:30:00	-90.4313	30.701	0	12.03	10.6	98.34019382325012	101.26	1.257	0	0.13	96.2	0	0	0.34	0.02	0	0.198	0.279	0.294	0.168	0.281	-40	-37.1	-33.6	0.081	0.036	0.058	0	0.137	18.15	19.1	20.5	21.1	21.1	1
2025-11-24 09:45:00	-90.4313	30.701	0	12.09	10.8	96.65236308083315	101.26	1.252	0	0.3	42.7	0	0	0.72	0.04	0	0.198	0.279	0.294	0.168	0.281	-40	-37.1	-33.6	0.081	0.035	0.058	0	0.138	18.15	19.1	20.450000000000003	21.1	21.1	1
2025-11-24 10:00:00	-90.4313	30.701	0	12.07	10.7	97.22055765642786	101.25	1.251	0	0.34	30.6	0	0	0.78	0.03	0	0.198	0.279	0.294	0.168	0.281	-40	-37.1	-33.6	0.082	0.036	0.059	0	0.137	18.1	19	20.450000000000003	21.1	21.1	1
2025-11-24 10:15:00	-90.4313	30.701	0	12.05	10.6	97.8707895567907	101.24	1.251	0	0.36	58.2	0	0	0.78	0.03	0	0.198	0.279	0.294	0.168	0.281	-40.1	-37.1	-33.6	0.081	0.035	0.058	0	0.138	18.05	19	20.4	21.1	21.1	1
2025-11-24 10:30:00	-90.4313	30.701	0	11.86	10.4	98.2345068439721	101.24	1.239	0	0.21	59.2	0	0	0.7	0.02	0	0.198	0.279	0.294	0.168	0.281	-40.1	-37.1	-33.6	0.08	0.036	0.058	0	0.137	18.05	19	20.4	21.1	21.1	1
2025-11-24 10:45:00	-90.4313	30.701	0	12	10.6	96.77551293505205	101.22	1.237	0	0.42	61.8	0	0	0.83	0.04	0	0.198	0.279	0.294	0.168	0.281	-40.1	-37.1	-33.6	0.079	0.036	0.059	0	0.138	17.95	19	20.35	21.1	21.1	1
2025-11-24 11:00:00	-90.4313	30.701	0	12.05	10.7	97.22055765642786	101.22	1.251	0	0.59	40.1	0	0	1.01	0.03	0	0.198	0.279	0.294	0.168	0.281	-40.1	-37.1	-33.6	0.081	0.036	0.058	0	0.137	17.95	18.9	20.35	21.1	21.1	1
2025-11-24 11:15:00	-90.4313	30.701	0	12.05	10.6	97.8707895567907	101.22	1.251	0	0.63	44.5	0	0	1.17	0.03	0	0.199	0.279	0.294	0.168	0.281	-40.1	-37.1	-33.6	0.079	0.036	0.058	0	0.138	17.9	18.9	20.299999999999997	21.1	21.1	1
2025-11-24 11:30:00	-90.4313	30.701	0	12.1	10.7	97.29827193113324	101.22	1.252	0	0.61	64.6	0	0	0.96	0.03	0	0.199	0.279	0.294	0.168	0.281	-40.2	-37.1	-33.6	0.079	0.036	0.059	0	0.137	17.85	18.8	20.299999999999997	21.1	21.1	1
2025-11-24 11:45:00	-90.4313	30.701	0	12.43	11	97.05083247353468	101.21	1.274	0	0.44	55.9	0	0	0.94	0.04	0	0.199	0.279	0.294	0.168	0.281	-40.2	-37.1	-33.6	0.079	0.035	0.058	0	0.136	17.85	18.8	20.25	21.1	21.1	1
2025-11-24 12:00:00	-90.4313	30.701	0	12.46	11.3	96.85449463260873	101.21	1.297	0	0.58	49.7	0	0	0.97	0.04	0	0.199	0.279	0.294	0.168	0.281	-40.2	-37.1	-33.7	0.079	0.035	0.058	0	0.137	17.85	18.8	20.25	21.1	21.1	1
2025-11-24 12:15:00	-90.4313	30.701	0	12.36	11.2	98.10052666558553	101.21	1.305	0	0.51	44.3	0	0	0.87	0.02	0	0.199	0.279	0.294	0.168	0.281	-40.3	-37.1	-33.7	0.08	0.036	0.059	0	0.137	17.75	18.7	20.25	21.1	21.1	1
2025-11-24 12:30:00	-90.4313	30.701	0	12.34	11.1	98.45130279066578	101.22	1.301	0	0.62	35.7	0	0	1.07	0.02	0	0.199	0.279	0.294	0.168	0.281	-40.3	-37.2	-33.7	0.079	0.035	0.059	0	0.137	17.75	18.7	20.200000000000003	21.1	21.1	1
2025-11-24 12:45:00	-90.4313	30.701	0	12.27	10.9	98.8486507476522	101.23	1.289	0	0.61	29.9	0	0	1.01	0.02	0	0.199	0.279	0.294	0.168	0.281	-40.4	-37.2	-33.7	0.078	0.036	0.059	0	0.137	17.75	18.7	20.15	21.1	21.1	0.967
2025-11-24 13:00:00	-90.4313	30.701	0	12.41	11	97.66025685327429	101.24	1.282	0	0.67	40.5	0	0	1.2	0.03	0	0.199	0.279	0.294	0.168	0.281	-40.4	-37.2	-33.7	0.079	0.036	0.059	0	0.137	17.75	18.7	20.15	21.1	21.1	0.968
2025-11-24 13:15:00	-90.4313	30.701	0	12.76	11.3	97.15319777719658	101.25	1.301	8.2	0.65	50.9	0	0	1.09	0.04	0	0.199	0.279	0.294	0.168	0.281	-40.4	-37.2	-33.7	0.08	0.035	0.058	0	0.137	17.65	18.6	20.15	21.05	21.1	0.934
2025-11-24 13:30:00	-90.4313	30.701	0	13.23	11.7	97.37768042330747	101.26	1.339	14.4	0.67	35	0	0	1.32	0.03	0	0.199	0.279	0.294	0.168	0.281	-40.5	-37.2	-33.7	0.078	0.034	0.058	0	0.138	17.65	18.6	20.1	21	21.1	0.904
2025-11-24 13:45:00	-90.4313	30.701	0	13.72	12.1	97.39069900839009	101.27	1.375	20.3	0.62	38	0	0	1	0.04	0	0.199	0.279	0.294	0.168	0.281	-40.5	-37.2	-33.7	0.078	0.035	0.059	0	0.137	17.65	18.6	20.1	21	21.1	0.84
2025-11-24 14:00:00	-90.4313	30.701	0	14.31	12.8	96.46292733125512	101.26	1.426	25.9	0.67	32.7	0	0	1.74	0.05	0	0.199	0.279	0.294	0.168	0.281	-40.5	-37.2	-33.8	0.081	0.034	0.059	0	0.137	17.65	18.6	20.049999999999997	21	21.1	0.855
2025-11-24 14:15:00	-90.4313	30.701	0	15.03	13.7	95.6786807276759	101.27	1.5	32.8	0.55	74.7	0	0	1.62	0.07	0	0.199	0.279	0.294	0.168	0.281	-40.5	-37.2	-33.8	0.079	0.033	0.059	0	0.137	17.65	18.5	20.049999999999997	21	21.1	0.839
2025-11-24 14:30:00	-90.4313	30.701	0	15.67	14.4	96.85620017363725	101.28	1.589	43.2	0.48	73.5	0	0	2.07	0.06	0	0.199	0.279	0.294	0.168	0.281	-40.5	-37.1	-33.8	0.079	0.034	0.059	0	0.139	17.7	18.5	20	21	21.1	0.842
2025-11-24 14:45:00	-90.4313	30.701	0	16.34	15.3	96.05629130800017	101.3	1.67	61.7	0.57	44.7	0	0	1.73	0.07	0	0.199	0.279	0.294	0.168	0.281	-40.4	-37.2	-33.8	0.078	0.033	0.059	0	0.139	17.7	18.5	20	21	21.1	0.856
2025-11-24 15:00:00	-90.4313	30.701	0	17.29	16.2	97.8472980617716	101.32	1.802	141.5	0.66	98.6	0	0	1.63	0.04	0	0.199	0.279	0.294	0.168	0.281	-40.4	-37.1	-33.8	0.079	0.035	0.059	0	0.138	17.75	18.5	19.950000000000003	21	21.1	0.82
2025-11-24 15:15:00	-90.4313	30.701	0	18.76	17.3	98.68969763401955	101.31	1.949	246.9	0.56	135.7	0	0	1.35	0.02	0	0.199	0.279	0.294	0.168	0.281	-40.4	-37.2	-33.8	0.078	0.034	0.059	0	0.138	17.75	18.5	19.950000000000003	21	21.1	0.826
2025-11-24 15:30:00	-90.4313	30.701	0	20.64	18	95.01018694634003	101.32	1.961	218.8	0.63	145.6	0	0	2.27	0.1	0	0.199	0.279	0.294	0.168	0.281	-40.4	-37.2	-33.8	0.079	0.034	0.059	0	0.137	17.85	18.5	19.9	21	21.1	0.712
2025-11-24 15:45:00	-90.4313	30.701	0	21.04	18.8	88.88889538053266	101.32	1.929	77.7	0.61	126.8	0	0	1.86	0.24	0	0.199	0.279	0.294	0.168	0.281	-40.3	-37.2	-33.8	0.08	0.034	0.058	0	0.138	17.9	18.6	19.9	21	21.1	0.652
2025-11-24 16:00:00	-90.4313	30.701	0	20.38	19.2	85.5295845089484	101.31	1.903	89.6	0.74	179.5	0	0	1.97	0.32	0	0.199	0.279	0.294	0.168	0.281	-40.1	-37.2	-33.8	0.08	0.033	0.059	0	0.137	18.1	18.6	19.9	21	21.1	0.718
2025-11-24 16:15:00	-90.4313	30.701	0	21.65	19.8	84.39099010050097	101.3	1.949	157.7	0.7	118.5	0	0	1.85	0.36	0	0.199	0.279	0.294	0.168	0.281	-40	-37.2	-33.8	0.081	0.034	0.059	0	0.137	18.25	18.6	19.9	21	21.1	0.672
2025-11-24 16:30:00	-90.4313	30.701	0	23.53	20.4	83.94489573441592	101.3	2.012	235.1	0.89	217.8	0	0	2.67	0.39	0	0.199	0.279	0.294	0.168	0.281	-39.9	-37.2	-33.8	0.083	0.035	0.058	0	0.136	18.45	18.7	19.85	21	21.1	0.711
2025-11-24 16:45:00	-90.4313	30.701	0	24.82	21.2	82.97181307959177	101.28	2.089	421.3	1.01	188.2	0	0	2.53	0.43	0	0.198	0.279	0.294	0.168	0.281	-39.9	-37.2	-33.8	0.082	0.035	0.058	0	0.137	18.55	18.8	19.85	21	21.1	0.698
2025-11-24 17:00:00	-90.4313	30.701	0	25.06	22	76.8174302713942	101.26	2.031	157.1	0.88	151.6	0	0	2.35	0.61	0	0.198	0.279	0.294	0.168	0.281	-39.9	-37.2	-33.8	0.082	0.036	0.058	0	0.137	18.700000000000003	18.8	19.799999999999997	20.95	21.1	0.642
2025-11-24 17:15:00	-90.4313	30.701	0	22.66	22.4	73.5673450228993	101.24	1.993	98.3	1.55	203	0	0	3.89	0.71	0	0.198	0.279	0.294	0.168	0.281	-39.8	-37.2	-33.8	0.082	0.036	0.058	0	0.138	18.950000000000003	18.9	19.799999999999997	20.95	21.1	0.625
2025-11-24 17:30:00	-90.4313	30.701	0	23.44	22.8	73.60487860710411	101.2	2.043	121.1	1.44	214.9	0	0	3.51	0.74	0	0.198	0.279	0.294	0.168	0.281	-39.6	-37.2	-33.8	0.084	0.036	0.059	0	0.137	19.2	19	19.799999999999997	20.9	21.1	0.561
2025-11-24 17:45:00	-90.4313	30.701	0	23.98	22.9	74.52131159724087	101.17	2.081	186	0.94	107.8	0	0	2.65	0.71	0	0.198	0.279	0.294	0.168	0.281	-39.6	-37.2	-33.8	0.083	0.036	0.059	0	0.137	19.35	19.1	19.799999999999997	20.9	21.1	0.46
2025-11-24 18:00:00	-90.4313	30.701	0	25.94	23.5	76.0136974054249	101.14	2.201	310.8	1.04	175.6	0	0	2.3	0.7	0	0.198	0.279	0.294	0.168	0.281	-39.6	-37.2	-33.8	0.084	0.036	0.058	0	0.137	19.5	19.2	19.799999999999997	20.9	21.1	0.413
2025-11-24 18:15:00	-90.4313	30.701	0	27.72	23.9	76.43150953132093	101.1	2.267	419.6	0.99	149.7	0	0	2.93	0.7	0	0.197	0.279	0.294	0.168	0.281	-39.7	-37.2	-33.8	0.083	0.035	0.058	0	0.138	19.6	19.3	19.799999999999997	20.9	21.1	0.46
2025-11-24 18:30:00	-90.4313	30.701	0	26.87	24	73.39345061513879	101.07	2.19	242.7	0.82	133.8	0	0	2.2	0.78	0	0.197	0.279	0.294	0.168	0.281	-39.5	-37.2	-33.8	0.083	0.036	0.059	0	0.138	19.85	19.4	19.799999999999997	20.9	21.1	0.542
2025-11-24 18:45:00	-90.4313	30.701	0	28.61	24.1	72.68791442706488	101.04	2.182	334.6	0.81	191.8	0	0	2.56	0.82	0	0.197	0.278	0.294	0.168	0.281	-39.4	-37.2	-33.8	0.083	0.037	0.059	0	0.138	20.1	19.5	19.799999999999997	20.9	21.1	0.45
2025-11-24 19:00:00	-90.4313	30.701	0	29.37	24.3	73.30307539621727	101.02	2.227	272.9	1.19	153.2	0	0	3.33	0.81	0	0.197	0.278	0.294	0.168	0.281	-39.3	-37.2	-33.8	0.084	0.037	0.059	0	0.137	20.25	19.6	19.799999999999997	20.9	21.1	0.515
2025-11-24 19:15:00	-90.4313	30.701	0	26.55	24.2	72.75013136808663	100.99	2.197	190.9	0.89	130.6	0	0	2.61	0.82	0	0.196	0.278	0.294	0.168	0.281	-39.3	-37.2	-33.8	0.084	0.036	0.059	0	0.137	20.450000000000003	19.7	19.85	20.9	21.1	0.604
2025-11-24 19:30:00	-90.4313	30.701	0	24.96	23.8	73.22903006071618	100.99	2.159	106.5	0.58	122.5	0	0	1.73	0.8	0	0.196	0.278	0.294	0.168	0.281	-39.3	-37.2	-33.8	0.084	0.035	0.058	0	0.137	20.65	19.8	19.85	20.9	21.1	0.644
2025-11-24 19:45:00	-90.4313	30.701	0	24.4	23.6	73.9094747878302	100.99	2.153	85.2	0.66	142.6	0	0	1.64	0.76	0	0.196	0.278	0.294	0.168	0.281	-39.4	-37.2	-33.8	0.085	0.035	0.059	0	0.137	20.8	19.9	19.85	20.9	21.1	0.646
2025-11-24 20:00:00	-90.4313	30.701	0	24.88	23.4	75.46565947699462	101	2.172	115.3	0.55	137	0	0	1.89	0.71	0	0.196	0.278	0.294	0.168	0.281	-39.5	-37.2	-33.8	0.084	0.036	0.058	0	0.138	20.9	20	19.85	20.9	21.1	0.644
2025-11-24 20:15:00	-90.4313	30.701	0	23.56	23.4	75.29193558317095	100.99	2.167	56.3	0.81	192.3	0	0	2.28	0.71	0	0.196	0.278	0.294	0.168	0.281	-39.7	-37.2	-33.8	0.083	0.035	0.058	0	0.137	20.95	20.1	19.9	20.85	21.1	0.668
2025-11-24 20:30:00	-90.4313	30.701	0	24.52	23.4	76.47325806117179	100.98	2.201	98.9	0.59	111.9	0	0	1.48	0.68	0	0.196	0.278	0.294	0.168	0.281	-39.7	-37.3	-33.8	0.085	0.036	0.059	0	0.137	21	20.2	19.95	20.85	21.1	0.627
2025-11-24 20:45:00	-90.4313	30.701	0	24.57	23.7	75.9910733602846	100.96	2.227	106.8	0.62	100	0	0	1.94	0.7	0	0.196	0.278	0.294	0.168	0.281	-39.8	-37.3	-33.8	0.084	0.037	0.058	0	0.137	21.049999999999997	20.2	19.95	20.85	21.1	0.628
2025-11-24 21:00:00	-90.4313	30.701	0	24.18	23.8	76.17989880332031	100.95	2.246	78.3	0.58	112.8	0	0	1.73	0.71	0	0.196	0.278	0.294	0.168	0.281	-40	-37.3	-33.8	0.083	0.037	0.059	0	0.138	21.15	20.3	19.95	20.85	21.1	0.627
2025-11-24 21:15:00	-90.4313	30.701	0	22.87	23.7	75.85458288276276	100.95	2.223	36.8	0.44	162	0	0	1.12	0.7	0	0.196	0.278	0.294	0.168	0.281	-40.1	-37.3	-33.8	0.084	0.037	0.059	0	0.138	21.15	20.4	20	20.8	21.1	0.65
2025-11-24 21:30:00	-90.4313	30.701	0	22.26	23.1	78.15387869356495	100.95	2.209	21.1	0.41	110.4	0	0	0.87	0.62	0	0.196	0.278	0.294	0.168	0.281	-40.2	-37.3	-33.8	0.083	0.037	0.058	0	0.137	21.200000000000003	20.4	20	20.8	21.1	0.666
2025-11-24 21:45:00	-90.4313	30.701	0	22.3	22.9	79.67800014601679	100.96	2.225	25.2	0.33	99.5	0	0	1.18	0.57	0	0.196	0.278	0.294	0.168	0.281	-40.2	-37.3	-33.8	0.083	0.037	0.059	0	0.136	21.200000000000003	20.4	20.05	20.8	21.1	0.668
2025-11-24 22:00:00	-90.4313	30.701	0	22.83	23	80.051608267462	100.94	2.249	45.9	0.51	93.9	0	0	1.2	0.57	0	0.196	0.277	0.294	0.168	0.281	-40.4	-37.4	-33.8	0.083	0.036	0.059	0	0.138	21.2	20.5	20.05	20.8	21.1	0.656
2025-11-24 22:15:00	-90.4313	30.701	0	22.67	23.2	79.68763844160638	100.93	2.266	37.7	0.47	85.1	0	0	1.46	0.57	0	0.196	0.277	0.294	0.168	0.281	-40.5	-37.3	-33.8	0.083	0.037	0.059	0	0.137	21.2	20.5	20.1	20.8	21.1	0.654
2025-11-24 22:30:00	-90.4313	30.701	0	21.58	22.9	80.32258621461376	100.93	2.243	12.1	0.52	114.2	0	0	1.21	0.55	0	0.196	0.277	0.294	0.168	0.281	-40.6	-37.4	-33.8	0.083	0.037	0.059	0	0.138	21.2	20.5	20.15	20.8	21.1	0.65
2025-11-24 22:45:00	-90.4313	30.701	0	21.58	22.5	81.85390902839349	100.93	2.231	0.2	0.26	110.9	0	0	1.31	0.5	0	0.196	0.277	0.294	0.168	0.281	-40.6	-37.4	-33.8	0.083	0.037	0.059	0	0.138	21.2	20.5	20.15	20.8	21.1	NA
2025-11-24 23:00:00	-90.4313	30.701	0	20.75	22.1	83.34306561621196	100.92	2.217	0	0.3	126.9	0	0	0.76	0.44	0	0.196	0.277	0.294	0.168	0.281	-40.7	-37.4	-33.8	0.083	0.037	0.059	0	0.137	21.2	20.6	20.2	20.8	21.1	NA
2025-11-24 23:15:00	-90.4313	30.701	0	21.17	21.7	85.09343347258051	100.91	2.209	0	0.25	115.9	0	0	0.84	0.38	0	0.196	0.277	0.294	0.168	0.281	-40.9	-37.4	-33.8	0.084	0.037	0.059	0	0.137	21.15	20.6	20.25	20.8	21.1	NA
2025-11-24 23:30:00	-90.4313	30.701	0	21	22	83.58765184627335	100.88	2.21	0	0.52	103.7	0	0	2.2	0.43	0	0.196	0.277	0.294	0.168	0.281	-41	-37.4	-33.8	0.083	0.037	0.06	0	0.138	21.15	20.6	20.25	20.8	21.1	NA
2025-11-24 23:45:00	-90.4313	30.701	0	20.8	21.9	83.90861650752015	100.87	2.205	0	0.52	106.3	0	0	1.36	0.42	0	0.196	0.277	0.294	0.168	0.281	-41	-37.4	-33.8	0.083	0.037	0.059	0	0.138	21.05	20.6	20.25	20.8	21.1	NA
2025-11-25 00:00:00	-90.4313	30.701	0	20.97	21.8	84.49878398610875	100.86	2.207	0	0.52	140.7	0	0	1.86	0.41	0	0.196	0.277	0.294	0.168	0.281	-41.1	-37.4	-33.8	0.083	0.038	0.059	0	0.137	21.05	20.6	20.3	20.8	21.1	NA
2025-11-25 00:15:00	-90.4313	30.701	0	21.05	21.9	84.36526203953387	100.85	2.217	0	0.59	117.9	0	0	2.03	0.4	0	0.196	0.277	0.294	0.168	0.281	-41.2	-37.4	-33.9	0.084	0.038	0.059	0	0.138	21.05	20.6	20.3	20.8	21.1	NA
2025-11-25 00:30:00	-90.4313	30.701	0	20.93	21.8	85.03479802136273	100.85	2.221	0	0.51	133.4	0	0	1.59	0.39	0	0.196	0.277	0.294	0.168	0.281	-41.3	-37.4	-33.9	0.084	0.037	0.06	0	0.137	21	20.6	20.35	20.8	21.1	NA
2025-11-25 00:45:00	-90.4313	30.701	0	20.99	21.7	85.78681590920633	100.87	2.227	0	0.5	146.1	0	0	1.38	0.37	0	0.196	0.277	0.294	0.168	0.281	-41.4	-37.4	-33.8	0.084	0.037	0.059	0	0.137	21	20.6	20.35	20.8	21.1	NA
2025-11-25 01:00:00	-90.4313	30.701	0	20.88	21.7	86.05646463456083	100.87	2.234	0	0.53	156.8	0	0	2.54	0.36	0	0.196	0.277	0.294	0.168	0.281	-41.5	-37.4	-33.9	0.083	0.037	0.059	0	0.138	20.95	20.6	20.35	20.75	21.1	NA
2025-11-25 01:15:00	-90.4313	30.701	0	21.1	21.6	87.04911059473116	100.88	2.246	0	0.9	173.6	0	0	2.64	0.34	0	0.196	0.277	0.294	0.168	0.281	-41.5	-37.4	-33.9	0.085	0.037	0.058	0	0.138	20.95	20.6	20.4	20.75	21.1	NA
2025-11-25 01:30:00	-90.4313	30.701	0	21.15	21.6	87.824258507418	100.89	2.266	0	1.01	165.7	0	0	3.23	0.31	0	0.196	0.277	0.294	0.168	0.281	-41.5	-37.4	-33.9	0.083	0.037	0.06	0	0.138	20.9	20.6	20.4	20.75	21.1	NA
2025-11-25 01:45:00	-90.4313	30.701	0	21.06	21.5	88.83101239830371	100.89	2.278	0	0.95	155.3	0	0	4.66	0.28	0	0.196	0.277	0.294	0.168	0.281	-41.6	-37.5	-33.9	0.084	0.037	0.059	0	0.137	20.9	20.6	20.45	20.75	21.1	NA
2025-11-25 02:00:00	-90.4313	30.701	0	21.12	21.4	89.72953475573738	100.88	2.287	0	0.76	182.9	0	0	2.25	0.26	0	0.196	0.277	0.294	0.168	0.281	-41.7	-37.4	-33.9	0.083	0.036	0.059	0	0.138	20.9	20.6	20.45	20.75	21.1	NA
2025-11-25 02:15:00	-90.4313	30.701	0	21.18	21.5	89.61091593121245	100.88	2.298	0	0.66	148.3	0	0	2.45	0.27	0	0.196	0.277	0.294	0.168	0.281	-41.8	-37.4	-33.9	0.084	0.037	0.059	0	0.138	20.9	20.6	20.45	20.75	21.1	NA
2025-11-25 02:30:00	-90.4313	30.701	0	21.24	21.6	89.64585610223205	100.86	2.313	0	0.82	169.4	0	0	3.35	0.27	0	0.196	0.277	0.294	0.168	0.281	-41.9	-37.4	-33.9	0.084	0.037	0.059	0	0.137	20.85	20.6	20.45	20.75	21.1	1
2025-11-25 02:45:00	-90.4313	30.701	0	21.21	21.6	90.14970224547848	100.84	2.326	0	0.75	158.8	0	0	3.02	0.26	0	0.196	0.277	0.294	0.168	0.281	-41.9	-37.4	-33.9	0.084	0.037	0.059	0	0.138	20.85	20.6	20.45	20.75	21.1	NA
2025-11-25 03:00:00	-90.4313	30.701	0	21.27	21.7	90.06267426839892	100.84	2.338	0	0.71	157.5	0	0	1.67	0.25	0	0.196	0.277	0.294	0.168	0.281	-41.9	-37.4	-33.9	0.083	0.036	0.059	0	0.138	20.85	20.6	20.45	20.75	21.1	1
2025-11-25 03:15:00	-90.4313	30.701	0	21.32	21.8	90.05035792266777	100.83	2.352	0	0.77	157.5	0	0	2.34	0.25	0	0.196	0.277	0.293	0.168	0.281	-41.9	-37.5	-34	0.084	0.038	0.059	0	0.137	20.85	20.6	20.45	20.75	21.1	1
2025-11-25 03:30:00	-90.4313	30.701	0	21.19	21.7	90.8716204444624	100.82	2.359	0	0.61	190.3	0	0	2.12	0.24	0	0.196	0.277	0.294	0.168	0.281	-41.9	-37.4	-34	0.084	0.036	0.059	0	0.138	20.85	20.6	20.45	20.75	21.1	NA
2025-11-25 03:45:00	-90.4313	30.701	0	21.43	21.8	90.81609225874487	100.83	2.372	0	0.78	160.5	0	0	2.55	0.24	0	0.196	0.277	0.294	0.168	0.281	-41.9	-37.5	-33.9	0.083	0.037	0.059	0	0.138	20.85	20.6	20.55	20.75	21.1	1
2025-11-25 04:00:00	-90.4313	30.701	0	21.49	21.9	90.8724608707293	100.84	2.388	0	0.89	208.8	0	0	3.47	0.23	0	0.196	0.277	0.294	0.168	0.281	-42	-37.4	-34	0.085	0.037	0.059	0	0.136	20.85	20.6	20.55	20.75	21.1	1
2025-11-25 04:15:00	-90.4313	30.701	0	21.52	21.9	91.32910640274302	100.86	2.4	0	0.83	187.4	0	0	3.01	0.23	0	0.196	0.277	0.294	0.168	0.281	-42	-37.5	-34	0.084	0.037	0.059	0	0.137	20.85	20.6	20.55	20.75	21.1	1
2025-11-25 04:30:00	-90.4313	30.701	0	21.56	22	91.26561262672287	100.89	2.413	0	1.61	219.4	0	0	3.58	0.22	0	0.196	0.277	0.294	0.168	0.281	-42.1	-37.4	-34	0.084	0.037	0.059	0	0.137	20.85	20.6	20.55	20.75	21.1	NA
2025-11-25 04:45:00	-90.4313	30.701	0	21.53	22	91.68165976260931	100.89	2.424	0	1.22	197.7	0	0	3.64	0.22	0	0.196	0.277	0.293	0.168	0.281	-42.2	-37.5	-34	0.084	0.037	0.059	0	0.137	20.85	20.6	20.55	20.75	21.1	1
2025-11-25 05:00:00	-90.4313	30.701	0	21.6	22.1	91.65105727213566	100.9	2.438	0	1.05	203.1	0	0	3.79	0.22	0	0.196	0.277	0.294	0.168	0.281	-42.2	-37.5	-34	0.084	0.037	0.06	0	0.138	20.9	20.6	20.55	20.8	21.1	NA
2025-11-25 05:15:00	-90.4313	30.701	0	21.56	22	92.28681923298957	100.86	2.44	0	0.97	186.1	0	0	3.06	0.21	0	0.196	0.277	0.294	0.168	0.281	-42.2	-37.4	-34	0.084	0.036	0.06	0	0.137	20.9	20.6	20.55	20.8	21.1	NA
2025-11-25 05:30:00	-90.4313	30.701	0	21.56	22	92.43810910058464	100.83	2.444	0	1.13	192.7	0	0	4.54	0.2	0	0.196	0.277	0.293	0.168	0.281	-42.2	-37.5	-34	0.083	0.037	0.059	0	0.137	20.95	20.6	20.55	20.8	21.1	NA
2025-11-25 05:45:00	-90.4313	30.701	0	21.53	22	92.5893989681797	100.82	2.448	0	0.99	201.7	0	0	2.48	0.19	0	0.196	0.277	0.293	0.168	0.281	-42.3	-37.5	-34	0.083	0.037	0.06	0	0.137	20.95	20.6	20.55	20.8	21.1	NA
2025-11-25 06:00:00	-90.4313	30.701	0	21.6	22	92.85415623647106	100.8	2.455	0	1.15	208.3	0	0	3.61	0.18	0	0.196	0.277	0.293	0.168	0.281	-42.3	-37.5	-34.1	0.084	0.036	0.059	0	0.138	20.95	20.6	20.55	20.8	21.1	NA
2025-11-25 06:15:00	-90.4313	30.701	0	21.73	22.1	92.55328261033551	100.78	2.462	0	1.33	205.8	0	0	4.21	0.19	0	0.196	0.277	0.293	0.168	0.281	-42.3	-37.5	-34	0.083	0.037	0.06	0	0.138	20.95	20.6	20.55	20.8	21.1	NA
2025-11-25 06:30:00	-90.4313	30.701	0	21.68	22.1	92.85402438973547	100.77	2.47	0	1.43	202.7	0	0	5.92	0.18	0	0.196	0.277	0.293	0.168	0.281	-42.4	-37.5	-34.1	0.084	0.039	0.059	0	0.137	20.95	20.6	20.55	20.8	21.1	NA
2025-11-25 06:45:00	-90.4313	30.701	0	21.62	22	93.53496064064885	100.75	2.473	0	1.47	208.1	0	0	3.87	0.18	0	0.196	0.277	0.293	0.168	0.281	-42.4	-37.5	-34.1	0.083	0.037	0.059	0	0.137	20.95	20.7	20.55	20.8	21.1	1
2025-11-25 07:00:00	-90.4313	30.701	0	21.71	22.1	93.34272978126039	100.76	2.483	0	1.46	206.8	0	0	4.3	0.18	0	0.196	0.277	0.293	0.168	0.281	-42.4	-37.5	-34.1	0.083	0.036	0.06	0	0.137	20.95	20.7	20.55	20.8	21.1	1
2025-11-25 07:15:00	-90.4313	30.701	0	21.71	22.2	92.96299776547887	100.77	2.488	0	1.71	210.9	0	0	5.52	0.18	0	0.196	0.277	0.293	0.168	0.281	-42.4	-37.5	-34.1	0.083	0.037	0.06	0	0.138	21	20.7	20.65	20.8	21.1	1
2025-11-25 07:30:00	-90.4313	30.701	0	21.91	22.4	92.54055894250304	100.79	2.507	0	1.98	207.8	0	0	4.53	0.21	0	0.196	0.277	0.293	0.168	0.281	-42.4	-37.6	-34.1	0.083	0.036	0.059	0	0.137	21	20.7	20.65	20.8	21.1	NA
2025-11-25 07:45:00	-90.4313	30.701	0	21.87	22.5	92.27368050489002	100.8	2.515	0	1.99	210.2	0	0	4.47	0.2	0	0.196	0.277	0.293	0.168	0.281	-42.4	-37.6	-34.1	0.083	0.038	0.06	0	0.137	21	20.7	20.65	20.8	21.1	NA
2025-11-25 08:00:00	-90.4313	30.701	0	21.92	22.5	92.42043784962941	100.82	2.519	0	1.89	206.9	0	0	4.84	0.2	0	0.196	0.277	0.293	0.168	0.281	-42.5	-37.6	-34.1	0.084	0.037	0.059	0	0.137	21.05	20.7	20.65	20.8	21.1	NA
2025-11-25 08:15:00	-90.4313	30.701	0	21.78	22.4	92.6882104126945	100.83	2.511	0	1.73	209.2	0	0	4.03	0.19	0	0.196	0.277	0.293	0.168	0.281	-42.5	-37.6	-34.1	0.083	0.037	0.06	0	0.137	21.05	20.7	20.65	20.8	21.1	NA
2025-11-25 08:30:00	-90.4313	30.701	0	21.35	22.2	93.26191415700774	100.83	2.496	0	1.45	203.4	0	0	3.13	0.18	0	0.196	0.277	0.293	0.168	0.281	-42.5	-37.7	-34.1	0.083	0.038	0.06	0	0.138	21.05	20.7	20.65	20.8	21.1	NA
2025-11-25 08:45:00	-90.4313	30.701	0	21.37	22	93.72407297514269	100.81	2.478	0	1.04	202.2	0	0	2.89	0.16	0	0.196	0.277	0.293	0.168	0.281	-42.6	-37.6	-34.1	0.083	0.037	0.059	0	0.138	21.05	20.7	20.65	20.8	21.1	NA
2025-11-25 09:00:00	-90.4313	30.701	0	21.52	22	93.45931570685133	100.81	2.471	0	1.5	208.6	0	0	3.21	0.17	0	0.196	0.277	0.293	0.168	0.281	-42.6	-37.6	-34.1	0.083	0.036	0.059	0	0.138	21.05	20.7	20.65	20.8	21.1	NA
2025-11-25 09:15:00	-90.4313	30.701	0	20.95	21.8	94.03217647026872	100.83	2.456	0	1.19	211.1	0	0	2.85	0.16	0	0.196	0.277	0.293	0.168	0.281	-42.7	-37.7	-34.1	0.083	0.037	0.06	0	0.137	21.05	20.7	20.65	20.8	21.1	NA
2025-11-25 09:30:00	-90.4313	30.701	0	20.64	21.7	93.79923517688253	100.83	2.435	0	1.32	211.4	0	0	2.95	0.15	0	0.196	0.277	0.293	0.168	0.281	-42.7	-37.7	-34.2	0.083	0.037	0.06	0	0.137	21.05	20.8	20.65	20.8	21.1	NA
2025-11-25 09:45:00	-90.4313	30.701	0	20.42	21.4	94.59462540274718	100.81	2.411	0	1.01	212.5	0	0	2.28	0.13	0	0.196	0.277	0.293	0.168	0.281	-42.7	-37.7	-34.2	0.083	0.037	0.06	0	0.137	21.05	20.8	20.65	20.8	21.1	NA
2025-11-25 10:00:00	-90.4313	30.701	0	20.32	21.2	95.12565453596088	100.79	2.395	0	1.09	216.8	0	0	1.98	0.12	0	0.196	0.277	0.293	0.168	0.281	-42.8	-37.7	-34.1	0.083	0.037	0.06	0	0.137	21.05	20.8	20.65	20.8	21.1	NA
2025-11-25 10:15:00	-90.4313	30.701	0	20.3	21.1	95.19155731509538	100.78	2.382	0	1.04	224.1	0	0	2.23	0.11	0	0.196	0.277	0.293	0.168	0.281	-42.8	-37.7	-34.2	0.083	0.036	0.059	0	0.137	21.05	20.8	20.65	20.8	21.1	1
2025-11-25 10:30:00	-90.4313	30.701	0	20.58	21.2	94.76818861077356	100.76	2.386	0	1.05	205.3	0	0	2.29	0.13	0	0.196	0.277	0.293	0.168	0.281	-42.8	-37.7	-34.2	0.083	0.038	0.06	0	0.137	21	20.8	20.65	20.8	21.1	NA
2025-11-25 10:45:00	-90.4313	30.701	0	20.3	21.2	94.6887517385097	100.75	2.384	0	1.08	217.9	0	0	2.49	0.13	0	0.196	0.277	0.293	0.168	0.281	-42.8	-37.7	-34.1	0.083	0.036	0.061	0	0.137	21	20.8	20.700000000000003	20.8	21.1	1
