2025-11-21 23:00:00	-91.1885	30.404	NA	NA	NA	NA	NA	NA	NA	NA	NA	NA	NA	NA	NA	NA	0.367	0.373	0.246	0.389	0.358	-29.1	-39.7	-17.3	1.033	2.584	6.636	2.372	2.431	24.35	23.9	23.4	22.85	22.4	NA
2025-11-21 23:15:00	-91.1885	30.404	NA	NA	NA	NA	NA	NA	NA	NA	NA	NA	NA	NA	NA	NA	0.367	0.373	0.245	0.389	0.358	-23.9	-31.1	-14.5	1.043	2.602	6.645	2.379	2.435	24.299999999999997	23.8	23.4	22.75	22.4	NA
2025-11-21 23:30:00	-91.1885	30.404	0	21.63	23.7	78.72088291072141	101.4	2.307	0	0.26	77.1	0	0	0.75	0.62	0	0.367	0.374	0.245	0.389	0.358	-20.6	-25.5	-12.2	1.047	2.603	6.672	2.379	2.437	24.200000000000003	23.8	23.3	22.700000000000003	22.3	NA
2025-11-21 23:45:00	-91.1885	30.404	0	20.41	23.2	80.77780472214027	101.4	2.297	0	0.39	109.7	0	0	0.93	0.55	0	0.367	0.374	0.244	0.388	0.358	-18.6	-21.2	-10.7	1.054	2.603	6.698	2.382	2.442	24.1	23.8	23.3	22.65	22.3	NA
2025-11-22 00:00:00	-91.1885	30.404	0	20.15	22.8	82.32361606325644	101.41	2.285	0	0.3	125.1	0	0	0.87	0.5	0	0.367	0.374	0.244	0.388	0.358	-16.9	-17.8	-7.3	1.065	2.604	6.72	2.383	2.442	24	23.7	23.25	22.6	22.3	NA
2025-11-22 00:15:00	-91.1885	30.404	0	19.85	22.7	82.6790288431651	101.45	2.281	0	0.28	93.1	0	0	0.61	0.47	0	0.367	0.374	0.243	0.388	0.358	-15.5	-15.3	-2.2	1.07	2.605	6.728	2.383	2.448	23.9	23.7	23.25	22.6	22.3	NA
2025-11-22 00:30:00	-91.1885	30.404	0	19.46	22.6	83.18197722694323	101.46	2.281	0	0.35	98.2	0	0	0.66	0.45	0	0.367	0.374	0.243	0.388	0.358	-14.4	-13.4	-0.1	1.076	2.612	6.734	2.389	2.448	23.8	23.6	23.25	22.6	22.3	NA
2025-11-22 00:45:00	-91.1885	30.404	0	19.54	22.2	85.19117158572821	101.46	2.28	0	0.29	103.1	0	0	0.77	0.4	0	0.367	0.374	0.242	0.388	0.358	-13.5	-12.1	-0.1	1.076	2.608	6.744	2.39	2.453	23.75	23.6	23.25	22.5	22.3	NA
2025-11-22 01:00:00	-91.1885	30.404	0	19.35	22	86.42433686368081	101.45	2.285	0	0.25	89	0	0	0.62	0.36	0	0.367	0.374	0.242	0.388	0.358	-12.8	-11.1	-0.1	1.078	2.608	6.769	2.39	2.454	23.6	23.6	23.25	22.5	22.3	NA
2025-11-22 01:15:00	-91.1885	30.404	0	19.21	22	86.84038399956724	101.47	2.296	0	0.26	97.3	0	0	0.61	0.34	0	0.368	0.374	0.241	0.388	0.358	-12.1	-10.2	-0.1	1.081	2.611	6.779	2.391	2.453	23.549999999999997	23.5	23.2	22.5	22.3	NA
2025-11-22 01:30:00	-91.1885	30.404	0	19.26	22	87.25643113545365	101.48	2.307	0	0.32	97	0	0	1.01	0.33	0	0.368	0.373	0.241	0.388	0.358	-11.6	-7.7	-0.1	1.083	2.606	6.785	2.391	2.459	23.4	23.5	23.2	22.5	22.3	NA
2025-11-22 01:45:00	-91.1885	30.404	0	19.29	22	87.86159060583391	101.5	2.323	0	0.35	93.8	0	0	1.07	0.32	0	0.368	0.373	0.241	0.388	0.358	-11.1	-5.6	-0.1	1.086	2.614	6.792	2.397	2.46	23.35	23.4	23.15	22.5	22.3	NA
2025-11-22 02:00:00	-91.1885	30.404	0	19.24	21.8	89.01661656896368	101.52	2.325	0	0.31	102.2	0	0	0.87	0.28	0	0.368	0.373	0.24	0.388	0.358	-10.8	-3.1	-0.1	1.086	2.615	6.801	2.397	2.46	23.3	23.4	23.15	22.5	22.3	NA
2025-11-22 02:15:00	-91.1885	30.404	0	19.86	21.8	89.5143438874138	101.53	2.338	0	0.38	120.2	0	0	1.16	0.27	0	0.368	0.373	0.24	0.388	0.358	-10.4	-1.1	-0.1	1.086	2.616	6.811	2.397	2.46	23.2	23.4	23.15	22.5	22.3	NA
2025-11-22 02:30:00	-91.1885	30.404	0	20.12	22	89.97964875216483	101.54	2.379	0	0.43	150.8	0	0	1.52	0.26	0	0.368	0.373	0.239	0.388	0.358	-9.7	-0.5	-0.1	1.086	2.618	6.832	2.403	2.46	23.1	23.3	23.15	22.45	22.3	NA
2025-11-22 02:45:00	-91.1885	30.404	0	19.87	22	90.50916328874754	101.55	2.393	0	0.41	90.5	0	0	1.27	0.25	0	0.369	0.373	0.239	0.388	0.358	-8.3	-0.4	-0.1	1.085	2.618	6.837	2.403	2.461	23.1	23.3	23.15	22.45	22.3	NA
2025-11-22 03:00:00	-91.1885	30.404	0	19.89	22	91.1143227591278	101.56	2.409	0	0.47	343.3	0	0	1.89	0.23	0	0.369	0.373	0.239	0.388	0.358	-7.2	-0.3	-0.1	1.088	2.621	6.844	2.403	2.461	23	23.2	23.15	22.45	22.3	NA
2025-11-22 03:15:00	-91.1885	30.404	0	19.6	21.8	91.81154689564512	101.57	2.398	0	0.49	315.8	0	0	1.87	0.21	0	0.369	0.373	0.238	0.388	0.358	-6.2	-0.2	-0.1	1.09	2.622	6.852	2.403	2.46	23	23.2	23.15	22.45	22.3	NA
2025-11-22 03:30:00	-91.1885	30.404	0	19.39	21.5	93.19847218259257	101.59	2.39	0	0.43	312.1	0	0	1.49	0.18	0	0.369	0.373	0.238	0.388	0.358	-5.3	-0.1	-0.1	1.09	2.623	6.861	2.409	2.467	22.9	23.1	23.15	22.45	22.3	NA
2025-11-22 03:45:00	-91.1885	30.404	0	18.91	21.2	94.529877993982	101.6	2.38	0	0.28	288.7	0	0	1.32	0.14	0	0.369	0.372	0.237	0.388	0.358	-4.3	-0.1	-0.1	1.089	2.624	6.869	2.409	2.46	22.9	23.1	23.15	22.45	22.3	NA
2025-11-22 04:00:00	-91.1885	30.404	0	18.73	20.9	94.8712848552222	101.6	2.345	0	0.26	34.1	0	0	0.9	0.12	0	0.369	0.372	0.237	0.388	0.358	-3.4	-0.1	-0.1	1.089	2.613	6.891	2.409	2.466	22.8	23.1	23.15	22.45	22.3	NA
2025-11-22 04:15:00	-91.1885	30.404	0	18.84	20.8	95.66003348019315	101.6	2.35	0	0.4	95.5	0	0	0.92	0.1	0	0.369	0.371	0.236	0.388	0.358	-2.7	-0.1	-0.1	1.089	2.609	6.898	2.409	2.461	22.8	23	23.1	22.45	22.3	NA
2025-11-22 04:30:00	-91.1885	30.404	0	19.53	21.1	94.55215138854562	101.63	2.366	0	0.51	305.7	0	0	1.34	0.13	0	0.37	0.371	0.236	0.388	0.358	-2.1	-0.1	-0.1	1.089	2.61	6.905	2.409	2.461	22.7	23	23.1	22.45	22.3	NA
2025-11-22 04:45:00	-91.1885	30.404	0	19.34	21	96.50159998174915	101.61	2.4	0	0.29	112.4	0	0	0.63	0.09	0	0.37	0.37	0.236	0.388	0.358	-1.7	-0.1	-0.1	1.088	2.611	6.913	2.409	2.461	22.65	23	23.1	22.45	22.3	NA
2025-11-22 05:00:00	-91.1885	30.404	0	19.68	21.2	95.36396515275241	101.58	2.401	0	0.37	72.9	0	0	1.27	0.11	0	0.37	0.37	0.235	0.388	0.358	-1.4	-0.1	-0.1	1.088	2.613	6.919	2.41	2.466	22.6	22.9	23.049999999999997	22.45	22.3	NA
2025-11-22 05:15:00	-91.1885	30.404	0	19.88	21.6	94.99437669977118	101.58	2.451	0	0.3	30.5	0	0	1.1	0.12	0	0.37	0.37	0.235	0.388	0.358	-1.2	-0.1	-0.1	1.088	2.608	6.928	2.41	2.466	22.6	22.9	23.049999999999997	22.45	22.3	NA
2025-11-22 05:30:00	-91.1885	30.404	0	19.75	21.4	96.94870152226808	101.56	2.471	0	0.64	108.9	0	0	1.53	0.07	0	0.37	0.37	0.235	0.388	0.358	-1.1	-0.2	-0.1	1.09	2.61	6.933	2.41	2.467	22.549999999999997	22.9	23.049999999999997	22.45	22.3	NA
2025-11-22 05:45:00	-91.1885	30.404	0	18.58	20.9	97.66280666972553	101.57	2.414	0	0.28	75.9	0	0	0.8	0.05	0	0.37	0.37	0.234	0.388	0.358	-1.1	-0.2	-0.1	1.088	2.606	6.94	2.41	2.467	22.5	22.8	23.049999999999997	22.45	22.3	NA
2025-11-22 06:00:00	-91.1885	30.404	0	18.59	20.8	96.43345502747984	101.6	2.369	0	0.31	4.8	0	0	0.98	0.09	0	0.37	0.37	0.234	0.388	0.358	-1.1	-0.2	-0.1	1.09	2.607	6.945	2.415	2.461	22.5	22.8	23.049999999999997	22.45	22.3	NA
2025-11-22 06:15:00	-91.1885	30.404	0	19.11	20.9	96.81321307400711	101.62	2.393	0	0.29	309	0	0	1.24	0.07	0	0.37	0.37	0.234	0.388	0.358	-1	-0.2	-0.1	1.088	2.608	6.951	2.416	2.467	22.4	22.8	23	22.45	22.3	NA
2025-11-22 06:30:00	-91.1885	30.404	0	20.29	21	97.18515298161988	101.62	2.417	0	0.4	319.5	0	0	1.08	0.07	0	0.37	0.369	0.233	0.388	0.358	-1	-0.2	-0.1	1.088	2.61	6.971	2.416	2.467	22.4	22.7	23	22.45	22.3	NA
2025-11-22 06:45:00	-91.1885	30.404	0	21.59	21.2	98.50172160717452	101.6	2.48	0	0.45	321.6	0	0	1.53	0.03	0	0.37	0.369	0.233	0.388	0.358	-1	-0.2	-0.1	1.087	2.611	6.977	2.411	2.467	22.4	22.7	23	22.45	22.3	NA
2025-11-22 07:00:00	-91.1885	30.404	0	21.69	21.2	99.37552720207687	101.6	2.502	0	0.36	314.4	0	0	0.88	0.01	0	0.37	0.369	0.233	0.388	0.358	-1	-0.2	-0.1	1.092	2.606	6.966	2.417	2.467	22.35	22.7	23	22.45	22.3	NA
2025-11-22 07:15:00	-91.1885	30.404	0	21.75	21.2	99.69327469113226	101.6	2.51	0	0.31	307.9	0	0	0.87	0.01	0	0.371	0.369	0.233	0.388	0.358	-1	-0.2	-0.1	1.09	2.612	6.987	2.416	2.472	22.35	22.7	23	22.45	22.3	NA
2025-11-22 07:30:00	-91.1885	30.404	0	21.82	21.2	99.81242999952805	101.62	2.513	0	0.38	297.2	0	0	1.22	0	0	0.371	0.369	0.232	0.388	0.358	-1	-0.2	-0.1	1.091	2.614	6.992	2.417	2.467	22.4	22.6	23	22.45	22.3	NA
2025-11-22 07:45:00	-91.1885	30.404	0	21.85	21.2	99.73299312726421	101.62	2.511	0	0.21	160.5	0	0	0.66	0	0	0.371	0.369	0.232	0.387	0.358	-0.9	-0.2	-0.1	1.091	2.609	6.995	2.418	2.467	22.450000000000003	22.6	23	22.45	22.3	NA
2025-11-22 08:00:00	-91.1885	30.404	0	21.94	21.4	99.57741985573304	101.63	2.538	0	0.27	8.1	0	0	0.75	0.01	0	0.371	0.369	0.232	0.387	0.358	-0.9	-0.1	-0.1	1.091	2.616	7.001	2.418	2.467	22.450000000000003	22.6	22.950000000000003	22.45	22.3	NA
2025-11-22 08:15:00	-91.1885	30.404	0	21.99	21.5	99.55468597579866	101.63	2.553	0	0.43	308.5	0	0	1.08	0.01	0	0.371	0.369	0.232	0.387	0.358	-0.9	-0.1	-0.1	1.091	2.61	7.004	2.418	2.467	22.5	22.6	22.950000000000003	22.5	22.3	NA
2025-11-22 08:30:00	-91.1885	30.404	0	22	21.5	99.78865703567129	101.62	2.559	0	0.52	308.3	0	0	1.4	0	0	0.371	0.369	0.232	0.387	0.358	-0.9	-0.1	-0.1	1.093	2.617	6.993	2.418	2.473	22.5	22.6	22.9	22.5	22.3	NA
2025-11-22 08:45:00	-91.1885	30.404	0	21.96	21.4	100	101.65	2.554	0	0.42	312.5	0	0	1.2	0	0	0.371	0.369	0.231	0.387	0.358	-0.9	-0.1	-0.1	1.093	2.618	7.015	2.418	2.472	22.5	22.6	22.9	22.5	22.3	NA
2025-11-22 09:00:00	-91.1885	30.404	0	21.98	21.4	100	101.65	2.55	0	0.33	302.9	0	0	1.05	0	0	0.371	0.369	0.231	0.387	0.358	-0.9	-0.1	-0.1	1.091	2.618	7.029	2.419	2.467	22.5	22.6	22.9	22.5	22.3	NA
2025-11-22 09:15:00	-91.1885	30.404	0	22.02	21.5	99.78865703567129	101.64	2.559	0	0.39	310.1	0	0	1.1	0	0	0.371	0.368	0.23	0.387	0.358	-0.9	-0.1	-0.1	1.09	2.619	7.034	2.419	2.466	22.55	22.6	22.9	22.5	22.3	NA
2025-11-22 09:30:00	-91.1885	30.404	0	22.06	21.5	100	101.64	2.568	0	0.35	307.2	0	0	0.87	0	0	0.371	0.368	0.23	0.387	0.358	-0.9	-0.1	-0.1	1.09	2.613	7.042	2.419	2.467	22.55	22.6	22.9	22.5	22.3	NA
2025-11-22 09:45:00	-91.1885	30.404	0	22.04	21.5	100	101.64	2.568	0	0.18	166.1	0	0	0.52	0	0	0.371	0.371	0.229	0.387	0.358	-0.9	-0.1	-0.1	1.092	2.591	7.051	2.419	2.455	22.55	24.5	22.9	22.5	22.3	NA
2025-11-22 10:00:00	-91.1885	30.404	0	23.54	21.6	99.91656594533256	101.64	2.578	0	0.2	348.7	0	0	0.52	0.01	0	0.402	0.373	0.232	0.387	0.358	-0.3	-0.1	-0.1	1.296	2.58	7.057	2.417	2.45	24.950000000000003	25.8	23	22.5	22.3	NA
2025-11-22 10:15:00	-91.1885	30.404	0	23.13	21.6	100	101.64	2.581	0	0.29	357.2	0	0	0.76	0	0	0.398	0.374	0.237	0.386	0.358	-0.1	-0.1	-0.1	1.203	2.589	6.997	2.426	2.455	27.3	25.6	23.700000000000003	22.5	22.3	NA
2025-11-22 10:30:00	-91.1885	30.404	0	22.48	21.6	99.87780854969822	101.66	2.577	0	0.25	320	0	0	0.88	0	0	0.394	0.374	0.238	0.386	0.358	-0.1	-0.1	-0.1	1.151	2.604	6.96	2.425	2.454	26.95	25.4	23.95	22.55	22.4	NA
2025-11-22 10:45:00	-91.1885	30.404	0	22.02	21.5	100	101.67	2.567	0	0.42	307.7	0	0	1.06	0	0	0.392	0.374	0.239	0.386	0.358	-0.1	-0.1	-0.1	1.155	2.612	6.942	2.43	2.454	26.6	25.2	24.1	22.65	22.4	NA
2025-11-22 11:00:00	-91.1885	30.404	0	22.09	21.5	99.78865703567129	101.68	2.559	0	0.41	307.9	0	0	1.06	0	0	0.389	0.374	0.24	0.386	0.358	-0.1	-0.1	-0.1	1.157	2.609	6.914	2.43	2.454	26.4	25.1	24.2	22.700000000000003	22.4	NA
2025-11-22 11:15:00	-91.1885	30.404	0	22.27	21.5	99.82765221231672	101.68	2.56	0	0.47	308.2	0	0	1.12	0	0	0.388	0.373	0.24	0.386	0.358	-0.1	-0.1	-0.1	1.16	2.598	6.911	2.435	2.454	26.1	25	24.200000000000003	22.799999999999997	22.4	NA
2025-11-22 11:30:00	-91.1885	30.404	0	22.21	21.4	100	101.69	2.551	0	0.25	297.1	0	0	0.84	0	0	0.387	0.373	0.239	0.386	0.358	-0.1	-0.1	-0.1	1.159	2.601	6.909	2.434	2.454	25.85	25	24.25	22.9	22.4	NA
2025-11-22 11:45:00	-91.1885	30.404	0	21.46	21.4	99.61665445772506	101.69	2.539	0	0.19	125	0	0	0.51	0	0	0.385	0.373	0.239	0.386	0.358	-0.1	-0.1	-0.1	1.168	2.597	6.908	2.428	2.453	25.65	24.9	24.25	22.950000000000003	22.4	NA
2025-11-22 12:00:00	-91.1885	30.404	0	20	21.2	99.45496407434072	101.7	2.504	0	0.25	83.8	0	0	0.59	0.01	0	0.385	0.373	0.239	0.386	0.358	-0.1	-0.1	-0.1	1.168	2.598	6.893	2.428	2.453	25.45	24.8	24.3	22.950000000000003	22.4	NA
2025-11-22 12:15:00	-91.1885	30.404	0	19.34	21	99.27602098122443	101.71	2.469	0	0.3	91.8	0	0	0.61	0.02	0	0.385	0.373	0.239	0.386	0.358	-0.1	-0.1	-0.1	1.167	2.595	6.896	2.428	2.453	25.25	24.7	24.3	23.049999999999997	22.4	NA
2025-11-22 12:30:00	-91.1885	30.404	0	20.96	20.9	99.56427805061911	101.72	2.461	0	0.22	75.3	0	0	0.5	0.01	0	0.383	0.373	0.239	0.386	0.358	-0.1	-0.1	-0.1	1.172	2.598	6.892	2.428	2.454	25.05	24.6	24.299999999999997	23.049999999999997	22.4	NA
2025-11-22 12:45:00	-91.1885	30.404	0	20.32	21	99.23581198123206	101.74	2.468	0.4	0.22	69.2	0	0	0.51	0.02	0	0.384	0.372	0.239	0.386	0.358	-0.1	-0.1	-0.1	1.173	2.601	6.894	2.428	2.448	24.85	24.5	24.299999999999997	23.049999999999997	22.4	NA
2025-11-22 13:00:00	-91.1885	30.404	0	21.83	21.1	99.62743593053433	101.75	2.493	8.4	0.3	314.1	0	0	1	0.01	0	0.383	0.372	0.239	0.386	0.358	-0.1	-0.1	-0.1	1.174	2.597	6.897	2.427	2.454	24.7	24.4	24.25	23.049999999999997	22.4	NA
2025-11-22 13:15:00	-91.1885	30.404	0	22.51	21.2	100	101.77	2.524	14.6	0.15	305.8	0	0	0.66	0	0	0.383	0.372	0.238	0.386	0.358	-0.1	-0.1	-0.1	1.175	2.599	6.903	2.428	2.453	24.55	24.4	24.25	23.049999999999997	22.4	0.411
2025-11-22 13:30:00	-91.1885	30.404	0	22.98	21.4	100	101.78	2.553	31.8	0.23	253.5	0	0	0.95	0	0	0.383	0.372	0.238	0.386	0.358	-0.1	-0.1	-0.1	1.174	2.6	6.907	2.428	2.459	24.45	24.3	24.2	23.049999999999997	22.4	0.438
2025-11-22 13:45:00	-91.1885	30.404	0	23.46	21.7	100	101.78	2.602	56.1	0.34	288.2	0	0	0.81	0	0	0.383	0.372	0.238	0.386	0.358	-0.1	-0.1	-0.1	1.161	2.602	6.91	2.428	2.459	24.4	24.2	24.25	23.049999999999997	22.4	0.441
2025-11-22 14:00:00	-91.1885	30.404	0	24.15	22	99.9647800134391	101.8	2.643	89.9	0.36	296.1	0	0	1.01	0	0	0.383	0.372	0.238	0.386	0.358	-0.2	-0.1	-0.1	1.152	2.598	6.915	2.428	2.454	24.3	24.1	24.200000000000003	23.049999999999997	22.4	0.431
2025-11-22 14:15:00	-91.1885	30.404	0	24.12	22.3	99.82676813450907	101.82	2.688	126.3	0.77	307.1	0	0	1.77	0	0	0.382	0.372	0.237	0.386	0.358	-0.2	-0.1	-0.1	1.154	2.599	6.92	2.428	2.453	24.25	24.1	24.200000000000003	23.049999999999997	22.4	0.429
2025-11-22 14:30:00	-91.1885	30.404	0	26.43	22.7	100	101.83	2.761	272	1.02	301.3	0	0	2.23	0	0	0.382	0.372	0.237	0.386	0.358	-0.2	-0.1	-0.1	1.154	2.6	6.927	2.428	2.453	24.299999999999997	24	24.200000000000003	23.049999999999997	22.4	0.406
2025-11-22 14:45:00	-91.1885	30.404	0	25.66	23	99.91323450723247	101.85	2.807	170.1	1.04	298.8	0	0	2.78	0	0	0.381	0.372	0.237	0.386	0.358	-0.2	-0.1	-0.1	1.156	2.6	6.933	2.422	2.453	24.4	24	24.1	23.049999999999997	22.4	0.409
2025-11-22 15:00:00	-91.1885	30.404	0	24.84	23	97.59960421048501	101.86	2.742	130.2	1.07	299.6	0	0	2.93	0.07	0	0.379	0.372	0.236	0.386	0.358	-0.2	-0.1	-0.1	1.164	2.602	6.937	2.428	2.454	24.45	24	24.1	23.049999999999997	22.4	0.428
2025-11-22 15:15:00	-91.1885	30.404	0	26.25	23.4	96.555740187186	101.85	2.779	215.4	1.23	305.2	0	0	3.06	0.09	0	0.378	0.372	0.236	0.386	0.358	-0.2	-0.1	-0.1	1.166	2.608	6.94	2.428	2.453	24.45	24	24.049999999999997	23.049999999999997	22.4	0.408
2025-11-22 15:30:00	-91.1885	30.404	0	27.2	23.8	96.12370133954131	101.87	2.834	270.8	1.27	304.4	0	0	3.11	0.11	0	0.378	0.371	0.236	0.386	0.358	-0.2	-0.1	-0.1	1.164	2.603	6.942	2.427	2.46	24.55	24	24.049999999999997	23.049999999999997	22.4	0.403
2025-11-22 15:45:00	-91.1885	30.404	0	26.42	24	92.19423864942775	101.88	2.751	217.4	1.52	296	0	0	3.97	0.22	0	0.378	0.371	0.236	0.386	0.358	-0.2	-0.1	-0.1	1.164	2.603	6.943	2.427	2.453	24.6	24	24.049999999999997	23.049999999999997	22.4	0.405
2025-11-22 16:00:00	-91.1885	30.404	0	28.39	24.4	91.4500680171307	101.87	2.795	298.1	1.27	300.9	0	0	3.49	0.25	0	0.377	0.371	0.236	0.386	0.358	-0.2	-0.1	-0.1	1.165	2.604	6.927	2.427	2.454	24.700000000000003	24	24	23.049999999999997	22.4	0.375
2025-11-22 16:15:00	-91.1885	30.404	0	31.1	24.9	91.87166976146285	101.85	2.893	487.3	1.08	297.5	0	0	2.52	0.25	0	0.377	0.371	0.236	0.386	0.358	-0.2	-0.1	-0.1	1.168	2.605	6.926	2.427	2.454	24.75	24	24	23.049999999999997	22.4	0.39
2025-11-22 16:30:00	-91.1885	30.404	0	33.66	25.8	87.87133201802095	101.85	2.919	575.2	1.01	306.4	0	0	2.78	0.41	0	0.374	0.371	0.236	0.386	0.358	-0.2	-0.1	-0.1	1.179	2.591	6.94	2.427	2.453	24.9	24	24	23.049999999999997	22.4	0.388
2025-11-22 16:45:00	-91.1885	30.404	0	33.96	26.4	82.37097223545103	101.85	2.835	524.2	1.04	300.3	0	0	2.69	0.61	0	0.373	0.371	0.236	0.386	0.358	-0.2	-0.1	-0.1	1.187	2.593	6.923	2.427	2.453	25.15	24	24	23.049999999999997	22.4	0.368
2025-11-22 17:00:00	-91.1885	30.404	0	31.8	26.1	80.32266734914016	101.85	2.716	369.3	1.14	302.2	0	0	3.04	0.67	0	0.372	0.371	0.236	0.386	0.358	-0.2	-0.1	-0.1	1.187	2.592	6.924	2.421	2.454	25.4	24.1	23.9	23.049999999999997	22.4	0.38
2025-11-22 17:15:00	-91.1885	30.404	0	33.31	26.2	79.87918786951556	101.83	2.717	452.9	1.12	312	0	0	2.68	0.69	0	0.372	0.371	0.236	0.386	0.358	-0.2	-0.1	-0.1	1.185	2.593	6.941	2.428	2.453	25.5	24.1	23.9	23.049999999999997	22.4	0.366
2025-11-22 17:30:00	-91.1885	30.404	0	33.46	26.8	78.97904264796354	101.81	2.783	463.6	1.2	294.1	0	0	3.22	0.75	0	0.372	0.371	0.236	0.386	0.358	-0.2	-0.1	-0.1	1.185	2.594	6.941	2.428	2.447	25.6	24.2	23.9	23.049999999999997	22.5	0.358
2025-11-22 17:45:00	-91.1885	30.404	0	34.68	27.1	76.37375373173091	101.78	2.739	499.4	0.87	283.9	0	0	2.26	0.85	0	0.371	0.371	0.236	0.386	0.358	-0.2	-0.1	-0.1	1.186	2.595	6.943	2.428	2.452	25.799999999999997	24.2	23.9	23.049999999999997	22.5	0.357
2025-11-22 18:00:00	-91.1885	30.404	0	34.09	27.2	75.42853088743018	101.76	2.721	463.8	1.16	295.9	0	0	3.33	0.89	0	0.371	0.371	0.236	0.386	0.358	-0.2	-0.1	-0.1	1.184	2.605	6.928	2.428	2.453	25.95	24.3	23.9	23	22.5	0.363
2025-11-22 18:15:00	-91.1885	30.404	3.434	26.12	25.5	79.61128074742216	101.75	2.598	100.7	1.41	299.3	0	0	3.08	0.67	0.064	0.372	0.372	0.236	0.386	0.358	-0.2	-0.1	-0.1	1.189	2.645	6.946	2.428	2.453	26	24.6	23.85	23	22.5	0.376
2025-11-22 18:30:00	-91.1885	30.404	1.749	24.42	21.9	95.62918516253883	101.74	2.513	136.2	0.82	138.3	0	0	3.58	0.11	0.011	0.388	0.373	0.237	0.386	0.358	-0.2	-0.1	-0.1	1.274	2.646	6.953	2.428	2.452	25.950000000000003	24.6	23.85	23	22.5	0.44
2025-11-22 18:45:00	-91.1885	30.404	0	30.27	22.5	100	101.71	2.727	534	0.42	143	0	0	1.47	0	0	0.389	0.373	0.239	0.386	0.358	-0.2	-0.1	-0.1	1.155	2.639	6.909	2.427	2.452	25.75	24.6	23.85	23	22.5	0.41
2025-11-22 19:00:00	-91.1885	30.404	0	31.36	23.8	99.68509464958076	101.69	2.939	553.5	0.73	281.7	0	0	2.58	0.01	0	0.389	0.372	0.242	0.386	0.358	-0.2	-0.1	-0.1	1.126	2.642	6.86	2.427	2.452	25.8	24.7	23.9	23	22.5	0.4
2025-11-22 19:15:00	-91.1885	30.404	0	32.06	25.6	95.62043278859737	101.67	3.139	593.8	0.99	293.8	0	0	2.2	0.14	0	0.39	0.372	0.245	0.386	0.358	-0.2	-0.1	-0.1	1.108	2.639	6.812	2.433	2.452	25.95	24.7	23.9	23	22.5	0.401
2025-11-22 19:30:00	-91.1885	30.404	0	33.4	26.7	94.4029502796426	101.65	3.307	627	0.79	272.8	0	0	2.92	0.2	0	0.39	0.372	0.247	0.386	0.358	-0.2	-0.1	-0.1	1.092	2.645	6.78	2.433	2.452	26.2	24.8	23.9	23	22.5	0.402
2025-11-22 19:45:00	-91.1885	30.404	0	32.24	27.3	92.8188358001436	101.64	3.368	485.1	1.04	290.1	0	0	3.01	0.26	0	0.39	0.372	0.247	0.386	0.358	-0.2	-0.1	-0.1	1.1	2.645	6.768	2.426	2.452	26.4	24.8	23.9	23	22.5	0.397
2025-11-22 20:00:00	-91.1885	30.404	0	26.94	26	88.77148341639436	101.64	2.984	116.8	1.28	323.9	0	0	3.36	0.38	0	0.39	0.372	0.248	0.386	0.358	-0.2	-0.1	-0.1	1.102	2.65	6.765	2.432	2.452	26.6	24.9	23.950000000000003	23	22.5	0.4
2025-11-22 20:15:00	-91.1885	30.404	0	25.86	25.5	87.3640344152812	101.63	2.851	77.8	1.02	343.3	0	0	2.6	0.41	0	0.39	0.371	0.248	0.386	0.358	-0.2	-0.1	-0.1	1.102	2.639	6.762	2.432	2.452	26.7	25	24	23.049999999999997	22.5	0.437
2025-11-22 20:30:00	-91.1885	30.404	0	26.44	25.6	86.84735708196595	101.62	2.851	132.6	0.87	337.4	0	0	2.26	0.42	0	0.389	0.371	0.247	0.386	0.358	-0.2	-0.1	-0.1	1.097	2.615	6.747	2.432	2.452	26.7	25.1	24	23.049999999999997	22.5	0.43
2025-11-22 20:45:00	-91.1885	30.404	0	28.62	26.3	88.17732182596679	101.61	3.017	267.1	1.13	307.1	0	0	3.34	0.4	0	0.386	0.371	0.247	0.386	0.358	-0.2	-0.1	-0.1	1.089	2.617	6.747	2.432	2.452	26.65	25.1	24.049999999999997	23.049999999999997	22.5	0.417
2025-11-22 21:00:00	-91.1885	30.404	0	25.96	26.1	86.08957461463439	101.62	2.911	99.1	1.29	333.3	0	0	3.07	0.46	0	0.386	0.371	0.247	0.386	0.358	-0.2	-0.1	-0.1	1.089	2.615	6.75	2.432	2.452	26.549999999999997	25.2	24.049999999999997	23.049999999999997	22.5	0.413
2025-11-22 21:15:00	-91.1885	30.404	0	26.57	26	85.49907618589727	101.61	2.874	142.4	1.01	315.8	0	0	2.41	0.49	0	0.385	0.371	0.247	0.386	0.358	-0.2	-0.1	-0.1	1.092	2.616	6.757	2.426	2.451	26.5	25.2	24.049999999999997	23.049999999999997	22.5	0.414
2025-11-22 21:30:00	-91.1885	30.404	0	26.08	26.4	87.36843510123501	101.61	3.007	215	1.46	317.1	0	0	3.25	0.44	0	0.382	0.371	0.246	0.386	0.358	-0.2	-0.1	-0.1	1.096	2.612	6.764	2.426	2.452	26.4	25.2	24.1	23.049999999999997	22.5	0.38
2025-11-22 21:45:00	-91.1885	30.404	0	25.06	26.4	86.72922473468124	101.61	2.985	98	1.04	319.9	0	0	2.98	0.45	0	0.382	0.37	0.245	0.386	0.358	-0.2	-0.1	-0.1	1.098	2.614	6.777	2.426	2.452	26.35	25.2	24.1	23.049999999999997	22.5	0.404
2025-11-22 22:00:00	-91.1885	30.404	0	24.69	26.2	85.9355414584446	101.61	2.923	62.7	0.82	315.5	0	0	2.14	0.48	0	0.382	0.37	0.245	0.386	0.358	-0.2	-0.1	-0.1	1.1	2.609	6.792	2.427	2.452	26.2	25.2	24.1	23.049999999999997	22.5	0.442
2025-11-22 22:15:00	-91.1885	30.404	0	24.03	26.1	85.08406257859949	101.61	2.877	34.9	0.81	339.6	0	0	1.97	0.5	0	0.381	0.37	0.244	0.386	0.358	-0.2	-0.1	-0.1	1.099	2.599	6.807	2.427	2.452	26.1	25.2	24.1	23.049999999999997	22.5	0.43
2025-11-22 22:30:00	-91.1885	30.404	0	23.24	25.8	84.19873780555143	101.63	2.797	19.8	1	323.4	0	0	2.49	0.53	0	0.381	0.369	0.243	0.386	0.358	-0.2	-0.1	-0.1	1.1	2.594	6.805	2.427	2.452	26	25.1	24.1	23.049999999999997	22.5	0.393
2025-11-22 22:45:00	-91.1885	30.404	0	22.9	25.4	83.22949585060039	101.65	2.7	12.3	0.61	319.2	0	0	1.71	0.54	0	0.381	0.369	0.242	0.386	0.358	-0.2	-0.1	-0.1	1.096	2.59	6.814	2.433	2.452	25.85	25.1	24.1	23.049999999999997	22.5	NA
2025-11-22 23:00:00	-91.1885	30.404	0	22.63	25.1	79.4867219532529	101.66	2.533	4.3	0.67	344	0	0	1.66	0.65	0	0.381	0.369	0.242	0.386	0.358	-0.2	-0.1	-0.1	1.047	2.593	6.822	2.427	2.447	25.700000000000003	25	24.15	23.049999999999997	22.5	NA
2025-11-22 23:15:00	-91.1885	30.404	0	22.07	25	77.30971736007567	101.67	2.449	0	0.86	347.8	0	0	1.93	0.71	0	0.381	0.368	0.241	0.386	0.358	-0.2	-0.1	-0.1	1.043	2.589	6.831	2.427	2.452	25.6	25	24.15	23.049999999999997	22.5	NA
2025-11-22 23:30:00	-91.1885	30.404	0	21.34	24.7	77.0019401031045	101.68	2.396	0	0.67	345.9	0	0	2.04	0.72	0	0.381	0.368	0.241	0.386	0.358	-0.2	-0.1	-0.1	1.044	2.584	6.84	2.428	2.452	25.450000000000003	25	24.15	23.049999999999997	22.5	NA
2025-11-22 23:45:00	-91.1885	30.404	0	21.31	24.6	75.9113566652463	101.7	2.348	0	0.98	318.6	0	0	2.2	0.73	0	0.381	0.368	0.24	0.386	0.358	-0.2	-0.1	-0.1	1.04	2.586	6.85	2.428	2.453	25.35	24.9	24.15	23.049999999999997	22.5	NA
2025-11-23 00:00:00	-91.1885	30.404	0	20.87	24.2	76.0283575881324	101.71	2.296	0	0.77	304.8	0	0	1.7	0.71	0	0.381	0.368	0.24	0.386	0.358	-0.2	-0.1	-0.1	1.039	2.582	6.857	2.428	2.452	25.2	24.9	24.15	23.049999999999997	22.5	NA
2025-11-23 00:15:00	-91.1885	30.404	0	20.64	23.8	76.2138168348445	101.73	2.247	0	0.86	300.2	0	0	1.85	0.7	0	0.379	0.368	0.239	0.386	0.358	-0.2	-0.1	-0.1	1.045	2.585	6.865	2.428	2.447	25	24.8	24.15	23.049999999999997	22.5	NA
2025-11-23 00:30:00	-91.1885	30.404	0	20.13	23.2	76.94463941316627	101.75	2.188	0	0.64	296.1	0	0	1.7	0.65	0	0.378	0.368	0.239	0.386	0.358	-0.2	-0.1	-0.1	1.039	2.585	6.873	2.428	2.453	24.9	24.8	24.15	23.049999999999997	22.5	NA
2025-11-23 00:45:00	-91.1885	30.404	0	19.98	23	76.0294509823472	101.77	2.136	0	0.86	299.4	0	0	4.27	0.66	0	0.378	0.368	0.238	0.386	0.358	-0.2	-0.1	-0.1	1.038	2.587	6.88	2.428	2.446	24.8	24.7	24.15	23.049999999999997	22.6	NA
2025-11-23 01:00:00	-91.1885	30.404	0	19.6	22.7	74.70472531598564	101.79	2.061	0	0.65	303	0	0	1.49	0.7	0	0.378	0.368	0.238	0.386	0.358	-0.2	-0.1	-0.1	1.037	2.583	6.887	2.428	2.446	24.65	24.6	24.15	23.049999999999997	22.6	NA
2025-11-23 01:15:00	-91.1885	30.404	0	19.39	22.5	73.85563374009685	101.81	2.013	0	0.65	301.8	0	0	1.96	0.71	0	0.377	0.367	0.238	0.386	0.358	-0.2	-0.1	-0.1	1.035	2.584	6.876	2.428	2.445	24.55	24.6	24.15	23.049999999999997	22.6	NA
2025-11-23 01:30:00	-91.1885	30.404	0	19.34	22.3	74.01590360568325	101.83	1.993	0	0.75	301.5	0	0	1.83	0.7	0	0.377	0.367	0.237	0.386	0.358	-0.2	-0.1	-0.1	1.034	2.586	6.881	2.429	2.446	24.35	24.5	24.15	23.049999999999997	22.6	NA
2025-11-23 01:45:00	-91.1885	30.404	0	19.31	22.1	74.47118312391335	101.84	1.981	0	0.94	318.4	0	0	3.03	0.68	0	0.377	0.367	0.237	0.386	0.358	-0.2	-0.1	-0.1	1.035	2.582	6.886	2.428	2.446	24.25	24.5	24.15	23.049999999999997	22.6	NA
2025-11-23 02:00:00	-91.1885	30.404	0	19.06	22	73.5646981181003	101.86	1.945	0	0.84	322.1	0	0	1.97	0.7	0	0.377	0.367	0.237	0.386	0.358	-0.2	-0.1	-0.1	1.034	2.583	6.908	2.434	2.446	24.15	24.4	24.15	23.049999999999997	22.6	NA
2025-11-23 02:15:00	-91.1885	30.404	0	18.85	21.8	73.31906267938298	101.87	1.915	0	0.78	317	0	0	2.24	0.69	0	0.377	0.367	0.236	0.386	0.358	-0.2	-0.1	-0.1	1.035	2.586	6.915	2.434	2.446	24	24.3	24.15	23.049999999999997	22.6	NA
2025-11-23 02:30:00	-91.1885	30.404	0	18.26	21.1	75.72963942573709	101.88	1.895	0	0.42	324.9	0	0	1.6	0.6	0	0.377	0.367	0.236	0.386	0.358	-0.2	-0.1	-0.1	1.034	2.587	6.922	2.434	2.446	23.9	24.3	24.1	23.049999999999997	22.6	NA
2025-11-23 02:45:00	-91.1885	30.404	0	18	20.6	76.89922820499535	101.88	1.866	0	0.43	307.5	0	0	2.35	0.56	0	0.377	0.367	0.236	0.386	0.358	-0.2	-0.1	-0.1	1.032	2.583	6.911	2.434	2.446	23.8	24.2	24.1	23.049999999999997	22.6	NA
2025-11-23 03:00:00	-91.1885	30.404	0	17.79	20	78.64751015478078	101.88	1.839	0	0.39	242.1	0	0	0.88	0.5	0	0.377	0.367	0.236	0.386	0.358	-0.2	-0.1	-0.1	1.035	2.584	6.916	2.434	2.446	23.7	24.2	24.1	23.049999999999997	22.6	NA
2025-11-23 03:15:00	-91.1885	30.404	0	17.54	19.4	80.83162910591388	101.87	1.821	0	0.44	249	0	0	0.82	0.43	0	0.376	0.366	0.235	0.386	0.358	-0.2	-0.1	-0.1	1.034	2.586	6.918	2.434	2.446	23.55	24.1	24.1	23.049999999999997	22.6	NA
2025-11-23 03:30:00	-91.1885	30.404	0	17.33	19.1	81.63211279107797	101.87	1.805	0	0.4	248.3	0	0	0.93	0.41	0	0.376	0.366	0.235	0.386	0.358	-0.2	-0.1	-0.1	1.035	2.582	6.925	2.433	2.446	23.5	24	24.1	23.1	22.6	NA
2025-11-23 03:45:00	-91.1885	30.404	0	17.23	18.7	83.32552861409104	101.87	1.797	0	0.47	239.2	0	0	0.94	0.36	0	0.376	0.366	0.235	0.386	0.358	-0.2	-0.1	-0.1	1.034	2.582	6.934	2.433	2.446	23.35	24	24.1	23.1	22.6	NA
2025-11-23 04:00:00	-91.1885	30.404	0	16.81	18.2	86.26431861194877	101.88	1.803	0	0.33	244.5	0	0	0.78	0.29	0	0.376	0.366	0.234	0.386	0.358	-0.2	-0.1	-0.1	1.034	2.582	6.942	2.427	2.446	23.25	23.9	24.1	23.1	22.6	NA
2025-11-23 04:15:00	-91.1885	30.404	0	16.73	18.1	86.0855919908384	101.88	1.788	0	0.37	236.6	0	0	0.82	0.28	0	0.376	0.366	0.234	0.386	0.358	-0.2	-0.1	-0.1	1.033	2.584	6.95	2.433	2.452	23.15	23.8	24.049999999999997	23.1	22.6	NA
2025-11-23 04:30:00	-91.1885	30.404	0	16.52	17.7	88.13177436340484	101.88	1.785	0	0.4	242.9	0	0	0.92	0.24	0	0.376	0.366	0.233	0.386	0.358	-0.2	-0.1	-0.1	1.034	2.585	6.941	2.428	2.447	23.049999999999997	23.8	24.049999999999997	23.1	22.6	NA
2025-11-23 04:45:00	-91.1885	30.404	0	16.29	17.6	88.19233593211499	101.88	1.775	0	0.31	275.4	0	0	0.75	0.24	0	0.376	0.366	0.233	0.386	0.358	-0.2	-0.1	-0.1	1.035	2.588	6.957	2.434	2.452	22.950000000000003	23.7	24	23.1	22.6	NA
2025-11-23 05:00:00	-91.1885	30.404	0	16.17	17.2	89.83779809397163	101.89	1.763	0	0.27	248.4	0	0	0.82	0.2	0	0.376	0.366	0.232	0.386	0.358	-0.2	-0.1	-0.1	1.035	2.582	6.965	2.428	2.446	22.85	23.7	24	23.1	22.6	NA
2025-11-23 05:15:00	-91.1885	30.404	0	16.15	17	90.67313752067639	101.89	1.757	0	0.29	230.9	0	0	0.68	0.18	0	0.375	0.366	0.232	0.386	0.358	-0.2	-0.1	-0.1	1.034	2.584	6.972	2.428	2.446	22.75	23.6	24	23.1	22.6	NA
2025-11-23 05:30:00	-91.1885	30.404	0	16	17	90.98277828625639	101.89	1.763	0	0.25	253.8	0	0	0.81	0.17	0	0.376	0.366	0.232	0.386	0.358	-0.2	-0.1	-0.1	1.034	2.585	6.977	2.428	2.446	22.65	23.5	23.950000000000003	23.1	22.6	NA
2025-11-23 05:45:00	-91.1885	30.404	0	16.05	17.6	87.69547770151152	101.88	1.765	0	0.48	283.4	0	0	1.2	0.25	0	0.375	0.366	0.231	0.386	0.358	-0.2	-0.1	-0.1	1.033	2.58	6.982	2.429	2.452	22.549999999999997	23.5	23.950000000000003	23.1	22.6	NA
2025-11-23 06:00:00	-91.1885	30.404	0	15.89	17.4	88.75930839846146	101.89	1.764	0	0.43	262	0	0	1.23	0.22	0	0.375	0.366	0.231	0.386	0.358	-0.2	-0.1	-0.1	1.029	2.58	6.971	2.429	2.452	22.450000000000003	23.5	23.950000000000003	23.1	22.6	NA
2025-11-23 06:15:00	-91.1885	30.404	0	15.83	17.7	86.25557972709707	101.89	1.747	0	0.48	296.6	0	0	1.01	0.28	0	0.375	0.366	0.231	0.386	0.358	-0.2	-0.1	-0.1	1.032	2.582	6.976	2.429	2.447	22.35	23.4	23.950000000000003	23.1	22.6	NA
2025-11-23 06:30:00	-91.1885	30.404	0	15.86	18	83.23686954299448	101.89	1.718	0	0.67	327.7	0	0	2.41	0.35	0	0.375	0.366	0.231	0.386	0.358	-0.2	-0.1	-0.1	1.033	2.582	6.983	2.429	2.452	22.25	23.4	23.9	23.1	22.6	NA
2025-11-23 06:45:00	-91.1885	30.404	0	15.87	18.8	76.26289365203812	101.9	1.655	0	1.22	343.8	0	0	2.94	0.51	0	0.375	0.366	0.23	0.386	0.358	-0.2	-0.1	-0.1	1.029	2.584	6.988	2.429	2.446	22.200000000000003	23.3	23.85	23.1	22.6	NA
2025-11-23 07:00:00	-91.1885	30.404	0	15.53	18.4	75.83364541693106	101.89	1.605	0	1.13	346	0	0	2.61	0.51	0	0.375	0.366	0.23	0.386	0.358	-0.2	-0.1	-0.1	1.028	2.585	6.992	2.429	2.446	22.15	23.2	23.85	23.1	22.6	NA
2025-11-23 07:15:00	-91.1885	30.404	0	15.41	18.3	74.40882716317336	101.9	1.565	0	1.12	3	0	0	3.68	0.54	0	0.375	0.365	0.23	0.386	0.358	-0.2	-0.1	-0.1	1.028	2.579	6.996	2.429	2.446	22	23.2	23.85	23.1	22.6	NA
2025-11-23 07:30:00	-91.1885	30.404	0	15.48	18.5	72.26107619929444	101.91	1.539	0	1.59	355.2	0	0	4	0.58	0	0.375	0.364	0.23	0.386	0.358	-0.2	-0.1	-0.1	1.024	2.576	6.984	2.429	2.447	21.9	23.1	23.799999999999997	23.1	22.6	NA
2025-11-23 07:45:00	-91.1885	30.404	0	15.03	18	73.06239771294277	101.91	1.508	0	1.06	13.1	0	0	3.28	0.56	0	0.374	0.364	0.229	0.386	0.358	-0.2	-0.1	-0.1	1.023	2.577	6.99	2.429	2.447	21.799999999999997	23	23.799999999999997	23.1	22.6	NA
2025-11-23 08:00:00	-91.1885	30.404	0	14.89	17.7	73.31971144518555	101.91	1.485	0	1.14	353.7	0	0	3.87	0.54	0	0.374	0.364	0.229	0.386	0.358	-0.2	-0.1	-0.1	1.022	2.571	6.994	2.423	2.446	21.700000000000003	23	23.75	23.1	22.6	NA
2025-11-23 08:15:00	-91.1885	30.404	0	14.6	17.4	74.0667244685574	101.91	1.472	0	0.92	1	0	0	3.7	0.52	0	0.374	0.364	0.229	0.386	0.358	-0.2	-0.1	-0.1	1.02	2.573	6.999	2.429	2.447	21.6	22.9	23.75	23.1	22.6	NA
2025-11-23 08:30:00	-91.1885	30.404	0	14.38	17.2	74.39772275507578	101.92	1.46	0	0.82	356.4	0	0	2.5	0.5	0	0.374	0.364	0.229	0.386	0.358	-0.2	-0.1	-0.1	1.019	2.574	7.002	2.423	2.447	21.5	22.9	23.700000000000003	23.1	22.6	NA
2025-11-23 08:45:00	-91.1885	30.404	0	14.13	16.9	75.20188684782883	101.91	1.448	0	0.82	349.1	0	0	2.68	0.47	0	0.374	0.363	0.229	0.386	0.358	-0.2	-0.1	-0.1	1.018	2.571	7.006	2.423	2.447	21.4	22.8	23.700000000000003	23.1	22.6	NA
2025-11-23 09:00:00	-91.1885	30.404	0	14.07	16.7	75.74182375049628	101.9	1.44	0	0.92	342.9	0	0	3.18	0.46	0	0.371	0.363	0.228	0.386	0.358	-0.2	-0.1	-0.1	1.028	2.572	6.994	2.423	2.452	21.299999999999997	22.7	23.700000000000003	23.1	22.6	NA
2025-11-23 09:15:00	-91.1885	30.404	0	13.78	16.5	76.55116659285197	101.9	1.437	0	0.8	327.9	0	0	1.9	0.44	0	0.369	0.363	0.228	0.386	0.358	-0.2	-0.1	-0.1	1.034	2.573	7.001	2.424	2.447	21.200000000000003	22.7	23.65	23.1	22.6	NA
2025-11-23 09:30:00	-91.1885	30.404	0	13.52	16.2	77.3764704428549	101.9	1.425	0	0.73	352.4	0	0	2.06	0.42	0	0.368	0.363	0.228	0.386	0.358	-0.2	-0.1	-0.1	1.033	2.575	7.003	2.424	2.452	21.15	22.6	23.6	23.1	22.6	NA
2025-11-23 09:45:00	-91.1885	30.404	0	13.46	16	77.93050541521913	101.91	1.417	0	0.77	334.2	0	0	1.94	0.4	0	0.368	0.363	0.228	0.386	0.358	-0.2	-0.1	-0.1	1.031	2.571	7.007	2.424	2.452	21.05	22.6	23.6	23.1	22.6	NA
2025-11-23 10:00:00	-91.1885	30.404	0	13.6	16	78.04049907141562	101.93	1.419	0	0.88	338.9	0	0	3.32	0.4	0	0.368	0.363	0.228	0.386	0.358	-0.2	-0.1	-0.1	1.028	2.572	7.009	2.424	2.452	20.95	22.5	23.6	23.1	22.6	NA
2025-11-23 10:15:00	-91.1885	30.404	0	13.47	15.9	78.59611273480023	101.93	1.42	0	0.77	349.7	0	0	2.37	0.38	0	0.367	0.363	0.228	0.386	0.358	-0.2	-0.1	-0.1	1.028	2.567	7.016	2.424	2.446	20.85	22.4	23.549999999999997	23.1	22.7	NA
2025-11-23 10:30:00	-91.1885	30.404	0	12.65	15.3	80.9288633954229	101.93	1.407	0	0.56	298.3	0	0	1.76	0.33	0	0.367	0.363	0.227	0.386	0.358	-0.2	-0.1	-0.1	1.026	2.568	7.005	2.429	2.452	20.75	22.4	23.5	23.1	22.7	NA
2025-11-23 10:45:00	-91.1885	30.404	0	12.35	14.7	83.2792084648409	101.95	1.393	0	0.61	290.4	0	0	1.91	0.28	0	0.367	0.363	0.227	0.386	0.358	-0.2	-0.1	-0.1	1.028	2.57	7.008	2.424	2.452	20.65	22.3	23.5	23.1	22.7	NA
2025-11-23 11:00:00	-91.1885	30.404	0	12.04	14	86.01249970516923	101.97	1.375	0	0.51	249.5	0	0	1.29	0.22	0	0.366	0.363	0.227	0.386	0.358	-0.2	-0.1	-0.1	1.028	2.571	7.013	2.424	2.452	20.65	22.2	23.5	23.1	22.7	NA
2025-11-23 11:15:00	-91.1885	30.404	0	11.92	13.9	85.69124102418479	101.96	1.361	0	0.53	295.5	0	0	2.21	0.23	0	0.365	0.363	0.227	0.386	0.358	-0.2	-0.1	-0.1	1.029	2.571	7	2.429	2.452	20.55	22.2	23.4	23.1	22.7	NA
2025-11-23 11:30:00	-91.1885	30.404	0	12.05	14.1	85.58065740821732	101.98	1.377	0	0.65	313	0	0	1.36	0.23	0	0.365	0.363	0.227	0.386	0.358	-0.2	-0.1	-0.1	1.027	2.568	7.005	2.424	2.452	20.45	22.1	23.4	23.1	22.7	NA
2025-11-23 11:45:00	-91.1885	30.404	0	11.95	14.1	85.82925772022377	101.99	1.381	0	0.59	303.3	0	0	1.54	0.23	0	0.365	0.362	0.227	0.386	0.358	-0.2	-0.1	-0.1	1.028	2.569	6.99	2.424	2.452	20.35	22.1	23.4	23.1	22.7	NA
2025-11-23 12:00:00	-91.1885	30.404	0	11.62	13.8	86.82015489391195	102.01	1.37	0	0.4	283.6	0	0	1.31	0.21	0	0.365	0.362	0.226	0.386	0.358	-0.2	-0.1	-0.1	1.027	2.57	6.995	2.424	2.452	20.25	22	23.4	23.1	22.7	NA
2025-11-23 12:15:00	-91.1885	30.404	0	12.57	14.4	84.54345477711443	102.01	1.387	0	0.94	330.9	0	0	3.13	0.25	0	0.365	0.362	0.226	0.386	0.358	-0.2	-0.1	-0.1	1.025	2.573	7	2.424	2.452	20.2	21.9	23.299999999999997	23.1	22.7	NA
2025-11-23 12:30:00	-91.1885	30.404	0	12.67	14.5	85.45201254854403	102.02	1.411	0	0.97	332.3	0	0	2.31	0.24	0	0.365	0.362	0.226	0.386	0.358	-0.2	-0.1	-0.1	1.023	2.567	7.004	2.424	2.452	20.1	21.9	23.299999999999997	23.1	22.7	NA
2025-11-23 12:45:00	-91.1885	30.404	0	12.55	14.3	86.19663943456706	102.03	1.405	0.7	0.9	332.1	0	0	3.05	0.23	0	0.365	0.362	0.226	0.386	0.358	-0.2	-0.1	-0.1	1.023	2.568	6.99	2.424	2.452	20.05	21.8	23.299999999999997	23.1	22.7	NA
2025-11-23 13:00:00	-91.1885	30.404	0	12.82	14.3	86.0739395919556	102.04	1.403	11.4	0.84	347	0	0	2.84	0.22	0	0.364	0.362	0.226	0.386	0.358	-0.2	-0.1	-0.1	1.022	2.569	7.008	2.424	2.452	19.95	21.8	23.25	23.1	22.7	NA
2025-11-23 13:15:00	-91.1885	30.404	0	13.75	14.7	87.34452517382091	102.07	1.461	64.3	1.17	345	0	0	3.16	0.21	0	0.365	0.362	0.226	0.386	0.358	-0.2	-0.1	-0.1	1.022	2.565	7.015	2.424	2.446	19.9	21.7	23.200000000000003	23.1	22.7	0.412
2025-11-23 13:30:00	-91.1885	30.404	0	15.5	14.8	90.70326959887538	102.08	1.527	110.1	1.18	341.8	0	0	2.85	0.16	0	0.364	0.362	0.226	0.386	0.358	-0.2	-0.1	-0.1	1.02	2.575	7.002	2.424	2.452	19.85	21.7	23.200000000000003	23.1	22.7	0.421
2025-11-23 13:45:00	-91.1885	30.404	0	16.63	15	91.53566417203818	102.11	1.561	145.5	1.11	4.1	0	0	3.38	0.15	0	0.364	0.361	0.225	0.386	0.358	-0.2	-0.1	-0.1	1.02	2.572	7.004	2.424	2.446	19.85	21.6	23.15	23.1	22.7	0.416
2025-11-23 14:00:00	-91.1885	30.404	0	17.85	15.4	90.06940223482604	102.12	1.576	187	1.23	18.3	0	0	3.31	0.17	0	0.364	0.361	0.225	0.386	0.358	-0.2	-0.1	-0.1	1.025	2.568	7.009	2.424	2.452	19.9	21.5	23.1	23.1	22.7	0.414
2025-11-23 14:15:00	-91.1885	30.404	0	18.99	15.8	89.85129952410684	102.13	1.613	225	1.25	23.7	0	0	4.01	0.18	0	0.363	0.361	0.225	0.386	0.358	-0.2	-0.1	-0.1	1.031	2.569	7.013	2.424	2.452	20	21.5	23.1	23.1	22.7	0.408
2025-11-23 14:30:00	-91.1885	30.404	0	19.42	16	88.04992178529697	102.14	1.601	269.2	1.73	64.3	0	0	4.52	0.21	0	0.363	0.361	0.225	0.386	0.358	-0.2	-0.1	-0.1	1.03	2.57	6.998	2.424	2.452	20.15	21.5	23.05	23.1	22.7	0.399
2025-11-23 14:45:00	-91.1885	30.404	0	20.95	16.5	86.45966832303323	102.14	1.623	311.1	1.23	55.9	0	0	3.64	0.25	0	0.363	0.361	0.225	0.386	0.358	-0.2	-0.1	-0.1	1.032	2.571	7.001	2.424	2.446	20.25	21.4	23.05	23.05	22.7	0.393
2025-11-23 15:00:00	-91.1885	30.404	0	21.92	16.6	85.69982143371409	102.15	1.619	359.1	1.52	72.1	0	0	3.6	0.26	0	0.363	0.361	0.225	0.386	0.358	-0.2	-0.1	-0.1	1.034	2.572	7.007	2.424	2.452	20.4	21.4	23	23.05	22.7	0.389
2025-11-23 15:15:00	-91.1885	30.404	0	23.64	17.1	83.43404635281503	102.16	1.627	392.2	1.14	66.5	0	0	2.98	0.33	0	0.363	0.361	0.225	0.386	0.358	-0.2	-0.1	-0.1	1.033	2.572	7.009	2.424	2.452	20.55	21.4	22.95	23.05	22.7	0.388
2025-11-23 15:30:00	-91.1885	30.404	0	25.13	17.7	81.86133439469201	102.16	1.658	439.1	1.11	66.4	0	0	2.64	0.37	0	0.363	0.361	0.225	0.386	0.358	-0.2	-0.1	-0.1	1.035	2.572	7.011	2.424	2.451	20.75	21.4	22.95	23.05	22.7	0.389
2025-11-23 15:45:00	-91.1885	30.404	0	26.8	18.4	79.0465350669942	102.16	1.673	496.4	1.22	70.6	0	0	2.94	0.44	0	0.362	0.361	0.224	0.386	0.358	-0.2	-0.1	-0.1	1.039	2.572	6.997	2.424	2.451	21	21.4	22.95	23.05	22.7	0.352
2025-11-23 16:00:00	-91.1885	30.404	0	27.17	18.6	77.68927680143189	102.15	1.665	538.4	1.44	85.1	0	0	3.35	0.47	0	0.362	0.361	0.224	0.386	0.358	-0.2	-0.1	-0.1	1.04	2.572	7.003	2.424	2.445	21.25	21.4	22.9	23.05	22.7	0.33
2025-11-23 16:15:00	-91.1885	30.404	0	28.75	19.1	75.34576172295618	102.14	1.666	582.7	1.19	64.9	0	0	2.93	0.55	0	0.362	0.361	0.224	0.386	0.358	-0.2	-0.1	-0.1	1.039	2.571	7.006	2.419	2.451	21.5	21.5	22.85	23.05	22.7	0.322
2025-11-23 16:30:00	-91.1885	30.404	0	29.24	19.4	73.64067692845202	102.12	1.659	614.9	1.32	97.2	0	0	3.46	0.59	0	0.362	0.361	0.224	0.386	0.358	-0.2	-0.1	-0.1	1.04	2.578	7.007	2.419	2.452	21.700000000000003	21.5	22.85	23.05	22.7	0.324
2025-11-23 16:45:00	-91.1885	30.404	0	30.69	19.9	71.04602317862933	102.1	1.651	631.4	1.02	111.7	0	0	2.47	0.67	0	0.362	0.361	0.224	0.386	0.358	-0.2	-0.1	-0.1	1.042	2.577	7.01	2.419	2.452	22	21.6	22.85	23.05	22.7	0.317
2025-11-23 17:00:00	-91.1885	30.404	0	31.4	20.5	70.07675700745861	102.07	1.69	646.2	0.97	332.9	0	0	3.61	0.71	0	0.362	0.361	0.224	0.386	0.358	-0.2	-0.1	-0.1	1.041	2.576	7.014	2.419	2.451	22.25	21.6	22.799999999999997	23.05	22.7	0.294
2025-11-23 17:15:00	-91.1885	30.404	0	31.89	20.6	69.11039962474662	102.04	1.677	660	1.02	337.5	0	0	2.38	0.75	0	0.361	0.36	0.224	0.386	0.358	-0.2	-0.1	-0.1	1.043	2.576	7.017	2.419	2.446	22.5	21.7	22.799999999999997	23.05	22.7	0.283
2025-11-23 17:30:00	-91.1885	30.404	0	32.34	21.2	66.29006990418318	102.01	1.669	666.5	1.23	309.6	0	0	2.33	0.84	0	0.361	0.36	0.224	0.386	0.358	-0.2	-0.1	-0.1	1.04	2.575	7.018	2.419	2.446	22.75	21.8	22.75	23.05	22.7	0.27
2025-11-23 17:45:00	-91.1885	30.404	0	32.68	21.3	65.33225744674571	101.97	1.655	669.8	1.05	319.8	0	0	2.67	0.87	0	0.361	0.36	0.224	0.386	0.358	-0.2	-0.1	-0.1	1.037	2.58	7.018	2.419	2.452	23	21.9	22.75	23.05	22.7	0.268
2025-11-23 18:00:00	-91.1885	30.404	0	33.14	21.8	62.71364212471505	101.93	1.638	670.3	1.15	288.6	0	0	3.46	0.97	0	0.36	0.36	0.224	0.386	0.358	-0.2	-0.1	-0.1	1.03	2.579	7.021	2.419	2.452	23.299999999999997	22	22.75	23	22.7	0.281
2025-11-23 18:15:00	-91.1885	30.404	0	32.95	22.2	60.194288344126385	101.9	1.611	666.2	1.53	297.8	0	0	2.86	1.06	0	0.36	0.36	0.224	0.386	0.358	-0.2	-0.1	-0.1	1.018	2.578	7.022	2.419	2.452	23.4	22	22.75	22.95	22.7	0.297
2025-11-23 18:30:00	-91.1885	30.404	0	33.36	22.4	59.1713266792311	101.88	1.603	656.6	1.36	312.4	0	0	2.63	1.1	0	0.36	0.36	0.223	0.386	0.358	-0.2	-0.1	-0.1	1.012	2.578	7.028	2.42	2.452	23.4	22.2	22.700000000000003	22.95	22.7	0.347
2025-11-23 18:45:00	-91.1885	30.404	0	33.82	22.6	59.07707282229199	101.86	1.62	641.2	1.16	325.5	0	0	2.81	1.12	0	0.36	0.36	0.223	0.386	0.358	-0.2	-0.1	-0.1	1.013	2.577	7.029	2.42	2.452	23.4	22.2	22.700000000000003	22.95	22.7	0.372
2025-11-23 19:00:00	-91.1885	30.404	0	33.75	22.8	57.968795731194575	101.86	1.609	623.9	1.31	312.3	0	0	2.52	1.16	0	0.36	0.36	0.223	0.386	0.358	-0.2	-0.1	-0.1	1.008	2.576	7.032	2.415	2.452	23.55	22.3	22.700000000000003	22.95	22.7	0.377
2025-11-23 19:15:00	-91.1885	30.404	0	33.53	23	56.91530529998744	101.84	1.599	601.5	1.28	308.2	0	0	2.66	1.21	0	0.359	0.36	0.223	0.386	0.358	-0.2	-0.1	-0.1	1.002	2.575	7.032	2.421	2.452	23.65	22.4	22.700000000000003	22.95	22.7	0.382
2025-11-23 19:30:00	-91.1885	30.404	0	33.16	23.2	55.17648045669922	101.83	1.569	575.9	1.21	306.1	0	0	2.35	1.27	0	0.359	0.36	0.223	0.386	0.357	-0.2	-0.1	-0.1	0.996	2.575	7.035	2.421	2.453	23.799999999999997	22.5	22.700000000000003	22.95	22.7	0.385
2025-11-23 19:45:00	-91.1885	30.404	0	33.17	23.4	54.72302655445051	101.81	1.575	548	1.01	329.8	0	0	2.34	1.3	0	0.358	0.36	0.223	0.386	0.357	-0.2	-0.1	-0.1	0.991	2.568	7.034	2.415	2.453	23.9	22.5	22.700000000000003	22.95	22.7	0.39
2025-11-23 20:00:00	-91.1885	30.404	0	32.09	23.3	54.49484358954666	101.81	1.559	513.8	1.18	309.9	0	0	2.99	1.31	0	0.358	0.36	0.223	0.386	0.358	-0.2	-0.1	-0.1	0.988	2.574	7.037	2.416	2.452	24	22.6	22.700000000000003	22.95	22.7	0.394
2025-11-23 20:15:00	-91.1885	30.404	0	31.21	23.4	53.78491752780279	101.79	1.548	469.1	1.11	329.1	0	0	2.69	1.33	0	0.358	0.36	0.223	0.386	0.357	-0.2	-0.1	-0.1	0.985	2.567	7.038	2.416	2.453	24	22.7	22.700000000000003	22.95	22.7	0.399
2025-11-23 20:30:00	-91.1885	30.404	0	30.35	23.5	53.634380768116706	101.77	1.553	407.8	0.9	296.2	0	0	2.09	1.34	0	0.357	0.36	0.223	0.386	0.357	-0.2	-0.1	-0.1	0.976	2.573	7.039	2.421	2.453	24	22.8	22.700000000000003	22.95	22.7	0.401
2025-11-23 20:45:00	-91.1885	30.404	0	28.46	23.6	52.48842868118549	101.77	1.529	368.4	1.09	305.3	0	0	2.57	1.39	0	0.357	0.36	0.223	0.386	0.357	-0.2	-0.1	-0.1	0.972	2.572	7.039	2.416	2.453	24	22.8	22.700000000000003	22.9	22.7	0.416
2025-11-23 21:00:00	-91.1885	30.404	0	24.05	23.6	51.149613299520205	101.76	1.49	288.3	1.3	303.8	0	0	2.54	1.41	0	0.357	0.36	0.223	0.386	0.357	-0.2	-0.1	-0.1	0.967	2.566	7.039	2.421	2.453	23.95	22.9	22.75	22.9	22.7	0.45
2025-11-23 21:15:00	-91.1885	30.404	0	22.37	23.1	50.84070786901441	101.77	1.437	174.9	1	294.1	0	0	2.29	1.39	0	0.357	0.36	0.223	0.386	0.357	-0.2	-0.1	-0.1	0.963	2.565	7.038	2.416	2.453	23.85	22.9	22.799999999999997	22.9	22.7	0.427
2025-11-23 21:30:00	-91.1885	30.404	0	20.02	22.7	51.905466595095305	101.75	1.432	124	0.57	265	0	0	1.31	1.33	0	0.357	0.36	0.223	0.386	0.357	-0.2	-0.1	-0.1	0.958	2.566	7.042	2.416	2.453	23.75	23	22.799999999999997	22.9	22.7	0.409
2025-11-23 21:45:00	-91.1885	30.404	0	19.33	22.1	53.456851288341625	101.75	1.422	70.9	0.49	261	0	0	1.51	1.24	0	0.357	0.36	0.222	0.386	0.357	-0.2	-0.1	-0.1	0.954	2.565	7.043	2.421	2.453	23.65	23	22.799999999999997	22.9	22.7	0.42
2025-11-23 22:00:00	-91.1885	30.404	0	19.68	21.7	55.5861586695037	101.76	1.443	72.3	0.48	259.5	0	0	1.35	1.15	0	0.357	0.36	0.222	0.386	0.357	-0.2	-0.1	-0.1	0.951	2.566	7.045	2.416	2.453	23.55	23	22.799999999999997	22.9	22.8	0.42
2025-11-23 22:15:00	-91.1885	30.404	0	20.08	21.8	55.860319816824955	101.78	1.459	76.3	0.57	291.6	0	0	1.81	1.16	0	0.357	0.36	0.222	0.386	0.357	-0.2	-0.1	-0.1	0.949	2.56	7.046	2.416	2.453	23.4	23	22.799999999999997	22.9	22.8	0.43
2025-11-23 22:30:00	-91.1885	30.404	0	19.42	21.8	56.013466684040374	101.81	1.463	55.6	0.84	289.5	0	0	1.94	1.15	0	0.357	0.359	0.222	0.386	0.357	-0.2	-0.1	-0.1	0.95	2.47	7.046	2.416	2.453	23.299999999999997	23	22.799999999999997	22.9	22.8	0.418
2025-11-23 22:45:00	-91.1885	30.404	0	17.84	21.3	57.673974700722354	101.81	1.461	25.1	0.65	294.2	0	0	1.55	1.07	0	0.357	0.359	0.222	0.385	0.357	-0.2	-0.1	-0.1	0.946	2.465	7.047	2.423	2.452	23.15	23	22.85	22.85	22.8	0.417
2025-11-23 23:00:00	-91.1885	30.404	0	16.14	20	62.86668837820975	101.81	1.47	7.6	0.28	257.8	0	0	0.76	0.87	0	0.357	0.359	0.222	0.386	0.357	-0.2	-0.1	-0.1	0.946	2.459	7.046	2.423	2.453	23.049999999999997	23	22.85	22.85	22.8	NA
2025-11-23 23:15:00	-91.1885	30.404	0	15.16	19	66.4423607794696	101.8	1.46	0	0.15	202.2	0	0	0.46	0.73	0	0.357	0.359	0.222	0.385	0.357	-0.2	-0.1	-0.1	0.945	2.466	7.045	2.417	2.453	22.9	23	22.9	22.85	22.8	NA
2025-11-23 23:30:00	-91.1885	30.404	0	16.58	20	62.61008965013543	101.77	1.464	0	1.53	70.1	0	0	5.01	0.88	0	0.357	0.359	0.222	0.385	0.357	-0.2	-0.1	-0.1	0.943	2.467	7.063	2.417	2.453	22.75	22.9	22.9	22.85	22.8	NA
2025-11-23 23:45:00	-91.1885	30.404	0	16.73	20.1	63.456438752524974	101.77	1.493	0	1.33	59.7	0	0	3.95	0.86	0	0.357	0.359	0.222	0.385	0.357	-0.2	-0.1	-0.1	0.937	2.466	7.046	2.417	2.453	22.55	22.9	22.9	22.85	22.8	NA
2025-11-24 00:00:00	-91.1885	30.404	0	16.95	19.7	65.26640538978198	101.76	1.498	0	2.37	76	0	0	6.18	0.79	0	0.357	0.359	0.222	0.386	0.357	-0.2	-0.1	-0.1	0.936	2.463	7.045	2.417	2.453	22.4	22.9	22.9	22.85	22.8	NA
2025-11-24 00:15:00	-91.1885	30.404	0	16.52	19	68.30820789724922	101.78	1.501	0	1.69	67.1	0	0	4.12	0.7	0	0.357	0.359	0.222	0.385	0.357	-0.2	-0.1	-0.1	0.932	2.458	7.045	2.417	2.453	22.25	22.8	22.9	22.85	22.8	NA
2025-11-24 00:30:00	-91.1885	30.404	0	16.52	18.5	70.47685209560814	101.79	1.501	0	2.2	76.9	0	0	5.91	0.63	0	0.357	0.359	0.222	0.385	0.357	-0.2	-0.1	-0.1	0.929	2.459	7.058	2.418	2.453	22.049999999999997	22.8	22.9	22.85	22.8	NA
2025-11-24 00:45:00	-91.1885	30.404	0	16.2	18	72.62634892022628	101.81	1.499	0	1.57	58.3	0	0	5.35	0.57	0	0.357	0.359	0.222	0.386	0.357	-0.2	-0.1	-0.1	0.928	2.448	7.041	2.417	2.458	21.85	22.7	22.9	22.85	22.8	NA
2025-11-24 01:00:00	-91.1885	30.404	0	15.76	17.5	74.20048323435893	101.83	1.484	0	1.25	23	0	0	3.59	0.52	0	0.357	0.359	0.223	0.386	0.357	-0.2	-0.1	-0.1	0.927	2.449	7.055	2.417	2.453	21.75	22.6	22.9	22.85	22.8	NA
2025-11-24 01:15:00	-91.1885	30.404	0	15.18	17.1	75.2291001841301	101.83	1.467	0	1.26	54	0	0	4.38	0.48	0	0.357	0.359	0.223	0.385	0.357	-0.2	-0.1	-0.1	0.927	2.456	7.051	2.417	2.453	21.6	22.6	22.9	22.85	22.8	NA
2025-11-24 01:30:00	-91.1885	30.404	0	14.99	16.8	76.4645191930685	101.81	1.463	0	1.26	66.8	0	0	4.2	0.44	0	0.357	0.359	0.223	0.385	0.357	-0.2	-0.1	-0.1	0.924	2.457	7.037	2.418	2.453	21.5	22.5	22.9	22.85	22.8	NA
2025-11-24 01:45:00	-91.1885	30.404	0	14.72	16.4	78.2194020492527	101.83	1.459	0	1.19	61.4	0	0	3.96	0.41	0	0.357	0.359	0.223	0.385	0.357	-0.2	-0.1	-0.1	0.925	2.452	7.05	2.417	2.458	21.4	22.5	22.9	22.8	22.8	NA
2025-11-24 02:00:00	-91.1885	30.404	0	14.59	16.2	78.95114949046388	101.85	1.454	0	1.44	74	0	0	4.33	0.39	0	0.357	0.359	0.223	0.385	0.357	-0.2	-0.1	-0.1	0.923	2.453	7.029	2.418	2.453	21.25	22.4	22.9	22.8	22.8	NA
2025-11-24 02:15:00	-91.1885	30.404	0	14.39	15.8	80.71576752041587	101.85	1.449	0	1.49	89.1	0	0	4.22	0.35	0	0.357	0.359	0.223	0.385	0.357	-0.2	-0.1	-0.1	0.923	2.449	7.027	2.418	2.453	21.15	22.3	22.9	22.8	22.8	NA
2025-11-24 02:30:00	-91.1885	30.404	0	14.4	15.5	81.37316110595381	101.86	1.433	0	1.86	84.3	0	0	4.65	0.33	0	0.357	0.359	0.223	0.385	0.357	-0.2	-0.1	-0.1	0.922	2.449	7.024	2.418	2.459	21	22.3	22.9	22.8	22.8	NA
2025-11-24 02:45:00	-91.1885	30.404	0	14.28	15.2	81.91364812437482	101.86	1.415	0	1.9	78.9	0	0	6.33	0.32	0	0.357	0.359	0.223	0.385	0.357	-0.2	-0.1	-0.1	0.918	2.451	7.021	2.418	2.453	20.85	22.2	22.9	22.8	22.8	NA
2025-11-24 03:00:00	-91.1885	30.404	0	14.3	15	82.68115725981669	101.84	1.41	0	1.55	83.4	0	0	4.35	0.29	0	0.357	0.359	0.224	0.385	0.357	-0.2	-0.1	-0.1	0.918	2.452	7.003	2.417	2.454	20.75	22.1	22.9	22.8	22.8	NA
2025-11-24 03:15:00	-91.1885	30.404	0	14.31	14.8	83.75351023864722	101.83	1.41	0	2.32	84.9	0	0	5.88	0.27	0	0.357	0.358	0.224	0.385	0.357	-0.2	-0.1	-0.1	0.919	2.453	7.017	2.418	2.459	20.65	22.1	22.9	22.8	22.8	NA
2025-11-24 03:30:00	-91.1885	30.404	0	13.82	14.6	84.42030844606657	101.84	1.403	0	1.53	93.1	0	0	3.83	0.26	0	0.357	0.358	0.224	0.385	0.357	-0.2	-0.1	-0.1	0.915	2.449	6.997	2.417	2.453	20.55	22	22.9	22.8	22.8	NA
2025-11-24 03:45:00	-91.1885	30.404	0	13.58	14.4	84.90917988790225	101.85	1.393	0	0.89	103.6	0	0	2.25	0.25	0	0.357	0.358	0.224	0.385	0.357	-0.2	-0.1	-0.1	0.916	2.444	6.997	2.418	2.459	20.45	22	22.9	22.8	22.8	NA
2025-11-24 04:00:00	-91.1885	30.404	0	13.49	14.4	84.42154640685185	101.85	1.385	0	0.87	111.3	0	0	2.27	0.25	0	0.357	0.358	0.224	0.385	0.357	-0.2	-0.1	-0.1	0.914	2.439	6.994	2.418	2.459	20.35	21.9	22.9	22.8	22.8	NA
2025-11-24 04:15:00	-91.1885	30.404	0	13.47	14.3	85.33774053628667	101.85	1.391	0	0.86	125.5	0	0	2.3	0.24	0	0.357	0.358	0.224	0.385	0.357	-0.2	-0.1	-0.1	0.916	2.446	6.992	2.418	2.453	20.25	21.8	22.85	22.8	22.8	NA
2025-11-24 04:30:00	-91.1885	30.404	0	13.12	14.1	85.64280748621893	101.83	1.378	0	0.54	112.1	0	0	1.54	0.23	0	0.357	0.358	0.224	0.385	0.357	-0.2	-0.1	-0.1	0.916	2.446	6.991	2.418	2.459	20.25	21.8	22.85	22.8	22.8	NA
2025-11-24 04:45:00	-91.1885	30.404	0	12.66	13.8	87.26376152475675	101.82	1.377	0	0.43	170.6	0	0	1.34	0.2	0	0.357	0.358	0.224	0.385	0.357	-0.2	-0.1	-0.1	0.919	2.442	6.991	2.418	2.459	20.15	21.7	22.85	22.8	22.8	NA
2025-11-24 05:00:00	-91.1885	30.404	0	12.64	14	86.70059970281058	101.8	1.386	0	0.5	111	0	0	1.53	0.21	0	0.357	0.358	0.224	0.385	0.357	-0.2	-0.1	-0.1	0.919	2.448	6.992	2.418	2.459	20.15	21.7	22.85	22.8	22.8	NA
2025-11-24 05:15:00	-91.1885	30.404	0	11.65	13.4	88.52528875948207	101.81	1.361	0	0.34	218.4	0	0	1.09	0.18	0	0.357	0.358	0.224	0.385	0.357	-0.2	-0.1	-0.1	0.918	2.444	6.992	2.418	2.46	20.05	21.6	22.799999999999997	22.8	22.8	NA
2025-11-24 05:30:00	-91.1885	30.404	0	11.68	13.1	89.61283472649433	101.79	1.351	0	0.26	159.1	0	0	0.89	0.15	0	0.357	0.358	0.224	0.385	0.357	-0.2	-0.1	-0.1	0.918	2.445	6.975	2.418	2.46	19.95	21.6	22.799999999999997	22.8	22.8	NA
2025-11-24 05:45:00	-91.1885	30.404	0	12.73	13.5	87.82092198339879	101.76	1.359	0	0.77	97.8	0	0	2.26	0.19	0	0.357	0.358	0.224	0.385	0.357	-0.2	-0.1	-0.1	0.918	2.446	6.975	2.418	2.459	19.95	21.5	22.75	22.8	22.8	NA
2025-11-24 06:00:00	-91.1885	30.404	0	13.42	14	87.88913606237293	101.73	1.405	0	1.8	87.3	0	0	3.51	0.19	0	0.357	0.358	0.224	0.385	0.357	-0.2	-0.1	-0.1	0.918	2.44	6.976	2.418	2.46	19.85	21.5	22.75	22.8	22.8	NA
2025-11-24 06:15:00	-91.1885	30.404	0	13.23	13.9	89.46895921775649	101.73	1.421	0	1.7	87.9	0	0	3.18	0.17	0	0.357	0.358	0.224	0.385	0.357	-0.2	-0.1	-0.1	0.917	2.441	6.975	2.418	2.459	19.75	21.4	22.75	22.8	22.8	NA
2025-11-24 06:30:00	-91.1885	30.404	0	12.62	13.7	89.61903094825642	101.73	1.405	0	1.11	96.2	0	0	2.74	0.16	0	0.357	0.358	0.224	0.385	0.357	-0.2	-0.1	-0.1	0.919	2.442	6.973	2.418	2.46	19.700000000000003	21.4	22.75	22.8	22.8	NA
2025-11-24 06:45:00	-91.1885	30.404	0	12.29	13.4	90.60670627623698	101.73	1.393	0	0.76	102.9	0	0	2.16	0.15	0	0.357	0.358	0.225	0.385	0.357	-0.2	-0.1	-0.1	0.919	2.443	6.973	2.418	2.46	19.65	21.3	22.700000000000003	22.8	22.8	NA
2025-11-24 07:00:00	-91.1885	30.404	0	12.49	13.4	89.82617470745387	101.74	1.381	0	0.72	97.2	0	0	2.96	0.15	0	0.357	0.358	0.225	0.385	0.357	-0.2	-0.1	-0.1	0.918	2.444	6.971	2.418	2.46	19.55	21.3	22.65	22.8	22.8	NA
2025-11-24 07:15:00	-91.1885	30.404	0	12.93	13.4	90.99697206062852	101.75	1.399	0	0.57	123.7	0	0	1.48	0.14	0	0.357	0.358	0.225	0.385	0.357	-0.2	-0.1	-0.1	0.916	2.445	6.953	2.418	2.46	19.55	21.2	22.65	22.8	22.8	NA
2025-11-24 07:30:00	-91.1885	30.404	0	12.72	13.4	91.06201635802711	101.76	1.4	0	0.81	101.1	0	0	2.99	0.14	0	0.357	0.358	0.225	0.385	0.357	-0.2	-0.1	-0.1	0.918	2.439	6.952	2.418	2.46	19.45	21.2	22.65	22.8	22.8	NA
2025-11-24 07:45:00	-91.1885	30.404	0	12.95	13.6	90.33253499411761	101.75	1.407	0	1.45	86.7	0	0	4.72	0.15	0	0.357	0.358	0.225	0.385	0.357	-0.2	-0.1	-0.1	0.919	2.441	6.95	2.418	2.46	19.45	21.1	22.65	22.8	22.8	NA
2025-11-24 08:00:00	-91.1885	30.404	0	12.75	13.5	91.3104950423418	101.76	1.413	0	1.28	97.5	0	0	4.19	0.14	0	0.357	0.358	0.225	0.385	0.357	-0.2	-0.1	-0.1	0.917	2.441	6.95	2.419	2.46	19.4	21.1	22.55	22.8	22.8	NA
2025-11-24 08:15:00	-91.1885	30.404	0	12.89	13.5	91.05200814908676	101.76	1.409	0	1.71	81.9	0	0	3.85	0.14	0	0.357	0.358	0.225	0.385	0.357	-0.2	-0.1	-0.1	0.915	2.437	6.934	2.418	2.46	19.35	21	22.55	22.8	22.8	NA
2025-11-24 08:30:00	-91.1885	30.404	0	13.02	13.5	91.18125159571427	101.75	1.411	0	2.4	78	0	0	4.7	0.13	0	0.357	0.358	0.225	0.385	0.357	-0.2	-0.1	-0.1	0.915	2.437	6.934	2.418	2.46	19.25	21	22.55	22.8	22.8	NA
2025-11-24 08:45:00	-91.1885	30.404	0	12.94	13.4	91.64741503461443	101.76	1.409	0	1.88	85.2	0	0	3.81	0.13	0	0.357	0.358	0.225	0.385	0.357	-0.2	-0.1	-0.1	0.911	2.438	6.932	2.418	2.46	19.15	20.9	22.55	22.8	22.8	NA
2025-11-24 09:00:00	-91.1885	30.404	0	12.96	13.4	91.58237073721583	101.75	1.408	0	1.97	84.1	0	0	4.99	0.12	0	0.357	0.358	0.225	0.385	0.357	-0.2	-0.1	-0.1	0.909	2.438	6.933	2.419	2.461	19.15	20.9	22.5	22.8	22.8	NA
2025-11-24 09:15:00	-91.1885	30.404	0	12.81	13.3	91.85437540420912	101.74	1.403	0	2.27	82.7	0	0	4.59	0.12	0	0.357	0.358	0.225	0.385	0.357	-0.2	-0.1	-0.1	0.91	2.439	6.933	2.419	2.461	19.05	20.8	22.45	22.8	22.8	NA
2025-11-24 09:30:00	-91.1885	30.404	0	12.58	13.2	91.9947001037954	101.74	1.396	0	1.52	94.7	0	0	3.25	0.12	0	0.357	0.358	0.225	0.385	0.357	-0.2	-0.1	-0.1	0.908	2.44	6.932	2.419	2.461	19	20.8	22.45	22.8	22.8	NA
2025-11-24 09:45:00	-91.1885	30.404	0	12.55	13.1	92.39872596151488	101.74	1.393	0	1.68	102.4	0	0	3.34	0.11	0	0.356	0.358	0.225	0.385	0.357	-0.2	-0.1	-0.1	0.909	2.44	6.915	2.419	2.46	18.95	20.8	22.45	22.8	22.8	NA
2025-11-24 10:00:00	-91.1885	30.404	0	16.23	13	93.13840971487673	101.72	1.395	0	1.68	98.9	0	0	3	0.11	0	0.376	0.363	0.228	0.385	0.357	-0.1	-0.1	-0.1	1.376	2.596	7.001	2.418	2.46	20.3	21	22.5	22.8	22.8	NA
2025-11-24 10:15:00	-91.1885	30.404	0	14.85	13	93.27194148507726	101.71	1.397	0	1.28	104.8	0	0	2.72	0.1	0	0.382	0.366	0.232	0.386	0.357	-0.1	-0.1	-0.1	1.278	2.615	6.953	2.422	2.465	24.25	22.1	23	22.8	22.8	NA
2025-11-24 10:30:00	-91.1885	30.404	0	13.93	13	93.00487794467621	101.71	1.393	0	0.89	109.8	0	0	2.36	0.1	0	0.381	0.366	0.233	0.386	0.357	-0.1	-0.1	-0.1	1.146	2.58	6.926	2.428	2.46	24.75	22.6	23.450000000000003	22.8	22.8	NA
2025-11-24 10:45:00	-91.1885	30.404	0	13.61	13	93.27194148507726	101.69	1.397	0	1.03	114.7	0	0	2.82	0.1	0	0.38	0.366	0.236	0.386	0.357	-0.1	-0.1	-0.1	1.123	2.587	6.882	2.427	2.46	24.6	22.9	23.6	22.9	22.8	NA
2025-11-24 11:00:00	-91.1885	30.404	0	13.25	13	93.27194148507726	101.69	1.397	0	0.81	111.2	0	0	2.43	0.09	0	0.381	0.366	0.237	0.386	0.357	-0.1	-0.1	-0.1	1.112	2.593	6.834	2.426	2.465	24.25	23.1	23.700000000000003	22.95	22.8	NA
2025-11-24 11:15:00	-91.1885	30.404	0	13	12.8	93.96003230232354	101.68	1.389	0	0.73	105.7	0	0	1.73	0.09	0	0.379	0.367	0.238	0.386	0.357	-0.1	-0.1	-0.1	1.09	2.602	6.799	2.43	2.465	23.9	23.1	23.8	23.05	22.8	NA
2025-11-24 11:30:00	-91.1885	30.404	0	13.02	12.8	94.09532392550902	101.68	1.391	0	0.83	110.8	0	0	1.94	0.09	0	0.379	0.367	0.239	0.386	0.357	-0.1	-0.1	-0.1	1.068	2.599	6.78	2.43	2.46	23.450000000000003	23.1	23.799999999999997	23.1	22.8	NA
2025-11-24 11:45:00	-91.1885	30.404	0	13.07	12.9	94.42194649069884	101.68	1.405	0	0.93	117.9	0	0	1.95	0.08	0	0.379	0.368	0.239	0.386	0.357	-0.1	-0.1	-0.1	1.056	2.602	6.767	2.429	2.465	23.1	23.1	23.85	23.200000000000003	22.8	NA
2025-11-24 12:00:00	-91.1885	30.404	0	13.12	12.9	94.69076342020973	101.67	1.409	0	1.13	117.6	0	0	2.27	0.08	0	0.379	0.368	0.24	0.386	0.357	-0.1	-0.1	-0.1	1.046	2.584	6.757	2.43	2.465	22.75	23	23.85	23.200000000000003	22.8	NA
2025-11-24 12:15:00	-91.1885	30.404	0	13.03	13	94.67402507218293	101.69	1.418	0	1.08	124	0	0	2.92	0.07	0	0.379	0.368	0.24	0.386	0.357	-0.1	-0.1	-0.1	1.04	2.584	6.74	2.43	2.465	22.450000000000003	22.9	23.8	23.200000000000003	22.8	NA
2025-11-24 12:30:00	-91.1885	30.404	0	13.13	13.1	94.91929422177157	101.69	1.431	0	1.2	125.7	0	0	2.71	0.07	0	0.378	0.368	0.24	0.386	0.357	-0.1	-0.1	-0.1	1.038	2.583	6.738	2.424	2.465	22.15	22.8	23.799999999999997	23.200000000000003	22.8	NA
2025-11-24 12:45:00	-91.1885	30.404	0	13.25	13.1	95.84792463344507	101.7	1.445	0.1	1.38	120.2	0	0	2.61	0.06	0	0.378	0.368	0.24	0.386	0.357	-0.1	-0.1	-0.1	1.03	2.585	6.736	2.424	2.465	21.9	22.8	23.75	23.200000000000003	22.8	NA
2025-11-24 13:00:00	-91.1885	30.404	0	13.49	13.2	95.88272826004463	101.7	1.455	12.1	1.35	112	0	0	2.56	0.06	0	0.378	0.368	0.24	0.386	0.357	-0.1	-0.1	-0.1	1.027	2.587	6.738	2.419	2.465	21.700000000000003	22.7	23.7	23.200000000000003	22.8	0.461
2025-11-24 13:15:00	-91.1885	30.404	0	14.15	13.5	96.73871980069758	101.71	1.497	42.8	1.13	121.6	0	0	2.33	0.05	0	0.378	0.368	0.239	0.386	0.357	-0.1	-0.1	-0.1	1.029	2.582	6.747	2.419	2.46	21.5	22.6	23.7	23.200000000000003	22.8	0.41
2025-11-24 13:30:00	-91.1885	30.404	0	15.12	13.8	98.16381016837198	101.72	1.549	62.4	1.1	106.3	0	0	3.1	0.02	0	0.378	0.368	0.238	0.386	0.357	-0.1	-0.1	-0.1	1.022	2.583	6.748	2.419	2.46	21.299999999999997	22.5	23.65	23.200000000000003	22.8	0.43
2025-11-24 13:45:00	-91.1885	30.404	0	16.15	14	98.33574511747348	101.73	1.572	76.1	1.26	91.7	0	0	3.26	0.03	0	0.378	0.368	0.238	0.386	0.357	-0.1	-0.1	-0.1	1.023	2.591	6.754	2.419	2.46	21.15	22.4	23.6	23.200000000000003	22.8	0.434
2025-11-24 14:00:00	-91.1885	30.404	0	17	14.4	98.56291735731367	101.73	1.617	103.7	1.47	97	0	0	3.35	0.02	0	0.378	0.368	0.238	0.386	0.357	-0.1	-0.1	-0.1	1.021	2.593	6.759	2.419	2.465	21.1	22.3	23.549999999999997	23.200000000000003	22.8	0.435
2025-11-24 14:15:00	-91.1885	30.404	0	18.66	14.9	99.5043645222589	101.74	1.686	174.9	0.93	93.4	0	0	2.12	0	0	0.378	0.368	0.237	0.386	0.357	-0.1	-0.1	-0.1	1.019	2.594	6.763	2.419	2.465	21.05	22.2	23.5	23.200000000000003	22.8	0.42
2025-11-24 14:30:00	-91.1885	30.404	0	20.53	16	99.8192429983223	101.78	1.815	238.6	1.12	76.2	0	0	2.84	0	0	0.378	0.368	0.237	0.386	0.357	-0.1	-0.1	-0.1	1.021	2.595	6.769	2.419	2.465	21	22.1	23.4	23.200000000000003	22.8	0.403
2025-11-24 14:45:00	-91.1885	30.404	0	21.82	17.1	99.58753412241352	101.79	1.942	280.1	1.3	95	0	0	3.06	0	0	0.378	0.368	0.237	0.386	0.357	-0.1	-0.1	-0.1	1.023	2.597	6.761	2.419	2.46	21.1	22	23.4	23.200000000000003	22.8	0.388
2025-11-24 15:00:00	-91.1885	30.404	0	22.39	17.7	98.00648297555105	101.78	1.985	322.7	1.76	102.9	0	0	3.49	0.04	0	0.378	0.367	0.236	0.386	0.357	-0.1	-0.1	-0.1	1.022	2.604	6.769	2.418	2.46	21.2	22	23.35	23.200000000000003	22.8	0.377
2025-11-24 15:15:00	-91.1885	30.404	0	24.26	18.5	95.36208301544315	101.76	2.031	366.4	1.67	107.2	0	0	3.82	0.09	0	0.377	0.367	0.236	0.386	0.357	-0.1	-0.1	-0.1	1.021	2.605	6.776	2.419	2.465	21.299999999999997	21.9	23.3	23.200000000000003	22.8	0.378
2025-11-24 15:30:00	-91.1885	30.404	0	25.57	19.2	93.43983509937136	101.78	2.079	407.8	1.58	100	0	0	3.13	0.14	0	0.377	0.367	0.236	0.386	0.357	-0.1	-0.1	-0.1	1.023	2.606	6.783	2.418	2.459	21.5	21.9	23.25	23.200000000000003	22.8	0.398
2025-11-24 15:45:00	-91.1885	30.404	0	26.97	20.1	89.89307967956485	101.76	2.115	449.5	1.52	119.2	0	0	3.44	0.24	0	0.377	0.367	0.236	0.386	0.357	-0.1	-0.1	-0.1	1.023	2.606	6.784	2.413	2.46	21.700000000000003	21.9	23.2	23.200000000000003	22.8	0.407
2025-11-24 16:00:00	-91.1885	30.404	0	28.48	21	86.73081298359705	101.75	2.157	491.1	1.51	110.2	0	0	3.45	0.33	0	0.377	0.367	0.235	0.386	0.357	-0.1	-0.1	-0.1	1.021	2.607	6.789	2.419	2.46	21.9	21.9	23.2	23.15	22.8	0.396
2025-11-24 16:15:00	-91.1885	30.404	0	29.31	21.8	83.73304965003163	101.75	2.187	525.4	1.7	123.9	0	0	3.7	0.42	0	0.377	0.367	0.235	0.386	0.357	-0.1	-0.1	-0.1	1.018	2.615	6.793	2.419	2.46	22.15	21.9	23.15	23.15	22.8	0.395
2025-11-24 16:30:00	-91.1885	30.404	0	30.61	22.4	82.27878176419595	101.73	2.229	526.2	1.41	110	0	0	2.81	0.48	0	0.376	0.367	0.235	0.386	0.357	-0.1	-0.1	-0.1	1.02	2.62	6.796	2.413	2.465	22.35	21.9	23.1	23.15	22.8	0.402
2025-11-24 16:45:00	-91.1885	30.404	0	30.94	23.1	79.92286644126898	101.72	2.259	571.1	1.8	118.5	0	0	4.05	0.57	0	0.376	0.367	0.235	0.386	0.357	-0.1	-0.1	-0.1	1.022	2.615	6.8	2.413	2.46	22.6	22	23.1	23.15	22.8	0.396
2025-11-24 17:00:00	-91.1885	30.404	0	31.66	23.7	78.37965671691681	101.69	2.297	582.3	1.71	121.1	0	0	4.17	0.63	0	0.37	0.367	0.235	0.386	0.357	-0.1	-0.1	-0.1	1.034	2.622	6.803	2.413	2.459	22.85	22	23.049999999999997	23.15	22.8	0.385
2025-11-24 17:15:00	-91.1885	30.404	0	32.37	24	77.04636665032149	101.66	2.299	586.5	1.73	118.8	0	0	4.51	0.68	0	0.37	0.367	0.235	0.386	0.357	-0.1	-0.1	-0.1	1.033	2.622	6.812	2.414	2.46	23.1	22.1	23	23.1	22.8	0.373
2025-11-24 17:30:00	-91.1885	30.404	0	33.39	24.5	76.20381907743894	101.63	2.343	607.9	1.51	127.8	0	0	4.63	0.74	0	0.369	0.367	0.234	0.386	0.357	-0.1	-0.1	-0.1	1.032	2.627	6.798	2.414	2.46	23.299999999999997	22.1	23	23.1	22.8	0.359
2025-11-24 17:45:00	-91.1885	30.404	0	33.79	25	73.61627639187279	101.6	2.332	616	1.62	127.6	0	0	5.25	0.82	0	0.369	0.367	0.234	0.386	0.357	-0.1	-0.1	-0.1	1.028	2.62	6.801	2.414	2.46	23.55	22.2	22.950000000000003	23.05	22.8	0.355
2025-11-24 18:00:00	-91.1885	30.404	0	34.72	25.5	72.71653934319968	101.57	2.373	612	1.36	129.6	0	0	4.17	0.89	0	0.368	0.366	0.234	0.386	0.357	-0.1	-0.1	-0.1	1.026	2.626	6.805	2.414	2.466	23.75	22.3	22.950000000000003	23.05	22.8	0.372
2025-11-24 18:15:00	-91.1885	30.404	0	34.82	25.7	71.79874079689898	101.52	2.371	615.8	1.48	121.2	0	0	4.81	0.93	0	0.368	0.367	0.234	0.386	0.357	-0.1	-0.1	-0.1	1.021	2.623	6.808	2.414	2.46	23.85	22.4	22.950000000000003	23.05	22.8	0.377
2025-11-24 18:30:00	-91.1885	30.404	0	35.93	26.5	69.29355663373155	101.5	2.399	619.1	1.22	133.7	0	0	4.05	1.06	0	0.368	0.367	0.234	0.386	0.357	-0.1	-0.1	-0.1	1.02	2.621	6.811	2.415	2.46	23.950000000000003	22.5	22.950000000000003	23.05	22.8	0.378
2025-11-24 18:45:00	-91.1885	30.404	0	35.1	26.4	68.94755453782197	101.47	2.373	574.3	1.63	122.9	0	0	4.08	1.08	0	0.367	0.367	0.234	0.386	0.357	-0.1	-0.1	-0.1	1.025	2.62	6.801	2.414	2.46	24.049999999999997	22.6	22.9	23.05	22.8	0.369
2025-11-24 19:00:00	-91.1885	30.404	0	30.42	26	68.54205690059403	101.45	2.304	274.8	0.87	154.3	0	0	2.53	1.05	0	0.367	0.367	0.233	0.386	0.357	-0.1	-0.1	-0.1	1.025	2.619	6.805	2.414	2.46	24.200000000000003	22.6	22.9	23.05	22.8	0.393
2025-11-24 19:15:00	-91.1885	30.404	0	32.13	26.1	68.1678012664831	101.44	2.305	401.3	1.25	126.7	0	0	3.28	1.07	0	0.367	0.367	0.233	0.386	0.357	-0.1	-0.1	-0.1	1.023	2.624	6.808	2.409	2.461	24.299999999999997	22.7	22.9	23.05	22.8	0.38
2025-11-24 19:30:00	-91.1885	30.404	0	28.99	25.6	68.41780568435479	101.42	2.246	239.6	1.66	121.7	0	0	4.89	1.03	0	0.367	0.367	0.233	0.386	0.357	-0.1	-0.1	-0.1	1.019	2.623	6.828	2.414	2.461	24.4	22.8	22.9	23.05	22.8	0.399
2025-11-24 19:45:00	-91.1885	30.404	0	30.04	25.8	68.45474786193206	101.41	2.274	285.8	1.17	120.4	0	0	2.89	1.04	0	0.366	0.367	0.233	0.386	0.357	-0.1	-0.1	-0.1	1.015	2.623	6.83	2.414	2.461	24.4	22.9	22.9	23	22.8	0.396
2025-11-24 20:00:00	-91.1885	30.404	0	29.39	25.8	68.7256769431798	101.38	2.283	248.3	1.44	126.5	0	0	3.6	1.04	0	0.366	0.367	0.233	0.386	0.357	-0.1	-0.1	-0.1	1.013	2.623	6.833	2.409	2.461	24.45	22.9	22.9	23	22.8	0.405
2025-11-24 20:15:00	-91.1885	30.404	0	29.56	26	68.69080268379845	101.37	2.309	249.7	1.36	119.9	0	0	2.89	1.05	0	0.365	0.367	0.232	0.386	0.357	-0.1	-0.1	-0.1	1.014	2.629	6.837	2.41	2.467	24.45	23	22.9	22.95	22.8	0.397
2025-11-24 20:30:00	-91.1885	30.404	0	27.7	25.7	68.83109988669396	101.37	2.273	141.1	0.93	123.9	0	0	2.08	1.03	0	0.364	0.367	0.232	0.386	0.357	-0.1	-0.1	-0.1	1.017	2.628	6.839	2.41	2.461	24.5	23	22.9	22.95	22.8	0.403
2025-11-24 20:45:00	-91.1885	30.404	0	26.46	25.7	68.52827938565264	101.37	2.263	101.9	1.25	127	0	0	2.82	1.03	0	0.364	0.366	0.232	0.386	0.357	-0.1	-0.1	-0.1	1.016	2.628	6.842	2.41	2.462	24.450000000000003	23.1	22.9	22.95	22.8	0.397
2025-11-24 21:00:00	-91.1885	30.404	0	25.79	25.3	70.11227535117388	101.36	2.261	70.2	1.26	121.3	0	0	3.51	0.97	0	0.364	0.365	0.232	0.386	0.357	-0.1	-0.1	-0.1	1.012	2.611	6.844	2.41	2.461	24.4	23.1	22.9	22.95	22.8	0.415
2025-11-24 21:15:00	-91.1885	30.404	0	25.55	25.2	70.68631955371661	101.37	2.266	64.6	0.88	137	0	0	2.41	0.94	0	0.363	0.364	0.232	0.386	0.357	-0.1	-0.1	-0.1	1.008	2.611	6.847	2.416	2.461	24.35	23.2	22.9	22.95	22.8	0.404
2025-11-24 21:30:00	-91.1885	30.404	0	25.51	25.2	71.34140018506174	101.35	2.287	73.5	1.38	113.8	0	0	4.97	0.92	0	0.363	0.364	0.232	0.386	0.357	-0.1	-0.1	-0.1	1.01	2.606	6.849	2.41	2.462	24.299999999999997	23.2	22.9	22.95	22.8	0.398
2025-11-24 21:45:00	-91.1885	30.404	0	24.69	25	71.31182177068636	101.36	2.259	46.4	1.75	121.1	0	0	3.22	0.9	0	0.363	0.363	0.232	0.386	0.357	-0.1	-0.1	-0.1	1.005	2.607	6.851	2.41	2.462	24.25	23.2	22.9	22.95	22.8	0.409
2025-11-24 22:00:00	-91.1885	30.404	0	24.18	24.7	72.21342212507338	101.35	2.247	34.6	1.87	120.7	0	0	4.4	0.86	0	0.363	0.363	0.231	0.385	0.357	-0.1	-0.1	-0.1	1.002	2.607	6.851	2.411	2.462	24.2	23.3	22.950000000000003	22.9	22.8	0.414
2025-11-24 22:15:00	-91.1885	30.404	0	24.03	24.4	73.5854035672726	101.36	2.249	38	1.7	114.5	0	0	4.97	0.81	0	0.363	0.363	0.231	0.386	0.357	-0.1	-0.1	-0.1	0.998	2.602	6.853	2.41	2.462	24.05	23.3	22.950000000000003	22.9	22.8	0.412
2025-11-24 22:30:00	-91.1885	30.404	0	23.66	24.2	74.6375949493251	101.36	2.254	50.8	1.9	123.6	0	0	3.81	0.76	0	0.363	0.363	0.231	0.385	0.357	-0.1	-0.1	-0.1	0.996	2.604	6.857	2.411	2.468	23.95	23.3	22.950000000000003	22.9	22.8	0.411
2025-11-24 22:45:00	-91.1885	30.404	0	22.92	23.7	76.60528050913288	101.35	2.245	45.8	1.75	122.6	0	0	3.34	0.69	0	0.363	0.363	0.231	0.386	0.357	-0.1	-0.1	-0.1	0.995	2.604	6.859	2.41	2.462	23.85	23.3	22.950000000000003	22.9	22.8	0.408
2025-11-24 23:00:00	-91.1885	30.404	0	22.11	23.4	77.82830443299629	101.35	2.24	16.7	1.47	117.9	0	0	4.02	0.63	0	0.363	0.363	0.231	0.386	0.357	-0.1	-0.1	-0.1	0.993	2.599	6.861	2.41	2.462	23.799999999999997	23.3	22.950000000000003	22.9	22.8	0.411
2025-11-24 23:15:00	-91.1885	30.404	0	21.57	23.1	78.96761305750881	101.32	2.232	0.2	1.89	127.2	0	0	4.08	0.59	0	0.363	0.363	0.231	0.385	0.357	-0.1	-0.1	-0.1	0.991	2.6	6.863	2.411	2.462	23.700000000000003	23.2	22.950000000000003	22.9	22.8	NA
2025-11-24 23:30:00	-91.1885	30.404	0	21.03	22.7	80.75794662979914	101.3	2.228	0	1.66	127.8	0	0	3.54	0.54	0	0.363	0.363	0.231	0.386	0.357	-0.1	-0.1	-0.1	0.988	2.595	6.866	2.411	2.462	23.6	23.2	22.950000000000003	22.85	22.8	NA
2025-11-24 23:45:00	-91.1885	30.404	0	20.56	22.5	81.48701566654503	101.28	2.221	0	1.38	127.2	0	0	2.85	0.5	0	0.363	0.363	0.231	0.386	0.357	-0.1	-0.1	-0.1	0.986	2.595	6.868	2.411	2.462	23.450000000000003	23.2	22.950000000000003	22.85	22.8	NA
2025-11-25 00:00:00	-91.1885	30.404	0	20.42	22.3	82.74331823053802	101.28	2.228	0	1.54	127.6	0	0	3.7	0.46	0	0.362	0.363	0.23	0.385	0.357	-0.1	-0.1	-0.1	0.988	2.596	6.871	2.412	2.463	23.35	23.2	22.950000000000003	22.85	22.8	NA
2025-11-25 00:15:00	-91.1885	30.404	0	20.33	22.2	83.77131872596608	101.29	2.242	0	1.47	132.1	0	0	2.99	0.43	0	0.362	0.363	0.23	0.386	0.357	-0.1	-0.1	-0.1	0.984	2.591	6.873	2.411	2.462	23.25	23.2	22.950000000000003	22.85	22.8	NA
2025-11-25 00:30:00	-91.1885	30.404	0	19.97	22	84.98708312152769	101.3	2.247	0	1.07	130.1	0	0	2.59	0.39	0	0.362	0.362	0.23	0.386	0.357	-0.1	-0.1	-0.1	0.985	2.593	6.874	2.411	2.462	23.2	23.1	22.950000000000003	22.85	22.8	NA
2025-11-25 00:45:00	-91.1885	30.404	0	20.05	21.9	85.96352140158186	101.3	2.259	0	1.08	132.2	0	0	2.66	0.37	0	0.362	0.362	0.23	0.386	0.357	-0.1	-0.1	-0.1	0.986	2.595	6.876	2.411	2.462	23.1	23.1	23	22.85	22.8	NA
2025-11-25 01:00:00	-91.1885	30.404	0	19.48	21.6	87.28165496853721	101.31	2.252	0	0.82	139.6	0	0	2.58	0.32	0	0.362	0.362	0.23	0.386	0.357	-0.1	-0.1	-0.1	0.987	2.591	6.876	2.411	2.463	23	23.1	23	22.85	22.8	NA
2025-11-25 01:15:00	-91.1885	30.404	0	19.08	21.2	88.61183101032515	101.3	2.231	0	0.7	124.3	0	0	1.44	0.29	0	0.362	0.362	0.23	0.386	0.357	-0.1	-0.1	-0.1	0.992	2.598	6.879	2.411	2.463	22.9	23	23	22.85	22.8	NA
2025-11-25 01:30:00	-91.1885	30.404	0	19.69	21.3	88.8202895801679	101.28	2.25	0	1.04	119.4	0	0	1.91	0.28	0	0.362	0.362	0.23	0.386	0.357	-0.1	-0.1	-0.1	0.993	2.598	6.88	2.406	2.463	22.8	23	23	22.8	22.8	NA
2025-11-25 01:45:00	-91.1885	30.404	0	20.29	21.5	88.87000757494914	101.27	2.279	0	1.22	121.4	0	0	3.08	0.28	0	0.361	0.362	0.23	0.386	0.357	-0.1	-0.1	-0.1	0.991	2.599	6.883	2.406	2.462	22.7	22.9	23	22.8	22.8	NA
2025-11-25 02:00:00	-91.1885	30.404	0	21.02	21.8	88.86346970174827	101.27	2.321	0	1.05	118.9	0	0	2.51	0.29	0	0.361	0.362	0.23	0.386	0.357	-0.1	-0.1	-0.1	0.989	2.594	6.883	2.406	2.463	22.7	22.9	23	22.8	22.8	NA
2025-11-25 02:15:00	-91.1885	30.404	0	20.83	22	88.84497474520185	101.26	2.349	0	1.17	123.3	0	0	2.76	0.29	0	0.361	0.362	0.23	0.386	0.357	-0.1	-0.1	-0.1	0.992	2.594	6.885	2.406	2.457	22.6	22.9	23	22.8	22.8	NA
2025-11-25 02:30:00	-91.1885	30.404	0	20.84	22.2	88.81553283301578	101.25	2.377	0	1.37	123.5	0	0	3.73	0.3	0	0.361	0.362	0.229	0.386	0.357	-0.1	-0.1	-0.1	0.99	2.596	6.888	2.406	2.464	22.6	22.8	23	22.8	22.8	NA
2025-11-25 02:45:00	-91.1885	30.404	0	20.87	22.2	89.63755290972017	101.26	2.399	0	1.15	123.6	0	0	3.23	0.28	0	0.361	0.361	0.229	0.386	0.357	-0.1	-0.1	-0.1	0.988	2.591	6.888	2.406	2.463	22.549999999999997	22.8	23	22.8	22.8	NA
2025-11-25 03:00:00	-91.1885	30.404	0	21.14	22.3	90.05949134158648	101.27	2.425	0	1.2	125.2	0	0	3.23	0.26	0	0.361	0.361	0.229	0.386	0.357	-0.1	-0.1	-0.1	0.988	2.597	6.891	2.406	2.462	22.549999999999997	22.8	23	22.8	22.8	NA
2025-11-25 03:15:00	-91.1885	30.404	0	20.65	22.2	90.68376028007123	101.26	2.427	0	1.43	124.2	0	0	3.98	0.25	0	0.361	0.361	0.229	0.386	0.357	-0.1	-0.1	-0.1	0.984	2.593	6.895	2.406	2.463	22.5	22.7	23	22.8	22.8	NA
2025-11-25 03:30:00	-91.1885	30.404	0	20.89	22.2	91.09477031842343	101.26	2.438	0	1.51	124.2	0	0	3.68	0.23	0	0.361	0.361	0.229	0.386	0.357	-0.1	-0.1	-0.1	0.984	2.593	6.895	2.406	2.463	22.450000000000003	22.7	23	22.8	22.8	NA
2025-11-25 03:45:00	-91.1885	30.404	0	20.92	22.1	92.10216994123559	101.28	2.45	0	1.49	118.9	0	0	3.6	0.21	0	0.361	0.361	0.229	0.386	0.357	-0.1	-0.1	-0.1	0.982	2.594	6.897	2.406	2.463	22.450000000000003	22.7	23	22.8	22.8	NA
2025-11-25 04:00:00	-91.1885	30.404	0	21.27	22.1	92.62846805518551	101.3	2.464	0	1.3	122.1	0	0	3.56	0.2	0	0.361	0.361	0.229	0.386	0.357	-0.1	-0.1	-0.1	0.98	2.594	6.901	2.406	2.463	22.450000000000003	22.7	23	22.8	22.8	NA
2025-11-25 04:15:00	-91.1885	30.404	0	21.26	22.2	92.55198772712666	101.31	2.477	0	1.27	118.6	0	0	2.95	0.19	0	0.361	0.361	0.229	0.386	0.357	-0.1	-0.1	-0.1	0.978	2.595	6.906	2.406	2.463	22.450000000000003	22.6	22.950000000000003	22.8	22.8	NA
2025-11-25 04:30:00	-91.1885	30.404	0	20.91	22.1	92.96680255701044	101.32	2.473	0	1.4	119.9	0	0	3.26	0.19	0	0.361	0.361	0.228	0.386	0.357	-0.1	-0.1	-0.1	0.98	2.596	6.908	2.411	2.463	22.450000000000003	22.6	22.950000000000003	22.8	22.8	NA
2025-11-25 04:45:00	-91.1885	30.404	0	20.85	22.1	93.19235889156042	101.33	2.479	0	1.34	120.1	0	0	2.79	0.18	0	0.361	0.361	0.228	0.386	0.357	-0.1	-0.1	-0.1	0.981	2.596	6.911	2.406	2.463	22.35	22.6	22.950000000000003	22.8	22.8	NA
2025-11-25 05:00:00	-91.1885	30.404	0	21.05	22.1	93.53069339338536	101.32	2.488	0	1.42	119.9	0	0	3.18	0.17	0	0.361	0.361	0.228	0.386	0.357	-0.1	-0.1	-0.1	0.979	2.596	6.911	2.406	2.463	22.35	22.6	22.9	22.8	22.8	NA
2025-11-25 05:15:00	-91.1885	30.404	0	21.1	22	94.36705491242171	101.29	2.495	0	1.32	118.5	0	0	3.06	0.15	0	0.36	0.361	0.228	0.386	0.357	-0.1	-0.1	-0.1	0.982	2.596	6.896	2.411	2.463	22.35	22.6	22.9	22.8	22.8	NA
2025-11-25 05:30:00	-91.1885	30.404	0	21.03	22	94.1779425779279	101.26	2.49	0	1.4	114.8	0	0	3.72	0.15	0	0.361	0.361	0.228	0.385	0.357	-0.1	-0.1	-0.1	0.981	2.598	6.915	2.412	2.463	22.35	22.5	22.9	22.8	22.8	NA
2025-11-25 05:45:00	-91.1885	30.404	0	21.39	22.1	94.35773328673523	101.28	2.51	0	0.77	145.8	0	0	3.19	0.14	0	0.36	0.361	0.228	0.386	0.357	-0.1	-0.1	-0.1	0.982	2.598	6.918	2.411	2.469	22.35	22.5	22.9	22.8	22.8	NA
2025-11-25 06:00:00	-91.1885	30.404	0	21.4	22.3	94.2932158830054	101.27	2.539	0	1.06	119	0	0	3.56	0.15	0	0.36	0.361	0.228	0.386	0.357	-0.1	-0.1	-0.1	0.982	2.598	6.919	2.411	2.463	22.35	22.5	22.9	22.8	22.8	NA
2025-11-25 06:15:00	-91.1885	30.404	0	20.83	22.2	94.75649611465208	101.26	2.536	0	0.75	114.3	0	0	2.47	0.14	0	0.36	0.361	0.228	0.386	0.357	-0.1	-0.1	-0.1	0.984	2.598	6.904	2.406	2.464	22.299999999999997	22.5	22.9	22.8	22.8	NA
2025-11-25 06:30:00	-91.1885	30.404	0	20.41	22	95.0478593165995	101.24	2.513	0	0.62	126.8	0	0	2.26	0.13	0	0.36	0.361	0.228	0.386	0.357	-0.1	-0.1	-0.1	0.986	2.599	6.907	2.411	2.463	22.299999999999997	22.5	22.9	22.8	22.8	NA
2025-11-25 06:45:00	-91.1885	30.404	0	20.85	22.4	93.50029349874757	101.23	2.533	0	0.79	133.2	0	0	2.46	0.17	0	0.36	0.361	0.228	0.386	0.357	-0.1	-0.1	-0.1	0.989	2.599	6.909	2.406	2.463	22.299999999999997	22.5	22.9	22.8	22.8	NA
2025-11-25 07:00:00	-91.1885	30.404	0	20.77	22.5	93.52111793517481	101.23	2.549	0	0.89	160.8	0	0	3.37	0.17	0	0.36	0.361	0.227	0.386	0.357	-0.1	-0.1	-0.1	0.987	2.599	6.91	2.411	2.469	22.25	22.5	22.9	22.8	22.8	NA
2025-11-25 07:15:00	-91.1885	30.404	0	20.19	22.4	93.5741192338433	101.24	2.535	0	0.74	156.4	0	0	6.43	0.17	0	0.36	0.361	0.227	0.386	0.357	-0.1	-0.1	-0.1	0.989	2.6	6.912	2.406	2.47	22.25	22.4	22.9	22.8	22.8	NA
2025-11-25 07:30:00	-91.1885	30.404	0	20.27	22.4	92.9096876179817	101.26	2.517	0	0.72	168.2	0	0	2.29	0.18	0	0.36	0.361	0.227	0.386	0.357	-0.1	-0.1	-0.1	0.989	2.601	6.914	2.405	2.464	22.25	22.4	22.9	22.8	22.8	NA
2025-11-25 07:45:00	-91.1885	30.404	0	20.11	22.3	92.8819743691991	101.27	2.501	0	0.67	165	0	0	2.13	0.19	0	0.36	0.361	0.227	0.386	0.356	-0.1	-0.1	-0.1	0.99	2.601	6.917	2.406	2.47	22.2	22.4	22.9	22.8	22.8	NA
2025-11-25 08:00:00	-91.1885	30.404	0	20.17	22	93.49713817375009	101.29	2.472	0	0.46	201.7	0	0	1.15	0.17	0	0.36	0.361	0.227	0.386	0.357	-0.1	-0.1	-0.1	0.99	2.601	6.919	2.411	2.464	22.15	22.4	22.85	22.8	22.8	NA
2025-11-25 08:15:00	-91.1885	30.404	0	20.55	22.2	93.1124559612433	101.3	2.492	0	0.63	147.3	0	0	2.36	0.19	0	0.36	0.361	0.227	0.386	0.357	-0.1	-0.1	-0.1	0.995	2.601	6.924	2.406	2.463	22.15	22.4	22.799999999999997	22.8	22.8	NA
2025-11-25 08:30:00	-91.1885	30.404	0	19.78	22.1	92.89161711216047	101.28	2.471	0	0.68	147	0	0	1.74	0.19	0	0.36	0.361	0.227	0.386	0.357	-0.1	-0.1	-0.1	0.993	2.602	6.924	2.406	2.464	22.15	22.4	22.799999999999997	22.8	22.8	NA
2025-11-25 08:45:00	-91.1885	30.404	0	19.76	21.9	93.04152714779444	101.29	2.445	0	0.58	160.7	0	0	1.63	0.18	0	0.36	0.361	0.227	0.386	0.356	-0.1	-0.1	-0.1	0.996	2.602	6.926	2.407	2.47	22.049999999999997	22.4	22.799999999999997	22.75	22.8	NA
2025-11-25 09:00:00	-91.1885	30.404	0	20.09	21.7	93.79923517688253	101.3	2.435	0	0.39	121.5	0	0	1.04	0.16	0	0.36	0.361	0.227	0.385	0.357	-0.1	-0.1	-0.1	0.996	2.603	6.927	2.407	2.464	22.049999999999997	22.3	22.799999999999997	22.75	22.8	NA
2025-11-25 09:15:00	-91.1885	30.404	0	20.71	21.6	94.7230749303308	101.3	2.444	0	0.48	109.8	0	0	1.47	0.14	0	0.36	0.361	0.227	0.386	0.357	-0.1	-0.1	-0.1	0.998	2.603	6.93	2.407	2.47	22.049999999999997	22.3	22.799999999999997	22.75	22.8	NA
2025-11-25 09:30:00	-91.1885	30.404	0	20.51	21.8	94.223610054288	101.29	2.461	0	1.16	117.2	0	0	2.72	0.15	0	0.36	0.361	0.227	0.386	0.357	-0.1	-0.1	-0.1	0.996	2.604	6.931	2.407	2.469	22.049999999999997	22.3	22.799999999999997	22.75	22.8	NA
2025-11-25 09:45:00	-91.1885	30.404	0	19.56	21.5	94.60229854182828	101.27	2.426	0	0.71	141.3	0	0	3.86	0.13	0	0.36	0.361	0.226	0.385	0.356	-0.1	-0.1	-0.1	0.992	2.604	6.934	2.413	2.464	21.950000000000003	22.3	22.799999999999997	22.75	22.8	NA
2025-11-25 10:00:00	-91.1885	30.404	0	22.25	21.4	94.67309460673121	101.29	2.413	0	0.4	136.2	0	0	1.18	0.13	0	0.374	0.365	0.228	0.386	0.357	-0.1	-0.1	-0.1	1.38	2.683	6.949	2.406	2.47	22.75	22.3	22.95	22.75	22.8	NA
2025-11-25 10:15:00	-91.1885	30.404	0	21.34	21.3	95.33377748271354	101.27	2.415	0	0.43	105.8	0	0	1.78	0.12	0	0.379	0.367	0.23	0.386	0.357	-0.1	-0.1	-0.1	1.242	2.675	6.946	2.411	2.464	25.1	22.8	23.799999999999997	22.75	22.8	NA
2025-11-25 10:30:00	-91.1885	30.404	0	20.65	21.2	95.24480984435665	101.25	2.398	0	0.42	112	0	0	0.95	0.12	0	0.379	0.367	0.231	0.386	0.357	-0.1	-0.1	-0.1	1.198	2.66	6.923	2.416	2.464	25.75	23.4	24.1	22.8	22.8	NA
2025-11-25 10:45:00	-91.1885	30.404	0	21.53	21.3	95.68905864103422	101.26	2.424	0	0.38	156.4	0	0	1.4	0.11	0	0.378	0.368	0.232	0.386	0.357	-0.1	-0.1	-0.1	1.166	2.66	6.882	2.416	2.469	25.85	23.8	24.299999999999997	22.9	22.8	NA
2025-11-25 11:00:00	-91.1885	30.404	0	20.49	21.1	97.30958944679146	101.25	2.435	0	0.31	159.2	0	0	0.8	0.07	0	0.376	0.367	0.234	0.386	0.357	-0.1	-0.1	-0.1	1.135	2.657	6.836	2.415	2.469	25.8	24.1	24.3	22.95	22.8	NA
2025-11-25 11:15:00	-91.1885	30.404	0	19.71	20.9	96.97504042557253	101.26	2.397	0	0.33	121	0	0	1.03	0.07	0	0.376	0.368	0.235	0.386	0.357	-0.1	-0.1	-0.1	1.12	2.651	6.818	2.412	2.469	25.6	24.3	24.35	23.05	22.8	NA
2025-11-25 11:30:00	-91.1885	30.404	0	19.78	20.9	96.4086446950936	101.25	2.383	0	0.37	133.2	0	0	1.34	0.08	0	0.376	0.368	0.236	0.386	0.357	-0.1	-0.1	-0.1	1.115	2.653	6.777	2.412	2.469	25.4	24.4	24.4	23.1	22.8	NA
2025-11-25 11:45:00	-91.1885	30.404	0	20.09	20.9	96.81321307400711	101.26	2.393	0	0.27	90.2	0	0	0.96	0.08	0	0.375	0.368	0.237	0.386	0.357	-0.1	-0.1	-0.1	1.102	2.652	6.768	2.412	2.469	25.2	24.4	24.4	23.1	22.8	NA
2025-11-25 12:00:00	-91.1885	30.404	0	19.99	20.9	97.13686777713794	101.26	2.401	0	0.44	106.6	0	0	1.11	0.07	0	0.374	0.368	0.237	0.386	0.357	-0.1	-0.1	-0.1	1.095	2.646	6.781	2.412	2.469	24.950000000000003	24.4	24.35	23.1	22.8	NA
2025-11-25 12:15:00	-91.1885	30.404	0	20.68	21	97.26557098160467	101.26	2.419	0	0.58	117.7	0	0	2.26	0.07	0	0.374	0.368	0.237	0.386	0.357	-0.1	-0.1	-0.1	1.091	2.63	6.779	2.413	2.469	24.7	24.3	24.35	23.1	22.8	NA
2025-11-25 12:30:00	-91.1885	30.404	0	21	21.2	97.191013214821	101.28	2.447	0	0.66	119.2	0	0	1.59	0.07	0	0.373	0.368	0.237	0.386	0.357	-0.1	-0.1	-0.1	1.083	2.631	6.778	2.412	2.468	24.549999999999997	24.3	24.3	23.1	22.8	NA
2025-11-25 12:45:00	-91.1885	30.404	0	20.74	21.2	97.42932383161254	101.28	2.453	0	0.4	123.9	0	0	1.25	0.06	0	0.372	0.368	0.237	0.386	0.357	-0.1	-0.1	-0.1	1.079	2.627	6.776	2.412	2.469	24.4	24.2	24.35	23.15	22.8	NA
2025-11-25 13:00:00	-91.1885	30.404	0	21.05	21.3	97.26808601134832	101.31	2.464	6.1	0.45	169.6	0	0	1.35	0.07	0	0.372	0.368	0.237	0.386	0.357	-0.1	-0.1	-0.1	1.078	2.628	6.775	2.412	2.474	24.3	24.2	24.299999999999997	23.200000000000003	22.8	NA
2025-11-25 13:15:00	-91.1885	30.404	0	21.52	21.6	96.85473169021958	101.33	2.499	22.8	0.5	173.8	0	0	1.86	0.08	0	0.372	0.368	0.237	0.386	0.357	-0.1	-0.1	-0.1	1.071	2.636	6.776	2.412	2.469	24.1	24.1	24.25	23.200000000000003	22.8	0.395
2025-11-25 13:30:00	-91.1885	30.404	0	21.36	21.6	97.55236481163772	101.34	2.517	28.5	0.45	162.8	0	0	1.42	0.07	0	0.372	0.368	0.237	0.386	0.357	-0.1	-0.1	-0.1	1.069	2.632	6.776	2.412	2.469	24	24	24.25	23.200000000000003	22.8	0.442
2025-11-25 13:45:00	-91.1885	30.404	0	22.34	21.8	97.97570830106584	101.35	2.559	63.4	0.5	129.4	0	0	1.62	0.06	0	0.372	0.367	0.236	0.386	0.357	-0.1	-0.1	-0.1	1.07	2.635	6.786	2.412	2.475	23.95	24	24.2	23.200000000000003	22.8	0.43
