2025-12-09 23:00:00	-91.2524	32.0987	0	7.37	9.8	67.2663120486873	101.58	0.815	7.5	2.51	172.4	0	0	3.7	0.4	0	0.31	0.309	0.306	0.204	0.149	-16.4	-49.3	-68.5	0.179	0.719	1.194	1.603	NA	12.1	11.5	11.850000000000001	13.5	15.4	0.255
2025-12-09 23:15:00	-91.2524	32.0987	0	6.44	9.2	69.43581727456063	101.58	0.808	0	2.04	171.4	0	0	3.39	0.36	0	0.31	0.309	0.306	0.204	0.149	-16.3	-48	-67.5	0.18	0.719	1.194	1.605	NA	11.9	11.5	11.850000000000001	13.5	15.4	NA
2025-12-09 23:30:00	-91.2524	32.0987	0	5.48	8.6	72.13150142643993	101.57	0.806	0	1.75	167.6	0	0	2.46	0.31	0	0.31	0.309	0.306	0.204	0.149	-16.2	-46.7	-66.7	0.18	0.719	1.197	1.605	NA	11.7	11.5	11.850000000000001	13.5	15.4	NA
2025-12-09 23:45:00	-91.2524	32.0987	0	5.38	8.3	72.42762886790824	101.57	0.793	0	1.39	137.7	0	0	1.88	0.3	0	0.311	0.309	0.306	0.204	0.149	-16.1	-45.3	-66.1	0.179	0.717	1.196	1.604	NA	11.5	11.4	11.8	13.45	15.4	NA
2025-12-10 00:00:00	-91.2524	32.0987	0	4.99	8	73.36156504674639	101.57	0.787	0	1.24	144.4	0	0	1.75	0.29	0	0.311	0.309	0.306	0.205	0.149	-16.1	-44.5	-65.8	0.178	0.719	1.196	1.607	NA	11.3	11.4	11.8	13.4	15.4	NA
2025-12-10 00:15:00	-91.2524	32.0987	0	4.57	7.7	75.1632285662382	101.58	0.79	0	1.26	155.8	0	0	1.73	0.26	0	0.311	0.309	0.306	0.205	0.149	-16.1	-43.9	-65.3	0.178	0.717	1.196	1.609	NA	11.05	11.4	11.8	13.4	15.4	NA
2025-12-10 00:30:00	-91.2524	32.0987	0	4.55	7.6	75.4867770126821	101.57	0.788	0	1.22	147.4	0	0	1.57	0.26	0	0.311	0.309	0.306	0.205	0.149	-16.1	-43.4	-65.2	0.176	0.716	1.199	1.608	NA	10.850000000000001	11.3	11.8	13.4	15.4	NA
2025-12-10 00:45:00	-91.2524	32.0987	0	4.69	8	72.80226467790207	101.59	0.781	0	1.15	136.5	0	0	1.72	0.29	0	0.312	0.309	0.306	0.205	0.149	-16.1	-42.9	-65	0.175	0.719	1.199	1.608	NA	10.649999999999999	11.3	11.8	13.4	15.4	NA
2025-12-10 01:00:00	-91.2524	32.0987	0	4.49	7.9	73.01843660784411	101.61	0.778	0	0.91	125.1	0	0	1.47	0.29	0	0.312	0.31	0.307	0.205	0.149	-16.1	-42.5	-64.7	0.177	0.719	1.198	1.607	NA	10.45	11.2	11.8	13.4	15.4	NA
2025-12-10 01:15:00	-91.2524	32.0987	0	4.41	7.6	74.1456413804771	101.62	0.774	0	1.02	125.3	0	0	1.67	0.27	0	0.312	0.31	0.307	0.205	0.149	-16.1	-42.1	-64.6	0.178	0.717	1.196	1.606	NA	10.25	11.2	11.8	13.4	15.4	NA
2025-12-10 01:30:00	-91.2524	32.0987	0	4.6	7.3	75.29201751822622	101.61	0.77	0	1.38	123.8	0	0	2.39	0.25	0	0.312	0.31	0.307	0.205	0.149	-16.1	-41.7	-64.5	0.177	0.717	1.195	1.609	NA	10.1	11.1	11.8	13.4	15.4	NA
2025-12-10 01:45:00	-91.2524	32.0987	0	4.59	6.8	77.92082264199385	101.58	0.77	0	1.65	127	0	0	2.93	0.22	0	0.312	0.31	0.307	0.206	0.149	-16.1	-41.4	-64.4	0.177	0.719	1.195	1.608	NA	9.95	11	11.8	13.4	15.4	NA
2025-12-10 02:00:00	-91.2524	32.0987	0	4.75	6.6	79.51397311655225	101.55	0.775	0	2.03	130	0	0	3.44	0.2	0	0.312	0.31	0.307	0.206	0.149	-16.1	-41	-64.4	0.177	0.717	1.193	1.607	NA	9.8	11	11.75	13.4	15.4	NA
2025-12-10 02:15:00	-91.2524	32.0987	0	4.5	6.3	81.5954685114293	101.52	0.779	0	2.08	128.7	0	0	3.04	0.17	0	0.312	0.31	0.307	0.206	0.149	-16.1	-40.7	-64.4	0.176	0.716	1.195	1.607	NA	9.649999999999999	10.9	11.75	13.4	15.4	NA
2025-12-10 02:30:00	-91.2524	32.0987	0	4.23	6	83.41269985834758	101.51	0.78	0	2.06	135.2	0	0	2.66	0.15	0	0.312	0.31	0.307	0.206	0.149	-16.1	-40.4	-64.4	0.177	0.716	1.195	1.606	NA	9.5	10.9	11.7	13.4	15.4	NA
2025-12-10 02:45:00	-91.2524	32.0987	0	4.09	5.7	84.29195245100789	101.48	0.772	0	2.25	139.9	0	0	2.83	0.14	0	0.313	0.31	0.307	0.206	0.149	-16.1	-40.1	-64.3	0.177	0.718	1.195	1.605	NA	9.4	10.8	11.7	13.4	15.4	NA
2025-12-10 03:00:00	-91.2524	32.0987	0	4.1	5.6	85.20908182975171	101.46	0.775	0	1.92	136.3	0	0	2.68	0.14	0	0.313	0.31	0.307	0.206	0.149	-16.1	-39.8	-64.3	0.177	0.716	1.195	1.608	NA	9.3	10.7	11.649999999999999	13.4	15.4	NA
2025-12-10 03:15:00	-91.2524	32.0987	0	4.17	5.8	84.90195409974359	101.45	0.783	0	1.91	133.3	0	0	2.58	0.14	0	0.313	0.31	0.307	0.206	0.149	-16.1	-39.6	-64.3	0.175	0.716	1.195	1.608	NA	9.2	10.7	11.649999999999999	13.350000000000001	15.4	NA
2025-12-10 03:30:00	-91.2524	32.0987	0	4.39	6.1	84.00566885695369	101.46	0.791	0	2.18	128.8	0	0	3.04	0.15	0	0.313	0.31	0.307	0.207	0.149	-16.1	-39.2	-64.3	0.177	0.716	1.193	1.608	NA	9.1	10.6	11.6	13.350000000000001	15.4	NA
2025-12-10 03:45:00	-91.2524	32.0987	0	4.18	5.9	84.63851960274381	101.45	0.786	0	2.26	129.2	0	0	3.25	0.14	0	0.313	0.31	0.307	0.207	0.149	-16.1	-39	-64.3	0.176	0.716	1.193	1.606	NA	8.95	10.6	11.6	13.350000000000001	15.4	NA
2025-12-10 04:00:00	-91.2524	32.0987	0	4.03	5.8	84.25136441315553	101.44	0.777	0	2.41	137.5	0	0	3.39	0.14	0	0.313	0.31	0.307	0.207	0.149	-16.1	-38.7	-64.3	0.174	0.716	1.193	1.61	NA	8.850000000000001	10.5	11.55	13.3	15.4	NA
2025-12-10 04:15:00	-91.2524	32.0987	0	4.15	6	83.41269985834758	101.42	0.78	0	3.09	142.2	0	0	4.04	0.15	0	0.313	0.31	0.307	0.207	0.149	-16.1	-38.5	-64.2	0.174	0.716	1.193	1.61	NA	8.75	10.4	11.5	13.3	15.4	NA
2025-12-10 04:30:00	-91.2524	32.0987	0	4.14	5.9	83.99242403325721	101.4	0.78	0	3.31	142.6	0	0	4.48	0.15	0	0.313	0.311	0.307	0.207	0.149	-16.1	-38.2	-64.2	0.175	0.716	1.193	1.609	NA	8.649999999999999	10.4	11.5	13.3	15.4	NA
2025-12-10 04:45:00	-91.2524	32.0987	0	3.96	5.6	85.3190290321127	101.39	0.776	0	2.83	140.1	0	0	4.05	0.13	0	0.313	0.311	0.307	0.207	0.149	-16.1	-37.8	-64.3	0.175	0.717	1.196	1.608	NA	8.55	10.3	11.45	13.3	15.4	NA
2025-12-10 05:00:00	-91.2524	32.0987	0	4.04	5.6	85.09913462739075	101.37	0.774	0	3.13	143.1	0	0	4.08	0.14	0	0.313	0.311	0.307	0.207	0.149	-16.1	-37.7	-64.3	0.174	0.716	1.193	1.608	NA	8.5	10.3	11.4	13.3	15.4	NA
2025-12-10 05:15:00	-91.2524	32.0987	0	4.05	5.7	85.05625771934605	101.35	0.779	0	3.52	144.5	0	0	4.8	0.14	0	0.313	0.311	0.307	0.207	0.149	-16.1	-37.4	-64.3	0.176	0.715	1.193	1.611	NA	8.45	10.2	11.4	13.3	15.4	NA
2025-12-10 05:30:00	-91.2524	32.0987	0	3.91	5.7	84.29195245100789	101.36	0.772	0	3.22	147.7	0	0	4.53	0.14	0	0.313	0.311	0.308	0.207	0.149	-16.1	-37.1	-64.3	0.175	0.717	1.193	1.607	NA	8.350000000000001	10.2	11.350000000000001	13.3	15.4	NA
2025-12-10 05:45:00	-91.2524	32.0987	0	3.77	5.5	85.13896702127288	101.35	0.769	0	2.97	145.7	0	0	4.07	0.14	0	0.313	0.311	0.308	0.208	0.149	-16.1	-36.9	-64.3	0.177	0.713	1.193	1.61	NA	8.25	10.1	11.3	13.3	15.4	NA
2025-12-10 06:00:00	-91.2524	32.0987	0	3.85	5.4	84.7297587358387	101.35	0.76	0	2.93	142.4	0	0	4.05	0.14	0	0.313	0.311	0.308	0.208	0.149	-16.1	-36.7	-64.3	0.175	0.715	1.19	1.609	NA	8.2	10.1	11.25	13.3	15.4	NA
2025-12-10 06:15:00	-91.2524	32.0987	0	3.83	5.2	85.91799310129144	101.33	0.76	0	2.67	138.5	0	0	4.26	0.13	0	0.313	0.311	0.308	0.208	0.149	-16.1	-36.4	-64.3	0.176	0.715	1.193	1.608	NA	8.15	10	11.25	13.3	15.4	NA
2025-12-10 06:30:00	-91.2524	32.0987	0	4.1	5.4	85.51016440840564	101.31	0.767	0	3.02	140.6	0	0	4.91	0.13	0	0.313	0.311	0.308	0.208	0.149	-16.1	-36.2	-64.3	0.175	0.713	1.193	1.607	NA	8.1	10	11.2	13.3	15.4	NA
2025-12-10 06:45:00	-91.2524	32.0987	0	4.03	5.3	86.89327555103449	101.31	0.774	0	2.71	144.4	0	0	3.8	0.12	0	0.313	0.311	0.308	0.208	0.149	-16.1	-35.9	-64.1	0.176	0.715	1.193	1.607	NA	8.05	9.9	11.149999999999999	13.3	15.4	NA
2025-12-10 07:00:00	-91.2524	32.0987	0	3.67	5.2	87.27459299236448	101.33	0.772	0	2.46	145.7	0	0	3.49	0.11	0	0.313	0.311	0.308	0.208	0.149	-16.1	-35.8	-64.1	0.176	0.715	1.19	1.607	NA	7.95	9.9	11.149999999999999	13.3	15.4	NA
2025-12-10 07:15:00	-91.2524	32.0987	0	3.78	5.2	87.50069297420998	101.31	0.774	0	2.96	145.8	0	0	4.17	0.11	0	0.313	0.311	0.308	0.208	0.149	-16.1	-35.5	-64.1	0.174	0.712	1.19	1.606	NA	7.9	9.8	11.1	13.3	15.4	NA
2025-12-10 07:30:00	-91.2524	32.0987	0	3.8	5.1	88.68206745376996	101.3	0.779	0	3.05	148.2	0	0	4.11	0.1	0	0.313	0.311	0.308	0.208	0.149	-16.1	-35.3	-64	0.174	0.712	1.19	1.605	NA	7.8500000000000005	9.8	11.05	13.3	15.4	NA
2025-12-10 07:45:00	-91.2524	32.0987	0	3.7	5.1	88.79590836192628	101.3	0.78	0	2.62	148.1	0	0	3.69	0.1	0	0.313	0.311	0.308	0.209	0.149	-16.1	-35	-64	0.174	0.71	1.19	1.608	NA	7.8	9.7	11	13.3	15.4	NA
2025-12-10 08:00:00	-91.2524	32.0987	0	3.29	4.9	89.46706586636823	101.31	0.775	0	2.3	157.6	0	0	3.13	0.09	0	0.313	0.311	0.308	0.209	0.149	-16.1	-34.9	-63.9	0.175	0.712	1.193	1.604	NA	7.8	9.7	11	13.3	15.4	NA
2025-12-10 08:15:00	-91.2524	32.0987	0	3.2	4.7	89.67335609805869	101.3	0.766	0	2.58	157	0	0	3.79	0.09	0	0.313	0.311	0.308	0.209	0.149	-16.1	-34.6	-63.9	0.175	0.712	1.193	1.607	NA	7.699999999999999	9.7	10.95	13.3	15.4	NA
2025-12-10 08:30:00	-91.2524	32.0987	0	3.63	5	89.53229243925752	101.29	0.781	0	3.06	158.6	0	0	4.16	0.09	0	0.313	0.311	0.308	0.209	0.149	-16.1	-34.5	-63.9	0.174	0.712	1.193	1.606	NA	7.65	9.6	10.95	13.3	15.4	NA
2025-12-10 08:45:00	-91.2524	32.0987	0	3.43	4.9	90.39059686885977	101.28	0.783	0	2.76	152.8	0	0	3.77	0.08	0	0.313	0.311	0.308	0.209	0.149	-16.1	-34.3	-63.8	0.174	0.714	1.193	1.605	NA	7.6	9.6	10.9	13.3	15.4	NA
2025-12-10 09:00:00	-91.2524	32.0987	0	3.35	4.7	91.19522767674638	101.27	0.779	0	2.96	145.5	0	0	4.01	0.07	0	0.313	0.312	0.308	0.209	0.149	-16.1	-34.1	-63.6	0.174	0.714	1.191	1.605	NA	7.55	9.5	10.850000000000001	13.3	15.4	NA
2025-12-10 09:15:00	-91.2524	32.0987	0	3.28	4.4	91.81728837726821	101.24	0.768	0	2.79	139.5	0	0	4.32	0.07	0	0.313	0.311	0.308	0.209	0.149	-16.1	-33.8	-63.6	0.174	0.714	1.191	1.605	NA	7.5	9.5	10.850000000000001	13.3	15.4	NA
2025-12-10 09:30:00	-91.2524	32.0987	0	3.64	4.8	90.67580536575075	101.22	0.78	0	3.54	143.5	0	0	4.6	0.08	0	0.313	0.312	0.308	0.209	0.15	-16.1	-33.7	-63.5	0.174	0.713	1.19	1.604	NA	7.45	9.5	10.8	13.3	15.4	NA
2025-12-10 09:45:00	-91.2524	32.0987	0	3.48	4.7	92.13176403286188	101.21	0.787	0	2.99	137.2	0	0	4.29	0.07	0	0.313	0.312	0.308	0.21	0.149	-16.1	-33.4	-63.5	0.174	0.713	1.191	1.607	NA	7.4	9.4	10.8	13.3	15.4	NA
2025-12-10 10:00:00	-91.2524	32.0987	0	3.24	4.4	92.65416470362354	101.19	0.775	0	2.56	139	0	0	3.5	0.06	0	0.313	0.312	0.308	0.21	0.15	-16.1	-33.3	-63.5	0.175	0.711	1.191	1.602	NA	7.4	9.4	10.75	13.3	15.4	NA
2025-12-10 10:15:00	-91.2524	32.0987	0	2.9	4.2	93.23691771321359	101.18	0.769	0	2.23	148.4	0	0	3.32	0.06	0	0.313	0.312	0.308	0.21	0.15	-16.1	-33.1	-63.4	0.175	0.714	1.191	1.602	NA	7.300000000000001	9.3	10.7	13.3	15.4	NA
2025-12-10 10:30:00	-91.2524	32.0987	0	2.96	4.4	91.69773461636032	101.18	0.767	0	2.22	153.8	0	0	3.43	0.07	0	0.313	0.312	0.308	0.21	0.15	-16.1	-33	-63.4	0.174	0.715	1.188	1.605	NA	7.300000000000001	9.3	10.7	13.3	15.4	NA
2025-12-10 10:45:00	-91.2524	32.0987	0	3.05	4.4	93.13237974725514	101.18	0.779	0	2.18	143.5	0	0	3.03	0.06	0	0.313	0.312	0.308	0.21	0.15	-16.1	-32.7	-63.2	0.174	0.711	1.191	1.601	NA	7.199999999999999	9.3	10.649999999999999	13.3	15.4	NA
2025-12-10 11:00:00	-91.2524	32.0987	0	2.7	4	94.06573164830651	101.17	0.765	0	1.68	133.2	0	0	2.35	0.05	0	0.313	0.312	0.308	0.21	0.15	-16.1	-32.6	-63.1	0.174	0.713	1.191	1.601	NA	7.199999999999999	9.2	10.6	13.3	15.4	NA
2025-12-10 11:15:00	-91.2524	32.0987	0	2.75	4	93.45092294472282	101.18	0.76	0	1.53	131.4	0	0	2.15	0.05	0	0.313	0.312	0.308	0.21	0.15	-16.1	-32.4	-63	0.174	0.711	1.188	1.6	NA	7.1	9.2	10.6	13.3	15.4	NA
2025-12-10 11:30:00	-91.2524	32.0987	0	2.91	4.4	91.57818085545242	101.19	0.766	0	1.19	129.2	0	0	2	0.07	0	0.313	0.312	0.308	0.21	0.15	-16.1	-32.3	-62.9	0.173	0.713	1.189	1.6	NA	7.1	9.2	10.55	13.3	15.4	NA
2025-12-10 11:45:00	-91.2524	32.0987	0	3.1	4.3	93.54749490949156	101.2	0.777	0	1.41	128.6	0	0	2.24	0.05	0	0.313	0.312	0.308	0.211	0.15	-16.1	-32.1	-62.8	0.176	0.713	1.191	1.599	NA	7	9.1	10.5	13.3	15.4	NA
2025-12-10 12:00:00	-91.2524	32.0987	0	3.2	4.2	94.3281170102473	101.22	0.778	0	1.64	126.8	0	0	2.51	0.05	0	0.313	0.312	0.309	0.211	0.15	-16.1	-31.9	-62.7	0.173	0.713	1.189	1.598	NA	7	9.1	10.5	13.3	15.4	NA
2025-12-10 12:15:00	-91.2524	32.0987	0	3.12	4	95.04942557404044	101.22	0.773	0	1.92	126.4	0	0	2.82	0.04	0	0.313	0.312	0.309	0.211	0.15	-16.1	-31.7	-62.6	0.172	0.713	1.192	1.598	NA	6.9	9.1	10.45	13.3	15.4	NA
2025-12-10 12:30:00	-91.2524	32.0987	0	3.2	3.8	95.27565213317239	101.21	0.764	0	2.41	127.9	0	0	3.38	0.04	0	0.313	0.312	0.309	0.211	0.15	-16.1	-31.6	-62.5	0.172	0.713	1.192	1.601	NA	6.9	9	10.4	13.3	15.4	NA
2025-12-10 12:45:00	-91.2524	32.0987	0	3.17	4	94.68054035189022	101.22	0.77	0	1.91	126.9	0	0	2.66	0.04	0	0.313	0.312	0.309	0.211	0.15	-16.1	-31.4	-62.3	0.174	0.712	1.189	1.601	NA	6.9	9	10.4	13.3	15.4	NA
2025-12-10 13:00:00	-91.2524	32.0987	0	3.17	4	94.68054035189022	101.22	0.77	0.8	1.89	131.5	0	0	2.78	0.04	0	0.313	0.312	0.309	0.211	0.15	-16.1	-31.2	-62.2	0.174	0.712	1.189	1.599	NA	6.85	9	10.4	13.3	15.4	NA
2025-12-10 13:15:00	-91.2524	32.0987	0	3.46	4.2	94.44936137658438	101.23	0.779	11.6	2.07	136.7	0	0	2.75	0.04	0	0.313	0.312	0.309	0.211	0.15	-16.1	-31	-62.1	0.173	0.71	1.189	1.595	NA	6.800000000000001	8.9	10.350000000000001	13.3	15.4	NA
2025-12-10 13:30:00	-91.2524	32.0987	0	3.84	4.4	94.56702487814997	101.23	0.791	19.3	1.86	134.8	0	0	2.57	0.04	0	0.313	0.312	0.309	0.211	0.15	-16.1	-30.9	-62	0.173	0.71	1.189	1.602	NA	6.800000000000001	8.9	10.3	13.3	15.4	NA
2025-12-10 13:45:00	-91.2524	32.0987	0	4.45	4.9	94.43104500476028	101.23	0.818	25.6	2.06	142.6	0	0	2.8	0.05	0	0.313	0.312	0.309	0.211	0.15	-16.1	-30.7	-61.8	0.175	0.71	1.192	1.602	NA	6.800000000000001	8.9	10.3	13.3	15.4	0.32
2025-12-10 14:00:00	-91.2524	32.0987	0	5.18	5.5	94.21750446697428	101.23	0.851	35.6	2.37	149.2	0	0	3.36	0.05	0	0.313	0.312	0.309	0.211	0.15	-16.1	-30.6	-61.6	0.175	0.71	1.192	1.598	NA	6.800000000000001	8.8	10.25	13.3	15.4	0.355
2025-12-10 14:15:00	-91.2524	32.0987	0	6.02	6.4	93.72496892092792	101.23	0.901	42.6	2.82	152.8	0	0	4.03	0.06	0	0.313	0.312	0.309	0.211	0.15	-16.1	-30.4	-61.6	0.176	0.712	1.19	1.601	NA	6.85	8.8	10.2	13.3	15.4	0.326
2025-12-10 14:30:00	-91.2524	32.0987	0	7.05	7	97.41895408515857	101.24	0.976	159.5	3.85	161.3	0	0	5.67	0.03	0	0.313	0.312	0.309	0.212	0.15	-16	-30.3	-61.5	0.179	0.712	1.192	1.601	NA	6.9	8.8	10.2	13.3	15.4	0.271
2025-12-10 14:45:00	-91.2524	32.0987	0	8.43	7.7	97.33162382691351	101.27	1.023	199.7	3.7	170.3	0	0	5.34	0.02	0	0.313	0.312	0.309	0.212	0.15	-16	-30.2	-61.4	0.177	0.71	1.192	1.599	NA	6.95	8.8	10.2	13.3	15.4	0.308
2025-12-10 15:00:00	-91.2524	32.0987	0	10.09	8.3	98.73173619950668	101.28	1.081	307.1	3.27	185.1	0	0	4.49	0.01	0	0.313	0.312	0.309	0.212	0.15	-16	-29.9	-61.1	0.181	0.714	1.189	1.599	NA	7.1	8.7	10.149999999999999	13.3	15.3	0.292
2025-12-10 15:15:00	-91.2524	32.0987	0	11.62	9.7	95.30584628291427	101.29	1.147	360.4	4.2	180.7	0	0	6.91	0.05	0	0.312	0.312	0.309	0.212	0.15	-16	-29.8	-61	0.185	0.712	1.189	1.599	1.414	7.300000000000001	8.7	10.1	13.3	15.3	0.287
2025-12-10 15:30:00	-91.2524	32.0987	0	12.48	10.9	93.02049135523826	101.31	1.213	378.6	4.78	181.2	0	0	6.63	0.09	0	0.312	0.312	0.309	0.212	0.15	-15.9	-29.6	-61	0.188	0.713	1.187	1.598	1.414	7.5	8.7	10.1	13.25	15.3	0.278
2025-12-10 15:45:00	-91.2524	32.0987	0	13.29	11.8	90.81229649562289	101.3	1.257	390.5	4.86	182.4	0	0	7.62	0.13	0	0.312	0.312	0.309	0.212	0.15	-15.9	-29.6	-60.9	0.191	0.712	1.189	1.599	1.414	7.85	8.7	10.1	13.2	15.3	0.275
2025-12-10 16:00:00	-91.2524	32.0987	0	14.43	12.6	89.71725159375531	101.32	1.309	461.6	5.48	191.8	0	0	8.03	0.15	0	0.312	0.312	0.309	0.212	0.15	-15.8	-29.4	-60.7	0.194	0.716	1.189	1.599	1.41	8.15	8.8	10.1	13.2	15.3	0.282
2025-12-10 16:15:00	-91.2524	32.0987	0	15.32	13.3	87.53335703166613	101.32	1.337	462.6	5.09	195.8	0	0	7.29	0.19	0	0.311	0.312	0.309	0.212	0.15	-15.7	-29.2	-60.5	0.196	0.715	1.186	1.594	1.413	8.55	8.8	10.1	13.2	15.3	0.331
2025-12-10 16:30:00	-91.2524	32.0987	0	16.49	14.1	85.4563572522141	101.3	1.375	494.4	4.66	207.2	0	0	7.71	0.23	0	0.311	0.312	0.309	0.213	0.15	-15.7	-29.1	-60.4	0.199	0.718	1.189	1.596	1.413	8.899999999999999	8.9	10.05	13.2	15.3	0.34
2025-12-10 16:45:00	-91.2524	32.0987	0	17.08	14.7	83.51834474183971	101.28	1.397	500.5	5.08	210.6	0	0	7.77	0.27	0	0.311	0.312	0.309	0.212	0.15	-15.6	-28.9	-60.2	0.201	0.72	1.192	1.601	1.412	9.25	8.9	10.05	13.2	15.3	0.333
2025-12-10 17:00:00	-91.2524	32.0987	0	17.37	15.3	81.56156950583487	101.27	1.418	450.5	5.05	218.9	0	0	8.87	0.32	0	0.31	0.312	0.309	0.213	0.15	-15.6	-28.9	-60	0.203	0.719	1.192	1.596	1.416	9.6	9	10.05	13.2	15.3	0.339
2025-12-10 17:15:00	-91.2524	32.0987	0	17.66	15.5	80.35102788899137	101.25	1.415	482.8	5.91	223.4	0	0	8.98	0.34	0	0.31	0.312	0.309	0.213	0.15	-15.6	-28.7	-59.9	0.203	0.721	1.192	1.599	1.416	9.95	9.1	10.1	13.2	15.3	0.327
2025-12-10 17:30:00	-91.2524	32.0987	0	18.35	15.5	80.69173896131217	101.25	1.421	508.7	6.26	229.6	0	0	11.74	0.34	0	0.31	0.312	0.309	0.213	0.15	-15.5	-28.5	-59.8	0.204	0.721	1.195	1.598	1.419	10.25	9.2	10.1	13.2	15.3	0.307
2025-12-10 17:45:00	-91.2524	32.0987	0	18.97	15.6	80.57110825176203	101.23	1.428	536.2	5.96	230.8	0	0	9.24	0.34	0	0.31	0.312	0.309	0.213	0.15	-15.5	-28.4	-59.5	0.207	0.726	1.195	1.598	1.418	10.55	9.3	10.1	13.2	15.3	0.308
2025-12-10 18:00:00	-91.2524	32.0987	0	19.67	15.9	79.86914836360333	101.2	1.443	512.9	5.81	236.3	0	0	9.38	0.36	0	0.31	0.312	0.309	0.213	0.15	-15.5	-28.3	-59.2	0.207	0.727	1.195	1.601	1.419	10.85	9.4	10.149999999999999	13.2	15.3	0.291
2025-12-10 18:15:00	-91.2524	32.0987	0	19.11	16.1	78.63674832854285	101.19	1.439	399.8	5.34	247.3	0	0	8.75	0.39	0	0.309	0.312	0.309	0.213	0.15	-15.5	-28.1	-59.1	0.208	0.729	1.194	1.6	1.418	11.2	9.6	10.2	13.2	15.3	0.278
2025-12-10 18:30:00	-91.2524	32.0987	0	17.28	16.3	76.23733316335178	101.19	1.413	176.6	5.45	260.4	0	0	8.37	0.44	0	0.309	0.312	0.309	0.213	0.15	-15.4	-28	-58.9	0.209	0.73	1.197	1.6	1.421	11.45	9.7	10.2	13.2	15.3	0.275
2025-12-10 18:45:00	-91.2524	32.0987	0	17.9	16.4	71.83961531596889	101.18	1.34	356.5	6.56	278.4	0	0	9.25	0.52	0	0.309	0.311	0.309	0.214	0.15	-15.5	-27.9	-58.6	0.207	0.728	1.197	1.599	1.421	11.7	9.8	10.25	13.2	15.3	0.278
2025-12-10 19:00:00	-91.2524	32.0987	0	18.34	16.2	71.40354991744154	101.19	1.315	383.2	6.36	284.2	0	0	9.01	0.52	0	0.309	0.311	0.309	0.214	0.15	-15.4	-27.7	-58.3	0.208	0.731	1.197	1.595	1.424	11.85	9.9	10.3	13.2	15.3	0.281
2025-12-10 19:15:00	-91.2524	32.0987	0	19.59	16.1	72.13377886982387	101.21	1.32	457.6	5.91	289.9	0	0	8.89	0.51	0	0.309	0.311	0.309	0.214	0.15	-15.4	-27.6	-58.3	0.208	0.731	1.199	1.594	1.425	12	10	10.4	13.2	15.3	0.28
2025-12-10 19:30:00	-91.2524	32.0987	0	19.68	15.8	72.19298461453344	101.21	1.296	417	6.17	283.1	0	0	9.64	0.5	0	0.309	0.311	0.309	0.214	0.15	-15.5	-27.5	-58	0.208	0.733	1.199	1.593	1.423	12.2	10.2	10.45	13.2	15.3	0.262
2025-12-10 19:45:00	-91.2524	32.0987	0	20.16	16.1	72.57095328721675	101.22	1.328	426.5	5.04	295.8	0	0	8.07	0.5	0	0.309	0.311	0.309	0.214	0.15	-15.4	-27.3	-57.6	0.208	0.734	1.201	1.593	1.423	12.35	10.3	10.5	13.1	15.3	0.257
2025-12-10 20:00:00	-91.2524	32.0987	0	19.82	15.9	74.1128133464067	101.2	1.339	399.6	5.3	264.6	0	0	7.57	0.47	0	0.308	0.311	0.309	0.214	0.15	-15.5	-27.2	-57.5	0.208	0.732	1.204	1.594	1.426	12.5	10.4	10.55	13.1	15.3	0.248
2025-12-10 20:15:00	-91.2524	32.0987	0	20.5	16.2	74.17281307013319	101.2	1.366	385.2	4.32	270.8	0	0	6.76	0.48	0	0.308	0.311	0.309	0.214	0.15	-15.5	-27	-57.3	0.209	0.729	1.206	1.593	1.422	12.65	10.5	10.649999999999999	13.1	15.3	0.248
2025-12-10 20:30:00	-91.2524	32.0987	0	19.28	16.2	72.54383474502045	101.17	1.336	326.8	4.77	264.6	0	0	6.92	0.51	0	0.308	0.311	0.309	0.214	0.15	-15.5	-27	-57	0.21	0.733	1.203	1.588	1.427	12.85	10.6	10.7	13.1	15.3	0.252
2025-12-10 20:45:00	-91.2524	32.0987	0	19.62	16.4	71.57155704986452	101.17	1.335	300.9	3.6	258.4	0	0	5.71	0.53	0	0.308	0.311	0.309	0.214	0.15	-15.5	-26.8	-56.8	0.21	0.733	1.203	1.592	1.422	13	10.7	10.8	13.1	15.3	0.254
2025-12-10 21:00:00	-91.2524	32.0987	0	19.17	16.7	69.58780057076844	101.18	1.323	274.4	3.68	278.4	0	0	6.01	0.57	0	0.308	0.311	0.309	0.215	0.15	-15.5	-26.6	-56.5	0.209	0.733	1.205	1.591	1.426	13.1	10.8	10.850000000000001	13.1	15.3	0.252
2025-12-10 21:15:00	-91.2524	32.0987	0	16.49	16.6	66.90832260173849	101.2	1.264	148.6	3.55	283.5	0	0	6.37	0.63	0	0.308	0.311	0.309	0.215	0.151	-15.5	-26.6	-56.1	0.207	0.736	1.205	1.591	1.428	13.2	10.9	10.9	13.1	15.3	0.26
2025-12-10 21:30:00	-91.2524	32.0987	0	17.74	16.9	68.55420624249591	101.2	1.32	206.5	3.28	278.7	0	0	4.72	0.6	0	0.308	0.31	0.309	0.215	0.151	-15.5	-26.4	-56	0.208	0.736	1.205	1.591	1.428	13.25	11	11	13.1	15.3	0.256
2025-12-10 21:45:00	-91.2524	32.0987	0	17	17	66.7275849824898	101.18	1.293	168.2	2.89	279.4	0	0	4.65	0.64	0	0.308	0.31	0.309	0.215	0.151	-15.6	-26.3	-56	0.206	0.735	1.205	1.59	1.431	13.3	11.1	11.05	13.1	15.3	0.258
2025-12-10 22:00:00	-91.2524	32.0987	0	15.99	17.2	64.15529654016466	101.18	1.259	130.5	2.91	279.5	0	0	5.89	0.7	0	0.308	0.31	0.308	0.215	0.151	-15.6	-26.2	-55.8	0.206	0.733	1.205	1.593	1.428	13.350000000000001	11.2	11.149999999999999	13.1	15.3	0.266
2025-12-10 22:15:00	-91.2524	32.0987	0	14.65	17	59.3994201970965	101.22	1.151	95.6	3.39	294.7	0	0	5.83	0.79	0	0.308	0.31	0.308	0.215	0.151	-15.6	-26.1	-55.5	0.205	0.732	1.207	1.593	1.427	13.3	11.2	11.2	13.1	15.3	0.27
2025-12-10 22:30:00	-91.2524	32.0987	0	13.35	16.6	57.7507752836208	101.23	1.091	58	2.93	295.9	0	0	4.78	0.8	0	0.308	0.31	0.308	0.215	0.151	-15.7	-26	-55.3	0.204	0.734	1.207	1.592	1.426	13.3	11.3	11.25	13.1	15.3	0.27
2025-12-10 22:45:00	-91.2524	32.0987	0	11.98	15.6	60.65402056767801	101.29	1.075	26.3	2.35	304.5	0	0	3.39	0.7	0	0.308	0.31	0.308	0.215	0.151	-15.7	-25.8	-55.3	0.202	0.734	1.207	1.592	1.426	13.2	11.4	11.350000000000001	13.1	15.3	0.267
2025-12-10 23:00:00	-91.2524	32.0987	0	10.48	14.7	61.69715946569691	101.34	1.032	6.7	2	304.6	0	0	2.98	0.64	0	0.308	0.31	0.308	0.216	0.151	-15.7	-25.7	-55.1	0.201	0.734	1.207	1.59	1.426	13.15	11.5	11.4	13.1	15.3	0.254
2025-12-10 23:15:00	-91.2524	32.0987	0	8.57	13.8	61.72469406326294	101.34	0.974	0	1.25	303.9	0	0	1.71	0.61	0	0.308	0.31	0.308	0.215	0.151	-15.8	-25.6	-54.7	0.199	0.732	1.206	1.591	1.425	13	11.5	11.5	13.1	15.3	NA
2025-12-10 23:30:00	-91.2524	32.0987	0	7.17	12.6	65.04329393619082	101.35	0.949	0	1.24	341	0	0	1.82	0.51	0	0.308	0.31	0.308	0.216	0.151	-15.8	-25.6	-54.5	0.198	0.732	1.206	1.589	1.426	12.85	11.5	11.5	13.1	15.3	NA
2025-12-10 23:45:00	-91.2524	32.0987	0	6.97	11.7	68.14255904155272	101.38	0.937	0	1.35	346.9	0	0	1.87	0.43	0	0.308	0.31	0.308	0.216	0.151	-15.8	-25.4	-54.3	0.196	0.73	1.206	1.589	1.424	12.65	11.6	11.6	13.1	15.3	NA
2025-12-11 00:00:00	-91.2524	32.0987	0	6.55	11.3	69.07510218593916	101.4	0.925	0	1.04	356	0	0	1.49	0.41	0	0.308	0.31	0.308	0.216	0.151	-15.9	-25.3	-54	0.195	0.73	1.206	1.588	1.423	12.45	11.6	11.6	13.1	15.3	NA
2025-12-11 00:15:00	-91.2524	32.0987	0	5.79	10.9	69.7078537855825	101.42	0.909	0	0.8	354.1	0	0	1.49	0.39	0	0.309	0.31	0.308	0.216	0.151	-15.9	-25.3	-53.8	0.193	0.729	1.203	1.588	1.425	12.25	11.6	11.7	13.05	15.3	NA
2025-12-11 00:30:00	-91.2524	32.0987	0	5.55	10.9	67.71400978291457	101.42	0.883	0	0.86	349	0	0	1.34	0.42	0	0.309	0.31	0.308	0.216	0.151	-16	-25.1	-53.7	0.193	0.727	1.203	1.587	1.421	12	11.6	11.7	13.05	15.3	NA
2025-12-11 00:45:00	-91.2524	32.0987	0	5.44	10.5	68.51921132696246	101.44	0.87	0	1.14	5.1	0	0	1.84	0.4	0	0.309	0.31	0.308	0.216	0.151	-16	-25	-53.5	0.193	0.725	1.203	1.592	1.425	11.8	11.6	11.8	13	15.3	NA
2025-12-11 01:00:00	-91.2524	32.0987	0	5.19	10.3	69.36087153968441	101.45	0.869	0	1.03	1.3	0	0	1.74	0.38	0	0.309	0.31	0.308	0.216	0.151	-16	-25	-53.2	0.191	0.727	1.206	1.59	1.427	11.6	11.6	11.8	13	15.3	NA
2025-12-11 01:15:00	-91.2524	32.0987	0	4.59	9.6	71.02026556137446	101.47	0.849	0	0.65	354.7	0	0	1.3	0.35	0	0.309	0.31	0.308	0.217	0.151	-16	-24.8	-53.1	0.191	0.726	1.203	1.59	1.427	11.350000000000001	11.5	11.8	13	15.3	NA
2025-12-11 01:30:00	-91.2524	32.0987	0	4.04	9.1	70.77108046506672	101.46	0.818	0	0.3	17	0	0	0.62	0.34	0	0.309	0.31	0.308	0.217	0.151	-16.1	-24.8	-52.9	0.19	0.726	1.206	1.589	1.426	11.149999999999999	11.5	11.8	13	15.3	NA
2025-12-11 01:45:00	-91.2524	32.0987	0	4.35	9.6	67.75785053558694	101.47	0.81	0	0.82	6	0	0	1.74	0.38	0	0.309	0.31	0.308	0.217	0.151	-16.1	-24.7	-52.6	0.19	0.728	1.206	1.588	1.426	10.95	11.4	11.8	13	15.3	NA
2025-12-11 02:00:00	-91.2524	32.0987	0	3.99	8.8	71.24942112586906	101.48	0.807	0	0.64	336.1	0	0	0.96	0.33	0	0.309	0.31	0.308	0.217	0.151	-16.1	-24.5	-52.4	0.188	0.724	1.203	1.589	1.424	10.8	11.4	11.850000000000001	13	15.3	NA
2025-12-11 02:15:00	-91.2524	32.0987	0	3.71	8.9	69.19063717279313	101.49	0.789	0	0.45	354.7	0	0	0.87	0.35	0	0.309	0.31	0.308	0.217	0.151	-16.1	-24.5	-52.3	0.188	0.724	1.203	1.591	1.423	10.6	11.3	11.850000000000001	13	15.3	NA
2025-12-11 02:30:00	-91.2524	32.0987	0	3.23	8.4	69.85095634811425	101.49	0.77	0	0.45	345.6	0	0	0.74	0.33	0	0.309	0.31	0.308	0.217	0.151	-16.1	-24.4	-52	0.187	0.724	1.2	1.587	1.423	10.45	11.3	11.850000000000001	13	15.3	NA
2025-12-11 02:45:00	-91.2524	32.0987	0	3.02	8.2	69.79506366736786	101.49	0.759	0	0.38	193.9	0	0	0.72	0.33	0	0.31	0.31	0.308	0.217	0.151	-16.1	-24.3	-51.8	0.187	0.72	1.2	1.586	1.423	10.25	11.2	11.850000000000001	13	15.3	NA
2025-12-11 03:00:00	-91.2524	32.0987	0	2.93	8.3	70.32695362962086	101.51	0.77	0	0.86	281.4	0	0	1.44	0.32	0	0.31	0.31	0.308	0.217	0.151	-16.1	-24.2	-51.7	0.186	0.72	1.2	1.586	1.423	10.05	11.2	11.8	13	15.3	NA
2025-12-11 03:15:00	-91.2524	32.0987	0	2.73	7.4	73.32153549748163	101.52	0.755	0	0.44	262.1	0	0	0.94	0.27	0	0.31	0.31	0.308	0.217	0.151	-16.2	-24.2	-51.4	0.185	0.722	1.2	1.589	1.423	9.95	11.1	11.8	13.05	15.3	NA
2025-12-11 03:30:00	-91.2524	32.0987	0	2.85	7.6	72.80450574827208	101.51	0.76	0	0.48	185.7	0	0	0.74	0.28	0	0.31	0.31	0.308	0.218	0.151	-16.2	-24	-51.2	0.184	0.722	1.2	1.585	1.423	9.75	11	11.8	13.05	15.2	NA
2025-12-11 03:45:00	-91.2524	32.0987	0	2.91	8.1	68.41977279300178	101.53	0.739	0	0.59	331.3	0	0	1.94	0.34	0	0.31	0.31	0.308	0.218	0.151	-16.2	-24	-51.1	0.184	0.722	1.2	1.588	1.418	9.6	11	11.8	13.05	15.2	NA
2025-12-11 04:00:00	-91.2524	32.0987	0	3.08	7.5	70.41031375456954	101.53	0.73	0	0.93	347.6	0	0	1.42	0.31	0	0.31	0.31	0.308	0.218	0.151	-16.2	-24	-51	0.184	0.719	1.201	1.587	1.422	9.45	10.9	11.75	13.05	15.2	NA
2025-12-11 04:15:00	-91.2524	32.0987	0	2.84	6.4	73.9605470619087	101.56	0.711	0	1.09	16.5	0	0	1.45	0.25	0	0.31	0.31	0.308	0.218	0.151	-16.2	-23.8	-50.6	0.183	0.719	1.201	1.587	1.418	9.350000000000001	10.8	11.75	13.05	15.2	NA
2025-12-11 04:30:00	-91.2524	32.0987	0	2.64	6	74.96449051372007	101.57	0.701	0	0.97	9.6	0	0	1.56	0.24	0	0.31	0.31	0.308	0.218	0.151	-16.2	-23.8	-50.5	0.184	0.717	1.198	1.586	1.418	9.2	10.8	11.7	13.05	15.2	NA
2025-12-11 04:45:00	-91.2524	32.0987	0	2.55	6.1	73.27928130379019	101.58	0.69	0	0.93	21.3	0	0	1.27	0.25	0	0.31	0.31	0.308	0.218	0.151	-16.2	-23.7	-50.3	0.184	0.718	1.195	1.585	1.418	9.05	10.7	11.649999999999999	13.1	15.2	NA
2025-12-11 05:00:00	-91.2524	32.0987	0	2.64	6.6	70.79308574247878	101.58	0.69	0	0.91	25	0	0	1.42	0.28	0	0.31	0.31	0.308	0.218	0.151	-16.2	-23.6	-50	0.182	0.716	1.195	1.584	1.422	8.95	10.7	11.649999999999999	13.1	15.2	NA
2025-12-11 05:15:00	-91.2524	32.0987	0	2.49	6	73.78815756699979	101.6	0.69	0	1.13	27.4	0	0	1.66	0.25	0	0.31	0.31	0.308	0.218	0.151	-16.2	-23.5	-49.8	0.182	0.718	1.198	1.585	1.421	8.8	10.6	11.6	13.1	15.2	NA
2025-12-11 05:30:00	-91.2524	32.0987	0	2.39	6.2	71.82509776507464	101.57	0.681	0	0.91	32.6	0	0	1.32	0.27	0	0.31	0.31	0.308	0.218	0.151	-16.2	-23.5	-49.8	0.183	0.716	1.198	1.584	1.421	8.649999999999999	10.5	11.6	13.1	15.2	NA
2025-12-11 05:45:00	-91.2524	32.0987	0	2.16	6.3	71.01633844768816	101.59	0.678	0	1.05	38.2	0	0	1.58	0.28	0	0.31	0.31	0.308	0.218	0.151	-16.2	-23.4	-49.6	0.181	0.718	1.196	1.584	1.421	8.55	10.4	11.55	13.1	15.2	NA
2025-12-11 06:00:00	-91.2524	32.0987	0	1.97	5.3	75.10542809256083	101.61	0.669	0	1.04	28.2	0	0	1.39	0.22	0	0.31	0.31	0.308	0.219	0.151	-16.2	-23.3	-49.4	0.182	0.716	1.196	1.587	1.42	8.45	10.4	11.5	13.1	15.2	NA
2025-12-11 06:15:00	-91.2524	32.0987	0	2.08	4.8	76.72568146332755	101.62	0.66	0	1.1	18.8	0	0	1.64	0.2	0	0.31	0.311	0.308	0.219	0.151	-16.2	-23.3	-49.2	0.181	0.713	1.196	1.586	1.401	8.35	10.3	11.45	13.1	15.2	NA
2025-12-11 06:30:00	-91.2524	32.0987	0	2.15	4.7	77.26424937952838	101.6	0.66	0	1.11	27.5	0	0	1.64	0.19	0	0.31	0.31	0.308	0.219	0.151	-16.2	-23.2	-49.1	0.181	0.714	1.196	1.585	1.417	8.25	10.3	11.45	13.1	15.2	NA
2025-12-11 06:45:00	-91.2524	32.0987	0	1.97	4.3	78.8592138554916	101.61	0.655	0	1.21	19.3	0	0	1.7	0.18	0	0.31	0.311	0.308	0.219	0.151	-16.2	-23.1	-48.8	0.181	0.715	1.196	1.584	1.417	8.1	10.2	11.4	13.1	15.2	NA
2025-12-11 07:00:00	-91.2524	32.0987	0	1.82	4.1	78.51009323162225	101.61	0.643	0	1.06	17.7	0	0	1.51	0.18	0	0.311	0.311	0.308	0.219	0.151	-16.2	-23.1	-48.6	0.18	0.714	1.199	1.584	1.413	8.05	10.1	11.350000000000001	13.1	15.2	NA
2025-12-11 07:15:00	-91.2524	32.0987	0	2.02	4.6	76.51026356723341	101.61	0.649	0	1.25	13.1	0	0	2.04	0.2	0	0.31	0.311	0.308	0.219	0.151	-16.2	-23.1	-48.6	0.179	0.715	1.196	1.584	1.416	7.9	10.1	11.3	13.1	15.2	NA
2025-12-11 07:30:00	-91.2524	32.0987	0	1.64	4.1	78.3879935531905	101.62	0.642	0	1.21	1.8	0	0	1.97	0.18	0	0.311	0.311	0.308	0.219	0.151	-16.2	-22.9	-48.3	0.181	0.714	1.197	1.584	1.416	7.85	10	11.25	13.1	15.2	NA
2025-12-11 07:45:00	-91.2524	32.0987	0	1.48	3.7	80.37697143013754	101.62	0.64	0	1	20.3	0	0	1.44	0.16	0	0.311	0.311	0.308	0.219	0.151	-16.2	-22.9	-48.1	0.181	0.715	1.196	1.583	1.416	7.75	10	11.2	13.1	15.2	NA
2025-12-11 08:00:00	-91.2524	32.0987	0	1.45	3.9	79.25159157055903	101.62	0.64	0	0.83	28.3	0	0	1.34	0.17	0	0.311	0.311	0.308	0.22	0.151	-16.2	-22.8	-48	0.181	0.711	1.197	1.582	1.413	7.6499999999999995	9.9	11.2	13.1	15.2	NA
2025-12-11 08:15:00	-91.2524	32.0987	0	1.24	3.8	79.68735826321617	101.63	0.639	0	0.81	21.6	0	0	1.31	0.16	0	0.311	0.311	0.308	0.22	0.151	-16.2	-22.7	-47.8	0.18	0.711	1.197	1.582	1.412	7.55	9.8	11.149999999999999	13.1	15.2	NA
2025-12-11 08:30:00	-91.2524	32.0987	0	1.11	3.7	79.24667026940124	101.62	0.631	0	0.68	12.4	0	0	1	0.16	0	0.311	0.311	0.308	0.22	0.151	-16.2	-22.7	-47.6	0.179	0.711	1.194	1.581	1.412	7.45	9.8	11.1	13.1	15.2	NA
2025-12-11 08:45:00	-91.2524	32.0987	0	1.24	3.8	78.56500110457932	101.61	0.63	0	0.94	15.6	0	0	1.38	0.17	0	0.311	0.311	0.308	0.22	0.151	-16.2	-22.7	-47.4	0.179	0.713	1.192	1.581	1.412	7.35	9.7	11.05	13.1	15.2	NA
2025-12-11 09:00:00	-91.2524	32.0987	0	1.1	3.6	79.80804256532355	101.63	0.631	0	1.04	4.5	0	0	1.42	0.16	0	0.311	0.311	0.308	0.22	0.151	-16.2	-22.7	-47.4	0.178	0.711	1.195	1.584	1.412	7.3	9.6	11	13.1	15.2	NA
2025-12-11 09:15:00	-91.2524	32.0987	0	1.24	3.3	81.38981219284997	101.65	0.63	0	1.18	24	0	0	1.56	0.14	0	0.311	0.311	0.308	0.22	0.152	-16.2	-22.5	-47.2	0.179	0.71	1.192	1.579	1.411	7.2	9.6	11	13.1	15.2	NA
2025-12-11 09:30:00	-91.2524	32.0987	0	1.1	3.5	79.99173663299688	101.64	0.628	0	0.8	32	0	0	1.26	0.16	0	0.311	0.311	0.308	0.22	0.152	-16.2	-22.5	-46.9	0.178	0.711	1.19	1.579	1.411	7.1	9.5	10.95	13.1	15.2	NA
2025-12-11 09:45:00	-91.2524	32.0987	0	0.75	3.5	78.9727336185638	101.62	0.62	0	0.63	34	0	0	0.95	0.16	0	0.311	0.311	0.308	0.22	0.152	-16.2	-22.4	-46.8	0.177	0.71	1.19	1.579	1.411	7	9.5	10.9	13.1	15.2	NA
2025-12-11 10:00:00	-91.2524	32.0987	0	0.66	3	81.68745105369676	101.62	0.619	0	1.07	17.2	0	0	1.59	0.14	0	0.311	0.311	0.308	0.221	0.152	-16.2	-22.3	-46.7	0.178	0.712	1.19	1.578	1.411	6.95	9.4	10.850000000000001	13.1	15.2	NA
2025-12-11 10:15:00	-91.2524	32.0987	0	0.78	2.4	84.14835959562969	101.62	0.611	0	1.46	21.7	0	0	1.86	0.12	0	0.311	0.311	0.308	0.221	0.152	-16.2	-22.3	-46.4	0.178	0.71	1.193	1.577	1.415	6.9	9.4	10.8	13.1	15.2	NA
2025-12-11 10:30:00	-91.2524	32.0987	0	0.83	2.5	83.41379457384869	101.62	0.61	0	1.42	18.8	0	0	1.76	0.12	0	0.311	0.311	0.308	0.221	0.152	-16.2	-22.3	-46.3	0.178	0.71	1.193	1.577	1.411	6.8	9.3	10.75	13.149999999999999	15.2	NA
2025-12-11 10:45:00	-91.2524	32.0987	0	0.4	2.4	83.32202545884773	101.63	0.605	0	0.9	26.9	0	0	1.5	0.12	0	0.311	0.311	0.308	0.221	0.152	-16.2	-22.2	-46.3	0.178	0.712	1.193	1.576	1.409	6.7	9.3	10.75	13.149999999999999	15.2	NA
2025-12-11 11:00:00	-91.2524	32.0987	0	0.25	2.6	81.46395185217415	101.64	0.6	0	0.82	22.4	0	0	1.15	0.14	0	0.311	0.311	0.309	0.221	0.152	-16.2	-22.1	-46.2	0.177	0.71	1.19	1.576	1.407	6.65	9.2	10.7	13.149999999999999	15.2	NA
2025-12-11 11:15:00	-91.2524	32.0987	0	0.06	2.5	81.0891478398234	101.63	0.593	0	0.54	23.4	0	0	0.89	0.14	0	0.311	0.311	0.309	0.221	0.152	-16.2	-22.1	-45.8	0.178	0.712	1.193	1.575	1.407	6.6	9.1	10.649999999999999	13.149999999999999	15.2	NA
2025-12-11 11:30:00	-91.2524	32.0987	0	0.13	2.4	81.39391247302315	101.62	0.591	0	0.69	25.3	0	0	1.06	0.13	0	0.311	0.311	0.309	0.221	0.152	-16.2	-22	-45.7	0.177	0.707	1.191	1.579	1.403	6.5	9.1	10.6	13.149999999999999	15.2	NA
2025-12-11 11:45:00	-91.2524	32.0987	0	-0.02	1.9	84.2126422864963	101.63	0.59	0	0.8	21.5	0	0	1.17	0.11	0	0.311	0.312	0.309	0.221	0.152	-16.2	-21.9	-45.6	0.177	0.707	1.191	1.574	1.399	6.4	9	10.55	13.149999999999999	15.2	NA
2025-12-11 12:00:00	-91.2524	32.0987	0	-0.08	1.9	83.78444241046326	101.65	0.587	0	0.63	34.9	0	0	1.11	0.12	0	0.311	0.312	0.309	0.221	0.152	-16.2	-21.9	-45.4	0.176	0.707	1.191	1.574	1.403	6.3	9	10.5	13.149999999999999	15.2	NA
2025-12-11 12:15:00	-91.2524	32.0987	0	-0.04	2.1	82.59376590730771	101.69	0.587	0	0.76	42.9	0	0	1.12	0.13	0	0.311	0.312	0.309	0.222	0.152	-16.2	-21.8	-45.2	0.176	0.708	1.189	1.577	1.405	6.3	8.9	10.45	13.149999999999999	15.2	NA
2025-12-11 12:30:00	-91.2524	32.0987	0	-0.26	1.8	84.81823902322698	101.72	0.59	0	0.7	33.9	0	0	0.93	0.11	0	0.311	0.312	0.309	0.222	0.152	-16.2	-21.8	-45.1	0.176	0.711	1.191	1.576	1.405	6.2	8.9	10.4	13.149999999999999	15.2	NA
2025-12-11 12:45:00	-91.2524	32.0987	0	-0.27	1.8	84.81823902322698	101.74	0.59	0	0.59	30.9	0	0	0.8	0.11	0	0.311	0.312	0.309	0.222	0.152	-16.2	-21.7	-45.1	0.176	0.708	1.191	1.576	1.405	6.1	8.8	10.4	13.149999999999999	15.2	NA
2025-12-11 13:00:00	-91.2524	32.0987	0	-0.27	2	84.17873033781615	101.75	0.594	0.4	0.43	95.9	0	0	0.89	0.11	0	0.311	0.312	0.309	0.222	0.152	-16.2	-21.7	-44.8	0.176	0.708	1.189	1.572	1.405	6.1	8.8	10.350000000000001	13.149999999999999	15.2	NA
2025-12-11 13:15:00	-91.2524	32.0987	0	-0.27	1.9	84.06990899448529	101.77	0.589	10	0.44	24.1	0	0	0.84	0.11	0	0.311	0.312	0.309	0.222	0.152	-16.2	-21.6	-44.7	0.177	0.706	1.189	1.574	1.401	6	8.7	10.3	13.1	15.2	NA
2025-12-11 13:30:00	-91.2524	32.0987	0	0.16	2	85.31245061172613	101.77	0.602	17.5	0.61	61.2	0	0	1	0.1	0	0.311	0.312	0.309	0.222	0.152	-16.2	-21.6	-44.6	0.176	0.703	1.184	1.574	1.404	5.9	8.7	10.25	13.1	15.2	NA
2025-12-11 13:45:00	-91.2524	32.0987	0	0.75	2.4	86.07647258145427	101.78	0.625	27.9	0.52	108	0	0	0.91	0.1	0	0.311	0.312	0.309	0.222	0.152	-16.2	-21.5	-44.4	0.177	0.705	1.187	1.571	1.404	5.9	8.6	10.2	13.1	15.2	0.312
2025-12-11 14:00:00	-91.2524	32.0987	0	1.51	3.1	87.0065231777811	101.79	0.664	35.9	0.8	136	0	0	1.25	0.1	0	0.311	0.312	0.309	0.222	0.152	-16.2	-21.5	-44.2	0.177	0.707	1.189	1.574	1.404	5.85	8.6	10.2	13.1	15.2	0.342
2025-12-11 14:15:00	-91.2524	32.0987	0	2.23	3.9	86.30993644481192	101.8	0.697	39.3	0.77	113.7	0	0	1.22	0.11	0	0.311	0.312	0.309	0.222	0.152	-16.2	-21.4	-44.1	0.177	0.707	1.187	1.573	1.403	5.85	8.5	10.149999999999999	13.1	15.2	0.319
2025-12-11 14:30:00	-91.2524	32.0987	0	3.92	4.7	87.21494816325553	101.81	0.745	156.9	1.07	133.5	0	0	1.49	0.11	0	0.311	0.312	0.309	0.222	0.152	-16.2	-21.3	-44.1	0.178	0.708	1.184	1.573	1.403	5.85	8.5	10.1	13.1	15.2	0.275
2025-12-11 14:45:00	-91.2524	32.0987	0	6.49	5.5	86.68896121931945	101.86	0.783	189.9	1.04	74.3	0	0	1.87	0.12	0	0.311	0.312	0.309	0.223	0.152	-16.2	-21.3	-43.9	0.18	0.709	1.184	1.572	1.404	5.9	8.4	10.05	13.1	15.2	0.3
2025-12-11 15:00:00	-91.2524	32.0987	0	8.69	6.2	86.90731359533258	101.9	0.824	315.7	1.31	67.7	0	0	2.02	0.12	0	0.311	0.312	0.309	0.223	0.152	-16.2	-21.3	-43.7	0.181	0.708	1.187	1.572	1.406	5.949999999999999	8.4	10	13.1	15.2	0.279
2025-12-11 15:15:00	-91.2524	32.0987	0	10.17	7	82.74622227110292	101.92	0.829	352	1.31	58.3	0	0	2.33	0.17	0	0.31	0.312	0.309	0.223	0.152	-16.2	-21.2	-43.6	0.185	0.708	1.184	1.571	1.406	6.15	8.4	10	13.1	15.2	0.273
2025-12-11 15:30:00	-91.2524	32.0987	0	11.94	8.3	76.446311932458	101.95	0.837	406.7	1.41	88.4	0	0	3.07	0.26	0	0.31	0.312	0.309	0.223	0.152	-16.1	-21.2	-43.6	0.191	0.708	1.187	1.571	1.406	6.35	8.4	9.95	13.1	15.2	0.264
2025-12-11 15:45:00	-91.2524	32.0987	0	12.78	9.4	72.40632833205423	101.97	0.854	427.8	1.73	91.1	0	0	5.47	0.32	0	0.31	0.312	0.309	0.223	0.152	-16.1	-21.2	-43.4	0.194	0.708	1.187	1.571	1.403	6.65	8.4	9.9	13.1	15.2	0.263
2025-12-11 16:00:00	-91.2524	32.0987	0	12.64	9.9	65.91470332371786	101.96	0.804	412.9	1.87	92.5	0	0	4.56	0.42	0	0.309	0.312	0.309	0.223	0.152	-16.1	-21.1	-43.2	0.197	0.708	1.187	1.57	1.403	7	8.4	9.9	13.1	15.2	0.266
2025-12-11 16:15:00	-91.2524	32.0987	0	12.55	10	62.216877612367234	101.94	0.764	493	2.92	117.8	0	0	5.56	0.46	0	0.309	0.312	0.309	0.223	0.152	-16	-21	-43.1	0.199	0.71	1.188	1.57	1.405	7.35	8.4	9.850000000000001	13.1	15.2	0.313
2025-12-11 16:30:00	-91.2524	32.0987	0	13.95	10.3	60.42138061627284	101.96	0.757	520	2.94	130.7	0	0	5.93	0.5	0	0.309	0.312	0.309	0.223	0.152	-16	-21	-43.1	0.201	0.71	1.188	1.569	1.402	7.7	8.4	9.8	13.1	15.2	0.336
2025-12-11 16:45:00	-91.2524	32.0987	0	15.51	10.8	57.82158142775082	101.96	0.749	570.2	2.69	129.1	0	0	5.64	0.55	0	0.308	0.312	0.309	0.223	0.152	-15.9	-20.9	-42.9	0.202	0.713	1.188	1.568	1.401	8.05	8.5	9.8	13.1	15.2	0.3
2025-12-11 17:00:00	-91.2524	32.0987	0	16.71	11.3	55.93216382407398	101.94	0.749	537	2.01	110.3	0	0	4.09	0.59	0	0.308	0.312	0.309	0.224	0.152	-15.9	-20.8	-42.7	0.204	0.713	1.188	1.571	1.401	8.35	8.6	9.8	13.1	15.2	0.278
2025-12-11 17:15:00	-91.2524	32.0987	0	15.99	11.3	54.96137860416348	101.9	0.736	507.2	2.45	132.7	0	0	4.45	0.6	0	0.308	0.312	0.309	0.224	0.152	-15.9	-20.8	-42.6	0.204	0.716	1.188	1.571	1.401	8.65	8.6	9.8	13.1	15.2	0.295
2025-12-11 17:30:00	-91.2524	32.0987	0	18.1	11.7	54.17951599355045	101.88	0.745	613.8	3.04	142.7	0	0	4.88	0.63	0	0.308	0.312	0.309	0.224	0.152	-15.9	-20.8	-42.6	0.207	0.718	1.188	1.571	1.407	8.95	8.7	9.8	13.1	15.2	0.287
2025-12-11 17:45:00	-91.2524	32.0987	0	18.23	11.9	52.894401081676776	101.85	0.737	579.2	2.73	135.8	0	0	4.55	0.65	0	0.308	0.312	0.309	0.224	0.152	-15.9	-20.8	-42.4	0.206	0.72	1.188	1.566	1.404	9.2	8.8	9.8	13.1	15.2	0.295
2025-12-11 18:00:00	-91.2524	32.0987	0	20.04	12.4	51.736508127848616	101.82	0.745	636.6	2.49	138.2	0	0	4.24	0.69	0	0.307	0.312	0.309	0.224	0.152	-15.8	-20.7	-42.2	0.21	0.721	1.193	1.57	1.404	9.55	8.9	9.8	13.1	15.2	0.298
2025-12-11 18:15:00	-91.2524	32.0987	0	19.45	12.4	52.22262296931834	101.78	0.752	596.3	3.03	145.5	0	0	5.57	0.69	0	0.307	0.311	0.309	0.224	0.152	-15.8	-20.6	-42.1	0.211	0.721	1.19	1.569	1.41	9.9	9	9.850000000000001	13.1	15.2	0.306
2025-12-11 18:30:00	-91.2524	32.0987	0	19.91	12.6	51.404078453259345	101.75	0.75	600.7	3.14	158.3	0	0	5.37	0.71	0	0.307	0.311	0.309	0.224	0.152	-15.8	-20.6	-42.1	0.212	0.721	1.196	1.569	1.407	10.2	9.1	9.9	13.1	15.2	0.319
2025-12-11 18:45:00	-91.2524	32.0987	0	19.92	13	50.274711480503356	101.72	0.753	583	3.05	148.1	0	0	5.61	0.75	0	0.307	0.311	0.309	0.224	0.152	-15.8	-20.5	-41.9	0.212	0.722	1.193	1.569	1.406	10.5	9.2	9.9	13.05	15.2	0.312
2025-12-11 19:00:00	-91.2524	32.0987	0	19.79	13.3	50.215471086976756	101.69	0.767	558.1	3.08	140.4	0	0	4.79	0.76	0	0.307	0.311	0.309	0.224	0.152	-15.9	-20.5	-41.7	0.21	0.725	1.193	1.569	1.412	10.7	9.3	9.95	13	15.2	0.31
2025-12-11 19:15:00	-91.2524	32.0987	0	19.9	13.5	50.92191797124227	101.64	0.788	530.5	3.59	157.1	0	0	5.65	0.76	0	0.306	0.311	0.309	0.225	0.152	-15.9	-20.4	-41.7	0.212	0.727	1.193	1.568	1.412	10.899999999999999	9.4	10	13	15.2	0.297
2025-12-11 19:30:00	-91.2524	32.0987	0	19.08	13.6	49.88513126540823	101.62	0.777	465.7	3.67	164	0	0	5.45	0.78	0	0.306	0.311	0.309	0.225	0.152	-15.9	-20.4	-41.6	0.214	0.729	1.198	1.567	1.409	11.15	9.6	10.05	13	15.2	0.259
2025-12-11 19:45:00	-91.2524	32.0987	0	15.17	13.4	48.91331164374028	101.62	0.752	234.5	3.21	159.6	0	0	5.39	0.78	0	0.306	0.311	0.309	0.225	0.152	-15.9	-20.4	-41.5	0.213	0.728	1.198	1.57	1.412	11.399999999999999	9.7	10.1	13	15.2	0.256
2025-12-11 20:00:00	-91.2524	32.0987	0	15.83	13.4	51.319950647488135	101.6	0.789	264.8	2.92	190.1	0	0	4.6	0.75	0	0.306	0.311	0.309	0.225	0.152	-15.9	-20.3	-41.3	0.211	0.728	1.198	1.569	1.415	11.600000000000001	9.8	10.149999999999999	13	15.2	0.249
2025-12-11 20:15:00	-91.2524	32.0987	0	15.13	13.4	50.73455197090082	101.59	0.78	244.5	3.1	193	0	0	4.39	0.76	0	0.306	0.31	0.309	0.225	0.153	-15.9	-20.3	-41.2	0.21	0.73	1.201	1.569	1.411	11.7	9.9	10.2	13	15.2	0.247
2025-12-11 20:30:00	-91.2524	32.0987	0	16.28	13.6	51.04077137194279	101.59	0.795	288.8	3.08	196.8	0	0	5.12	0.76	0	0.306	0.31	0.309	0.225	0.153	-16	-20.2	-41.2	0.208	0.731	1.197	1.568	1.411	11.75	10	10.25	13	15.2	0.248
2025-12-11 20:45:00	-91.2524	32.0987	0	17.61	13.7	51.283772870034284	101.58	0.804	322.5	2.61	197.9	0	0	4.1	0.76	0	0.306	0.31	0.309	0.225	0.152	-16	-20.2	-41.2	0.208	0.731	1.2	1.571	1.412	11.8	10.1	10.350000000000001	13	15.1	0.247
2025-12-11 21:00:00	-91.2524	32.0987	0	17.76	14	49.29298164921698	101.58	0.788	287.5	2.05	183.1	0	0	3.58	0.81	0	0.306	0.31	0.309	0.225	0.153	-16	-20.1	-41	0.21	0.729	1.202	1.568	1.408	11.850000000000001	10.2	10.4	13	15.1	0.246
2025-12-11 21:15:00	-91.2524	32.0987	0	16.58	14.1	48.60136099725923	101.56	0.782	256	2.69	176.2	0	0	3.94	0.83	0	0.306	0.31	0.309	0.225	0.153	-16.1	-20.1	-40.9	0.207	0.729	1.2	1.567	1.415	11.9	10.3	10.45	13	15.1	0.247
2025-12-11 21:30:00	-91.2524	32.0987	0	15.57	14.2	48.84309870771194	101.54	0.791	221.6	2.94	193.3	0	0	4.54	0.83	0	0.306	0.31	0.308	0.226	0.153	-16.1	-20.1	-40.7	0.208	0.729	1.202	1.567	1.415	11.95	10.3	10.55	13	15.1	0.247
2025-12-11 21:45:00	-91.2524	32.0987	0	14.85	14.3	48.22103814631297	101.52	0.786	177.5	2.66	178.9	0	0	4.57	0.84	0	0.306	0.31	0.308	0.226	0.153	-16.1	-20	-40.7	0.206	0.726	1.202	1.566	1.413	11.95	10.4	10.6	13	15.1	0.253
2025-12-11 22:00:00	-91.2524	32.0987	0	13.78	14.3	49.26398680851058	101.5	0.803	136	2.59	182.7	0	0	3.83	0.83	0	0.306	0.31	0.308	0.226	0.153	-16.1	-20	-40.6	0.206	0.729	1.202	1.566	1.417	12	10.5	10.649999999999999	13	15.1	0.253
2025-12-11 22:15:00	-91.2524	32.0987	0	12.69	14.4	49.190027400959885	101.5	0.807	98.2	2.22	184.1	0	0	3.17	0.83	0	0.306	0.31	0.308	0.226	0.153	-16.2	-19.9	-40.4	0.205	0.727	1.202	1.565	1.416	11.95	10.5	10.75	13	15.1	0.257
2025-12-11 22:30:00	-91.2524	32.0987	0	11.46	13.9	52.951016679896696	101.48	0.841	60.3	2	182.3	0	0	2.65	0.75	0	0.306	0.31	0.308	0.226	0.153	-16.2	-19.9	-40.3	0.205	0.729	1.201	1.564	1.416	11.899999999999999	10.6	10.8	13	15.1	0.259
2025-12-11 22:45:00	-91.2524	32.0987	0	9.93	13.1	56.18213990624774	101.47	0.847	30.1	1.39	182	0	0	2.57	0.66	0	0.306	0.31	0.308	0.226	0.153	-16.3	-19.8	-40.3	0.202	0.729	1.201	1.564	1.417	11.85	10.7	10.850000000000001	12.9	15.1	0.245
2025-12-11 23:00:00	-91.2524	32.0987	0	7.91	11.9	60.71731793093426	101.46	0.846	8.1	1.54	173.9	0	0	2.03	0.55	0	0.306	0.31	0.308	0.227	0.153	-16.3	-19.8	-40.2	0.201	0.729	1.201	1.563	1.416	11.8	10.7	10.9	12.9	15.1	0.27
2025-12-11 23:15:00	-91.2524	32.0987	0	6.86	11.1	63.11174982891257	101.45	0.834	0	1.49	160.6	0	0	1.96	0.49	0	0.306	0.31	0.308	0.227	0.153	-16.3	-19.8	-40.1	0.2	0.729	1.201	1.563	1.417	11.65	10.7	10.95	12.9	15.1	NA
2025-12-11 23:30:00	-91.2524	32.0987	0	6.8	11.2	61.26584615513579	101.44	0.815	0	1.44	150.2	0	0	2.04	0.52	0	0.306	0.309	0.308	0.227	0.153	-16.3	-19.7	-39.9	0.198	0.727	1.204	1.563	1.416	11.5	10.8	11	12.9	15.1	NA
2025-12-11 23:45:00	-91.2524	32.0987	0	6.78	11.4	57.788118396953045	101.44	0.779	0	1.45	140.8	0	0	2.36	0.56	0	0.306	0.309	0.308	0.227	0.153	-16.4	-19.7	-39.8	0.198	0.727	1.204	1.566	1.415	11.350000000000001	10.8	11	12.9	15.1	NA
2025-12-12 00:00:00	-91.2524	32.0987	0	6.9	11	59.41887702461307	101.43	0.78	0	1.86	131.1	0	0	2.69	0.53	0	0.306	0.309	0.308	0.227	0.153	-16.4	-19.6	-39.7	0.197	0.727	1.206	1.562	1.412	11.149999999999999	10.8	11.1	12.9	15.1	NA
2025-12-12 00:15:00	-91.2524	32.0987	0	6.64	10.7	60.53941999548946	101.43	0.779	0	1.86	126.8	0	0	2.67	0.51	0	0.306	0.31	0.308	0.227	0.153	-16.4	-19.6	-39.7	0.197	0.725	1.204	1.565	1.415	10.95	10.8	11.1	12.9	15.1	NA
2025-12-12 00:30:00	-91.2524	32.0987	0	6.56	10.8	58.747961904563915	101.43	0.761	0	1.69	123.7	0	0	2.48	0.53	0	0.306	0.309	0.308	0.227	0.153	-16.5	-19.6	-39.5	0.195	0.724	1.204	1.561	1.415	10.850000000000001	10.8	11.1	12.9	15.1	NA
2025-12-12 00:45:00	-91.2524	32.0987	0	6.5	10.4	59.30541656117121	101.42	0.748	0	2.03	125.4	0	0	3.18	0.51	0	0.306	0.309	0.308	0.227	0.153	-16.5	-19.6	-39.4	0.195	0.722	1.2	1.564	1.415	10.649999999999999	10.8	11.2	12.9	15.1	NA
2025-12-12 01:00:00	-91.2524	32.0987	0	6.66	10.2	60.3446884398441	101.41	0.751	0	2.36	129.8	0	0	3.85	0.49	0	0.307	0.31	0.308	0.227	0.153	-16.5	-19.5	-39.3	0.194	0.724	1.203	1.564	1.415	10.5	10.8	11.2	12.9	15.1	NA
2025-12-12 01:15:00	-91.2524	32.0987	0	6.33	9.6	63.57526716919269	101.41	0.76	0	2.51	127.6	0	0	4.27	0.43	0	0.306	0.309	0.308	0.227	0.153	-16.5	-19.5	-39.3	0.194	0.722	1.201	1.56	1.414	10.350000000000001	10.7	11.2	12.9	15.1	NA
2025-12-12 01:30:00	-91.2524	32.0987	0	6.04	9	66.98253399980392	101.39	0.769	0	2.46	131.3	0	0	3.76	0.38	0	0.307	0.309	0.308	0.228	0.153	-16.5	-19.4	-39.2	0.194	0.721	1.201	1.562	1.414	10.25	10.7	11.2	12.9	15.1	NA
2025-12-12 01:45:00	-91.2524	32.0987	0	5.66	8.7	69.1555865795135	101.39	0.778	0	2.15	140.3	0	0	3.32	0.34	0	0.307	0.31	0.308	0.228	0.153	-16.5	-19.4	-39	0.194	0.719	1.201	1.562	1.414	10.1	10.7	11.2	12.9	15.1	NA
2025-12-12 02:00:00	-91.2524	32.0987	0	5.91	9.1	67.05084029392017	101.39	0.775	0	2.39	135.7	0	0	3.62	0.38	0	0.307	0.31	0.308	0.228	0.153	-16.6	-19.4	-38.9	0.193	0.72	1.201	1.562	1.411	9.95	10.6	11.25	12.9	15.1	NA
2025-12-12 02:15:00	-91.2524	32.0987	0	6.1	9.1	66.18566816109539	101.38	0.765	0	2.73	133.3	0	0	4.16	0.39	0	0.307	0.31	0.308	0.228	0.153	-16.6	-19.4	-38.8	0.195	0.718	1.198	1.558	1.407	9.850000000000001	10.6	11.25	12.9	15.1	NA
2025-12-12 02:30:00	-91.2524	32.0987	0	6.07	9.2	64.62343389909603	101.38	0.752	0	2.63	131.9	0	0	4.04	0.41	0	0.307	0.311	0.308	0.228	0.153	-16.6	-19.4	-38.7	0.194	0.717	1.198	1.561	1.41	9.75	10.6	11.25	12.9	15.1	NA
2025-12-12 02:45:00	-91.2524	32.0987	0	6.11	9.2	63.6781443074869	101.4	0.741	0	2.5	127.4	0	0	3.71	0.43	0	0.307	0.31	0.308	0.228	0.153	-16.6	-19.3	-38.6	0.193	0.718	1.198	1.56	1.407	9.649999999999999	10.5	11.2	12.9	15.1	NA
2025-12-12 03:00:00	-91.2524	32.0987	0	5.79	9.4	61.97778221397148	101.41	0.731	0	1.97	121	0	0	3.37	0.45	0	0.307	0.311	0.308	0.228	0.153	-16.6	-19.3	-38.4	0.19	0.718	1.198	1.56	1.41	9.55	10.5	11.2	12.9	15.1	NA
2025-12-12 03:15:00	-91.2524	32.0987	0	5.55	9.4	61.04514800828929	101.41	0.72	0	1.74	116.2	0	0	3.21	0.46	0	0.307	0.31	0.308	0.228	0.153	-16.6	-19.3	-38.3	0.19	0.717	1.198	1.559	1.409	9.4	10.4	11.2	12.9	15.1	NA
2025-12-12 03:30:00	-91.2524	32.0987	0	5.41	9	62.71446616366557	101.41	0.72	0	2.09	130.1	0	0	3.44	0.42	0	0.307	0.31	0.308	0.228	0.153	-16.6	-19.2	-38.2	0.19	0.718	1.198	1.563	1.409	9.350000000000001	10.4	11.2	12.9	15.1	NA
2025-12-12 03:45:00	-91.2524	32.0987	0	5.19	8.3	66.3996042710836	101.4	0.727	0	1.85	136	0	0	3.18	0.37	0	0.307	0.31	0.308	0.229	0.153	-16.6	-19.2	-38.2	0.191	0.715	1.198	1.558	1.409	9.25	10.4	11.2	12.9	15.1	NA
2025-12-12 04:00:00	-91.2524	32.0987	0	5.34	8.3	66.67360538912108	101.39	0.73	0	2.01	134.2	0	0	3.34	0.36	0	0.307	0.31	0.308	0.229	0.153	-16.6	-19.2	-37.9	0.191	0.717	1.198	1.558	1.409	9.149999999999999	10.3	11.149999999999999	12.9	15.1	NA
2025-12-12 04:15:00	-91.2524	32.0987	0	5.19	8.1	67.58651439633464	101.38	0.73	0	1.96	131.9	0	0	3.16	0.35	0	0.307	0.31	0.308	0.229	0.153	-16.6	-19.2	-37.8	0.192	0.717	1.196	1.558	1.412	9.05	10.3	11.149999999999999	12.9	15.1	NA
2025-12-12 04:30:00	-91.2524	32.0987	0	5.05	8.1	66.75325599966749	101.39	0.721	0	1.61	133	0	0	3.08	0.36	0	0.307	0.31	0.308	0.229	0.153	-16.6	-19.1	-37.7	0.191	0.715	1.196	1.557	1.408	9	10.2	11.149999999999999	12.9	15.1	NA
2025-12-12 04:45:00	-91.2524	32.0987	0	5.09	8	67.11604426131817	101.38	0.72	0	1.95	135	0	0	3.26	0.35	0	0.307	0.31	0.308	0.229	0.153	-16.6	-19.1	-37.7	0.189	0.716	1.195	1.556	1.409	8.9	10.2	11.1	12.9	15.1	NA
2025-12-12 05:00:00	-91.2524	32.0987	0	4.77	7.5	69.44578890861654	101.36	0.72	0	1.92	133.8	0	0	2.91	0.32	0	0.307	0.31	0.308	0.229	0.153	-16.6	-19	-37.7	0.188	0.714	1.198	1.556	1.411	8.8	10.2	11.1	12.9	15.1	NA
2025-12-12 05:15:00	-91.2524	32.0987	0	4.4	6.8	72.75983309038126	101.34	0.719	0	2.05	136	0	0	3.07	0.27	0	0.307	0.311	0.308	0.229	0.153	-16.7	-19	-37.6	0.189	0.714	1.199	1.556	1.408	8.75	10.1	11.05	12.9	15.1	NA
2025-12-12 05:30:00	-91.2524	32.0987	0	4.22	6.8	72.75983309038126	101.33	0.719	0	1.87	136.7	0	0	2.7	0.27	0	0.307	0.311	0.308	0.229	0.153	-16.6	-19	-37.5	0.188	0.712	1.199	1.555	1.408	8.7	10.1	11.05	12.9	15.1	NA
2025-12-12 05:45:00	-91.2524	32.0987	0	4.2	6.7	73.36409239836081	101.33	0.72	0	1.87	135.5	0	0	3.07	0.26	0	0.307	0.311	0.308	0.229	0.153	-16.7	-19	-37.4	0.189	0.716	1.196	1.558	1.408	8.6	10	11	12.9	15.1	NA
2025-12-12 06:00:00	-91.2524	32.0987	0	4.11	6.6	73.87104599215178	101.32	0.72	0	1.89	133.2	0	0	2.65	0.25	0	0.307	0.311	0.308	0.23	0.153	-16.7	-19	-37.2	0.191	0.713	1.196	1.554	1.408	8.5	10	11	12.9	15.1	NA
2025-12-12 06:15:00	-91.2524	32.0987	0	4.17	6.7	73.36409239836081	101.3	0.72	0	1.72	131.5	0	0	2.45	0.26	0	0.307	0.311	0.308	0.23	0.153	-16.7	-18.9	-37.2	0.19	0.714	1.196	1.554	1.391	8.4	10	11	12.9	15.1	NA
2025-12-12 06:30:00	-91.2524	32.0987	0	3.73	6.2	75.93842935514499	101.28	0.72	0	1.7	131.5	0	0	2.86	0.23	0	0.307	0.311	0.308	0.23	0.153	-16.7	-18.9	-37.2	0.19	0.713	1.194	1.557	1.407	8.350000000000001	9.9	10.95	12.9	15.1	NA
2025-12-12 06:45:00	-91.2524	32.0987	0	3.95	6	77.10327768957512	101.27	0.721	0	2.07	130.2	0	0	2.95	0.22	0	0.307	0.311	0.308	0.23	0.153	-16.7	-18.9	-37.1	0.188	0.71	1.194	1.553	1.407	8.3	9.9	10.95	12.9	15.1	NA
2025-12-12 07:00:00	-91.2524	32.0987	0	3.67	6.2	76.46577955900015	101.28	0.725	0	1.68	132.1	0	0	2.72	0.22	0	0.307	0.311	0.308	0.23	0.153	-16.7	-18.9	-37	0.189	0.712	1.197	1.556	1.407	8.2	9.8	10.9	12.9	15.1	NA
2025-12-12 07:15:00	-91.2524	32.0987	0	2.71	6.6	73.87104599215178	101.3	0.72	0	1.02	141.9	0	0	1.75	0.25	0	0.307	0.311	0.308	0.23	0.153	-16.7	-18.8	-36.9	0.187	0.712	1.194	1.556	1.407	8.15	9.8	10.9	12.9	15.1	NA
2025-12-12 07:30:00	-91.2524	32.0987	0	3.43	6.1	76.46533701265064	101.29	0.72	0	1.54	134.8	0	0	2.46	0.22	0	0.307	0.311	0.308	0.23	0.153	-16.7	-18.8	-36.8	0.187	0.71	1.194	1.555	1.406	8.1	9.7	10.850000000000001	12.9	15.1	NA
2025-12-12 07:45:00	-91.2524	32.0987	0	2.55	5.9	76.77769017399024	101.31	0.713	0	0.54	135.5	0	0	1.47	0.21	0	0.307	0.311	0.308	0.23	0.153	-16.7	-18.8	-36.7	0.187	0.712	1.192	1.555	1.406	8	9.7	10.8	12.9	15.1	NA
2025-12-12 08:00:00	-91.2524	32.0987	0	2.96	6.1	76.57153886961264	101.32	0.721	0	0.95	96.5	0	0	1.6	0.22	0	0.307	0.311	0.308	0.23	0.153	-16.7	-18.7	-36.6	0.187	0.713	1.192	1.554	1.403	7.95	9.7	10.8	12.9	15.1	NA
2025-12-12 08:15:00	-91.2524	32.0987	0	2.14	5.1	80.14399934204627	101.33	0.704	0	0.62	57.5	0	0	1.39	0.18	0	0.307	0.311	0.308	0.23	0.153	-16.7	-18.7	-36.5	0.187	0.71	1.192	1.554	1.406	7.8500000000000005	9.6	10.8	12.9	15.1	NA
2025-12-12 08:30:00	-91.2524	32.0987	0	2.56	5.4	78.59799987995564	101.32	0.705	0	0.7	71.3	0	0	1.06	0.19	0	0.307	0.311	0.308	0.231	0.153	-16.7	-18.7	-36.4	0.188	0.709	1.192	1.553	1.406	7.8	9.6	10.75	12.9	15.1	NA
2025-12-12 08:45:00	-91.2524	32.0987	0	2.82	5.1	81.85161296439101	101.32	0.719	0	0.84	60.8	0	0	1.35	0.16	0	0.307	0.311	0.308	0.231	0.153	-16.7	-18.7	-36.3	0.187	0.712	1.192	1.553	1.402	7.699999999999999	9.5	10.7	12.9	15.1	NA
2025-12-12 09:00:00	-91.2524	32.0987	0	3.03	5.4	81.94259561952822	101.32	0.735	0	1.03	60.5	0	0	1.62	0.16	0	0.307	0.311	0.308	0.231	0.154	-16.7	-18.7	-36.3	0.187	0.712	1.192	1.549	1.402	7.65	9.5	10.7	12.9	15.1	NA
2025-12-12 09:15:00	-91.2524	32.0987	0	3.16	5.8	80.78155275135246	101.31	0.745	0	1.52	62.2	0	0	2.07	0.18	0	0.307	0.311	0.308	0.231	0.154	-16.7	-18.6	-36.2	0.186	0.711	1.192	1.549	1.401	7.6	9.4	10.7	12.9	15	NA
2025-12-12 09:30:00	-91.2524	32.0987	0	3.34	5.8	81.43214243794053	101.31	0.751	0	1.71	59.9	0	0	2.12	0.17	0	0.307	0.311	0.308	0.231	0.154	-16.7	-18.6	-36.1	0.187	0.709	1.192	1.551	1.402	7.5	9.4	10.649999999999999	12.9	15	NA
2025-12-12 09:45:00	-91.2524	32.0987	0	3.55	5.8	81.75743728123459	101.31	0.754	0	1.86	62	0	0	2.53	0.17	0	0.307	0.311	0.308	0.231	0.154	-16.7	-18.6	-35.9	0.188	0.711	1.19	1.551	1.402	7.5	9.4	10.6	12.9	15	NA
2025-12-12 10:00:00	-91.2524	32.0987	0	3.42	5.1	85.2668402090805	101.31	0.749	0	1.3	61.2	0	0	1.73	0.13	0	0.307	0.311	0.308	0.231	0.154	-16.7	-18.5	-35.9	0.187	0.709	1.19	1.55	1.405	7.5	9.3	10.6	12.9	15	NA
2025-12-12 10:15:00	-91.2524	32.0987	0	3.74	5.6	82.79024337781037	101.32	0.753	0	1.35	65.3	0	0	2.03	0.16	0	0.307	0.311	0.308	0.231	0.154	-16.7	-18.5	-35.8	0.187	0.709	1.19	1.551	1.404	7.4	9.3	10.55	12.9	15	NA
2025-12-12 10:30:00	-91.2524	32.0987	0	4.87	5.7	83.41846071576428	101.33	0.764	0	1.23	66.6	0	0	1.86	0.15	0	0.307	0.311	0.308	0.231	0.154	-16.7	-18.5	-35.8	0.188	0.711	1.19	1.546	1.404	7.4	9.3	10.5	12.9	15	NA
2025-12-12 10:45:00	-91.2524	32.0987	0	6.69	5.4	88.29732752471612	101.35	0.792	0	0.93	46.4	0	0	1.52	0.1	0	0.307	0.311	0.308	0.231	0.154	-16.6	-18.5	-35.7	0.188	0.711	1.19	1.55	1.405	7.4	9.2	10.5	12.9	15	NA
2025-12-12 11:00:00	-91.2524	32.0987	0	6.94	5.6	89.38707551946857	101.36	0.813	0	0.98	55.5	0	0	1.28	0.1	0	0.307	0.311	0.308	0.231	0.154	-16.6	-18.4	-35.6	0.188	0.708	1.187	1.55	1.404	7.35	9.2	10.45	12.9	15	NA
2025-12-12 11:15:00	-91.2524	32.0987	0	7.26	6	89.294364591949	101.37	0.835	0	0.94	51.5	0	0	1.35	0.1	0	0.307	0.311	0.308	0.232	0.154	-16.6	-18.4	-35.5	0.189	0.708	1.188	1.549	1.404	7.449999999999999	9.2	10.4	12.9	15	NA
2025-12-12 11:30:00	-91.2524	32.0987	0	7.5	6.3	88.92753885263602	101.38	0.849	0	0.83	46.5	0	0	1.23	0.11	0	0.307	0.311	0.308	0.232	0.154	-16.6	-18.4	-35.4	0.19	0.708	1.19	1.549	1.404	7.5	9.1	10.4	12.9	15	NA
2025-12-12 11:45:00	-91.2524	32.0987	0	7.58	6.7	86.91607057750245	101.37	0.853	0	0.92	58.3	0	0	1.3	0.13	0	0.307	0.311	0.308	0.232	0.154	-16.6	-18.4	-35.3	0.192	0.71	1.188	1.548	1.4	7.65	9.1	10.4	12.9	15	NA
2025-12-12 12:00:00	-91.2524	32.0987	0	7.57	7	84.94214131810445	101.37	0.851	0	0.97	73.6	0	0	1.56	0.15	0	0.307	0.311	0.308	0.232	0.154	-16.6	-18.4	-35.3	0.191	0.71	1.191	1.547	1.403	7.65	9.1	10.350000000000001	12.9	15	NA
2025-12-12 12:15:00	-91.2524	32.0987	0	7.03	7	84.74251231383158	101.37	0.849	0	0.93	76.9	0	0	1.72	0.15	0	0.307	0.311	0.308	0.232	0.154	-16.6	-18.4	-35.3	0.194	0.711	1.191	1.547	1.403	7.8	9.1	10.3	12.9	15	NA
2025-12-12 12:30:00	-91.2524	32.0987	0	4.8	6.7	84.26681168533942	101.39	0.827	0	0.39	99	0	0	0.94	0.15	0	0.307	0.311	0.308	0.232	0.154	-16.6	-18.3	-35.2	0.193	0.71	1.191	1.546	1.403	7.85	9.1	10.3	12.9	15	NA
2025-12-12 12:45:00	-91.2524	32.0987	0	4.97	6.9	82.31157349737794	101.38	0.819	0	0.82	93	0	0	1.96	0.17	0	0.307	0.311	0.308	0.232	0.154	-16.6	-18.3	-35	0.193	0.711	1.188	1.546	1.403	7.949999999999999	9.1	10.3	12.9	15	NA
2025-12-12 13:00:00	-91.2524	32.0987	0	4.56	6.2	86.48543343224846	101.4	0.82	0	0.75	60.7	0	0	1.14	0.13	0	0.307	0.311	0.308	0.232	0.154	-16.6	-18.2	-34.9	0.193	0.71	1.191	1.546	1.403	7.949999999999999	9.1	10.3	12.9	15	NA
2025-12-12 13:15:00	-91.2524	32.0987	0	4.82	6.2	86.59090347301948	101.4	0.821	10.9	0.73	67.1	0	0	1.11	0.13	0	0.307	0.311	0.308	0.233	0.154	-16.6	-18.2	-34.9	0.192	0.71	1.188	1.545	1.402	7.949999999999999	9.1	10.3	12.9	15	NA
2025-12-12 13:30:00	-91.2524	32.0987	0	5.97	6.6	86.59328169080013	101.42	0.844	27.9	0.66	87.9	0	0	1.19	0.13	0	0.307	0.311	0.308	0.232	0.154	-16.6	-18.2	-34.9	0.192	0.711	1.191	1.546	1.403	7.8999999999999995	9.1	10.2	12.9	15	0.288
2025-12-12 13:45:00	-91.2524	32.0987	0	7.64	6.6	89.77384061546222	101.44	0.875	60.3	0.59	111.5	0	0	1.16	0.1	0	0.306	0.311	0.308	0.233	0.154	-16.6	-18.2	-34.8	0.192	0.711	1.191	1.545	1.402	7.8999999999999995	9.1	10.2	12.9	15	0.288
2025-12-12 14:00:00	-91.2524	32.0987	0	7.13	7.4	88.08295721353092	101.44	0.907	44.1	1.09	131.7	0	0	1.49	0.12	0	0.307	0.311	0.308	0.233	0.154	-16.6	-18.2	-34.8	0.192	0.708	1.191	1.544	1.405	7.949999999999999	9.1	10.2	12.9	15	0.27
2025-12-12 14:15:00	-91.2524	32.0987	0	7.67	8	88.08980809298009	101.46	0.945	49.4	1.1	136.6	0	0	1.78	0.13	0	0.306	0.311	0.308	0.233	0.154	-16.6	-18.1	-34.6	0.192	0.71	1.191	1.544	1.402	7.949999999999999	9.1	10.2	12.9	15	0.287
2025-12-12 14:30:00	-91.2524	32.0987	0	8.82	8.6	90.47760290586943	101.48	1.011	136.5	0.45	161	0	0	1.71	0.11	0	0.306	0.311	0.308	0.233	0.154	-16.6	-18.1	-34.5	0.193	0.711	1.191	1.544	1.402	8.05	9.1	10.2	12.9	15	0.212
2025-12-12 14:45:00	-91.2524	32.0987	0	11.17	9.8	88.9731096791226	101.5	1.078	178	1.05	159.1	0	0	1.82	0.13	0	0.306	0.311	0.308	0.233	0.154	-16.6	-18.1	-34.5	0.194	0.711	1.191	1.543	1.402	8.100000000000001	9.1	10.2	12.9	15	0.256
2025-12-12 15:00:00	-91.2524	32.0987	0	13.78	11.4	89.09310679684289	101.53	1.201	281.7	1	134.6	0	0	1.93	0.15	0	0.306	0.311	0.308	0.233	0.154	-16.5	-18.1	-34.5	0.197	0.711	1.191	1.543	1.399	8.2	9.1	10.2	12.9	15	0.244
2025-12-12 15:15:00	-91.2524	32.0987	0	15.13	12.2	88.87054898581188	101.55	1.263	318.1	1.52	147.1	0	0	2.58	0.16	0	0.306	0.311	0.308	0.233	0.154	-16.5	-18.1	-34.5	0.2	0.71	1.188	1.543	1.402	8.350000000000001	9.1	10.2	12.9	15	0.24
2025-12-12 15:30:00	-91.2524	32.0987	0	17.04	12.6	89.03186388104518	101.57	1.299	385.5	1.38	158.7	0	0	2.55	0.16	0	0.306	0.311	0.308	0.233	0.154	-16.4	-18	-34.4	0.204	0.711	1.191	1.542	1.401	8.6	9.1	10.2	12.9	15	0.239
2025-12-12 15:45:00	-91.2524	32.0987	0	19.37	13.2	90.14953419913475	101.59	1.368	399.6	0.53	255	0	0	1.64	0.15	0	0.305	0.311	0.308	0.233	0.154	-16.4	-18	-34.3	0.209	0.712	1.191	1.542	1.398	8.95	9.1	10.2	12.9	15	0.242
2025-12-12 16:00:00	-91.2524	32.0987	0	19.54	13.5	89.88881712943909	101.6	1.391	319.6	0.6	269.9	0	0	1.11	0.15	0	0.305	0.311	0.308	0.233	0.154	-16.4	-18	-34.2	0.212	0.713	1.188	1.541	1.402	9.25	9.2	10.2	12.9	15	0.251
2025-12-12 16:15:00	-91.2524	32.0987	0	18.99	14.3	84.47884163800629	101.6	1.377	281.6	0.44	283.1	0	0	1.23	0.25	0	0.304	0.311	0.308	0.234	0.154	-16.3	-17.9	-34.1	0.214	0.716	1.188	1.537	1.401	9.65	9.2	10.2	12.9	15	0.258
2025-12-12 16:30:00	-91.2524	32.0987	0	18.96	15	81.8602095990809	101.61	1.396	243.4	0.34	229.2	0	0	0.91	0.31	0	0.304	0.311	0.308	0.234	0.154	-16.2	-17.9	-34	0.216	0.718	1.191	1.54	1.406	10	9.3	10.2	12.9	15	0.261
2025-12-12 16:45:00	-91.2524	32.0987	0	21.76	15.9	81.08683461724108	101.59	1.465	409.3	0.63	132	0	0	1.64	0.34	0	0.304	0.311	0.308	0.234	0.154	-16.2	-17.9	-34	0.217	0.716	1.191	1.544	1.407	10.4	9.4	10.2	12.9	15	0.286
2025-12-12 17:00:00	-91.2524	32.0987	0	22.71	16.6	81.0416470753652	101.57	1.531	403.6	0.76	148.9	0	0	1.78	0.36	0	0.304	0.311	0.308	0.234	0.154	-16.1	-17.9	-34	0.217	0.719	1.194	1.54	1.407	10.7	9.5	10.2	12.9	15	0.268
2025-12-12 17:15:00	-91.2524	32.0987	0	23.41	17	79.73249713684977	101.57	1.545	344.4	0.56	122.8	0	0	1.26	0.39	0	0.303	0.311	0.308	0.234	0.154	-16.1	-17.9	-33.9	0.22	0.72	1.191	1.539	1.407	11.1	9.6	10.2	12.9	15	0.249
2025-12-12 17:30:00	-91.2524	32.0987	0	26.4	18.5	78.59976709396938	101.54	1.674	506.3	0.86	180.5	0	0	2.45	0.45	0	0.303	0.31	0.308	0.234	0.154	-16	-17.9	-33.8	0.221	0.724	1.191	1.543	1.407	11.45	9.7	10.25	12.9	15	0.256
2025-12-12 17:45:00	-91.2524	32.0987	0	26.03	18.9	78.947783882732793	101.52	1.724	485.5	1.88	186.8	0	0	5.26	0.46	0	0.303	0.31	0.308	0.234	0.154	-15.9	-17.8	-33.7	0.225	0.724	1.193	1.543	1.403	11.850000000000001	9.8	10.3	12.9	15	0.26
2025-12-12 18:00:00	-91.2524	32.0987	0	24.52	19	79.13922287362851	101.49	1.739	465.4	3.31	184.4	0	0	4.84	0.45	0	0.303	0.31	0.308	0.234	0.154	-15.9	-17.8	-33.6	0.227	0.727	1.193	1.547	1.406	12.2	10	10.350000000000001	12.850000000000001	15	0.277
2025-12-12 18:15:00	-91.2524	32.0987	0	25.96	19	79.13922287362851	101.46	1.739	477.7	3.21	182.5	0	0	5.12	0.46	0	0.302	0.31	0.308	0.234	0.154	-15.9	-17.8	-33.6	0.229	0.727	1.196	1.542	1.406	12.6	10.1	10.4	12.850000000000001	15	0.256
2025-12-12 18:30:00	-91.2524	32.0987	0	25.34	19.2	78.7878936648379	101.44	1.753	454.6	3.1	181.6	0	0	4.63	0.47	0	0.302	0.31	0.308	0.234	0.154	-15.8	-17.7	-33.6	0.23	0.73	1.196	1.541	1.409	13	10.2	10.45	12.850000000000001	15	0.264
2025-12-12 18:45:00	-91.2524	32.0987	0	23.66	19.3	77.94151763203074	101.42	1.745	275.3	2.49	176.1	0	0	4.17	0.49	0	0.302	0.31	0.308	0.234	0.154	-15.7	-17.7	-33.6	0.23	0.729	1.198	1.545	1.411	13.4	10.4	10.5	12.8	15	0.251
2025-12-12 19:00:00	-91.2524	32.0987	0	26.97	19.7	77.90142378967302	101.41	1.788	445.6	1.61	181.9	0	0	2.96	0.5	0	0.302	0.31	0.308	0.235	0.154	-15.7	-17.7	-33.5	0.229	0.731	1.198	1.545	1.411	13.7	10.5	10.55	12.8	15	0.255
2025-12-12 19:15:00	-91.2524	32.0987	0	27.86	20.5	77.2917603916585	101.38	1.864	487.7	1.55	171.8	0	0	3.18	0.54	0	0.302	0.31	0.308	0.235	0.154	-15.7	-17.7	-33.5	0.228	0.732	1.197	1.541	1.412	14	10.7	10.649999999999999	12.8	15	0.302
2025-12-12 19:30:00	-91.2524	32.0987	0	27.94	20.6	76.85801747176652	101.37	1.865	450	1.68	161.8	0	0	4.99	0.56	0	0.301	0.31	0.308	0.235	0.154	-15.7	-17.6	-33.3	0.232	0.733	1.2	1.541	1.411	14.350000000000001	10.8	10.75	12.8	15	0.256
2025-12-12 19:45:00	-91.2524	32.0987	0	24.29	20.3	74.97714150315575	101.37	1.786	276.7	1.74	153.8	0	0	3.23	0.6	0	0.301	0.309	0.308	0.235	0.154	-15.7	-17.6	-33.2	0.233	0.733	1.2	1.54	1.415	14.649999999999999	11	10.8	12.8	15	0.244
2025-12-12 20:00:00	-91.2524	32.0987	0	26.49	20.6	75.62169547490164	101.36	1.835	364.8	1.38	175.9	0	0	3.46	0.6	0	0.301	0.309	0.308	0.235	0.154	-15.7	-17.6	-33.2	0.229	0.734	1.205	1.543	1.414	14.9	11.2	10.9	12.8	15	0.235
2025-12-12 20:15:00	-91.2524	32.0987	0	24.78	20.7	74.37916726389601	101.36	1.816	242.2	0.68	162.8	0	0	1.49	0.62	0	0.301	0.309	0.308	0.235	0.154	-15.7	-17.6	-33.2	0.23	0.736	1.202	1.539	1.417	15.15	11.3	11	12.8	15	0.239
2025-12-12 20:30:00	-91.2524	32.0987	0	21.74	20.3	72.58425400837419	101.37	1.729	135.2	0.79	82.5	0	0	1.71	0.65	0	0.301	0.309	0.308	0.235	0.154	-15.7	-17.6	-33.1	0.229	0.736	1.207	1.538	1.42	15.35	11.5	11.05	12.8	15	0.259
2025-12-12 20:45:00	-91.2524	32.0987	0	21.79	20.4	73.0554236734405	101.37	1.751	161.1	1.03	108.9	0	0	2.09	0.64	0	0.301	0.309	0.308	0.235	0.154	-15.7	-17.6	-33	0.229	0.735	1.207	1.538	1.417	15.45	11.6	11.149999999999999	12.8	15	0.25
2025-12-12 21:00:00	-91.2524	32.0987	0	22.43	20.7	74.01054804287449	101.36	1.807	204.7	1.35	121.1	0	0	2.24	0.64	0	0.301	0.309	0.308	0.235	0.154	-15.7	-17.5	-33	0.228	0.735	1.207	1.538	1.417	15.55	11.8	11.25	12.8	15	0.241
2025-12-12 21:15:00	-91.2524	32.0987	0	23.08	21.1	72.77238701544445	101.36	1.821	215	1.32	134.9	0	0	2.34	0.67	0	0.301	0.309	0.307	0.235	0.154	-15.8	-17.5	-32.9	0.225	0.736	1.206	1.541	1.411	15.6	11.9	11.4	12.8	15	0.239
2025-12-12 21:30:00	-91.2524	32.0987	0	23.28	21.3	71.72731829651781	101.36	1.817	211.6	1.02	138.9	0	0	1.97	0.72	0	0.301	0.309	0.307	0.235	0.154	-15.8	-17.5	-32.8	0.226	0.734	1.206	1.541	1.411	15.649999999999999	12	11.45	12.8	15	0.239
2025-12-12 21:45:00	-91.2524	32.0987	0	21.69	21.2	71.691777218125	101.35	1.805	158.7	1.12	132.8	0	0	2.45	0.71	0	0.301	0.309	0.307	0.235	0.154	-15.8	-17.5	-32.8	0.227	0.732	1.206	1.537	1.414	15.7	12.1	11.6	12.8	15	0.238
2025-12-12 22:00:00	-91.2524	32.0987	0	20.34	21.1	71.01402071743262	101.35	1.777	119.9	1.04	128.1	0	0	2.14	0.73	0	0.301	0.309	0.307	0.236	0.154	-15.8	-17.4	-32.8	0.224	0.737	1.208	1.54	1.413	15.75	12.2	11.649999999999999	12.8	15	0.244
2025-12-12 22:15:00	-91.2524	32.0987	0	19.15	20.9	72.29636931184736	101.36	1.787	83.9	0.39	80.6	0	0	0.89	0.69	0	0.301	0.308	0.307	0.236	0.154	-15.8	-17.4	-32.7	0.222	0.737	1.208	1.54	1.42	15.75	12.3	11.8	12.8	15	0.247
2025-12-12 22:30:00	-91.2524	32.0987	0	17.12	20.3	75.14506343261411	101.36	1.79	48.3	0.67	65.7	0	0	1	0.59	0	0.301	0.308	0.307	0.236	0.154	-15.9	-17.4	-32.7	0.223	0.736	1.208	1.539	1.42	15.7	12.4	11.850000000000001	12.8	15	0.242
2025-12-12 22:45:00	-91.2524	32.0987	0	15.25	19.8	74.95166950434438	101.37	1.731	22.6	0.53	110.9	0	0	1.07	0.58	0	0.301	0.308	0.307	0.236	0.154	-15.9	-17.4	-32.6	0.222	0.736	1.21	1.539	1.419	15.65	12.5	11.95	12.8	15	0.255
2025-12-12 23:00:00	-91.2524	32.0987	0	14.3	19.1	76.7477536877891	101.37	1.697	7.2	0.71	119.2	0	0	1.24	0.51	0	0.301	0.308	0.307	0.236	0.154	-16	-17.4	-32.5	0.221	0.734	1.21	1.538	1.422	15.600000000000001	12.6	12	12.8	15	NA
2025-12-12 23:15:00	-91.2524	32.0987	0	13.58	18.5	77.19116911737494	101.39	1.644	0	0.84	101.4	0	0	1.89	0.49	0	0.301	0.308	0.307	0.236	0.154	-16	-17.3	-32.4	0.219	0.735	1.21	1.538	1.418	15.45	12.6	12.1	12.8	15	NA
2025-12-12 23:30:00	-91.2524	32.0987	0	12.9	18.3	77.16647059797468	101.39	1.623	0	0.81	109.3	0	0	1.84	0.48	0	0.301	0.308	0.307	0.236	0.154	-16.1	-17.3	-32.4	0.218	0.734	1.21	1.537	1.419	15.3	12.7	12.2	12.8	15	NA
2025-12-12 23:45:00	-91.2524	32.0987	0	12.17	17.9	78.54524191678378	101.4	1.611	0	0.65	106.4	0	0	1.54	0.44	0	0.301	0.308	0.307	0.237	0.154	-16.1	-17.3	-32.4	0.219	0.734	1.209	1.537	1.422	15.15	12.8	12.3	12.8	15	NA
2025-12-13 00:00:00	-91.2524	32.0987	0	12.23	17.2	81.78653768623056	101.42	1.605	0	0.91	90.6	0	0	1.93	0.35	0	0.301	0.308	0.307	0.237	0.154	-16.2	-17.3	-32.3	0.217	0.731	1.206	1.537	1.418	14.95	12.8	12.350000000000001	12.8	15	NA
2025-12-13 00:15:00	-91.2524	32.0987	0	11.11	15.8	86.17480493725559	101.44	1.547	0	0.79	38.2	0	0	1.02	0.24	0	0.301	0.308	0.307	0.237	0.155	-16.2	-17.2	-32.3	0.216	0.732	1.212	1.536	1.418	14.8	12.8	12.4	12.8	15	NA
2025-12-13 00:30:00	-91.2524	32.0987	0	11.67	16.8	82.42279341590499	101.45	1.577	0	0.85	59.4	0	0	1.08	0.34	0	0.301	0.308	0.307	0.237	0.155	-16.3	-17.2	-32.2	0.214	0.732	1.209	1.536	1.422	14.6	12.8	12.5	12.8	15	NA
2025-12-13 00:45:00	-91.2524	32.0987	0	11.73	15.8	88.51439240161547	101.46	1.589	0	1.38	41.5	0	0	2.96	0.2	0	0.301	0.308	0.307	0.237	0.155	-16.3	-17.2	-32.1	0.215	0.73	1.209	1.535	1.418	14.45	12.8	12.5	12.8	14.9	NA
2025-12-13 01:00:00	-91.2524	32.0987	0	11.89	15.1	88.96753571389799	101.48	1.527	0	1.55	61.4	0	0	2.38	0.19	0	0.301	0.308	0.307	0.237	0.155	-16.3	-17.2	-32	0.214	0.73	1.208	1.539	1.422	14.3	12.8	12.6	12.8	14.9	NA
2025-12-13 01:15:00	-91.2524	32.0987	0	11	16	85.19008672418802	101.49	1.549	0	1.06	60	0	0	1.47	0.26	0	0.301	0.308	0.306	0.237	0.155	-16.3	-17.2	-32	0.213	0.73	1.205	1.535	1.421	14.1	12.8	12.6	12.8	14.9	NA
2025-12-13 01:30:00	-91.2524	32.0987	0	10.38	15.5	88.6416639821311	101.51	1.561	0	0.85	56.2	0	0	1.27	0.2	0	0.302	0.308	0.307	0.237	0.155	-16.4	-17.2	-32	0.211	0.73	1.208	1.538	1.424	14	12.8	12.649999999999999	12.8	14.9	NA
2025-12-13 01:45:00	-91.2524	32.0987	0	10.13	14.7	91.23048967505183	101.52	1.526	0	0.58	84.7	0	0	1.12	0.15	0	0.302	0.308	0.306	0.237	0.155	-16.4	-17.2	-32	0.21	0.73	1.205	1.538	1.42	13.8	12.8	12.7	12.8	14.9	NA
2025-12-13 02:00:00	-91.2524	32.0987	0	9.91	14.1	91.79566520837837	101.53	1.477	0	0.63	2.6	0	0	2.46	0.13	0	0.302	0.308	0.307	0.237	0.155	-16.4	-17.2	-32	0.21	0.73	1.205	1.537	1.418	13.649999999999999	12.8	12.7	12.8	14.9	NA
2025-12-13 02:15:00	-91.2524	32.0987	0	11.06	12.9	96.1692565325196	101.54	1.431	0	0.69	23.4	0	0	1.97	0.06	0	0.302	0.308	0.306	0.237	0.155	-16.4	-17.2	-31.9	0.21	0.727	1.205	1.541	1.418	13.55	12.7	12.75	12.8	14.9	NA
2025-12-13 02:30:00	-91.2524	32.0987	0	12.04	12.7	95.93972450565158	101.55	1.409	0	0.67	23	0	0	1.07	0.05	0	0.302	0.308	0.306	0.238	0.155	-16.4	-17.1	-31.9	0.211	0.725	1.205	1.536	1.42	13.4	12.7	12.75	12.8	14.9	NA
2025-12-13 02:45:00	-91.2524	32.0987	0	12.4	13.5	92.34444261536194	101.57	1.429	0	1.19	53.8	0	0	2.1	0.11	0	0.302	0.309	0.306	0.237	0.155	-16.4	-17.1	-31.7	0.211	0.722	1.208	1.536	1.42	13.3	12.7	12.75	12.8	14.9	NA
2025-12-13 03:00:00	-91.2524	32.0987	0	11.19	13.6	95.08349987653746	101.58	1.481	0	0.92	35.3	0	0	2.2	0.08	0	0.302	0.309	0.306	0.238	0.155	-16.4	-17.1	-31.6	0.212	0.724	1.205	1.54	1.42	13.2	12.7	12.75	12.8	14.9	NA
2025-12-13 03:15:00	-91.2524	32.0987	0	9.83	13.2	94.43295504923984	101.58	1.433	0	0.41	39.7	0	0	1.18	0.08	0	0.302	0.308	0.306	0.238	0.155	-16.4	-17.1	-31.6	0.212	0.725	1.205	1.539	1.423	13.15	12.6	12.75	12.850000000000001	14.9	NA
2025-12-13 03:30:00	-91.2524	32.0987	0	9.66	13.2	92.98318183843503	101.57	1.411	0	0.49	31.6	0	0	0.66	0.11	0	0.302	0.308	0.306	0.238	0.155	-16.4	-17.1	-31.5	0.211	0.726	1.202	1.536	1.42	13.05	12.6	12.75	12.850000000000001	14.9	NA
2025-12-13 03:45:00	-91.2524	32.0987	0	9.29	12.9	94.15312956118795	101.57	1.401	0	0.59	57.6	0	0	1.03	0.09	0	0.302	0.308	0.306	0.238	0.155	-16.4	-17.1	-31.5	0.211	0.726	1.203	1.535	1.42	13	12.6	12.75	12.850000000000001	14.9	NA
2025-12-13 04:00:00	-91.2524	32.0987	0	9.25	12.6	95.61158592306238	101.57	1.395	0	1.09	67.8	0	0	1.29	0.07	0	0.302	0.308	0.306	0.238	0.155	-16.4	-17	-31.5	0.21	0.726	1.202	1.535	1.416	12.9	12.5	12.75	12.850000000000001	14.9	NA
2025-12-13 04:15:00	-91.2524	32.0987	0	8.94	11.6	98.82899749490393	101.57	1.35	0	0.75	4.4	0	0	1.87	0.02	0	0.302	0.308	0.306	0.238	0.155	-16.4	-17	-31.4	0.21	0.724	1.203	1.534	1.416	12.8	12.5	12.75	12.850000000000001	14.9	NA
2025-12-13 04:30:00	-91.2524	32.0987	0	8.89	11.5	96.39010363355597	101.58	1.308	0	0.77	41.1	0	0	1.47	0.05	0	0.302	0.308	0.306	0.238	0.155	-16.4	-17	-31.3	0.209	0.728	1.205	1.534	1.416	12.649999999999999	12.5	12.75	12.850000000000001	14.9	NA
2025-12-13 04:45:00	-91.2524	32.0987	0	9.24	11	97.66025685327429	101.6	1.282	0	0.99	4.3	0	0	2.12	0.03	0	0.302	0.308	0.306	0.238	0.155	-16.5	-17	-31.3	0.21	0.726	1.205	1.533	1.412	12.55	12.4	12.75	12.9	14.9	NA
2025-12-13 05:00:00	-91.2524	32.0987	0	9.5	11.6	94.87583759510777	101.6	1.296	0	1.01	34.8	0	0	1.92	0.07	0	0.302	0.308	0.306	0.238	0.155	-16.5	-17	-31.2	0.208	0.726	1.202	1.533	1.412	12.4	12.4	12.75	12.9	14.9	NA
2025-12-13 05:15:00	-91.2524	32.0987	0	9.06	12.3	93.67017472193429	101.6	1.34	0	0.9	41.9	0	0	1.45	0.09	0	0.302	0.308	0.306	0.238	0.155	-16.5	-17	-31.2	0.208	0.725	1.2	1.532	1.412	12.350000000000001	12.4	12.75	12.9	14.9	NA
2025-12-13 05:30:00	-91.2524	32.0987	0	8.66	12	97.3217709532649	101.59	1.365	0	0.51	136.9	0	0	1.37	0.04	0	0.302	0.308	0.306	0.238	0.155	-16.5	-17	-31.2	0.208	0.725	1.2	1.532	1.412	12.2	12.3	12.75	12.9	14.9	NA
2025-12-13 05:45:00	-91.2524	32.0987	0	8.26	11	98.65057147035118	101.6	1.295	0	0.57	350.9	0	0	1.13	0.01	0	0.302	0.308	0.306	0.238	0.155	-16.5	-17	-31.1	0.209	0.725	1.2	1.535	1.412	12.149999999999999	12.3	12.75	12.9	14.9	NA
2025-12-13 06:00:00	-91.2524	32.0987	0	8.66	10.5	98.68341585365972	101.61	1.253	0	1.02	8.9	0	0	1.57	0.02	0	0.302	0.308	0.306	0.239	0.155	-16.5	-17	-31.1	0.207	0.722	1.2	1.539	1.415	12.05	12.3	12.75	12.95	14.9	NA
2025-12-13 06:15:00	-91.2524	32.0987	0	8.84	10.2	98.99421592262043	101.62	1.232	0	0.94	28.9	0	0	1.47	0.01	0	0.302	0.308	0.306	0.239	0.155	-16.5	-17	-31.1	0.208	0.724	1.2	1.539	1.395	12	12.2	12.7	12.95	14.9	NA
2025-12-13 06:30:00	-91.2524	32.0987	0	8.93	10.3	98.09494950779302	101.62	1.229	0	1.04	29.3	0	0	1.51	0.02	0	0.302	0.308	0.306	0.239	0.155	-16.5	-17	-31	0.207	0.723	1.2	1.538	1.414	11.9	12.2	12.7	12.95	14.9	NA
2025-12-13 06:45:00	-91.2524	32.0987	0	8.8	10.3	98.09494950779302	101.61	1.229	0	1.01	32.3	0	0	1.29	0.02	0	0.302	0.308	0.306	0.239	0.155	-16.5	-17	-30.9	0.207	0.722	1.2	1.538	1.411	11.8	12.2	12.649999999999999	12.95	14.9	NA
2025-12-13 07:00:00	-91.2524	32.0987	0	8.52	10	99.10725137990958	101.61	1.217	0	0.95	28.5	0	0	1.33	0.01	0	0.302	0.308	0.306	0.239	0.155	-16.5	-16.9	-30.8	0.207	0.724	1.197	1.538	1.414	11.7	12.1	12.649999999999999	12.95	14.9	NA
2025-12-13 07:15:00	-91.2524	32.0987	0	8.76	10.7	96.0548435358472	101.61	1.236	0	0.82	54	0	0	1.26	0.05	0	0.302	0.308	0.306	0.239	0.155	-16.5	-16.9	-30.8	0.207	0.72	1.2	1.541	1.414	11.65	12.1	12.649999999999999	12.95	14.9	NA
2025-12-13 07:30:00	-91.2524	32.0987	0	9.19	10.7	98.15312895289239	101.62	1.263	0	0.5	96.2	0	0	1.13	0.02	0	0.303	0.308	0.307	0.239	0.155	-16.5	-16.9	-30.7	0.207	0.719	1.197	1.54	1.411	11.6	12	12.649999999999999	12.95	14.9	NA
2025-12-13 07:45:00	-91.2524	32.0987	0	10.13	10.8	98.50512403445934	101.62	1.276	0	0.38	109.2	0	0	0.83	0.02	0	0.302	0.308	0.307	0.239	0.155	-16.5	-16.9	-30.8	0.208	0.721	1.197	1.54	1.414	11.5	12	12.6	12.95	14.9	NA
2025-12-13 08:00:00	-91.2524	32.0987	0	11.01	11.3	98.4973619278419	101.62	1.319	0	0.64	90.1	0	0	1.69	0.02	0	0.302	0.308	0.307	0.239	0.155	-16.5	-16.9	-30.7	0.209	0.721	1.194	1.535	1.417	11.45	12	12.6	13	14.9	NA
2025-12-13 08:15:00	-91.2524	32.0987	0	11	10.8	99.97189312274675	101.62	1.295	0	0.57	21.9	0	0	1.31	0	0	0.302	0.308	0.306	0.239	0.155	-16.5	-16.9	-30.7	0.21	0.721	1.195	1.538	1.417	11.45	11.9	12.55	13	14.9	NA
2025-12-13 08:30:00	-91.2524	32.0987	0	10.7	11.6	98.17013751160457	101.61	1.341	0	0.89	71.9	0	0	1.57	0.02	0	0.302	0.308	0.307	0.239	0.155	-16.4	-16.9	-30.6	0.21	0.723	1.2	1.535	1.42	11.45	11.9	12.55	13.05	14.9	NA
2025-12-13 08:45:00	-91.2524	32.0987	0	9.8	11.4	99.47864797216178	101.59	1.341	0	0.93	67.2	0	0	1.87	0.01	0	0.302	0.308	0.307	0.239	0.155	-16.4	-16.9	-30.6	0.21	0.724	1.2	1.535	1.416	11.5	11.9	12.55	13.05	14.9	NA
2025-12-13 09:00:00	-91.2524	32.0987	0	9.46	10.7	100	101.6	1.289	0	0.39	260.4	0	0	0.9	0	0	0.302	0.308	0.306	0.239	0.155	-16.4	-16.9	-30.5	0.21	0.724	1.2	1.534	1.416	11.5	11.9	12.55	13.05	14.9	NA
2025-12-13 09:15:00	-91.2524	32.0987	0	10.7	10.6	99.7484066226284	101.6	1.275	0	0.54	321.2	0	0	0.97	0	0	0.302	0.308	0.306	0.239	0.155	-16.4	-16.9	-30.4	0.21	0.721	1.198	1.534	1.419	11.5	11.8	12.5	13.05	14.9	NA
2025-12-13 09:30:00	-91.2524	32.0987	0	10.46	10.7	98.69712887583005	101.58	1.27	0	0.94	57.6	0	0	1.43	0.02	0	0.302	0.308	0.307	0.24	0.155	-16.4	-16.8	-30.4	0.21	0.725	1.198	1.534	1.419	11.5	11.8	12.45	13.05	14.9	NA
2025-12-13 09:45:00	-91.2524	32.0987	0	10.29	10.8	99.81749637661122	101.58	1.293	0	0.58	12.9	0	0	1.21	0	0	0.302	0.308	0.306	0.24	0.155	-16.4	-16.8	-30.4	0.21	0.723	1.198	1.533	1.416	11.45	11.8	12.45	13.05	14.9	NA
2025-12-13 10:00:00	-91.2524	32.0987	0	10.56	10.6	99.7484066226284	101.58	1.275	0	1.23	337.7	0	0	2.1	0	0	0.302	0.308	0.306	0.24	0.155	-16.4	-16.8	-30.4	0.211	0.725	1.196	1.537	1.419	11.45	11.8	12.45	13.05	14.9	NA
2025-12-13 10:15:00	-91.2524	32.0987	0	10.61	10.8	99.89469474967899	101.57	1.294	0	1.7	3.8	0	0	2.84	0	0	0.302	0.308	0.307	0.24	0.155	-16.4	-16.8	-30.3	0.212	0.725	1.195	1.536	1.426	11.45	11.8	12.45	13.05	14.9	NA
2025-12-13 10:30:00	-91.2524	32.0987	0	11	11.1	99.73775332674674	101.58	1.318	0	1.1	29.8	0	0	2.1	0	0	0.302	0.308	0.306	0.24	0.155	-16.4	-16.8	-30.3	0.211	0.725	1.196	1.537	1.422	11.45	11.7	12.4	13.05	14.9	NA
2025-12-13 10:45:00	-91.2524	32.0987	0	11.2	11.2	100	101.58	1.331	0	0.9	28.4	0	0	1.32	0	0	0.302	0.308	0.306	0.24	0.155	-16.4	-16.8	-30.2	0.212	0.725	1.196	1.536	1.423	11.45	11.7	12.4	13.05	14.9	NA
