2026-03-07 23:00:00	-93.1605	31.1727	0	27.51	26.2	71.20625433197155	100.08	2.422	116.8	0.77	228.4	0	0	2.22	0.99	0	0.136	0.235	0.213	0.331	0.265	-31.9	-0.1	-0.8	NA	0.162	0.023	0.201	0.048	26.95	25.7	23.65	21.1	19.5	0.402
2026-03-07 23:15:00	-93.1605	31.1727	0	26.19	25.9	73.25787619140432	100.09	2.448	52.6	0.58	154.1	0	0	2.2	0.89	0	0.136	0.235	0.213	0.331	0.265	-31.9	-0.1	-0.8	NA	0.163	0.023	0.201	0.047	26.75	25.6	23.700000000000003	21.1	19.5	0.416
2026-03-07 23:30:00	-93.1605	31.1727	0	25.57	25.5	73.94227114839478	100.11	2.413	20.6	0.55	156.2	0	0	2.59	0.85	0	0.136	0.235	0.213	0.331	0.265	-32	-0.1	-0.8	NA	0.163	0.023	0.201	0.047	26.55	25.5	23.75	21.1	19.5	0.431
2026-03-07 23:45:00	-93.1605	31.1727	0	24.56	24.6	76.26698908573937	100.15	2.359	0.9	1.01	341.7	0	0	3.6	0.74	0	0.136	0.235	0.213	0.331	0.265	-32	-0.1	-0.8	NA	0.161	0.024	0.202	0.047	26.299999999999997	25.4	23.75	21.2	19.5	NA
2026-03-08 00:00:00	-93.1605	31.1727	0	22.04	21.4	79.13619221789344	100.21	2.017	0	1.39	29.7	25	3	4.31	0.53	0	0.136	0.235	0.213	0.331	0.265	-32.1	-0.1	-0.8	NA	0.162	0.024	0.202	0.048	26.1	25.4	23.799999999999997	21.2	19.5	NA
2026-03-08 00:15:00	-93.1605	31.1727	0	21.22	20.5	79.07477846936305	100.2	1.907	0	1.31	49.2	20	2	5.51	0.5	0	0.136	0.235	0.213	0.331	0.265	-32.2	-0.1	-0.8	NA	0.163	0.023	0.202	0.047	25.75	25.2	23.85	21.2	19.5	NA
2026-03-08 00:30:00	-93.1605	31.1727	0.409	20.4	19.6	83.77883224299497	100.24	1.911	0	0.96	70.2	16	15	3.06	0.36	0.223	0.136	0.235	0.213	0.331	0.265	-32.4	-0.1	-0.8	NA	0.164	0.023	0.202	0.048	25.4	25.1	23.85	21.2	19.5	NA
2026-03-08 00:45:00	-93.1605	31.1727	3.434	19.39	18.2	93.05829156973952	100.3	1.945	0	1.05	10.4	6	43	3.42	0.14	0.036	0.14	0.236	0.214	0.33	0.265	-32.6	-0.1	-0.8	NA	0.167	0.023	0.203	0.047	25.1	25	23.85	21.25	19.5	NA
2026-03-08 01:00:00	-93.1605	31.1727	10.932	18.83	17.8	94.8887476824871	100.36	1.934	0	1.23	25.3	3	11	4.78	0.1	0.006	0.145	0.235	0.214	0.33	0.265	-31.8	-0.1	-0.8	NA	0.169	0.023	0.203	0.047	24.65	24.9	23.85	21.25	19.5	NA
2026-03-08 01:15:00	-93.1605	31.1727	0.749	18.94	17.6	95.74458103728766	100.33	1.927	0	0.71	36.4	3	4	2.56	0.09	0.003	0.172	0.239	0.213	0.33	0.265	-23.1	-0.1	-0.8	0.123	0.181	0.023	0.203	0.047	23.65	24.7	23.85	21.25	19.5	NA
2026-03-08 01:30:00	-93.1605	31.1727	0.085	19.06	17.4	97.1119417284754	100.36	1.93	0	1	37	20	1	3.69	0.06	0	0.188	0.244	0.213	0.33	0.265	-17.5	-0.1	-0.8	0.117	0.186	0.024	0.203	0.048	23.15	24.4	23.799999999999997	21.25	19.5	NA
2026-03-08 01:45:00	-93.1605	31.1727	0.017	18.97	17.2	97.88905850171271	100.38	1.921	0	0.96	23.9	13	8	4.27	0.04	0	0.194	0.247	0.213	0.33	0.265	-14.4	-0.1	-0.8	0.109	0.186	0.024	0.203	0.048	22.950000000000003	24.2	23.75	21.3	19.5	NA
2026-03-08 02:00:00	-93.1605	31.1727	4.438	18.68	17	98.62058383722972	100.48	1.911	0	1.31	326.8	11	4	4.48	0.02	0.006	0.198	0.249	0.213	0.33	0.265	-12.5	-0.1	-0.8	0.11	0.187	0.024	0.203	0.047	22.8	23.9	23.75	21.35	19.5	NA
2026-03-08 02:15:00	-93.1605	31.1727	3.655	18.02	16.5	99.19156033116936	100.45	1.862	0	0.97	8.7	12	1	4.44	0.02	0.003	0.244	0.257	0.213	0.33	0.265	-7.6	-0.1	-0.8	0.148	0.195	0.025	0.204	0.048	22.4	23.7	23.700000000000003	21.35	19.5	NA
2026-03-08 02:30:00	-93.1605	31.1727	1.885	18.12	16.5	98.71211669906381	100.47	1.853	0	0.94	27.1	0	0	5.49	0.02	0.003	0.275	0.263	0.215	0.33	0.265	-1.1	-0.1	-0.8	0.15	0.201	0.025	0.204	0.049	21.9	23.4	23.65	21.35	19.5	NA
2026-03-08 02:45:00	-93.1605	31.1727	0.834	18.17	16.6	98.29806572106675	100.43	1.857	0	0.81	57.3	0	0	2.73	0.02	0.003	0.29	0.267	0.226	0.33	0.265	-0.2	-0.1	-0.8	0.153	0.206	0.029	0.203	0.047	21.55	23.1	23.6	21.35	19.5	NA
2026-03-08 03:00:00	-93.1605	31.1727	0.902	18.11	16.5	99.03174578713417	100.42	1.859	0	0.77	61	17	1	3.69	0.01	0.003	0.293	0.27	0.238	0.33	0.265	-0.2	-0.1	-0.8	0.156	0.207	0.033	0.203	0.047	21.4	22.9	23.5	21.35	19.5	NA
2026-03-08 03:15:00	-93.1605	31.1727	0.579	18.06	16.3	99.86928781695975	100.44	1.851	0	0.87	88.1	0	0	2	0	0.003	0.295	0.271	0.244	0.33	0.265	-0.2	-0.1	-0.8	0.157	0.208	0.033	0.204	0.048	21.25	22.7	23.45	21.45	19.5	NA
2026-03-08 03:30:00	-93.1605	31.1727	0.596	18.13	16.3	99.76137934822182	100.47	1.849	0	0.66	89.3	0	0	1.53	0	0.003	0.295	0.273	0.248	0.33	0.265	-0.2	-0.1	-0.8	0.157	0.209	0.034	0.203	0.049	21.2	22.5	23.35	21.45	19.5	NA
2026-03-08 03:45:00	-93.1605	31.1727	0.902	18.03	16.3	99.76137934822182	100.47	1.849	0	0.94	86	0	0	1.93	0	0.003	0.298	0.275	0.251	0.33	0.265	-0.2	-0.1	-0.8	0.158	0.209	0.036	0.203	0.047	21.05	22.4	23.25	21.45	19.5	NA
2026-03-08 04:00:00	-93.1605	31.1727	0.647	18.1	16.3	99.8153335825908	100.48	1.85	0	0.53	104.1	0	0	1.24	0	0.003	0.3	0.276	0.255	0.33	0.265	-0.2	-0.1	-0.8	0.158	0.211	0.037	0.203	0.049	21	22.2	23.15	21.45	19.5	NA
2026-03-08 04:15:00	-93.1605	31.1727	0.766	18.07	16.4	99.71767499082249	100.46	1.86	0	0.7	85.5	0	0	1.4	0	0.002	0.302	0.278	0.258	0.33	0.265	-0.2	-0.1	-0.8	0.16	0.21	0.04	0.203	0.048	20.85	22.1	23.05	21.45	19.5	NA
2026-03-08 04:30:00	-93.1605	31.1727	0.187	18.06	16.4	100	100.39	1.868	0	0.64	80.8	5	1	1.45	0	0	0.304	0.279	0.261	0.33	0.265	-0.2	-0.1	-0.8	0.159	0.212	0.041	0.203	0.049	20.8	22	22.95	21.45	19.5	NA
2026-03-08 04:45:00	-93.1605	31.1727	0.017	18.09	16.5	99.99063305134526	100.37	1.877	0	0.68	105.8	0	0	1.68	0	0	0.302	0.28	0.262	0.33	0.265	-0.2	-0.1	-0.8	0.154	0.21	0.042	0.203	0.047	20.7	21.9	22.85	21.45	19.5	NA
2026-03-08 05:00:00	-93.1605	31.1727	0	18.18	16.7	99.62153762738883	100.4	1.894	0	0.53	57.9	0	0	1.38	0.01	0	0.299	0.281	0.262	0.33	0.265	-0.2	-0.1	-0.8	0.15	0.21	0.043	0.203	0.049	20.7	21.8	22.8	21.45	19.5	NA
2026-03-08 05:15:00	-93.1605	31.1727	0	18.32	16.8	100	100.4	1.915	0	0.49	21.5	0	0	1.49	0	0	0.297	0.281	0.262	0.33	0.265	-0.2	-0.1	-0.8	0.146	0.208	0.043	0.203	0.048	20.6	21.8	22.75	21.5	19.5	NA
2026-03-08 05:30:00	-93.1605	31.1727	0	18.29	17	99.65271972249637	100.36	1.931	0	0.47	33.2	0	0	1.51	0.01	0	0.295	0.281	0.262	0.33	0.265	-0.2	-0.1	-0.8	0.142	0.208	0.043	0.203	0.048	20.6	21.7	22.65	21.5	19.5	NA
2026-03-08 05:45:00	-93.1605	31.1727	0	18.13	17	99.96236048807638	100.32	1.937	0	0.53	21	0	0	1.76	0	0	0.292	0.281	0.261	0.33	0.265	-0.2	-0.1	-0.8	0.139	0.206	0.044	0.203	0.048	20.6	21.7	22.6	21.5	19.5	NA
2026-03-08 06:00:00	-93.1605	31.1727	0.017	17.87	16.9	99.92294909891069	100.33	1.924	0	0.58	345	0	0	1.48	0	0	0.29	0.281	0.26	0.33	0.265	-0.2	-0.1	-0.8	0.137	0.205	0.042	0.203	0.048	20.6	21.6	22.55	21.5	19.6	NA
2026-03-08 06:15:00	-93.1605	31.1727	0.017	17.66	16.8	99.72269488747413	100.36	1.908	0	0.55	346.6	0	0	1.05	0	0	0.289	0.281	0.26	0.33	0.265	-0.2	-0.1	-0.8	0.134	0.204	0.042	0.203	0.049	20.55	21.6	22.45	21.5	19.6	NA
2026-03-08 06:30:00	-93.1605	31.1727	0	17.54	16.6	99.8331459073408	100.36	1.886	0	0.7	328.3	0	0	1.23	0	0	0.287	0.281	0.259	0.33	0.265	-0.3	-0.1	-0.8	0.131	0.205	0.043	0.203	0.048	20.5	21.5	22.45	21.5	19.6	NA
2026-03-08 06:45:00	-93.1605	31.1727	0	17.72	16.5	100	100.37	1.879	0	0.52	326.4	0	0	1.19	0	0	0.285	0.282	0.259	0.33	0.265	-0.2	-0.1	-0.8	0.131	0.203	0.043	0.202	0.047	20.45	21.4	22.35	21.5	19.6	NA
2026-03-08 07:00:00	-93.1605	31.1727	0	18.07	16.5	100	100.36	1.879	0	0.19	296.2	0	0	0.45	0	0	0.284	0.282	0.258	0.33	0.265	-0.2	-0.1	-0.8	0.126	0.204	0.042	0.203	0.049	20.35	21.4	22.35	21.5	19.6	NA
2026-03-08 07:15:00	-93.1605	31.1727	0	18.32	16.7	99.67413611610448	100.34	1.895	0	0.2	118	0	0	0.62	0	0	0.282	0.282	0.258	0.33	0.265	-0.2	-0.1	-0.8	0.127	0.204	0.042	0.204	0.049	20.35	21.3	22.25	21.5	19.6	NA
2026-03-08 07:30:00	-93.1605	31.1727	0	18.37	16.8	99.77496045083237	100.34	1.909	0	0.35	111.5	0	0	0.99	0	0	0.281	0.282	0.258	0.33	0.265	-0.2	-0.1	-0.8	0.125	0.203	0.042	0.205	0.048	20.35	21.3	22.2	21.5	19.6	NA
2026-03-08 07:45:00	-93.1605	31.1727	0	18.47	16.9	100	100.31	1.928	0	0.34	93.5	0	0	1.05	0	0	0.28	0.282	0.257	0.33	0.265	-0.2	-0.1	-0.8	0.124	0.203	0.042	0.203	0.048	20.3	21.2	22.15	21.5	19.6	NA
2026-03-08 08:00:00	-93.1605	31.1727	0	18.6	17.1	99.74137686307637	100.28	1.945	0	0.38	131	0	0	0.92	0	0	0.279	0.282	0.257	0.33	0.265	-0.2	-0.1	-0.8	0.123	0.203	0.042	0.204	0.048	20.3	21.2	22.15	21.5	19.6	NA
2026-03-08 08:15:00	-93.1605	31.1727	0	18.66	17.2	100	100.23	1.963	0	0.49	136	0	0	1.43	0	0	0.278	0.282	0.257	0.33	0.265	-0.2	-0.1	-0.8	0.123	0.202	0.042	0.203	0.048	20.3	21.2	22.05	21.5	19.6	NA
2026-03-08 08:30:00	-93.1605	31.1727	0	18.81	17.4	99.98001461890188	100.24	1.987	0	0.41	119.9	24	1	1.25	0	0	0.277	0.282	0.257	0.33	0.265	-0.2	-0.1	-0.8	0.122	0.203	0.043	0.204	0.049	20.3	21.1	22.05	21.450000000000003	19.6	NA
2026-03-08 08:45:00	-93.1605	31.1727	0.068	18.94	17.6	99.62007523599468	100.28	2.005	0	0.6	304	20	2	1.55	0	0	0.276	0.281	0.257	0.33	0.265	-0.2	-0.1	-0.8	0.12	0.204	0.042	0.203	0.048	20.3	21.1	21.95	21.450000000000003	19.6	NA
2026-03-08 09:00:00	-93.1605	31.1727	0.511	18.79	17.5	100	100.32	2.003	0	0.82	349.1	17	3	2.36	0	0.016	0.277	0.281	0.257	0.33	0.265	-0.2	-0.1	-0.8	0.122	0.203	0.042	0.203	0.049	20.3	21.1	21.95	21.450000000000003	19.6	NA
2026-03-08 09:15:00	-93.1605	31.1727	0.477	18.71	17.4	99.77874634588949	100.23	1.983	0	0.66	116.4	0	0	2.05	0	0.029	0.281	0.282	0.257	0.33	0.265	-0.2	-0.1	-0.8	0.127	0.207	0.042	0.203	0.049	20.3	21	21.9	21.450000000000003	19.6	NA
2026-03-08 09:30:00	-93.1605	31.1727	2.872	18.54	17.4	100	100.25	1.99	0	0.57	355.5	17	1	2.05	0	0.018	0.292	0.282	0.256	0.33	0.265	-0.2	-0.1	-0.8	0.142	0.21	0.042	0.204	0.049	20.3	21	21.85	21.450000000000003	19.6	NA
2026-03-08 09:45:00	-93.1605	31.1727	4.626	18.46	17.5	100	100.24	2.001	0	0.9	134.3	6	5	2.39	0	0.006	0.333	0.285	0.258	0.33	0.265	-0.1	-0.1	-0.8	0.169	0.224	0.043	0.203	0.048	20.2	21	21.85	21.450000000000003	19.6	NA
2026-03-08 10:00:00	-93.1605	31.1727	12.272	18.41	17.6	99.91819017435677	100.25	2.011	0	0.88	151.9	5	4	2.76	0	0.005	0.342	0.291	0.285	0.331	0.265	-0.1	-0.1	-0.8	0.209	0.236	0.103	0.208	0.047	20	20.8	21.75	21.450000000000003	19.6	NA
2026-03-08 10:15:00	-93.1605	31.1727	3.706	18.46	17.7	99.68518343961591	100.27	2.019	0	0.76	164.4	5	2	1.53	0	0.004	0.343	0.294	0.314	0.339	0.265	-0.1	-0.1	-0.5	0.211	0.238	0.122	0.247	0.048	19.75	20.5	21.5	21.5	19.6	NA
2026-03-08 10:30:00	-93.1605	31.1727	1.685	18.6	17.7	99.73455698267664	100.26	2.02	0	0.43	229.7	1	3	1.24	0	0.005	0.342	0.296	0.316	0.344	0.277	-0.1	-0.1	-0.2	0.197	0.238	0.121	0.243	0.064	19.549999999999997	20.3	21.299999999999997	21.6	19.6	NA
2026-03-08 10:45:00	-93.1605	31.1727	1.651	18.66	17.7	99.78393052573736	100.27	2.021	0	0.37	300.7	9	2	1.2	0	0.006	0.342	0.296	0.316	0.344	0.29	-0.1	-0.1	-0.3	0.181	0.237	0.121	0.243	0.075	19.5	20.1	21.15	21.55	19.7	NA
2026-03-08 11:00:00	-93.1605	31.1727	5.102	18.62	17.7	99.98142469798029	100.29	2.025	0	0.45	NA	6	5	1.17	0	0.006	0.343	0.296	0.32	0.345	0.353	-0.1	-0.1	-0.3	0.17	0.236	0.12	0.244	0.065	19.450000000000003	20	21.05	21.5	19.8	NA
2026-03-08 11:15:00	-93.1605	31.1727	6.494	18.59	17.8	100	100.33	2.039	0	0.8	231.6	3	11	2.15	0	0.006	0.343	0.297	0.323	0.347	0.442	-0.1	-0.1	-0.3	0.16	0.232	0.116	0.246	0.09	19.4	19.9	20.9	21.45	20	NA
2026-03-08 11:30:00	-93.1605	31.1727	4.319	18.59	17.9	100	100.38	2.053	0	0.82	297.4	2	5	2.69	0	0.006	0.344	0.298	0.323	0.35	0.432	-0.1	-0.1	-0.3	0.154	0.234	0.114	0.246	0.107	19.35	19.8	20.700000000000003	21.35	20.1	NA
2026-03-08 11:45:00	-93.1605	31.1727	1.226	18.66	17.9	99.99769780963598	100.38	2.051	0	0.69	321.2	5	1	1.93	0	0.009	0.343	0.298	0.321	0.349	0.433	-0.1	-0.1	-0.3	0.147	0.233	0.111	0.246	0.107	19.299999999999997	19.8	20.700000000000003	21.299999999999997	20.2	NA
2026-03-08 12:00:00	-93.1605	31.1727	0.868	18.76	17.9	99.99769780963598	100.39	2.051	0	0.71	317.9	0	0	1.42	0	0.007	0.342	0.297	0.318	0.348	0.433	-0.1	-0.1	-0.3	0.144	0.233	0.108	0.243	0.107	19.299999999999997	19.8	20.65	21.25	20.2	NA
2026-03-08 12:15:00	-93.1605	31.1727	1.038	18.73	17.8	100	100.37	2.044	0	0.79	339.5	0	0	1.55	0	0.008	0.342	0.297	0.318	0.348	0.433	-0.1	-0.1	-0.3	0.144	0.231	0.108	0.241	0.107	19.299999999999997	19.8	20.7	21.25	20.2	NA
2026-03-08 12:30:00	-93.1605	31.1727	0.034	18.59	17.6	99.62007523599468	100.4	2.005	0	0.88	327.1	0	0	2.01	0	0	0.339	0.293	0.315	0.347	0.434	-0.1	-0.1	-0.3	0.143	0.229	0.103	0.24	0.106	19.35	19.8	20.7	21.2	20.2	NA
2026-03-08 12:45:00	-93.1605	31.1727	0.034	18.52	17.4	100	100.42	1.988	0	0.79	319.6	0	0	1.55	0	0	0.335	0.291	0.313	0.346	0.433	-0.1	-0.1	-0.3	0.144	0.222	0.1	0.239	0.105	19.4	19.9	20.7	21.2	20.2	NA
2026-03-08 13:00:00	-93.1605	31.1727	0	18.56	17.4	100	100.44	1.99	0	0.49	305.3	0	0	1.19	0	0	0.333	0.29	0.312	0.345	0.433	-0.1	-0.1	-0.3	0.142	0.218	0.099	0.239	0.106	19.4	19.9	20.8	21.2	20.2	NA
2026-03-08 13:15:00	-93.1605	31.1727	0	18.58	17.4	100	100.46	1.991	0	0.6	321.7	0	0	1.39	0	0	0.331	0.289	0.312	0.345	0.432	-0.1	-0.1	-0.3	0.142	0.216	0.098	0.238	0.106	19.5	20	20.8	21.2	20.1	NA
2026-03-08 13:30:00	-93.1605	31.1727	0.017	18.53	17.3	100	100.48	1.975	6.6	0.65	319.6	0	0	1.7	0	0	0.33	0.289	0.311	0.344	0.431	-0.1	-0.1	-0.3	0.144	0.216	0.099	0.238	0.105	19.5	20	20.8	21.2	20.1	NA
2026-03-08 13:45:00	-93.1605	31.1727	0	18.67	17.3	99.65178293676269	100.46	1.968	13.9	0.39	314.6	0	0	1.19	0	0	0.329	0.289	0.311	0.344	0.431	-0.1	-0.1	-0.3	0.145	0.213	0.095	0.236	0.105	19.549999999999997	20	20.9	21.2	20	NA
2026-03-08 14:00:00	-93.1605	31.1727	0	18.57	17.2	100	100.48	1.966	9.9	0.67	330.1	0	0	1.31	0	0	0.328	0.288	0.311	0.344	0.431	-0.1	-0.1	-0.3	0.147	0.211	0.097	0.236	0.106	19.6	20.1	20.9	21.15	20	NA
2026-03-08 14:15:00	-93.1605	31.1727	0.051	18.69	17.1	99.94650051729349	100.5	1.949	30.1	0.63	331.8	0	0	1.53	0	0.006	0.327	0.288	0.311	0.343	0.431	-0.1	-0.1	-0.3	0.147	0.213	0.096	0.235	0.105	19.6	20.1	20.9	21.15	20	-0.048
2026-03-08 14:30:00	-93.1605	31.1727	0	18.92	17.1	99.74137686307637	100.51	1.945	47.2	0.7	328.2	0	0	1.97	0	0	0.315	0.288	0.311	0.343	0.432	-0.1	-0.1	-0.3	0.152	0.211	0.095	0.236	0.105	19.65	20.1	20.9	21.15	19.9	0.062
2026-03-08 14:45:00	-93.1605	31.1727	0	19.38	16.8	100	100.52	1.916	97.8	0.57	336.9	0	0	1.7	0	0	0.311	0.287	0.311	0.343	0.432	-0.1	-0.1	-0.3	0.153	0.211	0.095	0.233	0.104	19.700000000000003	20.2	20.9	21.15	19.9	0.212
2026-03-08 15:00:00	-93.1605	31.1727	0	19.67	16.9	99.7671440847232	100.53	1.921	116.6	0.79	333.7	0	0	2.55	0	0	0.31	0.287	0.311	0.343	0.432	-0.1	-0.1	-0.3	0.152	0.21	0.093	0.235	0.103	19.799999999999997	20.2	20.9	21.15	19.9	0.243
2026-03-08 15:15:00	-93.1605	31.1727	0	19.85	16.9	100	100.54	1.929	122.6	0.72	338.9	0	0	2.34	0	0	0.309	0.287	0.311	0.342	0.432	-0.1	-0.1	-0.3	0.151	0.21	0.093	0.235	0.104	19.9	20.2	20.9	21.15	19.9	0.26
2026-03-08 15:30:00	-93.1605	31.1727	0	19.53	17	99.54950613396971	100.54	1.929	85.4	0.65	334.3	0	0	2.03	0	0	0.308	0.287	0.31	0.342	0.432	-0.1	-0.1	-0.3	0.151	0.21	0.094	0.236	0.105	20.049999999999997	20.2	20.9	21.15	19.8	0.185
2026-03-08 15:45:00	-93.1605	31.1727	0	19.46	16.9	99.87101409418153	100.56	1.923	82.4	0.67	329.9	0	0	2.08	0	0	0.307	0.287	0.31	0.342	0.433	-0.1	-0.1	-0.3	0.15	0.21	0.093	0.235	0.103	20.1	20.3	20.9	21.15	19.8	0.181
2026-03-08 16:00:00	-93.1605	31.1727	0	19.09	16.9	99.7671440847232	100.58	1.921	55.5	0.62	331.4	0	0	1.73	0	0	0.306	0.286	0.31	0.342	0.433	-0.1	-0.1	-0.3	0.15	0.208	0.093	0.235	0.104	20.200000000000003	20.3	20.9	21.1	19.8	0.124
2026-03-08 16:15:00	-93.1605	31.1727	0	19.41	16.8	100	100.59	1.917	82.4	0.46	340	0	0	1.87	0	0	0.305	0.286	0.31	0.342	0.433	-0.1	-0.1	-0.3	0.149	0.207	0.094	0.234	0.105	20.25	20.4	20.95	21.1	19.8	0.226
2026-03-08 16:30:00	-93.1605	31.1727	0	19.61	16.9	99.97488410363985	100.59	1.925	84.2	0.48	336.8	0	0	1.39	0	0	0.304	0.286	0.31	0.341	0.433	-0.1	-0.1	-0.3	0.15	0.208	0.093	0.233	0.105	20.25	20.4	20.95	21.05	19.8	0.218
2026-03-08 16:45:00	-93.1605	31.1727	0	19.78	16.8	100	100.59	1.914	96.1	0.37	350	0	0	1.82	0	0	0.303	0.286	0.31	0.341	0.433	-0.1	-0.1	-0.3	0.149	0.208	0.093	0.234	0.104	20.299999999999997	20.4	20.95	21.05	19.8	0.228
2026-03-08 17:00:00	-93.1605	31.1727	0	19.76	16.9	100	100.58	1.931	85.6	0.4	345.2	0	0	1.32	0	0	0.303	0.286	0.31	0.341	0.433	-0.1	-0.1	-0.3	0.148	0.208	0.092	0.232	0.105	20.35	20.4	20.95	21.05	19.8	0.222
2026-03-08 17:15:00	-93.1605	31.1727	0	19.88	16.9	99.7671440847232	100.58	1.921	106.8	0.41	356.7	0	0	1.5	0	0	0.302	0.286	0.31	0.341	0.433	-0.1	-0.1	-0.3	0.149	0.208	0.092	0.232	0.104	20.4	20.5	20.95	21.05	19.8	0.248
2026-03-08 17:30:00	-93.1605	31.1727	0	20.05	17	99.60111292823305	100.57	1.93	115.2	0.43	3.7	0	0	1.65	0	0	0.301	0.286	0.31	0.341	0.433	-0.1	-0.1	-0.3	0.147	0.208	0.091	0.23	0.103	20.5	20.5	20.95	21.05	19.8	0.29
2026-03-08 17:45:00	-93.1605	31.1727	0	20.12	17	99.96236048807638	100.57	1.937	111.3	0.37	335.2	0	0	1.64	0	0	0.3	0.286	0.31	0.34	0.433	-0.1	-0.1	-0.3	0.147	0.208	0.092	0.231	0.103	20.5	20.5	20.95	21.05	19.8	0.263
2026-03-08 18:00:00	-93.1605	31.1727	0	19.83	17	100	100.58	1.939	72.1	0.21	116.1	0	0	0.81	0	0	0.3	0.285	0.31	0.34	0.433	-0.1	-0.1	-0.3	0.146	0.21	0.09	0.231	0.103	20.6	20.6	20.95	21	19.8	0.199
2026-03-08 18:15:00	-93.1605	31.1727	0	19.98	17.1	99.63881503596781	100.55	1.943	80.7	0.25	290.6	0	0	1.18	0	0	0.299	0.285	0.309	0.34	0.433	-0.1	-0.1	-0.3	0.146	0.208	0.091	0.232	0.103	20.65	20.6	20.95	21	19.8	0.303
2026-03-08 18:30:00	-93.1605	31.1727	0	20.13	17	100	100.52	1.942	118.7	0.43	10.6	0	0	2.29	0	0	0.299	0.285	0.309	0.34	0.433	-0.1	-0.1	-0.3	0.146	0.209	0.091	0.232	0.103	20.700000000000003	20.6	20.95	21	19.8	0.354
2026-03-08 18:45:00	-93.1605	31.1727	0	20.57	17.4	99.77874634588949	100.5	1.983	129.3	0.29	57.7	0	0	1.1	0	0	0.298	0.285	0.309	0.34	0.433	-0.1	-0.1	-0.3	0.145	0.208	0.091	0.231	0.103	20.700000000000003	20.7	20.95	20.95	19.8	0.334
2026-03-08 19:00:00	-93.1605	31.1727	0	20.51	17.6	99.91819017435677	100.49	2.011	122.3	0.44	338.6	0	0	1.83	0	0	0.298	0.285	0.309	0.34	0.433	-0.1	-0.1	-0.3	0.145	0.208	0.09	0.23	0.102	20.799999999999997	20.7	20.95	20.95	19.8	0.322
2026-03-08 19:15:00	-93.1605	31.1727	1.413	19.83	17.6	100	100.48	2.016	69.2	0.44	323.1	0	0	1.43	0	0.01	0.301	0.285	0.309	0.34	0.433	-0.1	-0.1	-0.3	0.153	0.21	0.09	0.23	0.103	20.85	20.7	21	20.95	19.8	0.292
2026-03-08 19:30:00	-93.1605	31.1727	0.238	21.63	17.3	100	100.45	1.975	245	0.27	322.9	0	0	1.26	0	0	0.312	0.286	0.309	0.34	0.433	-0.1	-0.1	-0.3	0.166	0.214	0.09	0.231	0.104	20.9	20.8	21	20.95	19.8	0.41
2026-03-08 19:45:00	-93.1605	31.1727	0	21.08	17.9	99.70516432018798	100.44	2.045	138.4	0.37	331.8	0	0	1.63	0	0	0.313	0.287	0.309	0.34	0.433	-0.1	-0.1	-0.3	0.165	0.216	0.092	0.231	0.104	21	20.8	21	20.95	19.8	0.378
2026-03-08 20:00:00	-93.1605	31.1727	0	21.69	17.7	100	100.43	2.029	194.2	0.35	322.5	0	0	1.23	0	0	0.312	0.287	0.309	0.34	0.434	-0.1	-0.1	-0.3	0.166	0.216	0.093	0.231	0.103	21.1	20.8	21.05	20.95	19.8	0.437
2026-03-08 20:15:00	-93.1605	31.1727	0	21.23	18.2	99.75657476756139	100.42	2.085	130.8	0.45	323.6	0	0	1.39	0	0	0.309	0.287	0.31	0.34	0.434	-0.1	-0.1	-0.3	0.165	0.215	0.091	0.231	0.104	21.25	20.9	21.05	20.95	19.8	0.452
2026-03-08 20:30:00	-93.1605	31.1727	0	21.03	18.3	99.94080172331655	100.42	2.102	100.7	0.39	331.6	0	0	1.38	0	0	0.307	0.286	0.31	0.34	0.434	-0.1	-0.1	-0.3	0.162	0.214	0.09	0.233	0.104	21.4	20.9	21.05	20.95	19.8	0.45
2026-03-08 20:45:00	-93.1605	31.1727	0	21.18	18.5	99.96350307231829	100.4	2.129	97.8	0.44	326.3	0	0	0.99	0	0	0.305	0.286	0.31	0.341	0.434	-0.1	-0.1	-0.3	0.161	0.213	0.092	0.232	0.104	21.4	21	21.05	20.9	19.8	0.454
2026-03-08 21:00:00	-93.1605	31.1727	0	20.41	18.5	100	100.42	2.132	39	0.64	297.4	0	0	1.45	0	0	0.304	0.286	0.31	0.341	0.434	-0.1	-0.1	-0.3	0.161	0.212	0.092	0.231	0.103	21.450000000000003	21	21.05	20.9	19.8	0.431
2026-03-08 21:15:00	-93.1605	31.1727	0	20.46	18.4	100	100.43	2.117	64.4	0.52	309.7	0	0	1.24	0	0	0.303	0.286	0.309	0.341	0.434	-0.1	-0.1	-0.3	0.159	0.212	0.091	0.231	0.102	21.4	21.1	21.05	20.9	19.8	0.418
2026-03-08 21:30:00	-93.1605	31.1727	0	20.86	18.3	100	100.43	2.105	96.8	0.21	305.4	0	0	0.56	0	0	0.302	0.286	0.309	0.341	0.434	-0.1	-0.1	-0.3	0.158	0.212	0.091	0.233	0.104	21.4	21.1	21.1	20.85	19.8	0.453
2026-03-08 21:45:00	-93.1605	31.1727	0.017	20.88	18.3	99.65552826454402	100.41	2.096	104.1	0.18	3.8	0	0	0.66	0	0	0.301	0.285	0.309	0.34	0.434	-0.1	-0.1	-0.3	0.155	0.212	0.091	0.232	0.103	21.4	21.2	21.15	20.85	19.8	0.489
2026-03-08 22:00:00	-93.1605	31.1727	0	21.27	18.4	99.74132428357726	100.38	2.111	116.4	0.22	55.4	0	0	0.72	0	0	0.301	0.285	0.309	0.34	0.434	-0.1	-0.1	-0.3	0.156	0.211	0.091	0.232	0.102	21.4	21.2	21.15	20.85	19.8	0.484
2026-03-08 22:15:00	-93.1605	31.1727	0	20.9	18.6	99.99286497625738	100.36	2.143	72.4	0.25	347.4	0	0	0.93	0	0	0.3	0.285	0.309	0.34	0.435	-0.1	-0.1	-0.3	0.154	0.212	0.09	0.231	0.102	21.5	21.2	21.15	20.85	19.8	0.488
2026-03-08 22:30:00	-93.1605	31.1727	0	20.73	18.7	99.92571739753265	100.36	2.155	57.2	0.31	327.3	0	0	1.04	0	0	0.299	0.285	0.309	0.34	0.434	-0.1	-0.1	-0.3	0.152	0.212	0.092	0.232	0.102	21.5	21.2	21.15	20.85	19.8	0.487
2026-03-08 22:45:00	-93.1605	31.1727	0	20.84	18.7	99.92571739753265	100.36	2.155	67.4	0.22	347	0	0	0.93	0	0	0.298	0.285	0.309	0.34	0.434	-0.1	-0.1	-0.3	0.152	0.212	0.092	0.23	0.102	21.5	21.2	21.2	20.85	19.8	0.479
2026-03-08 23:00:00	-93.1605	31.1727	0	20.58	18.9	99.96694444083856	100.37	2.183	37.8	0.32	334	0	0	1.21	0	0	0.298	0.285	0.309	0.34	0.434	-0.1	-0.1	-0.3	0.152	0.211	0.092	0.23	0.102	21.5	21.3	21.2	20.85	19.8	0.497
2026-03-08 23:15:00	-93.1605	31.1727	0	20.55	18.9	100	100.37	2.185	33.1	0.16	323.6	0	0	0.42	0	0	0.298	0.285	0.309	0.34	0.434	-0.1	-0.1	-0.3	0.15	0.211	0.093	0.23	0.102	21.450000000000003	21.3	21.25	20.85	19.8	0.496
2026-03-08 23:30:00	-93.1605	31.1727	0	20.55	19	99.89108350064092	100.37	2.195	27.2	0.22	357.6	0	0	0.58	0	0	0.297	0.285	0.309	0.34	0.434	-0.1	-0.1	-0.3	0.149	0.212	0.093	0.231	0.102	21.450000000000003	21.3	21.25	20.85	19.8	0.452
2026-03-08 23:45:00	-93.1605	31.1727	0	20.44	19.1	99.81278278665323	100.38	2.207	17.8	0.36	327.6	0	0	1.13	0	0	0.297	0.285	0.309	0.34	0.434	-0.1	-0.1	-0.3	0.149	0.212	0.091	0.229	0.103	21.4	21.3	21.25	20.85	19.8	0.353
2026-03-09 00:00:00	-93.1605	31.1727	0	20.11	19.1	99.6771061448952	100.37	2.204	13.8	0.2	326.1	0	0	0.45	0	0	0.297	0.285	0.309	0.34	0.434	-0.1	-0.1	-0.3	0.147	0.212	0.091	0.231	0.102	21.35	21.3	21.25	20.85	19.8	0.22
2026-03-09 00:15:00	-93.1605	31.1727	0	19.91	19	99.89108350064092	100.38	2.195	0	0.15	292.7	0	0	0.37	0	0	0.296	0.285	0.309	0.339	0.434	-0.1	-0.1	-0.3	0.146	0.211	0.093	0.23	0.103	21.299999999999997	21.3	21.25	20.85	19.8	NA
2026-03-09 00:30:00	-93.1605	31.1727	0	19.39	18.9	99.78377092834963	100.38	2.179	0	0.2	313.5	0	0	0.47	0	0	0.296	0.285	0.309	0.339	0.434	-0.1	-0.1	-0.3	0.145	0.211	0.092	0.23	0.102	21.25	21.3	21.25	20.85	19.8	NA
2026-03-09 00:45:00	-93.1605	31.1727	0	19.07	18.7	99.92571739753265	100.38	2.155	0	0.21	348.4	0	0	0.42	0	0	0.296	0.285	0.309	0.339	0.434	-0.1	-0.1	-0.3	0.144	0.211	0.093	0.229	0.102	21.15	21.3	21.3	20.85	19.8	NA
2026-03-09 01:00:00	-93.1605	31.1727	0	19.04	18.6	99.75956384472154	100.36	2.138	0	0.17	337	0	0	0.34	0	0	0.295	0.285	0.309	0.339	0.434	-0.1	-0.1	-0.3	0.141	0.211	0.092	0.229	0.103	21	21.2	21.3	20.85	19.8	NA
2026-03-09 01:15:00	-93.1605	31.1727	0	19.13	18.5	99.82264327465883	100.36	2.126	0	0.28	300	0	0	0.63	0	0	0.295	0.285	0.309	0.339	0.434	-0.1	-0.1	-0.3	0.143	0.211	0.092	0.229	0.102	20.9	21.2	21.3	20.85	19.8	NA
2026-03-09 01:30:00	-93.1605	31.1727	0	19.19	18.5	99.9165498064318	100.38	2.128	0	0.26	304.9	0	0	0.52	0	0	0.294	0.284	0.309	0.339	0.434	-0.1	-0.1	-0.3	0.142	0.212	0.092	0.229	0.103	20.8	21.2	21.3	20.85	19.8	NA
2026-03-09 01:45:00	-93.1605	31.1727	0	18.99	18.5	99.77569000877236	100.39	2.125	0	0.22	321.5	0	0	0.56	0	0	0.294	0.284	0.308	0.339	0.434	-0.1	-0.1	-0.3	0.139	0.211	0.092	0.228	0.102	20.75	21.1	21.3	20.85	19.8	NA
2026-03-09 02:00:00	-93.1605	31.1727	0	19.24	18.4	100	100.39	2.122	0	0.3	319.3	0	0	0.77	0	0	0.294	0.284	0.308	0.339	0.434	-0.1	-0.1	-0.3	0.138	0.211	0.092	0.227	0.103	20.65	21.1	21.3	20.85	19.8	NA
2026-03-09 02:15:00	-93.1605	31.1727	0	19.4	18.6	99.61958316580004	100.38	2.135	0	0.57	131.1	0	0	1.89	0	0	0.294	0.285	0.308	0.339	0.433	-0.1	-0.1	-0.3	0.138	0.211	0.092	0.227	0.103	20.6	21	21.25	20.85	19.8	NA
2026-03-09 02:30:00	-93.1605	31.1727	0	19.46	18.5	100	100.37	2.13	0	0.29	13.9	0	0	0.89	0	0	0.294	0.285	0.307	0.339	0.433	-0.1	-0.1	-0.3	0.138	0.211	0.091	0.228	0.104	20.549999999999997	21	21.25	20.85	19.8	NA
2026-03-09 02:45:00	-93.1605	31.1727	0	19.49	18.5	100	100.37	2.133	0	0.23	334.1	0	0	0.68	0	0	0.294	0.285	0.307	0.339	0.433	-0.1	-0.1	-0.3	0.137	0.211	0.093	0.227	0.103	20.549999999999997	21	21.25	20.85	19.8	NA
2026-03-09 03:00:00	-93.1605	31.1727	0	19.49	18.6	99.85288429733588	100.38	2.14	0	0.21	304.8	0	0	0.52	0	0	0.293	0.285	0.307	0.338	0.433	-0.1	-0.1	-0.3	0.136	0.21	0.093	0.228	0.102	20.5	20.9	21.25	20.799999999999997	19.8	NA
2026-03-09 03:15:00	-93.1605	31.1727	0.017	19.53	18.6	99.85288429733588	100.41	2.14	0	0.24	282.2	0	0	0.56	0	0	0.293	0.285	0.307	0.338	0.433	-0.1	-0.1	-0.3	0.135	0.212	0.093	0.228	0.103	20.450000000000003	20.9	21.25	20.799999999999997	19.8	NA
2026-03-09 03:30:00	-93.1605	31.1727	0	19.56	18.6	100	100.42	2.147	0	0.24	258.7	0	0	0.72	0	0	0.293	0.285	0.307	0.338	0.433	-0.1	-0.1	-0.3	0.134	0.21	0.093	0.228	0.103	20.450000000000003	20.9	21.25	20.799999999999997	19.8	NA
2026-03-09 03:45:00	-93.1605	31.1727	0	19.48	18.7	99.69387118547343	100.41	2.15	0	0.19	238.5	0	0	0.54	0	0	0.293	0.285	0.307	0.338	0.433	-0.1	-0.1	-0.3	0.132	0.211	0.091	0.227	0.103	20.450000000000003	20.8	21.25	20.799999999999997	19.8	NA
2026-03-09 04:00:00	-93.1605	31.1727	0	19.42	18.6	100	100.42	2.149	0	0.24	234.2	0	0	1	0	0	0.292	0.285	0.307	0.338	0.433	-0.1	-0.1	-0.3	0.132	0.211	0.091	0.226	0.103	20.450000000000003	20.8	21.2	20.799999999999997	19.8	NA
2026-03-09 04:15:00	-93.1605	31.1727	0	19.37	18.6	99.89954452364304	100.41	2.141	0	0.28	230.4	0	0	0.79	0	0	0.292	0.285	0.306	0.338	0.432	-0.1	-0.1	-0.3	0.135	0.211	0.091	0.226	0.103	20.450000000000003	20.8	21.15	20.799999999999997	19.8	NA
2026-03-09 04:30:00	-93.1605	31.1727	0	19.18	18.6	99.94620474995021	100.42	2.142	0	0.25	265.1	0	0	0.68	0	0	0.292	0.285	0.306	0.338	0.432	-0.1	-0.1	-0.3	0.137	0.212	0.091	0.225	0.103	20.4	20.8	21.15	20.799999999999997	19.8	NA
2026-03-09 04:45:00	-93.1605	31.1727	0	19.55	18.7	99.83297891270898	100.42	2.153	0	0.25	265.3	0	0	0.58	0	0	0.292	0.285	0.306	0.338	0.432	-0.1	-0.1	-0.3	0.136	0.211	0.091	0.226	0.103	20.35	20.7	21.15	20.799999999999997	19.8	NA
2026-03-09 05:00:00	-93.1605	31.1727	0	19.64	18.8	99.6256048795809	100.41	2.162	0	0.28	255.3	0	0	0.71	0	0	0.292	0.285	0.306	0.338	0.432	-0.1	-0.1	-0.3	0.134	0.212	0.092	0.226	0.103	20.35	20.7	21.15	20.799999999999997	19.8	NA
2026-03-09 05:15:00	-93.1605	31.1727	0	19.7	18.8	100	100.41	2.176	0	0.3	259.5	0	0	0.58	0	0	0.291	0.285	0.306	0.338	0.432	-0.1	-0.1	-0.3	0.134	0.21	0.091	0.225	0.104	20.35	20.7	21.15	20.799999999999997	19.8	NA
2026-03-09 05:30:00	-93.1605	31.1727	0	19.72	18.9	100	100.41	2.187	0	0.42	265	0	0	0.75	0	0	0.291	0.285	0.306	0.338	0.432	-0.1	-0.1	-0.3	0.135	0.211	0.091	0.226	0.103	20.35	20.7	21.15	20.799999999999997	19.8	NA
2026-03-09 05:45:00	-93.1605	31.1727	0	19.69	19.1	99.81278278665323	100.39	2.207	0	0.36	225	0	0	1.2	0	0	0.291	0.285	0.306	0.338	0.432	-0.1	-0.1	-0.3	0.131	0.212	0.091	0.225	0.103	20.35	20.7	21.15	20.799999999999997	19.8	NA
2026-03-09 06:00:00	-93.1605	31.1727	0	19.74	19.1	100	100.37	2.217	0	0.39	226.1	0	0	1.38	0	0	0.291	0.285	0.306	0.338	0.432	-0.1	-0.1	-0.3	0.13	0.211	0.091	0.223	0.103	20.35	20.7	21.1	20.75	19.8	NA
2026-03-09 06:15:00	-93.1605	31.1727	0	19.67	19.1	99.94845942841125	100.37	2.21	0	0.44	211.9	0	0	1.24	0	0	0.291	0.285	0.306	0.338	0.432	-0.1	-0.1	-0.3	0.131	0.21	0.091	0.224	0.103	20.35	20.7	21.05	20.75	19.8	NA
2026-03-09 06:30:00	-93.1605	31.1727	0	19.65	19.1	99.90323388115858	100.38	2.209	0	0.36	239.2	0	0	1.04	0	0	0.29	0.285	0.306	0.338	0.432	-0.1	-0.1	-0.3	0.13	0.21	0.09	0.224	0.103	20.35	20.6	21.05	20.75	19.8	NA
2026-03-09 06:45:00	-93.1605	31.1727	0	19.55	19.1	100	100.36	2.213	0	0.31	250.4	0	0	0.96	0	0	0.29	0.285	0.306	0.338	0.432	-0.1	-0.1	-0.3	0.13	0.21	0.091	0.224	0.104	20.35	20.6	21.05	20.75	19.8	NA
2026-03-09 07:00:00	-93.1605	31.1727	0	19.37	19.2	99.59724607032562	100.34	2.216	0	0.33	232.7	0	0	1.05	0	0	0.29	0.285	0.306	0.338	0.432	-0.1	-0.1	-0.3	0.128	0.21	0.091	0.225	0.104	20.35	20.6	21.05	20.75	19.8	NA
2026-03-09 07:15:00	-93.1605	31.1727	0	19.42	19.2	99.82196909846265	100.32	2.221	0	0.35	282.4	0	0	1.09	0	0	0.29	0.285	0.306	0.338	0.432	-0.1	-0.1	-0.3	0.128	0.211	0.091	0.223	0.102	20.3	20.6	21.05	20.75	19.8	NA
2026-03-09 07:30:00	-93.1605	31.1727	0	19.68	19.2	99.50735685907081	100.36	2.214	0	1.01	301	0	0	1.82	0	0	0.29	0.285	0.306	0.337	0.432	-0.1	-0.1	-0.3	0.127	0.209	0.087	0.224	0.103	20.25	20.6	21.05	20.75	19.8	NA
2026-03-09 07:45:00	-93.1605	31.1727	0	19.87	19.3	100	100.39	2.241	0	0.83	277.3	0	0	1.59	0	0	0.289	0.285	0.306	0.337	0.431	-0.1	-0.1	-0.3	0.126	0.208	0.087	0.223	0.103	20.25	20.6	21.05	20.75	19.8	NA
2026-03-09 08:00:00	-93.1605	31.1727	0	19.85	19.3	99.73834319330925	100.41	2.233	0	0.81	301.9	0	0	1.45	0	0	0.289	0.285	0.306	0.337	0.431	-0.1	-0.1	-0.3	0.126	0.208	0.087	0.222	0.104	20.25	20.6	21.05	20.75	19.8	NA
2026-03-09 08:15:00	-93.1605	31.1727	0	19.49	19.2	100	100.38	2.225	0	0.38	258	0	0	0.74	0	0	0.289	0.285	0.305	0.337	0.431	-0.1	-0.1	-0.3	0.125	0.209	0.087	0.222	0.104	20.25	20.6	21	20.75	19.8	NA
2026-03-09 08:30:00	-93.1605	31.1727	0	19.12	19	100	100.35	2.202	0	0.31	256.7	0	0	0.52	0	0	0.288	0.285	0.305	0.337	0.431	-0.1	-0.1	-0.3	0.125	0.209	0.086	0.223	0.104	20.25	20.6	20.95	20.75	19.8	NA
2026-03-09 08:45:00	-93.1605	31.1727	0	19.08	19	99.52701577034247	100.32	2.187	0	0.31	270.6	0	0	0.47	0	0	0.288	0.285	0.305	0.337	0.431	-0.1	-0.1	-0.3	0.123	0.208	0.087	0.223	0.103	20.25	20.6	20.95	20.75	19.8	NA
2026-03-09 09:00:00	-93.1605	31.1727	0	19.12	18.9	100	100.3	2.185	0	0.31	258	0	0	0.53	0	0	0.288	0.285	0.305	0.337	0.431	-0.1	-0.1	-0.3	0.122	0.207	0.086	0.222	0.104	20.2	20.5	20.95	20.75	19.8	NA
2026-03-09 09:15:00	-93.1605	31.1727	0	19.62	19	100	100.28	2.202	0	0.46	259.9	0	0	1.03	0	0	0.288	0.285	0.305	0.337	0.431	-0.1	-0.1	-0.3	0.122	0.209	0.086	0.221	0.104	20.15	20.5	20.95	20.75	19.8	NA
2026-03-09 09:30:00	-93.1605	31.1727	0	19.83	19.3	99.78300881945941	100.27	2.234	0	0.47	287.8	0	0	1.07	0	0	0.288	0.285	0.305	0.337	0.431	-0.1	-0.1	-0.3	0.127	0.209	0.086	0.222	0.103	20.15	20.5	20.95	20.75	19.8	NA
2026-03-09 09:45:00	-93.1605	31.1727	0	19.89	19.4	100	100.26	2.253	0	0.4	264.8	0	0	0.91	0	0	0.287	0.285	0.305	0.337	0.431	-0.1	-0.1	-0.3	0.121	0.208	0.087	0.221	0.103	20.15	20.5	20.95	20.75	19.8	NA
2026-03-09 10:00:00	-93.1605	31.1727	0	19.93	19.5	99.69649471194016	100.26	2.26	0	0.45	278.3	0	0	1	0	0	0.287	0.285	0.305	0.337	0.431	-0.1	-0.1	-0.3	0.122	0.208	0.086	0.223	0.104	20.15	20.5	20.95	20.75	19.8	NA
2026-03-09 10:15:00	-93.1605	31.1727	0	19.99	19.5	100	100.26	2.267	0	0.43	276.5	0	0	0.89	0	0	0.287	0.285	0.305	0.337	0.431	-0.1	-0.1	-0.3	0.122	0.209	0.086	0.223	0.103	20.2	20.5	20.95	20.75	19.8	NA
2026-03-09 10:30:00	-93.1605	31.1727	0	20.02	19.5	100	100.26	2.27	0	0.47	278.2	0	0	1.17	0	0	0.286	0.285	0.305	0.337	0.431	-0.1	-0.1	-0.3	0.121	0.21	0.086	0.223	0.104	20.25	20.5	20.95	20.75	19.8	NA
2026-03-09 10:45:00	-93.1605	31.1727	0	20.05	19.6	99.86822598092232	100.27	2.278	0	0.45	265.3	0	0	0.87	0	0	0.286	0.285	0.305	0.337	0.431	-0.1	-0.1	-0.3	0.12	0.209	0.086	0.223	0.104	20.25	20.5	20.85	20.75	19.8	NA
2026-03-09 11:00:00	-93.1605	31.1727	0	20.08	19.6	100	100.29	2.287	0	0.41	269.7	0	0	0.97	0	0	0.286	0.285	0.305	0.337	0.431	-0.1	-0.1	-0.2	0.121	0.209	0.086	0.222	0.105	20.25	20.5	20.85	20.75	19.8	NA
2026-03-09 11:15:00	-93.1605	31.1727	0	20.09	19.7	99.77307633017406	100.3	2.29	0	0.4	260.7	0	0	1.26	0	0	0.285	0.285	0.304	0.337	0.431	-0.1	-0.1	-0.2	0.121	0.21	0.086	0.222	0.105	20.25	20.5	20.85	20.75	19.8	NA
2026-03-09 11:30:00	-93.1605	31.1727	0	20.09	19.7	99.77307633017406	100.3	2.29	0	0.28	221.2	0	0	0.73	0	0	0.285	0.285	0.304	0.337	0.431	-0.1	-0.1	-0.2	0.121	0.208	0.086	0.222	0.104	20.25	20.5	20.85	20.65	19.8	NA
2026-03-09 11:45:00	-93.1605	31.1727	0	20.09	19.7	99.77307633017406	100.32	2.29	0	0.46	222.9	0	0	2.15	0	0	0.285	0.285	0.304	0.337	0.431	-0.1	-0.1	-0.3	0.12	0.208	0.086	0.222	0.105	20.35	20.5	20.85	20.65	19.8	NA
2026-03-09 12:00:00	-93.1605	31.1727	0	20.09	19.7	99.77307633017406	100.35	2.29	0	0.38	230.1	0	0	1.26	0	0	0.285	0.285	0.304	0.337	0.431	-0.1	-0.1	-0.2	0.118	0.209	0.086	0.222	0.105	20.35	20.5	20.85	20.65	19.8	NA
2026-03-09 12:15:00	-93.1605	31.1727	0	20.1	19.7	99.77307633017406	100.35	2.29	0	0.34	208.1	0	0	1.21	0	0	0.284	0.285	0.304	0.337	0.431	-0.1	-0.1	-0.2	0.117	0.208	0.084	0.222	0.104	20.35	20.5	20.85	20.65	19.8	NA
2026-03-09 12:30:00	-93.1605	31.1727	0	20.12	19.7	99.90378341706949	100.36	2.293	0	0.34	215.1	0	0	1.32	0	0	0.284	0.285	0.304	0.337	0.431	-0.1	-0.1	-0.2	0.117	0.209	0.084	0.221	0.104	20.35	20.5	20.85	20.65	19.8	NA
2026-03-09 12:45:00	-93.1605	31.1727	0	20.17	19.8	99.80566043183929	100.38	2.305	0	0.36	255.8	0	0	1	0	0	0.284	0.285	0.304	0.337	0.43	-0.1	-0.1	-0.2	0.117	0.21	0.085	0.221	0.104	20.35	20.5	20.85	20.65	19.8	NA
2026-03-09 13:00:00	-93.1605	31.1727	0	20.25	19.8	100	100.4	2.31	0	0.37	283.4	0	0	1.1	0	0	0.284	0.285	0.304	0.337	0.43	-0.1	-0.1	-0.2	0.117	0.208	0.085	0.222	0.103	20.35	20.5	20.85	20.65	19.8	NA
2026-03-09 13:15:00	-93.1605	31.1727	0.374	20.37	19.8	100	100.43	2.31	7.5	0.4	278.3	0	0	1.13	0	0.007	0.283	0.285	0.304	0.336	0.43	-0.1	-0.1	-0.2	0.116	0.209	0.085	0.222	0.103	20.35	20.5	20.85	20.65	19.8	NA
2026-03-09 13:30:00	-93.1605	31.1727	0.068	20.58	19.8	100	100.44	2.313	19.2	0.31	270.9	0	0	0.75	0	0	0.284	0.285	0.304	0.336	0.43	-0.1	-0.1	-0.2	0.117	0.209	0.085	0.221	0.104	20.35	20.5	20.85	20.65	19.7	0.456
2026-03-09 13:45:00	-93.1605	31.1727	0	20.84	19.9	99.66238018274107	100.43	2.316	33.8	0.23	274.9	0	0	0.74	0	0	0.284	0.285	0.304	0.337	0.43	-0.1	-0.1	-0.2	0.116	0.21	0.086	0.222	0.104	20.450000000000003	20.5	20.85	20.65	19.7	0.446
2026-03-09 14:00:00	-93.1605	31.1727	0.017	20.87	19.9	100	100.44	2.326	29.6	0.23	277.8	0	0	1.3	0	0	0.283	0.285	0.304	0.336	0.43	-0.1	-0.1	-0.2	0.117	0.209	0.086	0.221	0.104	20.450000000000003	20.5	20.85	20.65	19.7	0.474
2026-03-09 14:15:00	-93.1605	31.1727	0	20.97	20	99.77413876623358	100.46	2.333	32.5	0.29	264.8	0	0	1.15	0	0	0.283	0.285	0.304	0.336	0.43	-0.1	-0.1	-0.2	0.116	0.21	0.084	0.221	0.104	20.549999999999997	20.5	20.85	20.65	19.7	0.409
2026-03-09 14:30:00	-93.1605	31.1727	0	21.1	20	100	100.49	2.341	35.6	0.26	278.2	0	0	0.94	0	0	0.283	0.285	0.304	0.336	0.43	-0.1	-0.1	-0.2	0.117	0.211	0.083	0.22	0.103	20.6	20.5	20.85	20.65	19.7	0.35
2026-03-09 14:45:00	-93.1605	31.1727	0	21.1	20.2	99.85690144851047	100.5	2.364	31.8	0.37	231.7	0	0	2.34	0	0	0.282	0.285	0.304	0.336	0.43	-0.1	-0.1	-0.2	0.116	0.21	0.084	0.22	0.104	20.65	20.6	20.85	20.65	19.7	0.436
2026-03-09 15:00:00	-93.1605	31.1727	0.153	21.19	20.3	99.95552851008613	100.51	2.381	33.2	0.35	220.1	0	0	1.27	0	0	0.283	0.285	0.304	0.336	0.429	-0.1	-0.1	-0.2	0.116	0.21	0.084	0.22	0.103	20.700000000000003	20.6	20.85	20.65	19.7	0.307
2026-03-09 15:15:00	-93.1605	31.1727	0.511	21.33	20.3	99.99750899245073	100.52	2.382	43.2	0.39	208.2	0	0	1.01	0	0.013	0.284	0.285	0.304	0.336	0.429	-0.1	-0.1	-0.2	0.119	0.212	0.084	0.22	0.103	20.75	20.6	20.85	20.65	19.7	0.361
2026-03-09 15:30:00	-93.1605	31.1727	0.391	21.52	20.3	100	100.52	2.385	54.2	0.29	238.9	0	0	1.58	0	0.028	0.289	0.285	0.304	0.336	0.429	-0.1	-0.1	-0.2	0.124	0.213	0.083	0.218	0.103	20.799999999999997	20.6	20.85	20.65	19.7	0.324
2026-03-09 15:45:00	-93.1605	31.1727	0.034	22.58	20.2	100	100.51	2.372	133.6	0.25	278.2	0	0	0.86	0	0	0.291	0.286	0.304	0.336	0.429	-0.1	-0.1	-0.2	0.128	0.215	0.084	0.22	0.102	20.9	20.7	20.85	20.65	19.7	0.449
2026-03-09 16:00:00	-93.1605	31.1727	0.17	22.37	20.7	99.97772427927872	100.51	2.441	83.8	0.32	203.7	0	0	1.08	0	0.029	0.291	0.286	0.304	0.336	0.429	-0.1	-0.1	-0.2	0.129	0.213	0.083	0.219	0.1	21	20.7	20.85	20.65	19.7	0.451
2026-03-09 16:15:00	-93.1605	31.1727	0.085	22.29	20.8	100	100.5	2.458	77.2	0.35	169.5	0	0	1.32	0	0	0.292	0.286	0.304	0.336	0.429	-0.1	-0.1	-0.2	0.13	0.215	0.084	0.22	0.099	21.1	20.7	20.85	20.6	19.7	0.499
2026-03-09 16:30:00	-93.1605	31.1727	0.034	22.54	21	99.67811098114841	100.49	2.479	94.1	0.46	163.7	0	0	1.54	0	0	0.292	0.286	0.304	0.336	0.429	-0.1	-0.1	-0.2	0.129	0.216	0.084	0.22	0.098	21.299999999999997	20.8	20.85	20.6	19.7	0.49
2026-03-09 16:45:00	-93.1605	31.1727	1.634	22.61	21	99.637901981156	100.49	2.478	115.8	0.48	171	0	0	1.64	0	0.024	0.296	0.286	0.304	0.336	0.429	-0.1	-0.1	-0.2	0.136	0.217	0.085	0.22	0.098	21.4	20.8	20.85	20.6	19.7	0.48
2026-03-09 17:00:00	-93.1605	31.1727	0	23.72	21.2	99.61383781886843	100.48	2.508	194.5	0.56	163.4	0	0	1.75	0	0	0.304	0.287	0.304	0.336	0.429	-0.1	-0.1	-0.2	0.145	0.219	0.086	0.222	0.097	21.5	20.9	20.85	20.6	19.7	0.489
2026-03-09 17:15:00	-93.1605	31.1727	0	23.98	21.3	99.95243254088227	100.46	2.532	226.5	0.71	137.2	0	0	2.51	0	0	0.304	0.287	0.304	0.336	0.429	-0.1	-0.1	-0.2	0.145	0.22	0.086	0.22	0.098	21.65	21	20.85	20.6	19.7	0.486
2026-03-09 17:30:00	-93.1605	31.1727	0	24.84	21.6	99.95532334096691	100.43	2.579	244.3	0.54	170.9	0	0	1.71	0	0	0.303	0.287	0.304	0.336	0.429	-0.1	-0.1	-0.2	0.147	0.22	0.086	0.221	0.101	21.85	21	20.9	20.55	19.7	0.494
2026-03-09 17:45:00	-93.1605	31.1727	0	26.67	22	100	100.41	2.651	406.6	0.68	183.3	0	0	2.35	0	0	0.302	0.287	0.304	0.336	0.429	-0.1	-0.1	-0.2	0.149	0.22	0.087	0.222	0.102	22.1	21.1	20.95	20.55	19.7	0.487
2026-03-09 18:00:00	-93.1605	31.1727	0	26.14	22.3	100	100.38	2.696	279.4	0.63	189.3	0	0	1.86	0	0	0.301	0.287	0.305	0.336	0.429	-0.1	-0.1	-0.2	0.149	0.219	0.086	0.221	0.103	22.5	21.2	20.95	20.55	19.7	0.486
2026-03-09 18:15:00	-93.1605	31.1727	0.017	25.67	22.4	99.51709090904994	100.38	2.696	225.8	0.51	216.8	0	0	2.9	0	0	0.299	0.287	0.305	0.336	0.429	-0.1	-0.1	-0.2	0.148	0.219	0.086	0.221	0.104	22.8	21.4	20.95	20.55	19.7	0.494
2026-03-09 18:30:00	-93.1605	31.1727	0	25.8	22.5	99.75830508659878	100.37	2.719	240.8	0.63	218.3	0	0	1.75	0	0	0.298	0.287	0.305	0.336	0.43	-0.1	-0.1	-0.2	0.146	0.221	0.087	0.222	0.103	23	21.5	21	20.55	19.7	0.488
2026-03-09 18:45:00	-93.1605	31.1727	0	25.71	22.6	100	100.34	2.744	199.4	0.49	249.6	0	0	1.25	0	0	0.296	0.287	0.305	0.336	0.43	-0.1	-0.1	-0.2	0.145	0.219	0.087	0.222	0.104	23.2	21.6	21.05	20.55	19.7	0.491
2026-03-09 19:00:00	-93.1605	31.1727	0.204	25.9	22.8	99.83314665701687	100.33	2.771	203.9	0.56	249.2	0	0	1.76	0	0.011	0.296	0.286	0.305	0.337	0.43	-0.1	-0.1	-0.2	0.147	0.22	0.087	0.222	0.104	23.35	21.8	21.05	20.55	19.7	0.488
2026-03-09 19:15:00	-93.1605	31.1727	0.017	25.95	22.8	99.90520233847269	100.31	2.773	249.7	0.89	260.3	0	0	1.86	0	0	0.297	0.286	0.305	0.337	0.43	-0.1	-0.1	-0.2	0.15	0.22	0.088	0.222	0.103	23.45	21.9	21.1	20.55	19.7	0.494
2026-03-09 19:30:00	-93.1605	31.1727	0.017	27.03	22.9	99.58854759823491	100.27	2.781	326.2	0.63	230.1	27	1	1.87	0	0	0.296	0.286	0.305	0.337	0.43	-0.1	-0.1	-0.2	0.151	0.222	0.088	0.222	0.103	23.6	22	21.15	20.55	19.7	0.484
2026-03-09 19:45:00	-93.1605	31.1727	0.017	25.01	23.1	100	100.27	2.831	90	0.57	188.7	0	0	1.68	0	0	0.296	0.286	0.305	0.337	0.43	-0.1	-0.1	-0.2	0.152	0.223	0.088	0.222	0.103	23.8	22.1	21.2	20.55	19.7	0.494
2026-03-09 20:00:00	-93.1605	31.1727	0.017	25.35	22.6	100	100.26	2.747	165.9	0.42	168	0	0	1.85	0	0	0.295	0.286	0.304	0.337	0.43	-0.1	-0.1	-0.2	0.152	0.221	0.087	0.222	0.103	23.85	22.2	21.25	20.55	19.7	0.492
2026-03-09 20:15:00	-93.1605	31.1727	0	26.15	22.8	100	100.25	2.78	244.2	0.57	262.1	0	0	1.42	0	0	0.294	0.285	0.304	0.337	0.43	-0.1	-0.1	-0.2	0.152	0.222	0.089	0.223	0.103	23.85	22.4	21.35	20.55	19.7	0.48
2026-03-09 20:30:00	-93.1605	31.1727	0	28.01	23.2	100	100.22	2.845	378.9	0.61	248.3	0	0	2.36	0	0	0.293	0.285	0.304	0.337	0.43	-0.1	-0.1	-0.2	0.152	0.222	0.089	0.222	0.103	23.95	22.4	21.4	20.55	19.7	0.485
2026-03-09 20:45:00	-93.1605	31.1727	0	27.57	23.8	99.68509464958076	100.22	2.939	266.9	0.53	261	0	0	1.69	0	0	0.292	0.285	0.304	0.337	0.43	-0.1	-0.1	-0.2	0.151	0.222	0.09	0.223	0.103	24.2	22.5	21.45	20.55	19.7	0.485
2026-03-09 21:00:00	-93.1605	31.1727	0	27.28	23.8	99.82076677567751	100.22	2.943	227.6	0.61	251.5	0	0	1.95	0	0	0.29	0.285	0.304	0.337	0.43	-0.1	-0.1	-0.2	0.151	0.22	0.09	0.223	0.103	24.4	22.6	21.5	20.55	19.7	0.485
2026-03-09 21:15:00	-93.1605	31.1727	0	26.01	23.9	100	100.2	2.967	114.1	0.58	254.7	0	0	1.49	0	0	0.289	0.285	0.304	0.337	0.43	-0.1	-0.1	-0.2	0.151	0.22	0.09	0.221	0.103	24.55	22.7	21.55	20.55	19.7	0.497
2026-03-09 21:30:00	-93.1605	31.1727	0.119	24.68	23.7	100	100.19	2.933	43.5	0.58	165.7	0	0	3.48	0	0.007	0.289	0.285	0.304	0.337	0.43	-0.1	-0.1	-0.2	0.15	0.219	0.09	0.223	0.103	24.55	22.8	21.6	20.55	19.7	0.493
2026-03-09 21:45:00	-93.1605	31.1727	0.17	24.47	23	99.5928856969136	100.19	2.798	100.4	0.55	156.9	0	0	2.73	0	0	0.29	0.285	0.304	0.337	0.43	-0.1	-0.1	-0.2	0.152	0.22	0.09	0.222	0.103	24.45	22.9	21.7	20.55	19.7	0.5
2026-03-09 22:00:00	-93.1605	31.1727	0.051	26.45	23.2	99.90846461279953	100.18	2.841	254.4	0.56	232.9	24	4	1.66	0	0	0.291	0.285	0.304	0.337	0.43	-0.1	-0.1	-0.2	0.152	0.221	0.091	0.222	0.103	24.299999999999997	23	21.7	20.6	19.7	0.502
2026-03-09 22:15:00	-93.1605	31.1727	0	26.07	23.7	99.84278430722621	100.19	2.926	171.2	0.64	188.5	17	1	2.82	0	0	0.29	0.285	0.303	0.337	0.43	-0.1	-0.1	-0.2	0.152	0.221	0.09	0.222	0.102	24.35	23	21.8	20.6	19.7	0.509
2026-03-09 22:30:00	-93.1605	31.1727	0	25.56	23.6	99.99921043053848	100.19	2.913	153.3	0.66	153.2	0	0	2.4	0	0	0.289	0.285	0.303	0.337	0.43	-0.1	-0.1	-0.2	0.152	0.22	0.091	0.222	0.103	24.4	23.1	21.85	20.6	19.7	0.51
2026-03-09 22:45:00	-93.1605	31.1727	0	26.19	24.1	99.63774154507382	100.17	2.991	171.3	0.78	158.6	0	0	2.9	0	0	0.288	0.285	0.303	0.337	0.43	-0.1	-0.1	-0.2	0.152	0.218	0.09	0.222	0.102	24.4	23.1	21.9	20.6	19.7	0.52
2026-03-09 23:00:00	-93.1605	31.1727	0	25.34	24.1	100	100.18	3.002	146.7	1	159	0	0	3.47	0	0	0.288	0.285	0.303	0.338	0.43	-0.1	-0.1	-0.2	0.152	0.216	0.089	0.222	0.102	24.35	23.2	21.95	20.6	19.7	0.531
2026-03-09 23:15:00	-93.1605	31.1727	0	23.79	23.6	100	100.19	2.916	51.2	0.75	167.7	0	0	2.43	0	0	0.287	0.285	0.303	0.338	0.43	-0.1	-0.1	-0.2	0.149	0.215	0.09	0.222	0.102	24.299999999999997	23.2	22	20.6	19.7	0.537
2026-03-09 23:30:00	-93.1605	31.1727	0	23.55	23.3	99.34210742879513	100.2	2.842	31.6	0.49	166.2	0	0	1.9	0.02	0	0.286	0.285	0.303	0.337	0.43	-0.1	-0.1	-0.2	0.149	0.216	0.09	0.222	0.103	24.200000000000003	23.2	22.05	20.6	19.7	0.526
2026-03-09 23:45:00	-93.1605	31.1727	0	22.9	23.1	99.34635191105944	100.22	2.808	20.5	0.52	200	0	0	2.36	0.01	0	0.286	0.284	0.303	0.337	0.43	-0.1	-0.1	-0.2	0.146	0.215	0.089	0.222	0.102	24	23.2	22.1	20.65	19.7	0.509
2026-03-10 00:00:00	-93.1605	31.1727	0	22.49	22.8	99.29272904609834	100.23	2.756	7.7	0.48	158.5	0	0	1.44	0.02	0	0.286	0.284	0.302	0.337	0.43	-0.1	-0.1	-0.2	0.148	0.215	0.09	0.223	0.102	23.85	23.2	22.1	20.700000000000003	19.7	NA
2026-03-10 00:15:00	-93.1605	31.1727	0	22.15	22.8	98.31997734644501	100.24	2.729	0	0.6	143.5	0	0	1.85	0.04	0	0.286	0.284	0.302	0.337	0.43	-0.1	-0.1	-0.2	0.146	0.215	0.09	0.223	0.102	23.65	23.2	22.15	20.700000000000003	19.7	NA
2026-03-10 00:30:00	-93.1605	31.1727	0	21.62	22.4	98.85265929318832	100.26	2.678	0	0.59	137.6	0	0	2.93	0.03	0	0.286	0.284	0.302	0.337	0.43	-0.1	-0.1	-0.2	0.144	0.215	0.089	0.222	0.103	23.450000000000003	23.1	22.2	20.700000000000003	19.7	NA
2026-03-10 00:45:00	-93.1605	31.1727	0	21.46	22.3	98.30411281698122	100.26	2.647	0	0.66	139.4	0	0	4.12	0.05	0	0.286	0.284	0.302	0.337	0.43	-0.1	-0.1	-0.2	0.145	0.213	0.09	0.222	0.103	23.25	23.1	22.2	20.700000000000003	19.7	NA
2026-03-10 01:00:00	-93.1605	31.1727	0	21.17	22	99.01921834096996	100.28	2.618	0	0.52	162.5	0	0	1.71	0.03	0	0.285	0.284	0.302	0.337	0.43	-0.1	-0.1	-0.2	0.143	0.214	0.088	0.222	0.102	23.1	23	22.25	20.700000000000003	19.7	NA
2026-03-10 01:15:00	-93.1605	31.1727	0	21.14	22	98.33841393679216	100.3	2.6	0	0.83	143.2	0	0	2.97	0.05	0	0.285	0.284	0.302	0.337	0.43	-0.1	-0.1	-0.2	0.142	0.211	0.09	0.222	0.102	22.950000000000003	22.9	22.25	20.700000000000003	19.7	NA
2026-03-10 01:30:00	-93.1605	31.1727	0	20.86	21.7	99.23073093045151	100.31	2.576	0	0.51	167.9	0	0	1.79	0.02	0	0.285	0.284	0.302	0.337	0.43	-0.1	-0.1	-0.2	0.139	0.212	0.09	0.222	0.102	22.75	22.9	22.25	20.700000000000003	19.7	NA
2026-03-10 01:45:00	-93.1605	31.1727	0	20.59	21.3	99.5971513825616	100.32	2.523	0	0.46	174.5	0	0	1.69	0.01	0	0.285	0.284	0.302	0.337	0.43	-0.1	-0.1	-0.2	0.14	0.212	0.089	0.222	0.102	22.6	22.8	22.25	20.75	19.7	NA
2026-03-10 02:00:00	-93.1605	31.1727	0	20.43	21.2	99.21665345754919	100.33	2.498	0	0.46	185.4	0	0	1.51	0.01	0	0.285	0.284	0.302	0.337	0.43	-0.1	-0.1	-0.2	0.141	0.212	0.09	0.222	0.102	22.450000000000003	22.7	22.25	20.75	19.7	NA
2026-03-10 02:15:00	-93.1605	31.1727	0	20.55	21.2	98.93862440462571	100.34	2.491	0	0.69	162.6	0	0	2.13	0.03	0	0.285	0.285	0.302	0.337	0.43	-0.1	-0.1	-0.2	0.139	0.213	0.09	0.221	0.102	22.35	22.6	22.25	20.75	19.7	NA
2026-03-10 02:30:00	-93.1605	31.1727	0	20.64	21.3	98.64973496037315	100.35	2.499	0	0.94	154.7	0	0	4.11	0.03	0	0.285	0.285	0.302	0.337	0.429	-0.1	-0.1	-0.2	0.135	0.212	0.089	0.222	0.102	22.2	22.5	22.25	20.799999999999997	19.7	NA
2026-03-10 02:45:00	-93.1605	31.1727	0	20.61	21.3	99.0839674872095	100.35	2.51	0	0.82	148.7	0	0	3.96	0.02	0	0.285	0.285	0.301	0.337	0.429	-0.1	-0.1	-0.2	0.135	0.213	0.089	0.222	0.1	22.1	22.5	22.25	20.799999999999997	19.7	NA
2026-03-10 03:00:00	-93.1605	31.1727	0	20.66	21.3	99.04449180295165	100.37	2.509	0	0.99	147.9	0	0	2.85	0.02	0	0.285	0.285	0.302	0.337	0.429	-0.1	-0.1	-0.2	0.136	0.213	0.091	0.221	0.099	22	22.4	22.25	20.799999999999997	19.7	NA
2026-03-10 03:15:00	-93.1605	31.1727	0	20.82	21.3	99.5971513825616	100.38	2.523	0	1.17	140.4	0	0	3.27	0.01	0	0.285	0.285	0.302	0.337	0.429	-0.1	-0.1	-0.2	0.136	0.212	0.09	0.221	0.098	21.950000000000003	22.3	22.25	20.85	19.7	NA
2026-03-10 03:30:00	-93.1605	31.1727	0	21.14	21.4	99.49895065174901	100.4	2.536	0	1.23	139.8	0	0	4.28	0.01	0	0.285	0.285	0.302	0.337	0.429	-0.1	-0.1	-0.2	0.137	0.212	0.09	0.222	0.096	21.85	22.2	22.2	20.85	19.7	NA
2026-03-10 03:45:00	-93.1605	31.1727	0	21.28	21.4	100	100.41	2.552	0	1.11	149.2	0	0	3.66	0	0	0.284	0.285	0.302	0.337	0.429	-0.1	-0.1	-0.2	0.136	0.212	0.088	0.221	0.094	21.85	22.2	22.15	20.85	19.7	NA
2026-03-10 04:00:00	-93.1605	31.1727	0	21.29	21.4	99.9697658756532	100.43	2.548	0	0.93	165.1	0	0	4.11	0	0	0.284	0.285	0.302	0.337	0.428	-0.1	-0.1	-0.2	0.136	0.212	0.089	0.221	0.092	21.799999999999997	22.1	22.15	20.85	19.7	NA
2026-03-10 04:15:00	-93.1605	31.1727	0	21.18	21.4	100	100.43	2.552	0	1.21	146.9	0	0	3.89	0	0	0.284	0.285	0.302	0.337	0.428	-0.1	-0.1	-0.2	0.137	0.211	0.088	0.22	0.089	21.75	22.1	22.15	20.85	19.7	NA
2026-03-10 04:30:00	-93.1605	31.1727	0	21.2	21.4	100	100.41	2.551	0	1.11	144.9	0	0	4.07	0	0	0.284	0.285	0.301	0.337	0.428	-0.1	-0.1	-0.2	0.137	0.211	0.089	0.22	0.084	21.75	22	22.15	20.85	19.7	NA
2026-03-10 04:45:00	-93.1605	31.1727	0	21.31	21.4	100	100.4	2.554	0	1.26	151.1	0	0	4	0	0	0.284	0.285	0.301	0.337	0.428	-0.1	-0.1	-0.2	0.138	0.211	0.089	0.221	0.081	21.75	22	22.05	20.85	19.7	NA
2026-03-10 05:00:00	-93.1605	31.1727	0	21.31	21.4	100	100.4	2.551	0	0.99	152	0	0	3.11	0	0	0.283	0.285	0.301	0.337	0.427	-0.1	-0.1	-0.2	0.137	0.211	0.087	0.221	0.079	21.75	22	22.05	20.9	19.7	NA
2026-03-10 05:15:00	-93.1605	31.1727	0	21.33	21.4	100	100.4	2.551	0	0.96	144.8	0	0	3.46	0	0	0.283	0.285	0.301	0.337	0.427	-0.1	-0.1	-0.2	0.135	0.212	0.089	0.22	0.079	21.75	21.9	22.05	20.9	19.7	NA
2026-03-10 05:30:00	-93.1605	31.1727	0	21.28	21.3	99.83400548810872	100.4	2.529	0	0.64	172.6	0	0	2.07	0	0	0.283	0.285	0.301	0.337	0.427	-0.1	-0.1	-0.2	0.134	0.212	0.088	0.221	0.077	21.75	21.9	22.05	20.950000000000003	19.7	NA
2026-03-10 05:45:00	-93.1605	31.1727	0	21.34	21.4	99.69512366170909	100.4	2.541	0	0.86	150.2	0	0	3.38	0	0	0.283	0.285	0.301	0.337	0.427	-0.1	-0.1	-0.2	0.133	0.212	0.088	0.221	0.077	21.700000000000003	21.9	22	20.950000000000003	19.7	NA
2026-03-10 06:00:00	-93.1605	31.1727	0	21.27	21.4	99.93053127366117	100.39	2.547	0	1.15	155.4	0	0	4.85	0	0	0.282	0.285	0.301	0.337	0.426	-0.1	-0.1	-0.2	0.133	0.211	0.087	0.22	0.076	21.700000000000003	21.9	21.95	20.950000000000003	19.7	NA
2026-03-10 06:15:00	-93.1605	31.1727	0	21.23	21.3	99.91295685662443	100.39	2.531	0	0.61	166.5	0	0	2.26	0	0	0.282	0.285	0.301	0.337	0.426	-0.1	-0.1	-0.2	0.133	0.211	0.089	0.22	0.075	21.65	21.8	21.95	20.950000000000003	19.7	NA
2026-03-10 06:30:00	-93.1605	31.1727	0	21.37	21.4	99.57741985573304	100.39	2.538	0	0.67	173.3	0	0	2.19	0	0	0.282	0.285	0.301	0.337	0.426	-0.1	-0.1	-0.2	0.132	0.209	0.088	0.221	0.076	21.65	21.8	21.95	20.950000000000003	19.7	NA
2026-03-10 06:45:00	-93.1605	31.1727	0	21.19	21.4	99.53818525374102	100.38	2.537	0	0.79	165.7	0	0	3.52	0	0	0.281	0.285	0.301	0.337	0.426	-0.1	-0.1	-0.2	0.132	0.209	0.088	0.221	0.074	21.65	21.8	21.95	20.950000000000003	19.7	NA
2026-03-10 07:00:00	-93.1605	31.1727	0	20.94	21.2	100	100.37	2.523	0	0.72	157.5	0	0	2.19	0	0	0.281	0.285	0.301	0.337	0.426	-0.1	-0.1	-0.2	0.13	0.21	0.088	0.221	0.073	21.65	21.8	21.95	20.950000000000003	19.7	NA
2026-03-10 07:15:00	-93.1605	31.1727	0	21.09	21.2	100	100.36	2.519	0	0.74	163.4	0	0	2.66	0	0	0.281	0.285	0.301	0.336	0.426	-0.1	-0.1	-0.2	0.13	0.21	0.088	0.22	0.073	21.6	21.8	21.95	20.950000000000003	19.7	NA
2026-03-10 07:30:00	-93.1605	31.1727	0	21.03	21.2	99.81242999952805	100.36	2.513	0	0.66	158.7	0	0	3.26	0	0	0.281	0.285	0.301	0.336	0.425	-0.1	-0.1	-0.2	0.13	0.209	0.087	0.219	0.073	21.549999999999997	21.8	21.9	20.950000000000003	19.7	NA
2026-03-10 07:45:00	-93.1605	31.1727	0	21.18	21.2	99.81242999952805	100.38	2.513	0	0.5	164.9	0	0	2.06	0	0	0.281	0.285	0.301	0.336	0.425	-0.1	-0.1	-0.2	0.129	0.209	0.087	0.219	0.072	21.549999999999997	21.7	21.85	20.950000000000003	19.7	NA
2026-03-10 08:00:00	-93.1605	31.1727	0	21.18	21.2	99.85214843565997	100.36	2.514	0	0.5	183.1	0	0	2.16	0	0	0.28	0.285	0.301	0.336	0.425	-0.1	-0.1	-0.2	0.128	0.208	0.087	0.219	0.071	21.549999999999997	21.7	21.85	20.950000000000003	19.7	NA
2026-03-10 08:15:00	-93.1605	31.1727	0	21.21	21.2	99.93158530792383	100.36	2.516	0	0.45	211.9	0	0	1.13	0	0	0.28	0.285	0.301	0.336	0.425	-0.1	-0.1	-0.2	0.128	0.21	0.086	0.22	0.071	21.549999999999997	21.7	21.85	20.950000000000003	19.7	NA
2026-03-10 08:30:00	-93.1605	31.1727	0	21.2	21.2	99.57411938273651	100.36	2.507	0	0.33	231.3	0	0	0.88	0	0	0.28	0.285	0.301	0.337	0.425	-0.1	-0.1	-0.2	0.129	0.207	0.087	0.219	0.071	21.549999999999997	21.7	21.85	20.950000000000003	19.7	NA
2026-03-10 08:45:00	-93.1605	31.1727	0	21.23	21.2	99.73299312726421	100.36	2.511	0	0.37	247.8	0	0	1.34	0	0	0.28	0.285	0.301	0.336	0.425	-0.1	-0.1	-0.2	0.131	0.207	0.087	0.221	0.071	21.549999999999997	21.7	21.85	20.950000000000003	19.7	NA
2026-03-10 09:00:00	-93.1605	31.1727	0	21.29	21.2	100	100.34	2.519	0	0.34	237.5	0	0	0.9	0	0	0.28	0.285	0.301	0.336	0.424	-0.1	-0.1	-0.2	0.129	0.208	0.087	0.22	0.07	21.549999999999997	21.7	21.85	20.950000000000003	19.7	NA
2026-03-10 09:15:00	-93.1605	31.1727	0	21.31	21.2	100	100.33	2.521	0	0.45	271.3	0	0	1.59	0	0	0.279	0.285	0.301	0.337	0.424	-0.1	-0.1	-0.2	0.127	0.207	0.087	0.219	0.071	21.549999999999997	21.6	21.8	20.950000000000003	19.7	NA
2026-03-10 09:30:00	-93.1605	31.1727	0	21.25	21.2	100	100.32	2.519	0	0.38	178.7	0	0	1.19	0	0	0.279	0.285	0.301	0.336	0.424	-0.1	-0.1	-0.2	0.126	0.208	0.087	0.219	0.068	21.549999999999997	21.6	21.8	21	19.7	NA
2026-03-10 09:45:00	-93.1605	31.1727	0	21.18	21.2	100	100.32	2.518	0	0.38	169.8	0	0	1.73	0	0	0.279	0.285	0.301	0.336	0.424	-0.1	-0.1	-0.2	0.126	0.207	0.087	0.219	0.068	21.5	21.6	21.75	21	19.7	NA
2026-03-10 10:00:00	-93.1605	31.1727	0	20.86	21.3	99.55767569830374	100.3	2.522	0	0.51	149.8	0	0	2.56	0.01	0	0.279	0.285	0.301	0.336	0.424	-0.1	-0.1	-0.2	0.125	0.208	0.087	0.219	0.068	21.5	21.6	21.75	21	19.7	NA
2026-03-10 10:15:00	-93.1605	31.1727	0	20.92	21.1	99.8672131529905	100.31	2.499	0	0.34	179	0	0	0.94	0	0	0.278	0.285	0.301	0.336	0.424	-0.1	-0.1	-0.2	0.125	0.206	0.088	0.22	0.068	21.450000000000003	21.6	21.75	21	19.7	NA
2026-03-10 10:30:00	-93.1605	31.1727	0	21.02	21.2	99.77271156339613	100.31	2.512	0	0.46	168	0	0	1.34	0	0	0.278	0.285	0.301	0.336	0.423	-0.1	-0.1	-0.2	0.124	0.208	0.087	0.22	0.068	21.450000000000003	21.6	21.75	21	19.7	NA
2026-03-10 10:45:00	-93.1605	31.1727	0	20.98	21.2	99.69327469113226	100.32	2.51	0	0.41	166.1	0	0	1.2	0	0	0.278	0.285	0.301	0.336	0.423	-0.1	-0.1	-0.2	0.123	0.207	0.087	0.221	0.067	21.450000000000003	21.6	21.75	21	19.7	NA
2026-03-10 11:00:00	-93.1605	31.1727	0	21.18	21.2	99.93158530792383	100.33	2.516	0	0.36	180.6	0	0	0.88	0	0	0.278	0.285	0.301	0.336	0.423	-0.1	-0.1	-0.2	0.123	0.208	0.086	0.22	0.067	21.450000000000003	21.6	21.75	21	19.7	NA
2026-03-10 11:15:00	-93.1605	31.1727	0	21.15	21.2	99.81242999952805	100.33	2.513	0	0.41	169.6	0	0	1.16	0	0	0.277	0.285	0.301	0.336	0.423	-0.1	-0.1	-0.2	0.122	0.207	0.088	0.221	0.066	21.35	21.6	21.75	21	19.7	NA
2026-03-10 11:30:00	-93.1605	31.1727	0	21.02	21.1	99.8672131529905	100.33	2.499	0	0.35	171.2	0	0	0.96	0	0	0.277	0.285	0.301	0.336	0.422	-0.1	-0.1	-0.2	0.121	0.209	0.088	0.221	0.065	21.35	21.5	21.75	21	19.8	NA
2026-03-10 11:45:00	-93.1605	31.1727	0	20.92	21.1	99.94713889380921	100.32	2.501	0	0.5	152.1	0	0	1.45	0	0	0.277	0.285	0.301	0.336	0.422	-0.1	-0.1	-0.2	0.123	0.209	0.087	0.22	0.065	21.35	21.5	21.7	21	19.8	NA
2026-03-10 12:00:00	-93.1605	31.1727	0	21.08	21.2	99.81242999952805	100.33	2.513	0	0.64	159.7	0	0	2.1	0	0	0.277	0.285	0.301	0.336	0.421	-0.1	-0.1	-0.2	0.12	0.21	0.086	0.219	0.065	21.35	21.5	21.7	21	19.8	NA
2026-03-10 12:15:00	-93.1605	31.1727	0	21.21	21.2	100	100.33	2.524	0	0.54	166	0	0	1.65	0	0	0.277	0.285	0.301	0.336	0.419	-0.1	-0.1	-0.2	0.122	0.207	0.086	0.219	0.066	21.35	21.5	21.65	21	19.8	NA
2026-03-10 12:30:00	-93.1605	31.1727	0	21.29	21.3	100	100.33	2.535	0	0.54	154.2	0	0	2.19	0	0	0.276	0.285	0.301	0.336	0.414	-0.1	-0.1	-0.2	0.12	0.207	0.087	0.22	0.065	21.35	21.5	21.65	21	19.8	NA
2026-03-10 12:45:00	-93.1605	31.1727	0	21.29	21.2	100	100.33	2.524	0	0.45	153.5	0	0	1.31	0	0	0.276	0.285	0.301	0.336	0.413	-0.1	-0.1	-0.2	0.118	0.208	0.086	0.22	0.065	21.35	21.5	21.65	21	19.8	NA
2026-03-10 13:00:00	-93.1605	31.1727	0	21.3	21.2	100	100.34	2.521	0	0.46	174.5	0	0	1.61	0	0	0.276	0.285	0.301	0.336	0.412	-0.1	-0.1	-0.2	0.119	0.208	0.087	0.219	0.064	21.35	21.5	21.65	21	19.8	NA
2026-03-10 13:15:00	-93.1605	31.1727	0	21.42	21.2	99.81242999952805	100.35	2.513	9.9	0.51	158.1	0	0	1.66	0	0	0.276	0.285	0.301	0.336	0.41	-0.1	-0.1	-0.2	0.119	0.21	0.087	0.219	0.064	21.35	21.5	21.65	21	19.8	NA
2026-03-10 13:30:00	-93.1605	31.1727	0	21.63	21.1	100	100.36	2.506	25.1	0.6	165.1	0	0	1.76	0	0	0.276	0.285	0.301	0.336	0.409	-0.1	-0.1	-0.2	0.119	0.21	0.086	0.218	0.064	21.35	21.5	21.65	21	19.8	0.517
2026-03-10 13:45:00	-93.1605	31.1727	0	21.86	21.2	100	100.37	2.523	35.6	0.57	168.7	0	0	2.08	0	0	0.276	0.285	0.301	0.336	0.409	-0.1	-0.1	-0.2	0.12	0.211	0.086	0.218	0.063	21.450000000000003	21.5	21.65	21	19.8	0.514
2026-03-10 14:00:00	-93.1605	31.1727	0	22.1	21.3	100	100.39	2.536	50.6	0.54	171.2	0	0	1.46	0	0	0.276	0.286	0.301	0.336	0.408	-0.1	-0.1	-0.2	0.119	0.21	0.086	0.217	0.063	21.5	21.5	21.65	21	19.8	0.508
2026-03-10 14:15:00	-93.1605	31.1727	0	22.38	21.5	99.98363291889846	100.42	2.564	60.8	0.57	168.7	0	0	1.72	0	0	0.275	0.285	0.3	0.336	0.407	-0.1	-0.1	-0.2	0.119	0.21	0.087	0.219	0.064	21.549999999999997	21.5	21.65	21	19.8	0.507
2026-03-10 14:30:00	-93.1605	31.1727	0	22.8	21.7	99.96263461355655	100.43	2.595	93.3	0.78	164.4	0	0	2.62	0	0	0.275	0.285	0.301	0.336	0.406	-0.1	-0.1	-0.2	0.118	0.21	0.086	0.218	0.063	21.6	21.5	21.65	21	19.8	0.512
2026-03-10 14:45:00	-93.1605	31.1727	0	23.43	21.8	100	100.44	2.613	158.7	0.96	152.3	0	0	3.35	0	0	0.275	0.285	0.301	0.336	0.405	-0.1	-0.1	-0.2	0.118	0.208	0.087	0.219	0.062	21.700000000000003	21.5	21.65	21	19.8	0.501
2026-03-10 15:00:00	-93.1605	31.1727	0	24.09	22.2	99.72598112381957	100.46	2.669	184.1	0.81	146.8	0	0	3.2	0	0	0.274	0.285	0.301	0.336	0.405	-0.1	-0.1	-0.2	0.119	0.208	0.086	0.218	0.062	21.9	21.5	21.6	21	19.8	0.5
2026-03-10 15:15:00	-93.1605	31.1727	0	23.64	22.4	99.96004531962434	100.5	2.708	117.7	0.76	142.9	0	0	5	0	0	0.274	0.285	0.3	0.336	0.394	-0.1	-0.1	-0.2	0.119	0.207	0.086	0.218	0.064	22.05	21.6	21.6	21	19.8	0.503
2026-03-10 15:30:00	-93.1605	31.1727	0	23.87	22.4	100	100.52	2.713	124.5	0.56	151	0	0	2.69	0	0	0.273	0.285	0.301	0.336	0.391	-0.1	-0.1	-0.2	0.119	0.208	0.085	0.218	0.065	22.200000000000003	21.6	21.6	21	19.8	0.503
2026-03-10 15:45:00	-93.1605	31.1727	0	24.02	22.6	99.62874256203811	100.53	2.732	131.7	0.65	125.8	0	0	2.39	0.01	0	0.273	0.285	0.3	0.336	0.387	-0.1	-0.1	-0.2	0.118	0.208	0.086	0.218	0.066	22.35	21.7	21.6	21	19.8	0.499
2026-03-10 16:00:00	-93.1605	31.1727	0	23.58	22.6	99.37347125971955	100.55	2.725	76.3	0.39	222.2	0	0	1.13	0.02	0	0.272	0.285	0.3	0.336	0.383	-0.1	-0.1	-0.2	0.117	0.207	0.084	0.219	0.066	22.5	21.8	21.65	21	19.8	0.505
2026-03-10 16:15:00	-93.1605	31.1727	0	24.03	22.6	99.1911346152063	100.55	2.72	120.6	0.56	122	0	0	3.53	0.03	0	0.272	0.285	0.3	0.336	0.382	-0.1	-0.1	-0.2	0.118	0.208	0.086	0.218	0.066	22.5	21.8	21.65	21	19.8	0.502
2026-03-10 16:30:00	-93.1605	31.1727	0	24.62	22.7	99.20758524495521	100.54	2.737	184.9	0.88	122.5	0	0	3.69	0.02	0	0.272	0.285	0.3	0.336	0.381	-0.1	-0.1	-0.2	0.117	0.209	0.086	0.219	0.066	22.6	21.9	21.65	21	19.8	0.497
2026-03-10 16:45:00	-93.1605	31.1727	0	25	22.9	98.44261680961804	100.53	2.749	210.3	0.92	136.2	0	0	2.97	0.04	0	0.271	0.285	0.3	0.336	0.38	-0.1	-0.1	-0.2	0.116	0.21	0.086	0.218	0.067	22.700000000000003	21.9	21.65	20.95	19.8	0.499
2026-03-10 17:00:00	-93.1605	31.1727	0	24.55	23.2	96.63796577119786	100.53	2.748	131.5	0.84	160.3	0	0	3.08	0.09	0	0.271	0.285	0.3	0.336	0.379	-0.1	-0.1	-0.2	0.117	0.207	0.086	0.218	0.066	22.85	22	21.65	20.95	19.8	0.503
2026-03-10 17:15:00	-93.1605	31.1727	0	23.8	22.7	97.79395871059158	100.53	2.698	99.5	0.72	132.6	0	0	2.54	0.06	0	0.27	0.284	0.3	0.336	0.378	-0.1	-0.1	-0.2	0.115	0.21	0.086	0.219	0.066	22.95	22.1	21.7	20.95	19.8	0.501
2026-03-10 17:30:00	-93.1605	31.1727	0	24.92	22.5	99.6115477418594	100.54	2.715	194.2	0.63	130.6	0	0	2.11	0.02	0	0.27	0.284	0.3	0.336	0.378	-0.1	-0.1	-0.2	0.116	0.21	0.086	0.218	0.066	23	22.1	21.7	20.95	19.8	0.494
2026-03-10 17:45:00	-93.1605	31.1727	0	25.25	23	99.02337670079115	100.51	2.782	185.9	0.91	152.8	0	0	3.42	0.03	0	0.27	0.284	0.3	0.336	0.378	-0.1	-0.1	-0.2	0.116	0.209	0.086	0.218	0.066	23.1	22.2	21.75	20.95	19.8	0.496
2026-03-10 18:00:00	-93.1605	31.1727	0	26.16	23.3	97.87399746679323	100.49	2.8	263.2	0.89	150.6	0	0	2.45	0.06	0	0.269	0.284	0.3	0.336	0.377	-0.1	-0.1	-0.2	0.116	0.207	0.087	0.218	0.066	23.25	22.2	21.75	20.95	19.8	0.495
2026-03-10 18:15:00	-93.1605	31.1727	0	27.19	23.8	97.17516031679105	100.47	2.865	311	0.93	166.2	0	0	3.24	0.07	0	0.269	0.284	0.3	0.336	0.377	-0.1	-0.1	-0.2	0.117	0.208	0.086	0.219	0.065	23.4	22.3	21.8	20.95	19.8	0.483
2026-03-10 18:30:00	-93.1605	31.1727	0	26.5	23.8	95.75060299277527	100.45	2.823	273.4	1.38	145.4	0	0	3.57	0.13	0	0.268	0.284	0.3	0.336	0.376	-0.1	-0.1	-0.2	0.117	0.208	0.086	0.218	0.065	23.6	22.4	21.8	20.95	19.8	0.482
2026-03-10 18:45:00	-93.1605	31.1727	0	27.33	24.1	94.04123850944279	100.42	2.823	311.6	1.17	154.2	0	0	3.25	0.17	0	0.268	0.284	0.3	0.336	0.375	-0.1	-0.1	-0.2	0.115	0.21	0.086	0.218	0.065	23.8	22.5	21.85	20.95	19.8	0.482
2026-03-10 19:00:00	-93.1605	31.1727	0	27.47	24.4	92.56251964953945	100.38	2.829	297.8	1.19	147.3	0	0	3.6	0.22	0	0.267	0.284	0.3	0.336	0.375	-0.1	-0.1	-0.2	0.116	0.209	0.086	0.218	0.065	24	22.6	21.85	20.95	19.8	0.483
2026-03-10 19:15:00	-93.1605	31.1727	0	28.26	24.5	92.01050113959657	100.36	2.829	384.2	1.28	151.4	0	0	3.11	0.24	0	0.267	0.284	0.3	0.336	0.374	-0.1	-0.1	-0.2	0.115	0.21	0.086	0.218	0.066	24.2	22.7	21.9	20.95	19.8	0.476
2026-03-10 19:30:00	-93.1605	31.1727	0	28.56	24.8	89.96129053260114	100.33	2.816	352	1.03	147.9	0	0	3.02	0.31	0	0.266	0.284	0.3	0.336	0.374	-0.1	-0.1	-0.2	0.116	0.209	0.086	0.218	0.066	24.4	22.8	21.95	20.95	19.8	0.479
2026-03-10 19:45:00	-93.1605	31.1727	0	28.55	25.1	87.83392607467623	100.3	2.799	346.9	1.13	154.6	0	0	2.98	0.39	0	0.265	0.284	0.299	0.336	0.374	-0.1	-0.1	-0.2	0.115	0.21	0.087	0.218	0.065	24.6	22.9	22	21	19.8	0.475
2026-03-10 20:00:00	-93.1605	31.1727	0	29.74	25.5	85.15771716593	100.26	2.779	435.9	1.08	137.8	0	0	3.25	0.49	0	0.265	0.284	0.299	0.336	0.373	-0.1	-0.1	-0.2	0.117	0.21	0.087	0.218	0.067	24.75	23	22	21	19.8	0.465
2026-03-10 20:15:00	-93.1605	31.1727	0	28.58	25.9	81.90637546400067	100.24	2.737	301.7	1.15	133.2	0	0	3.34	0.6	0	0.264	0.284	0.299	0.336	0.367	-0.1	-0.1	-0.2	0.115	0.21	0.087	0.218	0.067	24.95	23.1	22.05	21	19.8	0.483
2026-03-10 20:30:00	-93.1605	31.1727	0	27.91	25.6	80.4198606441214	100.23	2.64	252.5	1	137.9	0	0	3.85	0.65	0	0.263	0.284	0.299	0.336	0.367	-0.1	-0.1	-0.2	0.115	0.21	0.087	0.218	0.066	25.1	23.3	22.1	21	19.8	0.489
2026-03-10 20:45:00	-93.1605	31.1727	0	27.87	25.8	78.41891740559939	100.22	2.605	270	1.26	144.1	0	0	4.01	0.72	0	0.263	0.283	0.299	0.336	0.367	-0.1	-0.1	-0.2	0.114	0.21	0.087	0.218	0.067	25.1	23.4	22.15	21	19.8	0.483
2026-03-10 21:00:00	-93.1605	31.1727	0	28.56	26.1	77.45400065809945	100.2	2.619	274.2	0.8	151.9	0	0	4.73	0.76	0	0.262	0.283	0.299	0.336	0.366	-0.1	-0.1	-0.2	0.114	0.209	0.086	0.218	0.067	25.05	23.5	22.2	21	19.8	0.488
2026-03-10 21:15:00	-93.1605	31.1727	0	27.61	26.2	75.88081850983426	100.19	2.581	217	0.98	131.1	0	0	3.6	0.81	0	0.262	0.283	0.299	0.336	0.366	-0.1	-0.1	-0.2	0.112	0.21	0.087	0.217	0.066	25.1	23.6	22.25	21	19.8	0.491
2026-03-10 21:30:00	-93.1605	31.1727	0	27.02	26.2	74.64602797228561	100.17	2.539	188	1.14	155.4	0	0	2.84	0.86	0	0.261	0.283	0.299	0.336	0.366	-0.1	-0.1	-0.2	0.111	0.21	0.087	0.218	0.067	25.1	23.6	22.35	21	19.8	0.496
2026-03-10 21:45:00	-93.1605	31.1727	0	26.45	26.1	74.43746454999476	100.17	2.517	164.4	0.9	143.1	0	0	2.89	0.85	0	0.261	0.283	0.299	0.336	0.365	-0.1	-0.1	-0.2	0.11	0.21	0.086	0.218	0.066	25.05	23.7	22.4	21	19.8	0.496
2026-03-10 22:00:00	-93.1605	31.1727	0	26.45	26.4	72.52132158719074	100.16	2.496	172.9	1.2	136.5	0	0	4.16	0.93	0	0.261	0.283	0.298	0.336	0.363	-0.1	-0.1	-0.2	0.111	0.209	0.087	0.218	0.066	24.95	23.7	22.45	21	19.8	0.501
2026-03-10 22:15:00	-93.1605	31.1727	0	26.52	26.1	73.57982193102383	100.14	2.488	175.1	1.03	147	0	0	4.03	0.89	0	0.26	0.282	0.298	0.336	0.359	-0.1	-0.1	-0.2	0.109	0.208	0.087	0.218	0.067	24.85	23.7	22.5	21	19.8	0.504
2026-03-10 22:30:00	-93.1605	31.1727	0	26	26.2	72.17644689718833	100.13	2.455	156	1.41	137.8	0	0	5.03	0.93	0	0.26	0.282	0.298	0.336	0.358	-0.1	-0.1	-0.2	0.106	0.209	0.088	0.217	0.067	24.75	23.8	22.55	21	19.8	0.514
2026-03-10 22:45:00	-93.1605	31.1727	0	25.97	26	72.52844389047235	100.14	2.438	138.1	1.28	136.7	0	0	4.61	0.93	0	0.26	0.282	0.298	0.336	0.357	-0.1	-0.1	-0.2	0.107	0.209	0.086	0.219	0.067	24.65	23.8	22.6	21	19.8	0.526
2026-03-10 23:00:00	-93.1605	31.1727	0	24.8	25.4	72.53296434683804	100.13	2.353	101.5	1.16	137	0	0	4.27	0.9	0	0.259	0.282	0.298	0.336	0.357	-0.1	-0.1	-0.2	0.105	0.209	0.086	0.217	0.067	24.5	23.7	22.6	21	19.8	0.545
2026-03-10 23:15:00	-93.1605	31.1727	0	24.32	25.3	72.37596225990262	100.12	2.334	81.7	0.98	144.3	0	0	5.59	0.89	0	0.259	0.282	0.298	0.336	0.356	-0.1	-0.1	-0.2	0.104	0.209	0.087	0.218	0.068	24.4	23.7	22.65	21.049999999999997	19.8	0.519
2026-03-10 23:30:00	-93.1605	31.1727	0	23.99	25.2	73.49380797376715	100.12	2.356	73.7	0.9	146.7	0	0	2.72	0.84	0	0.259	0.282	0.298	0.336	0.355	-0.1	-0.1	-0.2	0.105	0.208	0.086	0.218	0.067	24.200000000000003	23.7	22.7	21.049999999999997	19.8	0.518
2026-03-10 23:45:00	-93.1605	31.1727	0	23.11	24.9	73.83395513149021	100.13	2.325	29.4	1.14	148.7	0	0	2.75	0.82	0	0.259	0.282	0.298	0.336	0.354	-0.1	-0.1	-0.2	0.101	0.209	0.086	0.218	0.068	24.1	23.7	22.75	21.049999999999997	19.8	0.555
2026-03-11 00:00:00	-93.1605	31.1727	0	22.48	24.4	75.8103068320901	100.14	2.317	12.4	0.88	148.1	0	0	2.11	0.73	0	0.259	0.282	0.298	0.336	0.354	-0.1	-0.1	-0.2	0.101	0.207	0.086	0.218	0.068	23.9	23.6	22.75	21.049999999999997	19.8	NA
2026-03-11 00:15:00	-93.1605	31.1727	0	21.88	23.7	78.85737338824325	100.15	2.311	1.7	0.72	147.6	0	0	2.1	0.62	0	0.259	0.282	0.298	0.336	0.354	-0.1	-0.1	-0.2	0.1	0.206	0.086	0.219	0.068	23.700000000000003	23.6	22.75	21.049999999999997	19.8	NA
2026-03-11 00:30:00	-93.1605	31.1727	0	21.45	23.2	80.77780472214027	100.15	2.297	0	0.77	133.5	0	0	1.8	0.54	0	0.259	0.282	0.298	0.336	0.353	-0.1	-0.1	-0.2	0.1	0.205	0.086	0.218	0.067	23.5	23.5	22.8	21.049999999999997	19.8	NA
2026-03-11 00:45:00	-93.1605	31.1727	0	21.46	23.2	80.91847133898337	100.16	2.301	0	1	136.8	0	0	4.24	0.54	0	0.259	0.283	0.298	0.336	0.352	-0.1	-0.1	-0.2	0.098	0.206	0.087	0.218	0.068	23.35	23.4	22.8	21.1	19.8	NA
2026-03-11 01:00:00	-93.1605	31.1727	0	21.57	23.2	80.7426380679295	100.17	2.296	0	1.09	134.3	0	0	2.91	0.54	0	0.258	0.283	0.298	0.336	0.352	-0.1	-0.1	-0.2	0.098	0.205	0.086	0.218	0.068	23.15	23.4	22.8	21.15	19.8	NA
2026-03-11 01:15:00	-93.1605	31.1727	0	21.31	22.8	82.25156038180063	100.16	2.283	0	0.9	127.4	0	0	1.96	0.5	0	0.258	0.283	0.298	0.336	0.351	-0.1	-0.1	-0.2	0.096	0.205	0.086	0.218	0.069	23	23.3	22.8	21.15	19.8	NA
2026-03-11 01:30:00	-93.1605	31.1727	0	20.96	22.6	82.74436928011144	100.16	2.269	0	0.83	134.4	0	0	3.08	0.46	0	0.258	0.283	0.298	0.336	0.35	-0.1	-0.1	-0.2	0.096	0.205	0.087	0.219	0.067	22.85	23.2	22.8	21.15	19.8	NA
2026-03-11 01:45:00	-93.1605	31.1727	0	20.78	22.2	84.33178696008272	100.16	2.257	0	0.69	135.2	0	0	1.54	0.42	0	0.258	0.283	0.297	0.336	0.35	-0.1	-0.1	-0.2	0.095	0.206	0.087	0.218	0.068	22.75	23.1	22.8	21.15	19.8	NA
2026-03-11 02:00:00	-93.1605	31.1727	0	20.83	22	85.66788752570548	100.14	2.265	0	0.92	134	0	0	2.07	0.38	0	0.258	0.283	0.298	0.336	0.35	-0.1	-0.1	-0.2	0.094	0.205	0.086	0.218	0.067	22.6	23	22.75	21.15	19.8	NA
2026-03-11 02:15:00	-93.1605	31.1727	0	21.06	22.1	86.3504834102115	100.14	2.297	0	1.06	138.2	0	0	3.45	0.36	0	0.258	0.283	0.298	0.336	0.349	-0.1	-0.1	-0.2	0.094	0.205	0.086	0.218	0.067	22.450000000000003	22.9	22.75	21.15	19.8	NA
2026-03-11 02:30:00	-93.1605	31.1727	0	21.09	22.2	86.835211739137	100.15	2.324	0	1.11	134.5	0	0	3.13	0.35	0	0.258	0.284	0.297	0.336	0.349	-0.1	-0.1	-0.2	0.094	0.204	0.086	0.218	0.067	22.4	22.8	22.75	21.2	19.8	NA
2026-03-11 02:45:00	-93.1605	31.1727	0	21.06	22.2	87.6198672669003	100.14	2.345	0	1.55	139.5	0	0	4.44	0.33	0	0.258	0.284	0.297	0.336	0.348	-0.1	-0.1	-0.2	0.092	0.205	0.085	0.218	0.067	22.3	22.8	22.75	21.2	19.8	NA
2026-03-11 03:00:00	-93.1605	31.1727	0	20.69	21.9	89.08393253700893	100.15	2.341	0	1.18	142.9	0	0	3.04	0.29	0	0.258	0.284	0.297	0.336	0.348	-0.1	-0.1	-0.2	0.092	0.204	0.085	0.218	0.067	22.2	22.7	22.7	21.2	19.8	NA
2026-03-11 03:15:00	-93.1605	31.1727	0	21.35	22	89.14755448039197	100.15	2.357	0	1.43	143.7	0	0	4.32	0.28	0	0.258	0.284	0.297	0.336	0.347	-0.1	-0.1	-0.2	0.091	0.205	0.084	0.218	0.067	22.15	22.6	22.65	21.25	19.8	NA
2026-03-11 03:30:00	-93.1605	31.1727	0	21.56	22.1	89.54586481633599	100.17	2.382	0	1.45	135.7	0	0	4.22	0.27	0	0.258	0.284	0.297	0.336	0.347	-0.1	-0.1	-0.2	0.092	0.202	0.084	0.218	0.065	22.049999999999997	22.6	22.65	21.25	19.8	NA
2026-03-11 03:45:00	-93.1605	31.1727	0	21.02	22	89.90400381836729	100.13	2.377	0	1.66	140.1	0	0	4.05	0.26	0	0.258	0.284	0.297	0.336	0.347	-0.1	-0.1	-0.2	0.091	0.202	0.085	0.218	0.066	22.049999999999997	22.5	22.65	21.25	19.8	NA
2026-03-11 04:00:00	-93.1605	31.1727	0	20.58	21.7	90.8716204444624	100.13	2.359	0	1.49	143.4	0	0	3.84	0.24	0	0.258	0.284	0.297	0.336	0.346	-0.1	-0.1	-0.2	0.091	0.202	0.084	0.218	0.068	22.049999999999997	22.5	22.6	21.25	19.8	NA
2026-03-11 04:15:00	-93.1605	31.1727	0	20.81	21.6	91.73875546648648	100.15	2.367	0	1.38	152.5	0	0	5.19	0.22	0	0.258	0.284	0.297	0.336	0.346	-0.1	-0.1	-0.2	0.091	0.202	0.083	0.218	0.067	21.950000000000003	22.4	22.55	21.25	19.8	NA
2026-03-11 04:30:00	-93.1605	31.1727	0	21.36	21.7	92.33542781067246	100.14	2.397	0	1.06	146.4	0	0	2.92	0.2	0	0.258	0.284	0.297	0.336	0.346	-0.1	-0.1	-0.2	0.09	0.202	0.084	0.218	0.066	21.85	22.4	22.55	21.25	19.8	NA
2026-03-11 04:45:00	-93.1605	31.1727	0	21.42	21.8	92.53899451491837	100.11	2.417	0	1.12	147.1	0	0	4.28	0.19	0	0.257	0.284	0.297	0.336	0.346	-0.1	-0.1	-0.2	0.09	0.202	0.082	0.218	0.066	21.85	22.3	22.55	21.25	19.8	NA
2026-03-11 05:00:00	-93.1605	31.1727	0	21.07	21.7	93.0673314937775	100.07	2.416	0	1.19	144.4	0	0	3.02	0.18	0	0.257	0.284	0.297	0.336	0.345	-0.1	-0.1	-0.2	0.09	0.203	0.083	0.218	0.067	21.85	22.3	22.45	21.3	19.8	NA
2026-03-11 05:15:00	-93.1605	31.1727	0	20.97	21.6	93.36656608312883	100.03	2.409	0	1.36	151.6	0	0	4.44	0.18	0	0.257	0.284	0.297	0.336	0.345	-0.1	-0.1	-0.2	0.091	0.203	0.084	0.218	0.067	21.85	22.2	22.45	21.3	19.8	NA
2026-03-11 05:30:00	-93.1605	31.1727	0	21.27	21.7	93.29845897265278	100.01	2.422	0	1.25	140.5	0	0	3.6	0.17	0	0.257	0.284	0.297	0.336	0.345	-0.1	-0.1	-0.2	0.091	0.203	0.082	0.218	0.067	21.85	22.2	22.45	21.3	19.9	NA
2026-03-11 05:45:00	-93.1605	31.1727	0	21.48	21.8	93.22815541738777	99.98	2.435	0	1.17	144.7	0	0	3.49	0.18	0	0.257	0.284	0.297	0.335	0.345	-0.1	-0.1	-0.2	0.09	0.203	0.083	0.218	0.066	21.799999999999997	22.2	22.45	21.3	19.9	NA
2026-03-11 06:00:00	-93.1605	31.1727	0	21.48	22	92.32464169988833	99.98	2.441	0	1.23	137.8	0	0	3.44	0.19	0	0.257	0.284	0.297	0.336	0.345	-0.1	-0.1	-0.2	0.088	0.203	0.082	0.218	0.066	21.799999999999997	22.1	22.35	21.3	19.9	NA
2026-03-11 06:15:00	-93.1605	31.1727	0	21.61	22	92.5893989681797	99.99	2.448	0	1.07	139.8	0	0	3.31	0.2	0	0.256	0.284	0.297	0.336	0.344	-0.1	-0.1	-0.2	0.089	0.201	0.082	0.219	0.066	21.799999999999997	22.1	22.35	21.35	19.9	NA
2026-03-11 06:30:00	-93.1605	31.1727	0	21.64	22	92.62722143507845	99.98	2.449	0	1.01	146.6	0	0	4.67	0.2	0	0.256	0.284	0.297	0.336	0.344	-0.1	-0.1	-0.2	0.089	0.202	0.083	0.217	0.067	21.799999999999997	22.1	22.35	21.35	19.9	NA
2026-03-11 06:45:00	-93.1605	31.1727	0	21.65	22.1	92.13976266366058	99.98	2.451	0	1.04	140.3	0	0	3.58	0.2	0	0.256	0.284	0.297	0.335	0.343	-0.1	-0.1	-0.2	0.089	0.201	0.083	0.218	0.066	21.799999999999997	22	22.35	21.35	19.9	NA
2026-03-11 07:00:00	-93.1605	31.1727	0	21.66	22.1	92.13976266366058	99.96	2.451	0	1.23	137.9	0	0	4.09	0.21	0	0.256	0.284	0.297	0.335	0.343	-0.1	-0.1	-0.2	0.089	0.201	0.082	0.218	0.067	21.799999999999997	22	22.299999999999997	21.35	19.9	NA
2026-03-11 07:15:00	-93.1605	31.1727	0	21.62	22.2	91.65523855254004	99.95	2.453	0	1.3	139	0	0	4.39	0.21	0	0.256	0.284	0.297	0.335	0.343	-0.1	-0.1	-0.2	0.088	0.2	0.083	0.218	0.066	21.799999999999997	22	22.25	21.35	19.9	NA
2026-03-11 07:30:00	-93.1605	31.1727	0	21.71	22.3	91.13649144422814	99.97	2.454	0	1.25	133.3	0	0	4.75	0.24	0	0.256	0.284	0.297	0.335	0.342	-0.1	-0.1	-0.2	0.086	0.2	0.083	0.219	0.067	21.799999999999997	22	22.25	21.35	19.9	NA
2026-03-11 07:45:00	-93.1605	31.1727	0	21.73	22.4	90.36269975717886	99.99	2.448	0	1.1	136.2	0	0	4.75	0.25	0	0.255	0.284	0.297	0.335	0.342	-0.1	-0.1	-0.2	0.086	0.199	0.082	0.219	0.066	21.799999999999997	22	22.25	21.35	19.9	NA
2026-03-11 08:00:00	-93.1605	31.1727	0	21.68	22.3	90.69083622934195	99.99	2.442	0	1.01	140.6	0	0	3.81	0.25	0	0.255	0.284	0.297	0.335	0.341	-0.1	-0.1	-0.2	0.087	0.2	0.082	0.218	0.067	21.799999999999997	22	22.25	21.35	19.9	NA
2026-03-11 08:15:00	-93.1605	31.1727	0	21.61	22.3	90.24518101445575	99.98	2.43	0	1.2	139.3	0	0	4.98	0.27	0	0.255	0.284	0.297	0.335	0.341	-0.1	-0.1	-0.2	0.088	0.2	0.082	0.218	0.066	21.75	22	22.2	21.35	19.9	NA
2026-03-11 08:30:00	-93.1605	31.1727	0	21.64	22.4	89.43987806848219	99.97	2.423	0	1.09	131.2	0	0	3.17	0.28	0	0.255	0.284	0.297	0.335	0.341	-0.1	-0.1	-0.2	0.087	0.199	0.083	0.218	0.066	21.75	22	22.15	21.35	19.9	NA
2026-03-11 08:45:00	-93.1605	31.1727	0	21.64	22.3	89.94807753786495	99.97	2.422	0	1.21	137.3	0	0	3.59	0.27	0	0.255	0.284	0.297	0.335	0.341	-0.1	-0.1	-0.2	0.087	0.199	0.083	0.219	0.066	21.75	21.9	22.15	21.35	19.9	NA
2026-03-11 09:00:00	-93.1605	31.1727	0	21.65	22.3	89.8366637341434	99.96	2.419	0	1.17	135.8	0	0	5.71	0.27	0	0.255	0.284	0.297	0.335	0.34	-0.1	-0.1	-0.2	0.087	0.2	0.083	0.218	0.066	21.75	21.9	22.15	21.35	19.9	NA
2026-03-11 09:15:00	-93.1605	31.1727	0	21.66	22.3	89.8366637341434	99.95	2.419	0	1.07	131.9	0	0	3.52	0.27	0	0.255	0.284	0.297	0.335	0.34	-0.1	-0.1	-0.2	0.086	0.199	0.083	0.218	0.066	21.75	21.9	22.15	21.35	19.9	NA
2026-03-11 09:30:00	-93.1605	31.1727	0	21.59	22.1	90.93679554606076	99.98	2.419	0	0.63	143.1	0	0	4.52	0.24	0	0.254	0.284	0.297	0.335	0.34	-0.1	-0.1	-0.2	0.087	0.199	0.083	0.218	0.066	21.75	21.9	22.15	21.35	19.9	NA
2026-03-11 09:45:00	-93.1605	31.1727	0	21.61	22.1	90.7864246563608	100.03	2.415	0	0.46	256.3	0	0	1.61	0.25	0	0.254	0.284	0.297	0.335	0.339	-0.1	-0.1	-0.2	0.086	0.2	0.082	0.218	0.066	21.75	21.9	22.15	21.35	19.9	NA
2026-03-11 10:00:00	-93.1605	31.1727	0	21.61	22.1	90.63605376666081	100.06	2.411	0	0.47	191.2	0	0	1.89	0.25	0	0.254	0.284	0.297	0.335	0.339	-0.1	-0.1	-0.2	0.086	0.198	0.082	0.218	0.067	21.700000000000003	21.9	22.1	21.35	19.9	NA
2026-03-11 10:15:00	-93.1605	31.1727	0	21.56	22.1	90.6736464890858	100.08	2.412	0	0.58	152.5	0	0	1.94	0.24	0	0.254	0.284	0.297	0.335	0.338	-0.1	-0.1	-0.2	0.086	0.199	0.081	0.218	0.066	21.700000000000003	21.9	22.1	21.35	19.9	NA
2026-03-11 10:30:00	-93.1605	31.1727	0	21.51	22	91.03867782533028	100.08	2.407	0	0.45	191.3	0	0	1.7	0.23	0	0.254	0.284	0.297	0.335	0.338	-0.1	-0.1	-0.2	0.086	0.2	0.082	0.218	0.066	21.700000000000003	21.9	22.05	21.35	19.9	NA
2026-03-11 10:45:00	-93.1605	31.1727	0	21.35	21.7	92.4895127965893	100.09	2.401	0	0.37	179.5	0	0	2.47	0.19	0	0.254	0.284	0.297	0.335	0.338	-0.1	-0.1	-0.2	0.085	0.2	0.082	0.218	0.067	21.700000000000003	21.8	22.05	21.35	19.9	NA
2026-03-11 11:00:00	-93.1605	31.1727	0	20.94	21.5	93.15947700594712	100.08	2.389	0	0.56	151.2	0	0	1.49	0.17	0	0.254	0.284	0.297	0.335	0.337	-0.1	-0.1	-0.2	0.086	0.202	0.082	0.218	0.066	21.700000000000003	21.8	22.05	21.35	19.9	NA
2026-03-11 11:15:00	-93.1605	31.1727	0	20.37	21.2	93.45748021842003	100.05	2.353	0	0.79	158.2	0	0	2.62	0.16	0	0.254	0.284	0.297	0.335	0.337	-0.1	-0.1	-0.2	0.085	0.201	0.082	0.218	0.066	21.65	21.8	22.05	21.35	19.9	NA
2026-03-11 11:30:00	-93.1605	31.1727	0	20.4	21.1	93.51311675790227	100.06	2.34	0	0.73	168.3	0	0	2.98	0.16	0	0.254	0.284	0.297	0.335	0.337	-0.1	-0.1	-0.2	0.083	0.202	0.082	0.217	0.066	21.65	21.8	22.05	21.299999999999997	19.9	NA
2026-03-11 11:45:00	-93.1605	31.1727	0	20.72	21	94.61177698210658	100.08	2.353	0	0.49	176.4	0	0	1.8	0.13	0	0.254	0.284	0.297	0.335	0.337	-0.1	-0.1	-0.2	0.085	0.202	0.082	0.218	0.066	21.549999999999997	21.8	22.05	21.299999999999997	19.9	NA
2026-03-11 12:00:00	-93.1605	31.1727	0	20.47	21	94.89323998205334	100.07	2.36	0	0.52	152.1	0	0	2.54	0.13	0	0.253	0.284	0.297	0.335	0.336	-0.1	-0.1	-0.2	0.084	0.2	0.081	0.218	0.067	21.5	21.8	22.05	21.299999999999997	19.9	NA
2026-03-11 12:15:00	-93.1605	31.1727	0	20.49	21.1	94.39229990690819	100.06	2.362	0	0.77	157.7	0	0	2.88	0.14	0	0.253	0.284	0.297	0.335	0.336	-0.1	-0.1	-0.2	0.084	0.2	0.082	0.217	0.066	21.450000000000003	21.8	22	21.299999999999997	19.9	NA
2026-03-11 12:30:00	-93.1605	31.1727	0	20.22	21.1	94.43226277731755	100.05	2.363	0	0.82	160.1	0	0	2.91	0.14	0	0.253	0.284	0.297	0.335	0.336	-0.1	-0.1	-0.2	0.083	0.199	0.08	0.218	0.067	21.4	21.7	22	21.299999999999997	19.9	NA
2026-03-11 12:45:00	-93.1605	31.1727	0	20.26	21	95.29532998197729	100.06	2.37	10.7	0.77	152.3	0	0	2.12	0.12	0	0.253	0.284	0.297	0.335	0.336	-0.1	-0.1	-0.2	0.083	0.2	0.08	0.217	0.066	21.35	21.7	21.95	21.299999999999997	19.9	0.529
2026-03-11 13:00:00	-93.1605	31.1727	0	20.91	21.2	94.96678079143318	100.07	2.391	16.9	0.83	151.7	0	0	2.25	0.12	0	0.253	0.284	0.297	0.335	0.335	-0.1	-0.1	-0.2	0.082	0.199	0.081	0.217	0.066	21.3	21.7	21.95	21.299999999999997	19.9	0.555
2026-03-11 13:15:00	-93.1605	31.1727	0	20.87	21.3	95.3732531669714	100.07	2.416	25.7	1.02	151.8	0	0	2.75	0.12	0	0.253	0.284	0.297	0.335	0.335	-0.1	-0.1	-0.2	0.083	0.202	0.08	0.218	0.066	21.25	21.7	21.95	21.299999999999997	19.9	0.546
2026-03-11 13:30:00	-93.1605	31.1727	0	20.75	21.3	95.09692337716642	100.08	2.409	31.8	0.76	159.3	0	0	2.64	0.12	0	0.253	0.284	0.297	0.335	0.335	-0.1	-0.1	-0.2	0.082	0.201	0.08	0.218	0.066	21.35	21.6	21.95	21.299999999999997	19.9	0.561
2026-03-11 13:45:00	-93.1605	31.1727	0	21.28	21.6	94.33550097398738	100.09	2.434	56.3	0.92	148.8	0	0	2.63	0.14	0	0.253	0.284	0.297	0.335	0.335	-0.1	-0.1	-0.2	0.082	0.198	0.08	0.218	0.066	21.35	21.6	21.95	21.299999999999997	19.9	0.547
2026-03-11 14:00:00	-93.1605	31.1727	0	21.62	21.8	94.30018348789572	100.08	2.463	87.3	0.94	138.7	0	0	2.78	0.14	0	0.253	0.284	0.297	0.335	0.334	-0.1	-0.1	-0.2	0.083	0.199	0.08	0.217	0.066	21.35	21.6	21.95	21.299999999999997	19.9	0.536
2026-03-11 14:15:00	-93.1605	31.1727	0	22.61	22.2	94.08393423371213	100.07	2.518	146.2	1.27	138.3	0	0	3.45	0.15	0	0.252	0.285	0.297	0.335	0.334	-0.1	-0.1	-0.2	0.083	0.198	0.08	0.216	0.066	21.4	21.6	21.9	21.299999999999997	19.9	0.52
2026-03-11 14:30:00	-93.1605	31.1727	0	21.83	22.3	92.84483643462525	100.07	2.5	78.2	1.44	136.5	0	0	4.2	0.19	0	0.252	0.285	0.297	0.335	0.333	-0.1	-0.1	-0.2	0.084	0.199	0.08	0.217	0.066	21.5	21.6	21.85	21.299999999999997	19.9	0.543
2026-03-11 14:45:00	-93.1605	31.1727	0	23	22.6	92.80935205724266	100.08	2.545	199.7	1.35	131.6	0	0	3.37	0.2	0	0.252	0.285	0.297	0.335	0.333	-0.1	-0.1	-0.2	0.083	0.199	0.081	0.218	0.066	21.6	21.6	21.85	21.299999999999997	19.9	0.531
2026-03-11 15:00:00	-93.1605	31.1727	0	23.83	23	91.90451424926052	100.1	2.582	184.1	1.09	143.4	0	0	4.91	0.22	0	0.252	0.284	0.297	0.335	0.333	-0.1	-0.1	-0.2	0.083	0.199	0.08	0.218	0.066	21.700000000000003	21.6	21.85	21.299999999999997	19.9	0.517
2026-03-11 15:15:00	-93.1605	31.1727	0	23.71	22.9	91.71027342649393	100.11	2.561	139	1.01	143.4	0	0	3.2	0.23	0	0.251	0.284	0.297	0.335	0.333	-0.1	-0.1	-0.2	0.082	0.199	0.081	0.218	0.066	21.9	21.6	21.85	21.299999999999997	19.9	0.515
2026-03-11 15:30:00	-93.1605	31.1727	0	24.13	23	90.90787350604622	100.11	2.554	140.1	0.83	162.7	0	0	3.32	0.26	0	0.251	0.284	0.297	0.335	0.332	-0.1	-0.1	-0.2	0.083	0.198	0.078	0.218	0.065	22.1	21.7	21.85	21.299999999999997	19.9	0.511
2026-03-11 15:45:00	-93.1605	31.1727	0	24.81	23.3	89.51975268302053	100.13	2.561	201	1.03	157.6	0	0	4.01	0.29	0	0.251	0.284	0.297	0.335	0.332	-0.1	-0.1	-0.2	0.083	0.198	0.079	0.218	0.065	22.25	21.8	21.85	21.299999999999997	19.9	0.504
2026-03-11 16:00:00	-93.1605	31.1727	0	24.66	23.5	88.06675528570354	100.13	2.55	160.9	1.07	155.3	0	0	2.96	0.34	0	0.25	0.284	0.297	0.335	0.332	-0.1	-0.1	-0.2	0.084	0.199	0.08	0.217	0.065	22.4	21.8	21.85	21.299999999999997	20	0.507
2026-03-11 16:15:00	-93.1605	31.1727	0	25	23.4	87.69582160217975	100.14	2.524	220.1	1.13	143.2	0	0	5.45	0.35	0	0.25	0.284	0.297	0.335	0.332	-0.1	-0.1	-0.2	0.085	0.201	0.08	0.218	0.064	22.55	21.9	21.85	21.299999999999997	20	0.491
2026-03-11 16:30:00	-93.1605	31.1727	0.051	24.58	23.4	88.564441071298	100.13	2.549	193.3	1.08	147	0	0	3.52	0.32	0	0.25	0.284	0.297	0.335	0.331	-0.1	-0.1	-0.2	0.085	0.201	0.079	0.217	0.065	22.700000000000003	21.9	21.85	21.299999999999997	20	0.491
2026-03-11 16:45:00	-93.1605	31.1727	0.017	26.86	23.2	90.97613444326379	100.11	2.587	459.6	0.96	142.8	0	0	2.59	0.25	0	0.25	0.284	0.297	0.335	0.331	-0.1	-0.1	-0.2	0.086	0.201	0.081	0.217	0.064	22.85	22	21.85	21.299999999999997	20	0.502
2026-03-11 17:00:00	-93.1605	31.1727	0	29.02	24.6	88.97276556335513	100.1	2.752	472.4	0.91	166.2	0	0	2.85	0.34	0	0.25	0.284	0.297	0.335	0.331	-0.1	-0.1	-0.2	0.087	0.201	0.08	0.218	0.064	23.2	22.1	21.85	21.299999999999997	20	0.488
2026-03-11 17:15:00	-93.1605	31.1727	0	30.07	25.2	84.94212186441764	100.09	2.723	536.8	1.21	148.4	0	0	4.58	0.48	0	0.249	0.283	0.297	0.335	0.331	-0.1	-0.1	-0.2	0.088	0.199	0.08	0.217	0.063	23.700000000000003	22.2	21.9	21.299999999999997	20	0.479
2026-03-11 17:30:00	-93.1605	31.1727	0	33.88	26.1	81.12116220128551	100.07	2.743	802.5	1.36	170.8	0	0	4.78	0.64	0	0.248	0.283	0.297	0.335	0.331	-0.1	-0.1	-0.2	0.089	0.2	0.08	0.218	0.064	24.200000000000003	22.4	21.9	21.299999999999997	20	0.463
2026-03-11 17:45:00	-93.1605	31.1727	0	29.58	25.8	78.56943356184814	100.07	2.61	370.3	1.26	141.7	0	0	5.77	0.71	0	0.247	0.283	0.296	0.335	0.33	-0.1	-0.1	-0.2	0.09	0.202	0.081	0.217	0.064	24.799999999999997	22.6	21.95	21.25	20	0.478
2026-03-11 18:00:00	-93.1605	31.1727	0	30.69	26.1	75.67956765333199	100.06	2.559	447.7	1.06	168.1	0	0	6.49	0.83	0	0.246	0.283	0.296	0.335	0.33	-0.1	-0.1	-0.2	0.087	0.201	0.08	0.216	0.064	25.15	22.8	21.95	21.200000000000003	20	0.453
2026-03-11 18:15:00	-93.1605	31.1727	0	29.77	26.4	74.35178763686744	100.02	2.559	349.6	1.18	154.6	0	0	3.96	0.87	0	0.246	0.283	0.296	0.335	0.33	-0.1	-0.1	-0.2	0.087	0.2	0.08	0.217	0.064	25.35	23	22	21.200000000000003	20	0.477
2026-03-11 18:30:00	-93.1605	31.1727	0	32.38	27	70.82073169710245	100	2.525	569.1	1.21	151.3	0	0	5.36	1.03	0	0.245	0.283	0.296	0.335	0.33	-0.1	-0.1	-0.2	0.088	0.202	0.081	0.217	0.064	25.55	23.2	22.05	21.200000000000003	20	0.439
2026-03-11 18:45:00	-93.1605	31.1727	0	32.2	27.3	68.15349790194628	99.98	2.473	551.2	1.47	149.9	0	0	6.05	1.15	0	0.244	0.283	0.296	0.335	0.33	-0.1	-0.1	-0.2	0.088	0.202	0.082	0.217	0.064	25.700000000000003	23.4	22.15	21.200000000000003	20	0.442
2026-03-11 19:00:00	-93.1605	31.1727	0	29.12	26.8	66.97468223111532	99.96	2.36	329.7	1.46	145.6	0	0	6.64	1.15	0	0.243	0.282	0.296	0.335	0.33	-0.1	-0.1	-0.2	0.087	0.203	0.082	0.217	0.064	25.95	23.6	22.2	21.200000000000003	20	0.47
2026-03-11 19:15:00	-93.1605	31.1727	0	29.26	26.8	64.78949132781199	99.94	2.283	344.4	1.56	157.7	0	0	4.86	1.24	0	0.242	0.282	0.296	0.335	0.33	-0.1	-0.1	-0.2	0.086	0.201	0.082	0.217	0.064	26.05	23.7	22.3	21.200000000000003	20	0.473
2026-03-11 19:30:00	-93.1605	31.1727	0	31.12	27.2	64.09068850119021	99.92	2.312	468	1.36	151.5	0	0	3.78	1.28	0	0.242	0.281	0.296	0.335	0.329	-0.1	-0.1	-0.2	0.086	0.201	0.081	0.218	0.064	26	23.9	22.35	21.200000000000003	20	0.459
2026-03-11 19:45:00	-93.1605	31.1727	0	31.34	27.2	64.17385115927999	99.89	2.315	534.3	1.85	137.5	0	0	4.94	1.29	0	0.241	0.281	0.296	0.335	0.329	-0.1	-0.1	-0.2	0.086	0.201	0.083	0.216	0.064	26	24	22.45	21.200000000000003	20	0.462
2026-03-11 20:00:00	-93.1605	31.1727	0	29.04	26.9	63.845814493214455	99.87	2.263	274.2	1.16	157.9	0	0	4.97	1.28	0	0.24	0.281	0.295	0.335	0.329	-0.1	-0.1	-0.2	0.086	0.201	0.082	0.218	0.064	26.15	24.1	22.5	21.200000000000003	20	0.489
2026-03-11 20:15:00	-93.1605	31.1727	0	29.59	27	62.686865482385734	99.84	2.235	371.8	1.65	141.4	0	0	5.19	1.33	0	0.239	0.281	0.295	0.335	0.329	-0.1	-0.1	-0.2	0.085	0.202	0.082	0.216	0.064	26.1	24.2	22.6	21.200000000000003	20	0.475
2026-03-11 20:30:00	-93.1605	31.1727	0	27.05	26.5	63.80553005582034	99.81	2.209	182.9	1.61	139.6	0	0	6.11	1.25	0	0.239	0.281	0.295	0.335	0.329	-0.1	-0.1	-0.2	0.084	0.201	0.082	0.217	0.064	26.05	24.3	22.7	21.25	20	0.491
2026-03-11 20:45:00	-93.1605	31.1727	0	26.41	25.8	66.8592766056953	99.81	2.221	143.6	1.25	141.6	0	0	3.88	1.11	0	0.238	0.28	0.295	0.335	0.329	-0.1	-0.1	-0.2	0.082	0.202	0.083	0.216	0.062	25.85	24.4	22.75	21.25	20	0.509
2026-03-11 21:00:00	-93.1605	31.1727	0	26.4	25	71.28025389916328	99.79	2.258	178.9	1.36	137.3	0	0	4.38	0.92	0	0.237	0.28	0.295	0.335	0.328	-0.1	-0.1	-0.2	0.082	0.201	0.083	0.217	0.064	25.65	24.4	22.8	21.25	20	0.494
2026-03-11 21:15:00	-93.1605	31.1727	0	25.07	24.6	73.16328796143628	99.77	2.263	77.4	1.2	151.4	0	0	4.49	0.83	0	0.237	0.28	0.295	0.335	0.328	-0.1	-0.1	-0.2	0.083	0.2	0.082	0.217	0.064	25.45	24.4	22.9	21.25	20	0.517
2026-03-11 21:30:00	-93.1605	31.1727	0.374	23.38	23.5	77.56781661634908	99.74	2.246	15.7	0.78	139.7	0	0	2.38	0.65	0.018	0.237	0.28	0.295	0.335	0.328	-0.1	-0.1	-0.2	0.082	0.204	0.082	0.217	0.064	25.200000000000003	24.4	22.95	21.299999999999997	20	0.537
2026-03-11 21:45:00	-93.1605	31.1727	1.515	22.68	21.7	90.13971676135735	99.84	2.34	0.2	0.83	302.6	6	9	1.85	0.26	0.036	0.24	0.28	0.295	0.335	0.328	-0.1	-0.1	-0.2	0.084	0.206	0.082	0.217	0.064	25	24.3	23	21.299999999999997	20	NA
2026-03-11 22:00:00	-93.1605	31.1727	3.366	20.06	18.7	98.39553239794168	99.94	2.122	2.8	2.01	347.6	2	10	9.49	0.04	0.01	0.256	0.28	0.295	0.335	0.328	-0.1	-0.1	-0.2	0.098	0.207	0.081	0.218	0.064	24.700000000000003	24.3	23.05	21.299999999999997	20	NA
2026-03-11 22:15:00	-93.1605	31.1727	10.302	18.45	16.6	97.3452573295863	100	1.839	19.3	1.59	344.7	6	8	5.09	0.05	0.003	0.288	0.28	0.295	0.335	0.328	-0.1	-0.1	-0.2	0.129	0.211	0.082	0.217	0.064	24.25	24.2	23.1	21.299999999999997	20	0.516
2026-03-11 22:30:00	-93.1605	31.1727	4.438	18.82	16.4	97.30515059588323	100.04	1.815	42.9	0.91	321.9	5	3	3.92	0.04	0.002	0.324	0.288	0.298	0.335	0.328	-0.1	-0.1	-0.2	0.165	0.233	0.102	0.218	0.064	23.549999999999997	24.1	23.1	21.299999999999997	20	0.521
2026-03-11 22:45:00	-93.1605	31.1727	0.34	19.25	16.4	98.37738366030068	100.03	1.835	36.1	0.61	334.5	14	1	2.4	0.03	0.002	0.326	0.293	0.321	0.335	0.328	-0.1	-0.1	-0.2	0.181	0.239	0.111	0.216	0.064	22.85	23.8	23.2	21.35	20	0.514
2026-03-11 23:00:00	-93.1605	31.1727	0.443	19.01	16.4	98.80627688606766	100.04	1.843	12.5	0.66	23.3	0	0	3.16	0.02	0.002	0.325	0.293	0.336	0.336	0.33	-0.1	-0.1	-0.2	0.186	0.24	0.105	0.232	0.065	22.5	23.6	23.3	21.35	20	NA
2026-03-11 23:15:00	-93.1605	31.1727	1.379	18.69	16.3	99.32974547327008	99.99	1.841	11.8	0.76	14.3	6	1	3.18	0.01	0.004	0.327	0.294	0.338	0.338	0.334	-0.1	-0.1	-0.2	0.189	0.239	0.108	0.243	0.067	22.25	23.4	23.35	21.35	20	NA
2026-03-11 23:30:00	-93.1605	31.1727	0.306	18.63	16.2	99.6391742193956	99.96	1.835	3.8	0.76	341.3	0	0	2.92	0.01	0.003	0.327	0.295	0.336	0.344	0.343	-0.1	-0.1	-0.2	0.193	0.241	0.109	0.246	0.069	21.95	23.1	23.4	21.450000000000003	20	NA
2026-03-11 23:45:00	-93.1605	31.1727	0.017	18.83	16.3	99.43765394200803	100.02	1.843	4.8	0.77	293.2	0	0	2.24	0.01	0	0.326	0.294	0.336	0.345	0.408	-0.1	-0.1	-0.2	0.192	0.238	0.109	0.241	0.068	21.8	23	23.3	21.5	20	NA
2026-03-12 00:00:00	-93.1605	31.1727	0.545	18.77	16.3	99.86928781695975	100.09	1.851	0	0.39	306.3	0	0	1.24	0.01	0.004	0.326	0.294	0.333	0.345	0.425	-0.1	-0.1	-0.2	0.192	0.238	0.107	0.241	0.101	21.65	22.8	23.25	21.549999999999997	20	NA
2026-03-12 00:15:00	-93.1605	31.1727	0.562	18.78	16.3	99.76137934822182	100.12	1.849	0	0.35	277	0	0	1.11	0	0.004	0.326	0.294	0.333	0.345	0.426	-0.1	-0.1	-0.2	0.194	0.236	0.106	0.24	0.104	21.549999999999997	22.7	23.15	21.549999999999997	20	NA
2026-03-12 00:30:00	-93.1605	31.1727	0.426	18.71	16.3	99.9771962856977	100.13	1.853	0	0.76	270.8	0	0	1.91	0	0.004	0.327	0.295	0.336	0.345	0.427	-0.1	-0.1	-0.2	0.196	0.238	0.109	0.241	0.104	21.4	22.6	23.15	21.549999999999997	20	NA
2026-03-12 00:45:00	-93.1605	31.1727	0.374	18.77	16.3	99.9771962856977	100.18	1.853	0	0.69	259.9	0	0	1.39	0	0.004	0.327	0.295	0.335	0.345	0.429	-0.1	-0.1	-0.2	0.195	0.238	0.108	0.242	0.103	21.35	22.4	23.05	21.6	20	NA
2026-03-12 01:00:00	-93.1605	31.1727	0.715	18.79	16.4	100	100.22	1.867	0	0.65	308.9	14	1	1.72	0	0.004	0.328	0.295	0.335	0.345	0.43	-0.1	-0.1	-0.2	0.198	0.24	0.107	0.242	0.102	21.25	22.3	22.95	21.6	20	NA
2026-03-12 01:15:00	-93.1605	31.1727	0.068	18.71	16.4	100	100.22	1.867	0	0.71	279.7	0	0	2.03	0	0	0.328	0.295	0.335	0.345	0.43	-0.1	-0.1	-0.2	0.199	0.24	0.109	0.24	0.103	21.15	22.2	22.95	21.65	20	NA
2026-03-12 01:30:00	-93.1605	31.1727	0.017	18.82	16.4	100	100.23	1.871	0	0.67	286.5	0	0	1.22	0	0	0.326	0.294	0.329	0.346	0.43	-0.1	-0.1	-0.2	0.196	0.234	0.103	0.241	0.104	21.049999999999997	22.1	22.85	21.65	20	NA
2026-03-12 01:45:00	-93.1605	31.1727	0	18.79	16.5	100	100.26	1.879	0	0.81	283.9	0	0	1.78	0	0	0.324	0.292	0.328	0.346	0.43	-0.1	-0.1	-0.2	0.196	0.231	0.099	0.24	0.104	21.049999999999997	22	22.8	21.65	20	NA
2026-03-12 02:00:00	-93.1605	31.1727	0	18.81	16.6	99.8860797068675	100.3	1.887	0	0.94	315.4	0	0	2.39	0	0	0.323	0.291	0.328	0.356	0.43	-0.1	-0.1	-0.2	0.194	0.229	0.1	0.234	0.103	21.049999999999997	22	22.75	21.65	20	NA
2026-03-12 02:15:00	-93.1605	31.1727	0	18.73	16.6	99.72727830828742	100.31	1.884	0	0.8	312.5	0	0	2.15	0	0	0.322	0.291	0.329	0.381	0.43	-0.1	-0.1	-0.2	0.194	0.226	0.099	0.218	0.104	20.950000000000003	21.9	22.65	21.65	20	NA
2026-03-12 02:30:00	-93.1605	31.1727	0	18.63	16.5	100	100.32	1.878	0	0.56	300.5	0	0	1.18	0	0	0.321	0.291	0.326	0.387	0.43	-0.1	-0.1	-0.2	0.194	0.224	0.1	0.219	0.104	20.950000000000003	21.9	22.65	21.65	20	NA
2026-03-12 02:45:00	-93.1605	31.1727	0	18.73	16.6	99.8331459073408	100.38	1.886	0	0.76	314.8	0	0	2.12	0	0	0.32	0.291	0.321	0.391	0.43	-0.1	-0.1	-0.2	0.192	0.224	0.101	0.222	0.103	20.9	21.8	22.55	21.65	20	NA
2026-03-12 03:00:00	-93.1605	31.1727	0.085	18.64	16.6	99.72727830828742	100.42	1.884	0	0.77	311.3	0	0	1.99	0	0	0.32	0.29	0.32	0.391	0.43	-0.1	-0.1	-0.2	0.181	0.223	0.101	0.225	0.103	20.85	21.8	22.55	21.65	20	NA
2026-03-12 03:15:00	-93.1605	31.1727	0	18.53	16.5	99.99063305134526	100.45	1.877	0	0.77	310.7	0	0	2.29	0	0	0.319	0.29	0.32	0.391	0.43	-0.1	-0.1	-0.2	0.179	0.224	0.1	0.228	0.104	20.8	21.7	22.45	21.65	20	NA
2026-03-12 03:30:00	-93.1605	31.1727	0	18.29	16.4	100	100.46	1.866	0	0.82	306.6	0	0	1.73	0	0	0.31	0.29	0.32	0.392	0.43	-0.1	-0.1	-0.2	0.181	0.223	0.101	0.233	0.104	20.8	21.7	22.45	21.65	20	NA
2026-03-12 03:45:00	-93.1605	31.1727	0.017	18.41	16.4	99.87850995048511	100.49	1.863	0	0.77	282.2	0	0	1.41	0	0	0.305	0.29	0.32	0.392	0.43	-0.1	-0.1	-0.2	0.181	0.223	0.1	0.235	0.103	20.75	21.6	22.4	21.65	20	NA
2026-03-12 04:00:00	-93.1605	31.1727	0	18.1	16.3	99.86928781695975	100.51	1.851	0	0.76	279.9	0	0	1.67	0	0	0.304	0.291	0.32	0.392	0.43	-0.1	-0.1	-0.2	0.18	0.221	0.099	0.235	0.105	20.65	21.6	22.35	21.65	20	NA
2026-03-12 04:15:00	-93.1605	31.1727	0.017	18.24	16.2	100	100.52	1.843	0	0.78	272.6	0	0	2.5	0	0	0.303	0.29	0.319	0.392	0.43	-0.1	-0.1	-0.2	0.176	0.221	0.099	0.234	0.105	20.6	21.5	22.35	21.65	20	NA
2026-03-12 04:30:00	-93.1605	31.1727	0.153	18.27	16.2	100	100.56	1.847	0	0.87	306.9	0	0	1.93	0	0.003	0.302	0.291	0.319	0.392	0.43	-0.1	-0.1	-0.2	0.177	0.22	0.099	0.235	0.103	20.549999999999997	21.5	22.25	21.6	20	NA
2026-03-12 04:45:00	-93.1605	31.1727	0.085	17.7	15.9	99.85027279829549	100.59	1.804	0	1.55	336.6	0	0	4.4	0	0	0.303	0.291	0.319	0.392	0.43	-0.1	-0.1	-0.2	0.177	0.221	0.098	0.236	0.105	20.5	21.4	22.25	21.6	20	NA
2026-03-12 05:00:00	-93.1605	31.1727	0	17.24	15.2	99.97517336451966	100.61	1.727	0	1.4	338.6	0	0	4.07	0	0	0.302	0.291	0.319	0.392	0.43	-0.1	-0.1	-0.2	0.176	0.22	0.1	0.235	0.106	20.4	21.4	22.15	21.6	20	NA
2026-03-12 05:15:00	-93.1605	31.1727	0	16.95	14.7	100	100.64	1.673	0	1.64	333.7	0	0	5.88	0	0	0.302	0.291	0.319	0.392	0.43	-0.1	-0.1	-0.2	0.174	0.22	0.101	0.235	0.107	20.3	21.3	22.15	21.6	20	NA
2026-03-12 05:30:00	-93.1605	31.1727	0	16.61	14.3	99.93902180705321	100.68	1.629	0	1.76	336.1	0	0	5.24	0	0	0.301	0.291	0.319	0.392	0.43	-0.1	-0.1	-0.2	0.172	0.218	0.1	0.235	0.106	20.2	21.3	22.15	21.6	20	NA
2026-03-12 05:45:00	-93.1605	31.1727	0	16.28	13.7	99.82475689254186	100.71	1.565	0	1.88	328.7	0	0	6.42	0	0	0.3	0.29	0.319	0.392	0.43	-0.1	-0.1	-0.2	0.169	0.219	0.099	0.233	0.106	20.05	21.2	22.05	21.6	20.1	NA
2026-03-12 06:00:00	-93.1605	31.1727	0	15.88	13.1	100	100.72	1.509	0	1.51	334.5	0	0	4.97	0	0	0.3	0.29	0.319	0.392	0.43	-0.1	-0.1	-0.2	0.168	0.218	0.099	0.233	0.106	19.95	21.1	22.05	21.6	20.1	NA
2026-03-12 06:15:00	-93.1605	31.1727	0	15.48	12.8	99.64228047611417	100.73	1.473	0	1.68	344.8	0	0	5.14	0	0	0.299	0.29	0.319	0.392	0.43	-0.1	-0.1	-0.2	0.164	0.219	0.1	0.233	0.107	19.75	21.1	22	21.549999999999997	20.1	NA
2026-03-12 06:30:00	-93.1605	31.1727	0.034	15.17	12.5	99.96680709943648	100.76	1.449	0	1.71	337.7	0	0	4.71	0	0	0.299	0.29	0.319	0.392	0.43	-0.1	-0.1	-0.2	0.164	0.216	0.1	0.232	0.106	19.6	21	21.95	21.549999999999997	20.1	NA
2026-03-12 06:45:00	-93.1605	31.1727	0.017	15.2	12.4	100	100.79	1.44	0	1.58	330.9	0	0	5.79	0	0	0.299	0.29	0.319	0.391	0.43	-0.1	-0.1	-0.2	0.161	0.218	0.099	0.229	0.106	19.45	20.9	21.95	21.549999999999997	20.1	NA
2026-03-12 07:00:00	-93.1605	31.1727	0.068	15.1	12.3	100	100.82	1.433	0	1.58	328	0	0	4.74	0	0.003	0.299	0.29	0.319	0.391	0.43	-0.1	-0.1	-0.1	0.162	0.218	0.1	0.227	0.106	19.25	20.8	21.85	21.549999999999997	20.1	NA
2026-03-12 07:15:00	-93.1605	31.1727	0.051	15.01	12.1	100	100.86	1.413	0	1.12	328.5	0	0	5.18	0	0	0.299	0.29	0.319	0.391	0.43	-0.1	-0.1	-0.1	0.16	0.219	0.098	0.226	0.105	19.15	20.7	21.85	21.549999999999997	20.1	NA
2026-03-12 07:30:00	-93.1605	31.1727	0.051	14.77	11.9	100	100.88	1.395	0	1.34	339	0	0	6.26	0	0	0.299	0.29	0.319	0.391	0.43	-0.1	-0.1	-0.1	0.158	0.218	0.099	0.224	0.105	19.05	20.6	21.75	21.5	20.1	NA
2026-03-12 07:45:00	-93.1605	31.1727	0.238	14.53	11.6	100	100.91	1.369	0	1.52	322.9	0	0	4.79	0	0.005	0.299	0.29	0.318	0.391	0.43	-0.1	-0.1	-0.1	0.157	0.216	0.099	0.223	0.105	18.95	20.5	21.75	21.5	20.1	NA
2026-03-12 08:00:00	-93.1605	31.1727	0.272	13.83	10.9	100	100.94	1.307	0	1.77	334.8	0	0	7.61	0	0	0.3	0.291	0.318	0.391	0.43	-0.1	-0.1	-0.1	0.16	0.218	0.098	0.223	0.104	18.75	20.4	21.65	21.5	20.1	NA
2026-03-12 08:15:00	-93.1605	31.1727	0.017	13.27	10.2	99.9584452984901	100.97	1.244	0	1.84	356.7	0	0	6.23	0	0	0.301	0.291	0.319	0.391	0.43	-0.1	-0.1	-0.1	0.159	0.217	0.098	0.222	0.106	18.65	20.3	21.65	21.5	20.1	NA
2026-03-12 08:30:00	-93.1605	31.1727	0	13.52	10	100	100.99	1.228	0	1.25	331.4	0	0	4.24	0	0	0.301	0.291	0.319	0.391	0.43	-0.1	-0.1	-0.1	0.158	0.217	0.099	0.223	0.105	18.45	20.2	21.55	21.5	20.1	NA
2026-03-12 08:45:00	-93.1605	31.1727	0.051	13.54	10.2	99.71738795452269	101.01	1.241	0	1.2	346	0	0	5.18	0	0.006	0.301	0.291	0.319	0.391	0.43	-0.1	-0.1	-0.1	0.154	0.215	0.098	0.223	0.105	18.25	20.1	21.55	21.5	20.1	NA
2026-03-12 09:00:00	-93.1605	31.1727	0	13.29	10	99.59586560199625	101.01	1.223	0	1.31	351	0	0	3.72	0	0	0.3	0.291	0.319	0.391	0.43	-0.1	-0.1	-0.1	0.153	0.217	0.099	0.222	0.105	18.15	20	21.45	21.5	20.1	NA
2026-03-12 09:15:00	-93.1605	31.1727	0	13.11	9.7	100	101.01	1.206	0	1.35	334.2	0	0	4.84	0	0	0.3	0.291	0.319	0.391	0.43	-0.1	-0.1	-0.1	0.152	0.214	0.099	0.222	0.105	18.05	19.9	21.45	21.5	20.1	NA
2026-03-12 09:30:00	-93.1605	31.1727	0	13.07	9.6	100	101.02	1.198	0	1.23	341.1	0	0	4.18	0	0	0.3	0.292	0.319	0.39	0.43	-0.1	-0.1	-0.1	0.149	0.214	0.098	0.222	0.105	17.95	19.8	21.35	21.5	20.1	NA
2026-03-12 09:45:00	-93.1605	31.1727	0	12.85	9.5	100	101.03	1.19	0	1.3	330.7	0	0	5.49	0	0	0.299	0.292	0.319	0.39	0.43	-0.1	-0.1	-0.1	0.149	0.215	0.097	0.221	0.105	17.8	19.7	21.299999999999997	21.45	20.1	NA
