2026-01-01 06:00:00	-91.1593	32.4444	0	2.58	7.5	52.75950907362951	101.67	0.547	0	0.72	237.1	0	0	1.51	0.49	0	0.313	0.382	0.428	0.468	0.463	-45.6	-18.5	-1.8	1.86	3.464	3.267	3.432	3.774	9.9	12	13.3	15.55	17.3	NA
2026-01-01 06:15:00	-91.1593	32.4444	0	2.33	7.4	52.733236788255	101.65	0.543	0	0.62	235.8	0	0	1.22	0.48	0	0.313	0.382	0.428	0.468	0.463	-45.6	-18.5	-1.8	1.864	3.475	3.268	3.432	3.775	9.850000000000001	11.9	13.3	15.55	17.3	NA
2026-01-01 06:30:00	-91.1593	32.4444	0	1.84	6.6	55.30068581912474	101.64	0.539	0	0.65	244.3	0	0	1.8	0.44	0	0.313	0.382	0.428	0.468	0.463	-45.7	-18.5	-1.8	1.865	3.475	3.267	3.433	3.774	9.8	11.9	13.3	15.55	17.3	NA
2026-01-01 06:45:00	-91.1593	32.4444	0	1.28	6.2	55.58271148633529	101.63	0.527	0	0.48	246.4	0	0	0.85	0.42	0	0.313	0.382	0.428	0.468	0.463	-45.7	-18.5	-1.8	1.861	3.469	3.259	3.433	3.773	9.75	11.9	13.3	15.55	17.3	NA
2026-01-01 07:00:00	-91.1593	32.4444	0	1.99	6.9	54.773879799842476	101.63	0.545	0	0.58	227.7	0	0	1.08	0.45	0	0.313	0.382	0.428	0.468	0.463	-45.8	-18.5	-1.8	1.862	3.468	3.259	3.433	3.774	9.7	11.9	13.3	15.55	17.3	NA
2026-01-01 07:15:00	-91.1593	32.4444	0	2	6.8	56.366101573494255	101.64	0.557	0	0.49	163	0	0	1.14	0.43	0	0.313	0.382	0.428	0.468	0.463	-45.8	-18.5	-1.8	1.861	3.47	3.259	3.433	3.773	9.649999999999999	11.8	13.3	15.5	17.3	NA
2026-01-01 07:30:00	-91.1593	32.4444	0	1.26	5.3	60.510950286831516	101.64	0.539	0	0.7	111.8	0	0	1.21	0.35	0	0.313	0.382	0.428	0.468	0.463	-45.9	-18.5	-1.8	1.859	3.471	3.26	3.434	3.773	9.6	11.8	13.3	15.5	17.3	NA
2026-01-01 07:45:00	-91.1593	32.4444	0	1.23	5.6	60.47096129853348	101.64	0.55	0	0.62	132	0	0	1.08	0.36	0	0.313	0.382	0.428	0.468	0.463	-46	-18.5	-1.8	1.859	3.47	3.26	3.434	3.775	9.55	11.8	13.3	15.5	17.3	NA
2026-01-01 08:00:00	-91.1593	32.4444	0	1.16	5	62.82163413151487	101.64	0.548	0	0.71	125.6	0	0	1.13	0.33	0	0.313	0.381	0.428	0.468	0.463	-46	-18.5	-1.8	1.856	3.464	3.261	3.433	3.775	9.5	11.8	13.25	15.5	17.3	NA
2026-01-01 08:15:00	-91.1593	32.4444	0	1	4.2	65.59320218835963	101.62	0.541	0	0.72	112.2	0	0	1.12	0.29	0	0.313	0.381	0.428	0.468	0.463	-46.1	-18.5	-1.8	1.856	3.473	3.262	3.434	3.775	9.5	11.7	13.25	15.5	17.3	NA
2026-01-01 08:30:00	-91.1593	32.4444	0	1	4.6	64.72131694670439	101.61	0.549	0	0.74	117.9	0	0	1.28	0.3	0	0.313	0.381	0.428	0.468	0.463	-46.1	-18.5	-1.8	1.857	3.466	3.262	3.434	3.775	9.4	11.7	13.25	15.5	17.3	NA
2026-01-01 08:45:00	-91.1593	32.4444	0	0.84	4.2	66.68440148539334	101.61	0.55	0	0.67	112.2	0	0	0.98	0.27	0	0.313	0.381	0.428	0.468	0.463	-46.1	-18.5	-1.8	1.853	3.467	3.263	3.433	3.775	9.35	11.7	13.2	15.5	17.3	NA
2026-01-01 09:00:00	-91.1593	32.4444	0	0.66	4	67.75191913492404	101.61	0.551	0	0.58	102.5	0	0	1.04	0.26	0	0.313	0.381	0.428	0.468	0.463	-46.1	-18.5	-1.8	1.853	3.469	3.262	3.435	3.775	9.3	11.6	13.2	15.5	17.3	NA
2026-01-01 09:15:00	-91.1593	32.4444	0	0.61	4.2	67.77560078242705	101.61	0.559	0	0.67	120.4	0	0	1.03	0.27	0	0.313	0.381	0.428	0.468	0.463	-46.2	-18.5	-1.8	1.85	3.469	3.256	3.434	3.775	9.25	11.6	13.2	15.5	17.3	NA
2026-01-01 09:30:00	-91.1593	32.4444	0	0.46	3.8	69.9602628883635	101.62	0.561	0	0.69	119.8	0	0	0.93	0.24	0	0.313	0.381	0.428	0.468	0.463	-46.4	-18.5	-1.8	1.854	3.469	3.263	3.434	3.775	9.2	11.6	13.2	15.5	17.3	NA
2026-01-01 09:45:00	-91.1593	32.4444	0	0.38	4.1	68.3758199217861	101.61	0.56	0	0.69	128.1	0	0	0.94	0.26	0	0.313	0.381	0.428	0.468	0.463	-46.7	-18.5	-1.8	1.851	3.469	3.263	3.435	3.775	9.15	11.6	13.2	15.45	17.3	NA
2026-01-01 10:00:00	-91.1593	32.4444	0	0.42	4	69.22746002352493	101.61	0.563	0	0.77	126.1	0	0	1.15	0.25	0	0.313	0.381	0.428	0.468	0.463	-46.8	-18.5	-1.8	1.847	3.471	3.263	3.438	3.777	9.1	11.5	13.2	15.45	17.2	NA
2026-01-01 10:15:00	-91.1593	32.4444	0	0.14	3.5	70.43858337268675	101.61	0.553	0	0.72	117.7	0	0	0.92	0.23	0	0.313	0.381	0.428	0.468	0.463	-47.2	-18.5	-1.8	1.852	3.463	3.264	3.436	3.777	9.05	11.5	13.2	15.45	17.2	NA
2026-01-01 10:30:00	-91.1593	32.4444	0	0.21	3.8	69.83555653740385	101.6	0.56	0	0.68	122.9	0	0	1.12	0.24	0	0.313	0.381	0.428	0.468	0.463	-47.4	-18.5	-1.8	1.848	3.463	3.256	3.437	3.777	9	11.5	13.2	15.45	17.2	NA
2026-01-01 10:45:00	-91.1593	32.4444	0	0.36	4	69.84226872710863	101.59	0.568	0	0.72	120.2	0	0	1.08	0.25	0	0.313	0.381	0.428	0.468	0.463	-47.5	-18.4	-1.8	1.845	3.465	3.257	3.438	3.778	8.9	11.4	13.15	15.45	17.2	NA
2026-01-01 11:00:00	-91.1593	32.4444	0	0.31	3.1	72.98589368979529	101.57	0.557	0	1.13	101.1	0	0	1.54	0.2	0	0.313	0.381	0.428	0.468	0.463	-47.7	-18.4	-1.8	1.849	3.459	3.258	3.436	3.778	8.9	11.4	13.15	15.45	17.2	NA
2026-01-01 11:15:00	-91.1593	32.4444	0	0.36	3.5	71.3302110103157	101.56	0.56	0	0.86	132.2	0	0	1.27	0.23	0	0.313	0.381	0.428	0.468	0.463	-47.7	-18.5	-1.8	1.845	3.457	3.259	3.438	3.778	8.85	11.4	13.15	15.45	17.2	NA
2026-01-01 11:30:00	-91.1593	32.4444	0	0.49	4.2	69.83675501015738	101.56	0.576	0	0.71	136.5	0	0	1	0.25	0	0.313	0.381	0.428	0.468	0.463	-47.8	-18.4	-1.8	1.846	3.459	3.258	3.438	3.777	8.8	11.4	13.15	15.45	17.2	NA
2026-01-01 11:45:00	-91.1593	32.4444	0	0.3	3.2	73.51124605035137	101.55	0.565	0	1.04	102.5	0	0	1.43	0.2	0	0.313	0.381	0.428	0.468	0.463	-47.8	-18.4	-1.8	1.846	3.461	3.259	3.438	3.777	8.75	11.3	13.15	15.45	17.2	NA
2026-01-01 12:00:00	-91.1593	32.4444	0	0.31	2.9	74.42798281389784	101.56	0.56	0	1.01	106.8	0	0	1.6	0.19	0	0.313	0.381	0.428	0.468	0.463	-47.8	-18.4	-1.8	1.842	3.461	3.259	3.439	3.777	8.7	11.3	13.15	15.4	17.2	NA
2026-01-01 12:15:00	-91.1593	32.4444	0	0.15	2.4	75.88501822781008	101.56	0.551	0	0.85	102.1	0	0	1.69	0.18	0	0.312	0.381	0.428	0.468	0.463	-47.9	-18.4	-1.8	1.843	3.461	3.259	3.438	3.77	8.7	11.3	13.15	15.4	17.2	NA
2026-01-01 12:30:00	-91.1593	32.4444	0	-0.06	2.3	76.28973720598707	101.55	0.55	0	0.59	104.4	0	0	1.22	0.17	0	0.312	0.381	0.428	0.468	0.463	-48	-18.4	-1.8	1.844	3.462	3.26	3.438	3.778	8.65	11.2	13.100000000000001	15.4	17.2	NA
2026-01-01 12:45:00	-91.1593	32.4444	0	-0.25	2.3	76.28973720598707	101.56	0.55	0	0.53	99.6	0	0	0.85	0.17	0	0.312	0.381	0.428	0.468	0.463	-48.1	-18.4	-1.8	1.84	3.464	3.26	3.436	3.778	8.6	11.2	13.100000000000001	15.4	17.2	NA
2026-01-01 13:00:00	-91.1593	32.4444	0	-0.05	2.7	75.76337242990142	101.57	0.562	0	0.61	109.7	0	0	1.32	0.18	0	0.312	0.381	0.428	0.468	0.463	-48.2	-18.4	-1.8	1.84	3.465	3.254	3.437	3.778	8.55	11.2	13.05	15.4	17.2	NA
2026-01-01 13:15:00	-91.1593	32.4444	0	0.3	2.7	77.11147514217723	101.59	0.572	2.1	0.69	104.2	0	0	1.29	0.17	0	0.312	0.381	0.428	0.468	0.463	-48.3	-18.4	-1.8	1.841	3.465	3.255	3.439	3.778	8.5	11.2	13.05	15.4	17.2	NA
2026-01-01 13:30:00	-91.1593	32.4444	0	1.16	3.2	77.15428125284667	101.6	0.593	11.9	0.94	99.8	0	0	1.53	0.18	0	0.312	0.381	0.428	0.468	0.463	-48.3	-18.4	-1.8	1.841	3.467	3.254	3.439	3.778	8.45	11.1	13.05	15.4	17.2	0.36
2026-01-01 13:45:00	-91.1593	32.4444	0	2.49	4	76.85108794796284	101.61	0.625	18.6	0.9	100.7	0	0	1.48	0.19	0	0.312	0.381	0.428	0.468	0.463	-48.4	-18.4	-1.8	1.837	3.468	3.253	3.439	3.778	8.45	11.1	13.05	15.4	17.2	0.289
2026-01-01 14:00:00	-91.1593	32.4444	0	4.32	4.7	78.5519868691872	101.62	0.671	27.1	0.68	105.1	0	0	1.21	0.18	0	0.312	0.381	0.428	0.468	0.463	-48.4	-18.4	-1.8	1.838	3.459	3.255	3.44	3.778	8.4	11.1	13.05	15.4	17.2	0.277
2026-01-01 14:15:00	-91.1593	32.4444	0	6.21	6.2	76.67671964054223	101.64	0.727	52.2	0.62	130.2	0	0	1.06	0.22	0	0.312	0.381	0.428	0.468	0.463	-48.4	-18.4	-1.8	1.837	3.459	3.253	3.441	3.778	8.4	11.1	13.05	15.4	17.2	0.356
2026-01-01 14:30:00	-91.1593	32.4444	0	7.81	7.7	72.97493203836038	101.66	0.767	93.5	0.51	164.3	0	0	1.36	0.28	0	0.312	0.381	0.428	0.468	0.463	-48.5	-18.4	-1.8	1.838	3.461	3.253	3.432	3.778	8.4	11	13.05	15.4	17.2	0.459
2026-01-01 14:45:00	-91.1593	32.4444	0	8.78	9	66.11149974753079	101.67	0.759	137.6	1.27	228.6	0	0	2.73	0.39	0	0.312	0.38	0.428	0.468	0.463	-48.6	-18.4	-1.8	1.838	3.455	3.255	3.433	3.778	8.45	11	12.95	15.4	17.2	0.459
2026-01-01 15:00:00	-91.1593	32.4444	0	10.41	9.9	62.88131523543731	101.69	0.767	177.4	1.54	239.9	0	0	3.15	0.45	0	0.312	0.381	0.428	0.468	0.463	-48.7	-18.4	-1.8	1.837	3.454	3.253	3.442	3.768	8.5	11	12.95	15.350000000000001	17.2	0.47
2026-01-01 15:15:00	-91.1593	32.4444	0	11.51	10.8	59.519945635241505	101.7	0.771	223.8	2.63	244.3	0	0	4.13	0.52	0	0.312	0.38	0.428	0.468	0.463	-48.8	-18.3	-1.8	1.836	3.463	3.254	3.442	3.778	8.55	11	12.95	15.350000000000001	17.2	0.479
2026-01-01 15:30:00	-91.1593	32.4444	0	13.05	11.8	56.49579622878051	101.72	0.782	269.2	3.31	249.3	0	0	5.71	0.61	0	0.312	0.381	0.428	0.468	0.463	-48.7	-18.4	-1.8	1.84	3.454	3.255	3.436	3.769	8.6	11	12.95	15.350000000000001	17.2	0.467
2026-01-01 15:45:00	-91.1593	32.4444	0	14.42	13	51.20943387190714	101.73	0.767	310.1	3.79	255.2	0	0	5.72	0.72	0	0.312	0.381	0.428	0.468	0.463	-48.7	-18.3	-1.8	1.844	3.462	3.255	3.442	3.778	8.7	11	12.95	15.350000000000001	17.2	0.457
2026-01-01 16:00:00	-91.1593	32.4444	0	16.33	13.7	48.796127171114705	101.73	0.765	349.1	3.42	252.6	0	0	5.46	0.8	0	0.312	0.38	0.428	0.468	0.463	-48.8	-18.3	-1.8	1.843	3.463	3.255	3.442	3.778	8.850000000000001	11	12.95	15.350000000000001	17.2	0.453
2026-01-01 16:15:00	-91.1593	32.4444	0	17.82	14.2	46.558402560827815	101.73	0.754	384.7	3.48	256.5	0	0	5.25	0.87	0	0.312	0.38	0.428	0.468	0.463	-48.8	-18.4	-1.8	1.85	3.465	3.247	3.436	3.778	8.95	11	12.95	15.350000000000001	17.2	0.442
2026-01-01 16:30:00	-91.1593	32.4444	0	19.32	14.9	43.85038128116154	101.7	0.743	416.3	3.4	258.5	0	0	5.33	0.95	0	0.312	0.38	0.428	0.468	0.463	-48.8	-18.3	-1.8	1.849	3.464	3.249	3.444	3.778	9.149999999999999	11	12.899999999999999	15.350000000000001	17.2	0.433
2026-01-01 16:45:00	-91.1593	32.4444	0	20.97	15.5	41.85067671673968	101.68	0.737	433.9	2.73	255.8	0	0	4.94	1.02	0	0.312	0.38	0.428	0.468	0.463	-48.7	-18.4	-1.8	1.856	3.457	3.25	3.436	3.777	9.4	11	12.899999999999999	15.350000000000001	17.2	0.426
2026-01-01 17:00:00	-91.1593	32.4444	0	22	16	40.14768451172192	101.66	0.73	466.4	2.92	254.2	0	0	5.48	1.09	0	0.312	0.38	0.428	0.468	0.463	-48.7	-18.3	-1.8	1.858	3.464	3.249	3.436	3.778	9.6	11	12.85	15.3	17.2	0.42
2026-01-01 17:15:00	-91.1593	32.4444	0	23.07	16.8	38.20612681485513	101.64	0.731	486.4	3.37	255.9	0	0	5.45	1.17	0	0.312	0.38	0.428	0.468	0.463	-48.6	-18.3	-1.8	1.86	3.464	3.25	3.436	3.769	9.9	11	12.85	15.3	17.2	0.364
2026-01-01 17:30:00	-91.1593	32.4444	0	23.37	17.2	36.4854585565988	101.6	0.716	472.6	3.99	254.3	0	0	7.02	1.25	0	0.312	0.38	0.428	0.468	0.463	-48.5	-18.3	-1.8	1.867	3.463	3.25	3.436	3.777	10.149999999999999	11.1	12.85	15.3	17.2	0.32
2026-01-01 17:45:00	-91.1593	32.4444	0	24.61	18	34.641654088033206	101.56	0.715	501.9	3.92	256.1	0	0	6.3	1.34	0	0.312	0.38	0.428	0.468	0.463	-48.5	-18.3	-1.8	1.869	3.471	3.25	3.436	3.778	10.4	11.1	12.85	15.3	17.2	0.313
2026-01-01 18:00:00	-91.1593	32.4444	0	25.33	18.5	32.961192652309734	101.53	0.702	499.9	3.73	243.6	0	0	7.71	1.43	0	0.312	0.38	0.428	0.468	0.463	-48.5	-18.4	-1.8	1.875	3.471	3.251	3.444	3.777	10.7	11.2	12.85	15.3	17.2	0.314
2026-01-01 18:15:00	-91.1593	32.4444	0	25.56	18.8	31.380683128119617	101.5	0.681	493.7	4.66	257.1	0	0	8.05	1.49	0	0.312	0.38	0.428	0.468	0.463	-48.5	-18.3	-1.8	1.88	3.47	3.25	3.437	3.778	11	11.2	12.85	15.3	17.2	0.311
2026-01-01 18:30:00	-91.1593	32.4444	0	26.98	19.3	31.08727580051197	101.47	0.696	482.3	3.53	256.5	0	0	8.19	1.54	0	0.312	0.38	0.428	0.468	0.463	-48.5	-18.3	-1.8	1.882	3.478	3.251	3.438	3.778	11.25	11.3	12.85	15.3	17.2	0.313
2026-01-01 18:45:00	-91.1593	32.4444	0	26.46	19.6	30.381334769437736	101.45	0.693	460.8	4.11	256.8	0	0	7.58	1.58	0	0.312	0.38	0.428	0.468	0.463	-48.4	-18.3	-1.8	1.884	3.475	3.251	3.438	3.768	11.5	11.3	12.8	15.3	17.2	0.318
2026-01-01 19:00:00	-91.1593	32.4444	0	26.23	19.9	29.649127783207508	101.42	0.689	436.2	4.48	253.8	0	0	7.64	1.64	0	0.312	0.38	0.428	0.468	0.463	-48.3	-18.3	-1.8	1.886	3.481	3.252	3.438	3.769	11.75	11.4	12.8	15.3	17.2	0.321
2026-01-01 19:15:00	-91.1593	32.4444	0	26.25	19.9	29.476999320024884	101.39	0.685	401.4	3.68	255.4	0	0	6.54	1.64	0	0.313	0.38	0.428	0.468	0.463	-48.3	-18.3	-1.8	1.892	3.489	3.252	3.437	3.768	12	11.5	12.75	15.3	17.2	0.325
2026-01-01 19:30:00	-91.1593	32.4444	0	26.71	20.4	29.08031427777728	101.36	0.697	424.6	3.44	243.8	0	0	6.58	1.7	0	0.313	0.38	0.428	0.468	0.463	-48.2	-18.3	-1.8	1.893	3.486	3.252	3.438	3.777	12.25	11.6	12.75	15.3	17.2	0.326
2026-01-01 19:45:00	-91.1593	32.4444	0	26.31	20.6	28.72388106049397	101.33	0.697	418.6	3.6	233.9	0	0	8.13	1.74	0	0.313	0.381	0.428	0.468	0.463	-48.2	-18.3	-1.8	1.895	3.492	3.26	3.438	3.777	12.45	11.6	12.75	15.3	17.2	0.331
2026-01-01 20:00:00	-91.1593	32.4444	0	25.56	20.8	28.290946071801805	101.32	0.695	401.8	4.13	242.7	0	0	7.63	1.76	0	0.313	0.381	0.428	0.468	0.463	-48.2	-18.3	-1.8	1.897	3.491	3.26	3.438	3.769	12.7	11.7	12.75	15.25	17.2	0.331
2026-01-01 20:15:00	-91.1593	32.4444	0	26.17	21	27.6235829947757	101.31	0.687	406.5	3.12	231.5	0	0	6.74	1.8	0	0.313	0.381	0.428	0.468	0.463	-48.2	-18.3	-1.8	1.899	3.496	3.26	3.439	3.777	12.9	11.8	12.75	15.25	17.2	0.333
2026-01-01 20:30:00	-91.1593	32.4444	0	24.85	21.2	27.28656562263262	101.3	0.687	363.2	3.08	218.5	0	0	5.62	1.83	0	0.313	0.381	0.428	0.468	0.463	-48.2	-18.3	-1.8	1.897	3.502	3.26	3.439	3.777	13.05	11.9	12.75	15.25	17.2	0.33
2026-01-01 20:45:00	-91.1593	32.4444	0	21.94	20.7	27.318780046816432	101.29	0.667	266	4.42	225.3	0	0	9.9	1.77	0	0.313	0.381	0.428	0.467	0.463	-48.2	-18.3	-1.8	1.895	3.501	3.259	3.44	3.778	13.2	11.9	12.8	15.25	17.2	0.327
2026-01-01 21:00:00	-91.1593	32.4444	0	19.88	20.4	27.536596016259697	101.28	0.66	180.1	5.2	243.5	0	0	8.62	1.73	0	0.313	0.381	0.427	0.467	0.463	-48.2	-18.3	-1.8	1.898	3.506	3.26	3.44	3.778	13.3	12	12.8	15.25	17.2	0.328
2026-01-01 21:15:00	-91.1593	32.4444	0	20.97	20.6	27.81724492945973	101.27	0.675	229.5	4.31	236	0	0	7.61	1.75	0	0.314	0.381	0.428	0.467	0.463	-48.1	-18.3	-1.8	1.893	3.513	3.259	3.441	3.778	13.4	12.1	12.8	15.25	17.2	0.33
2026-01-01 21:30:00	-91.1593	32.4444	0	21.17	20.9	27.955674982924744	101.26	0.691	223.9	3.92	231.1	0	0	6.94	1.78	0	0.314	0.381	0.428	0.467	0.463	-48.1	-18.3	-1.8	1.891	3.509	3.259	3.44	3.778	13.5	12.2	12.8	15.25	17.2	0.332
2026-01-01 21:45:00	-91.1593	32.4444	0	20.74	20.8	28.006001291222503	101.25	0.688	203.5	3.79	228.3	0	0	7.01	1.77	0	0.314	0.381	0.427	0.467	0.463	-48.2	-18.3	-1.8	1.891	3.515	3.26	3.441	3.779	13.5	12.2	12.8	15.2	17.1	0.325
2026-01-01 22:00:00	-91.1593	32.4444	0	17.77	20.2	28.385718178256788	101.24	0.672	98.6	2.85	226.7	0	0	7.32	1.69	0	0.314	0.381	0.428	0.467	0.462	-48.2	-18.3	-1.8	1.885	3.513	3.266	3.44	3.781	13.6	12.3	12.8	15.2	17.1	0.336
2026-01-01 22:15:00	-91.1593	32.4444	0	16.9	19.7	29.147680377679674	101.23	0.669	81.4	3.08	227.6	0	0	5.44	1.63	0	0.314	0.381	0.428	0.467	0.462	-48.3	-18.3	-1.8	1.885	3.511	3.267	3.442	3.781	13.6	12.4	12.8	15.2	17.1	0.33
2026-01-01 22:30:00	-91.1593	32.4444	0	15.05	18.8	31.288522531561263	101.23	0.679	46.7	2.38	233.8	0	0	4.51	1.49	0	0.314	0.381	0.427	0.467	0.462	-48.4	-18.3	-1.8	1.881	3.519	3.275	3.441	3.781	13.6	12.4	12.8	15.2	17.1	0.331
2026-01-01 22:45:00	-91.1593	32.4444	0	13.99	18.5	31.270875080396422	101.24	0.666	30.6	1.51	230	0	0	3.21	1.46	0	0.314	0.381	0.427	0.467	0.462	-48.5	-18.3	-1.8	1.881	3.517	3.273	3.441	3.772	13.6	12.5	12.85	15.2	17.1	0.306
2026-01-01 23:00:00	-91.1593	32.4444	0	14.01	18.5	30.75438915564513	101.24	0.655	12.1	2.18	226.9	0	0	4.55	1.48	0	0.314	0.381	0.427	0.467	0.462	-48.6	-18.3	-1.8	1.877	3.516	3.273	3.442	3.782	13.55	12.5	12.85	15.2	17.1	NA
2026-01-01 23:15:00	-91.1593	32.4444	0	12.71	17.6	32.64358575064763	101.24	0.657	0	1.62	229.2	0	0	3.19	1.35	0	0.314	0.382	0.427	0.467	0.462	-48.7	-18.3	-1.8	1.872	3.513	3.273	3.443	3.782	13.5	12.6	12.85	15.2	17.1	NA
2026-01-01 23:30:00	-91.1593	32.4444	0	11.91	17.6	32.09704169698382	101.24	0.646	0	0.68	207.3	0	0	1.55	1.36	0	0.314	0.382	0.428	0.467	0.462	-48.7	-18.3	-1.8	1.869	3.512	3.281	3.443	3.772	13.45	12.6	12.85	15.2	17.1	NA
2026-01-01 23:45:00	-91.1593	32.4444	0	10.66	16.7	33.61043428928272	101.24	0.639	0	0.59	171.4	0	0	1.36	1.27	0	0.314	0.382	0.428	0.467	0.462	-48.8	-18.3	-1.8	1.865	3.518	3.28	3.445	3.773	13.4	12.7	12.85	15.2	17.1	NA
2026-01-02 00:00:00	-91.1593	32.4444	0	9.69	15.3	36.23680450541324	101.25	0.63	0	0.79	159.2	0	0	1.46	1.11	0	0.314	0.382	0.428	0.467	0.462	-49	-18.3	-1.8	1.861	3.51	3.279	3.442	3.773	13.3	12.7	12.95	15.2	17.1	NA
2026-01-02 00:15:00	-91.1593	32.4444	0	9.25	14.7	37.54439548881556	101.25	0.628	0	0.74	142.7	0	0	1.33	1.05	0	0.314	0.382	0.428	0.467	0.462	-49.1	-18.3	-1.8	1.862	3.509	3.279	3.445	3.782	13.2	12.7	12.95	15.2	17.1	NA
2026-01-02 00:30:00	-91.1593	32.4444	0	8.89	14.1	38.96809890700963	101.24	0.627	0	0.77	142	0	0	1.43	0.98	0	0.314	0.382	0.428	0.467	0.462	-49.3	-18.3	-1.8	1.854	3.508	3.279	3.44	3.782	13.149999999999999	12.7	12.95	15.2	17.1	NA
2026-01-02 00:45:00	-91.1593	32.4444	0	8.21	13.4	40.9779073611122	101.23	0.63	0	0.67	149.9	0	0	1.37	0.91	0	0.314	0.382	0.428	0.467	0.462	-49.5	-18.3	-1.8	1.851	3.506	3.278	3.441	3.773	13.05	12.8	12.95	15.2	17.1	NA
2026-01-02 01:00:00	-91.1593	32.4444	0	8.38	13	42.19603938337068	101.23	0.632	0	0.7	151.4	0	0	1.45	0.86	0	0.314	0.382	0.428	0.467	0.462	-49.6	-18.3	-1.8	1.847	3.505	3.277	3.443	3.782	12.95	12.8	12.95	15.2	17.1	NA
2026-01-02 01:15:00	-91.1593	32.4444	0	7.58	12.8	43.090381984578904	101.24	0.637	0	0.69	145.2	0	0	1.26	0.84	0	0.314	0.382	0.428	0.467	0.462	-49.6	-18.3	-1.8	1.848	3.505	3.284	3.445	3.783	12.850000000000001	12.8	13	15.149999999999999	17.1	NA
2026-01-02 01:30:00	-91.1593	32.4444	0	7.78	12.7	42.897108898907376	101.23	0.63	0	0.91	123.5	0	0	1.72	0.84	0	0.314	0.382	0.428	0.467	0.462	-49.8	-18.3	-1.8	1.845	3.504	3.275	3.445	3.774	12.75	12.8	13	15.149999999999999	17.1	NA
2026-01-02 01:45:00	-91.1593	32.4444	0	7.78	11.9	45.57387338787619	101.23	0.635	0	0.66	112.8	0	0	1.41	0.75	0	0.314	0.382	0.428	0.467	0.462	-49.8	-18.3	-1.8	1.842	3.504	3.283	3.442	3.775	12.649999999999999	12.8	13	15.149999999999999	17.1	NA
2026-01-02 02:00:00	-91.1593	32.4444	0	8.14	11.8	47.031666681503985	101.21	0.651	0	0.63	128.5	0	0	1.89	0.73	0	0.314	0.382	0.428	0.467	0.462	-49.9	-18.3	-1.8	1.838	3.504	3.283	3.445	3.775	12.55	12.8	13	15.149999999999999	17.1	NA
2026-01-02 02:15:00	-91.1593	32.4444	0	8.93	12.3	46.205959321789976	101.22	0.661	0	1.07	125.5	0	0	1.76	0.77	0	0.314	0.382	0.428	0.467	0.462	-50.1	-18.3	-1.8	1.835	3.503	3.281	3.445	3.774	12.45	12.8	13.05	15.149999999999999	17.1	NA
2026-01-02 02:30:00	-91.1593	32.4444	0	9.35	12.6	45.920976751578344	101.22	0.67	0	1.11	127.4	0	0	1.63	0.78	0	0.314	0.382	0.428	0.467	0.462	-50.2	-18.3	-1.8	1.831	3.503	3.281	3.445	3.775	12.350000000000001	12.8	13.1	15.149999999999999	17.1	NA
2026-01-02 02:45:00	-91.1593	32.4444	0	9.67	13	45.60109952348446	101.2	0.683	0	0.76	161.5	0	0	1.33	0.81	0	0.314	0.382	0.428	0.467	0.462	-50.4	-18.3	-1.8	1.832	3.503	3.28	3.445	3.775	12.3	12.8	13.1	15.149999999999999	17.1	NA
2026-01-02 03:00:00	-91.1593	32.4444	0	10.18	13.5	44.782854256435144	101.19	0.693	0	0.89	191.9	0	0	1.87	0.85	0	0.314	0.382	0.428	0.467	0.462	-50.5	-18.3	-1.8	1.832	3.494	3.28	3.446	3.775	12.25	12.8	13.1	15.1	17.1	NA
2026-01-02 03:15:00	-91.1593	32.4444	0	10.04	13.5	45.10596287300394	101.19	0.698	0	0.84	190.7	0	0	1.86	0.85	0	0.314	0.382	0.428	0.467	0.462	-50.5	-18.3	-1.8	1.829	3.495	3.28	3.446	3.775	12.149999999999999	12.8	13.1	15.1	17.1	NA
2026-01-02 03:30:00	-91.1593	32.4444	0	10.16	13.6	44.941559698565975	101.19	0.7	0	1.01	196.7	0	0	2.08	0.86	0	0.314	0.382	0.428	0.467	0.462	-50.6	-18.3	-1.8	1.829	3.494	3.279	3.446	3.784	12.149999999999999	12.8	13.1	15.1	17.1	NA
2026-01-02 03:45:00	-91.1593	32.4444	0	10.09	13.6	45.71198643625568	101.2	0.712	0	0.73	202.3	0	0	2.08	0.84	0	0.314	0.382	0.428	0.467	0.462	-50.7	-18.3	-1.8	1.83	3.494	3.279	3.447	3.775	12.05	12.8	13.1	15.1	17.1	NA
2026-01-02 04:00:00	-91.1593	32.4444	0	10.91	14.1	45.49385709717871	101.2	0.732	0	0.92	205.3	0	0	3.16	0.88	0	0.314	0.382	0.428	0.467	0.462	-50.8	-18.3	-1.8	1.821	3.494	3.278	3.446	3.775	12.05	12.8	13.1	15.1	17.1	NA
2026-01-02 04:15:00	-91.1593	32.4444	0	10.74	14.2	46.126162749255144	101.2	0.747	0	1.02	197.9	0	0	2.5	0.87	0	0.314	0.382	0.428	0.467	0.462	-50.9	-18.2	-1.8	1.826	3.496	3.277	3.447	3.775	12.05	12.7	13.2	15.1	17.1	NA
2026-01-02 04:30:00	-91.1593	32.4444	0	10.24	14.1	46.612558501207694	101.2	0.75	0	0.88	211.4	0	0	2.49	0.86	0	0.314	0.382	0.428	0.467	0.462	-51	-18.3	-1.8	1.822	3.496	3.277	3.447	3.775	12	12.7	13.2	15.1	17.1	NA
2026-01-02 04:45:00	-91.1593	32.4444	0	10.31	13.8	47.52928187622916	101.19	0.75	0	1.09	198	0	0	2.14	0.82	0	0.314	0.382	0.428	0.467	0.462	-51.1	-18.3	-1.8	1.827	3.487	3.276	3.447	3.777	11.95	12.7	13.2	15.1	17.1	NA
2026-01-02 05:00:00	-91.1593	32.4444	0	9.91	13	50.4082432507039	101.17	0.755	0	0.94	186.1	0	0	2.02	0.75	0	0.314	0.382	0.428	0.467	0.462	-51.1	-18.3	-1.8	1.823	3.495	3.277	3.447	3.777	11.95	12.7	13.2	15.1	17.1	NA
2026-01-02 05:15:00	-91.1593	32.4444	0	10.08	13.2	50.93975872509587	101.17	0.773	0	1.01	199.4	0	0	2.69	0.74	0	0.314	0.382	0.428	0.467	0.462	-51.2	-18.2	-1.8	1.823	3.496	3.276	3.448	3.776	11.95	12.7	13.2	15.1	17.1	NA
2026-01-02 05:30:00	-91.1593	32.4444	0	10.73	13.7	51.41134444433786	101.17	0.806	0	1.19	220.4	0	0	3.24	0.76	0	0.314	0.382	0.428	0.467	0.462	-51.2	-18.2	-1.8	1.823	3.496	3.276	3.439	3.784	11.95	12.7	13.2	15.1	17.1	NA
2026-01-02 05:45:00	-91.1593	32.4444	0	10.96	13.7	53.516275420346716	101.15	0.839	0	1.06	215.3	0	0	2.72	0.73	0	0.314	0.382	0.428	0.467	0.462	-51.3	-18.2	-1.8	1.819	3.496	3.276	3.448	3.775	11.95	12.7	13.2	15.1	17.1	NA
2026-01-02 06:00:00	-91.1593	32.4444	0	10.98	13.5	55.38081687989166	101.13	0.857	0	1.24	195.9	0	0	3.33	0.69	0	0.314	0.382	0.428	0.468	0.462	-51.4	-18.2	-1.8	1.82	3.496	3.276	3.433	3.776	11.850000000000001	12.7	13.2	15.1	17.1	NA
2026-01-02 06:15:00	-91.1593	32.4444	0	11.16	13.3	57.155288473182146	101.12	0.873	0	1.21	195.6	0	0	2.46	0.66	0	0.314	0.382	0.428	0.467	0.462	-51.6	-18.2	-1.8	1.819	3.489	3.276	3.442	3.785	11.850000000000001	12.7	13.2	15.1	17.1	NA
2026-01-02 06:30:00	-91.1593	32.4444	0	11.08	13.1	58.3710544480496	101.11	0.88	0	0.91	189.6	0	0	2.53	0.62	0	0.314	0.382	0.428	0.467	0.462	-51.6	-18.2	-1.8	1.824	3.488	3.275	3.445	3.777	11.850000000000001	12.7	13.2	15.1	17.1	NA
2026-01-02 06:45:00	-91.1593	32.4444	0	11.04	13	59.02104242863874	101.1	0.884	0	0.9	191.6	0	0	1.86	0.61	0	0.314	0.382	0.428	0.467	0.462	-51.6	-18.2	-1.8	1.82	3.489	3.275	3.445	3.775	11.850000000000001	12.7	13.25	15.1	17.1	NA
2026-01-02 07:00:00	-91.1593	32.4444	0	11.01	13	60.02253070514279	101.09	0.899	0	0.7	203.9	0	0	1.53	0.6	0	0.314	0.382	0.428	0.467	0.462	-51.7	-18.2	-1.8	1.824	3.488	3.275	3.448	3.775	11.850000000000001	12.7	13.25	15.1	17.1	NA
2026-01-02 07:15:00	-91.1593	32.4444	0	11.42	13.5	60.48593302167864	101.08	0.936	0	1.08	223.7	0	0	2.77	0.61	0	0.314	0.382	0.428	0.467	0.462	-51.7	-18.2	-1.8	1.824	3.489	3.276	3.44	3.776	11.850000000000001	12.7	13.25	15.1	17.1	NA
2026-01-02 07:30:00	-91.1593	32.4444	0	11.07	13.4	62.24739261045139	101.07	0.957	0	0.72	206.9	0	0	1.74	0.57	0	0.314	0.382	0.428	0.467	0.462	-51.7	-18.2	-1.8	1.824	3.488	3.275	3.448	3.777	11.850000000000001	12.7	13.3	15.05	17.1	NA
2026-01-02 07:45:00	-91.1593	32.4444	0	10.74	13.2	64.64670544543215	101.07	0.981	0	0.82	198.8	0	0	1.75	0.54	0	0.314	0.382	0.428	0.467	0.462	-51.8	-18.2	-1.8	1.82	3.489	3.274	3.446	3.777	11.850000000000001	12.7	13.3	15.05	17.1	NA
2026-01-02 08:00:00	-91.1593	32.4444	0	10.22	13	66.03146036416709	101.06	0.989	0	0.78	186.1	0	0	1.68	0.51	0	0.314	0.382	0.428	0.467	0.462	-51.9	-18.2	-1.8	1.82	3.489	3.274	3.448	3.777	11.850000000000001	12.7	13.3	15.05	17.1	NA
2026-01-02 08:15:00	-91.1593	32.4444	0	10.27	12.7	67.88637709874708	101.04	0.997	0	0.87	155.4	0	0	1.97	0.47	0	0.314	0.382	0.428	0.467	0.462	-52	-18.2	-1.8	1.82	3.482	3.273	3.45	3.778	11.850000000000001	12.7	13.3	15.05	17.1	NA
2026-01-02 08:30:00	-91.1593	32.4444	0	10.53	12.8	69.60754012893514	101.02	1.029	0	0.97	167.1	0	0	2.02	0.45	0	0.314	0.382	0.428	0.467	0.462	-52.1	-18.2	-1.8	1.82	3.49	3.273	3.45	3.777	11.850000000000001	12.6	13.3	15.05	17.1	NA
2026-01-02 08:45:00	-91.1593	32.4444	0	10.63	12.7	71.42709084913307	100.99	1.049	0	0.99	139.3	0	0	1.82	0.42	0	0.314	0.382	0.428	0.467	0.462	-52.2	-18.2	-1.8	1.816	3.49	3.274	3.45	3.779	11.850000000000001	12.6	13.3	15.05	17	NA
2026-01-02 09:00:00	-91.1593	32.4444	0	10.97	12.8	72.44866421583046	100.97	1.071	0	0.93	151.9	0	0	1.82	0.41	0	0.314	0.382	0.428	0.467	0.462	-52.3	-18.2	-1.8	1.816	3.483	3.274	3.45	3.779	11.850000000000001	12.6	13.3	15.05	17	NA
2026-01-02 09:15:00	-91.1593	32.4444	0	10.86	12.8	74.00451788246362	100.96	1.094	0	0.78	131.5	0	0	1.45	0.38	0	0.314	0.382	0.428	0.467	0.462	-52.3	-18.2	-1.8	1.816	3.483	3.274	3.447	3.779	11.850000000000001	12.6	13.3	15.05	17	NA
2026-01-02 09:30:00	-91.1593	32.4444	0	11.26	12.8	75.42507992591126	100.94	1.115	0	0.75	123.7	0	0	1.29	0.37	0	0.314	0.382	0.428	0.467	0.462	-52.3	-18.1	-1.8	1.816	3.483	3.273	3.447	3.779	11.850000000000001	12.6	13.3	15.05	17	NA
2026-01-02 09:45:00	-91.1593	32.4444	0	12.21	13.2	76.24489113187055	100.93	1.157	0	0.9	196.8	0	0	1.63	0.36	0	0.314	0.382	0.428	0.467	0.462	-52.3	-18.1	-1.8	1.816	3.484	3.273	3.449	3.779	11.850000000000001	12.6	13.3	15.05	17	NA
2026-01-02 10:00:00	-91.1593	32.4444	0	12.51	13.6	76.7216626282662	100.92	1.195	0	0.99	205.2	0	0	2.31	0.36	0	0.314	0.382	0.428	0.467	0.462	-52.4	-18.1	-1.8	1.82	3.483	3.273	3.45	3.779	11.850000000000001	12.6	13.3	15.05	17	NA
2026-01-02 10:15:00	-91.1593	32.4444	0	12.46	13.8	77.3776708945011	100.9	1.221	0	1.33	206.2	0	0	2.64	0.36	0	0.314	0.382	0.428	0.467	0.462	-52.4	-18.1	-1.8	1.82	3.483	3.273	3.45	3.779	11.9	12.6	13.3	15.05	17	NA
2026-01-02 10:30:00	-91.1593	32.4444	0	12.35	13.7	78.26516083523889	100.88	1.227	0	1.44	195.7	0	0	3.03	0.34	0	0.314	0.382	0.428	0.467	0.462	-52.5	-18.1	-1.8	1.819	3.483	3.273	3.451	3.779	11.95	12.6	13.3	15.05	17	NA
2026-01-02 10:45:00	-91.1593	32.4444	0	12.78	13.9	78.26172857682712	100.87	1.243	0	1.79	198.9	0	0	3.37	0.35	0	0.314	0.382	0.428	0.467	0.462	-52.6	-18.2	-1.8	1.819	3.482	3.273	3.451	3.779	11.95	12.6	13.3	15.05	17	NA
2026-01-02 11:00:00	-91.1593	32.4444	0	12.59	13.9	78.63950039618429	100.85	1.249	0	1.39	192.3	0	0	2.94	0.34	0	0.314	0.382	0.428	0.467	0.462	-52.6	-18.1	-1.8	1.819	3.482	3.273	3.452	3.778	11.95	12.6	13.3	15.05	17	NA
2026-01-02 11:15:00	-91.1593	32.4444	0	12.64	14	78.6310633668347	100.84	1.257	0	1.33	192.2	0	0	2.97	0.34	0	0.314	0.382	0.428	0.467	0.462	-52.7	-18.1	-1.7	1.819	3.483	3.273	3.451	3.779	11.95	12.7	13.3	15.05	17	NA
2026-01-02 11:30:00	-91.1593	32.4444	0	12.72	14.1	78.7441488280402	100.84	1.267	0	1.14	195.2	0	0	2.24	0.34	0	0.314	0.382	0.428	0.467	0.462	-52.7	-18.1	-1.8	1.822	3.482	3.273	3.452	3.779	12.05	12.7	13.3	15.05	17	NA
2026-01-02 11:45:00	-91.1593	32.4444	0	12.88	14.2	78.60589716171592	100.83	1.273	0	1.17	186.3	0	0	2.19	0.35	0	0.314	0.382	0.428	0.467	0.462	-52.7	-18.1	-1.8	1.823	3.49	3.273	3.453	3.779	12.05	12.7	13.3	15.05	17	NA
2026-01-02 12:00:00	-91.1593	32.4444	0	12.61	14.1	79.55209984206114	100.82	1.28	0	1.31	174.1	0	0	2.38	0.33	0	0.314	0.382	0.428	0.467	0.462	-52.6	-18.1	-1.7	1.818	3.489	3.273	3.452	3.779	12.05	12.7	13.3	15.05	17	NA
2026-01-02 12:15:00	-91.1593	32.4444	0	12.19	13.5	82.39269722504301	100.8	1.275	0	0.86	134.9	0	0	1.79	0.27	0	0.314	0.382	0.428	0.467	0.462	-52.7	-18.1	-1.7	1.822	3.497	3.273	3.452	3.78	12.1	12.7	13.3	15	17	NA
2026-01-02 12:30:00	-91.1593	32.4444	0	12.01	13.2	83.49375718589452	100.79	1.267	0	1.24	126.3	0	0	2.71	0.24	0	0.314	0.382	0.428	0.467	0.462	-52.7	-18.1	-1.7	1.821	3.498	3.273	3.454	3.779	12.149999999999999	12.7	13.3	15	17	NA
2026-01-02 12:45:00	-91.1593	32.4444	0	11.88	12.9	85.5509878168396	100.79	1.273	0	1.2	113.1	0	0	1.96	0.22	0	0.314	0.382	0.428	0.467	0.462	-52.7	-18.1	-1.7	1.817	3.497	3.273	3.452	3.789	12.149999999999999	12.7	13.3	15	17	NA
2026-01-02 13:00:00	-91.1593	32.4444	0	12.11	12.9	86.2230301406168	100.78	1.283	0	1.44	117.8	0	0	2.8	0.2	0	0.314	0.382	0.428	0.467	0.462	-52.7	-18.1	-1.7	1.821	3.496	3.273	3.454	3.78	12.149999999999999	12.7	13.3	15	17	NA
2026-01-02 13:15:00	-91.1593	32.4444	0	12.06	13.1	85.96464382349123	100.75	1.296	0	1.8	124.9	0	0	2.89	0.21	0	0.314	0.382	0.428	0.467	0.462	-52.7	-18.1	-1.7	1.817	3.498	3.273	3.452	3.78	12.2	12.7	13.3	15	17	NA
2026-01-02 13:30:00	-91.1593	32.4444	0	12.46	13.4	85.14298529475535	100.74	1.309	1.2	2.01	135.4	0	0	3.48	0.23	0	0.314	0.382	0.428	0.467	0.462	-52.8	-18.1	-1.7	1.817	3.497	3.273	3.451	3.789	12.2	12.7	13.3	15	17	NA
2026-01-02 13:45:00	-91.1593	32.4444	0	13.15	13.8	84.41200461218301	100.74	1.332	12.2	1.65	142.9	0	0	2.89	0.24	0	0.314	0.382	0.428	0.467	0.462	-52.8	-18.1	-1.7	1.816	3.496	3.273	3.454	3.789	12.25	12.7	13.3	15	17	NA
2026-01-02 14:00:00	-91.1593	32.4444	0	13.44	14.1	83.84045522417225	100.73	1.349	16.7	1.61	144.8	0	0	3.04	0.26	0	0.314	0.382	0.428	0.467	0.462	-52.8	-18.1	-1.7	1.82	3.497	3.273	3.452	3.789	12.25	12.7	13.3	15	17	NA
2026-01-02 14:15:00	-91.1593	32.4444	0	14.28	14.5	83.15068265708786	100.73	1.373	52.7	2.14	153.9	0	0	3.92	0.27	0	0.314	0.382	0.428	0.467	0.462	-52.8	-18.1	-1.7	1.82	3.497	3.273	3.453	3.789	12.25	12.7	13.3	15	17	0.337
2026-01-02 14:30:00	-91.1593	32.4444	0	15.12	14.9	82.86128575874939	100.74	1.404	67.1	2.16	154.4	0	0	3.74	0.29	0	0.314	0.382	0.428	0.467	0.462	-52.9	-18.1	-1.7	1.824	3.497	3.273	3.453	3.781	12.3	12.7	13.3	15	17	0.338
2026-01-02 14:45:00	-91.1593	32.4444	0	15.64	15.3	82.25179435355703	100.73	1.43	88.8	2.39	150.5	0	0	4.39	0.3	0	0.314	0.382	0.428	0.467	0.462	-52.9	-18.1	-1.7	1.824	3.494	3.272	3.453	3.781	12.350000000000001	12.8	13.35	15	17	0.328
2026-01-02 15:00:00	-91.1593	32.4444	0	16.35	15.8	81.32851661822441	100.71	1.46	120.5	2.51	156.8	0	0	4.31	0.33	0	0.314	0.382	0.428	0.467	0.462	-53	-18.1	-1.7	1.823	3.494	3.272	3.452	3.78	12.45	12.8	13.35	15	17	0.325
2026-01-02 15:15:00	-91.1593	32.4444	0	18.32	16.7	80.37049075747105	100.7	1.528	181.2	2.6	168.2	0	0	4.63	0.37	0	0.314	0.382	0.428	0.467	0.462	-53.1	-18.1	-1.7	1.822	3.493	3.279	3.453	3.78	12.45	12.8	13.35	15	17	0.326
2026-01-02 15:30:00	-91.1593	32.4444	0	19.32	17.2	79.85015860082447	100.7	1.567	181.4	2.02	177.8	0	0	3.84	0.4	0	0.314	0.382	0.428	0.467	0.462	-53.1	-18.1	-1.7	1.826	3.494	3.271	3.453	3.78	12.55	12.8	13.35	15	17	0.326
2026-01-02 15:45:00	-91.1593	32.4444	0	19.98	17.8	78.64873967684944	100.7	1.603	209.5	2.19	190.4	0	0	4.66	0.44	0	0.314	0.382	0.428	0.467	0.462	-53	-18.1	-1.7	1.825	3.493	3.27	3.445	3.781	12.649999999999999	12.8	13.35	15	17	0.336
2026-01-02 16:00:00	-91.1593	32.4444	0	22.8	19.2	78.06877997479945	100.69	1.737	314.4	2.93	194.2	0	0	5.67	0.48	0	0.314	0.382	0.428	0.467	0.462	-53	-18.1	-1.7	1.827	3.492	3.27	3.452	3.78	12.8	12.9	13.35	15	17	0.349
2026-01-02 16:15:00	-91.1593	32.4444	0	22.57	19.5	77.24272665513595	100.67	1.751	284.5	3.15	200.7	0	0	6.04	0.51	0	0.314	0.383	0.428	0.467	0.462	-52.9	-18.1	-1.7	1.831	3.49	3.27	3.454	3.779	12.95	12.9	13.35	15	17	0.361
2026-01-02 16:30:00	-91.1593	32.4444	0	23.68	19.7	75.9843865152068	100.66	1.744	282.6	2.95	197.5	0	0	5.43	0.55	0	0.314	0.383	0.428	0.467	0.462	-52.8	-18.1	-1.7	1.833	3.49	3.27	3.453	3.779	13.149999999999999	12.9	13.35	15	17	0.312
2026-01-02 16:45:00	-91.1593	32.4444	0	23.14	19.9	75.349234758195	100.63	1.751	218	2.66	197.6	0	0	5.68	0.57	0	0.314	0.383	0.428	0.467	0.462	-52.8	-18.1	-1.7	1.836	3.498	3.27	3.454	3.78	13.3	12.9	13.35	15	17	0.315
2026-01-02 17:00:00	-91.1593	32.4444	0	24.17	20.3	75.73279018571836	100.6	1.804	248.7	3	194.5	0	0	7.08	0.57	0	0.314	0.383	0.428	0.467	0.462	-52.7	-18.1	-1.7	1.838	3.496	3.275	3.453	3.781	13.5	13	13.4	15	17	0.313
2026-01-02 17:15:00	-91.1593	32.4444	0	23.3	20.4	75.05808520189575	100.58	1.799	202.9	3.01	199.6	0	0	6.53	0.59	0	0.314	0.383	0.428	0.467	0.462	-52.6	-18.1	-1.7	1.841	3.496	3.269	3.453	3.779	13.7	13	13.4	15	17	0.321
2026-01-02 17:30:00	-91.1593	32.4444	0	23.94	20.6	74.50900567772325	100.55	1.808	223.3	3.25	211	0	0	8.95	0.62	0	0.314	0.383	0.428	0.467	0.462	-52.5	-18.1	-1.7	1.843	3.503	3.268	3.452	3.781	13.850000000000001	13.1	13.4	15	17	0.319
2026-01-02 17:45:00	-91.1593	32.4444	0	25.19	21.1	73.93131025731589	100.51	1.85	267.6	3.52	215.1	0	0	9.69	0.65	0	0.314	0.383	0.428	0.467	0.462	-52.5	-18.1	-1.7	1.841	3.501	3.268	3.445	3.78	14	13.1	13.4	15	17	0.314
2026-01-02 18:00:00	-91.1593	32.4444	0	26.42	21.6	72.59260202312176	100.47	1.873	314.9	3.94	214.1	0	0	8.56	0.71	0	0.314	0.383	0.428	0.467	0.462	-52.4	-18.1	-1.7	1.844	3.5	3.268	3.446	3.782	14.2	13.2	13.4	15	17	0.318
2026-01-02 18:15:00	-91.1593	32.4444	0	24.97	21.8	71.48130027279792	100.42	1.867	237	4.78	221.3	0	0	10.86	0.74	0	0.314	0.383	0.429	0.467	0.462	-52.3	-18.1	-1.7	1.846	3.507	3.267	3.445	3.78	14.4	13.2	13.4	15	17	0.319
2026-01-02 18:30:00	-91.1593	32.4444	0	26.06	22.3	69.70790319511663	100.38	1.877	295.4	4.89	219.1	0	0	9.32	0.81	0	0.315	0.383	0.429	0.467	0.462	-52.3	-18.1	-1.7	1.848	3.505	3.267	3.446	3.781	14.55	13.3	13.4	15	17	0.315
2026-01-02 18:45:00	-91.1593	32.4444	0	26.11	22.5	68.68243733803345	100.34	1.872	296.1	5.11	218.3	0	0	10.79	0.85	0	0.315	0.383	0.429	0.467	0.462	-52.2	-18.1	-1.7	1.847	3.51	3.267	3.454	3.781	14.75	13.4	13.4	15	17	0.32
2026-01-02 19:00:00	-91.1593	32.4444	0	24.97	22.5	67.54506791630318	100.31	1.841	212.8	5.42	221.7	0	0	9.9	0.89	0	0.315	0.383	0.429	0.467	0.462	-52.1	-18.1	-1.7	1.849	3.51	3.275	3.446	3.781	14.9	13.4	13.4	15	17	0.314
2026-01-02 19:15:00	-91.1593	32.4444	0	24.91	22.7	67.0203964625218	100.27	1.849	198	4.58	221.3	0	0	8.2	0.9	0	0.315	0.383	0.429	0.467	0.462	-52	-18.1	-1.7	1.848	3.507	3.275	3.446	3.773	15.05	13.5	13.4	15	17	0.319
2026-01-02 19:30:00	-91.1593	32.4444	0	26.49	23.2	66.18364322467043	100.23	1.882	270.4	4.33	218.2	0	0	8.57	0.96	0	0.315	0.383	0.429	0.467	0.462	-51.9	-18.1	-1.7	1.846	3.513	3.273	3.448	3.773	15.2	13.6	13.45	15	17	0.328
2026-01-02 19:45:00	-91.1593	32.4444	0	26.07	23.4	65.21594974139911	100.19	1.877	225.5	4.93	224	0	0	9.68	1	0	0.315	0.383	0.429	0.467	0.462	-51.8	-18.1	-1.7	1.848	3.511	3.273	3.454	3.773	15.350000000000001	13.6	13.45	15	16.9	0.323
2026-01-02 20:00:00	-91.1593	32.4444	0	24.19	23.3	64.28224333622599	100.19	1.839	134.9	5.92	228.4	0	0	11.5	1.02	0	0.315	0.383	0.429	0.467	0.462	-51.7	-18.1	-1.7	1.852	3.51	3.273	3.455	3.773	15.45	13.7	13.45	15	16.9	0.327
2026-01-02 20:15:00	-91.1593	32.4444	0	25.43	23.6	63.885523725105436	100.18	1.861	201.4	4.79	224.3	0	0	9.46	1.05	0	0.315	0.383	0.429	0.467	0.462	-51.7	-18.1	-1.7	1.85	3.508	3.273	3.446	3.773	15.55	13.8	13.45	15	16.9	0.327
2026-01-02 20:30:00	-91.1593	32.4444	0	25.53	24	62.66929344762992	100.17	1.87	191.8	5.93	228.3	0	0	12.84	1.12	0	0.315	0.384	0.429	0.467	0.462	-51.7	-18.1	-1.7	1.849	3.514	3.271	3.454	3.782	15.649999999999999	13.8	13.45	15	16.9	0.318
2026-01-02 20:45:00	-91.1593	32.4444	0	25.62	24.2	61.55780346530407	100.16	1.859	198.1	6.04	225.5	0	0	10.58	1.16	0	0.315	0.384	0.429	0.467	0.462	-51.6	-18.1	-1.7	1.848	3.511	3.271	3.447	3.782	15.75	13.9	13.5	15	16.9	0.325
2026-01-02 21:00:00	-91.1593	32.4444	0	24.98	24.3	61.124297714762214	100.15	1.857	161	5.07	223	0	0	9.94	1.18	0	0.315	0.384	0.429	0.467	0.462	-51.6	-18.1	-1.7	1.851	3.51	3.277	3.446	3.782	15.850000000000001	14	13.55	15	16.9	0.329
2026-01-02 21:15:00	-91.1593	32.4444	0	24.49	24.3	61.05846648405165	100.15	1.855	121.1	4.71	226.7	0	0	8.06	1.18	0	0.316	0.384	0.429	0.467	0.462	-51.6	-18.1	-1.7	1.849	3.515	3.27	3.446	3.782	15.95	14	13.55	15	16.9	0.318
2026-01-02 21:30:00	-91.1593	32.4444	0	24.39	24.4	60.72677146325388	100.14	1.856	116	3.81	228.8	0	0	8.03	1.19	0	0.316	0.384	0.429	0.467	0.462	-51.6	-18.1	-1.7	1.848	3.521	3.276	3.455	3.783	16.05	14.1	13.55	15	16.9	0.317
2026-01-02 21:45:00	-91.1593	32.4444	0	24.79	24.6	60.619162584044645	100.12	1.875	144	4.05	221.2	0	0	8.75	1.22	0	0.316	0.384	0.429	0.467	0.462	-51.6	-18.1	-1.7	1.847	3.519	3.276	3.446	3.784	16.15	14.2	13.55	15	16.9	0.33
2026-01-02 22:00:00	-91.1593	32.4444	0	24.31	24.7	60.258196032270845	100.12	1.875	112	3.93	227	0	0	8.1	1.24	0	0.316	0.384	0.429	0.467	0.462	-51.6	-18.1	-1.7	1.847	3.517	3.275	3.446	3.775	16.15	14.2	13.6	15	16.9	0.331
2026-01-02 22:15:00	-91.1593	32.4444	0	23.27	24.6	59.778576862879234	100.12	1.849	68.3	3.42	221.5	0	0	7.08	1.25	0	0.316	0.384	0.429	0.467	0.462	-51.6	-18.1	-1.7	1.846	3.515	3.281	3.454	3.775	16.25	14.3	13.6	15	16.9	0.333
2026-01-02 22:30:00	-91.1593	32.4444	0	22.57	24.4	60.36686064100399	100.13	1.845	50.7	2.95	225.5	0	0	6.15	1.22	0	0.316	0.384	0.429	0.467	0.462	-51.6	-18.1	-1.7	1.845	3.522	3.281	3.455	3.783	16.299999999999997	14.3	13.6	15	16.9	0.315
2026-01-02 22:45:00	-91.1593	32.4444	0	21.86	24.4	59.385285671231564	100.14	1.815	35.4	3.1	223.6	0	0	5.27	1.23	0	0.316	0.384	0.429	0.467	0.462	-51.6	-18.1	-1.7	1.845	3.52	3.281	3.45	3.784	16.35	14.4	13.649999999999999	15	16.9	0.318
2026-01-02 23:00:00	-91.1593	32.4444	0	20.83	24	60.390410049534296	100.15	1.802	18.4	2.2	222.7	0	0	5.26	1.17	0	0.316	0.384	0.429	0.467	0.462	-51.7	-18.1	-1.7	1.844	3.518	3.279	3.452	3.782	16.35	14.4	13.7	15	16.9	0.356
2026-01-02 23:15:00	-91.1593	32.4444	0	20.18	23.6	61.89446495237243	100.17	1.803	0.2	2.12	217.7	0	0	4.35	1.1	0	0.316	0.385	0.429	0.467	0.462	-51.7	-18.1	-1.7	1.844	3.516	3.286	3.449	3.783	16.35	14.5	13.7	15	16.9	NA
2026-01-02 23:30:00	-91.1593	32.4444	0	20.3	23.4	63.13126301551529	100.18	1.817	0	2.26	218.8	0	0	4.21	1.07	0	0.316	0.385	0.429	0.467	0.462	-51.7	-18.1	-1.7	1.844	3.514	3.286	3.451	3.784	16.35	14.6	13.7	15	16.9	NA
2026-01-02 23:45:00	-91.1593	32.4444	0	20.2	23.2	63.968144009391885	100.19	1.819	0	2.14	216.5	0	0	4.64	1.03	0	0.316	0.385	0.429	0.467	0.462	-51.7	-18.1	-1.7	1.839	3.521	3.285	3.445	3.784	16.35	14.6	13.7	15	16.9	NA
2026-01-03 00:00:00	-91.1593	32.4444	0	20.15	23	64.7816483089288	100.21	1.82	0	1.92	216.5	0	0	4.23	1	0	0.316	0.385	0.429	0.467	0.462	-51.8	-18.1	-1.7	1.839	3.519	3.283	3.454	3.784	16.35	14.6	13.75	15	16.9	NA
2026-01-03 00:15:00	-91.1593	32.4444	0	20.18	23.1	65.06336936055497	100.21	1.839	0	3.06	221	0	0	5.8	0.99	0	0.316	0.385	0.429	0.467	0.462	-51.8	-18.1	-1.7	1.839	3.518	3.283	3.455	3.785	16.35	14.7	13.8	15	16.9	NA
2026-01-03 00:30:00	-91.1593	32.4444	0	19.37	22.9	66.21331337976855	100.22	1.849	0	2.74	218	0	0	6.8	0.95	0	0.316	0.385	0.429	0.467	0.462	-51.8	-18.1	-1.7	1.836	3.517	3.281	3.447	3.785	16.299999999999997	14.7	13.8	15	16.9	NA
2026-01-03 00:45:00	-91.1593	32.4444	0	17.47	21.5	69.91835172526714	100.23	1.793	0	0.9	188.5	0	0	2.1	0.77	0	0.316	0.385	0.429	0.467	0.462	-51.9	-18.1	-1.7	1.832	3.515	3.281	3.454	3.785	16.25	14.8	13.850000000000001	15	16.9	NA
2026-01-03 01:00:00	-91.1593	32.4444	0	17.79	21.1	69.77517173474246	100.25	1.746	0	1.14	213.3	0	0	3.19	0.76	0	0.316	0.385	0.429	0.467	0.462	-52	-18.1	-1.7	1.832	3.522	3.288	3.448	3.776	16.25	14.8	13.850000000000001	15	16.9	NA
2026-01-03 01:15:00	-91.1593	32.4444	0	19.37	22.1	68.60671842561426	100.27	1.825	0	2.29	218.5	0	0	3.87	0.83	0	0.316	0.385	0.429	0.467	0.462	-52	-18	-1.7	1.832	3.521	3.287	3.447	3.775	16.25	14.8	13.850000000000001	15	16.9	NA
2026-01-03 01:30:00	-91.1593	32.4444	0	19.55	22.1	69.35857287411415	100.28	1.845	0	2.64	219.2	0	0	5.17	0.81	0	0.316	0.385	0.429	0.467	0.462	-52.1	-18	-1.7	1.828	3.512	3.287	3.455	3.785	16.15	14.8	13.9	15	16.9	NA
2026-01-03 01:45:00	-91.1593	32.4444	0	19.31	22	69.93374129581873	100.28	1.849	0	2.74	219.5	0	0	4.56	0.79	0	0.316	0.385	0.429	0.467	0.462	-52.2	-18	-1.7	1.828	3.518	3.284	3.456	3.777	16.15	14.9	13.95	15	16.9	NA
