2026-01-01 06:00:00	-91.2524	32.0987	0	3.12	6.5	61.778319283900544	101.75	0.598	0	1.77	190.5	0	0	2.44	0.37	0	0.265	0.293	0.297	0.265	0.167	-22.4	-19.7	-25.2	0.27	0.733	1.207	1.585	1.388	8.9	10.6	11.7	14.35	16.3	NA
2026-01-01 06:15:00	-91.2524	32.0987	0	3.64	7	60.68721729895124	101.74	0.608	0	2.07	191.7	0	0	3.34	0.4	0	0.265	0.293	0.297	0.265	0.167	-22.4	-19.7	-25.2	0.27	0.732	1.209	1.585	1.376	8.8	10.5	11.7	14.35	16.3	NA
2026-01-01 06:30:00	-91.2524	32.0987	0	3.93	7.3	60.62474137831202	101.74	0.62	0	2.33	193.9	0	0	3.71	0.4	0	0.265	0.293	0.297	0.265	0.167	-22.4	-19.7	-25.2	0.271	0.732	1.209	1.585	1.391	8.7	10.5	11.7	14.35	16.3	NA
2026-01-01 06:45:00	-91.2524	32.0987	0	3.89	7.2	60.94315034990847	101.73	0.619	0	2.4	192.2	0	0	3.55	0.39	0	0.265	0.293	0.297	0.265	0.167	-22.4	-19.7	-25.2	0.272	0.732	1.21	1.585	1.391	8.65	10.5	11.649999999999999	14.35	16.3	NA
2026-01-01 07:00:00	-91.2524	32.0987	0	3.76	6.9	61.80905702184059	101.72	0.615	0	2.28	183.4	0	0	3.44	0.38	0	0.265	0.293	0.297	0.265	0.167	-22.4	-19.8	-25.1	0.272	0.736	1.21	1.581	1.392	8.6	10.4	11.6	14.35	16.3	NA
2026-01-01 07:15:00	-91.2524	32.0987	0	3.8	6.9	62.21106714881191	101.73	0.619	0	2.36	188.1	0	0	3.55	0.38	0	0.265	0.293	0.297	0.265	0.167	-22.4	-19.8	-25.3	0.272	0.729	1.207	1.585	1.391	8.55	10.4	11.6	14.35	16.3	NA
2026-01-01 07:30:00	-91.2524	32.0987	0	3.6	6.7	63.07274054803519	101.73	0.619	0	2.25	182.9	0	0	3.63	0.36	0	0.265	0.293	0.297	0.265	0.167	-22.4	-19.8	-25.3	0.271	0.734	1.21	1.586	1.392	8.55	10.3	11.6	14.3	16.3	NA
2026-01-01 07:45:00	-91.2524	32.0987	0	3.73	6.8	62.7414416078392	101.72	0.62	0	2.48	175.4	0	0	3.31	0.36	0	0.265	0.293	0.297	0.265	0.167	-22.4	-19.8	-25.3	0.271	0.732	1.208	1.582	1.391	8.45	10.3	11.55	14.3	16.3	NA
2026-01-01 08:00:00	-91.2524	32.0987	0	3.44	6.6	63.61117849324181	101.73	0.62	0	2.17	175.2	0	0	3.07	0.35	0	0.265	0.293	0.297	0.265	0.167	-22.4	-19.8	-25.3	0.271	0.729	1.21	1.578	1.392	8.45	10.3	11.5	14.3	16.2	NA
2026-01-01 08:15:00	-91.2524	32.0987	0	2.84	6	65.66076629875053	101.72	0.614	0	1.75	171.5	0	0	2.27	0.32	0	0.265	0.293	0.297	0.265	0.167	-22.4	-19.8	-25.2	0.27	0.729	1.21	1.582	1.395	8.4	10.2	11.5	14.3	16.2	NA
2026-01-01 08:30:00	-91.2524	32.0987	0	2.53	5.8	66.1432848031208	101.71	0.61	0	1.75	155.6	0	0	2.15	0.31	0	0.265	0.293	0.297	0.265	0.167	-22.4	-19.8	-25.2	0.268	0.733	1.208	1.578	1.395	8.35	10.2	11.5	14.3	16.2	NA
2026-01-01 08:45:00	-91.2524	32.0987	0	2.6	5.7	66.60374481232489	101.7	0.61	0	1.53	139.1	0	0	2.13	0.3	0	0.265	0.293	0.297	0.265	0.167	-22.5	-19.8	-25.2	0.267	0.728	1.208	1.578	1.392	8.3	10.2	11.4	14.3	16.2	NA
2026-01-01 09:00:00	-91.2524	32.0987	0	2.47	5.6	67.06779344019168	101.7	0.61	0	1.4	133.5	0	0	2.12	0.3	0	0.265	0.293	0.297	0.265	0.167	-22.5	-19.8	-25.1	0.268	0.731	1.208	1.578	1.392	8.25	10.1	11.4	14.3	16.2	NA
2026-01-01 09:15:00	-91.2524	32.0987	0	2.48	5.6	67.2876878449136	101.7	0.612	0	1.33	130.6	0	0	1.86	0.3	0	0.265	0.293	0.297	0.265	0.167	-22.5	-19.8	-25.1	0.268	0.73	1.205	1.582	1.392	8.2	10.1	11.4	14.3	16.2	NA
2026-01-01 09:30:00	-91.2524	32.0987	0	2.44	5.5	68.42117245662762	101.71	0.618	0	1.37	130.1	0	0	2.43	0.28	0	0.265	0.293	0.297	0.265	0.167	-22.5	-19.8	-25.2	0.267	0.731	1.208	1.582	1.389	8.1	10.1	11.350000000000001	14.3	16.2	NA
2026-01-01 09:45:00	-91.2524	32.0987	0	2.35	5.5	68.0890308427605	101.71	0.615	0	1.25	129.4	0	0	1.94	0.29	0	0.265	0.293	0.297	0.265	0.167	-22.5	-19.8	-25.2	0.267	0.73	1.209	1.581	1.388	8.05	10	11.3	14.3	16.2	NA
2026-01-01 10:00:00	-91.2524	32.0987	0	2.57	5.8	67.22760094743427	101.71	0.62	0	1.16	127.7	0	0	1.74	0.31	0	0.265	0.293	0.297	0.265	0.167	-22.5	-19.8	-25.3	0.267	0.73	1.208	1.582	1.389	8	10	11.3	14.3	16.2	NA
2026-01-01 10:15:00	-91.2524	32.0987	0	2.68	5.6	68.16726546380137	101.71	0.62	0	1.44	127.3	0	0	2.16	0.29	0	0.265	0.293	0.297	0.265	0.167	-22.6	-19.8	-25.3	0.268	0.73	1.208	1.582	1.392	7.95	10	11.3	14.3	16.2	NA
2026-01-01 10:30:00	-91.2524	32.0987	0	2.41	5.2	69.97794438118343	101.7	0.619	0	1.64	132.5	0	0	2.23	0.26	0	0.265	0.293	0.297	0.265	0.167	-22.6	-19.8	-25.2	0.266	0.727	1.209	1.585	1.391	7.9	9.9	11.25	14.3	16.2	NA
2026-01-01 10:45:00	-91.2524	32.0987	0	2.69	5.2	70.09099437210618	101.68	0.62	0	1.72	126.6	0	0	2.51	0.27	0	0.265	0.293	0.297	0.265	0.167	-22.6	-19.8	-25.1	0.266	0.728	1.206	1.585	1.392	7.85	9.9	11.2	14.3	16.2	NA
2026-01-01 11:00:00	-91.2524	32.0987	0	2.78	5.2	70.31709435395169	101.67	0.622	0	1.82	126.1	0	0	2.76	0.26	0	0.265	0.293	0.297	0.265	0.167	-22.6	-19.9	-25.3	0.267	0.727	1.206	1.581	1.388	7.8	9.9	11.2	14.3	16.2	NA
2026-01-01 11:15:00	-91.2524	32.0987	0	2.72	5.1	71.15056759769733	101.66	0.625	0	1.83	127.7	0	0	2.74	0.25	0	0.265	0.293	0.297	0.265	0.167	-22.6	-19.9	-25.2	0.266	0.725	1.203	1.585	1.389	7.8	9.8	11.2	14.3	16.2	NA
2026-01-01 11:30:00	-91.2524	32.0987	0	2.48	4.8	72.07564016251982	101.66	0.62	0	1.86	127.8	0	0	3.2	0.24	0	0.265	0.293	0.297	0.265	0.167	-22.7	-19.9	-25.3	0.266	0.727	1.204	1.585	1.388	7.75	9.8	11.149999999999999	14.3	16.2	NA
2026-01-01 11:45:00	-91.2524	32.0987	0	2.49	4.6	73.09146904727999	101.66	0.62	0	1.93	127.1	0	0	2.96	0.23	0	0.265	0.293	0.297	0.265	0.167	-22.6	-19.9	-25.2	0.265	0.727	1.206	1.585	1.385	7.699999999999999	9.8	11.1	14.3	16.2	NA
2026-01-01 12:00:00	-91.2524	32.0987	0	2.34	4.3	74.64536273344243	101.65	0.62	0	2.18	128.6	0	0	3.06	0.21	0	0.265	0.293	0.297	0.265	0.167	-22.6	-19.9	-25.3	0.264	0.729	1.207	1.586	1.389	7.65	9.7	11.1	14.2	16.1	NA
2026-01-01 12:15:00	-91.2524	32.0987	0	2.31	4.1	75.70180062769175	101.65	0.62	0	2.24	130.5	0	0	3.32	0.2	0	0.265	0.293	0.297	0.265	0.167	-22.7	-19.9	-25.1	0.264	0.727	1.204	1.586	1.388	7.65	9.7	11.1	14.2	16.1	NA
2026-01-01 12:30:00	-91.2524	32.0987	0	2.27	4.1	75.70180062769175	101.65	0.62	0	2.14	130.5	0	0	3.18	0.2	0	0.265	0.293	0.297	0.265	0.167	-22.6	-19.9	-25.1	0.266	0.727	1.204	1.586	1.389	7.550000000000001	9.7	11.05	14.2	16.1	NA
2026-01-01 12:45:00	-91.2524	32.0987	0	2.15	4	76.23627924437913	101.65	0.62	0	2.07	130.9	0	0	3.12	0.19	0	0.265	0.293	0.297	0.265	0.167	-22.6	-19.9	-25.2	0.266	0.729	1.201	1.586	1.389	7.550000000000001	9.6	11	14.2	16.1	NA
2026-01-01 13:00:00	-91.2524	32.0987	0	2.18	4.1	75.70180062769175	101.65	0.62	0	1.95	131.1	0	0	3.08	0.2	0	0.265	0.293	0.297	0.265	0.167	-22.7	-19.9	-25.1	0.266	0.726	1.201	1.59	1.389	7.550000000000001	9.6	11	14.2	16.1	NA
2026-01-01 13:15:00	-91.2524	32.0987	0	2.31	4.3	75.00654997247521	101.66	0.623	2.2	1.85	129.7	0	0	2.71	0.21	0	0.265	0.293	0.297	0.265	0.167	-22.7	-19.9	-25.3	0.264	0.728	1.201	1.586	1.393	7.449999999999999	9.6	11	14.2	16.1	NA
2026-01-01 13:30:00	-91.2524	32.0987	0	2.72	4.8	73.58690358528233	101.66	0.633	11.6	1.66	126.6	0	0	2.49	0.23	0	0.265	0.293	0.297	0.265	0.167	-22.7	-19.9	-25.2	0.265	0.728	1.204	1.586	1.389	7.449999999999999	9.5	10.95	14.2	16.1	NA
2026-01-01 13:45:00	-91.2524	32.0987	0	2.88	5	73.25369381393796	101.67	0.639	17	1.34	122.7	0	0	2.36	0.23	0	0.265	0.293	0.297	0.265	0.167	-22.7	-19.9	-25.3	0.264	0.73	1.205	1.586	1.389	7.4	9.5	10.9	14.2	16.1	NA
2026-01-01 14:00:00	-91.2524	32.0987	0	3.29	5.2	73.25639411794323	101.69	0.648	23.8	1.3	126.1	0	0	2.42	0.23	0	0.265	0.293	0.297	0.265	0.167	-22.7	-19.9	-25.3	0.265	0.728	1.202	1.586	1.389	7.35	9.5	10.9	14.2	16.1	0.338
2026-01-01 14:15:00	-91.2524	32.0987	0	3.74	5.7	73.48249222736828	101.71	0.673	27.8	1.13	122.2	0	0	2.03	0.24	0	0.265	0.293	0.297	0.265	0.167	-22.7	-20	-25.3	0.265	0.728	1.202	1.585	1.389	7.35	9.4	10.9	14.2	16.1	0.339
2026-01-01 14:30:00	-91.2524	32.0987	0	4.66	6.6	72.43466454230438	101.72	0.706	62.5	1.48	134.9	0	0	2.16	0.27	0	0.265	0.293	0.297	0.265	0.167	-22.7	-20	-25.3	0.266	0.726	1.202	1.586	1.385	7.35	9.4	10.850000000000001	14.2	16.1	0.178
2026-01-01 14:45:00	-91.2524	32.0987	0	7.12	7.8	71.81712538264904	101.75	0.76	130.4	1.81	163	0	0	2.75	0.3	0	0.265	0.293	0.298	0.265	0.167	-22.7	-20	-25.3	0.268	0.728	1.205	1.586	1.389	7.35	9.4	10.8	14.2	16.1	0.282
2026-01-01 15:00:00	-91.2524	32.0987	0	9.04	9.2	67.28743183908536	101.77	0.783	232.2	2.61	194.6	0	0	4.33	0.38	0	0.264	0.293	0.298	0.265	0.167	-22.7	-20	-25.3	0.268	0.73	1.205	1.586	1.386	7.4	9.4	10.8	14.2	16.1	0.27
2026-01-01 15:15:00	-91.2524	32.0987	0	11.54	10.5	62.84865590680007	101.8	0.798	305.6	2.98	216.8	0	0	4.31	0.47	0	0.264	0.293	0.298	0.265	0.167	-22.7	-20	-25.3	0.271	0.728	1.202	1.586	1.389	7.5	9.4	10.8	14.2	16.1	0.274
2026-01-01 15:30:00	-91.2524	32.0987	0	13.26	11.4	57.93648327088617	101.81	0.781	357.1	2.85	215.1	0	0	4.05	0.57	0	0.264	0.293	0.298	0.265	0.167	-22.7	-20	-25.3	0.275	0.73	1.202	1.586	1.386	7.65	9.3	10.8	14.2	16.1	0.265
2026-01-01 15:45:00	-91.2524	32.0987	0	14.81	12.4	53.125407674904956	101.83	0.765	398.4	2.74	219.1	0	0	4.13	0.67	0	0.264	0.293	0.298	0.265	0.167	-22.6	-20	-25.3	0.281	0.727	1.202	1.586	1.386	7.85	9.3	10.7	14.15	16.1	0.269
2026-01-01 16:00:00	-91.2524	32.0987	0	16.01	13	49.60705262950065	101.83	0.743	434.8	2.94	220.2	0	0	4.44	0.76	0	0.264	0.293	0.298	0.265	0.167	-22.6	-20	-25.3	0.286	0.729	1.202	1.583	1.386	8.1	9.3	10.7	14.1	16	0.269
2026-01-01 16:15:00	-91.2524	32.0987	0	17.54	13.5	48.20780559206438	101.82	0.746	464.3	2.79	201.1	0	0	4.24	0.8	0	0.264	0.293	0.298	0.265	0.167	-22.5	-20	-25.3	0.29	0.728	1.202	1.583	1.389	8.399999999999999	9.4	10.7	14.1	16	0.283
2026-01-01 16:30:00	-91.2524	32.0987	0	18.73	14.2	46.00266566023438	101.81	0.745	494.2	2.98	197.3	0	0	4.47	0.87	0	0.263	0.293	0.298	0.265	0.167	-22.4	-20	-25.2	0.291	0.733	1.202	1.587	1.387	8.75	9.4	10.7	14.1	16	0.349
2026-01-01 16:45:00	-91.2524	32.0987	0	19.72	14.7	44.18042717553297	101.8	0.739	519.8	3.34	199.8	0	0	5.22	0.94	0	0.263	0.293	0.298	0.265	0.167	-22.4	-20	-25.3	0.295	0.733	1.202	1.583	1.386	9.05	9.4	10.7	14.1	16	0.356
2026-01-01 17:00:00	-91.2524	32.0987	0	20.6	15.3	42.736421821463544	101.78	0.743	540.9	3.6	197.2	0	0	5.5	0.99	0	0.263	0.293	0.298	0.265	0.167	-22.4	-20	-25.3	0.297	0.731	1.202	1.587	1.389	9.4	9.5	10.7	14.1	16	0.346
2026-01-01 17:15:00	-91.2524	32.0987	0	21.51	16	39.81770354313242	101.75	0.724	560.6	3.48	214.4	0	0	5.05	1.1	0	0.263	0.293	0.298	0.265	0.167	-22.4	-20	-25.2	0.3	0.731	1.205	1.587	1.389	9.7	9.6	10.7	14.1	16	0.337
2026-01-01 17:30:00	-91.2524	32.0987	0	22.26	16.6	37.79473286205797	101.71	0.714	571.6	3.48	204.8	0	0	6.23	1.18	0	0.262	0.293	0.298	0.265	0.167	-22.3	-20	-25.3	0.3	0.736	1.202	1.587	1.392	10.05	9.6	10.7	14.1	16	0.33
2026-01-01 17:45:00	-91.2524	32.0987	0	22.85	16.8	36.84722216754155	101.67	0.705	576.7	3.14	208.7	0	0	4.79	1.21	0	0.262	0.293	0.298	0.265	0.167	-22.2	-20.1	-25.3	0.303	0.738	1.205	1.587	1.389	10.4	9.8	10.7	14.1	16	0.325
2026-01-01 18:00:00	-91.2524	32.0987	0	23.56	17.4	35.47353311843272	101.65	0.705	583.7	3.16	216.2	0	0	5.3	1.28	0	0.262	0.292	0.298	0.265	0.167	-22.1	-20.1	-25.3	0.305	0.741	1.205	1.583	1.386	10.7	9.8	10.7	14.1	16	0.332
2026-01-01 18:15:00	-91.2524	32.0987	0	24.45	17.9	34.12890710226483	101.61	0.7	584.8	3.07	211.1	0	0	4.86	1.35	0	0.262	0.292	0.298	0.265	0.167	-22.1	-20	-25.3	0.306	0.743	1.205	1.587	1.392	11.1	10	10.75	14.1	16	0.342
2026-01-01 18:30:00	-91.2524	32.0987	0	24.66	18.5	32.67947305699085	101.58	0.696	580.7	3.39	212.4	0	0	5.15	1.43	0	0.262	0.292	0.298	0.265	0.167	-22	-20	-25.3	0.308	0.743	1.205	1.587	1.389	11.45	10.1	10.75	14.1	16	0.338
2026-01-01 18:45:00	-91.2524	32.0987	0	24.66	19.1	30.34634220654478	101.55	0.671	574.1	3.88	227	0	0	6.67	1.54	0	0.262	0.292	0.297	0.265	0.167	-22	-20	-25.3	0.31	0.746	1.211	1.583	1.393	11.850000000000001	10.2	10.8	14.05	16	0.318
2026-01-01 19:00:00	-91.2524	32.0987	0	24.91	19.3	30.015300772908112	101.52	0.672	562.3	3.64	219	0	0	7.14	1.56	0	0.261	0.292	0.297	0.265	0.167	-21.9	-20	-25.3	0.308	0.746	1.208	1.586	1.396	12.1	10.3	10.850000000000001	14.05	16	0.31
2026-01-01 19:15:00	-91.2524	32.0987	0	24.64	19.6	28.890764232409047	101.5	0.659	535.5	4.01	216.1	0	0	6.09	1.61	0	0.261	0.292	0.297	0.265	0.167	-21.9	-20	-25.2	0.305	0.747	1.21	1.583	1.396	12.350000000000001	10.4	10.9	14.05	16	0.318
2026-01-01 19:30:00	-91.2524	32.0987	0	24.28	19.9	28.013907382972558	101.46	0.651	493.3	4.32	205.6	0	0	7.25	1.67	0	0.261	0.292	0.297	0.265	0.167	-21.9	-20	-25.2	0.309	0.747	1.21	1.584	1.396	12.6	10.6	10.95	14	16	0.302
2026-01-01 19:45:00	-91.2524	32.0987	0	24.25	20.3	27.035430642795244	101.43	0.644	460.2	4.62	211.4	0	0	7.96	1.74	0	0.26	0.292	0.297	0.265	0.167	-21.8	-20	-25.2	0.311	0.749	1.213	1.587	1.395	12.9	10.7	11	14	16	0.277
2026-01-01 20:00:00	-91.2524	32.0987	0	24.23	20.2	28.59692143851167	101.42	0.677	411.9	3.74	181.3	0	0	6.46	1.69	0	0.26	0.291	0.297	0.265	0.167	-21.8	-20	-25.2	0.313	0.75	1.213	1.587	1.393	13.2	10.8	11.05	14	16	0.265
2026-01-01 20:15:00	-91.2524	32.0987	0	22.63	20.2	28.132274265950926	101.41	0.666	357.3	5.24	193.2	0	0	8.59	1.7	0	0.26	0.291	0.297	0.265	0.167	-21.8	-20	-25.3	0.311	0.75	1.215	1.587	1.395	13.4	11	11.149999999999999	14	16	0.267
2026-01-01 20:30:00	-91.2524	32.0987	0	21.54	20.2	28.34347752620581	101.4	0.671	290.6	4.83	192.9	0	0	8.16	1.7	0	0.26	0.291	0.297	0.265	0.167	-21.8	-20	-25.4	0.309	0.749	1.215	1.587	1.392	13.600000000000001	11.1	11.2	14	16	0.273
2026-01-01 20:45:00	-91.2524	32.0987	0	19.67	20.1	27.924233262162694	101.39	0.657	215.7	5.05	191.1	0	0	7.75	1.7	0	0.26	0.291	0.297	0.265	0.167	-21.8	-20	-25.3	0.308	0.753	1.215	1.587	1.396	13.75	11.2	11.25	14	15.9	0.281
2026-01-01 21:00:00	-91.2524	32.0987	0	20.37	20.2	27.752108397492126	101.38	0.657	249	4.67	190.6	0	0	6.9	1.7	0	0.26	0.291	0.297	0.265	0.167	-21.8	-20	-25.2	0.308	0.751	1.214	1.587	1.403	13.899999999999999	11.4	11.350000000000001	14	15.9	0.282
2026-01-01 21:15:00	-91.2524	32.0987	0	20.07	20.1	28.094243814748165	101.38	0.661	233.2	4.66	193	0	0	6.96	1.69	0	0.26	0.291	0.297	0.265	0.167	-21.8	-20	-25.2	0.308	0.751	1.214	1.587	1.403	13.95	11.5	11.45	14	15.9	0.284
2026-01-01 21:30:00	-91.2524	32.0987	0	18.52	19.9	28.272100077746497	101.36	0.657	174.9	4.85	178.7	0	0	7.01	1.67	0	0.26	0.291	0.297	0.265	0.167	-21.8	-20	-25.3	0.306	0.75	1.217	1.587	1.403	14	11.6	11.5	14	15.9	0.287
2026-01-01 21:45:00	-91.2524	32.0987	0	17.11	19.7	28.14559271148142	101.35	0.646	122.5	4.5	177.7	0	0	6.82	1.65	0	0.26	0.291	0.297	0.265	0.167	-21.8	-19.9	-25.3	0.304	0.749	1.216	1.588	1.399	14.05	11.7	11.6	14	15.9	0.289
2026-01-01 22:00:00	-91.2524	32.0987	0	16.24	19.3	28.36267260535216	101.34	0.635	103.9	4.03	186	0	0	6.88	1.6	0	0.26	0.291	0.297	0.265	0.167	-21.8	-19.9	-25.3	0.302	0.75	1.214	1.587	1.399	14	11.8	11.649999999999999	13.95	15.9	0.298
