2026-03-07 06:00:00	-90.3766	30.5044	0	22.22	22.4	96.67480010786417	101.92	2.619	0	1.71	128.9	0	0	3.9	0.09	0	0.177	0.161	0.285	0.294	0.258	-16.7	-14.7	-8	0	0.036	0.115	0.137	0.012	22.45	22.1	22	20.65	18.7	NA
2026-03-07 06:15:00	-90.3766	30.5044	0	22.15	22.3	96.7443195648795	101.91	2.605	0	1.55	128.7	0	0	4.1	0.09	0	0.176	0.161	0.285	0.294	0.258	-16.7	-14.7	-8	0	0.037	0.116	0.138	0.012	22.4	22.1	22	20.65	18.7	NA
2026-03-07 06:30:00	-90.3766	30.5044	0	22.14	22.3	96.59576782658412	101.89	2.601	0	1.72	129.3	0	0	4.26	0.09	0	0.176	0.161	0.285	0.294	0.258	-16.7	-14.7	-8	0	0.036	0.116	0.137	0.011	22.4	22.1	21.95	20.65	18.7	NA
2026-03-07 06:45:00	-90.3766	30.5044	0	22.12	22.3	96.59576782658412	101.89	2.601	0	1.54	115.4	0	0	4.61	0.09	0	0.177	0.161	0.285	0.294	0.258	-16.7	-14.7	-8	0	0.036	0.115	0.138	0.013	22.35	22.1	21.9	20.65	18.8	NA
2026-03-07 07:00:00	-90.3766	30.5044	0	22.16	22.4	96.41641003502907	101.89	2.612	0	1.9	140.3	0	0	4.45	0.1	0	0.177	0.161	0.285	0.294	0.258	-16.7	-14.8	-8	0	0.035	0.115	0.137	0.011	22.35	22.1	21.9	20.65	18.8	NA
2026-03-07 07:15:00	-90.3766	30.5044	0	22.11	22.3	96.59576782658412	101.88	2.601	0	1.45	145.9	0	0	3.22	0.09	0	0.176	0.161	0.285	0.294	0.258	-16.7	-14.8	-8	0	0.036	0.115	0.138	0.011	22.299999999999997	22	21.9	20.65	18.8	NA
2026-03-07 07:30:00	-90.3766	30.5044	0	21.99	22.2	96.66208811064865	101.87	2.587	0	1.7	128	0	0	3.99	0.09	0	0.176	0.161	0.285	0.294	0.258	-16.7	-14.8	-8	0	0.037	0.115	0.138	0.012	22.299999999999997	22	21.9	20.65	18.8	NA
2026-03-07 07:45:00	-90.3766	30.5044	0	22.07	22.2	96.77418175747196	101.85	2.59	0	1.72	121	0	0	4.28	0.08	0	0.177	0.161	0.285	0.294	0.258	-16.7	-14.8	-8	0	0.034	0.115	0.138	0.012	22.25	22	21.9	20.65	18.8	NA
2026-03-07 08:00:00	-90.3766	30.5044	0	22.05	22.2	96.96100450217752	101.83	2.595	0	1.45	134.1	0	0	3.07	0.08	0	0.176	0.161	0.285	0.294	0.258	-16.8	-14.8	-8	0	0.035	0.115	0.137	0.012	22.200000000000003	22	21.85	20.65	18.8	NA
2026-03-07 08:15:00	-90.3766	30.5044	0	21.85	22.2	96.66208811064865	101.8	2.587	0	1.92	120.2	0	0	5.38	0.08	0	0.177	0.161	0.285	0.294	0.258	-16.8	-14.8	-8	0	0.036	0.115	0.137	0.011	22.200000000000003	22	21.85	20.65	18.8	NA
2026-03-07 08:30:00	-90.3766	30.5044	0	21.68	22.1	96.57570390980987	101.78	2.569	0	1.92	130.1	0	0	4.33	0.09	0	0.176	0.161	0.285	0.294	0.258	-16.8	-14.8	-8	0	0.033	0.115	0.137	0.012	22.15	21.9	21.8	20.65	18.8	NA
2026-03-07 08:45:00	-90.3766	30.5044	0	21.91	22.1	96.80126024435985	101.76	2.575	0	2.12	132.2	0	0	5.01	0.08	0	0.176	0.161	0.285	0.294	0.258	-16.8	-14.8	-8	0	0.036	0.115	0.138	0.012	22.15	21.9	21.8	20.65	18.8	NA
2026-03-07 09:00:00	-90.3766	30.5044	0	21.69	22.1	96.72607479950986	101.75	2.573	0	1.9	124.6	0	0	4.47	0.09	0	0.176	0.161	0.285	0.294	0.258	-16.8	-14.8	-8	0	0.033	0.115	0.138	0.012	22.1	21.9	21.8	20.65	18.8	NA
2026-03-07 09:15:00	-90.3766	30.5044	0	21.5	22	96.56075799255015	101.73	2.553	0	1.78	128	0	0	4.04	0.1	0	0.176	0.161	0.285	0.294	0.258	-16.8	-14.8	-8	0	0.036	0.115	0.137	0.012	22.1	21.9	21.8	20.65	18.8	NA
2026-03-07 09:30:00	-90.3766	30.5044	0	21.8	22	96.90116019463905	101.72	2.562	0	1.72	127.3	0	0	4.24	0.09	0	0.176	0.161	0.285	0.294	0.258	-16.8	-14.8	-8	0	0.034	0.115	0.137	0.011	22.05	21.9	21.75	20.65	18.8	NA
2026-03-07 09:45:00	-90.3766	30.5044	0	21.92	22.1	96.95163113405984	101.73	2.579	0	1.93	132.6	0	0	4.02	0.08	0	0.176	0.161	0.285	0.294	0.258	-16.8	-14.8	-8.1	0	0.033	0.115	0.137	0.012	22	21.8	21.75	20.65	18.8	NA
2026-03-07 10:00:00	-90.3766	30.5044	0	21.93	22.2	96.58735901276643	101.74	2.585	0	1.75	124.2	0	0	3.47	0.09	0	0.176	0.161	0.285	0.294	0.258	-16.8	-14.8	-8.1	0	0.033	0.116	0.137	0.011	22	21.8	21.75	20.65	18.8	NA
2026-03-07 10:15:00	-90.3766	30.5044	0	21.98	22.2	96.58735901276643	101.74	2.585	0	1.61	117.2	0	0	4.44	0.09	0	0.177	0.161	0.285	0.294	0.258	-16.9	-14.8	-8.1	0	0.034	0.116	0.137	0.011	21.95	21.8	21.7	20.65	18.8	NA
2026-03-07 10:30:00	-90.3766	30.5044	0	22	22.3	96.1501126116979	101.75	2.589	0	1.66	116.6	0	0	3.56	0.1	0	0.176	0.161	0.285	0.294	0.258	-16.8	-14.8	-8.1	0	0.033	0.116	0.137	0.012	21.9	21.8	21.7	20.65	18.8	NA
2026-03-07 10:45:00	-90.3766	30.5044	0	21.86	22.3	96.07583674255022	101.76	2.587	0	1.56	122	0	0	3.47	0.1	0	0.177	0.161	0.285	0.294	0.258	-16.9	-14.8	-8.1	0	0.033	0.115	0.137	0.012	21.9	21.8	21.65	20.65	18.8	NA
2026-03-07 11:00:00	-90.3766	30.5044	0	21.78	22.2	96.21371352335534	101.76	2.575	0	1.56	132.1	0	0	3.76	0.1	0	0.177	0.161	0.285	0.294	0.258	-16.9	-14.8	-8.1	0	0.031	0.115	0.137	0.011	21.9	21.7	21.65	20.7	18.8	NA
2026-03-07 11:15:00	-90.3766	30.5044	0	21.89	22.2	96.40053626806088	101.76	2.58	0	1.62	131.8	0	0	3.58	0.09	0	0.177	0.161	0.285	0.294	0.258	-16.9	-14.8	-8.1	0	0.032	0.115	0.138	0.011	21.9	21.7	21.65	20.7	18.8	NA
2026-03-07 11:30:00	-90.3766	30.5044	0	21.83	22.2	96.36317171911978	101.76	2.579	0	1.66	125.6	0	0	3.68	0.1	0	0.176	0.161	0.285	0.294	0.258	-16.9	-14.9	-8.1	0	0.032	0.115	0.138	0.012	21.85	21.7	21.65	20.7	18.8	NA
2026-03-07 11:45:00	-90.3766	30.5044	0	21.93	22.2	96.66208811064865	101.78	2.587	0	1.37	133.1	0	0	2.92	0.09	0	0.177	0.161	0.285	0.294	0.258	-16.9	-14.9	-8.1	0	0.032	0.114	0.137	0.011	21.85	21.7	21.65	20.7	18.8	NA
2026-03-07 12:00:00	-90.3766	30.5044	0	21.72	22.1	96.87644568920983	101.79	2.577	0	1.11	130.9	0	0	2.7	0.09	0	0.177	0.161	0.285	0.294	0.258	-16.9	-14.9	-8.1	0	0.032	0.115	0.137	0.012	21.799999999999997	21.7	21.549999999999997	20.7	18.8	NA
2026-03-07 12:15:00	-90.3766	30.5044	0	21.54	22	96.97680512843657	101.8	2.564	0	1.15	114.2	0	0	2.3	0.08	0	0.177	0.161	0.285	0.294	0.258	-16.9	-14.9	-8.1	0	0.033	0.115	0.137	0.012	21.799999999999997	21.7	21.549999999999997	20.7	18.8	NA
2026-03-07 12:30:00	-90.3766	30.5044	0	21.49	22	96.56075799255015	101.8	2.553	0	0.94	129.1	0	0	2.54	0.08	0	0.177	0.161	0.285	0.294	0.258	-16.9	-14.9	-8.1	0	0.032	0.116	0.138	0.011	21.799999999999997	21.7	21.549999999999997	20.7	18.8	1
2026-03-07 12:45:00	-90.3766	30.5044	0	21.72	22	97.12809499603165	101.8	2.568	5.9	1.17	113	0	0	2.69	0.07	0	0.177	0.161	0.285	0.294	0.258	-16.9	-14.9	-8.1	0	0.031	0.115	0.138	0.012	21.799999999999997	21.6	21.549999999999997	20.7	18.9	0.929
2026-03-07 13:00:00	-90.3766	30.5044	0	21.79	22	97.58196459881684	101.81	2.58	19.6	1.35	111.8	0	0	2.93	0.06	0	0.176	0.161	0.285	0.294	0.258	-16.9	-14.9	-8.1	0	0.032	0.115	0.138	0.011	21.75	21.6	21.549999999999997	20.7	18.9	0.853
2026-03-07 13:15:00	-90.3766	30.5044	0	22.41	22.2	97.93248277464635	101.81	2.621	64	1.44	121	0	0	3.21	0.05	0	0.177	0.161	0.285	0.294	0.258	-16.9	-14.9	-8.1	0	0.032	0.116	0.138	0.012	21.700000000000003	21.6	21.549999999999997	20.7	18.9	0.767
2026-03-07 13:30:00	-90.3766	30.5044	0	22.48	22.4	98.22514054487458	101.81	2.661	64.6	1.39	115.4	0	0	2.73	0.05	0	0.177	0.161	0.285	0.294	0.258	-16.9	-14.9	-8.1	0	0.033	0.115	0.138	0.011	21.700000000000003	21.6	21.549999999999997	20.7	18.9	0.762
2026-03-07 13:45:00	-90.3766	30.5044	0	22.94	22.6	97.69597413019767	101.83	2.679	76.8	1.42	118	0	0	2.89	0.05	0	0.177	0.161	0.285	0.294	0.258	-17	-14.9	-8.1	0	0.034	0.115	0.138	0.011	21.700000000000003	21.6	21.549999999999997	20.7	18.9	0.768
2026-03-07 14:00:00	-90.3766	30.5044	0	23.45	22.8	97.81558757625436	101.84	2.715	134.7	1.84	122.6	0	0	4.12	0.05	0	0.176	0.161	0.285	0.294	0.258	-17	-14.9	-8.1	0	0.035	0.114	0.138	0.012	21.700000000000003	21.6	21.450000000000003	20.7	18.9	0.755
2026-03-07 14:15:00	-90.3766	30.5044	0	23.61	23	97.45722696145441	101.84	2.738	143.6	2.42	133	0	0	4.41	0.06	0	0.176	0.161	0.285	0.294	0.258	-17	-14.9	-8.1	0	0.032	0.115	0.138	0.012	21.75	21.6	21.450000000000003	20.7	18.9	0.756
2026-03-07 14:30:00	-90.3766	30.5044	0	23.7	23	97.20806677565082	101.86	2.731	128.1	1.98	127.8	0	0	4.47	0.09	0	0.176	0.161	0.285	0.294	0.258	-17	-14.9	-8.1	0	0.032	0.115	0.138	0.012	21.75	21.6	21.450000000000003	20.7	18.9	0.759
2026-03-07 14:45:00	-90.3766	30.5044	0	24.34	23.3	96.65057249845832	101.87	2.765	176.1	1.74	124	0	0	4.48	0.09	0	0.176	0.161	0.285	0.294	0.257	-17	-14.9	-8.1	0	0.033	0.114	0.138	0.012	21.85	21.6	21.450000000000003	20.7	18.9	0.753
2026-03-07 15:00:00	-90.3766	30.5044	0	24.17	23.4	96.03456850571504	101.9	2.764	156.2	2.47	128.7	0	0	5.32	0.12	0	0.176	0.161	0.285	0.294	0.258	-17	-14.9	-8.1	0	0.036	0.115	0.138	0.012	21.85	21.6	21.450000000000003	20.7	18.9	0.747
2026-03-07 15:15:00	-90.3766	30.5044	0	24.84	23.7	95.23623069086408	101.92	2.791	239.5	2.27	133	0	0	4.97	0.13	0	0.176	0.161	0.285	0.294	0.257	-17	-14.9	-8.2	0	0.035	0.116	0.137	0.012	21.95	21.6	21.450000000000003	20.7	18.9	0.745
2026-03-07 15:30:00	-90.3766	30.5044	0	25.6	24	95.21040785278964	101.93	2.841	307.3	2.58	141	0	0	5.17	0.15	0	0.176	0.161	0.285	0.294	0.257	-17	-15	-8.2	0	0.034	0.115	0.138	0.013	22	21.7	21.450000000000003	20.7	18.9	0.745
2026-03-07 15:45:00	-90.3766	30.5044	0	26.72	24.5	94.31970777830682	101.93	2.9	450.9	2.41	121.4	0	0	5.31	0.18	0	0.176	0.161	0.285	0.294	0.257	-17	-15	-8.2	0	0.037	0.115	0.137	0.014	22.1	21.7	21.5	20.7	18.9	0.743
2026-03-07 16:00:00	-90.3766	30.5044	0	26.32	24.7	93.5528579466349	101.92	2.911	319.7	2.55	121.9	0	0	5.52	0.2	0	0.176	0.161	0.285	0.294	0.257	-17	-15	-8.2	0	0.036	0.116	0.137	0.013	22.2	21.7	21.5	20.7	18.9	0.746
2026-03-07 16:15:00	-90.3766	30.5044	0	26.13	24.9	90.09330353033882	101.92	2.837	291.1	2.6	144.4	0	0	5.33	0.3	0	0.176	0.16	0.285	0.294	0.257	-17	-15	-8.2	0	0.036	0.115	0.138	0.012	22.3	21.8	21.5	20.65	18.9	0.747
2026-03-07 16:30:00	-90.3766	30.5044	0	27	25.3	88.96599645401055	101.92	2.869	401.1	3.12	154	0	0	6.01	0.36	0	0.176	0.16	0.285	0.294	0.257	-17	-15	-8.2	0	0.034	0.116	0.138	0.012	22.4	21.8	21.5	20.65	18.9	0.742
2026-03-07 16:45:00	-90.3766	30.5044	0	28.45	26.1	86.79934781654137	101.91	2.935	583.4	2.9	140.8	0	0	6.48	0.44	0	0.176	0.16	0.285	0.294	0.257	-17	-15	-8.2	0	0.036	0.115	0.137	0.012	22.55	21.9	21.55	20.65	18.9	0.742
2026-03-07 17:00:00	-90.3766	30.5044	0	27.99	26.1	86.35573956534951	101.89	2.92	521.2	3.5	143.1	0	0	7.33	0.46	0	0.176	0.16	0.285	0.294	0.257	-17	-15	-8.2	0	0.036	0.116	0.137	0.012	22.65	22	21.55	20.65	18.9	0.741
2026-03-07 17:15:00	-90.3766	30.5044	0	28.84	26.3	85.43000056257902	101.88	2.923	580.2	3.08	142.2	0	0	6.84	0.5	0	0.176	0.159	0.285	0.294	0.257	-17	-15	-8.2	0	0.035	0.115	0.138	0.012	22.8	22	21.6	20.65	18.9	0.743
2026-03-07 17:30:00	-90.3766	30.5044	0	27.86	26.4	84.5210434684046	101.88	2.909	434.9	3.47	137.8	0	0	8.63	0.52	0	0.176	0.159	0.285	0.294	0.257	-17	-15	-8.2	0	0.037	0.115	0.138	0.013	22.95	22.1	21.65	20.65	18.9	0.741
2026-03-07 17:45:00	-90.3766	30.5044	0	27.94	26.4	82.83585250203559	101.88	2.851	456.3	3.54	151.7	0	0	8.06	0.58	0	0.176	0.159	0.285	0.294	0.257	-17	-15	-8.3	0	0.036	0.115	0.138	0.012	23.15	22.2	21.7	20.65	18.9	0.744
2026-03-07 18:00:00	-90.3766	30.5044	0	27.46	26.5	82.06043951497765	101.88	2.841	305.7	2.63	137.6	0	0	7.76	0.61	0	0.176	0.159	0.285	0.294	0.257	-17	-15	-8.3	0	0.037	0.115	0.137	0.012	23.299999999999997	22.3	21.7	20.65	18.9	0.744
2026-03-07 18:15:00	-90.3766	30.5044	0	27.85	26.6	81.40650006796427	101.86	2.835	445.7	3.61	142.8	0	0	7.67	0.64	0	0.176	0.159	0.285	0.294	0.257	-16.9	-15	-8.3	0	0.036	0.115	0.138	0.013	23.45	22.4	21.8	20.65	18.9	0.745
2026-03-07 18:30:00	-90.3766	30.5044	0	27.32	26.5	81.71382731005693	101.83	2.829	272	2.54	123.3	34	1	6.24	0.63	0	0.176	0.158	0.285	0.294	0.257	-16.9	-15	-8.3	0	0.036	0.115	0.138	0.012	23.55	22.4	21.85	20.65	19	0.743
2026-03-07 18:45:00	-90.3766	30.5044	0	26.52	26.4	80.45334113578974	101.81	2.769	218.1	3.54	140.1	24	1	8.46	0.67	0	0.176	0.158	0.285	0.294	0.257	-16.9	-15	-8.3	0	0.039	0.115	0.138	0.01	23.65	22.5	21.9	20.65	19	0.746
2026-03-07 19:00:00	-90.3766	30.5044	0	25.89	25.6	84.34946747105006	101.8	2.769	218.4	2.61	134.2	13	6	5.76	0.51	0	0.176	0.158	0.285	0.294	0.257	-16.9	-15	-8.3	0	0.037	0.116	0.137	0.011	23.75	22.6	22	20.65	19	0.745
2026-03-07 19:15:00	-90.3766	30.5044	0	27.2	25.5	86.23023249547572	101.75	2.814	461.4	2.54	131.8	8	3	5.97	0.45	0	0.176	0.158	0.285	0.294	0.257	-16.9	-15.1	-8.3	0	0.035	0.115	0.137	0.011	23.75	22.6	22	20.65	19	0.743
2026-03-07 19:30:00	-90.3766	30.5044	0	26.04	25.5	86.47537885651474	101.74	2.822	214.1	2.49	123.7	13	2	6.34	0.44	0	0.175	0.158	0.285	0.294	0.257	-16.9	-15.1	-8.3	0	0.038	0.115	0.138	0.011	23.75	22.6	22.1	20.7	19	0.754
2026-03-07 19:45:00	-90.3766	30.5044	0	24.97	25.5	83.74812558995563	101.74	2.733	39.6	2.26	131.1	12	8	6.1	0.52	0	0.176	0.158	0.285	0.294	0.257	-16.9	-15.1	-8.4	0	0.036	0.116	0.137	0.011	23.8	22.7	22.1	20.7	19	0.774
2026-03-07 20:00:00	-90.3766	30.5044	0	24.47	25.4	82.92123845856112	101.72	2.69	25.2	2.22	133.8	17	1	4.8	0.55	0	0.176	0.158	0.285	0.294	0.257	-16.9	-15.1	-8.4	0	0.036	0.115	0.137	0.011	23.85	22.7	22.200000000000003	20.7	19	0.757
2026-03-07 20:15:00	-90.3766	30.5044	0	24.33	25	84.34935270972731	101.64	2.672	54.2	2.49	136	17	2	4.87	0.49	0	0.176	0.158	0.285	0.294	0.257	-16.9	-15.1	-8.4	0	0.038	0.116	0.138	0.011	23.8	22.7	22.200000000000003	20.7	19	0.761
2026-03-07 20:30:00	-90.3766	30.5044	0	24.81	24.9	85.39333563379662	101.66	2.689	122.9	1.86	119.8	0	0	4.42	0.45	0	0.176	0.158	0.285	0.294	0.257	-16.9	-15.1	-8.4	0	0.035	0.116	0.138	0.011	23.8	22.8	22.200000000000003	20.7	19	0.753
2026-03-07 20:45:00	-90.3766	30.5044	0	25	24.7	86.93249080922274	101.66	2.705	148.7	2.49	132.3	34	1	4.96	0.41	0	0.176	0.158	0.285	0.294	0.257	-16.9	-15.1	-8.4	0	0.037	0.115	0.137	0.012	23.75	22.8	22.299999999999997	20.7	19	0.747
2026-03-07 21:00:00	-90.3766	30.5044	0	24.84	24.8	86.95832131737937	101.64	2.722	118.4	2.26	143.2	0	0	5.1	0.41	0	0.175	0.158	0.284	0.294	0.257	-16.9	-15.1	-8.4	0	0.035	0.116	0.137	0.012	23.7	22.8	22.299999999999997	20.7	19	0.745
2026-03-07 21:15:00	-90.3766	30.5044	0	25.09	25	86.49596797329822	101.6	2.74	144.4	2.19	133.4	34	1	4.57	0.42	0	0.176	0.158	0.284	0.294	0.257	-17	-15.1	-8.4	0	0.037	0.115	0.137	0.012	23.65	22.8	22.299999999999997	20.75	19	0.752
2026-03-07 21:30:00	-90.3766	30.5044	0	25.5	25.2	86.56422628489128	101.63	2.775	148.4	2.24	140.2	22	4	4.08	0.44	0	0.175	0.157	0.284	0.294	0.257	-17	-15.1	-8.4	0	0.036	0.115	0.137	0.013	23.6	22.8	22.299999999999997	20.75	19	0.755
2026-03-07 21:45:00	-90.3766	30.5044	0	25.09	25.2	86.15870017977286	101.6	2.762	124.8	2.35	120.9	0	0	6.05	0.44	0	0.175	0.157	0.284	0.294	0.257	-17	-15.1	-8.4	0	0.033	0.115	0.137	0.012	23.6	22.8	22.35	20.75	19	0.756
2026-03-07 22:00:00	-90.3766	30.5044	0.017	24.53	25	85.99088202892861	101.59	2.724	35.6	1.64	130.4	12	6	3.96	0.44	0	0.175	0.157	0.284	0.294	0.257	-17	-15.2	-8.5	0	0.035	0.115	0.137	0.012	23.55	22.8	22.35	20.75	19	0.756
2026-03-07 22:15:00	-90.3766	30.5044	0	24.29	24.8	86.38328465914543	101.58	2.704	30.4	1.14	125.2	0	0	3.74	0.42	0	0.175	0.157	0.284	0.294	0.257	-17	-15.2	-8.5	0	0.035	0.115	0.137	0.012	23.55	22.8	22.35	20.75	19	0.752
2026-03-07 22:30:00	-90.3766	30.5044	0	24.12	24.6	87.03295236066572	101.56	2.692	48.5	1.39	145.9	0	0	3.27	0.4	0	0.175	0.157	0.284	0.294	0.257	-17	-15.2	-8.5	0	0.036	0.116	0.137	0.012	23.55	22.8	22.35	20.75	19	0.746
2026-03-07 22:45:00	-90.3766	30.5044	0	24.18	24.4	87.98183645726813	101.52	2.689	82.2	1.63	131.6	0	0	3.82	0.37	0	0.175	0.157	0.284	0.294	0.257	-17	-15.2	-8.5	0	0.036	0.116	0.137	0.011	23.5	22.8	22.35	20.75	19	0.744
2026-03-07 23:00:00	-90.3766	30.5044	0	23.98	24.3	88.34551161358202	101.52	2.684	78.1	1.87	128.7	0	0	3.65	0.34	0	0.175	0.157	0.284	0.294	0.257	-17	-15.2	-8.5	0	0.035	0.116	0.137	0.011	23.45	22.7	22.35	20.75	19	0.754
2026-03-07 23:15:00	-90.3766	30.5044	0	23.67	24	89.47968636640208	101.5	2.67	65.4	2.16	134.5	0	0	5.67	0.32	0	0.175	0.157	0.284	0.294	0.257	-17	-15.2	-8.5	0	0.036	0.116	0.137	0.011	23.45	22.7	22.35	20.85	19	0.76
2026-03-07 23:30:00	-90.3766	30.5044	0	23.39	23.8	90.18804582280886	101.49	2.659	46.5	2.18	138.4	0	0	4.65	0.29	0	0.175	0.157	0.284	0.294	0.257	-17	-15.2	-8.5	0	0.035	0.116	0.138	0.011	23.35	22.7	22.4	20.85	19	0.774
2026-03-07 23:45:00	-90.3766	30.5044	0	23.27	23.8	90.45939007500235	101.5	2.667	22.4	1.92	133	0	0	4.64	0.28	0	0.175	0.157	0.284	0.294	0.257	-17	-15.2	-8.5	0	0.035	0.115	0.137	0.011	23.35	22.7	22.4	20.85	19	0.8
2026-03-08 00:00:00	-90.3766	30.5044	0	23.16	23.8	90.5611441695749	101.51	2.67	5.4	1.61	115.5	0	0	3.85	0.27	0	0.175	0.157	0.284	0.294	0.257	-17	-15.2	-8.5	0	0.037	0.115	0.137	0.011	23.299999999999997	22.7	22.4	20.85	19	0.876
2026-03-08 00:15:00	-90.3766	30.5044	0.051	23.06	23.8	90.18804582280886	101.51	2.659	0	1.7	128.3	0	0	4.12	0.28	0	0.175	0.157	0.284	0.294	0.257	-17	-15.2	-8.5	0	0.037	0.115	0.138	0.011	23.25	22.7	22.4	20.85	19	NA
2026-03-08 00:30:00	-90.3766	30.5044	0.289	22.67	23.2	92.38280061169459	101.53	2.627	0	1.85	132.4	17	1	4.9	0.22	0.014	0.175	0.157	0.285	0.294	0.257	-17	-15.3	-8.6	0	0.032	0.115	0.138	0.012	23.200000000000003	22.7	22.4	20.85	19	NA
2026-03-08 00:45:00	-90.3766	30.5044	0	22.7	23.4	91.76096071765322	101.52	2.641	0	1.66	123.4	17	5	3.57	0.24	0	0.175	0.157	0.285	0.294	0.257	-17.1	-15.3	-8.6	0	0.033	0.115	0.138	0.013	23.15	22.6	22.4	20.85	19	NA
2026-03-08 01:00:00	-90.3766	30.5044	0	22.94	23.8	90.83248842176839	101.51	2.678	0	2.17	144.8	12	1	4.77	0.28	0	0.175	0.157	0.285	0.294	0.257	-17.1	-15.3	-8.6	0	0.034	0.115	0.138	0.013	23.1	22.6	22.35	20.85	19	NA
2026-03-08 01:15:00	-90.3766	30.5044	0	22.93	23.9	90.72659556629229	101.52	2.691	0	2.03	149.3	14	4	4.98	0.27	0	0.175	0.157	0.285	0.294	0.257	-17.1	-15.3	-8.6	0	0.032	0.115	0.138	0.013	23.05	22.6	22.35	20.85	19.1	NA
2026-03-08 01:30:00	-90.3766	30.5044	0	23.01	23.9	90.79402521740066	101.54	2.693	0	2.18	150	11	6	5.44	0.26	0	0.175	0.157	0.285	0.294	0.257	-17.1	-15.3	-8.6	0	0.034	0.115	0.137	0.014	22.95	22.6	22.35	20.9	19.1	NA
2026-03-08 01:45:00	-90.3766	30.5044	0	22.99	23.8	91.54476708377628	101.55	2.699	0	2.01	167.5	13	5	4.32	0.24	0	0.175	0.157	0.285	0.294	0.257	-17.1	-15.3	-8.6	0	0.035	0.115	0.138	0.013	22.9	22.5	22.35	20.9	19.1	NA
2026-03-08 02:00:00	-90.3766	30.5044	0	23.01	23.7	92.23344018538361	101.57	2.703	0	1.6	164	20	1	4.43	0.22	0	0.175	0.157	0.285	0.294	0.257	-17.1	-15.3	-8.6	0	0.037	0.115	0.138	0.012	22.9	22.5	22.3	20.95	19.1	NA
2026-03-08 02:15:00	-90.3766	30.5044	0	22.97	23.7	92.43817590166638	101.56	2.709	0	2.16	159.4	24	1	5.11	0.22	0	0.175	0.157	0.285	0.294	0.257	-17.1	-15.3	-8.7	0	0.035	0.115	0.138	0.013	22.85	22.5	22.25	20.95	19.1	NA
2026-03-08 02:30:00	-90.3766	30.5044	0	22.84	23.6	92.79020452926385	101.59	2.703	0	1.38	175.5	23	4	3.7	0.2	0	0.175	0.157	0.285	0.294	0.257	-17.1	-15.3	-8.7	0	0.033	0.115	0.138	0.013	22.799999999999997	22.5	22.25	20.95	19.1	NA
2026-03-08 02:45:00	-90.3766	30.5044	0	22.84	23.5	93.24715265545082	101.63	2.7	0	1.44	156.4	17	4	3.67	0.2	0	0.175	0.157	0.285	0.294	0.257	-17.1	-15.3	-8.7	0	0.035	0.115	0.138	0.012	22.75	22.4	22.25	20.95	19.1	NA
2026-03-08 03:00:00	-90.3766	30.5044	0	22.84	23.4	93.9151370010665	101.64	2.703	0	1.71	154.2	24	3	3.68	0.17	0	0.175	0.157	0.285	0.294	0.257	-17.2	-15.3	-8.7	0	0.035	0.115	0.138	0.014	22.700000000000003	22.4	22.25	20.95	19.1	NA
2026-03-08 03:15:00	-90.3766	30.5044	0	22.77	23.3	94.48336255455075	101.68	2.703	0	1.43	126	13	6	3.52	0.16	0	0.175	0.157	0.285	0.294	0.257	-17.2	-15.3	-8.7	0	0.034	0.115	0.138	0.013	22.700000000000003	22.4	22.25	20.95	19.1	NA
2026-03-08 03:30:00	-90.3766	30.5044	0	22.7	23.2	95.09063298592396	101.69	2.704	0	1.11	143.1	16	2	2.42	0.14	0	0.175	0.157	0.285	0.294	0.257	-17.2	-15.3	-8.7	0	0.033	0.115	0.138	0.013	22.65	22.4	22.2	20.95	19.1	NA
2026-03-08 03:45:00	-90.3766	30.5044	0	22.6	23.2	94.73896644381622	101.68	2.694	0	1.16	116.9	13	5	2.23	0.14	0	0.175	0.157	0.285	0.294	0.257	-17.2	-15.3	-8.7	0	0.034	0.115	0.137	0.013	22.6	22.3	22.2	20.95	19.1	NA
2026-03-08 04:00:00	-90.3766	30.5044	0	22.52	23.1	94.9946420517075	101.7	2.685	0	0.72	90.4	13	4	1.77	0.13	0	0.175	0.157	0.285	0.294	0.257	-17.2	-15.3	-8.7	0	0.032	0.115	0.138	0.013	22.6	22.3	22.2	20.95	19.1	NA
2026-03-08 04:15:00	-90.3766	30.5044	0.068	22.61	23	95.81988859760239	101.74	2.692	0	0.51	356.2	6	11	1.3	0.11	0	0.175	0.157	0.285	0.294	0.257	-17.2	-15.4	-8.7	0	0.033	0.115	0.137	0.014	22.55	22.3	22.15	20.95	19.1	NA
2026-03-08 04:30:00	-90.3766	30.5044	0.511	22.51	22.6	97.62303947239238	101.78	2.677	0	1.49	342.4	8	8	6.74	0.07	0.046	0.175	0.157	0.285	0.294	0.257	-17.2	-15.4	-8.8	0	0.031	0.115	0.138	0.014	22.5	22.3	22.1	20.95	19.1	1
2026-03-08 04:45:00	-90.3766	30.5044	0.817	20.84	20.6	100	101.8	2.431	0	2.5	331.7	5	12	8.53	0	0.041	0.174	0.157	0.285	0.294	0.257	-17.2	-15.4	-8.8	0	0.032	0.115	0.138	0.014	22.5	22.3	22.1	20.95	19.1	1
2026-03-08 05:00:00	-90.3766	30.5044	3.723	19.88	19.3	99.55968068870861	101.84	2.229	0	1.76	354.1	2	17	3.99	0.01	0.013	0.175	0.157	0.285	0.293	0.257	-17.2	-15.4	-8.8	0	0.031	0.114	0.137	0.015	22.5	22.3	22.1	20.95	19.1	1
2026-03-08 05:15:00	-90.3766	30.5044	7.855	19.6	19.1	99.08917403061044	101.82	2.191	0	1.62	151.7	6	14	3.4	0.02	0.005	0.175	0.156	0.285	0.293	0.257	-17.2	-15.4	-8.8	0	0.035	0.116	0.138	0.014	22.4	22.2	22.1	20.95	19.1	1
2026-03-08 05:30:00	-90.3766	30.5044	2.447	19.53	19	99.29947343890593	101.82	2.182	0	1.13	42.9	10	11	2.89	0.02	0.005	0.174	0.156	0.285	0.293	0.257	-17.3	-15.4	-8.8	0	0.032	0.115	0.137	0.014	22.4	22.2	22.1	20.95	19.1	1
2026-03-08 05:45:00	-90.3766	30.5044	5.813	19.49	19	99.43599883776785	101.82	2.185	0	1.01	10.5	3	11	3.22	0.01	0.005	0.174	0.156	0.284	0.293	0.257	-17.3	-15.4	-8.8	0	0.033	0.116	0.137	0.015	22.299999999999997	22.1	22.049999999999997	20.95	19.1	1
2026-03-08 06:00:00	-90.3766	30.5044	2.855	19.43	19	99.43599883776785	101.8	2.185	0	0.94	22.8	1	5	2.99	0.01	0.004	0.175	0.156	0.284	0.293	0.257	-17.3	-15.4	-8.8	0	0.034	0.116	0.138	0.014	22.200000000000003	22	22.049999999999997	20.95	19.1	1
2026-03-08 06:15:00	-90.3766	30.5044	1.936	19.44	19	99.43599883776785	101.83	2.185	0	1.08	18.8	1	4	2.54	0.01	0.006	0.178	0.156	0.284	0.294	0.257	-17.2	-15.4	-8.8	0.012	0.035	0.115	0.138	0.015	22.049999999999997	22	22	20.95	19.1	1
2026-03-08 06:30:00	-90.3766	30.5044	3.826	19.35	18.9	99.78377092834963	101.82	2.179	0	1.25	69.5	1	2	2.83	0	0.006	0.181	0.157	0.284	0.293	0.257	-16.6	-15.4	-8.8	0.024	0.035	0.115	0.138	0.013	21.950000000000003	21.9	21.950000000000003	20.95	19.1	1
2026-03-08 06:45:00	-90.3766	30.5044	2.311	19.29	18.9	99.69218417210517	101.78	2.177	0	1.27	48	0	0	3.5	0	0.005	0.186	0.158	0.284	0.293	0.257	-13.4	-15.3	-8.8	0.034	0.04	0.115	0.138	0.013	21.85	21.8	21.950000000000003	21	19.1	1
2026-03-08 07:00:00	-90.3766	30.5044	0.579	19.28	18.8	99.99424726581434	101.78	2.17	0	1.25	63.5	12	1	3.84	0	0.005	0.197	0.167	0.284	0.293	0.257	-8.3	-15.3	-8.8	0.039	0.062	0.115	0.137	0.011	21.75	21.7	21.9	21	19.1	1
2026-03-08 07:15:00	-90.3766	30.5044	0.391	19.28	18.8	99.94816696753516	101.78	2.169	0	1.07	28.6	12	1	3.1	0	0.005	0.21	0.185	0.284	0.293	0.257	-1.6	-15.3	-8.8	0.042	0.076	0.114	0.138	0.013	21.700000000000003	21.6	21.85	21	19.1	1
2026-03-08 07:30:00	-90.3766	30.5044	1.817	19.23	18.8	99.57952458130174	101.79	2.161	0	1.11	334.5	1	3	2.91	0	0.01	0.251	0.226	0.284	0.293	0.257	-0.1	-15.2	-8.7	0.04	0.072	0.115	0.138	0.012	21.65	21.6	21.799999999999997	21	19.1	1
2026-03-08 07:45:00	-90.3766	30.5044	1.379	19.21	18.7	99.97208663994454	101.8	2.156	0	1.05	63.7	1	5	2.9	0	0.009	0.279	0.28	0.284	0.293	0.257	-0.1	-15.2	-8.7	0.041	0.07	0.114	0.139	0.012	21.549999999999997	21.5	21.799999999999997	21	19.1	1
2026-03-08 08:00:00	-90.3766	30.5044	5.881	19.09	18.7	99.64750194306158	101.87	2.149	0	1.74	315	4	6	4.75	0	0.004	0.289	0.312	0.284	0.293	0.257	-0.1	-15.1	-8.7	0.042	0.068	0.114	0.138	0.012	21.5	21.4	21.75	21	19.1	1
2026-03-08 08:15:00	-90.3766	30.5044	3.894	19.04	18.6	99.99286497625738	101.85	2.143	0	0.91	350.7	5	3	2.72	0	0.002	0.295	0.323	0.284	0.293	0.257	-0.1	-14.8	-8.7	0.044	0.073	0.115	0.138	0.013	21.450000000000003	21.4	21.700000000000003	21	19.1	1
2026-03-08 08:30:00	-90.3766	30.5044	1.362	19.01	18.6	99.80622407102871	101.83	2.139	0	0.96	56	5	1	2.2	0	0.002	0.3	0.327	0.284	0.293	0.257	-0.1	-13.8	-8.7	0.046	0.074	0.115	0.138	0.012	21.35	21.3	21.65	21	19.2	1
2026-03-08 08:45:00	-90.3766	30.5044	0.97	18.94	18.5	100	101.79	2.131	0	0.96	70.9	0	0	2.22	0	0.002	0.304	0.33	0.284	0.293	0.257	-0.1	-10.3	-8.7	0.049	0.075	0.115	0.138	0.012	21.35	21.3	21.65	21	19.2	1
2026-03-08 09:00:00	-90.3766	30.5044	1.174	18.91	18.5	100	101.77	2.131	0	1.1	99.8	0	0	1.91	0	0.002	0.308	0.333	0.284	0.293	0.257	-0.1	-1.8	-8.7	0.053	0.075	0.12	0.138	0.013	21.25	21.2	21.6	21	19.2	1
2026-03-08 09:15:00	-90.3766	30.5044	0.664	18.86	18.5	99.86959654054532	101.69	2.127	0	1.82	124.5	6	1	4.21	0	0.001	0.312	0.334	0.285	0.293	0.257	-0.1	-0.3	-8.7	0.057	0.076	0.161	0.139	0.012	21.2	21.2	21.55	21	19.2	1
2026-03-08 09:30:00	-90.3766	30.5044	0.391	18.77	18.4	100	101.55	2.117	0	2.54	104.1	0	0	5.59	0	0.001	0.314	0.335	0.287	0.293	0.257	-0.1	-0.3	-8.7	0.059	0.075	0.208	0.139	0.014	21.15	21.1	21.55	21	19.2	1
2026-03-08 09:45:00	-90.3766	30.5044	0.136	18.68	18.3	100	101.49	2.105	0	2.19	96	0	0	5.45	0	0	0.315	0.335	0.305	0.293	0.257	-0.1	-0.3	-8.7	0.058	0.075	0.268	0.139	0.013	21.1	21.1	21.45	20.95	19.2	1
2026-03-08 10:00:00	-90.3766	30.5044	0	18.57	18.2	100	101.49	2.093	0	1.41	88.7	0	0	3.62	0	0	0.314	0.335	0.326	0.293	0.257	-0.1	-0.3	-8.7	0.058	0.076	0.267	0.14	0.013	21.049999999999997	21	21.45	20.95	19.2	1
2026-03-08 10:15:00	-90.3766	30.5044	0.017	18.41	18.2	99.70872988757695	101.53	2.084	0	0.84	51.6	0	0	2.44	0	0.001	0.314	0.334	0.329	0.293	0.257	-0.1	-0.3	-8.7	0.057	0.076	0.265	0.138	0.012	21	21	21.45	20.95	19.2	1
2026-03-08 10:30:00	-90.3766	30.5044	0	18.31	18.1	100	101.57	2.079	0	0.82	87.9	0	0	1.75	0	0	0.313	0.334	0.329	0.293	0.257	-0.1	-0.3	-8.7	0.057	0.076	0.263	0.139	0.013	20.950000000000003	21	21.35	20.95	19.2	1
2026-03-08 10:45:00	-90.3766	30.5044	0	18.05	17.9	100	101.6	2.053	0	0.72	274.9	0	0	1.58	0	0	0.313	0.334	0.328	0.294	0.257	-0.1	-0.3	-8.6	0.058	0.075	0.261	0.139	0.012	20.950000000000003	21	21.35	20.95	19.2	1
2026-03-08 11:00:00	-90.3766	30.5044	0	18.26	17.9	100	101.65	2.053	0	1.19	220.4	0	0	2.34	0	0	0.313	0.334	0.328	0.294	0.257	-0.1	-0.3	-8.5	0.056	0.076	0.26	0.14	0.012	20.85	20.9	21.3	20.95	19.2	1
2026-03-08 11:15:00	-90.3766	30.5044	0.017	18.51	18.1	100	101.69	2.081	0	1.11	228.8	0	0	2.86	0	0	0.313	0.333	0.327	0.294	0.257	-0.1	-0.3	-8.4	0.056	0.076	0.258	0.141	0.012	20.85	20.9	21.25	20.9	19.2	1
2026-03-08 11:30:00	-90.3766	30.5044	0.017	18.65	18.3	99.70307384100609	101.76	2.097	0	1.78	244.9	0	0	2.81	0	0	0.313	0.333	0.327	0.294	0.257	-0.1	-0.3	-8.2	0.055	0.076	0.254	0.142	0.012	20.8	20.9	21.25	20.9	19.2	1
2026-03-08 11:45:00	-90.3766	30.5044	0.34	18.67	18.4	99.55233077475	101.78	2.107	0	1.79	246.4	0	0	3.4	0	0.001	0.313	0.333	0.326	0.294	0.257	-0.1	-0.3	-8	0.055	0.076	0.255	0.142	0.013	20.75	20.9	21.2	20.9	19.2	1
2026-03-08 12:00:00	-90.3766	30.5044	0.647	18.72	18.4	99.9303177924045	101.79	2.115	0	1.55	253.5	0	0	3.5	0	0.004	0.313	0.334	0.327	0.294	0.257	-0.1	-0.3	-7.8	0.056	0.076	0.26	0.143	0.012	20.75	20.8	21.2	20.9	19.2	1
2026-03-08 12:15:00	-90.3766	30.5044	0.817	18.76	18.4	100	101.81	2.12	0	0.94	210.4	0	0	1.97	0	0.005	0.314	0.335	0.33	0.294	0.257	-0.1	-0.3	-7.4	0.059	0.078	0.261	0.143	0.013	20.75	20.8	21.15	20.9	19.2	1
2026-03-08 12:30:00	-90.3766	30.5044	1.14	18.78	18.5	99.6817834769994	101.82	2.123	0	0.85	238	0	0	1.48	0	0.007	0.315	0.336	0.334	0.294	0.257	-0.1	-0.3	-7	0.059	0.077	0.263	0.143	0.012	20.65	20.8	21.1	20.9	19.2	1
2026-03-08 12:45:00	-90.3766	30.5044	0.596	18.83	18.5	99.82264327465883	101.81	2.126	6.4	0.69	220.5	0	0	1.37	0	0.006	0.317	0.337	0.336	0.295	0.257	-0.1	-0.3	-6.5	0.06	0.078	0.263	0.144	0.012	20.65	20.8	21.1	20.9	19.2	0.952
2026-03-08 13:00:00	-90.3766	30.5044	0.034	19.02	18.5	100	101.84	2.133	16.2	0.83	226.6	0	0	1.75	0	0	0.317	0.337	0.336	0.295	0.257	-0.1	-0.3	-5.7	0.06	0.079	0.263	0.147	0.012	20.65	20.7	21.05	20.9	19.2	0.929
2026-03-08 13:15:00	-90.3766	30.5044	0.936	19.03	18.7	99.64750194306158	101.84	2.149	2.3	0.86	213.8	0	0	2.11	0	0.006	0.317	0.337	0.335	0.296	0.257	-0.1	-0.3	-3.3	0.06	0.079	0.264	0.15	0.012	20.65	20.7	21	20.9	19.2	0.951
2026-03-08 13:30:00	-90.3766	30.5044	0.987	19.04	18.7	99.74024042788527	101.8	2.151	4.8	1.5	132.1	0	0	3.35	0	0.005	0.318	0.337	0.336	0.298	0.257	-0.1	-0.3	-0.9	0.06	0.08	0.263	0.154	0.012	20.6	20.7	21	20.9	19.2	0.958
2026-03-08 13:45:00	-90.3766	30.5044	0.46	19.1	18.7	99.74024042788527	101.77	2.151	19.6	1.55	137.9	0	0	3.77	0	0.004	0.319	0.338	0.337	0.299	0.257	-0.1	-0.3	-0.3	0.06	0.081	0.261	0.161	0.012	20.6	20.7	21	20.85	19.2	0.911
2026-03-08 14:00:00	-90.3766	30.5044	0.034	19.07	18.6	100	101.79	2.149	21	1.93	176.3	0	0	5.6	0	0.003	0.319	0.338	0.337	0.302	0.257	-0.1	-0.3	-0.3	0.059	0.08	0.262	0.171	0.011	20.549999999999997	20.7	20.95	20.85	19.2	0.915
2026-03-08 14:15:00	-90.3766	30.5044	0.187	19.07	18.6	100	101.87	2.145	20.2	1.2	289.1	0	0	3.45	0	0	0.318	0.338	0.336	0.306	0.257	-0.1	-0.3	-0.3	0.058	0.08	0.262	0.173	0.012	20.549999999999997	20.6	20.9	20.85	19.2	0.914
2026-03-08 14:30:00	-90.3766	30.5044	0.987	19.12	18.6	99.89954452364304	101.9	2.141	26.4	1.24	195.3	0	0	2.45	0	0.003	0.318	0.338	0.336	0.31	0.257	-0.1	-0.3	-0.3	0.057	0.081	0.262	0.171	0.011	20.549999999999997	20.6	20.9	20.85	19.2	0.899
2026-03-08 14:45:00	-90.3766	30.5044	0.8	19.11	18.6	100	101.91	2.151	23.3	1.82	217.7	17	1	3.47	0	0.002	0.319	0.338	0.337	0.314	0.257	-0.1	-0.3	-0.3	0.058	0.08	0.261	0.169	0.012	20.549999999999997	20.6	20.9	20.85	19.2	0.898
2026-03-08 15:00:00	-90.3766	30.5044	1.055	19.22	18.7	100	101.94	2.157	33.8	1.82	222	0	0	4	0	0.001	0.32	0.339	0.338	0.317	0.257	-0.1	-0.3	-0.3	0.058	0.082	0.262	0.17	0.012	20.549999999999997	20.6	20.85	20.85	19.2	0.89
2026-03-08 15:15:00	-90.3766	30.5044	0.749	19.28	18.6	99.80622407102871	101.93	2.139	50.4	1.41	236.9	0	0	3.19	0	0.001	0.32	0.339	0.338	0.319	0.257	-0.1	-0.3	-0.3	0.058	0.082	0.262	0.17	0.012	20.5	20.6	20.85	20.85	19.3	0.877
2026-03-08 15:30:00	-90.3766	30.5044	0.306	19.38	18.5	99.77569000877236	101.92	2.125	59.4	0.96	196.3	0	0	2.06	0	0	0.32	0.339	0.338	0.32	0.257	-0.1	-0.3	-0.3	0.057	0.082	0.262	0.171	0.011	20.5	20.6	20.8	20.85	19.3	0.884
2026-03-08 15:45:00	-90.3766	30.5044	0.068	19.15	18.6	99.66624339210723	101.94	2.136	30.7	1.35	204.7	0	0	2.92	0	0.001	0.32	0.339	0.338	0.32	0.257	-0.1	-0.3	-0.3	0.058	0.083	0.262	0.17	0.011	20.5	20.6	20.8	20.85	19.3	0.911
2026-03-08 16:00:00	-90.3766	30.5044	0.681	19.04	18.5	99.82264327465883	101.94	2.126	25.3	1.56	201.5	0	0	3.95	0	0.001	0.319	0.339	0.338	0.32	0.257	-0.1	-0.3	-0.3	0.057	0.082	0.263	0.17	0.011	20.5	20.6	20.8	20.8	19.3	0.903
2026-03-08 16:15:00	-90.3766	30.5044	0.783	19.01	18.5	99.96350307231829	101.89	2.129	21.3	1.85	141.1	0	0	3.76	0	0.001	0.32	0.339	0.338	0.32	0.257	-0.1	-0.3	-0.3	0.057	0.084	0.261	0.169	0.012	20.5	20.6	20.8	20.75	19.3	0.924
2026-03-08 16:30:00	-90.3766	30.5044	0.732	18.98	18.4	100	101.85	2.117	34.1	2.55	159.6	0	0	5.13	0	0.001	0.321	0.339	0.338	0.32	0.257	-0.1	-0.3	-0.3	0.056	0.084	0.261	0.17	0.011	20.5	20.6	20.75	20.75	19.3	0.897
2026-03-08 16:45:00	-90.3766	30.5044	0.494	19.21	18.3	100	101.86	2.109	82.9	2.3	243.9	0	0	5.1	0	0.001	0.321	0.339	0.338	0.32	0.257	-0.1	-0.3	-0.3	0.057	0.085	0.262	0.17	0.012	20.5	20.5	20.75	20.75	19.3	0.854
2026-03-08 17:00:00	-90.3766	30.5044	0.034	20.07	18.2	99.56519524762362	101.87	2.081	202.7	1.25	249.8	0	0	3.06	0	0	0.321	0.339	0.338	0.321	0.257	-0.1	-0.3	-0.3	0.057	0.084	0.261	0.168	0.012	20.5	20.5	20.75	20.75	19.3	0.841
2026-03-08 17:15:00	-90.3766	30.5044	0	20.72	18.2	99.85226452753028	101.86	2.087	273.9	1.73	252.3	0	0	4.07	0	0	0.32	0.339	0.338	0.32	0.257	-0.1	-0.3	-0.3	0.055	0.084	0.261	0.168	0.011	20.5	20.5	20.75	20.75	19.3	0.838
2026-03-08 17:30:00	-90.3766	30.5044	0	21.85	18.2	100	101.83	2.091	424.6	1.65	236.9	0	0	3.16	0	0	0.319	0.339	0.337	0.32	0.257	-0.1	-0.3	-0.3	0.056	0.084	0.261	0.168	0.013	20.5	20.5	20.75	20.75	19.3	0.885
2026-03-08 17:45:00	-90.3766	30.5044	0	23.31	18.6	99.71290361841437	101.83	2.137	597.7	1.72	252	0	0	3.03	0	0	0.319	0.339	0.336	0.32	0.258	-0.1	-0.3	-0.3	0.056	0.085	0.262	0.167	0.012	20.6	20.5	20.7	20.75	19.3	0.906
2026-03-08 18:00:00	-90.3766	30.5044	0	23.57	18.7	100	101.82	2.157	558.2	2.37	248.8	0	0	5.16	0	0	0.319	0.339	0.336	0.32	0.258	-0.1	-0.3	-0.3	0.056	0.085	0.261	0.167	0.014	20.65	20.6	20.7	20.75	19.3	0.916
2026-03-08 18:15:00	-90.3766	30.5044	0	23.62	18.9	99.96694444083856	101.82	2.183	467.8	1.74	248.3	0	0	2.94	0	0	0.318	0.338	0.336	0.319	0.258	-0.1	-0.3	-0.3	0.056	0.086	0.259	0.167	0.014	20.8	20.6	20.75	20.75	19.3	0.805
2026-03-08 18:30:00	-90.3766	30.5044	0	24.96	19	100	101.79	2.198	637	1.83	242.2	0	0	3.2	0	0	0.318	0.338	0.335	0.319	0.258	-0.1	-0.3	-0.3	0.055	0.084	0.259	0.167	0.013	21	20.7	20.75	20.75	19.3	0.74
2026-03-08 18:45:00	-90.3766	30.5044	0	25.36	19.2	100	101.77	2.227	551.1	1.44	232.9	0	0	3.17	0	0	0.318	0.338	0.335	0.319	0.258	-0.1	-0.3	-0.3	0.055	0.084	0.259	0.167	0.013	21.2	20.7	20.75	20.700000000000003	19.3	0.762
2026-03-08 19:00:00	-90.3766	30.5044	0	24.86	19.2	99.73207988720782	101.76	2.219	457.1	1.64	300.9	0	0	3.76	0	0	0.317	0.337	0.334	0.318	0.258	-0.1	-0.3	-0.3	0.055	0.085	0.259	0.166	0.012	21.4	20.8	20.75	20.65	19.3	0.765
2026-03-08 19:15:00	-90.3766	30.5044	0	25.64	19.8	100	101.74	2.314	532.6	1.38	272.8	0	0	3.72	0	0	0.317	0.337	0.334	0.318	0.258	-0.1	-0.3	-0.3	0.055	0.085	0.258	0.165	0.011	21.6	20.9	20.799999999999997	20.65	19.3	0.767
2026-03-08 19:30:00	-90.3766	30.5044	0	25.68	21	100	101.73	2.492	512.9	1.65	296	0	0	4.46	0	0	0.317	0.336	0.333	0.317	0.259	-0.1	-0.3	-0.3	0.055	0.084	0.256	0.165	0.012	21.75	21	20.85	20.65	19.3	0.766
2026-03-08 19:45:00	-90.3766	30.5044	0	25.36	21.3	99.04449180295165	101.74	2.509	443.4	1.56	306.3	0	0	3.49	0.02	0	0.316	0.336	0.333	0.316	0.259	-0.1	-0.3	-0.3	0.055	0.086	0.257	0.165	0.012	21.95	21	20.85	20.65	19.3	0.766
2026-03-08 20:00:00	-90.3766	30.5044	0	24.54	21.8	94.60647722232657	101.75	2.471	300.1	1.42	342.1	0	0	3.44	0.14	0	0.316	0.336	0.332	0.315	0.259	-0.1	-0.3	-0.3	0.055	0.085	0.256	0.164	0.012	22.1	21.1	20.9	20.65	19.3	0.767
2026-03-08 20:15:00	-90.3766	30.5044	0	25.84	22.7	91.41451588884802	101.75	2.522	469.6	1.28	1.1	0	0	3.35	0.24	0	0.316	0.335	0.331	0.315	0.259	-0.1	-0.3	-0.3	0.054	0.085	0.255	0.165	0.013	22.25	21.2	21	20.65	19.3	0.766
2026-03-08 20:30:00	-90.3766	30.5044	0	25.99	23	89.98242138734724	101.75	2.528	470.7	1.47	321.2	0	0	4	0.27	0	0.316	0.335	0.331	0.314	0.26	-0.1	-0.3	-0.3	0.054	0.085	0.254	0.165	0.013	22.4	21.3	21.05	20.65	19.3	0.768
2026-03-08 20:45:00	-90.3766	30.5044	0	24.56	22.9	86.80425723772795	101.75	2.424	277.6	1.62	321.5	0	0	3.91	0.36	0	0.315	0.335	0.33	0.314	0.26	-0.1	-0.3	-0.3	0.054	0.085	0.253	0.165	0.015	22.55	21.4	21.15	20.65	19.3	0.769
2026-03-08 21:00:00	-90.3766	30.5044	0	26.96	23.8	86.45706235514848	101.74	2.549	635.7	1.08	7.7	0	0	2.63	0.4	0	0.315	0.335	0.329	0.313	0.26	-0.1	-0.3	-0.3	0.052	0.084	0.251	0.165	0.015	22.65	21.5	21.2	20.65	19.3	0.766
2026-03-08 21:15:00	-90.3766	30.5044	0	25.83	23.7	85.78426512247664	101.73	2.514	382.8	1.44	325.4	0	0	4.34	0.41	0	0.315	0.334	0.329	0.312	0.261	-0.1	-0.3	-0.3	0.052	0.083	0.248	0.165	0.016	22.7	21.5	21.25	20.65	19.3	0.767
2026-03-08 21:30:00	-90.3766	30.5044	0	25.03	23.1	83.74387997630973	101.74	2.367	258.4	0.88	58.9	0	0	2.59	0.46	0	0.315	0.334	0.328	0.312	0.261	-0.1	-0.3	-0.3	0.052	0.084	0.246	0.163	0.016	22.8	21.6	21.3	20.65	19.3	0.773
2026-03-08 21:45:00	-90.3766	30.5044	0	24.48	23.3	80.25667792277045	101.75	2.296	162.1	0.84	325.4	0	0	2.08	0.56	0	0.315	0.334	0.327	0.311	0.261	-0.1	-0.3	-0.3	0.052	0.084	0.245	0.164	0.016	22.85	21.7	21.35	20.65	19.3	0.771
2026-03-08 22:00:00	-90.3766	30.5044	0	23.9	23.3	79.45271294357894	101.76	2.273	93.4	0.52	338.2	0	0	1.39	0.59	0	0.315	0.334	0.326	0.311	0.262	-0.1	-0.3	-0.3	0.052	0.084	0.244	0.164	0.016	22.9	21.7	21.4	20.65	19.3	0.773
2026-03-08 22:15:00	-90.3766	30.5044	0	24.29	23.3	79.90712793181761	101.76	2.286	150.2	0.41	120.3	0	0	1.12	0.57	0	0.314	0.333	0.326	0.31	0.262	-0.1	-0.3	-0.3	0.051	0.083	0.242	0.164	0.016	23	21.8	21.450000000000003	20.65	19.3	0.774
2026-03-08 22:30:00	-90.3766	30.5044	0	23.83	23.3	80.1518129254846	101.76	2.293	115.3	0.57	151.3	0	0	1.4	0.57	0	0.314	0.333	0.325	0.31	0.262	-0.1	-0.2	-0.3	0.051	0.084	0.242	0.163	0.015	23	21.8	21.549999999999997	20.65	19.3	0.771
2026-03-08 22:45:00	-90.3766	30.5044	0	23.01	23.1	79.99362595117717	101.76	2.261	74.8	1.09	193.7	0	0	1.87	0.57	0	0.314	0.333	0.324	0.309	0.262	-0.1	-0.2	-0.3	0.052	0.083	0.242	0.162	0.016	23	21.9	21.549999999999997	20.65	19.3	0.777
2026-03-08 23:00:00	-90.3766	30.5044	0	23.08	23	80.40755139003852	101.78	2.259	87.2	0.63	185.1	0	0	1.45	0.54	0	0.314	0.333	0.324	0.309	0.263	-0.1	-0.2	-0.3	0.051	0.084	0.241	0.162	0.016	23	21.9	21.65	20.65	19.4	0.779
2026-03-08 23:15:00	-90.3766	30.5044	0	22.65	22.9	81.5401376775192	101.79	2.277	66.6	0.87	159.9	0	0	1.64	0.51	0	0.314	0.333	0.323	0.309	0.263	-0.1	-0.2	-0.3	0.051	0.082	0.24	0.162	0.016	23	21.9	21.65	20.65	19.4	0.777
2026-03-08 23:30:00	-90.3766	30.5044	0	22.62	22.8	82.64786662980755	101.8	2.294	59.7	0.72	144	0	0	1.33	0.48	0	0.314	0.333	0.323	0.308	0.263	-0.1	-0.2	-0.3	0.051	0.082	0.24	0.163	0.016	22.95	21.9	21.7	20.65	19.4	0.767
2026-03-08 23:45:00	-90.3766	30.5044	0	22.13	22.7	83.51270603009748	101.81	2.304	33.7	0.6	133.7	0	0	1.02	0.45	0	0.314	0.333	0.322	0.308	0.264	-0.1	-0.2	-0.3	0.051	0.082	0.239	0.162	0.016	22.95	22	21.75	20.65	19.4	0.795
2026-03-09 00:00:00	-90.3766	30.5044	0	21.17	22.1	84.92195995806169	101.8	2.259	8.6	0.51	83.3	0	0	0.9	0.4	0	0.314	0.333	0.322	0.308	0.264	-0.1	-0.2	-0.3	0.051	0.083	0.239	0.162	0.016	22.85	22	21.75	20.65	19.4	0.833
2026-03-09 00:15:00	-90.3766	30.5044	0	20.42	21.2	88.17492821287398	101.79	2.22	0	0.83	88	0	0	1.18	0.29	0	0.314	0.333	0.321	0.308	0.264	-0.1	-0.2	-0.3	0.051	0.083	0.24	0.162	0.016	22.85	22	21.75	20.65	19.4	NA
2026-03-09 00:30:00	-90.3766	30.5044	0	19.89	20.5	90.1046112291169	101.79	2.173	0	0.46	141	0	0	0.93	0.23	0	0.314	0.333	0.32	0.307	0.264	-0.1	-0.2	-0.3	0.05	0.082	0.24	0.162	0.017	22.75	22	21.8	20.65	19.4	NA
2026-03-09 00:45:00	-90.3766	30.5044	0	19.49	19.9	92.60511319225337	101.8	2.152	0	0.27	192	0	0	0.7	0.17	0	0.314	0.333	0.32	0.307	0.264	-0.1	-0.2	-0.3	0.05	0.082	0.239	0.162	0.017	22.700000000000003	22	21.8	20.7	19.4	NA
2026-03-09 01:00:00	-90.3766	30.5044	0	19.31	19.6	93.86210352289494	101.82	2.141	0	0.35	280.8	0	0	0.7	0.14	0	0.314	0.333	0.319	0.307	0.265	-0.1	-0.2	-0.3	0.05	0.082	0.238	0.162	0.016	22.65	22	21.8	20.7	19.4	1
2026-03-09 01:15:00	-90.3766	30.5044	0	19.05	19.3	94.42313368144009	101.82	2.114	0	0.2	252.3	0	0	0.43	0.12	0	0.314	0.333	0.319	0.307	0.265	-0.1	-0.2	-0.3	0.051	0.083	0.238	0.162	0.017	22.6	21.9	21.8	20.7	19.4	1
2026-03-09 01:30:00	-90.3766	30.5044	0	18.96	19.2	94.51850563442905	101.83	2.103	0	0.38	33.3	0	0	0.69	0.12	0	0.314	0.332	0.319	0.307	0.265	-0.1	-0.2	-0.3	0.048	0.083	0.238	0.161	0.016	22.5	21.9	21.8	20.7	19.4	1
2026-03-09 01:45:00	-90.3766	30.5044	0	18.92	19.1	95.47113025039647	101.83	2.111	0	0.47	53	0	0	0.69	0.1	0	0.314	0.332	0.318	0.307	0.265	-0.1	-0.2	-0.3	0.049	0.083	0.236	0.161	0.018	22.4	21.9	21.85	20.7	19.4	1
2026-03-09 02:00:00	-90.3766	30.5044	0	18.91	19	96.25040619765632	101.83	2.115	0	0.36	97.4	0	0	0.58	0.08	0	0.314	0.332	0.318	0.306	0.265	-0.1	-0.2	-0.3	0.05	0.084	0.236	0.16	0.018	22.299999999999997	21.8	21.85	20.7	19.4	1
2026-03-09 02:15:00	-90.3766	30.5044	0	18.8	19	96.52345699538014	101.83	2.121	0	0.35	115.3	0	0	0.57	0.07	0	0.315	0.332	0.318	0.306	0.266	-0.1	-0.2	-0.3	0.048	0.084	0.236	0.16	0.018	22.25	21.8	21.8	20.7	19.4	1
2026-03-09 02:30:00	-90.3766	30.5044	0	18.49	18.7	96.86534739835069	101.84	2.089	0	0.3	7.8	0	0	0.67	0.06	0	0.314	0.332	0.317	0.306	0.266	-0.1	-0.2	-0.3	0.049	0.082	0.237	0.16	0.018	22.1	21.8	21.8	20.7	19.4	1
2026-03-09 02:45:00	-90.3766	30.5044	0	18.3	18.6	96.9132900399844	101.83	2.077	0	0.53	105	0	0	0.83	0.07	0	0.315	0.332	0.317	0.306	0.266	-0.1	-0.2	-0.3	0.05	0.083	0.235	0.159	0.02	22.1	21.7	21.8	20.7	19.4	1
2026-03-09 03:00:00	-90.3766	30.5044	0	18.16	18.5	97.66279304388071	101.82	2.08	0	0.47	111.7	0	0	0.69	0.05	0	0.315	0.332	0.316	0.306	0.266	-0.1	-0.2	-0.3	0.048	0.082	0.232	0.158	0.019	22	21.7	21.8	20.75	19.4	1
2026-03-09 03:15:00	-90.3766	30.5044	0	17.75	18.1	98.36289957342441	101.84	2.043	0	0.38	262.9	0	0	0.69	0.03	0	0.315	0.332	0.316	0.306	0.266	-0.1	-0.2	-0.3	0.047	0.083	0.231	0.158	0.019	21.9	21.7	21.7	20.8	19.4	1
2026-03-09 03:30:00	-90.3766	30.5044	0	17.47	17.8	97.58723843871088	101.87	1.989	0	0.36	250.4	0	0	0.64	0.04	0	0.315	0.332	0.315	0.306	0.266	-0.1	-0.2	-0.3	0.047	0.084	0.23	0.159	0.019	21.85	21.6	21.7	20.8	19.4	1
2026-03-09 03:45:00	-90.3766	30.5044	0	17.58	17.8	98.32319046313555	101.88	2.004	0	0.56	183.1	0	0	0.83	0.03	0	0.315	0.332	0.315	0.306	0.267	-0.1	-0.2	-0.3	0.047	0.084	0.23	0.158	0.019	21.75	21.6	21.65	20.8	19.4	1
2026-03-09 04:00:00	-90.3766	30.5044	0	17.29	17.5	98.85064376976253	101.89	1.977	0	0.29	215.7	0	0	0.8	0.02	0	0.315	0.332	0.315	0.306	0.267	-0.1	-0.2	-0.3	0.047	0.083	0.23	0.158	0.018	21.65	21.5	21.65	20.8	19.4	1
2026-03-09 04:15:00	-90.3766	30.5044	0	17.24	17.6	97.43389902133943	101.88	1.961	0	0.2	84.6	0	0	0.49	0.06	0	0.315	0.333	0.314	0.305	0.267	-0.1	-0.2	-0.3	0.046	0.083	0.228	0.158	0.018	21.549999999999997	21.5	21.65	20.8	19.4	1
2026-03-09 04:30:00	-90.3766	30.5044	0	17.35	17.7	97.31525337270082	101.86	1.971	0	0.57	90.8	0	0	1.18	0.05	0	0.315	0.333	0.314	0.305	0.267	-0.1	-0.2	-0.3	0.046	0.083	0.228	0.159	0.019	21.549999999999997	21.4	21.6	20.8	19.4	1
2026-03-09 04:45:00	-90.3766	30.5044	0	17.22	17.5	98.65064246724404	101.84	1.973	0	0.24	50.3	0	0	0.59	0.03	0	0.315	0.333	0.314	0.305	0.267	-0.1	-0.2	-0.3	0.047	0.084	0.227	0.158	0.018	21.450000000000003	21.4	21.549999999999997	20.8	19.4	1
2026-03-09 05:00:00	-90.3766	30.5044	0	16.93	17.3	98.63906156545411	101.83	1.948	0	0.28	219.4	0	0	0.68	0.02	0	0.315	0.333	0.313	0.305	0.267	-0.1	-0.2	-0.3	0.046	0.082	0.226	0.157	0.019	21.35	21.4	21.549999999999997	20.8	19.4	1
2026-03-09 05:15:00	-90.3766	30.5044	0	16.78	17.1	98.61319676488219	101.82	1.923	0	0.38	335.7	0	0	0.81	0.03	0	0.315	0.333	0.313	0.305	0.267	-0.1	-0.2	-0.3	0.045	0.083	0.227	0.157	0.018	21.25	21.3	21.5	20.8	19.4	1
2026-03-09 05:30:00	-90.3766	30.5044	0	16.82	16.9	98.6245739806816	101.84	1.899	0	0.67	221.1	0	0	1.27	0.02	0	0.315	0.333	0.313	0.305	0.267	-0.1	-0.2	-0.3	0.046	0.083	0.225	0.157	0.017	21.2	21.3	21.5	20.8	19.4	1
2026-03-09 05:45:00	-90.3766	30.5044	0	17.16	17.2	98.65341866700459	101.83	1.936	0	0.57	356.2	0	0	1.32	0.03	0	0.315	0.333	0.313	0.305	0.268	-0.1	-0.2	-0.3	0.045	0.083	0.221	0.156	0.017	21.15	21.2	21.4	20.8	19.4	1
2026-03-09 06:00:00	-90.3766	30.5044	0	16.98	16.9	99.24779403743156	101.85	1.911	0	0.71	269.5	0	0	1.55	0.01	0	0.315	0.333	0.313	0.305	0.268	-0.1	-0.2	-0.3	0.046	0.084	0.193	0.156	0.018	21.049999999999997	21.2	21.4	20.8	19.4	1
2026-03-09 06:15:00	-90.3766	30.5044	0	17.15	17.2	98.85724804441575	101.81	1.94	0	0.42	149.6	0	0	1.08	0.02	0	0.315	0.333	0.312	0.305	0.268	-0.1	-0.2	-0.3	0.046	0.084	0.193	0.158	0.018	21	21.1	21.35	20.8	19.4	1
2026-03-09 06:30:00	-90.3766	30.5044	0	16.98	16.8	99.98402270426523	101.84	1.913	0	0.46	272.3	0	0	0.82	0	0	0.315	0.333	0.312	0.305	0.268	-0.1	-0.2	-0.3	0.045	0.084	0.192	0.156	0.019	20.950000000000003	21.1	21.35	20.8	19.4	1
2026-03-09 06:45:00	-90.3766	30.5044	0	16.99	16.8	99.5658981973995	101.83	1.905	0	0.29	349.1	0	0	0.5	0.01	0	0.316	0.333	0.312	0.305	0.268	-0.1	-0.2	-0.3	0.046	0.083	0.19	0.155	0.019	20.85	21	21.299999999999997	20.8	19.4	1
2026-03-09 07:00:00	-90.3766	30.5044	0	17.38	17.3	98.18333694836527	101.81	1.939	0	0.47	90.4	0	0	0.88	0.03	0	0.316	0.333	0.311	0.305	0.268	-0.1	-0.2	-0.3	0.045	0.084	0.19	0.156	0.019	20.8	21	21.25	20.8	19.4	1
2026-03-09 07:15:00	-90.3766	30.5044	0	17.28	17.2	99.46873617664926	101.79	1.952	0	0.19	24.3	0	0	0.4	0.01	0	0.316	0.333	0.311	0.305	0.268	-0.1	-0.2	-0.3	0.045	0.083	0.189	0.155	0.019	20.75	20.9	21.25	20.8	19.4	1
2026-03-09 07:30:00	-90.3766	30.5044	0	17.27	17.2	99.67256555406043	101.77	1.956	0	0.19	64.6	0	0	0.4	0.01	0	0.316	0.333	0.311	0.304	0.268	-0.1	-0.2	-0.3	0.044	0.083	0.191	0.155	0.019	20.7	20.9	21.15	20.8	19.4	1
2026-03-09 07:45:00	-90.3766	30.5044	0	17.29	17.3	99.44923866250097	101.76	1.964	0	0.25	160.3	0	0	0.46	0.01	0	0.316	0.333	0.311	0.304	0.268	-0.1	-0.2	-0.3	0.045	0.084	0.195	0.156	0.019	20.65	20.9	21.15	20.8	19.4	1
2026-03-09 08:00:00	-90.3766	30.5044	0.017	17.13	17.2	99.57065086535485	101.76	1.954	0	0.4	349.8	0	0	0.64	0.01	0	0.316	0.333	0.31	0.304	0.268	-0.1	-0.2	-0.3	0.043	0.084	0.193	0.155	0.019	20.6	20.8	21.1	20.8	19.4	1
2026-03-09 08:15:00	-90.3766	30.5044	0	16.81	17.1	99.53625320885924	101.75	1.941	0	0.3	221.4	0	0	0.69	0.01	0	0.316	0.333	0.31	0.304	0.268	-0.1	-0.2	-0.3	0.045	0.084	0.193	0.155	0.02	20.549999999999997	20.8	21.05	20.8	19.4	1
2026-03-09 08:30:00	-90.3766	30.5044	0	16.55	16.9	99.6113390705357	101.74	1.918	0	0.22	341.9	0	0	0.51	0	0	0.316	0.333	0.31	0.304	0.268	-0.1	-0.2	-0.3	0.046	0.083	0.194	0.155	0.02	20.549999999999997	20.8	21	20.8	19.4	1
2026-03-09 08:45:00	-90.3766	30.5044	0	16.42	16.9	97.89748391447331	101.74	1.885	0	0.25	71.6	0	0	0.52	0.04	0	0.316	0.333	0.31	0.304	0.269	-0.1	-0.2	-0.3	0.044	0.082	0.194	0.155	0.02	20.450000000000003	20.7	21	20.8	19.4	1
2026-03-09 09:00:00	-90.3766	30.5044	0.017	16.53	17	97.79487512901639	101.72	1.895	0	0.4	81.1	0	0	0.74	0.04	0	0.316	0.333	0.31	0.304	0.269	-0.1	-0.2	-0.3	0.044	0.083	0.194	0.154	0.02	20.450000000000003	20.7	21	20.8	19.4	1
2026-03-09 09:15:00	-90.3766	30.5044	0	16.41	16.6	99.35674171160058	101.72	1.877	0	0.32	261.8	0	0	0.72	0	0	0.316	0.333	0.309	0.304	0.269	-0.1	-0.2	-0.3	0.045	0.082	0.192	0.155	0.021	20.4	20.6	20.9	20.8	19.4	1
2026-03-09 09:30:00	-90.3766	30.5044	0	16.21	16.4	99.28878176505552	101.74	1.852	0	0.3	266.8	0	0	0.65	0.02	0	0.316	0.333	0.309	0.304	0.269	-0.1	-0.2	-0.3	0.044	0.084	0.192	0.154	0.02	20.35	20.6	20.9	20.8	19.4	1
2026-03-09 09:45:00	-90.3766	30.5044	0	16.16	16.4	99.34239341827639	101.74	1.853	0	0.22	53.6	0	0	0.47	0.01	0	0.316	0.333	0.309	0.304	0.269	-0.1	-0.2	-0.3	0.044	0.085	0.191	0.154	0.021	20.3	20.6	20.9	20.75	19.4	1
2026-03-09 10:00:00	-90.3766	30.5044	0.017	16.17	16.4	98.21654870063807	101.74	1.832	0	0.34	39	0	0	0.63	0.03	0	0.316	0.333	0.309	0.304	0.269	-0.1	-0.2	-0.3	0.043	0.083	0.192	0.154	0.021	20.25	20.5	20.8	20.75	19.4	1
2026-03-09 10:15:00	-90.3766	30.5044	0	16.42	16.4	99.18155845861376	101.76	1.85	0	0.25	132.2	0	0	0.49	0.02	0	0.316	0.333	0.309	0.304	0.269	-0.1	-0.2	-0.3	0.043	0.084	0.192	0.154	0.021	20.2	20.5	20.8	20.75	19.4	1
2026-03-09 10:30:00	-90.3766	30.5044	0	16.38	16.4	99.61045168438075	101.76	1.858	0	0.32	259	0	0	0.7	0.01	0	0.316	0.333	0.308	0.304	0.269	-0.1	-0.2	-0.3	0.043	0.083	0.192	0.154	0.021	20.15	20.5	20.8	20.75	19.4	1
2026-03-09 10:45:00	-90.3766	30.5044	0.017	16.07	16.2	99.2590792768693	101.78	1.828	0	0.12	48	0	0	0.24	0.01	0	0.316	0.333	0.308	0.304	0.269	-0.1	-0.2	-0.3	0.043	0.085	0.192	0.154	0.021	20.1	20.4	20.75	20.75	19.4	1
2026-03-09 11:00:00	-90.3766	30.5044	0	16.08	16.4	98.16293704741719	101.8	1.831	0	0.31	56.3	0	0	0.63	0.03	0	0.316	0.333	0.308	0.304	0.269	-0.1	-0.2	-0.3	0.042	0.085	0.192	0.154	0.021	20.049999999999997	20.4	20.7	20.75	19.4	1
2026-03-09 11:15:00	-90.3766	30.5044	0	16.51	16.5	98.7653882137422	101.8	1.854	0	0.45	132.7	0	0	0.93	0.02	0	0.316	0.333	0.308	0.304	0.269	-0.1	-0.2	-0.3	0.042	0.085	0.192	0.154	0.021	20	20.3	20.7	20.75	19.4	1
2026-03-09 11:30:00	-90.3766	30.5044	0	17.47	16.8	99.61816376075771	101.82	1.906	0	0.21	169.7	0	0	0.51	0.01	0	0.316	0.333	0.308	0.304	0.269	-0.1	-0.2	-0.3	0.042	0.084	0.192	0.153	0.021	19.950000000000003	20.3	20.65	20.75	19.4	1
2026-03-09 11:45:00	-90.3766	30.5044	0	17.85	17.1	99.89521960373919	101.83	1.948	0	0.16	348.3	0	0	0.42	0	0	0.316	0.333	0.307	0.304	0.269	-0.1	-0.2	-0.3	0.043	0.083	0.192	0.153	0.021	19.950000000000003	20.3	20.6	20.75	19.4	1
2026-03-09 12:00:00	-90.3766	30.5044	0.017	18.11	17.4	99.98001461890188	101.87	1.987	0	0.24	305.8	0	0	0.55	0	0	0.316	0.333	0.307	0.304	0.269	-0.1	-0.2	-0.3	0.043	0.084	0.191	0.154	0.021	19.9	20.2	20.6	20.7	19.5	1
2026-03-09 12:15:00	-90.3766	30.5044	0	18.42	17.9	99.41263083074	101.89	2.039	0	0.46	49.7	0	0	1.21	0.01	0	0.316	0.333	0.307	0.304	0.27	-0.1	-0.2	-0.3	0.043	0.084	0.191	0.154	0.021	19.85	20.2	20.55	20.7	19.5	1
2026-03-09 12:30:00	-90.3766	30.5044	0	18.9	18.7	98.25642467070615	101.9	2.119	0	0.61	61.7	0	0	1.75	0.03	0	0.317	0.333	0.307	0.304	0.27	-0.1	-0.2	-0.3	0.043	0.084	0.191	0.153	0.021	19.85	20.2	20.55	20.65	19.5	1
2026-03-09 12:45:00	-90.3766	30.5044	0	19.23	19	99.25396497261862	101.9	2.181	0.8	0.42	62.3	0	0	1.01	0.01	0	0.317	0.333	0.307	0.303	0.27	-0.1	-0.2	-0.3	0.043	0.085	0.19	0.153	0.021	19.85	20.2	20.5	20.65	19.5	0.945
2026-03-09 13:00:00	-90.3766	30.5044	0	19.66	19.4	99.51922704857711	101.91	2.242	12.4	0.27	196.4	0	0	0.73	0.01	0	0.317	0.334	0.306	0.303	0.27	-0.1	-0.2	-0.3	0.042	0.084	0.189	0.153	0.021	19.85	20.2	20.45	20.65	19.5	0.893
2026-03-09 13:15:00	-90.3766	30.5044	0	20.48	19.7	99.99092147499977	101.91	2.295	68.5	0.52	115.2	0	0	1.3	0	0	0.317	0.334	0.306	0.303	0.27	-0.1	-0.2	-0.3	0.042	0.084	0.188	0.154	0.021	19.85	20.2	20.45	20.65	19.5	0.802
2026-03-09 13:30:00	-90.3766	30.5044	0	20.72	20.2	100	101.94	2.369	46.1	0.94	145.8	0	0	1.87	0	0	0.317	0.334	0.306	0.303	0.27	-0.1	-0.2	-0.3	0.043	0.084	0.188	0.153	0.022	19.85	20.2	20.45	20.65	19.5	0.828
2026-03-09 13:45:00	-90.3766	30.5044	0	21.11	20.6	99.68876368053792	101.97	2.419	78.6	0.93	134.9	0	0	1.94	0	0	0.317	0.334	0.306	0.303	0.27	-0.1	-0.2	-0.3	0.043	0.084	0.187	0.153	0.022	19.9	20.1	20.4	20.65	19.5	0.798
2026-03-09 14:00:00	-90.3766	30.5044	0	21.25	20.8	100	101.99	2.457	75	1.2	141	0	0	2.72	0	0	0.317	0.334	0.306	0.303	0.27	-0.1	-0.2	-0.3	0.043	0.084	0.188	0.153	0.021	19.950000000000003	20.1	20.4	20.65	19.5	0.798
2026-03-09 14:15:00	-90.3766	30.5044	0	21.28	21	100	102.01	2.489	68.1	1.4	142.3	0	0	2.85	0	0	0.317	0.334	0.306	0.303	0.27	-0.1	-0.2	-0.3	0.042	0.085	0.188	0.152	0.021	20	20.2	20.4	20.6	19.5	0.808
2026-03-09 14:30:00	-90.3766	30.5044	0	21.46	21.1	100	102.03	2.506	75.4	1.33	152.6	0	0	2.46	0	0	0.317	0.334	0.306	0.303	0.27	-0.1	-0.2	-0.3	0.042	0.085	0.188	0.151	0.021	20	20.2	20.4	20.6	19.5	0.811
2026-03-09 14:45:00	-90.3766	30.5044	0	21.53	21.2	100	102.04	2.521	58.7	1.17	141.7	0	0	2.81	0	0	0.316	0.334	0.306	0.303	0.27	-0.1	-0.2	-0.4	0.043	0.085	0.188	0.151	0.021	20.1	20.2	20.4	20.6	19.5	0.813
2026-03-09 15:00:00	-90.3766	30.5044	0.034	21.6	21.2	99.85214843565997	102.04	2.514	48.2	0.69	148.1	0	0	1.43	0	0	0.316	0.334	0.306	0.303	0.27	-0.1	-0.2	-0.4	0.044	0.084	0.188	0.152	0.022	20.1	20.2	20.35	20.55	19.5	0.821
2026-03-09 15:15:00	-90.3766	30.5044	0.017	22.66	21.2	99.97130374405575	102.03	2.517	204	0.91	109.6	0	0	2.33	0	0	0.316	0.334	0.306	0.303	0.27	-0.1	-0.2	-0.4	0.042	0.085	0.188	0.15	0.022	20.200000000000003	20.2	20.35	20.55	19.5	0.785
2026-03-09 15:30:00	-90.3766	30.5044	0	23.6	21.8	99.73689727404317	102.01	2.605	318.4	1.66	126	0	0	3.31	0	0	0.316	0.334	0.306	0.303	0.27	-0.1	-0.2	-0.4	0.044	0.086	0.188	0.15	0.021	20.299999999999997	20.2	20.35	20.55	19.5	0.781
2026-03-09 15:45:00	-90.3766	30.5044	0	24.03	22.3	100	102.02	2.693	306.3	1.82	131.1	0	0	4.27	0	0	0.316	0.334	0.305	0.303	0.27	-0.1	-0.2	-0.4	0.043	0.085	0.188	0.151	0.022	20.299999999999997	20.3	20.35	20.55	19.5	0.778
2026-03-09 16:00:00	-90.3766	30.5044	0	24.58	22.6	99.66520989094074	102.03	2.733	353.1	1.87	118.8	0	0	3.32	0	0	0.316	0.334	0.305	0.303	0.27	-0.1	-0.2	-0.4	0.044	0.085	0.188	0.151	0.022	20.45	20.3	20.35	20.55	19.5	0.767
2026-03-09 16:15:00	-90.3766	30.5044	0	25.82	23.2	99.76779799595646	102.04	2.837	512.5	2.23	114.7	0	0	4.79	0.01	0	0.316	0.334	0.305	0.303	0.27	-0.1	-0.2	-0.4	0.046	0.084	0.189	0.15	0.021	20.55	20.3	20.35	20.55	19.5	0.769
2026-03-09 16:30:00	-90.3766	30.5044	0	26.98	24.1	98.17199075002759	102.04	2.947	537.3	1.83	145.9	0	0	4.92	0.05	0	0.316	0.334	0.305	0.303	0.27	-0.1	-0.2	-0.4	0.044	0.085	0.188	0.15	0.021	20.65	20.4	20.4	20.5	19.5	0.77
2026-03-09 16:45:00	-90.3766	30.5044	0	27.16	24.5	93.70175107217308	102.03	2.881	541.9	2.39	150	0	0	5.76	0.19	0	0.316	0.334	0.305	0.303	0.27	-0.1	-0.2	-0.4	0.045	0.083	0.188	0.15	0.021	20.8	20.5	20.4	20.5	19.5	0.768
2026-03-09 17:00:00	-90.3766	30.5044	0	26.66	24.8	90.50438070982212	102.02	2.833	432.2	2.38	158.9	0	0	4.32	0.29	0	0.316	0.333	0.305	0.303	0.27	-0.1	-0.2	-0.4	0.045	0.085	0.189	0.15	0.02	21	20.5	20.4	20.5	19.5	0.769
2026-03-09 17:15:00	-90.3766	30.5044	0	27.67	25.3	88.3768176695469	102	2.85	551.3	2.42	161.3	0	0	5.52	0.38	0	0.316	0.333	0.305	0.303	0.27	-0.1	-0.2	-0.4	0.045	0.086	0.188	0.15	0.021	21.25	20.6	20.5	20.5	19.5	0.769
2026-03-09 17:30:00	-90.3766	30.5044	0	28.44	25.7	87.09117609948606	101.97	2.876	682.3	2.72	152.4	0	0	6.09	0.42	0	0.315	0.333	0.305	0.303	0.27	-0.1	-0.2	-0.4	0.045	0.085	0.188	0.15	0.021	21.45	20.7	20.549999999999997	20.5	19.5	0.765
2026-03-09 17:45:00	-90.3766	30.5044	0	29.26	26	85.88581522222873	101.96	2.887	769.2	2.39	137.9	0	0	4.77	0.48	0	0.315	0.333	0.305	0.303	0.271	-0.1	-0.2	-0.4	0.045	0.085	0.188	0.15	0.021	21.65	20.8	20.549999999999997	20.5	19.5	0.764
2026-03-09 18:00:00	-90.3766	30.5044	0	28.32	26.1	85.14321034542506	101.94	2.879	490.5	1.95	130	0	0	4.2	0.49	0	0.315	0.333	0.305	0.303	0.27	-0.1	-0.2	-0.4	0.044	0.083	0.188	0.151	0.02	21.85	20.9	20.6	20.45	19.5	0.766
2026-03-09 18:15:00	-90.3766	30.5044	0	27.71	26	83.38688606439457	101.92	2.803	447.5	2.28	140.7	0	0	5.46	0.55	0	0.315	0.333	0.305	0.303	0.271	-0.1	-0.2	-0.4	0.045	0.085	0.188	0.15	0.021	22.1	21	20.7	20.45	19.5	0.769
2026-03-09 18:30:00	-90.3766	30.5044	0	28.94	26.3	82.91649387479875	101.89	2.837	632.2	2.33	149.6	0	0	5.73	0.59	0	0.314	0.332	0.305	0.303	0.271	-0.1	-0.2	-0.4	0.046	0.085	0.188	0.151	0.02	22.299999999999997	21.1	20.75	20.45	19.5	0.769
2026-03-09 18:45:00	-90.3766	30.5044	0	28.51	26.4	82.37097223545103	101.88	2.835	573.6	2.71	162.5	0	0	6.06	0.62	0	0.314	0.332	0.305	0.303	0.271	-0.1	-0.2	-0.4	0.046	0.086	0.187	0.15	0.021	22.45	21.2	20.85	20.45	19.5	0.765
2026-03-09 19:00:00	-90.3766	30.5044	0	28.33	26.5	81.62717425882676	101.85	2.826	509.3	2.37	137.6	0	0	5.15	0.64	0	0.314	0.332	0.304	0.303	0.271	-0.1	-0.2	-0.4	0.045	0.086	0.187	0.15	0.02	22.65	21.3	20.9	20.45	19.5	0.767
2026-03-09 19:15:00	-90.3766	30.5044	0	29.31	26.8	81.73181560407295	101.81	2.88	733	2.61	129.4	0	0	5.76	0.65	0	0.314	0.332	0.304	0.303	0.271	-0.1	-0.2	-0.4	0.047	0.086	0.186	0.149	0.021	22.75	21.4	21	20.45	19.5	0.763
2026-03-09 19:30:00	-90.3766	30.5044	0	27.44	26.6	79.74104080731456	101.8	2.777	321.6	2.42	136.2	0	0	5.77	0.7	0	0.313	0.331	0.304	0.303	0.271	-0.1	-0.2	-0.4	0.046	0.086	0.186	0.15	0.02	22.9	21.5	21.049999999999997	20.45	19.5	0.771
2026-03-09 19:45:00	-90.3766	30.5044	0	28.16	26.6	79.56875191828182	101.79	2.771	503.1	2.5	140.5	0	0	5.55	0.71	0	0.313	0.331	0.304	0.303	0.271	-0.1	-0.2	-0.4	0.046	0.085	0.186	0.15	0.02	23.05	21.6	21.15	20.45	19.5	0.769
2026-03-09 20:00:00	-90.3766	30.5044	0	27.11	26.4	79.3492505026514	101.77	2.731	318.7	2.65	126.5	0	0	8.24	0.71	0	0.313	0.331	0.304	0.303	0.271	-0.1	-0.2	-0.4	0.046	0.085	0.185	0.15	0.021	23.15	21.7	21.25	20.45	19.5	0.771
2026-03-09 20:15:00	-90.3766	30.5044	0	28.37	27	78.16925910488101	101.75	2.787	569.6	2.56	135	0	0	6.45	0.77	0	0.313	0.331	0.304	0.303	0.271	-0.1	-0.2	-0.4	0.046	0.084	0.184	0.15	0.021	23.25	21.8	21.299999999999997	20.45	19.5	0.769
2026-03-09 20:30:00	-90.3766	30.5044	0	26.18	26.3	77.59721227972881	101.73	2.655	199.1	2.52	141.5	0	0	5.18	0.77	0	0.313	0.33	0.304	0.303	0.271	-0.1	-0.2	-0.4	0.045	0.085	0.184	0.151	0.021	23.35	21.8	21.4	20.45	19.5	0.775
2026-03-09 20:45:00	-90.3766	30.5044	0	25.95	26.1	77.51314842492502	101.72	2.621	196.5	2.54	136.4	0	0	5.09	0.77	0	0.312	0.33	0.303	0.303	0.271	-0.1	-0.2	-0.4	0.045	0.085	0.184	0.15	0.02	23.45	21.9	21.45	20.45	19.5	0.775
2026-03-09 21:00:00	-90.3766	30.5044	0	25.2	25.9	77.417535011096	101.73	2.587	75.2	2.1	137.6	0	0	4.57	0.75	0	0.312	0.33	0.303	0.303	0.271	-0.1	-0.2	-0.4	0.045	0.086	0.183	0.151	0.02	23.45	22	21.55	20.45	19.5	0.778
2026-03-09 21:15:00	-90.3766	30.5044	0	24.75	25.5	78.10975928605815	101.74	2.549	42.5	1.69	135.4	27	1	3.55	0.71	0	0.312	0.33	0.303	0.303	0.271	-0.1	-0.2	-0.4	0.044	0.087	0.183	0.151	0.021	23.5	22	21.6	20.45	19.5	0.787
2026-03-09 21:30:00	-90.3766	30.5044	0	24.71	25.2	79.76386544521333	101.76	2.557	93.1	1.62	133.4	0	0	3.68	0.66	0	0.312	0.33	0.303	0.303	0.271	-0.1	-0.2	-0.4	0.044	0.086	0.182	0.15	0.021	23.5	22.1	21.65	20.45	19.5	0.778
2026-03-09 21:45:00	-90.3766	30.5044	0	25.06	25	82.48684828986433	101.74	2.613	152	1.77	105.3	17	2	4.31	0.56	0	0.312	0.33	0.303	0.303	0.271	-0.1	-0.2	-0.4	0.044	0.085	0.183	0.15	0.021	23.5	22.1	21.75	20.45	19.5	0.776
2026-03-09 22:00:00	-90.3766	30.5044	0	25.45	25.2	83.13285154927397	101.71	2.665	188.4	1.96	117.5	0	0	3.96	0.53	0	0.312	0.33	0.303	0.303	0.271	-0.1	-0.2	-0.4	0.042	0.085	0.183	0.149	0.021	23.4	22.2	21.799999999999997	20.5	19.5	0.779
2026-03-09 22:15:00	-90.3766	30.5044	0	25.07	25.3	82.88815215112241	101.71	2.673	116.9	2.14	120.2	21	2	4.09	0.55	0	0.312	0.329	0.303	0.303	0.271	-0.1	-0.2	-0.4	0.043	0.085	0.183	0.15	0.02	23.4	22.2	21.85	20.5	19.5	0.77
2026-03-09 22:30:00	-90.3766	30.5044	0	24.55	25.3	81.55474753365205	101.71	2.63	58.2	1.85	108.9	14	5	5.37	0.6	0	0.312	0.329	0.302	0.303	0.271	-0.1	-0.2	-0.4	0.044	0.085	0.182	0.15	0.02	23.35	22.2	21.85	20.5	19.5	0.765
2026-03-09 22:45:00	-90.3766	30.5044	0.97	23.64	24.4	84.70991989136006	101.72	2.589	32.3	1.34	127	11	23	2.88	0.46	0.011	0.312	0.329	0.302	0.302	0.271	-0.1	-0.2	-0.4	0.044	0.086	0.183	0.15	0.021	23.35	22.2	21.9	20.55	19.5	0.782
2026-03-09 23:00:00	-90.3766	30.5044	2.123	22.8	22.9	91.60284241506109	101.73	2.558	13	0.65	207.8	2	23	1.75	0.24	0.014	0.314	0.33	0.302	0.303	0.271	-0.1	-0.2	-0.4	0.048	0.086	0.184	0.15	0.021	23.3	22.2	21.9	20.55	19.5	0.862
2026-03-09 23:15:00	-90.3766	30.5044	3.672	22.17	21.6	97.70739439417508	101.74	2.521	13.2	2.13	180.7	2	7	5.53	0.05	0.007	0.316	0.332	0.301	0.302	0.271	-0.1	-0.2	-0.4	0.055	0.089	0.194	0.15	0.021	23.25	22.3	22	20.55	19.5	0.887
2026-03-09 23:30:00	-90.3766	30.5044	6.051	21.87	21.2	98.4620031710426	101.73	2.479	12.9	1.55	88.4	1	3	4.78	0.04	0.006	0.321	0.341	0.307	0.302	0.271	-0.1	-0.2	-0.4	0.061	0.093	0.229	0.15	0.021	23.25	22.3	22	20.55	19.5	0.889
2026-03-09 23:45:00	-90.3766	30.5044	0.136	22.3	21.4	98.71425861190872	101.74	2.516	46.1	0.58	80.1	9	4	1.18	0.02	0	0.324	0.342	0.338	0.302	0.271	-0.1	-0.2	-0.4	0.063	0.093	0.239	0.15	0.021	23.25	22.4	22.049999999999997	20.6	19.5	0.845
2026-03-10 00:00:00	-90.3766	30.5044	0.255	22.31	21.5	99.55468597579866	101.76	2.553	36.9	0.8	49.5	8	2	1.45	0.01	0.008	0.324	0.342	0.34	0.303	0.271	-0.1	-0.2	-0.4	0.063	0.093	0.238	0.156	0.021	23.15	22.4	22.15	20.6	19.5	0.865
2026-03-10 00:15:00	-90.3766	30.5044	0	22.04	21.6	99.10266063701138	101.76	2.557	8.7	0.57	71.8	34	1	1.18	0.02	0	0.324	0.342	0.34	0.306	0.271	-0.1	-0.2	-0.2	0.063	0.093	0.237	0.162	0.021	23.1	22.4	22.15	20.6	19.5	0.94
2026-03-10 00:30:00	-90.3766	30.5044	0	21.98	21.5	99.55468597579866	101.75	2.553	0	1	143.8	34	1	2.93	0.01	0	0.323	0.341	0.339	0.309	0.271	-0.1	-0.2	-0.2	0.062	0.094	0.237	0.164	0.021	23.05	22.3	22.15	20.6	19.5	1
2026-03-10 00:45:00	-90.3766	30.5044	0	22.1	21.4	99.77359286569312	101.76	2.543	0	1.35	152.7	24	2	4.51	0	0	0.323	0.341	0.338	0.31	0.272	-0.1	-0.2	-0.2	0.059	0.093	0.237	0.168	0.021	22.95	22.3	22.15	20.7	19.5	1
2026-03-10 01:00:00	-90.3766	30.5044	0	22.32	21.6	99.64526417589218	101.82	2.571	0	1.55	153.9	17	3	3.72	0	0	0.323	0.34	0.337	0.311	0.272	-0.1	-0.2	-0.2	0.059	0.092	0.235	0.17	0.021	22.9	22.3	22.1	20.7	19.5	1
2026-03-10 01:15:00	-90.3766	30.5044	0	22.43	21.8	99.50717697322006	101.84	2.599	0	1.63	155.3	27	4	5.82	0	0	0.322	0.34	0.336	0.312	0.272	-0.1	-0.2	-0.2	0.057	0.091	0.235	0.171	0.021	22.85	22.3	22.1	20.7	19.5	1
2026-03-10 01:30:00	-90.3766	30.5044	0	22.5	21.9	99.62483356765885	101.89	2.618	0	1.37	147.3	20	1	3.37	0	0	0.322	0.34	0.335	0.313	0.272	-0.1	-0.2	-0.2	0.056	0.091	0.234	0.17	0.022	22.799999999999997	22.3	22.1	20.7	19.5	1
2026-03-10 01:45:00	-90.3766	30.5044	0	22.6	21.9	100	101.92	2.629	0	1.45	144.2	0	0	4.38	0	0	0.322	0.339	0.334	0.314	0.272	-0.1	-0.2	-0.2	0.056	0.091	0.233	0.169	0.021	22.75	22.2	22.1	20.7	19.5	1
2026-03-10 02:00:00	-90.3766	30.5044	0	22.36	21.9	99.96731771666913	101.93	2.627	0	1.43	155.3	0	0	3.47	0	0	0.321	0.339	0.333	0.314	0.272	-0.1	-0.2	-0.2	0.055	0.091	0.232	0.169	0.021	22.700000000000003	22.2	22.1	20.75	19.5	NA
2026-03-10 02:15:00	-90.3766	30.5044	0	22.26	21.9	99.73899495066227	101.94	2.621	0	1.37	156.6	0	0	3.38	0	0	0.321	0.338	0.332	0.314	0.272	-0.1	-0.2	-0.2	0.055	0.09	0.231	0.169	0.021	22.65	22.2	22.05	20.75	19.5	NA
2026-03-10 02:30:00	-90.3766	30.5044	0	22.01	21.8	100	101.96	2.615	0	0.92	157.9	0	0	1.82	0	0	0.321	0.338	0.332	0.314	0.272	-0.1	-0.2	-0.2	0.054	0.091	0.229	0.169	0.022	22.6	22.2	22.05	20.8	19.5	NA
2026-03-10 02:45:00	-90.3766	30.5044	0	21.79	21.7	100	101.97	2.596	0	0.78	163	0	0	2.36	0	0	0.321	0.338	0.331	0.314	0.272	-0.1	-0.2	-0.2	0.054	0.09	0.226	0.169	0.021	22.6	22.2	22.05	20.8	19.5	NA
2026-03-10 03:00:00	-90.3766	30.5044	0	21.61	21.6	100	101.98	2.584	0	0.69	126.7	0	0	1.84	0	0	0.321	0.338	0.33	0.313	0.272	-0.1	-0.2	-0.2	0.055	0.089	0.224	0.169	0.022	22.5	22.1	22.05	20.8	19.5	NA
2026-03-10 03:15:00	-90.3766	30.5044	0	21.41	21.6	99.33520501081745	101.97	2.563	0	0.68	125.9	0	0	1.27	0.01	0	0.321	0.338	0.329	0.313	0.272	-0.1	-0.2	-0.2	0.053	0.088	0.222	0.167	0.022	22.5	22.1	22	20.8	19.5	NA
2026-03-10 03:30:00	-90.3766	30.5044	0	21.3	21.5	99.55468597579866	101.97	2.553	0	0.64	143	0	0	1.62	0.01	0	0.321	0.338	0.328	0.312	0.272	-0.1	-0.2	-0.2	0.052	0.088	0.218	0.167	0.022	22.45	22.1	22	20.8	19.5	1
2026-03-10 03:45:00	-90.3766	30.5044	0	20.83	21.3	99.75505411959303	101.98	2.527	0	0.46	152.6	0	0	1.52	0.01	0	0.32	0.337	0.328	0.312	0.272	-0.1	-0.2	-0.2	0.053	0.089	0.217	0.166	0.022	22.4	22.1	22	20.85	19.5	1
2026-03-10 04:00:00	-90.3766	30.5044	0	20.44	21.2	98.6208769155703	101.97	2.483	0	0.45	122.9	0	0	1.17	0.03	0	0.32	0.337	0.327	0.311	0.273	-0.1	-0.2	-0.2	0.051	0.089	0.215	0.166	0.022	22.35	22.1	22	20.85	19.5	1
2026-03-10 04:15:00	-90.3766	30.5044	0	20.42	21	98.99455798127768	101.95	2.462	0	0.69	171	0	0	1.83	0.02	0	0.32	0.337	0.326	0.311	0.273	-0.1	-0.2	-0.2	0.051	0.088	0.214	0.167	0.023	22.299999999999997	22	22	20.85	19.5	1
2026-03-10 04:30:00	-90.3766	30.5044	0	20.39	21	99.11518498125487	101.95	2.465	0	0.48	175.8	0	0	1.61	0.02	0	0.32	0.337	0.325	0.311	0.273	-0.1	-0.2	-0.2	0.051	0.088	0.215	0.166	0.023	22.299999999999997	22	21.950000000000003	20.85	19.5	1
2026-03-10 04:45:00	-90.3766	30.5044	0	19.91	20.7	99.15857045478647	101.96	2.421	0	0.42	261.1	0	0	1	0.02	0	0.32	0.337	0.325	0.31	0.273	-0.1	-0.2	-0.2	0.051	0.088	0.213	0.166	0.023	22.200000000000003	22	21.9	20.85	19.5	1
2026-03-10 05:00:00	-90.3766	30.5044	0	19.56	20.4	98.7145245067734	101.95	2.366	0	0.34	53	0	0	0.77	0.03	0	0.32	0.337	0.324	0.31	0.273	-0.1	-0.2	-0.2	0.051	0.088	0.213	0.166	0.022	22.1	22	21.9	20.9	19.5	1
2026-03-10 05:15:00	-90.3766	30.5044	0	19.43	20.2	98.96984775543996	101.94	2.343	0	0.5	115.1	0	0	0.86	0.02	0	0.32	0.337	0.324	0.31	0.273	-0.1	-0.2	-0.2	0.049	0.089	0.211	0.166	0.022	22.1	21.9	21.9	20.9	19.5	1
2026-03-10 05:30:00	-90.3766	30.5044	0	19.71	20.4	98.00524854877884	101.91	2.349	0	0.55	113.4	0	0	1.57	0.05	0	0.32	0.337	0.323	0.309	0.273	-0.1	-0.2	-0.2	0.05	0.088	0.211	0.166	0.022	22	21.9	21.85	20.9	19.5	1
2026-03-10 05:45:00	-90.3766	30.5044	0	19.99	20.7	98.33941663029421	101.89	2.401	0	0.6	140.1	0	0	1.25	0.04	0	0.32	0.337	0.322	0.309	0.273	-0.1	-0.2	-0.2	0.05	0.088	0.211	0.166	0.021	22	21.9	21.85	20.9	19.5	1
2026-03-10 06:00:00	-90.3766	30.5044	0	20.01	20.7	99.15857045478647	101.87	2.421	0	0.69	138.1	0	0	1.58	0.02	0	0.32	0.337	0.322	0.309	0.273	-0.1	-0.2	-0.2	0.05	0.089	0.21	0.164	0.022	21.9	21.8	21.85	20.9	19.5	1
2026-03-10 06:15:00	-90.3766	30.5044	0	19.69	20.6	99.02939194887665	101.87	2.403	0	0.52	134.7	0	0	1.42	0.02	0	0.32	0.337	0.322	0.309	0.274	-0.1	-0.2	-0.2	0.05	0.088	0.21	0.165	0.022	21.85	21.8	21.799999999999997	20.9	19.5	1
2026-03-10 06:30:00	-90.3766	30.5044	0.017	19.49	20.6	98.49365241690187	101.86	2.39	0	0.36	86.4	0	0	0.96	0.03	0	0.32	0.336	0.321	0.309	0.274	-0.1	-0.2	-0.2	0.05	0.086	0.208	0.165	0.023	21.799999999999997	21.8	21.75	20.9	19.5	1
2026-03-10 06:45:00	-90.3766	30.5044	0	18.92	19.8	99.76236079607708	101.87	2.304	0	0.21	76.7	0	0	0.54	0.01	0	0.32	0.336	0.321	0.308	0.274	-0.1	-0.2	-0.3	0.049	0.088	0.208	0.163	0.023	21.75	21.7	21.75	20.9	19.5	1
2026-03-10 07:00:00	-90.3766	30.5044	0	18.61	19.4	99.11972970538478	101.86	2.233	0	0.16	6.7	0	0	0.38	0.02	0	0.32	0.337	0.32	0.308	0.274	-0.1	-0.2	-0.3	0.048	0.087	0.208	0.164	0.023	21.700000000000003	21.7	21.700000000000003	20.9	19.5	1
2026-03-10 07:15:00	-90.3766	30.5044	0.017	18.38	19.1	98.36556527456763	101.85	2.175	0	0.23	7.6	0	0	0.59	0.03	0	0.32	0.337	0.32	0.308	0.274	-0.1	-0.2	-0.3	0.048	0.087	0.207	0.164	0.021	21.65	21.7	21.700000000000003	20.95	19.5	1
2026-03-10 07:30:00	-90.3766	30.5044	0	18.3	19.1	97.9133098020409	101.86	2.165	0	0.24	118	0	0	0.59	0.04	0	0.32	0.336	0.32	0.308	0.274	-0.1	-0.2	-0.3	0.049	0.089	0.207	0.163	0.023	21.549999999999997	21.6	21.700000000000003	20.95	19.5	1
2026-03-10 07:45:00	-90.3766	30.5044	0	18.51	19.2	97.93429566211168	101.86	2.179	0	0.33	82.5	0	0	0.63	0.04	0	0.32	0.336	0.32	0.308	0.274	-0.1	-0.2	-0.3	0.047	0.088	0.205	0.162	0.023	21.549999999999997	21.6	21.65	20.95	19.5	1
2026-03-10 08:00:00	-90.3766	30.5044	0.017	18.37	19	98.6168464445963	101.86	2.167	0	0.15	106.9	0	0	0.49	0.03	0	0.32	0.336	0.32	0.308	0.274	-0.1	-0.2	-0.3	0.047	0.089	0.204	0.162	0.023	21.450000000000003	21.5	21.6	20.95	19.5	1
2026-03-10 08:15:00	-90.3766	30.5044	0	18.12	18.6	99.61958316580004	101.85	2.135	0	0.16	223.2	0	0	0.52	0.01	0	0.32	0.336	0.319	0.307	0.275	-0.1	-0.2	-0.3	0.047	0.087	0.204	0.163	0.022	21.450000000000003	21.5	21.6	20.95	19.5	1
2026-03-10 08:30:00	-90.3766	30.5044	0	18.17	18.6	98.5930581870424	101.85	2.113	0	0.21	317.4	0	0	0.4	0.03	0	0.32	0.336	0.319	0.307	0.275	-0.1	-0.2	-0.3	0.047	0.087	0.203	0.164	0.024	21.35	21.5	21.6	20.95	19.5	1
2026-03-10 08:45:00	-90.3766	30.5044	0.017	18.39	18.5	99.02443775458866	101.85	2.109	0	0.17	238.2	0	0	0.42	0.02	0	0.32	0.336	0.319	0.307	0.275	-0.1	-0.2	-0.3	0.047	0.088	0.204	0.162	0.024	21.299999999999997	21.4	21.55	20.95	19.6	1
2026-03-10 09:00:00	-90.3766	30.5044	0	18.98	18.9	98.5473497190493	101.83	2.152	0	0.3	99.4	0	0	0.72	0.03	0	0.32	0.336	0.319	0.307	0.275	-0.1	-0.2	-0.3	0.046	0.087	0.203	0.163	0.023	21.25	21.4	21.5	20.95	19.6	1
2026-03-10 09:15:00	-90.3766	30.5044	0	19.61	19.3	99.02369317490668	101.82	2.217	0	0.16	68.7	0	0	0.34	0.02	0	0.32	0.336	0.319	0.307	0.275	-0.1	-0.2	-0.3	0.047	0.086	0.203	0.162	0.022	21.2	21.3	21.5	20.95	19.6	1
2026-03-10 09:30:00	-90.3766	30.5044	0	19.77	19.4	99.65239282964122	101.82	2.245	0	0.19	322.1	0	0	0.46	0	0	0.32	0.336	0.318	0.307	0.275	-0.1	-0.2	-0.3	0.047	0.087	0.203	0.162	0.022	21.15	21.3	21.45	20.9	19.6	1
2026-03-10 09:45:00	-90.3766	30.5044	0	19.86	19.4	100	101.83	2.254	0	0.3	358	0	0	0.74	0	0	0.32	0.336	0.318	0.307	0.275	-0.1	-0.2	-0.3	0.047	0.086	0.203	0.163	0.023	21.15	21.3	21.45	20.9	19.6	1
2026-03-10 10:00:00	-90.3766	30.5044	0.017	20.13	19.8	100	101.82	2.313	0	0.44	98.1	0	0	0.86	0	0	0.32	0.336	0.318	0.307	0.275	-0.1	-0.2	-0.3	0.047	0.085	0.202	0.162	0.024	21.1	21.2	21.4	20.9	19.6	1
2026-03-10 10:15:00	-90.3766	30.5044	0	20.35	20.1	99.66868645322911	101.84	2.345	0	0.45	74.4	0	0	0.9	0	0	0.32	0.336	0.318	0.307	0.275	-0.1	-0.2	-0.3	0.046	0.087	0.201	0.161	0.024	21.1	21.2	21.35	20.9	19.6	1
2026-03-10 10:30:00	-90.3766	30.5044	0	20.5	20.2	99.89914210056146	101.87	2.365	0	0.23	15.6	0	0	0.55	0	0	0.32	0.336	0.318	0.307	0.275	-0.1	-0.2	-0.3	0.046	0.087	0.2	0.159	0.025	21.049999999999997	21.2	21.35	20.9	19.6	1
2026-03-10 10:45:00	-90.3766	30.5044	0	20.68	20.5	99.6416846680018	101.86	2.403	0	0.39	67.2	0	0	0.65	0.01	0	0.32	0.336	0.317	0.306	0.275	-0.1	-0.2	-0.3	0.047	0.088	0.2	0.158	0.023	21.049999999999997	21.2	21.35	20.9	19.6	1
2026-03-10 11:00:00	-90.3766	30.5044	0.017	20.84	20.7	99.69102044070644	101.86	2.434	0	0.46	87.6	0	0	0.84	0	0	0.32	0.336	0.317	0.307	0.276	-0.1	-0.2	-0.3	0.046	0.087	0.2	0.158	0.024	21.049999999999997	21.2	21.25	20.9	19.6	1
2026-03-10 11:15:00	-90.3766	30.5044	0	21.04	20.9	100	101.84	2.477	0	0.37	94.6	0	0	0.92	0	0	0.32	0.336	0.317	0.306	0.276	-0.1	-0.2	-0.3	0.047	0.086	0.201	0.158	0.025	21.049999999999997	21.2	21.25	20.9	19.6	1
2026-03-10 11:30:00	-90.3766	30.5044	0	21.17	21.1	100	101.86	2.506	0	0.27	119.6	0	0	0.53	0	0	0.32	0.336	0.317	0.306	0.276	-0.1	-0.2	-0.3	0.047	0.085	0.2	0.159	0.025	21.049999999999997	21.1	21.25	20.9	19.6	1
2026-03-10 11:45:00	-90.3766	30.5044	0.017	21.16	21.1	99.82725028258113	101.87	2.498	0	0.23	56.5	0	0	0.4	0	0	0.32	0.336	0.317	0.306	0.276	-0.1	-0.2	-0.3	0.047	0.085	0.2	0.158	0.026	21.1	21.1	21.25	20.9	19.6	1
2026-03-10 12:00:00	-90.3766	30.5044	0	21.1	21	99.55748398117122	101.89	2.476	0	0.18	48.5	0	0	0.48	0	0	0.32	0.336	0.317	0.306	0.276	-0.1	-0.2	-0.3	0.047	0.085	0.2	0.158	0.024	21.1	21.1	21.25	20.9	19.6	1
2026-03-10 12:15:00	-90.3766	30.5044	0	21.08	20.9	100	101.89	2.479	0	0.3	149	0	0	0.65	0	0	0.32	0.336	0.316	0.306	0.276	-0.1	-0.2	-0.3	0.046	0.085	0.2	0.158	0.025	21.1	21.1	21.200000000000003	20.9	19.6	1
2026-03-10 12:30:00	-90.3766	30.5044	0	21.11	21	99.91936498110277	101.91	2.485	0	0.47	24.9	0	0	0.86	0	0	0.32	0.336	0.316	0.306	0.276	-0.1	-0.2	-0.3	0.047	0.086	0.2	0.158	0.026	21.1	21.1	21.15	20.9	19.6	1
2026-03-10 12:45:00	-90.3766	30.5044	0	21.16	21	99.87915598111039	101.91	2.484	15	0.42	79.7	0	0	0.83	0	0	0.32	0.336	0.316	0.306	0.276	-0.1	-0.2	-0.3	0.046	0.085	0.2	0.158	0.026	21.1	21.1	21.15	20.9	19.6	0.898
2026-03-10 13:00:00	-90.3766	30.5044	0	21.4	21	100	101.93	2.488	28.2	0.23	99.2	0	0	0.65	0	0	0.32	0.336	0.316	0.306	0.276	-0.1	-0.2	-0.3	0.047	0.087	0.2	0.158	0.025	21.1	21.1	21.15	20.9	19.6	0.839
2026-03-10 13:15:00	-90.3766	30.5044	0	21.85	21.3	99.75505411959303	101.96	2.527	42	0.23	73.2	0	0	0.92	0	0	0.32	0.336	0.316	0.306	0.276	-0.1	-0.2	-0.3	0.046	0.085	0.2	0.158	0.025	21.1	21.1	21.15	20.9	19.6	0.843
2026-03-10 13:30:00	-90.3766	30.5044	0	22.28	21.5	99.74966185902585	101.98	2.558	79.5	0.53	117.9	0	0	1.33	0	0	0.32	0.336	0.316	0.306	0.276	-0.1	-0.2	-0.3	0.046	0.086	0.2	0.157	0.025	21.1	21.1	21.15	20.9	19.6	0.809
2026-03-10 13:45:00	-90.3766	30.5044	0	22.69	21.7	99.69298588820206	101.98	2.588	112.6	0.8	113.1	0	0	1.49	0	0	0.32	0.336	0.316	0.306	0.276	-0.1	-0.2	-0.3	0.046	0.086	0.201	0.156	0.026	21.1	21.1	21.15	20.9	19.6	0.796
2026-03-10 14:00:00	-90.3766	30.5044	0	23.12	21.8	99.58375040682776	101.98	2.601	146.3	0.86	102.8	0	0	1.58	0	0	0.32	0.336	0.316	0.306	0.276	-0.1	-0.2	-0.3	0.047	0.086	0.199	0.157	0.026	21.15	21.1	21.15	20.85	19.6	0.792
2026-03-10 14:15:00	-90.3766	30.5044	0	23.27	21.9	99.96731771666913	101.99	2.627	145.7	1.13	125.5	0	0	2.3	0	0	0.32	0.336	0.316	0.305	0.277	-0.1	-0.2	-0.3	0.046	0.087	0.199	0.157	0.026	21.200000000000003	21.1	21.1	20.85	19.6	0.794
2026-03-10 14:30:00	-90.3766	30.5044	0	23.37	22	99.6243778113502	101.99	2.634	134.2	1.4	153.7	0	0	2.69	0	0	0.32	0.336	0.316	0.305	0.277	-0.1	-0.2	-0.3	0.046	0.087	0.199	0.157	0.026	21.25	21.1	21.1	20.85	19.6	0.799
2026-03-10 14:45:00	-90.3766	30.5044	0	25.04	22	99.9647800134391	102	2.643	335.4	1.56	162.4	0	0	4.31	0	0	0.32	0.336	0.316	0.305	0.277	-0.1	-0.2	-0.3	0.047	0.087	0.2	0.157	0.025	21.299999999999997	21.2	21.1	20.85	19.6	0.783
2026-03-10 15:00:00	-90.3766	30.5044	0	24.79	23.1	100	102	2.831	234.8	1.75	153.2	0	0	4.42	0	0	0.32	0.336	0.315	0.305	0.277	-0.1	-0.2	-0.3	0.046	0.086	0.2	0.157	0.025	21.35	21.2	21.1	20.85	19.6	0.781
2026-03-10 15:15:00	-90.3766	30.5044	0	24.61	23.6	100	102	2.916	224.1	1.94	153.1	0	0	4.63	0	0	0.319	0.336	0.315	0.305	0.277	-0.1	-0.2	-0.3	0.046	0.087	0.2	0.156	0.024	21.45	21.2	21.1	20.85	19.6	0.777
2026-03-10 15:30:00	-90.3766	30.5044	0	24.81	23.9	99.22273160594509	102.01	2.943	238.9	2.25	180.3	0	0	4.47	0.02	0	0.319	0.336	0.315	0.305	0.277	-0.1	-0.2	-0.3	0.046	0.086	0.199	0.156	0.025	21.55	21.2	21.15	20.85	19.6	0.776
2026-03-10 15:45:00	-90.3766	30.5044	0	25.53	24.3	97.59479952841679	102.01	2.965	293.4	2.27	169.5	0	0	5.02	0.07	0	0.319	0.336	0.315	0.305	0.277	-0.1	-0.2	-0.3	0.047	0.085	0.2	0.156	0.025	21.65	21.3	21.15	20.85	19.6	0.778
2026-03-10 16:00:00	-90.3766	30.5044	0	24.96	24.3	94.99446591534937	102.01	2.886	241.2	2.52	153.2	0	0	4.81	0.15	0	0.319	0.336	0.315	0.305	0.277	-0.1	-0.2	-0.3	0.046	0.086	0.199	0.155	0.024	21.75	21.3	21.15	20.85	19.6	0.774
2026-03-10 16:15:00	-90.3766	30.5044	0	25.33	24.3	94.20449114682255	102.01	2.862	268.3	2.12	156.8	0	0	4.53	0.18	0	0.319	0.336	0.315	0.305	0.277	-0.1	-0.2	-0.3	0.047	0.086	0.199	0.156	0.024	21.8	21.4	21.25	20.85	19.6	0.775
2026-03-10 16:30:00	-90.3766	30.5044	0	26.58	24.8	93.12399215288791	102	2.915	443.4	2.51	147.1	0	0	5.27	0.21	0	0.319	0.336	0.314	0.305	0.277	-0.1	-0.2	-0.3	0.047	0.085	0.198	0.156	0.024	21.9	21.4	21.25	20.85	19.6	0.779
2026-03-10 16:45:00	-90.3766	30.5044	0	27.67	25.4	91.09005934760154	102	2.955	542.4	2.42	155.2	0	0	4.91	0.29	0	0.319	0.336	0.314	0.305	0.277	-0.1	-0.2	-0.3	0.046	0.086	0.198	0.155	0.023	22	21.5	21.25	20.85	19.6	0.78
2026-03-10 17:00:00	-90.3766	30.5044	0	27.41	25.6	89.71079151399148	102.01	2.945	458.8	2.6	178.9	0	0	5.37	0.35	0	0.318	0.335	0.314	0.305	0.277	-0.1	-0.2	-0.3	0.046	0.085	0.197	0.156	0.025	22.1	21.5	21.3	20.85	19.6	0.778
2026-03-10 17:15:00	-90.3766	30.5044	0	28.04	26.2	85.70034326081628	102.02	2.915	552.4	2.58	161.2	0	0	5.48	0.48	0	0.318	0.335	0.314	0.305	0.277	-0.1	-0.2	-0.3	0.046	0.087	0.198	0.155	0.024	22.25	21.6	21.3	20.8	19.6	0.778
2026-03-10 17:30:00	-90.3766	30.5044	0	28.58	26.7	83.04148242016338	102.02	2.909	611.7	2.73	175.5	0	0	6.6	0.59	0	0.318	0.335	0.314	0.305	0.277	-0.1	-0.2	-0.3	0.047	0.086	0.197	0.154	0.025	22.4	21.6	21.35	20.8	19.6	0.777
2026-03-10 17:45:00	-90.3766	30.5044	0	26.94	26.3	81.45515277725204	102.02	2.787	239.4	1.7	179.2	0	0	4.6	0.63	0	0.318	0.335	0.313	0.305	0.277	-0.1	-0.2	-0.3	0.048	0.085	0.197	0.154	0.025	22.55	21.7	21.4	20.8	19.6	0.781
2026-03-10 18:00:00	-90.3766	30.5044	0	27.45	26.3	81.0752040918899	102.01	2.774	367.8	2.02	203.5	0	0	5.2	0.65	0	0.318	0.335	0.311	0.305	0.277	-0.1	-0.2	-0.3	0.047	0.086	0.198	0.154	0.025	22.75	21.8	21.45	20.8	19.6	0.779
2026-03-10 18:15:00	-90.3766	30.5044	0	30.33	27.6	78.66697875035257	101.98	2.905	868.6	2.82	163.2	0	0	6.02	0.78	0	0.317	0.335	0.311	0.305	0.277	-0.1	-0.2	-0.3	0.047	0.085	0.193	0.154	0.025	22.85	21.9	21.5	20.8	19.6	0.773
2026-03-10 18:30:00	-90.3766	30.5044	0	29.78	27.8	77.64708839483329	101.94	2.901	639	2.17	160.1	0	0	5.15	0.83	0	0.317	0.334	0.311	0.305	0.277	-0.1	-0.2	-0.3	0.047	0.087	0.189	0.154	0.025	23.05	21.9	21.55	20.8	19.6	0.773
2026-03-10 18:45:00	-90.3766	30.5044	0	27.22	26.7	78.67388296664498	101.93	2.756	283.6	2.6	162.6	0	0	5.27	0.75	0	0.317	0.334	0.311	0.305	0.278	-0.1	-0.2	-0.3	0.047	0.086	0.189	0.154	0.025	23.15	22	21.6	20.8	19.6	0.781
2026-03-10 19:00:00	-90.3766	30.5044	0	29.44	27.2	78.4778283507221	101.92	2.831	667.8	2.27	138.8	0	0	4.47	0.78	0	0.317	0.334	0.31	0.305	0.278	-0.1	-0.2	-0.3	0.047	0.087	0.189	0.154	0.024	23.25	22.1	21.7	20.8	19.6	0.778
2026-03-10 19:15:00	-90.3766	30.5044	0	28.4	27.2	78.39466569263232	101.88	2.828	404.6	2.1	171.8	0	0	5.22	0.78	0	0.316	0.334	0.31	0.305	0.278	-0.1	-0.2	-0.3	0.046	0.087	0.189	0.154	0.025	23.45	22.2	21.75	20.8	19.6	0.783
2026-03-10 19:30:00	-90.3766	30.5044	0	27.44	26.9	78.43188877204427	101.87	2.78	300.1	2.38	135.7	0	0	5.47	0.76	0	0.316	0.334	0.309	0.305	0.278	-0.1	-0.2	-0.3	0.047	0.085	0.189	0.154	0.024	23.55	22.2	21.75	20.8	19.6	0.78
2026-03-10 19:45:00	-90.3766	30.5044	0	27.4	27	77.83268533047894	101.85	2.775	311.2	2.37	148.2	0	0	4.83	0.78	0	0.316	0.333	0.309	0.305	0.278	-0.1	-0.2	-0.3	0.047	0.086	0.187	0.153	0.025	23.65	22.3	21.85	20.8	19.6	0.782
2026-03-10 20:00:00	-90.3766	30.5044	0	26.85	26.8	77.16278007898414	101.83	2.719	207.1	1.91	142.6	0	0	4.72	0.81	0	0.316	0.333	0.308	0.304	0.278	-0.1	-0.2	-0.3	0.047	0.085	0.186	0.154	0.025	23.75	22.4	21.9	20.8	19.6	0.786
2026-03-10 20:15:00	-90.3766	30.5044	0	27.75	27.2	75.92750683596886	101.82	2.739	342.5	1.86	151.1	0	0	3.83	0.86	0	0.316	0.333	0.308	0.304	0.278	-0.1	-0.2	-0.3	0.046	0.085	0.185	0.154	0.025	23.75	22.4	22	20.8	19.6	0.782
2026-03-10 20:30:00	-90.3766	30.5044	0	27.53	27.2	76.03839038008857	101.8	2.743	332.7	2.44	149.5	0	0	5.91	0.87	0	0.316	0.333	0.307	0.304	0.278	-0.1	-0.2	-0.3	0.046	0.085	0.185	0.153	0.025	23.85	22.5	22	20.8	19.6	0.782
2026-03-10 20:45:00	-90.3766	30.5044	0	27.31	27	76.43029460380363	101.81	2.725	301.4	2.13	150.5	0	0	4.49	0.85	0	0.316	0.333	0.307	0.304	0.278	-0.1	-0.2	-0.3	0.046	0.086	0.183	0.154	0.024	23.85	22.6	22.1	20.85	19.6	0.781
2026-03-10 21:00:00	-90.3766	30.5044	0	27.54	27.1	76.59682420630334	101.8	2.747	352.9	2.44	149	0	0	5.22	0.84	0	0.316	0.332	0.307	0.304	0.278	-0.1	-0.2	-0.3	0.046	0.085	0.182	0.154	0.025	23.9	22.6	22.15	20.85	19.6	0.782
2026-03-10 21:15:00	-90.3766	30.5044	0	27.29	27.1	77.04296515544817	101.78	2.763	300.9	2.43	130	0	0	4.73	0.83	0	0.315	0.332	0.306	0.304	0.278	-0.1	-0.2	-0.3	0.046	0.085	0.182	0.154	0.026	23.9	22.6	22.200000000000003	20.85	19.6	0.781
2026-03-10 21:30:00	-90.3766	30.5044	0	27.73	27.3	76.06294145142408	101.76	2.76	402	2.39	135.4	0	0	4.88	0.86	0	0.315	0.332	0.306	0.304	0.278	-0.1	-0.2	-0.3	0.047	0.085	0.181	0.154	0.026	23.95	22.7	22.25	20.9	19.6	0.781
2026-03-10 21:45:00	-90.3766	30.5044	0	27.48	27.5	75.96825733342254	101.75	2.789	292.2	2.28	130	0	0	4.79	0.88	0	0.315	0.332	0.306	0.304	0.278	-0.1	-0.2	-0.3	0.046	0.086	0.182	0.154	0.025	23.95	22.7	22.299999999999997	20.9	19.7	0.784
2026-03-10 22:00:00	-90.3766	30.5044	0	27.52	27.3	75.81491012060421	101.74	2.751	308.3	2.06	136.2	0	0	4.73	0.87	0	0.315	0.332	0.306	0.304	0.278	-0.1	-0.2	-0.3	0.046	0.086	0.181	0.154	0.025	24	22.8	22.35	20.9	19.7	0.781
2026-03-10 22:15:00	-90.3766	30.5044	0	26.58	27.2	75.3453682293404	101.73	2.718	173.7	2.35	148	0	0	5.05	0.89	0	0.315	0.332	0.305	0.304	0.278	-0.1	-0.2	-0.3	0.046	0.085	0.181	0.154	0.025	24	22.8	22.4	20.9	19.7	0.782
2026-03-10 22:30:00	-90.3766	30.5044	0	26.54	27.1	74.56130612583004	101.73	2.674	188.1	2.24	143.3	0	0	5.85	0.91	0	0.315	0.331	0.305	0.304	0.278	-0.1	-0.2	-0.3	0.046	0.085	0.181	0.154	0.025	24	22.8	22.4	20.9	19.7	0.782
2026-03-10 22:45:00	-90.3766	30.5044	0	26.81	27.4	74.05747966249393	101.72	2.703	227	2.41	139	0	0	5.51	0.95	0	0.315	0.331	0.305	0.304	0.278	-0.1	-0.2	-0.3	0.046	0.085	0.182	0.153	0.025	24	22.9	22.45	20.9	19.7	0.783
2026-03-10 23:00:00	-90.3766	30.5044	0	26.54	27.5	73.43507413800901	101.72	2.696	181.7	2.26	149.2	0	0	5.24	0.97	0	0.315	0.331	0.305	0.304	0.278	-0.1	-0.2	-0.3	0.045	0.085	0.18	0.154	0.025	24	22.9	22.5	20.9	19.7	0.782
2026-03-10 23:15:00	-90.3766	30.5044	0	25.83	27.2	72.93365114473677	101.72	2.631	122.2	2.29	145	0	0	5.06	0.96	0	0.315	0.331	0.304	0.304	0.278	-0.1	-0.2	-0.3	0.045	0.085	0.181	0.154	0.026	24	22.9	22.5	20.95	19.7	0.782
2026-03-10 23:30:00	-90.3766	30.5044	0	25.21	26.8	74.15459519911202	101.73	2.613	69.7	2.51	151.7	0	0	6.72	0.9	0	0.315	0.331	0.304	0.304	0.278	-0.1	-0.2	-0.3	0.046	0.086	0.18	0.154	0.026	24	22.9	22.6	20.95	19.7	0.776
2026-03-10 23:45:00	-90.3766	30.5044	0	24.6	26.4	74.87477793677506	101.73	2.577	33.2	2.57	146.8	0	0	5.3	0.85	0	0.315	0.331	0.304	0.304	0.278	-0.1	-0.2	-0.3	0.045	0.087	0.181	0.154	0.025	23.95	22.9	22.6	21	19.7	0.77
2026-03-11 00:00:00	-90.3766	30.5044	0	24.04	25.6	77.9828951700571	101.73	2.56	14	1.96	139.8	0	0	4.46	0.72	0	0.315	0.331	0.304	0.304	0.278	-0.1	-0.2	-0.3	0.045	0.086	0.18	0.154	0.026	23.9	22.9	22.6	21	19.7	0.828
2026-03-11 00:15:00	-90.3766	30.5044	0	23.64	25.3	78.73289125016828	101.73	2.539	0.9	2.1	145.2	0	0	5.09	0.68	0	0.315	0.331	0.304	0.304	0.278	-0.1	-0.2	-0.3	0.045	0.085	0.18	0.154	0.026	23.85	22.9	22.6	21	19.7	NA
2026-03-11 00:30:00	-90.3766	30.5044	0	23.34	25	79.70887559583139	101.73	2.525	0	2.09	151.4	0	0	4.85	0.64	0	0.315	0.331	0.304	0.304	0.278	-0.1	-0.2	-0.3	0.045	0.086	0.181	0.154	0.025	23.75	22.9	22.65	21	19.7	NA
2026-03-11 00:45:00	-90.3766	30.5044	0	22.98	24.6	81.27817319268706	101.73	2.514	0	1.53	141.1	0	0	3.75	0.58	0	0.315	0.331	0.303	0.304	0.278	-0.1	-0.2	-0.3	0.045	0.086	0.181	0.153	0.025	23.65	22.9	22.65	21.05	19.7	NA
2026-03-11 01:00:00	-90.3766	30.5044	0	22.81	24.3	82.58527892640733	101.74	2.509	0	1.58	138	0	0	3.26	0.53	0	0.315	0.331	0.303	0.304	0.278	-0.1	-0.2	-0.3	0.045	0.085	0.18	0.153	0.025	23.65	22.9	22.65	21.05	19.7	NA
2026-03-11 01:15:00	-90.3766	30.5044	0	22.73	24.1	83.91423301639618	101.74	2.519	0	1.63	137.1	0	0	4.03	0.48	0	0.315	0.331	0.303	0.304	0.278	-0.1	-0.2	-0.3	0.043	0.085	0.18	0.153	0.025	23.55	22.9	22.65	21.05	19.7	NA
2026-03-11 01:30:00	-90.3766	30.5044	0	22.76	24	85.3240754639924	101.75	2.546	0	1.94	138.7	0	0	4.63	0.44	0	0.315	0.331	0.303	0.304	0.278	-0.1	-0.2	-0.3	0.043	0.085	0.178	0.154	0.026	23.45	22.9	22.65	21.05	19.7	NA
2026-03-11 01:45:00	-90.3766	30.5044	0	22.64	23.8	86.6605705442936	101.77	2.555	0	1.89	143.7	0	0	4.16	0.4	0	0.315	0.331	0.303	0.304	0.278	-0.1	-0.2	-0.3	0.043	0.086	0.179	0.153	0.025	23.4	22.8	22.65	21.05	19.7	NA
2026-03-11 02:00:00	-90.3766	30.5044	0	22.54	23.8	86.93191479648708	101.77	2.563	0	1.94	144.8	0	0	4.23	0.38	0	0.315	0.33	0.303	0.304	0.278	-0.1	-0.2	-0.3	0.044	0.085	0.178	0.154	0.025	23.299999999999997	22.8	22.6	21.1	19.7	NA
2026-03-11 02:15:00	-90.3766	30.5044	0	22.32	23.5	88.30850716295842	101.76	2.557	0	1.46	136.9	0	0	3.88	0.34	0	0.315	0.33	0.303	0.303	0.278	-0.1	-0.2	-0.3	0.044	0.084	0.179	0.153	0.026	23.25	22.8	22.6	21.15	19.7	NA
2026-03-11 02:30:00	-90.3766	30.5044	0	22.4	23.4	89.05086797400423	101.77	2.563	0	1.64	134.5	0	0	3.75	0.32	0	0.315	0.33	0.303	0.303	0.278	-0.1	-0.2	-0.3	0.043	0.085	0.178	0.154	0.025	23.200000000000003	22.8	22.6	21.15	19.7	NA
2026-03-11 02:45:00	-90.3766	30.5044	0	22.28	23.4	89.32882620412208	101.76	2.571	0	1.79	133.3	0	0	4.21	0.3	0	0.315	0.33	0.302	0.303	0.278	-0.1	-0.2	-0.3	0.042	0.086	0.18	0.154	0.025	23.1	22.7	22.6	21.15	19.7	NA
2026-03-11 03:00:00	-90.3766	30.5044	0	22.16	23.2	90.41346797589145	101.77	2.571	0	1.55	133.6	0	0	2.76	0.28	0	0.315	0.33	0.302	0.303	0.278	-0.1	-0.2	-0.3	0.042	0.086	0.179	0.154	0.025	23.05	22.7	22.55	21.15	19.7	NA
2026-03-11 03:15:00	-90.3766	30.5044	0	22.28	23.2	90.48380128431299	101.77	2.573	0	1.75	141.4	0	0	4.56	0.27	0	0.315	0.331	0.302	0.303	0.279	-0.1	-0.2	-0.3	0.043	0.085	0.178	0.153	0.025	23	22.7	22.55	21.15	19.7	NA
2026-03-11 03:30:00	-90.3766	30.5044	0	22.28	23.2	90.76513451799916	101.75	2.581	0	1.86	140.2	0	0	4.73	0.26	0	0.315	0.33	0.302	0.303	0.279	-0.1	-0.2	-0.3	0.043	0.086	0.178	0.153	0.025	22.9	22.6	22.55	21.15	19.7	NA
2026-03-11 03:45:00	-90.3766	30.5044	0	22.45	23.3	90.53344765678374	101.74	2.59	0	2.21	146.3	0	0	5.24	0.27	0	0.315	0.33	0.302	0.303	0.279	-0.1	-0.2	-0.3	0.042	0.087	0.178	0.153	0.024	22.9	22.6	22.5	21.15	19.7	NA
2026-03-11 04:00:00	-90.3766	30.5044	0	22.44	23.4	90.30168000953454	101.75	2.599	0	1.97	145.2	0	0	4.16	0.27	0	0.315	0.33	0.302	0.303	0.279	-0.1	-0.2	-0.3	0.042	0.086	0.178	0.153	0.026	22.799999999999997	22.6	22.5	21.25	19.7	NA
2026-03-11 04:15:00	-90.3766	30.5044	0	22.35	23.2	91.22230102273916	101.76	2.594	0	2	144.2	0	0	4.92	0.26	0	0.315	0.33	0.302	0.303	0.279	-0.1	-0.2	-0.3	0.042	0.087	0.178	0.153	0.025	22.799999999999997	22.6	22.5	21.25	19.7	NA
2026-03-11 04:30:00	-90.3766	30.5044	0	22.44	23.2	91.7849674901115	101.76	2.61	0	1.89	144.8	0	0	6.09	0.22	0	0.315	0.33	0.302	0.303	0.279	-0.1	-0.2	-0.3	0.042	0.086	0.177	0.154	0.026	22.700000000000003	22.5	22.4	21.25	19.7	NA
2026-03-11 04:45:00	-90.3766	30.5044	0	22.15	23	92.54521186989827	101.73	2.6	0	1.89	140.7	0	0	4.22	0.2	0	0.315	0.33	0.302	0.303	0.279	-0.1	-0.2	-0.3	0.042	0.085	0.178	0.153	0.026	22.700000000000003	22.5	22.4	21.25	19.7	NA
2026-03-11 05:00:00	-90.3766	30.5044	0	22.3	22.9	93.28592826084213	101.68	2.605	0	1.98	132.4	0	0	4.39	0.18	0	0.315	0.33	0.302	0.303	0.279	-0.1	-0.2	-0.3	0.042	0.086	0.178	0.153	0.026	22.6	22.5	22.4	21.25	19.7	NA
2026-03-11 05:15:00	-90.3766	30.5044	0	22.21	22.9	93.42916960941922	101.65	2.609	0	2.56	135	0	0	5.91	0.18	0	0.316	0.33	0.302	0.303	0.279	-0.1	-0.2	-0.3	0.042	0.084	0.178	0.153	0.027	22.6	22.4	22.4	21.25	19.7	NA
2026-03-11 05:30:00	-90.3766	30.5044	0	22.38	22.9	93.89470399229482	101.65	2.622	0	2.47	135.4	0	0	5.52	0.17	0	0.316	0.33	0.302	0.303	0.279	-0.1	-0.2	-0.3	0.042	0.085	0.178	0.153	0.025	22.6	22.4	22.35	21.25	19.7	NA
2026-03-11 05:45:00	-90.3766	30.5044	0	22.53	22.9	94.36023837517044	101.64	2.635	0	2.66	139.9	0	0	5.25	0.16	0	0.316	0.33	0.302	0.303	0.279	-0.1	-0.2	-0.3	0.042	0.085	0.178	0.152	0.025	22.5	22.4	22.35	21.25	19.7	NA
2026-03-11 06:00:00	-90.3766	30.5044	0	22.51	23	93.93339004794673	101.62	2.639	0	2.43	140.3	0	0	5.61	0.16	0	0.316	0.33	0.301	0.303	0.279	-0.1	-0.2	-0.3	0.042	0.085	0.178	0.153	0.025	22.5	22.4	22.35	21.25	19.7	NA
2026-03-11 06:15:00	-90.3766	30.5044	0	22.56	23	94.07576729697735	101.59	2.643	0	2.54	135.3	0	0	6.05	0.16	0	0.316	0.33	0.301	0.303	0.279	-0.1	-0.2	-0.3	0.043	0.085	0.178	0.152	0.026	22.5	22.4	22.3	21.25	19.7	NA
2026-03-11 06:30:00	-90.3766	30.5044	0	22.53	22.8	95.11349952166171	101.57	2.64	0	2.19	135.2	0	0	5.57	0.14	0	0.316	0.33	0.301	0.303	0.279	-0.1	-0.2	-0.3	0.043	0.085	0.178	0.153	0.026	22.5	22.3	22.25	21.25	19.7	NA
2026-03-11 06:45:00	-90.3766	30.5044	0	22.46	22.8	94.75322111438268	101.55	2.63	0	2.35	135.2	0	0	5.9	0.15	0	0.316	0.33	0.301	0.303	0.279	-0.1	-0.2	-0.3	0.042	0.085	0.178	0.153	0.026	22.4	22.3	22.25	21.25	19.7	NA
2026-03-11 07:00:00	-90.3766	30.5044	0	22.52	22.8	94.71719327365477	101.53	2.629	0	2.09	132.3	0	0	4.51	0.15	0	0.316	0.33	0.301	0.303	0.279	-0.1	-0.2	-0.3	0.042	0.085	0.178	0.151	0.026	22.4	22.3	22.25	21.3	19.7	NA
2026-03-11 07:15:00	-90.3766	30.5044	0	22.39	22.8	94.53705407001529	101.52	2.624	0	2.11	136.7	0	0	4.38	0.15	0	0.316	0.33	0.301	0.303	0.279	-0.1	-0.2	-0.3	0.042	0.085	0.178	0.151	0.026	22.4	22.3	22.25	21.3	19.7	NA
2026-03-11 07:30:00	-90.3766	30.5044	0	22.49	22.8	94.42897054783157	101.52	2.621	0	2.02	145.5	0	0	5.2	0.15	0	0.316	0.33	0.301	0.303	0.279	-0.1	-0.2	-0.3	0.042	0.085	0.177	0.152	0.026	22.4	22.3	22.25	21.3	19.7	NA
2026-03-11 07:45:00	-90.3766	30.5044	0	22.58	22.9	94.14537635230477	101.54	2.629	0	2.09	148.3	0	0	4.64	0.16	0	0.316	0.33	0.301	0.303	0.279	-0.1	-0.2	-0.3	0.041	0.084	0.178	0.152	0.025	22.4	22.3	22.200000000000003	21.3	19.7	NA
2026-03-11 08:00:00	-90.3766	30.5044	0	22.63	22.9	94.28861770088189	101.53	2.633	0	2.34	147	0	0	4.98	0.16	0	0.316	0.33	0.301	0.303	0.279	-0.1	-0.2	-0.3	0.041	0.084	0.178	0.151	0.026	22.4	22.2	22.15	21.3	19.7	NA
2026-03-11 08:15:00	-90.3766	30.5044	0	22.62	22.9	94.36023837517044	101.53	2.635	0	1.85	150	0	0	4.53	0.15	0	0.316	0.33	0.301	0.302	0.279	-0.1	-0.2	-0.3	0.042	0.086	0.178	0.151	0.026	22.35	22.2	22.15	21.3	19.7	NA
2026-03-11 08:30:00	-90.3766	30.5044	0	22.61	22.9	94.36023837517044	101.51	2.635	0	2.02	141.7	0	0	4.29	0.16	0	0.316	0.33	0.301	0.303	0.279	-0.1	-0.2	-0.3	0.042	0.085	0.178	0.151	0.027	22.35	22.2	22.15	21.3	19.7	NA
2026-03-11 08:45:00	-90.3766	30.5044	0	22.59	22.8	94.71719327365477	101.49	2.629	0	1.66	125.5	0	0	4.8	0.15	0	0.316	0.33	0.301	0.303	0.279	-0.1	-0.2	-0.3	0.041	0.085	0.178	0.151	0.026	22.35	22.2	22.15	21.3	19.7	NA
2026-03-11 09:00:00	-90.3766	30.5044	0	22.53	22.8	94.50102622928738	101.48	2.623	0	1.37	121	0	0	3.77	0.15	0	0.316	0.33	0.301	0.303	0.279	-0.1	-0.2	-0.3	0.042	0.086	0.178	0.151	0.025	22.299999999999997	22.2	22.15	21.3	19.7	NA
2026-03-11 09:15:00	-90.3766	30.5044	0	22.53	22.8	94.53705407001529	101.49	2.624	0	1.7	125.4	0	0	3.73	0.15	0	0.316	0.33	0.301	0.303	0.279	-0.1	-0.2	-0.3	0.042	0.085	0.178	0.151	0.025	22.299999999999997	22.2	22.1	21.3	19.7	NA
2026-03-11 09:30:00	-90.3766	30.5044	0	22.53	22.8	94.71719327365477	101.5	2.629	0	1.38	135.7	0	0	3.63	0.14	0	0.316	0.33	0.301	0.303	0.279	-0.1	-0.2	-0.3	0.041	0.085	0.178	0.151	0.026	22.299999999999997	22.2	22.1	21.3	19.7	NA
2026-03-11 09:45:00	-90.3766	30.5044	0	22.48	22.8	94.53705407001529	101.5	2.624	0	1.24	126.8	0	0	4.17	0.15	0	0.316	0.33	0.301	0.303	0.279	-0.1	-0.2	-0.3	0.042	0.085	0.178	0.151	0.026	22.299999999999997	22.2	22.1	21.3	19.7	NA
2026-03-11 10:00:00	-90.3766	30.5044	0	22.46	22.8	94.68116543292687	101.5	2.628	0	1.41	118.9	0	0	3.29	0.15	0	0.316	0.33	0.301	0.303	0.279	-0.1	-0.2	-0.3	0.042	0.085	0.177	0.151	0.026	22.299999999999997	22.2	22.049999999999997	21.3	19.7	NA
2026-03-11 10:15:00	-90.3766	30.5044	0	22.4	22.8	94.53705407001529	101.5	2.624	0	1.06	134.7	0	0	2.69	0.15	0	0.316	0.33	0.301	0.302	0.279	-0.1	-0.2	-0.3	0.042	0.085	0.178	0.151	0.026	22.299999999999997	22.2	22.049999999999997	21.3	19.8	NA
2026-03-11 10:30:00	-90.3766	30.5044	0	22.35	22.8	94.35691486637577	101.51	2.619	0	0.8	112	0	0	1.69	0.15	0	0.316	0.33	0.301	0.303	0.279	-0.1	-0.2	-0.3	0.042	0.084	0.177	0.151	0.026	22.299999999999997	22.1	22.049999999999997	21.3	19.8	NA
2026-03-11 10:45:00	-90.3766	30.5044	0	22.33	22.6	95.50793439603872	101.51	2.619	0	0.48	107.9	0	0	1.6	0.12	0	0.316	0.33	0.301	0.303	0.279	-0.1	-0.2	-0.3	0.042	0.085	0.178	0.15	0.026	22.299999999999997	22.1	22.049999999999997	21.3	19.8	NA
2026-03-11 11:00:00	-90.3766	30.5044	0	22.3	22.6	95.36206508042812	101.52	2.615	0	0.61	97.8	0	0	1.46	0.12	0	0.316	0.33	0.301	0.303	0.279	-0.1	-0.2	-0.3	0.041	0.084	0.175	0.15	0.026	22.25	22.1	22.049999999999997	21.3	19.8	NA
2026-03-11 11:15:00	-90.3766	30.5044	0	22.31	22.6	95.58086905384403	101.52	2.621	0	0.66	121.7	0	0	1.47	0.11	0	0.316	0.33	0.301	0.302	0.279	-0.1	-0.2	-0.3	0.041	0.085	0.176	0.151	0.026	22.25	22.1	22.049999999999997	21.3	19.8	NA
2026-03-11 11:30:00	-90.3766	30.5044	0	22.14	22.5	95.83254611482016	101.52	2.612	0	0.71	118.3	0	0	1.88	0.11	0	0.316	0.33	0.301	0.302	0.279	-0.1	-0.2	-0.3	0.041	0.085	0.176	0.15	0.026	22.200000000000003	22.1	22.049999999999997	21.3	19.8	NA
2026-03-11 11:45:00	-90.3766	30.5044	0	22.09	22.5	95.90592478718986	101.51	2.614	0	0.98	127.7	0	0	2.04	0.11	0	0.316	0.33	0.301	0.302	0.279	-0.1	-0.2	-0.3	0.041	0.085	0.175	0.151	0.026	22.200000000000003	22.1	22	21.3	19.8	NA
2026-03-11 12:00:00	-90.3766	30.5044	0	22.28	22.5	96.2361288128535	101.51	2.623	0	1.05	132.4	0	0	2.7	0.1	0	0.316	0.33	0.3	0.302	0.279	-0.1	-0.2	-0.3	0.041	0.084	0.175	0.152	0.026	22.200000000000003	22.1	22	21.3	19.8	NA
2026-03-11 12:15:00	-90.3766	30.5044	0	22.32	22.6	96.01847700067582	101.52	2.633	0	1.02	117.2	0	0	2.72	0.11	0	0.316	0.33	0.3	0.302	0.279	-0.1	-0.2	-0.3	0.041	0.085	0.176	0.151	0.026	22.200000000000003	22.1	22	21.3	19.8	NA
2026-03-11 12:30:00	-90.3766	30.5044	0	22.38	22.6	96.23728097409169	101.56	2.639	0	0.7	260.2	0	0	1.65	0.1	0	0.316	0.33	0.3	0.302	0.279	-0.1	-0.2	-0.3	0.042	0.085	0.176	0.149	0.026	22.200000000000003	22.1	22	21.3	19.8	1
2026-03-11 12:45:00	-90.3766	30.5044	0	22.44	22.7	96.01786383408343	101.6	2.649	0	0.62	221.2	0	0	1.9	0.11	0	0.316	0.33	0.3	0.302	0.279	-0.1	-0.2	-0.3	0.041	0.084	0.177	0.15	0.026	22.200000000000003	22.1	22	21.3	19.8	1
