2026-01-01 06:00:00	-91.7134	29.9604	0	-0.58	3.9	89.15804051687891	102.16	0.72	0	0.74	268	0	0	1.02	0.09	0	0.363	0.386	0.392	0.397	0.433	-1.5	-0.1	-0.1	1.472	3.057	2.832	3.586	4.046	12	13	15.2	17.95	19	NA
2026-01-01 06:15:00	-91.7134	29.9604	0	-0.5	3.9	91.01549969431389	102.14	0.735	0	0.74	247	0	0	1.24	0.07	0	0.363	0.386	0.392	0.397	0.433	-1.5	-0.1	-0.1	1.472	3.056	2.832	3.587	4.046	11.95	13	15.2	17.95	19	NA
2026-01-01 06:30:00	-91.7134	29.9604	0	-0.48	3.9	91.01549969431389	102.13	0.735	0	0.36	251.5	0	0	0.63	0.07	0	0.363	0.386	0.392	0.396	0.433	-1.5	-0.1	-0.1	1.469	3.058	2.833	3.587	4.057	11.85	12.9	15.2	17.95	19	NA
2026-01-01 06:45:00	-91.7134	29.9604	0	-0.57	3.9	90.52017724699789	102.12	0.731	0	0.37	270.7	0	0	0.54	0.08	0	0.363	0.386	0.392	0.396	0.433	-1.5	-0.1	-0.1	1.47	3.06	2.834	3.588	4.047	11.85	12.9	15.15	17.9	19	NA
2026-01-01 07:00:00	-91.7134	29.9604	0	-0.56	3.7	91.05203794820268	102.11	0.725	0	0.75	246.5	0	0	0.98	0.07	0	0.363	0.386	0.392	0.397	0.433	-1.6	-0.1	-0.1	1.47	3.06	2.834	3.588	4.049	11.75	12.9	15.15	17.9	18.9	NA
2026-01-01 07:15:00	-91.7134	29.9604	0	-0.49	4	90.86872638967127	102.1	0.739	0	0.65	241.9	0	0	0.84	0.07	0	0.363	0.386	0.392	0.396	0.433	-1.6	-0.1	-0.1	1.467	3.062	2.828	3.589	4.049	11.75	12.8	15.15	17.9	18.9	NA
2026-01-01 07:30:00	-91.7134	29.9604	0	-0.56	3.8	92.15799335918115	102.09	0.739	0	0.59	248.6	0	0	0.76	0.06	0	0.363	0.386	0.392	0.397	0.433	-1.6	-0.1	-0.1	1.464	3.054	2.828	3.588	4.049	11.65	12.8	15.15	17.9	18.9	NA
2026-01-01 07:45:00	-91.7134	29.9604	0	-0.59	3.7	92.81028419823696	102.08	0.739	0	0.72	261	0	0	0.95	0.06	0	0.363	0.386	0.392	0.396	0.433	-1.6	-0.1	-0.1	1.465	3.062	2.828	3.589	4.049	11.65	12.7	15.15	17.85	18.9	NA
2026-01-01 08:00:00	-91.7134	29.9604	0	-0.62	3.5	92.21977280619384	102.07	0.724	0	0.32	266.6	0	0	0.76	0.06	0	0.363	0.386	0.392	0.396	0.433	-1.6	-0.1	-0.1	1.462	3.057	2.828	3.59	4.058	11.600000000000001	12.7	15.15	17.85	18.9	NA
2026-01-01 08:15:00	-91.7134	29.9604	0	-0.62	3.7	92.68469518037735	102.06	0.738	0	0.69	233.7	0	0	1.13	0.06	0	0.363	0.385	0.392	0.396	0.433	-1.7	-0.1	-0.1	1.466	3.051	2.828	3.589	4.059	11.55	12.7	15.15	17.85	18.9	NA
2026-01-01 08:30:00	-91.7134	29.9604	0	-0.58	3.4	95.05488068003075	102.04	0.741	0	0.93	238.3	0	0	1.14	0.04	0	0.363	0.385	0.392	0.396	0.433	-1.7	-0.1	-0.1	1.463	3.053	2.828	3.59	4.06	11.5	12.6	15.15	17.85	18.9	NA
2026-01-01 08:45:00	-91.7134	29.9604	0	-0.6	3.4	94.28520553282402	102.03	0.735	0	0.87	241.2	0	0	1.17	0.04	0	0.363	0.385	0.392	0.396	0.433	-1.7	-0.1	-0.1	1.463	3.059	2.828	3.59	4.059	11.45	12.6	15.1	17.85	18.9	NA
2026-01-01 09:00:00	-91.7134	29.9604	0	-0.71	3	95.93986577712043	102.03	0.727	0	0.67	256.4	0	0	1.24	0.03	0	0.363	0.385	0.392	0.396	0.433	-1.7	-0.1	-0.1	1.463	3.061	2.829	3.59	4.059	11.45	12.6	15.05	17.85	18.9	NA
2026-01-01 09:15:00	-91.7134	29.9604	0	-0.75	3.1	92.6409817570651	102.02	0.707	0	0.18	323.5	0	0	0.33	0.05	0	0.363	0.385	0.392	0.396	0.433	-1.8	-0.1	-0.1	1.464	3.063	2.829	3.589	4.059	11.35	12.5	15.05	17.85	18.9	NA
2026-01-01 09:30:00	-91.7134	29.9604	0	-0.71	3.6	88.91450701017821	102.02	0.703	0	0.31	285.5	0	0	0.46	0.08	0	0.363	0.385	0.392	0.396	0.433	-1.8	-0.1	-0.1	1.461	3.062	2.83	3.59	4.059	11.35	12.5	15.05	17.85	18.9	NA
2026-01-01 09:45:00	-91.7134	29.9604	0	-0.69	3.4	90.82166737039375	102.02	0.708	0	0.46	271.3	0	0	0.59	0.07	0	0.363	0.385	0.392	0.396	0.433	-1.8	-0.1	-0.1	1.461	3.063	2.83	3.59	4.049	11.35	12.5	15.05	17.85	18.9	NA
2026-01-01 10:00:00	-91.7134	29.9604	0	-0.57	3.9	91.51082214162989	102.03	0.739	0	0.56	241.8	0	0	0.93	0.07	0	0.363	0.385	0.392	0.396	0.433	-1.8	-0.1	-0.1	1.458	3.059	2.83	3.591	4.059	11.25	12.4	15.05	17.85	18.9	NA
2026-01-01 10:15:00	-91.7134	29.9604	0	-0.49	4.1	92.429456572843	102.02	0.757	0	0.81	242.1	0	0	0.88	0.06	0	0.363	0.385	0.391	0.396	0.433	-1.8	-0.1	-0.1	1.459	3.06	2.83	3.591	4.058	11.25	12.4	15.05	17.85	18.9	NA
2026-01-01 10:30:00	-91.7134	29.9604	0	-0.48	3.9	94.48275682552584	102.02	0.763	0	0.84	258	0	0	1.05	0.04	0	0.363	0.385	0.391	0.396	0.433	-1.8	-0.1	-0.1	1.459	3.06	2.83	3.591	4.049	11.25	12.4	15.05	17.85	18.9	NA
2026-01-01 10:45:00	-91.7134	29.9604	0	-0.6	3.8	94.02858862357589	102.02	0.754	0	0.57	271.1	0	0	0.78	0.05	0	0.363	0.385	0.391	0.396	0.433	-1.8	-0.1	-0.1	1.456	3.06	2.831	3.59	4.049	11.15	12.3	15	17.85	18.9	NA
2026-01-01 11:00:00	-91.7134	29.9604	0	-0.65	3.7	91.93116107321981	102.01	0.732	0	0.5	272.4	0	0	0.64	0.06	0	0.363	0.385	0.391	0.396	0.433	-1.8	-0.1	-0.1	1.459	3.061	2.832	3.589	4.059	11.15	12.3	15	17.85	18.9	NA
2026-01-01 11:15:00	-91.7134	29.9604	0	-0.49	3.9	91.75848336528787	102	0.741	0	0.78	248.5	0	0	1.09	0.07	0	0.363	0.385	0.392	0.396	0.433	-1.9	-0.1	-0.1	1.459	3.062	2.825	3.591	4.059	11.15	12.3	15	17.85	18.9	NA
2026-01-01 11:30:00	-91.7134	29.9604	0	-0.51	4	93.94276990758978	102	0.764	0	0.86	247.3	0	0	0.98	0.05	0	0.363	0.385	0.392	0.396	0.433	-1.9	-0.1	-0.1	1.456	3.056	2.825	3.592	4.05	11.15	12.2	14.95	17.8	18.9	NA
2026-01-01 11:45:00	-91.7134	29.9604	0	-0.6	3.7	95.07088651970956	102	0.757	0	0.5	257.5	0	0	0.71	0.04	0	0.363	0.385	0.391	0.396	0.433	-1.9	-0.1	-0.1	1.456	3.056	2.825	3.593	4.049	11.05	12.2	14.95	17.8	18.9	NA
2026-01-01 12:00:00	-91.7134	29.9604	0	-0.72	3.5	95.14940647268897	101.99	0.747	0	0.35	260.9	0	0	0.54	0.04	0	0.363	0.385	0.392	0.396	0.433	-2	-0.1	-0.1	1.456	3.065	2.824	3.593	4.049	11.05	12.2	14.95	17.8	18.9	NA
2026-01-01 12:15:00	-91.7134	29.9604	0	-0.73	3.5	93.49352657423522	101.98	0.734	0	0.58	244.4	0	0	1.01	0.05	0	0.363	0.385	0.392	0.396	0.433	-2	-0.1	-0.1	1.456	3.056	2.824	3.593	4.05	11.05	12.2	14.95	17.8	18.9	NA
2026-01-01 12:30:00	-91.7134	29.9604	0	-0.59	4	92.83611424113911	101.99	0.755	0	0.63	246.9	0	0	0.91	0.06	0	0.363	0.385	0.392	0.396	0.433	-2	-0.1	-0.1	1.457	3.06	2.825	3.593	4.049	10.95	12.1	14.899999999999999	17.75	18.9	NA
2026-01-01 12:45:00	-91.7134	29.9604	0	-0.64	3.9	94.11126499003885	102	0.76	0	0.65	237.5	0	0	0.78	0.05	0	0.363	0.385	0.392	0.396	0.433	-2	-0.1	-0.1	1.457	3.06	2.826	3.593	4.049	10.95	12.1	14.899999999999999	17.75	18.9	NA
2026-01-01 13:00:00	-91.7134	29.9604	0	-0.67	3.6	95.61787667097401	102	0.756	0	0.56	254.2	0	0	0.89	0.04	0	0.363	0.384	0.392	0.396	0.433	-2	-0.1	-0.1	1.457	3.061	2.826	3.593	4.059	10.95	12.1	14.899999999999999	17.75	18.9	NA
2026-01-01 13:15:00	-91.7134	29.9604	0	-0.59	3.5	94.8946557190807	102	0.745	3.9	0.46	261.8	0	0	0.7	0.04	0	0.363	0.384	0.392	0.396	0.433	-2	-0.1	-0.1	1.457	3.062	2.826	3.594	4.05	10.95	12	14.899999999999999	17.75	18.9	0.628
2026-01-01 13:30:00	-91.7134	29.9604	0	-0.2	3.6	96.12379136235484	102.01	0.76	13.2	0.39	262.6	0	0	0.79	0.03	0	0.363	0.384	0.392	0.396	0.433	-2	-0.1	-0.1	1.458	3.063	2.826	3.593	4.049	10.85	12	14.85	17.75	18.9	0.724
2026-01-01 13:45:00	-91.7134	29.9604	0	0.79	4.4	97.67542266175538	102.02	0.817	23.3	0.52	267.1	0	0	0.7	0.02	0	0.363	0.384	0.392	0.396	0.433	-2	-0.1	-0.1	1.455	3.063	2.819	3.593	4.059	10.85	12	14.85	17.75	18.9	0.752
2026-01-01 14:00:00	-91.7134	29.9604	0	3.32	5.7	100	102.07	0.917	36.4	0.7	287.3	0	0	0.93	0	0	0.363	0.384	0.392	0.396	0.433	-2.1	-0.1	-0.1	1.455	3.063	2.82	3.586	4.049	10.85	12	14.8	17.75	18.9	0.79
2026-01-01 14:15:00	-91.7134	29.9604	0	7.02	7	99.81450213643296	102.1	1	63	0.72	298.6	0	0	1.17	0	0	0.363	0.384	0.392	0.396	0.433	-2.1	-0.1	-0.1	1.455	3.056	2.82	3.594	4.059	10.85	12	14.8	17.75	18.9	0.803
2026-01-01 14:30:00	-91.7134	29.9604	0	9.97	8.4	100	102.13	1.104	104.9	0.49	305.1	0	0	1.17	0	0	0.363	0.384	0.392	0.396	0.433	-2.1	-0.1	-0.1	1.455	3.058	2.82	3.595	4.057	10.85	12	14.8	17.75	18.9	0.803
2026-01-01 14:45:00	-91.7134	29.9604	0	12.36	10.4	99.89949848539536	102.15	1.26	147.4	0.6	299.1	0	0	1.37	0	0	0.363	0.384	0.392	0.396	0.433	-2.2	-0.1	-0.1	1.451	3.057	2.819	3.595	4.058	10.85	11.9	14.8	17.75	18.9	0.799
2026-01-01 15:00:00	-91.7134	29.9604	0	13.69	11.2	100	102.17	1.332	188.4	1.15	326.8	0	0	2.74	0	0	0.363	0.384	0.392	0.396	0.433	-2.2	-0.1	-0.1	1.454	3.059	2.82	3.596	4.057	10.9	11.9	14.8	17.75	18.9	0.788
2026-01-01 15:15:00	-91.7134	29.9604	0	15.33	12.5	99.62185607424864	102.18	1.444	232.8	1.69	323.6	0	0	2.88	0	0	0.363	0.384	0.392	0.396	0.433	-2.2	-0.1	-0.1	1.45	3.057	2.82	3.597	4.057	10.95	11.9	14.75	17.75	18.9	0.773
2026-01-01 15:30:00	-91.7134	29.9604	0	16.43	13.6	97.26637563332493	102.2	1.515	275.1	2.11	314.7	0	0	3.19	0.04	0	0.363	0.384	0.392	0.396	0.433	-2.2	-0.1	-0.1	1.453	3.058	2.821	3.597	4.057	11.05	11.9	14.75	17.75	18.9	0.762
2026-01-01 15:45:00	-91.7134	29.9604	0	17.94	14.5	88.11671031759856	102.22	1.455	318.8	2.13	314.2	0	0	3.65	0.2	0	0.362	0.384	0.392	0.396	0.433	-2.2	-0.1	-0.1	1.456	3.058	2.822	3.596	4.057	11.149999999999999	11.9	14.7	17.75	18.9	0.748
2026-01-01 16:00:00	-91.7134	29.9604	0	18.55	15.1	81.27682535749031	102.22	1.395	359.7	2.36	309.6	0	0	4.02	0.32	0	0.362	0.384	0.391	0.396	0.433	-2.2	-0.1	-0.1	1.459	3.058	2.816	3.597	4.05	11.2	12	14.7	17.75	18.9	0.741
2026-01-01 16:15:00	-91.7134	29.9604	0	19.26	15.8	76.48222829919324	102.22	1.373	406.6	2.54	321.1	0	0	4.75	0.43	0	0.362	0.384	0.391	0.396	0.433	-2.3	-0.1	-0.1	1.458	3.066	2.816	3.597	4.049	11.35	12	14.7	17.75	18.9	0.735
2026-01-01 16:30:00	-91.7134	29.9604	0	20.39	16.5	71.54364421308296	102.21	1.343	452.7	2.33	312.6	0	0	4.95	0.53	0	0.362	0.384	0.391	0.396	0.433	-2.3	-0.1	-0.1	1.46	3.064	2.817	3.59	4.051	11.5	12.1	14.7	17.75	18.9	0.726
2026-01-01 16:45:00	-91.7134	29.9604	0	20.99	17.1	67.38312041032512	102.2	1.314	489.6	2.88	305.4	0	0	5.43	0.64	0	0.362	0.384	0.391	0.396	0.433	-2.4	-0.1	-0.1	1.459	3.065	2.822	3.591	4.05	11.7	12.1	14.7	17.7	18.8	0.723
2026-01-01 17:00:00	-91.7134	29.9604	0	21.49	17.6	62.95193781745897	102.18	1.267	518.4	2.9	305.3	0	0	5.13	0.74	0	0.362	0.384	0.391	0.396	0.433	-2.4	-0.1	-0.1	1.461	3.063	2.817	3.592	4.052	11.85	12.2	14.65	17.7	18.8	0.715
2026-01-01 17:15:00	-91.7134	29.9604	0	22.06	18	59.98093393144771	102.16	1.238	540.9	3.3	303.5	0	0	6.82	0.83	0	0.362	0.384	0.391	0.396	0.433	-2.4	-0.1	-0.1	1.46	3.065	2.818	3.6	4.05	12.05	12.3	14.600000000000001	17.65	18.8	0.709
2026-01-01 17:30:00	-91.7134	29.9604	0	21.73	18.4	52.20945681352575	102.13	1.105	543.1	3.36	302.9	0	0	6.29	1.01	0	0.362	0.384	0.391	0.396	0.433	-2.4	-0.1	-0.1	1.462	3.068	2.819	3.593	4.051	12.25	12.4	14.600000000000001	17.65	18.8	0.769
2026-01-01 17:45:00	-91.7134	29.9604	0	22.1	18.5	53.4328165788155	102.1	1.138	517.9	3.01	299.2	0	0	5.43	0.99	0	0.362	0.384	0.391	0.396	0.433	-2.5	-0.1	-0.1	1.457	3.067	2.82	3.593	4.051	12.5	12.5	14.600000000000001	17.65	18.8	0.777
2026-01-01 18:00:00	-91.7134	29.9604	0	23.36	18.8	53.45314600384545	102.06	1.16	590.7	3.1	280.7	0	0	5.61	1.01	0	0.362	0.384	0.391	0.396	0.433	-2.5	-0.1	-0.1	1.459	3.066	2.82	3.593	4.05	12.7	12.6	14.600000000000001	17.65	18.8	0.745
2026-01-01 18:15:00	-91.7134	29.9604	0	23.66	19.1	52.23550707683937	102.02	1.155	601.5	3.19	277.3	0	0	6.58	1.05	0	0.362	0.384	0.391	0.396	0.433	-2.5	-0.1	-0.1	1.461	3.065	2.821	3.602	4.051	12.95	12.7	14.600000000000001	17.65	18.8	0.746
2026-01-01 18:30:00	-91.7134	29.9604	0	22.88	19.2	49.30423237326137	101.99	1.097	570.9	3.43	283.9	0	0	5.81	1.12	0	0.361	0.384	0.391	0.396	0.433	-2.6	-0.1	-0.1	1.459	3.063	2.821	3.594	4.051	13.2	12.8	14.600000000000001	17.65	18.8	0.743
2026-01-01 18:45:00	-91.7134	29.9604	0	22.86	19.3	47.03290433611941	101.96	1.053	585.2	3.55	285.4	0	0	6.32	1.19	0	0.361	0.384	0.391	0.396	0.433	-2.7	-0.1	-0.1	1.461	3.068	2.822	3.601	4.052	13.45	13	14.600000000000001	17.65	18.8	0.745
2026-01-01 19:00:00	-91.7134	29.9604	0	21.82	19.4	43.94470775115582	101.92	0.99	531.8	4.04	284.3	0	0	7.22	1.26	0	0.361	0.384	0.391	0.396	0.433	-2.7	-0.1	-0.1	1.463	3.066	2.822	3.594	4.052	13.7	13.1	14.600000000000001	17.65	18.8	0.753
2026-01-01 19:15:00	-91.7134	29.9604	0	22.25	19.5	41.510797134484825	101.89	0.941	543.1	3.88	290.1	0	0	6.74	1.33	0	0.361	0.384	0.391	0.396	0.433	-2.7	-0.1	-0.1	1.465	3.066	2.822	3.594	4.05	13.85	13.2	14.600000000000001	17.65	18.8	0.759
2026-01-01 19:30:00	-91.7134	29.9604	0	23.37	19.8	43.03983794761312	101.86	0.994	561.1	2.78	297.9	0	0	6	1.32	0	0.361	0.384	0.391	0.396	0.433	-2.8	-0.1	-0.1	1.464	3.063	2.823	3.594	4.051	14.05	13.3	14.600000000000001	17.65	18.8	0.762
2026-01-01 19:45:00	-91.7134	29.9604	0	23.73	20	46.10223814402049	101.84	1.078	553.4	2.63	284.2	0	0	6.11	1.26	0	0.361	0.384	0.391	0.395	0.433	-2.8	-0.1	-0.1	1.463	3.069	2.823	3.596	4.05	14.2	13.4	14.600000000000001	17.65	18.8	0.767
2026-01-01 20:00:00	-91.7134	29.9604	0	22.86	19.9	49.35783681761831	101.82	1.147	512.6	3.5	279.1	0	0	7.04	1.17	0	0.361	0.384	0.391	0.395	0.433	-2.9	-0.1	-0.1	1.466	3.061	2.823	3.596	4.051	14.4	13.5	14.55	17.65	18.8	0.771
2026-01-01 20:15:00	-91.7134	29.9604	0	22.4	20	49.48078806366577	101.81	1.157	459.1	3.08	274.8	0	0	6.42	1.17	0	0.361	0.384	0.391	0.395	0.433	-3	-0.1	-0.1	1.468	3.065	2.83	3.597	4.052	14.55	13.6	14.55	17.65	18.8	0.773
2026-01-01 20:30:00	-91.7134	29.9604	0	21.25	19.8	49.44818404041668	101.8	1.142	393.3	3.38	263.1	0	0	6.84	1.17	0	0.361	0.384	0.391	0.395	0.433	-3.1	-0.1	-0.1	1.47	3.064	2.83	3.596	4.051	14.7	13.8	14.600000000000001	17.65	18.8	0.773
2026-01-01 20:45:00	-91.7134	29.9604	0	20.31	19.6	46.82145098666595	101.8	1.068	337.2	3.64	270.6	0	0	7.29	1.21	0	0.36	0.384	0.391	0.395	0.433	-3.1	-0.1	-0.1	1.475	3.063	2.831	3.596	4.043	14.850000000000001	13.8	14.600000000000001	17.65	18.8	0.774
2026-01-01 21:00:00	-91.7134	29.9604	0	19.69	19.4	47.85090399570301	101.79	1.078	321.6	4.16	271.7	0	0	7.19	1.18	0	0.36	0.384	0.391	0.395	0.433	-3.3	-0.1	-0.1	1.478	3.068	2.83	3.597	4.051	14.9	14	14.65	17.65	18.8	0.774
2026-01-01 21:15:00	-91.7134	29.9604	0	19.11	19.3	47.47956059762102	101.78	1.063	300.6	3.87	260	0	0	6.8	1.17	0	0.36	0.384	0.391	0.395	0.433	-3.3	-0.1	-0.1	1.478	3.06	2.83	3.598	4.052	15	14	14.65	17.65	18.8	0.776
2026-01-01 21:30:00	-91.7134	29.9604	0	18.22	19.1	48.75313993838341	101.77	1.078	239.4	3.63	255.5	0	0	7.38	1.13	0	0.36	0.384	0.391	0.395	0.433	-3.3	-0.1	-0.1	1.474	3.067	2.83	3.598	4.052	15.05	14.1	14.65	17.65	18.8	0.779
2026-01-01 21:45:00	-91.7134	29.9604	0	18.23	18.8	51.79425526579508	101.76	1.124	254.4	3.93	258.8	0	0	6.32	1.04	0	0.36	0.384	0.391	0.395	0.433	-3.4	-0.1	-0.1	1.475	3.064	2.837	3.601	4.052	15.05	14.2	14.65	17.6	18.8	0.783
2026-01-01 22:00:00	-91.7134	29.9604	0	17.07	18.5	53.76148944002087	101.77	1.145	187.9	3.72	257.4	0	0	5.88	0.98	0	0.36	0.384	0.391	0.395	0.433	-3.5	-0.1	-0.1	1.471	3.064	2.831	3.6	4.052	15.05	14.3	14.65	17.6	18.8	0.782
2026-01-01 22:15:00	-91.7134	29.9604	0	16.11	18.1	55.12751836102347	101.77	1.145	133.9	3.52	249.4	0	0	6.24	0.93	0	0.36	0.384	0.391	0.395	0.433	-3.6	-0.1	-0.1	1.475	3.063	2.83	3.599	4.052	15.05	14.3	14.7	17.55	18.8	0.784
2026-01-01 22:30:00	-91.7134	29.9604	0	15.59	17.6	59.126129441812296	101.76	1.19	111.9	3.17	249.1	0	0	5.67	0.83	0	0.36	0.384	0.391	0.395	0.433	-3.6	-0.1	-0.1	1.475	3.062	2.836	3.599	4.051	15.05	14.4	14.7	17.55	18.8	0.789
2026-01-01 22:45:00	-91.7134	29.9604	0	14.89	17.2	62.42274683216975	101.76	1.225	82.2	3.42	256.2	0	0	5.78	0.73	0	0.36	0.384	0.391	0.395	0.433	-3.6	-0.1	-0.1	1.472	3.063	2.836	3.6	4.052	15	14.4	14.7	17.55	18.8	0.78
2026-01-01 23:00:00	-91.7134	29.9604	0	14.01	16.7	66.01110333810612	101.76	1.255	43.6	3.07	253.4	0	0	5.55	0.64	0	0.36	0.384	0.391	0.395	0.433	-3.7	-0.1	-0.1	1.476	3.061	2.836	3.601	4.052	14.95	14.4	14.7	17.55	18.8	0.793
2026-01-01 23:15:00	-91.7134	29.9604	0	12.9	16	69.79097485667823	101.77	1.269	13.1	2.53	262	0	0	4.31	0.55	0	0.36	0.384	0.391	0.395	0.433	-3.9	-0.1	-0.1	1.477	3.06	2.836	3.601	4.053	14.9	14.5	14.75	17.55	18.8	0.778
2026-01-01 23:30:00	-91.7134	29.9604	0	11.93	15.4	72.2955544587912	101.78	1.265	0	2.4	263.1	0	0	3.54	0.49	0	0.36	0.384	0.391	0.395	0.433	-4	-0.1	-0.1	1.474	3.06	2.835	3.6	4.052	14.850000000000001	14.5	14.8	17.55	18.8	NA
2026-01-01 23:45:00	-91.7134	29.9604	0	11.11	14.9	74.30367433779594	101.77	1.259	0	1.96	257.5	0	0	3.03	0.44	0	0.361	0.384	0.391	0.395	0.433	-4	-0.1	-0.1	1.471	3.059	2.841	3.601	4.052	14.8	14.5	14.8	17.55	18.8	NA
2026-01-02 00:00:00	-91.7134	29.9604	0	10.1	14.4	76.19273141412621	101.76	1.25	0	1.53	251.8	0	0	2.86	0.39	0	0.361	0.384	0.391	0.395	0.433	-4	-0.1	-0.1	1.475	3.066	2.841	3.601	4.052	14.7	14.5	14.8	17.55	18.8	NA
2026-01-02 00:15:00	-91.7134	29.9604	0	8.83	14	77.88040882395323	101.76	1.245	0	1.26	248.8	0	0	2.03	0.35	0	0.361	0.384	0.391	0.395	0.433	-4	-0.1	-0.1	1.472	3.059	2.841	3.601	4.053	14.649999999999999	14.5	14.8	17.55	18.8	NA
2026-01-02 00:30:00	-91.7134	29.9604	0	8.04	13.5	79.29085450598258	101.75	1.227	0	0.98	200.8	0	0	1.57	0.32	0	0.361	0.384	0.391	0.395	0.433	-4	-0.1	-0.1	1.469	3.059	2.84	3.6	4.062	14.55	14.5	14.850000000000001	17.55	18.8	NA
2026-01-02 00:45:00	-91.7134	29.9604	0	8.39	13	81.45437982232947	101.74	1.22	0	1.15	204.4	0	0	2.07	0.28	0	0.361	0.384	0.391	0.395	0.433	-4.1	-0.1	-0.1	1.47	3.059	2.84	3.601	4.052	14.45	14.5	14.850000000000001	17.55	18.8	NA
2026-01-02 01:00:00	-91.7134	29.9604	0	8.63	12.9	82.32518466270896	101.73	1.225	0	1.32	213.6	0	0	2.29	0.26	0	0.361	0.384	0.391	0.395	0.433	-4.2	-0.1	-0.1	1.471	3.059	2.839	3.602	4.053	14.399999999999999	14.5	14.9	17.55	18.8	NA
2026-01-02 01:15:00	-91.7134	29.9604	0	8.08	12.4	85.07009725720076	101.73	1.225	0	1.39	215.4	0	0	2.23	0.22	0	0.361	0.384	0.391	0.395	0.433	-4.3	-0.1	-0.1	1.468	3.06	2.839	3.601	4.053	14.3	14.4	14.9	17.55	18.7	NA
2026-01-02 01:30:00	-91.7134	29.9604	0	8.07	12.1	86.62459991800807	101.73	1.223	0	1.43	227.5	0	0	2.1	0.18	0	0.361	0.384	0.391	0.395	0.433	-4.4	-0.1	-0.1	1.462	3.061	2.846	3.598	4.054	14.25	14.4	14.9	17.55	18.7	NA
2026-01-02 01:45:00	-91.7134	29.9604	0	9.07	12	87.69654085898595	101.74	1.23	0	1.44	235.6	0	0	2.23	0.17	0	0.361	0.384	0.391	0.395	0.433	-4.5	-0.1	-0.1	1.467	3.06	2.844	3.601	4.055	14.100000000000001	14.4	14.95	17.55	18.7	NA
2026-01-02 02:00:00	-91.7134	29.9604	0	8.58	11.9	89.13819015392477	101.74	1.242	0	1.23	236.2	0	0	2.13	0.15	0	0.361	0.384	0.391	0.395	0.433	-4.5	-0.1	-0.1	1.464	3.061	2.844	3.601	4.055	14.100000000000001	14.4	14.95	17.55	18.7	NA
2026-01-02 02:15:00	-91.7134	29.9604	0	8.32	11.8	89.51188174866887	101.73	1.239	0	1.08	225.5	0	0	2.18	0.14	0	0.361	0.384	0.391	0.395	0.433	-4.5	-0.1	-0.1	1.461	3.062	2.838	3.602	4.055	14	14.3	14.95	17.55	18.7	NA
2026-01-02 02:30:00	-91.7134	29.9604	0	8.54	11.8	90.59556070446389	101.71	1.254	0	1.02	223.5	0	0	2.14	0.13	0	0.36	0.384	0.391	0.395	0.433	-4.6	-0.1	-0.1	1.462	3.062	2.844	3.602	4.055	13.95	14.3	14.95	17.55	18.7	NA
2026-01-02 02:45:00	-91.7134	29.9604	0	8.99	11.9	90.93243713769941	101.7	1.267	0	1.17	224.2	0	0	2.63	0.13	0	0.36	0.384	0.391	0.395	0.433	-4.7	-0.1	-0.1	1.463	3.057	2.844	3.604	4.054	13.85	14.3	15	17.45	18.7	NA
2026-01-02 03:00:00	-91.7134	29.9604	0	8.97	12	90.83365288971392	101.7	1.274	0	1.29	226	0	0	2.95	0.12	0	0.36	0.384	0.391	0.395	0.433	-4.8	-0.1	-0.1	1.46	3.065	2.837	3.604	4.056	13.85	14.2	15	17.45	18.7	NA
2026-01-02 03:15:00	-91.7134	29.9604	0	9.21	12	90.83365288971392	101.7	1.274	0	1.28	226.7	0	0	2.4	0.12	0	0.36	0.384	0.391	0.395	0.433	-4.9	-0.1	-0.1	1.46	3.058	2.844	3.603	4.056	13.75	14.2	15	17.45	18.7	NA
2026-01-02 03:30:00	-91.7134	29.9604	0	10.08	12.2	91.05185303851195	101.69	1.294	0	1.38	215.4	0	0	2.47	0.13	0	0.36	0.384	0.391	0.395	0.433	-5	-0.1	-0.1	1.461	3.058	2.836	3.604	4.056	13.75	14.2	15.05	17.45	18.7	NA
2026-01-02 03:45:00	-91.7134	29.9604	0	10.68	12.3	91.92259683533103	101.68	1.315	0	1.56	219.8	0	0	2.71	0.12	0	0.36	0.384	0.391	0.395	0.433	-5	-0.1	-0.1	1.458	3.06	2.842	3.604	4.056	13.65	14.1	15.05	17.45	18.7	NA
2026-01-02 04:00:00	-91.7134	29.9604	0	10.94	12.5	91.68798249492828	101.67	1.329	0	1.63	208.9	0	0	3.89	0.12	0	0.36	0.384	0.391	0.395	0.433	-5	-0.1	-0.1	1.458	3.06	2.842	3.605	4.056	13.65	14.1	15.05	17.45	18.7	NA
2026-01-02 04:15:00	-91.7134	29.9604	0	11.27	12.7	91.71810426480671	101.65	1.347	0	1.79	207.7	0	0	3.48	0.12	0	0.36	0.384	0.391	0.395	0.433	-5	-0.1	-0.1	1.458	3.06	2.842	3.604	4.046	13.65	14.1	15.05	17.45	18.7	NA
2026-01-02 04:30:00	-91.7134	29.9604	0	11.44	12.9	91.33055180132365	101.64	1.359	0	1.87	217.3	0	0	3.4	0.12	0	0.36	0.384	0.391	0.395	0.433	-5	-0.1	-0.1	1.458	3.061	2.841	3.605	4.047	13.600000000000001	14.1	15.05	17.45	18.7	NA
2026-01-02 04:45:00	-91.7134	29.9604	0	11.33	13	91.73632612777106	101.62	1.374	0	1.68	212.5	0	0	3.42	0.12	0	0.36	0.384	0.391	0.395	0.433	-5	-0.1	-0.1	1.458	3.062	2.842	3.605	4.053	13.600000000000001	14.1	15.05	17.45	18.7	NA
2026-01-02 05:00:00	-91.7134	29.9604	0	11.38	13.1	91.60275703722328	101.62	1.381	0	2	218.7	0	0	3.51	0.13	0	0.36	0.384	0.391	0.395	0.433	-5.1	-0.1	-0.1	1.458	3.064	2.835	3.596	4.054	13.600000000000001	14	15.05	17.45	18.7	NA
2026-01-02 05:15:00	-91.7134	29.9604	0	11.78	13.4	90.99697206062852	101.6	1.399	0	2.26	215.9	0	0	4.2	0.14	0	0.36	0.384	0.391	0.395	0.433	-5.1	-0.1	-0.1	1.455	3.063	2.835	3.597	4.055	13.600000000000001	14	15.1	17.45	18.7	NA
2026-01-02 05:30:00	-91.7134	29.9604	0	11.88	13.6	90.78195059110328	101.58	1.414	0	2.18	215.5	0	0	3.67	0.14	0	0.36	0.384	0.391	0.395	0.433	-5.1	-0.1	-0.1	1.455	3.064	2.835	3.597	4.055	13.600000000000001	14	15.1	17.45	18.7	NA
2026-01-02 05:45:00	-91.7134	29.9604	0	11.57	13.7	90.00174567116713	101.56	1.411	0	1.95	214.4	0	0	3.41	0.16	0	0.36	0.384	0.391	0.395	0.433	-5.1	-0.1	-0.1	1.452	3.064	2.835	3.597	4.055	13.600000000000001	14	15.1	17.45	18.7	NA
2026-01-02 06:00:00	-91.7134	29.9604	0	11.58	13.7	89.42767358680106	101.54	1.402	0	2.1	218.2	0	0	3.6	0.17	0	0.36	0.384	0.391	0.395	0.433	-5.2	-0.1	-0.1	1.452	3.065	2.835	3.605	4.054	13.600000000000001	14	15.1	17.45	18.7	NA
2026-01-02 06:15:00	-91.7134	29.9604	0	12.07	13.9	88.71341557904216	101.54	1.409	0	1.96	220.1	0	0	3.39	0.18	0	0.36	0.384	0.391	0.395	0.433	-5.2	-0.1	-0.1	1.451	3.064	2.835	3.604	4.055	13.600000000000001	14	15.1	17.45	18.7	NA
2026-01-02 06:30:00	-91.7134	29.9604	0	12.28	14.1	88.4395609962914	101.53	1.423	0	1.9	217.7	0	0	3.1	0.19	0	0.36	0.383	0.391	0.395	0.433	-5.2	-0.1	-0.1	1.455	3.065	2.835	3.592	4.055	13.600000000000001	14	15.1	17.45	18.7	NA
2026-01-02 06:45:00	-91.7134	29.9604	0	12.64	14.2	88.23867010533547	101.51	1.429	0	1.9	214.2	0	0	3.22	0.19	0	0.36	0.384	0.391	0.395	0.433	-5.2	-0.1	-0.1	1.451	3.065	2.835	3.607	4.055	13.600000000000001	14	15.1	17.45	18.7	NA
2026-01-02 07:00:00	-91.7134	29.9604	0	12.32	14.4	87.3473472931543	101.5	1.433	0	2.03	222.9	0	0	4.32	0.2	0	0.36	0.384	0.391	0.395	0.433	-5.2	-0.1	-0.1	1.453	3.065	2.835	3.599	4.057	13.65	14	15.1	17.45	18.7	NA
2026-01-02 07:15:00	-91.7134	29.9604	0	11.87	14.2	88.05342447180432	101.5	1.426	0	1.98	222	0	0	3.62	0.2	0	0.36	0.383	0.391	0.395	0.433	-5.3	-0.1	-0.1	1.454	3.059	2.835	3.599	4.055	13.65	14	15.1	17.45	18.7	NA
2026-01-02 07:30:00	-91.7134	29.9604	0	12.02	14.2	87.99167592729394	101.48	1.425	0	1.93	218.9	0	0	3.8	0.19	0	0.36	0.383	0.391	0.395	0.433	-5.3	-0.1	-0.1	1.454	3.067	2.835	3.607	4.056	13.65	14	15.1	17.4	18.7	NA
2026-01-02 07:45:00	-91.7134	29.9604	0	12.08	13.9	89.2800733080779	101.47	1.418	0	1.21	215.1	0	0	2.47	0.17	0	0.36	0.383	0.391	0.395	0.433	-5.3	-0.1	-0.1	1.451	3.066	2.835	3.607	4.055	13.65	14	15.1	17.4	18.7	NA
2026-01-02 08:00:00	-91.7134	29.9604	0	12.49	14	89.07767242193526	101.48	1.424	0	1.18	216.5	0	0	1.96	0.17	0	0.36	0.383	0.391	0.395	0.433	-5.3	-0.1	-0.1	1.45	3.067	2.835	3.607	4.056	13.65	14	15.1	17.4	18.7	NA
2026-01-02 08:15:00	-91.7134	29.9604	0	11.89	13.9	89.09118739839933	101.46	1.415	0	1.04	214.3	0	0	2.43	0.17	0	0.36	0.383	0.391	0.395	0.433	-5.3	-0.1	-0.1	1.451	3.067	2.835	3.609	4.056	13.65	14	15.1	17.35	18.7	NA
2026-01-02 08:30:00	-91.7134	29.9604	0	12.34	13.9	89.34303527797078	101.45	1.419	0	1.04	209.4	0	0	2.21	0.17	0	0.36	0.383	0.391	0.395	0.433	-5.3	-0.1	-0.1	1.451	3.067	2.834	3.609	4.056	13.65	14	15.1	17.35	18.7	NA
2026-01-02 08:45:00	-91.7134	29.9604	0	12.49	14	89.39044514813588	101.42	1.429	0	1.21	211.6	0	0	2.34	0.17	0	0.36	0.383	0.391	0.395	0.433	-5.3	-0.1	-0.1	1.451	3.067	2.835	3.609	4.057	13.65	14	15.1	17.35	18.7	NA
2026-01-02 09:00:00	-91.7134	29.9604	0	12.31	14.1	89.24751201031233	101.4	1.436	0	1.57	215.8	0	0	2.79	0.17	0	0.36	0.383	0.391	0.395	0.433	-5.3	-0.1	-0.1	1.453	3.067	2.835	3.608	4.056	13.7	14	15.1	17.35	18.7	NA
2026-01-02 09:15:00	-91.7134	29.9604	0	12.3	14.2	88.97965263946004	101.38	1.441	0	1.66	208.5	0	0	3.45	0.18	0	0.36	0.383	0.391	0.395	0.433	-5.4	-0.1	-0.1	1.454	3.067	2.835	3.61	4.056	13.7	14	15.1	17.35	18.7	NA
2026-01-02 09:30:00	-91.7134	29.9604	0	12.84	14.4	88.4445226255177	101.37	1.451	0	1.82	213.3	0	0	4.5	0.18	0	0.36	0.383	0.391	0.395	0.433	-5.4	-0.1	-0.1	1.454	3.067	2.835	3.61	4.056	13.7	14	15.1	17.35	18.7	NA
2026-01-02 09:45:00	-91.7134	29.9604	0	13.34	14.6	88.57212689423378	101.36	1.472	0	1.73	215.2	0	0	3.31	0.19	0	0.36	0.383	0.391	0.395	0.433	-5.4	-0.1	-0.1	1.451	3.067	2.835	3.61	4.056	13.7	14	15.1	17.35	18.7	NA
2026-01-02 10:00:00	-91.7134	29.9604	0	13.44	14.6	89.05349714909374	101.35	1.48	0	1.46	214.1	0	0	2.81	0.18	0	0.36	0.383	0.391	0.395	0.433	-5.5	-0.1	-0.1	1.452	3.067	2.835	3.61	4.055	13.7	14	15.1	17.35	18.7	NA
2026-01-02 10:15:00	-91.7134	29.9604	0	13.18	14.5	89.26737526332666	101.32	1.474	0	1.61	212.5	0	0	2.91	0.18	0	0.36	0.383	0.391	0.395	0.433	-5.5	-0.1	-0.1	1.452	3.067	2.835	3.61	4.057	13.75	14	15.1	17.35	18.7	NA
2026-01-02 10:30:00	-91.7134	29.9604	0	13.24	14.6	88.57212689423378	101.3	1.472	0	1.66	214.9	0	0	3.25	0.19	0	0.36	0.383	0.391	0.395	0.433	-5.5	-0.1	-0.1	1.452	3.068	2.835	3.601	4.059	13.75	14	15.1	17.35	18.6	NA
2026-01-02 10:45:00	-91.7134	29.9604	0	13.18	14.7	88.24128621256651	101.29	1.476	0	1.59	211.7	0	0	3.3	0.2	0	0.36	0.383	0.391	0.395	0.433	-5.5	-0.1	-0.1	1.452	3.068	2.835	3.609	4.058	13.75	14	15.1	17.35	18.6	NA
2026-01-02 11:00:00	-91.7134	29.9604	0	13.42	14.8	87.91148592425382	101.28	1.48	0	1.72	213.4	0	0	3.64	0.2	0	0.36	0.383	0.391	0.395	0.433	-5.5	-0.1	-0.1	1.452	3.068	2.835	3.61	4.058	13.75	14	15.1	17.35	18.6	NA
2026-01-02 11:15:00	-91.7134	29.9604	0	13.58	14.9	87.9368346015218	101.27	1.49	0	1.97	211.2	0	0	3.73	0.2	0	0.359	0.383	0.391	0.395	0.433	-5.5	-0.1	-0.1	1.45	3.066	2.835	3.611	4.058	13.85	14.1	15.1	17.35	18.6	NA
2026-01-02 11:30:00	-91.7134	29.9604	0	14.09	15.1	87.91880248347876	101.27	1.509	0	1.87	214.7	0	0	4.05	0.21	0	0.359	0.383	0.391	0.395	0.433	-5.5	-0.1	-0.1	1.447	3.067	2.835	3.61	4.058	13.85	14.1	15.1	17.35	18.6	NA
2026-01-02 11:45:00	-91.7134	29.9604	0	14.29	15.2	88.22360405763055	101.28	1.524	0	1.61	223.8	0	0	3.3	0.2	0	0.36	0.383	0.391	0.395	0.433	-5.5	-0.1	-0.1	1.445	3.065	2.834	3.611	4.057	13.85	14.1	15.1	17.35	18.6	NA
2026-01-02 12:00:00	-91.7134	29.9604	0	14.17	15.2	89.49717314507664	101.27	1.546	0	1.58	222.5	0	0	2.98	0.19	0	0.36	0.383	0.391	0.395	0.433	-5.6	-0.1	-0.1	1.448	3.066	2.834	3.61	4.058	13.9	14.1	15.1	17.35	18.6	NA
2026-01-02 12:15:00	-91.7134	29.9604	0	14.17	15.4	89.78364905514704	101.26	1.571	0	1.49	207.1	0	0	3.07	0.18	0	0.36	0.383	0.391	0.395	0.433	-5.6	-0.1	-0.1	1.447	3.073	2.834	3.611	4.058	13.9	14.1	15.1	17.35	18.6	NA
2026-01-02 12:30:00	-91.7134	29.9604	0	14.59	15.6	90.38859623201877	101.26	1.602	0	1.77	216.2	0	0	3.45	0.17	0	0.36	0.383	0.391	0.395	0.433	-5.6	-0.1	-0.1	1.451	3.066	2.835	3.611	4.058	13.9	14.1	15.1	17.35	18.6	NA
2026-01-02 12:45:00	-91.7134	29.9604	0	14.82	15.7	91.15699598108675	101.26	1.626	0	1.66	207.6	0	0	3.02	0.16	0	0.36	0.383	0.391	0.395	0.433	-5.6	-0.1	-0.1	1.447	3.067	2.834	3.602	4.059	14	14.1	15.1	17.35	18.6	NA
2026-01-02 13:00:00	-91.7134	29.9604	0	14.27	15.6	92.08126657344232	101.26	1.632	0	1.46	210.6	0	0	3.23	0.14	0	0.36	0.383	0.391	0.395	0.433	-5.6	-0.1	-0.1	1.447	3.066	2.834	3.61	4.057	14	14.2	15.1	17.35	18.6	NA
2026-01-02 13:15:00	-91.7134	29.9604	0	13.95	15.5	92.3327005989399	101.26	1.626	2	1.5	217.6	0	0	2.55	0.13	0	0.359	0.383	0.391	0.395	0.433	-5.7	-0.1	-0.1	1.448	3.066	2.834	3.602	4.06	14	14.2	15.1	17.35	18.6	NA
2026-01-02 13:30:00	-91.7134	29.9604	0	15.09	16	91.89969975217441	101.25	1.671	11.1	1.92	225.1	0	0	4.82	0.15	0	0.359	0.383	0.391	0.395	0.433	-5.6	-0.1	-0.1	1.442	3.072	2.833	3.611	4.059	14.05	14.2	15.149999999999999	17.35	18.6	0.76
2026-01-02 13:45:00	-91.7134	29.9604	0	15.64	16.8	91.62153256695082	101.24	1.753	24.6	2.53	227.7	0	0	5.11	0.16	0	0.359	0.383	0.391	0.395	0.433	-5.7	-0.1	-0.1	1.442	3.065	2.833	3.603	4.06	14.05	14.2	15.149999999999999	17.35	18.6	0.778
2026-01-02 14:00:00	-91.7134	29.9604	0	16.59	17	93.20187043957972	101.25	1.806	51.6	2.36	223.6	0	0	4.62	0.13	0	0.359	0.383	0.391	0.394	0.433	-5.6	-0.1	-0.1	1.441	3.065	2.833	3.604	4.058	14.1	14.2	15.149999999999999	17.35	18.6	0.792
2026-01-02 14:15:00	-91.7134	29.9604	0	17.91	17.8	93.85841484829257	101.23	1.913	80.2	2.66	225.2	0	0	4.99	0.13	0	0.359	0.383	0.391	0.395	0.433	-5.7	-0.1	-0.1	1.44	3.071	2.833	3.603	4.058	14.149999999999999	14.2	15.149999999999999	17.35	18.6	0.789
2026-01-02 14:30:00	-91.7134	29.9604	0	17.71	18.4	91.5201066495922	101.23	1.937	55.6	3.35	234.9	0	0	5.99	0.18	0	0.359	0.383	0.391	0.394	0.433	-5.7	-0.1	-0.1	1.444	3.071	2.833	3.612	4.058	14.2	14.3	15.149999999999999	17.35	18.6	0.79
2026-01-02 14:45:00	-91.7134	29.9604	0	19.61	19.1	91.21992880864502	101.22	2.017	152	3.64	231.3	0	0	6.63	0.19	0	0.359	0.383	0.391	0.394	0.433	-5.7	-0.1	-0.1	1.443	3.071	2.833	3.604	4.057	14.2	14.3	15.149999999999999	17.35	18.6	0.788
2026-01-02 15:00:00	-91.7134	29.9604	0	19.23	19.5	89.46216428133393	101.22	2.028	120.9	3.56	229.5	0	0	7.15	0.23	0	0.359	0.383	0.391	0.394	0.433	-5.7	-0.1	-0.1	1.443	3.071	2.832	3.604	4.058	14.350000000000001	14.3	15.149999999999999	17.35	18.6	0.799
2026-01-02 15:15:00	-91.7134	29.9604	0	19.6	19.9	87.4842914125702	101.23	2.033	127.8	3.58	230.4	0	0	7.33	0.29	0	0.359	0.383	0.391	0.394	0.433	-5.8	-0.1	-0.1	1.442	3.069	2.833	3.604	4.06	14.4	14.4	15.149999999999999	17.35	18.6	0.776
2026-01-02 15:30:00	-91.7134	29.9604	0	20.61	20.5	86.53857507370778	101.24	2.087	169.8	3.93	229.8	0	0	8.22	0.32	0	0.359	0.383	0.391	0.394	0.433	-5.8	-0.1	-0.1	1.441	3.069	2.833	3.613	4.058	14.5	14.4	15.149999999999999	17.35	18.6	0.777
2026-01-02 15:45:00	-91.7134	29.9604	0	20.66	20.8	85.72767255714331	101.25	2.106	158.6	4.07	233.5	0	0	10.13	0.35	0	0.359	0.383	0.391	0.394	0.433	-5.8	-0.1	-0.1	1.444	3.068	2.833	3.604	4.058	14.600000000000001	14.4	15.149999999999999	17.35	18.6	0.776
2026-01-02 16:00:00	-91.7134	29.9604	0	21.28	21.1	85.2008397127554	101.25	2.132	195.8	4.09	231.5	0	0	7.7	0.37	0	0.359	0.383	0.391	0.394	0.433	-5.8	-0.1	-0.1	1.45	3.068	2.833	3.605	4.049	14.7	14.5	15.149999999999999	17.299999999999997	18.6	0.769
2026-01-02 16:15:00	-91.7134	29.9604	0	21.47	21.4	84.1189866708793	101.25	2.144	190	4.28	236.3	0	0	8.3	0.4	0	0.359	0.383	0.391	0.394	0.433	-5.8	-0.1	-0.1	1.454	3.074	2.833	3.604	4.05	14.85	14.6	15.149999999999999	17.299999999999997	18.6	0.771
2026-01-02 16:30:00	-91.7134	29.9604	0	21.78	21.6	83.52218759200606	101.25	2.155	207	4.9	237.4	0	0	10.15	0.42	0	0.358	0.383	0.391	0.394	0.433	-5.8	-0.1	-0.1	1.453	3.073	2.833	3.615	4.049	14.95	14.6	15.149999999999999	17.25	18.6	0.765
2026-01-02 16:45:00	-91.7134	29.9604	0	22.26	21.7	83.51406236693279	101.24	2.168	214.8	3.91	236.4	0	0	7.84	0.43	0	0.358	0.383	0.391	0.394	0.433	-5.8	-0.1	-0.1	1.453	3.071	2.84	3.614	4.049	15.100000000000001	14.7	15.149999999999999	17.25	18.6	0.768
2026-01-02 17:00:00	-91.7134	29.9604	0	22.48	22.1	82.70398933498707	101.21	2.2	255.6	5.69	240	0	0	11.78	0.45	0	0.359	0.383	0.391	0.394	0.433	-5.9	-0.1	-0.1	1.453	3.07	2.833	3.606	4.05	15.25	14.8	15.2	17.25	18.6	0.748
2026-01-02 17:15:00	-91.7134	29.9604	0	23.53	22.4	82.46334610193529	101.19	2.234	340.4	5.82	242.6	0	0	10.41	0.47	0	0.359	0.383	0.391	0.394	0.433	-5.9	-0.1	-0.1	1.453	3.069	2.834	3.615	4.049	15.4	14.9	15.2	17.25	18.6	0.74
2026-01-02 17:30:00	-91.7134	29.9604	0	24.68	22.8	81.6390870894263	101.16	2.266	448.7	6.01	242.7	0	0	12.6	0.51	0	0.358	0.383	0.391	0.394	0.433	-5.9	-0.1	-0.1	1.453	3.068	2.834	3.607	4.048	15.55	14.9	15.2	17.25	18.6	0.733
2026-01-02 17:45:00	-91.7134	29.9604	0	22.81	22.5	80.78991827903293	101.14	2.202	225.3	6.11	245.8	0	0	13.42	0.52	0	0.358	0.383	0.391	0.394	0.433	-5.9	-0.1	-0.1	1.453	3.074	2.834	3.606	4.05	15.7	15	15.2	17.25	18.6	0.764
2026-01-02 18:00:00	-91.7134	29.9604	0	23.07	22.5	80.97336495995717	101.11	2.207	267.3	7.1	247.7	0	0	13.24	0.52	0	0.358	0.383	0.391	0.394	0.433	-5.9	-0.1	-0.1	1.451	3.066	2.833	3.608	4.048	15.8	15.1	15.25	17.25	18.6	0.761
2026-01-02 18:15:00	-91.7134	29.9604	0	22.34	22.3	81.85200780076562	101.08	2.204	181.8	6.88	244.2	0	0	11.32	0.49	0	0.358	0.383	0.391	0.394	0.433	-5.9	-0.1	-0.1	1.453	3.071	2.833	3.608	4.048	15.95	15.2	15.25	17.25	18.6	0.772
2026-01-02 18:30:00	-91.7134	29.9604	0	22.9	22.3	81.85200780076562	101.04	2.204	255.9	6.53	242.3	0	0	12.9	0.48	0	0.358	0.383	0.391	0.394	0.433	-6	-0.1	-0.1	1.449	3.069	2.84	3.607	4.049	16.1	15.3	15.25	17.25	18.6	0.763
2026-01-02 18:45:00	-91.7134	29.9604	0.834	21.96	19.9	96.69316419284075	100.99	2.247	334.1	5.72	237.3	0	0	12.71	0.08	0.032	0.359	0.383	0.391	0.394	0.433	-6	-0.1	-0.1	1.447	3.08	2.84	3.607	4.058	16.15	15.4	15.25	17.25	18.6	0.779
2026-01-02 19:00:00	-91.7134	29.9604	0.034	21.17	20.2	95.59059559136176	100.97	2.263	157.2	6.28	249.5	0	0	12.47	0.1	0	0.359	0.383	0.391	0.394	0.433	-6	-0.1	-0.1	1.448	3.085	2.84	3.607	4.06	16.3	15.5	15.25	17.25	18.6	0.783
2026-01-02 19:15:00	-91.7134	29.9604	0.017	20.82	21.1	88.71757230877908	100.94	2.22	136.7	4.95	239.4	0	0	10.43	0.29	0	0.359	0.383	0.391	0.394	0.433	-6	-0.1	-0.1	1.45	3.083	2.839	3.606	4.059	16.4	15.6	15.25	17.25	18.6	0.782
2026-01-02 19:30:00	-91.7134	29.9604	0.051	22.28	21.9	87.79010352963672	100.9	2.307	324.5	5.72	245.5	0	0	10.96	0.32	0	0.359	0.383	0.391	0.394	0.433	-6	-0.1	-0.1	1.449	3.08	2.839	3.607	4.059	16.5	15.6	15.25	17.25	18.6	0.787
2026-01-02 19:45:00	-91.7134	29.9604	0.017	23.4	22.7	87.60859829633056	100.88	2.417	469.9	6.83	244.3	0	0	12.99	0.34	0	0.359	0.384	0.391	0.394	0.433	-6.1	-0.1	-0.1	1.447	3.084	2.837	3.608	4.059	16.55	15.7	15.3	17.25	18.6	0.782
2026-01-02 20:00:00	-91.7134	29.9604	0	23.4	22.7	87.68109196475946	100.86	2.419	447.1	7.13	247.8	0	0	12.84	0.34	0	0.359	0.384	0.391	0.394	0.433	-6	-0.1	-0.1	1.447	3.072	2.837	3.609	4.059	16.65	15.8	15.350000000000001	17.25	18.5	0.776
2026-01-02 20:15:00	-91.7134	29.9604	0	23.63	22.9	87.23398128345927	100.85	2.436	430.2	6.75	243.3	0	0	12.46	0.36	0	0.359	0.384	0.391	0.394	0.433	-6	-0.1	-0.1	1.45	3.078	2.843	3.609	4.061	16.799999999999997	15.9	15.350000000000001	17.25	18.5	0.775
2026-01-02 20:30:00	-91.7134	29.9604	0	23.42	23.1	85.8666652735546	100.83	2.427	388.7	7.26	245.2	0	0	12.52	0.39	0	0.359	0.384	0.391	0.394	0.433	-6.1	-0.1	-0.1	1.454	3.077	2.843	3.609	4.061	16.950000000000003	16	15.350000000000001	17.25	18.5	0.774
2026-01-02 20:45:00	-91.7134	29.9604	0	23.12	22.8	85.92640013604664	100.85	2.385	314.7	6.81	244.7	0	0	12.51	0.38	0	0.359	0.384	0.391	0.394	0.433	-6.1	-0.1	-0.1	1.456	3.076	2.845	3.608	4.06	17.049999999999997	16	15.350000000000001	17.25	18.5	0.774
2026-01-02 21:00:00	-91.7134	29.9604	0	22.69	22.5	87.28393078375083	100.85	2.379	254.8	6.3	250.4	0	0	11.59	0.35	0	0.359	0.384	0.391	0.394	0.433	-6.2	-0.1	-0.1	1.457	3.075	2.843	3.609	4.061	17.15	16.1	15.4	17.25	18.5	0.773
2026-01-02 21:15:00	-91.7134	29.9604	0	22.67	22.5	86.47676538768421	100.83	2.357	251.1	6.46	249.6	0	0	11.61	0.36	0	0.359	0.384	0.391	0.394	0.432	-6.2	-0.1	-0.1	1.455	3.073	2.845	3.609	4.063	17.200000000000003	16.2	15.4	17.25	18.5	0.777
2026-01-02 21:30:00	-91.7134	29.9604	0	21.92	22.3	86.71707722993999	100.81	2.335	124.2	5.82	252.1	0	0	10.14	0.35	0	0.359	0.384	0.391	0.394	0.433	-6.2	-0.1	-0.1	1.454	3.072	2.844	3.609	4.05	17.299999999999997	16.2	15.4	17.25	18.5	0.776
2026-01-02 21:45:00	-91.7134	29.9604	0	21.55	22.1	87.17752330356136	100.81	2.319	83.2	5.75	252.9	0	0	10.1	0.34	0	0.359	0.384	0.391	0.394	0.433	-6.2	-0.1	-0.1	1.457	3.072	2.845	3.609	4.051	17.299999999999997	16.3	15.45	17.25	18.5	0.775
2026-01-02 22:00:00	-91.7134	29.9604	0	21.53	21.8	88.28916894969042	100.8	2.306	109	5.34	262.2	0	0	9.83	0.31	0	0.359	0.384	0.391	0.394	0.433	-6.2	-0.1	-0.1	1.454	3.069	2.843	3.609	4.06	17.35	16.4	15.5	17.25	18.5	0.78
2026-01-02 22:15:00	-91.7134	29.9604	0	21.04	21.5	89.25995934140352	100.81	2.289	117.6	5.47	247.3	0	0	10.26	0.27	0	0.359	0.384	0.391	0.394	0.433	-6.2	-0.1	-0.1	1.454	3.075	2.849	3.609	4.052	17.35	16.4	15.5	17.25	18.5	0.779
2026-01-02 22:30:00	-91.7134	29.9604	0	20.88	21.3	89.6492789495828	100.81	2.271	115.4	5.01	242.9	0	0	8.97	0.26	0	0.359	0.384	0.391	0.394	0.432	-6.2	-0.1	-0.1	1.454	3.073	2.849	3.609	4.064	17.4	16.5	15.5	17.25	18.5	0.784
2026-01-02 22:45:00	-91.7134	29.9604	0	20.26	20.9	90.90651474186961	100.82	2.247	40.4	4.44	244.2	0	0	8.72	0.22	0	0.359	0.384	0.391	0.394	0.433	-6.2	-0.1	-0.1	1.455	3.073	2.848	3.609	4.061	17.35	16.5	15.5	17.25	18.5	0.792
2026-01-02 23:00:00	-91.7134	29.9604	0	19.84	20.6	91.52903850122973	100.81	2.221	26.4	4.47	243.2	0	0	8.06	0.21	0	0.359	0.384	0.391	0.394	0.433	-6.2	-0.1	-0.1	1.452	3.07	2.847	3.609	4.051	17.35	16.6	15.6	17.25	18.5	0.786
2026-01-02 23:15:00	-91.7134	29.9604	0	19.8	20.5	91.92909484351227	100.81	2.217	5.8	4.16	251.3	0	0	7.58	0.19	0	0.359	0.384	0.391	0.394	0.432	-6.3	-0.1	-0.1	1.452	3.07	2.847	3.609	4.062	17.35	16.6	15.6	17.25	18.5	NA
2026-01-02 23:30:00	-91.7134	29.9604	0	19.5	20.4	92.58137357587918	100.81	2.219	0	4.21	243.3	0	0	7.53	0.18	0	0.359	0.384	0.391	0.394	0.433	-6.3	-0.1	-0.1	1.453	3.07	2.848	3.609	4.049	17.35	16.6	15.6	17.25	18.5	NA
2026-01-02 23:45:00	-91.7134	29.9604	0	19.53	20.4	93.1654831883453	100.8	2.233	0	4.28	248.6	0	0	8.37	0.17	0	0.359	0.385	0.391	0.394	0.433	-6.3	-0.1	-0.1	1.45	3.068	2.846	3.609	4.05	17.3	16.6	15.6	17.25	18.5	NA
2026-01-03 00:00:00	-91.7134	29.9604	0	19.25	20.5	92.88280218740077	100.81	2.24	0	4.6	250.2	0	0	9.26	0.17	0	0.359	0.385	0.391	0.394	0.433	-6.4	-0.1	-0.1	1.454	3.074	2.852	3.609	4.051	17.3	16.7	15.7	17.25	18.5	NA
2026-01-03 00:15:00	-91.7134	29.9604	0	19.28	20.4	93.62442645528299	100.81	2.244	0	4.49	249.9	0	0	7.53	0.16	0	0.359	0.385	0.391	0.394	0.432	-6.4	-0.1	-0.1	1.454	3.074	2.852	3.609	4.053	17.25	16.7	15.7	17.25	18.5	NA
2026-01-03 00:30:00	-91.7134	29.9604	0	19.23	20.4	93.99992549186832	100.82	2.253	0	4.1	249.8	0	0	8.59	0.14	0	0.359	0.385	0.391	0.394	0.433	-6.4	-0.1	-0.1	1.451	3.074	2.845	3.609	4.052	17.25	16.7	15.7	17.25	18.5	NA
2026-01-03 00:45:00	-91.7134	29.9604	0	19.35	20.5	93.91944060467085	100.81	2.265	0	4.27	246.6	0	0	7.75	0.14	0	0.359	0.385	0.391	0.394	0.433	-6.4	-0.1	-0.1	1.451	3.074	2.851	3.609	4.051	17.2	16.7	15.75	17.25	18.5	NA
2026-01-03 01:00:00	-91.7134	29.9604	0	19.46	20.6	94.41378982724777	100.8	2.291	0	4.56	249.2	0	0	8.95	0.14	0	0.359	0.385	0.391	0.394	0.433	-6.4	-0.1	-0.1	1.451	3.074	2.85	3.609	4.052	17.15	16.7	15.75	17.25	18.5	NA
2026-01-03 01:15:00	-91.7134	29.9604	0	19.53	20.7	94.57130903762989	100.81	2.309	0	4.73	248.3	0	0	9.35	0.14	0	0.359	0.385	0.391	0.394	0.433	-6.4	-0.1	-0.1	1.452	3.074	2.849	3.617	4.052	17.1	16.7	15.8	17.25	18.5	NA
2026-01-03 01:30:00	-91.7134	29.9604	0	19.55	20.7	94.98088594987601	100.81	2.319	0	4.84	250.5	0	0	9.22	0.12	0	0.358	0.385	0.391	0.394	0.433	-6.4	-0.1	-0.1	1.45	3.074	2.856	3.617	4.052	17.1	16.7	15.8	17.25	18.5	NA
2026-01-03 01:45:00	-91.7134	29.9604	0	19.46	20.6	95.19679375859552	100.81	2.31	0	4.54	248.9	0	0	8.7	0.12	0	0.358	0.385	0.391	0.394	0.433	-6.4	-0.1	-0.1	1.45	3.073	2.854	3.61	4.052	17.1	16.7	15.850000000000001	17.25	18.5	NA
2026-01-03 02:00:00	-91.7134	29.9604	0	19.46	20.6	95.40284742473966	100.82	2.315	0	3.83	243.4	0	0	7.36	0.11	0	0.359	0.385	0.391	0.394	0.432	-6.4	-0.1	-0.1	1.452	3.073	2.854	3.609	4.053	17.1	16.7	15.850000000000001	17.25	18.5	NA
2026-01-03 02:15:00	-91.7134	29.9604	0	19.55	20.6	95.7325332905703	100.82	2.323	0	4.2	251.1	0	0	8.8	0.11	0	0.359	0.385	0.391	0.394	0.433	-6.4	-0.1	-0.1	1.452	3.073	2.854	3.61	4.051	17.1	16.7	15.9	17.25	18.5	NA
2026-01-03 02:30:00	-91.7134	29.9604	0	19.61	20.8	95.13085031626018	100.84	2.337	0	4.35	245.8	0	0	8.56	0.11	0	0.359	0.385	0.391	0.394	0.432	-6.4	-0.1	-0.1	1.45	3.072	2.854	3.617	4.054	17.049999999999997	16.7	15.9	17.25	18.5	NA
2026-01-03 02:45:00	-91.7134	29.9604	0	19.49	20.6	96.0210084231721	100.85	2.33	0	4	247.8	0	0	7.13	0.1	0	0.358	0.385	0.391	0.394	0.432	-6.5	-0.1	-0.1	1.45	3.073	2.853	3.61	4.053	17.049999999999997	16.7	15.95	17.25	18.5	NA
2026-01-03 03:00:00	-91.7134	29.9604	0	19.61	20.6	96.1446406228586	100.86	2.333	0	4.3	251.1	0	0	7.92	0.09	0	0.358	0.385	0.391	0.394	0.433	-6.5	-0.1	-0.1	1.45	3.073	2.852	3.609	4.052	17.049999999999997	16.7	15.95	17.25	18.5	NA
2026-01-03 03:15:00	-91.7134	29.9604	0	19.62	20.6	96.30948355577392	100.86	2.337	0	4.7	252.5	0	0	8.23	0.09	0	0.358	0.385	0.391	0.394	0.432	-6.6	-0.1	-0.1	1.457	3.073	2.852	3.61	4.053	17.049999999999997	16.7	15.95	17.25	18.5	NA
2026-01-03 03:30:00	-91.7134	29.9604	0	19.87	20.5	96.90495924640875	100.87	2.337	0	4.63	252.4	0	0	10.02	0.07	0	0.359	0.385	0.391	0.394	0.432	-6.6	-0.1	-0.1	1.456	3.072	2.852	3.61	4.054	17.049999999999997	16.7	16	17.25	18.5	NA
2026-01-03 03:45:00	-91.7134	29.9604	0	19.83	20.3	97.94046535658588	100.89	2.333	0	3.79	254.6	0	0	7.07	0.05	0	0.358	0.385	0.391	0.394	0.432	-6.6	-0.1	-0.1	1.46	3.073	2.857	3.609	4.053	17.049999999999997	16.7	16	17.25	18.5	NA
2026-01-03 04:00:00	-91.7134	29.9604	0	19.7	20.1	98.39360730883811	100.91	2.315	0	3.95	268.4	0	0	6.73	0.03	0	0.358	0.385	0.391	0.394	0.432	-6.6	-0.1	-0.1	1.456	3.072	2.85	3.61	4.053	17.1	16.7	16.05	17.25	18.5	NA
2026-01-03 04:15:00	-91.7134	29.9604	0	19.59	19.8	98.67986990202242	100.92	2.279	0	3.58	266.2	0	0	6.28	0.03	0	0.358	0.385	0.391	0.394	0.432	-6.6	-0.1	-0.1	1.457	3.072	2.856	3.609	4.053	17.1	16.7	16.05	17.25	18.5	NA
2026-01-03 04:30:00	-91.7134	29.9604	0	19.49	19.6	98.94757947275754	100.94	2.257	0	3.37	269.9	0	0	5.97	0.03	0	0.358	0.385	0.391	0.394	0.432	-6.6	-0.1	-0.1	1.46	3.073	2.849	3.609	4.053	17.1	16.7	16.05	17.25	18.5	NA
2026-01-03 04:45:00	-91.7134	29.9604	0	19.41	19.5	98.94656532693885	100.94	2.243	0	3.25	264.8	0	0	6.77	0.02	0	0.358	0.385	0.391	0.394	0.432	-6.6	-0.1	-0.1	1.459	3.073	2.856	3.61	4.053	17.1	16.7	16.05	17.25	18.5	NA
