2026-03-07 06:00:00	-91.1636	30.3734	0	22.1	22.6	94.0127739110301	101.85	2.578	0	0.87	165.7	0	0	3.32	0.15	0	0.405	0.384	0.417	0.41	0.412	-0.1	-0.1	-0.1	2.198	2.405	2.144	3.102	2.229	21.45	21.2	21.15	18.85	17.4	0.174
2026-03-07 06:15:00	-91.1636	30.3734	0	21.88	22.5	94.2182153226869	101.84	2.568	0	0.92	146.8	0	0	4.42	0.16	0	0.405	0.384	0.417	0.41	0.412	-0.1	-0.1	-0.1	2.198	2.405	2.144	3.102	2.229	21.4	21.2	21.15	18.85	17.4	0.176
2026-03-07 06:30:00	-91.1636	30.3734	0	21.68	22.4	94.23855084970491	101.83	2.553	0	0.93	175.4	0	0	2.86	0.16	0	0.405	0.384	0.417	0.41	0.412	-0.1	-0.1	-0.1	2.199	2.406	2.144	3.102	2.229	21.35	21.1	21.1	18.85	17.4	0.19
2026-03-07 06:45:00	-91.1636	30.3734	0	21.84	22.5	93.88801129702328	101.82	2.559	0	1.19	171.2	0	0	3.52	0.16	0	0.405	0.384	0.417	0.41	0.412	-0.1	-0.1	-0.1	2.198	2.406	2.145	3.102	2.229	21.35	21.1	21.1	18.85	17.4	0.173
2026-03-07 07:00:00	-91.1636	30.3734	0	21.9	22.4	94.75533099537508	101.81	2.567	0	1.44	177.9	0	0	3.59	0.15	0	0.405	0.384	0.417	0.41	0.412	-0.1	-0.1	-0.1	2.199	2.406	2.14	3.101	2.229	21.299999999999997	21.1	21.05	18.85	17.4	0.12
2026-03-07 07:15:00	-91.1636	30.3734	0	21.92	22.4	94.75533099537508	101.8	2.567	0	1.28	177.4	0	0	3.32	0.14	0	0.405	0.383	0.417	0.41	0.412	-0.1	-0.1	-0.1	2.2	2.408	2.145	3.101	2.229	21.25	21	21.05	18.85	17.4	0.157
2026-03-07 07:30:00	-91.1636	30.3734	0	21.97	22.4	95.12445967085372	101.79	2.577	0	1.24	173.3	0	0	4.25	0.14	0	0.405	0.383	0.417	0.41	0.412	-0.1	-0.1	-0.1	2.2	2.408	2.141	3.1	2.229	21.25	21	21.05	18.9	17.4	0.133
2026-03-07 07:45:00	-91.1636	30.3734	0	21.83	22.4	95.050633935758	101.77	2.575	0	1.12	173.2	0	0	3.03	0.14	0	0.405	0.383	0.417	0.41	0.412	-0.1	-0.1	-0.1	2.2	2.408	2.141	3.1	2.229	21.25	21	21	18.9	17.4	0.175
2026-03-07 08:00:00	-91.1636	30.3734	0	21.89	22.4	95.19828540594948	101.74	2.579	0	1.13	170.3	0	0	2.71	0.13	0	0.405	0.383	0.417	0.41	0.412	-0.1	-0.1	-0.1	2.201	2.408	2.146	3.1	2.229	21.15	21	21	18.9	17.4	0.133
2026-03-07 08:15:00	-91.1636	30.3734	0	21.98	22.4	95.27211114104522	101.73	2.581	0	1.07	178.7	0	0	3.08	0.13	0	0.405	0.383	0.417	0.41	0.412	-0.1	-0.1	-0.1	2.201	2.403	2.142	3.101	2.229	21.15	21	21	18.9	17.4	0.143
2026-03-07 08:30:00	-91.1636	30.3734	0	21.93	22.4	95.49358834633242	101.72	2.587	0	1.08	164.2	0	0	2.9	0.13	0	0.405	0.383	0.417	0.41	0.412	-0.1	-0.1	-0.1	2.201	2.404	2.142	3.1	2.229	21.15	20.9	20.95	18.9	17.4	0.111
2026-03-07 08:45:00	-91.1636	30.3734	0	21.9	22.4	95.34593687614094	101.7	2.583	0	1.01	175.6	0	0	2.96	0.12	0	0.405	0.383	0.417	0.41	0.412	-0.1	-0.1	-0.1	2.201	2.41	2.142	3.1	2.229	21.1	20.9	20.95	18.95	17.5	0.137
2026-03-07 09:00:00	-91.1636	30.3734	0	21.67	22.2	96.02689077864979	101.7	2.57	0	0.77	197.7	0	0	3.08	0.11	0	0.405	0.383	0.417	0.41	0.412	-0.1	-0.1	-0.1	2.202	2.405	2.143	3.1	2.228	21.05	20.9	20.9	18.95	17.5	0.151
2026-03-07 09:15:00	-91.1636	30.3734	0	21.49	22.1	96.01181307343496	101.69	2.554	0	0.85	195.9	0	0	2.25	0.11	0	0.405	0.383	0.417	0.41	0.412	-0.1	-0.1	-0.1	2.202	2.404	2.143	3.1	2.228	21.05	20.9	20.9	18.95	17.5	0.137
2026-03-07 09:30:00	-91.1636	30.3734	0	21.24	22	96.14471085666372	101.69	2.542	0	0.61	230.9	0	0	1.65	0.09	0	0.405	0.383	0.417	0.41	0.412	-0.1	-0.1	-0.1	2.202	2.411	2.143	3.099	2.228	21.05	20.9	20.9	18.95	17.5	0.137
2026-03-07 09:45:00	-91.1636	30.3734	0	21.63	22	96.25817825736002	101.7	2.545	0	0.65	227.8	0	0	1.6	0.09	0	0.405	0.383	0.417	0.41	0.412	-0.1	-0.1	-0.1	2.197	2.411	2.144	3.1	2.228	21	20.8	20.85	18.95	17.5	0.144
2026-03-07 10:00:00	-91.1636	30.3734	0	22	22.1	96.91403841163483	101.71	2.578	0	0.76	231	0	0	1.78	0.08	0	0.405	0.383	0.417	0.41	0.412	-0.1	-0.1	-0.1	2.198	2.411	2.144	3.099	2.228	20.95	20.8	20.85	18.95	17.5	0.121
2026-03-07 10:15:00	-91.1636	30.3734	0	21.74	22.1	97.0644093013348	101.72	2.582	0	0.41	217.9	0	0	1.13	0.07	0	0.405	0.383	0.417	0.41	0.412	-0.1	-0.1	-0.1	2.203	2.406	2.145	3.1	2.228	20.95	20.8	20.8	18.95	17.5	0.122
2026-03-07 10:30:00	-91.1636	30.3734	0	21.54	22.1	96.76366752193485	101.73	2.574	0	0.7	227.3	0	0	1.79	0.09	0	0.405	0.383	0.417	0.41	0.412	-0.1	-0.1	-0.1	2.203	2.405	2.14	3.099	2.228	20.95	20.8	20.8	18.95	17.5	0.127
2026-03-07 10:45:00	-91.1636	30.3734	0	21.31	22	96.78769279394275	101.73	2.559	0	0.76	204.6	0	0	2.53	0.08	0	0.405	0.383	0.417	0.41	0.412	-0.1	-0.1	-0.1	2.198	2.406	2.14	3.099	2.228	20.95	20.8	20.8	18.95	17.5	0.116
2026-03-07 11:00:00	-91.1636	30.3734	0	21.32	22	96.71204786014522	101.72	2.557	0	0.75	197.6	0	0	2.48	0.09	0	0.405	0.383	0.417	0.41	0.412	-0.1	-0.1	-0.1	2.199	2.407	2.141	3.099	2.228	20.85	20.7	20.75	18.95	17.5	0.141
2026-03-07 11:15:00	-91.1636	30.3734	0	21.55	22.3	95.66731946223787	101.72	2.576	0	0.92	187	0	0	3.41	0.11	0	0.405	0.383	0.417	0.41	0.412	-0.1	-0.1	-0.1	2.2	2.407	2.141	3.098	2.228	20.85	20.7	20.75	19	17.5	0.138
2026-03-07 11:30:00	-91.1636	30.3734	0	21.25	22.1	96.31255485283492	101.73	2.562	0	0.69	206.7	0	0	1.92	0.09	0	0.405	0.383	0.417	0.41	0.412	-0.1	-0.1	-0.1	2.2	2.407	2.142	3.097	2.228	20.85	20.7	20.75	19	17.5	0.132
2026-03-07 11:45:00	-91.1636	30.3734	0	20.79	21.8	96.75053336334247	101.73	2.527	0	0.36	215.7	0	0	1.16	0.08	0	0.405	0.383	0.417	0.41	0.412	-0.1	-0.1	-0.1	2.2	2.408	2.142	3.097	2.228	20.85	20.7	20.7	19	17.5	0.176
2026-03-07 12:00:00	-91.1636	30.3734	0	20.55	21.6	97.08727606402563	101.74	2.505	0	0.44	270	0	0	0.9	0.07	0	0.405	0.383	0.417	0.41	0.412	-0.1	-0.1	-0.1	2.201	2.408	2.142	3.097	2.228	20.799999999999997	20.7	20.7	19	17.5	0.103
2026-03-07 12:15:00	-91.1636	30.3734	0	20.57	21.3	97.70231853818468	101.74	2.475	0	0.28	44.7	0	0	0.78	0.05	0	0.405	0.383	0.417	0.41	0.412	-0.1	-0.1	-0.1	2.206	2.408	2.142	3.097	2.228	20.75	20.7	20.7	19	17.5	0.62
2026-03-07 12:30:00	-91.1636	30.3734	0	20.06	21	98.67288598133851	101.75	2.454	0	0.36	256.4	0	0	0.93	0.03	0	0.405	0.383	0.417	0.41	0.412	-0.1	-0.1	-0.1	2.205	2.409	2.142	3.098	2.228	20.700000000000003	20.6	20.7	19	17.5	0.381
2026-03-07 12:45:00	-91.1636	30.3734	0	20.55	21	98.7935129813157	101.77	2.457	7.5	0.46	247.6	0	0	1.35	0.02	0	0.405	0.383	0.417	0.41	0.412	-0.1	-0.1	-0.1	2.2	2.409	2.143	3.097	2.228	20.700000000000003	20.6	20.65	19.05	17.5	0.357
2026-03-07 13:00:00	-91.1636	30.3734	0	21.69	21.6	98.48254230686192	101.77	2.541	20.8	0.7	194.8	0	0	1.88	0.04	0	0.405	0.383	0.417	0.41	0.412	-0.1	-0.1	-0.1	2.201	2.409	2.144	3.097	2.228	20.65	20.6	20.65	19.05	17.5	0.309
2026-03-07 13:15:00	-91.1636	30.3734	0	21.96	22	99.13268574166626	101.77	2.621	54.4	0.55	142.5	0	0	1.57	0.01	0	0.405	0.383	0.417	0.41	0.412	-0.1	-0.1	-0.1	2.201	2.409	2.144	3.097	2.228	20.65	20.6	20.6	19.05	17.5	0.357
2026-03-07 13:30:00	-91.1636	30.3734	0	22.82	22.2	99.65125202593735	101.77	2.667	83.8	0.56	176.9	0	0	1.91	0	0	0.405	0.383	0.417	0.41	0.412	-0.1	-0.1	-0.1	2.201	2.409	2.144	3.097	2.228	20.65	20.6	20.6	19.05	17.5	0.361
2026-03-07 13:45:00	-91.1636	30.3734	0	23.17	22.4	99.99695818717221	101.78	2.709	96.5	0.65	189.4	0	0	2.04	0	0	0.405	0.383	0.416	0.41	0.412	-0.1	-0.1	-0.1	2.202	2.405	2.14	3.097	2.228	20.65	20.5	20.6	19.05	17.5	0.37
2026-03-07 14:00:00	-91.1636	30.3734	0	23.75	22.7	99.78753459238645	101.81	2.753	108.3	0.8	167.1	0	0	2.17	0	0	0.405	0.383	0.416	0.41	0.411	-0.1	-0.1	-0.1	2.202	2.411	2.146	3.097	2.229	20.65	20.5	20.55	19.05	17.5	0.355
2026-03-07 14:15:00	-91.1636	30.3734	0	24.24	23	98.95218807627585	101.84	2.78	116.9	0.8	179.7	0	0	2.1	0.02	0	0.405	0.383	0.416	0.41	0.412	-0.1	-0.1	-0.1	2.201	2.406	2.146	3.097	2.228	20.7	20.5	20.55	19.05	17.5	0.354
2026-03-07 14:30:00	-91.1636	30.3734	0	24.42	23.3	97.76913246950738	101.84	2.797	126.3	1.13	163	0	0	2.84	0.06	0	0.405	0.383	0.416	0.41	0.412	-0.1	-0.1	-0.1	2.201	2.406	2.147	3.097	2.228	20.7	20.5	20.55	19.05	17.5	0.343
2026-03-07 14:45:00	-91.1636	30.3734	0	25.58	24	96.75200544561902	101.85	2.887	274.6	2.75	176.9	0	0	8.1	0.1	0	0.405	0.383	0.416	0.41	0.412	-0.1	-0.1	-0.1	2.195	2.406	2.147	3.097	2.228	20.75	20.5	20.55	19.05	17.5	0.323
2026-03-07 15:00:00	-91.1636	30.3734	0	26.75	24.6	95.37414913223024	101.85	2.95	325.5	2.72	182.5	0	0	4.96	0.14	0	0.405	0.383	0.416	0.41	0.412	-0.1	-0.1	-0.1	2.195	2.411	2.147	3.097	2.228	20.799999999999997	20.5	20.5	19.05	17.5	0.315
2026-03-07 15:15:00	-91.1636	30.3734	0	26.92	24.7	93.8420972875898	101.87	2.92	289.6	3.39	189	0	0	6.11	0.2	0	0.405	0.383	0.416	0.41	0.412	-0.1	-0.1	-0.1	2.194	2.405	2.148	3.097	2.228	20.9	20.5	20.5	19.05	17.5	0.315
2026-03-07 15:30:00	-91.1636	30.3734	0	28.24	25.1	91.78786486903465	101.86	2.925	387.5	3.35	181.1	0	0	6.88	0.27	0	0.405	0.383	0.416	0.41	0.412	-0.1	-0.1	-0.1	2.193	2.41	2.148	3.097	2.228	21	20.6	20.55	19.05	17.5	0.307
2026-03-07 15:45:00	-91.1636	30.3734	0	28.71	25.5	90.58158040391835	101.86	2.956	412.3	3.48	175.5	0	0	6.86	0.31	0	0.405	0.383	0.416	0.41	0.412	-0.1	-0.1	-0.1	2.188	2.41	2.148	3.098	2.228	21.1	20.6	20.55	19.05	17.5	0.31
2026-03-07 16:00:00	-91.1636	30.3734	0	31.02	26.2	89.22831622524097	101.87	3.035	585.7	3.7	176.1	0	0	7.32	0.37	0	0.405	0.383	0.416	0.41	0.412	-0.1	-0.1	-0.1	2.191	2.41	2.148	3.098	2.228	21.2	20.6	20.55	19.05	17.5	0.302
2026-03-07 16:15:00	-91.1636	30.3734	0	31.84	26.5	87.4329286912486	101.88	3.027	613	3.77	190.6	0	0	7.37	0.44	0	0.405	0.383	0.416	0.41	0.412	-0.1	-0.1	-0.1	2.185	2.409	2.149	3.097	2.228	21.35	20.7	20.55	19.05	17.5	0.3
2026-03-07 16:30:00	-91.1636	30.3734	0	32.32	26.8	85.9603018974781	101.87	3.029	618.8	3.68	171.2	0	0	7.21	0.49	0	0.405	0.383	0.416	0.41	0.412	-0.1	-0.1	-0.1	2.184	2.409	2.154	3.098	2.228	21.5	20.7	20.55	19.05	17.5	0.295
2026-03-07 16:45:00	-91.1636	30.3734	0	33.02	27.2	83.13493720374977	101.85	2.999	665.3	3.71	177.2	0	0	7.19	0.6	0	0.405	0.383	0.416	0.41	0.412	-0.1	-0.1	-0.1	2.183	2.414	2.153	3.098	2.228	21.7	20.8	20.6	19.05	17.5	0.29
2026-03-07 17:00:00	-91.1636	30.3734	0	34.01	28.1	79.51088471486983	101.83	3.023	702.1	3.76	199.5	0	0	7.17	0.77	0	0.405	0.383	0.416	0.41	0.412	-0.1	-0.1	-0.1	2.177	2.413	2.153	3.096	2.228	21.85	20.9	20.65	19.1	17.5	0.29
2026-03-07 17:15:00	-91.1636	30.3734	0	35.02	28.7	75.36666945941349	101.83	2.967	774.9	4.28	192.2	0	0	7.8	0.96	0	0.405	0.383	0.416	0.41	0.412	-0.1	-0.1	-0.1	2.176	2.412	2.158	3.097	2.228	22	21	20.65	19.1	17.5	0.288
2026-03-07 17:30:00	-91.1636	30.3734	0	33.74	28.5	73.90695194215719	101.83	2.876	607	3.89	197.5	0	0	7.59	1.02	0	0.405	0.383	0.416	0.41	0.412	-0.1	-0.1	-0.1	2.175	2.411	2.158	3.096	2.228	22.200000000000003	21	20.75	19.1	17.5	0.287
2026-03-07 17:45:00	-91.1636	30.3734	0	34.63	28.9	72.18925488408311	101.83	2.875	699.3	4.39	189.5	0	0	8.38	1.1	0	0.405	0.383	0.416	0.41	0.412	-0.1	-0.1	-0.1	2.174	2.415	2.162	3.097	2.228	22.35	21.1	20.75	19.1	17.5	0.285
2026-03-07 18:00:00	-91.1636	30.3734	0	35.06	29.1	70.26759029512867	101.8	2.831	720.6	4.26	195	14	1	7.42	1.19	0	0.404	0.383	0.416	0.41	0.412	-0.1	-0.1	-0.1	2.174	2.413	2.161	3.098	2.228	22.55	21.2	20.85	19.1	17.5	0.287
2026-03-07 18:15:00	-91.1636	30.3734	0	33.06	28.6	71.15465977404175	101.77	2.785	456.3	4.13	205.5	0	0	7.09	1.13	0	0.404	0.383	0.416	0.41	0.412	-0.1	-0.1	-0.1	2.173	2.413	2.161	3.097	2.223	22.65	21.3	20.9	19.1	17.5	0.298
2026-03-07 18:30:00	-91.1636	30.3734	0.017	28.5	26.8	75.17624289416293	101.77	2.649	375.2	3.59	222	17	2	7.23	0.88	0	0.404	0.383	0.416	0.41	0.412	-0.1	-0.1	-0.1	2.176	2.417	2.165	3.098	2.228	22.85	21.4	20.95	19.1	17.5	0.323
2026-03-07 18:45:00	-91.1636	30.3734	0.068	31.21	28	77.2501003672897	101.73	2.92	706.2	3.98	221.5	17	1	6.62	0.87	0	0.403	0.383	0.416	0.41	0.412	-0.1	-0.1	-0.1	2.177	2.421	2.164	3.097	2.228	22.9	21.5	21.05	19.1	17.5	0.302
2026-03-07 19:00:00	-91.1636	30.3734	0.017	30.84	28	75.53049196870278	101.71	2.855	353.5	3.47	224.4	0	0	5.89	0.93	0	0.404	0.383	0.416	0.41	0.412	-0.1	-0.1	-0.1	2.18	2.419	2.163	3.097	2.228	23.05	21.6	21.1	19.1	17.5	0.307
2026-03-07 19:15:00	-91.1636	30.3734	0	33.5	29	71.34872761449141	101.67	2.858	553.8	4.06	224.2	0	0	7.37	1.14	0	0.404	0.383	0.416	0.41	0.412	-0.1	-0.1	-0.1	2.179	2.418	2.167	3.104	2.228	23.15	21.7	21.15	19.1	17.5	0.284
2026-03-07 19:30:00	-91.1636	30.3734	0	35.05	29.4	70.23307652946134	101.64	2.879	587.8	3.79	220.8	0	0	7.01	1.21	0	0.403	0.383	0.416	0.41	0.412	-0.1	-0.1	-0.1	2.18	2.416	2.167	3.097	2.222	23.25	21.8	21.25	19.15	17.6	0.283
2026-03-07 19:45:00	-91.1636	30.3734	0	36.15	30.1	66.47977804380584	101.6	2.837	661.7	4.96	219.5	0	0	9.11	1.43	0	0.403	0.383	0.416	0.41	0.412	-0.1	-0.1	-0.1	2.18	2.421	2.166	3.105	2.227	23.35	21.9	21.299999999999997	19.15	17.6	0.275
2026-03-07 20:00:00	-91.1636	30.3734	0	35.57	29.9	65.08977796227921	101.59	2.746	640.4	5.07	222.7	0	0	8.35	1.46	0	0.403	0.383	0.416	0.41	0.412	-0.1	-0.1	-0.1	2.184	2.42	2.17	3.104	2.227	23.45	22	21.35	19.15	17.6	0.271
2026-03-07 20:15:00	-91.1636	30.3734	0	34.68	29.6	65.44992427671471	101.56	2.714	538.8	4.06	209.8	0	0	7.86	1.44	0	0.403	0.384	0.416	0.41	0.412	-0.1	-0.1	-0.1	2.183	2.418	2.169	3.098	2.227	23.55	22.1	21.4	19.15	17.6	0.279
2026-03-07 20:30:00	-91.1636	30.3734	0	31.84	29	64.80801150707477	101.56	2.596	308.6	3.97	209	0	0	7.7	1.41	0	0.403	0.384	0.416	0.41	0.412	-0.1	-0.1	-0.1	2.183	2.416	2.168	3.105	2.227	23.65	22.2	21.45	19.15	17.6	0.305
2026-03-07 20:45:00	-91.1636	30.3734	0	30.91	28.6	65.3805293938143	101.55	2.559	232.6	3.33	218.6	0	0	5.69	1.36	0	0.403	0.384	0.416	0.41	0.412	-0.1	-0.1	-0.1	2.183	2.416	2.167	3.097	2.222	23.75	22.2	21.55	19.15	17.6	0.314
2026-03-07 21:00:00	-91.1636	30.3734	0	30.58	28.4	66.55700972352544	101.53	2.575	216.7	2.94	209.3	0	0	5.92	1.3	0	0.403	0.384	0.416	0.41	0.412	-0.1	-0.1	-0.1	2.182	2.42	2.171	3.097	2.227	23.75	22.3	21.6	19.15	17.6	0.312
2026-03-07 21:15:00	-91.1636	30.3734	0	29.89	28.2	67.1779404240097	101.52	2.569	189.7	3.28	195.7	0	0	5.46	1.25	0	0.403	0.384	0.416	0.41	0.411	-0.1	-0.1	-0.1	2.187	2.419	2.17	3.098	2.228	23.8	22.4	21.65	19.15	17.6	0.331
2026-03-07 21:30:00	-91.1636	30.3734	0	30.4	28	67.96421501492028	101.52	2.569	274.6	3.57	190.8	0	0	6.31	1.22	0	0.403	0.384	0.416	0.41	0.412	-0.1	-0.1	-0.1	2.187	2.418	2.169	3.097	2.227	23.8	22.4	21.700000000000003	19.15	17.6	0.306
2026-03-07 21:45:00	-91.1636	30.3734	0	28.62	27.6	69.6223071831864	101.51	2.571	110.7	3.94	191.2	0	0	7.13	1.13	0	0.403	0.384	0.417	0.41	0.412	-0.1	-0.1	-0.1	2.192	2.417	2.173	3.104	2.227	23.75	22.4	21.75	19.15	17.6	0.352
2026-03-07 22:00:00	-91.1636	30.3734	0	27.9	27	71.77435739124165	101.51	2.559	99.2	2.79	211.9	0	0	5.94	1.01	0	0.403	0.384	0.417	0.41	0.412	-0.1	-0.1	-0.1	2.192	2.417	2.172	3.104	2.227	23.75	22.5	21.799999999999997	19.15	17.6	0.349
2026-03-07 22:15:00	-91.1636	30.3734	0	27.25	26.7	73.22152025016125	101.5	2.565	92.8	2.81	207.1	0	0	4.98	0.94	0	0.403	0.384	0.417	0.41	0.412	-0.1	-0.1	-0.1	2.192	2.416	2.172	3.097	2.227	23.7	22.5	21.85	19.15	17.6	0.352
2026-03-07 22:30:00	-91.1636	30.3734	0	27	26.5	74.34831795549186	101.5	2.574	88.1	2.95	198.4	0	0	6.08	0.88	0	0.403	0.384	0.417	0.41	0.412	-0.1	-0.1	-0.1	2.193	2.416	2.171	3.104	2.227	23.65	22.5	21.85	19.15	17.6	0.335
2026-03-07 22:45:00	-91.1636	30.3734	0	27.33	26.4	75.3977682366827	101.5	2.595	106	2.6	198.5	0	0	4.45	0.85	0	0.403	0.384	0.417	0.41	0.412	-0.1	-0.1	-0.1	2.199	2.416	2.17	3.104	2.227	23.549999999999997	22.5	21.95	19.15	17.6	0.323
2026-03-07 23:00:00	-91.1636	30.3734	0	26.98	26.5	75.01265801492323	101.49	2.597	65.5	3.25	214.4	0	0	6.14	0.87	0	0.403	0.384	0.417	0.41	0.412	-0.1	-0.1	-0.1	2.199	2.416	2.17	3.097	2.227	23.549999999999997	22.5	21.95	19.15	17.6	0.356
2026-03-07 23:15:00	-91.1636	30.3734	0	26.58	26.4	74.49706272017511	101.49	2.564	44.4	3.69	216.8	0	0	7.26	0.88	0	0.403	0.384	0.417	0.41	0.411	-0.1	-0.1	-0.1	2.199	2.416	2.17	3.097	2.228	23.5	22.5	21.95	19.15	17.6	0.365
2026-03-07 23:30:00	-91.1636	30.3734	0	25.3	25.5	77.46625008833071	101.49	2.528	34.3	3.89	230.5	0	0	8.28	0.73	0	0.403	0.384	0.417	0.41	0.411	-0.1	-0.1	-0.1	2.2	2.415	2.169	3.104	2.228	23.4	22.5	21.95	19.15	17.6	0.339
2026-03-07 23:45:00	-91.1636	30.3734	0.051	22.62	22.7	88.98597799647973	101.48	2.455	18.5	2.78	231.7	0	0	5.33	0.31	0	0.403	0.384	0.416	0.41	0.411	-0.1	-0.1	-0.1	2.205	2.422	2.172	3.104	2.228	23.4	22.5	21.95	19.15	17.6	0.352
2026-03-08 00:00:00	-91.1636	30.3734	0.051	22.57	22.7	89.96464252026995	101.48	2.482	3.9	2.24	229.7	0	0	3.53	0.28	0	0.403	0.384	0.416	0.41	0.411	-0.1	-0.1	-0.1	2.206	2.422	2.166	3.104	2.228	23.299999999999997	22.5	22	19.15	17.6	NA
2026-03-08 00:15:00	-91.1636	30.3734	0.051	22.75	23.1	88.98008370951372	101.5	2.515	0	2.58	223.8	0	0	4.1	0.31	0	0.403	0.384	0.417	0.41	0.411	-0.1	-0.1	-0.1	2.206	2.422	2.165	3.104	2.228	23.25	22.4	22	19.15	17.6	NA
2026-03-08 00:30:00	-91.1636	30.3734	0.034	22.9	23.1	89.79381807345759	101.52	2.538	0	2.3	228.4	0	0	3.8	0.28	0	0.403	0.384	0.417	0.41	0.412	-0.1	-0.1	-0.1	2.211	2.422	2.165	3.104	2.227	23.15	22.4	22	19.15	17.6	NA
2026-03-08 00:45:00	-91.1636	30.3734	0.017	22.81	23	90.69430763250031	101.52	2.548	0	2.18	217.4	0	0	3.77	0.26	0	0.403	0.384	0.417	0.41	0.412	-0.1	-0.1	-0.1	2.211	2.422	2.164	3.104	2.227	23.1	22.4	22	19.15	17.6	NA
2026-03-08 01:00:00	-91.1636	30.3734	0.034	22.67	22.9	91.78189410078248	101.52	2.563	0	1.7	220.9	0	0	3.07	0.23	0	0.403	0.384	0.417	0.41	0.412	-0.1	-0.1	-0.1	2.212	2.423	2.165	3.105	2.227	23	22.4	22	19.15	17.6	NA
2026-03-08 01:15:00	-91.1636	30.3734	0.017	22.85	23	92.47402324538297	101.55	2.598	0	1.91	241	0	0	3.19	0.2	0	0.403	0.384	0.416	0.41	0.412	-0.1	-0.1	-0.1	2.207	2.424	2.166	3.103	2.227	23	22.4	22	19.15	17.6	NA
2026-03-08 01:30:00	-91.1636	30.3734	0.017	22.87	22.9	93.6440316322849	101.55	2.615	0	2.07	230.2	0	0	3.49	0.18	0	0.403	0.384	0.416	0.41	0.412	-0.1	-0.1	-0.1	2.213	2.424	2.166	3.103	2.227	22.9	22.3	22	19.200000000000003	17.6	NA
2026-03-08 01:45:00	-91.1636	30.3734	0.034	22.94	23	93.71982417440083	101.55	2.633	0	2.51	226.8	0	0	3.97	0.17	0	0.403	0.384	0.417	0.41	0.412	-0.1	-0.1	-0.1	2.213	2.419	2.16	3.103	2.233	22.8	22.3	21.95	19.200000000000003	17.6	NA
2026-03-08 02:00:00	-91.1636	30.3734	0.017	22.88	22.9	94.50347972374753	101.56	2.639	0	2.3	230.1	33	3	3.75	0.15	0	0.403	0.384	0.417	0.41	0.412	-0.1	-0.1	-0.1	2.213	2.424	2.16	3.103	2.227	22.8	22.3	21.95	19.200000000000003	17.6	NA
2026-03-08 02:15:00	-91.1636	30.3734	0.017	22.88	22.8	95.0414438402059	101.58	2.638	0	2.23	230.1	10	1	3.57	0.14	0	0.403	0.384	0.417	0.41	0.412	-0.1	-0.1	-0.1	2.214	2.419	2.16	3.103	2.232	22.7	22.2	21.95	19.200000000000003	17.6	NA
2026-03-08 02:30:00	-91.1636	30.3734	0.017	22.87	22.8	95.2215830438454	101.59	2.643	0	1.93	239.9	10	8	3.28	0.13	0	0.403	0.384	0.417	0.41	0.412	-0.1	-0.1	-0.1	2.214	2.42	2.16	3.102	2.227	22.7	22.2	21.95	19.25	17.6	NA
2026-03-08 02:45:00	-91.1636	30.3734	0.034	22.65	22.4	97.08084165089069	101.62	2.63	0	1.81	242.9	9	21	3.17	0.07	0	0.403	0.384	0.416	0.41	0.411	-0.1	-0.1	-0.1	2.213	2.426	2.162	3.103	2.233	22.6	22.2	21.9	19.25	17.6	NA
2026-03-08 03:00:00	-91.1636	30.3734	0.051	22.55	22.1	99.39515809168445	101.63	2.644	0	1.2	285.7	2	54	1.59	0.01	0	0.404	0.384	0.416	0.41	0.412	-0.1	-0.1	-0.1	2.205	2.426	2.164	3.103	2.232	22.6	22.2	21.9	19.25	17.6	NA
2026-03-08 03:15:00	-91.1636	30.3734	0.051	22.52	21.9	100	101.65	2.631	0	2.52	306.8	1	48	4.52	0	0	0.409	0.387	0.418	0.41	0.412	-0.1	-0.1	-0.1	2.177	2.423	2.169	3.103	2.227	22.55	22.3	21.9	19.25	17.6	NA
2026-03-08 03:30:00	-91.1636	30.3734	0.017	21.64	20.9	100	101.64	2.477	0	4.07	329.8	1	62	9.73	0	0	0.412	0.388	0.42	0.41	0.412	-0.1	-0.1	-0.1	2.161	2.419	2.167	3.102	2.227	22.5	22.4	21.9	19.25	17.6	NA
2026-03-08 03:45:00	-91.1636	30.3734	0.051	21.83	21.1	99.94713889380921	101.68	2.501	0	2.34	266.8	1	59	5.64	0	0	0.411	0.388	0.42	0.41	0.412	-0.1	-0.1	-0.1	2.163	2.424	2.161	3.099	2.231	22.45	22.3	21.9	19.25	17.6	NA
2026-03-08 04:00:00	-91.1636	30.3734	0.051	21.83	21.1	100	101.67	2.505	0	1.77	231.3	4	76	5.37	0	0	0.411	0.389	0.419	0.41	0.412	-0.1	-0.1	-0.1	2.167	2.419	2.164	3.105	2.23	22.45	22.3	21.9	19.25	17.6	NA
2026-03-08 04:15:00	-91.1636	30.3734	0.119	20.9	20	99.81690522091263	101.68	2.334	0	NA	NA	6	106	NA	0	0.077	0.411	0.39	0.419	0.411	0.412	-0.1	-0.1	-0.1	2.169	2.408	2.164	3.096	2.228	22.35	22.2	21.9	19.25	17.6	NA
2026-03-08 04:30:00	-91.1636	30.3734	0.034	20.44	19.5	99.60826772546943	101.74	2.258	0	NA	NA	5	108	NA	0	0	0.413	0.39	0.42	0.411	0.412	-0.1	-0.1	-0.1	2.161	2.402	2.158	3.094	2.228	22.299999999999997	22	21.9	19.299999999999997	17.6	-0.049
2026-03-08 04:45:00	-91.1636	30.3734	0.289	20.2	19.1	100	101.76	2.214	0	NA	NA	4	77	NA	0	0.074	0.413	0.391	0.42	0.411	0.412	-0.1	-0.1	-0.1	2.159	2.4	2.163	3.092	2.227	22.25	21.9	21.85	19.299999999999997	17.6	-0.143
2026-03-08 05:00:00	-91.1636	30.3734	0.034	20.15	19.1	100	101.77	2.214	0	NA	NA	1	67	NA	0	0	0.413	0.391	0.42	0.411	0.412	-0.1	-0.1	-0.1	2.159	2.394	2.158	3.092	2.226	22.15	21.7	21.85	19.299999999999997	17.6	-0.166
2026-03-08 05:15:00	-91.1636	30.3734	0.068	19.97	19.1	99.90323388115858	101.75	2.209	0	NA	NA	1	20	NA	0	0	0.414	0.391	0.42	0.411	0.412	-0.1	-0.1	-0.1	2.156	2.391	2.164	3.092	2.226	22.1	21.6	21.8	19.299999999999997	17.6	-0.002
2026-03-08 05:30:00	-91.1636	30.3734	0.119	19.87	19	99.7090496354917	101.74	2.191	0	NA	NA	2	18	NA	0	0	0.414	0.391	0.42	0.411	0.412	-0.1	-0.1	-0.1	2.155	2.404	2.164	3.098	2.225	22	21.5	21.8	19.299999999999997	17.6	-0.077
2026-03-08 05:45:00	-91.1636	30.3734	0.051	19.77	18.9	100	101.73	2.185	0	NA	NA	3	20	NA	0	0	0.414	0.39	0.42	0.411	0.412	-0.1	-0.1	-0.1	2.155	2.425	2.16	3.098	2.225	21.9	21.4	21.7	19.299999999999997	17.6	-0.191
2026-03-08 06:00:00	-91.1636	30.3734	0	19.71	19	99.52701577034247	101.78	2.187	0	NA	NA	3	17	NA	0	0	0.414	0.391	0.42	0.411	0.413	-0.1	-0.1	-0.1	2.152	2.43	2.165	3.097	2.224	21.799999999999997	21.4	21.7	19.299999999999997	17.6	NA
2026-03-08 06:15:00	-91.1636	30.3734	0.068	19.66	19	99.61803270291709	101.79	2.189	0	NA	NA	1	12	NA	0	0	0.415	0.391	0.42	0.411	0.413	-0.1	-0.1	-0.1	2.15	2.416	2.163	3.098	2.223	21.700000000000003	21.4	21.7	19.35	17.7	-0.124
2026-03-08 06:30:00	-91.1636	30.3734	0.085	19.58	18.9	99.69218417210517	101.81	2.177	0	NA	NA	9	10	NA	0	0	0.415	0.392	0.42	0.411	0.413	-0.1	-0.1	-0.1	2.151	2.414	2.165	3.098	2.223	21.6	21.3	21.65	19.35	17.7	-0.003
2026-03-08 06:45:00	-91.1636	30.3734	0.068	19.58	18.8	100	101.81	2.171	0	NA	NA	3	15	NA	0	0	0.415	0.392	0.42	0.411	0.413	-0.1	-0.1	-0.1	2.153	2.405	2.171	3.098	2.223	21.549999999999997	21.3	21.6	19.35	17.7	-0.149
2026-03-08 07:00:00	-91.1636	30.3734	0.051	19.59	18.8	99.99424726581434	101.85	2.17	0	NA	NA	1	15	NA	0	0	0.414	0.393	0.421	0.411	0.413	-0.1	-0.1	-0.1	2.156	2.402	2.169	3.097	2.223	21.450000000000003	21.2	21.6	19.35	17.7	-0.172
2026-03-08 07:15:00	-91.1636	30.3734	0.153	19.57	18.8	100	101.83	2.171	0	NA	NA	2	8	NA	0	0.047	0.414	0.393	0.421	0.411	0.413	-0.1	-0.1	-0.1	2.159	2.401	2.165	3.098	2.223	21.35	21.3	21.5	19.35	17.7	-0.197
2026-03-08 07:30:00	-91.1636	30.3734	0.051	19.6	18.9	99.64639079398293	101.82	2.176	0	NA	NA	2	7	NA	0	0	0.414	0.393	0.421	0.411	0.413	-0.1	-0.1	-0.1	2.161	2.407	2.165	3.098	2.223	21.299999999999997	21.2	21.5	19.35	17.7	-0.069
2026-03-08 07:45:00	-91.1636	30.3734	0.017	19.64	18.9	99.92115106271633	101.82	2.182	0	NA	NA	1	6	NA	0	0	0.414	0.393	0.421	0.411	0.413	-0.1	-0.1	-0.1	2.162	2.407	2.16	3.097	2.223	21.25	21.2	21.45	19.35	17.7	0.055
2026-03-08 08:00:00	-91.1636	30.3734	0.034	19.64	19	99.61803270291709	101.81	2.189	0	NA	NA	1	3	NA	0	0	0.414	0.393	0.421	0.411	0.413	-0.1	-0.1	-0.1	2.163	2.401	2.16	3.096	2.222	21.15	21.2	21.4	19.4	17.7	-0.002
2026-03-08 08:15:00	-91.1636	30.3734	0.034	19.64	19	99.6635411692044	101.74	2.19	0	NA	NA	1	1	NA	0.01	0	0.414	0.393	0.421	0.411	0.413	-0.1	-0.1	-0.1	2.163	2.402	2.159	3.096	2.223	21.1	21.1	21.4	19.4	17.7	NA
2026-03-08 08:30:00	-91.1636	30.3734	0.017	19.52	18.8	99.90208666925598	101.55	2.168	0	NA	NA	8	1	NA	0	0	0.414	0.393	0.422	0.411	0.413	-0.1	-0.1	-0.1	2.164	2.401	2.159	3.096	2.223	21.1	21.1	21.3	19.4	17.7	NA
2026-03-08 08:45:00	-91.1636	30.3734	0	19.36	18.7	99.64750194306158	101.47	2.149	0	NA	NA	0	0	NA	0	0	0.414	0.393	0.422	0.411	0.413	-0.1	-0.1	-0.1	2.165	2.396	2.158	3.096	2.222	21	21.1	21.3	19.4	17.7	NA
2026-03-08 09:00:00	-91.1636	30.3734	0.034	19.23	18.6	99.85288429733588	101.53	2.14	0	NA	NA	0	0	NA	0	0	0.414	0.393	0.422	0.411	0.413	-0.1	-0.1	-0.1	2.165	2.401	2.157	3.097	2.223	21	21.1	21.25	19.4	17.7	NA
2026-03-08 09:15:00	-91.1636	30.3734	0.034	19.17	18.6	99.80622407102871	101.55	2.139	0	NA	NA	0	0	NA	0	0	0.414	0.393	0.422	0.411	0.413	-0.1	-0.1	-0.1	2.161	2.401	2.154	3.097	2.223	20.9	21	21.2	19.4	17.7	NA
2026-03-08 09:30:00	-91.1636	30.3734	0.136	19.03	18.4	100	101.6	2.117	0	NA	NA	0	0	NA	0	0.027	0.414	0.393	0.422	0.411	0.413	-0.1	-0.1	-0.1	2.165	2.401	2.153	3.097	2.223	20.9	21	21.2	19.4	17.7	NA
2026-03-08 09:45:00	-91.1636	30.3734	0.051	18.92	18.3	99.98834729977865	101.61	2.103	0	NA	NA	0	0	NA	0	0	0.414	0.393	0.423	0.411	0.413	-0.1	-0.1	-0.1	2.165	2.401	2.152	3.097	2.223	20.85	21	21.15	19.45	17.7	NA
2026-03-08 10:00:00	-91.1636	30.3734	0.051	18.9	18.3	99.89325614685445	101.64	2.101	0	NA	NA	27	1	NA	0	0	0.414	0.393	0.423	0.411	0.413	-0.1	-0.1	-0.1	2.159	2.397	2.152	3.096	2.224	20.799999999999997	20.9	21.1	19.45	17.7	NA
2026-03-08 10:15:00	-91.1636	30.3734	0.034	18.97	18.3	100	101.65	2.104	0	NA	NA	0	0	NA	0	0	0.414	0.393	0.423	0.411	0.413	-0.1	-0.1	-0.1	2.157	2.396	2.153	3.096	2.223	20.799999999999997	20.9	21.1	19.45	17.7	NA
2026-03-08 10:30:00	-91.1636	30.3734	0.051	19.02	18.3	100	101.69	2.108	0	NA	NA	0	0	NA	0	0	0.415	0.393	0.423	0.411	0.413	-0.1	-0.1	-0.1	2.157	2.397	2.149	3.095	2.223	20.700000000000003	20.9	21.05	19.45	17.7	NA
2026-03-08 10:45:00	-91.1636	30.3734	0.034	19.16	18.5	99.86959654054532	101.74	2.127	0	NA	NA	0	0	NA	0	0	0.415	0.393	0.423	0.411	0.413	-0.1	-0.1	-0.1	2.156	2.403	2.149	3.095	2.223	20.700000000000003	20.8	21	19.45	17.7	0.048
2026-03-08 11:00:00	-91.1636	30.3734	0.034	19.1	18.5	99.63483021111291	101.75	2.122	0	NA	NA	0	0	NA	0	0	0.415	0.393	0.422	0.411	0.413	-0.1	-0.1	-0.1	2.156	2.403	2.15	3.095	2.223	20.6	20.8	21	19.45	17.7	NA
2026-03-08 11:15:00	-91.1636	30.3734	0.051	19.13	18.5	99.86959654054532	101.79	2.127	0	NA	NA	0	0	NA	0	0	0.415	0.393	0.422	0.411	0.413	-0.1	-0.1	-0.1	2.155	2.399	2.151	3.095	2.223	20.6	20.8	20.95	19.45	17.7	NA
2026-03-08 11:30:00	-91.1636	30.3734	0.034	19.15	18.5	99.96350307231829	101.79	2.129	0	NA	NA	0	0	NA	0	0.018	0.415	0.393	0.422	0.411	0.413	-0.1	-0.1	-0.1	2.155	2.399	2.151	3.103	2.228	20.6	20.7	20.9	19.45	17.7	NA
2026-03-08 11:45:00	-91.1636	30.3734	0.034	19.19	18.6	99.80622407102871	101.79	2.139	0	NA	NA	8	2	NA	0	0	0.415	0.393	0.422	0.411	0.413	-0.1	-0.1	-0.1	2.156	2.404	2.151	3.095	2.228	20.55	20.7	20.9	19.45	17.7	NA
2026-03-08 12:00:00	-91.1636	30.3734	0.034	19.23	18.6	99.89954452364304	101.79	2.141	0	NA	NA	0	0	NA	0	0	0.415	0.393	0.422	0.411	0.413	-0.1	-0.1	-0.1	2.157	2.404	2.152	3.102	2.228	20.5	20.7	20.85	19.45	17.7	NA
2026-03-08 12:15:00	-91.1636	30.3734	0.034	19.3	18.6	99.99286497625738	101.8	2.143	0	NA	NA	0	0	NA	0	0	0.415	0.393	0.423	0.411	0.413	-0.1	-0.1	-0.1	2.158	2.405	2.151	3.095	2.228	20.5	20.6	20.8	19.45	17.7	NA
2026-03-08 12:30:00	-91.1636	30.3734	0.034	19.32	18.6	99.89954452364304	101.78	2.141	0	NA	NA	12	1	NA	0	0	0.415	0.393	0.423	0.411	0.413	-0.1	-0.1	-0.1	2.153	2.405	2.151	3.102	2.228	20.5	20.6	20.8	19.45	17.7	NA
2026-03-08 12:45:00	-91.1636	30.3734	0.034	19.33	18.6	100	101.8	2.146	0	NA	NA	10	4	NA	0	0	0.415	0.393	0.423	0.411	0.413	-0.1	-0.1	-0.1	2.158	2.398	2.152	3.103	2.223	20.45	20.6	20.8	19.45	17.7	NA
2026-03-08 13:00:00	-91.1636	30.3734	0.034	19.23	18.5	100	101.9	2.134	0	NA	NA	7	4	NA	0	0	0.415	0.393	0.422	0.411	0.413	-0.1	-0.1	-0.1	2.154	2.398	2.156	3.093	2.228	20.45	20.6	20.75	19.5	17.7	-0.183
2026-03-08 13:15:00	-91.1636	30.3734	0.034	19.19	18.5	100	101.92	2.131	0	NA	NA	1	2	NA	0	0	0.415	0.393	0.422	0.411	0.413	-0.1	-0.1	-0.1	2.151	2.399	2.16	3.099	2.222	20.4	20.5	20.7	19.5	17.7	-0.074
2026-03-08 13:30:00	-91.1636	30.3734	0.034	18.99	18.3	99.75061941746817	101.94	2.098	0	NA	NA	0	0	NA	0	0	0.416	0.393	0.422	0.411	0.413	-0.1	-0.1	-0.1	2.147	2.4	2.159	3.092	2.227	20.4	20.5	20.7	19.5	17.7	-0.094
2026-03-08 13:45:00	-91.1636	30.3734	0.034	18.85	17.9	100	101.92	2.053	11.6	NA	NA	0	0	NA	0	0	0.416	0.393	0.422	0.411	0.413	-0.1	-0.1	-0.1	2.147	2.399	2.159	3.092	2.227	20.35	20.5	20.7	19.5	17.7	-0.053
2026-03-08 14:00:00	-91.1636	30.3734	0.034	18.79	17.9	99.70516432018798	101.96	2.045	11.8	NA	NA	0	0	NA	0	0	0.415	0.393	0.422	0.411	0.413	-0.1	-0.1	-0.1	2.149	2.394	2.161	3.092	2.227	20.299999999999997	20.5	20.65	19.5	17.7	-0.029
2026-03-08 14:15:00	-91.1636	30.3734	0.068	18.77	17.8	100	101.99	2.043	13.7	NA	NA	0	0	NA	0	0.015	0.415	0.393	0.421	0.411	0.413	-0.1	-0.1	-0.1	2.15	2.395	2.162	3.099	2.222	20.299999999999997	20.4	20.6	19.5	17.7	0.113
2026-03-08 14:30:00	-91.1636	30.3734	0.068	18.85	17.9	99.90018664648663	101.93	2.049	25.3	NA	NA	0	0	NA	0	0	0.415	0.393	0.421	0.411	0.413	-0.1	-0.1	-0.1	2.152	2.395	2.162	3.092	2.222	20.299999999999997	20.4	20.6	19.5	17.7	0.198
2026-03-08 14:45:00	-91.1636	30.3734	0.068	18.73	17.8	99.94228491686981	101.91	2.037	8.6	NA	NA	0	0	NA	0	0	0.415	0.393	0.421	0.411	0.413	-0.1	-0.1	-0.1	2.154	2.395	2.163	3.093	2.222	20.200000000000003	20.4	20.6	19.5	17.7	0.149
2026-03-08 15:00:00	-91.1636	30.3734	0.068	18.64	17.8	99.69696757539492	101.93	2.032	0	NA	NA	0	0	NA	0	0	0.415	0.393	0.421	0.411	0.413	-0.1	-0.1	-0.1	2.155	2.395	2.163	3.093	2.226	20.200000000000003	20.4	20.55	19.5	17.8	0.239
2026-03-08 15:15:00	-91.1636	30.3734	0.085	18.54	17.7	99.73455698267664	101.95	2.02	0	NA	NA	0	0	NA	0	0	0.415	0.393	0.421	0.411	0.413	-0.1	-0.1	-0.1	2.16	2.395	2.158	3.092	2.226	20.200000000000003	20.3	20.55	19.5	17.8	0.288
2026-03-08 15:30:00	-91.1636	30.3734	0.051	18.57	17.7	99.98142469798029	101.95	2.025	0.1	NA	NA	0	0	NA	0	0.013	0.415	0.393	0.422	0.411	0.413	-0.1	-0.1	-0.1	2.155	2.396	2.162	3.099	2.226	20.200000000000003	20.3	20.5	19.5	17.8	0.284
2026-03-08 15:45:00	-91.1636	30.3734	0.051	18.56	17.7	99.98142469798029	101.94	2.025	9.4	NA	NA	0	0	NA	0	0	0.415	0.393	0.422	0.411	0.413	-0.1	-0.1	-0.1	2.156	2.39	2.162	3.092	2.226	20.1	20.3	20.5	19.5	17.8	0.196
2026-03-08 16:00:00	-91.1636	30.3734	0.068	18.59	17.8	99.64790410709996	101.93	2.031	15.2	NA	NA	0	0	NA	0	0	0.415	0.393	0.422	0.411	0.413	-0.1	-0.1	-0.1	2.156	2.39	2.157	3.099	2.221	20.1	20.3	20.45	19.55	17.8	0.134
2026-03-08 16:15:00	-91.1636	30.3734	0.051	18.71	17.8	100	101.93	2.039	54.7	NA	NA	0	0	NA	0	0	0.415	0.393	0.422	0.411	0.413	-0.1	-0.1	-0.1	2.156	2.39	2.163	3.093	2.221	20.1	20.3	20.45	19.55	17.8	0.139
2026-03-08 16:30:00	-91.1636	30.3734	0.068	19.68	18.3	99.89325614685445	101.94	2.101	362.2	NA	NA	0	0	NA	0	0	0.415	0.394	0.422	0.411	0.413	-0.1	-0.1	-0.1	2.156	2.391	2.162	3.093	2.226	20.1	20.2	20.4	19.55	17.8	0.331
2026-03-08 16:45:00	-91.1636	30.3734	0.051	20.48	18.8	99.53344428302256	101.94	2.16	394.4	NA	NA	0	0	NA	0	0	0.415	0.393	0.422	0.411	0.413	-0.1	-0.1	-0.1	2.152	2.391	2.156	3.093	2.226	20.05	20.2	20.4	19.55	17.8	0.338
2026-03-08 17:00:00	-91.1636	30.3734	0.068	21.37	19.2	100	101.91	2.225	495.9	NA	NA	0	0	NA	0	0.01	0.415	0.394	0.422	0.411	0.413	-0.1	-0.1	-0.1	2.158	2.39	2.154	3.092	2.227	20.05	20.2	20.4	19.55	17.8	0.532
2026-03-08 17:15:00	-91.1636	30.3734	0.068	22.59	20.8	100	101.89	2.461	607.9	NA	NA	0	0	NA	0	0	0.415	0.394	0.422	0.411	0.413	-0.1	-0.1	-0.1	2.151	2.391	2.153	3.092	2.226	20.2	20.2	20.35	19.55	17.8	0.553
2026-03-08 17:30:00	-91.1636	30.3734	0.051	23.01	21.3	99.67610275107731	101.88	2.525	448.4	NA	NA	0	0	NA	0	0	0.415	0.394	0.422	0.411	0.413	-0.1	-0.1	-0.1	2.149	2.396	2.157	3.091	2.226	20.299999999999997	20.2	20.35	19.55	17.8	0.534
2026-03-08 17:45:00	-91.1636	30.3734	0.068	23.81	21.9	99.89121012800018	101.87	2.625	493.7	NA	NA	0	0	NA	0	0	0.415	0.393	0.422	0.411	0.413	-0.1	-0.1	-0.1	2.137	2.397	2.157	3.091	2.226	20.549999999999997	20.2	20.35	19.55	17.8	0.459
2026-03-08 18:00:00	-91.1636	30.3734	0.051	24.85	21.1	100	101.84	2.504	486.9	0.86	303.2	0	0	2.85	0	0	0.415	0.393	0.422	0.411	0.413	-0.1	-0.1	-0.1	2.135	2.402	2.158	3.091	2.226	20.8	20.3	20.35	19.55	17.8	0.122
2026-03-08 18:15:00	-91.1636	30.3734	0.068	26.21	22	99.85131261274282	101.83	2.64	615.6	2.31	290	0	0	4.13	0	0	0.415	0.393	0.422	0.411	0.413	-0.1	-0.1	-0.1	2.127	2.402	2.158	3.091	2.226	21.05	20.3	20.35	19.55	17.8	0.194
2026-03-08 18:30:00	-91.1636	30.3734	0.051	27.02	22.7	96.16285117094124	101.8	2.653	633.5	1.85	289	0	0	3.55	0.1	0	0.415	0.393	0.422	0.411	0.413	-0.1	-0.1	-0.1	2.125	2.407	2.163	3.099	2.222	21.3	20.4	20.35	19.55	17.8	0.281
2026-03-08 18:45:00	-91.1636	30.3734	0.051	26.94	22.6	94.30451254225127	101.78	2.586	557.8	2.13	301.2	0	0	3.53	0.15	0.007	0.415	0.393	0.422	0.411	0.413	-0.1	-0.1	-0.1	2.122	2.412	2.163	3.091	2.226	21.549999999999997	20.4	20.45	19.55	17.8	0.29
2026-03-08 19:00:00	-91.1636	30.3734	0.051	26.29	22.4	92.17143026702435	101.74	2.497	448.3	2.05	326.1	0	0	4.4	0.21	0	0.415	0.393	0.422	0.411	0.413	-0.1	-0.1	-0.1	2.116	2.412	2.168	3.098	2.227	21.799999999999997	20.5	20.45	19.55	17.8	0.306
2026-03-08 19:15:00	-91.1636	30.3734	0.051	25.78	22.5	90.29245635090828	101.75	2.461	398.1	2.94	315.8	0	0	4.68	0.26	0	0.415	0.393	0.422	0.411	0.413	-0.1	-0.1	-0.1	2.113	2.417	2.172	3.091	2.227	22.049999999999997	20.6	20.55	19.55	17.8	0.331
2026-03-08 19:30:00	-91.1636	30.3734	0.051	25.99	22.6	89.70962910051746	101.73	2.46	520.6	3.73	333.9	0	0	5.98	0.29	0	0.415	0.393	0.422	0.411	0.413	-0.1	-0.1	-0.1	2.111	2.421	2.171	3.091	2.227	22.25	20.7	20.6	19.55	17.8	0.332
2026-03-08 19:45:00	-91.1636	30.3734	0.034	26.88	23.1	89.22774199419229	101.71	2.522	635.3	3.56	335.6	0	0	6.18	0.31	0	0.415	0.393	0.422	0.411	0.413	-0.1	-0.1	-0.1	2.11	2.42	2.176	3.098	2.227	22.450000000000003	20.8	20.65	19.55	17.8	0.327
2026-03-08 20:00:00	-91.1636	30.3734	0.051	26.33	23.2	87.42430236797594	101.72	2.486	462.4	2.76	342	0	0	5.32	0.36	0	0.415	0.393	0.422	0.411	0.413	-0.1	-0.1	-0.1	2.109	2.426	2.174	3.099	2.226	22.6	21	20.75	19.55	17.8	0.334
2026-03-08 20:15:00	-91.1636	30.3734	0.034	26.09	23.3	85.49992778706296	101.74	2.446	341.2	2.26	331.4	0	0	4.85	0.42	0	0.415	0.393	0.422	0.411	0.413	-0.1	-0.1	-0.1	2.112	2.43	2.178	3.098	2.227	22.75	21.1	20.85	19.55	17.8	0.337
2026-03-08 20:30:00	-91.1636	30.3734	0.034	27.37	24	84.31868572953844	101.71	2.516	494.6	2.36	300.9	0	0	4.07	0.47	0	0.415	0.393	0.422	0.411	0.413	-0.1	-0.1	-0.1	2.11	2.429	2.181	3.099	2.227	22.950000000000003	21.2	20.95	19.55	17.8	0.329
2026-03-08 20:45:00	-91.1636	30.3734	0.051	26.34	23.8	83.67578377016528	101.73	2.467	314.5	2.39	276.3	0	0	3.59	0.49	0.008	0.415	0.393	0.423	0.411	0.413	-0.1	-0.1	-0.1	2.108	2.428	2.179	3.091	2.226	23.049999999999997	21.3	21.05	19.55	17.8	0.336
2026-03-08 21:00:00	-91.1636	30.3734	0.017	27.24	24.3	82.38778523427563	101.73	2.503	425.6	1.93	277.9	0	0	3.24	0.53	0	0.415	0.393	0.423	0.411	0.413	-0.1	-0.1	-0.1	2.106	2.432	2.178	3.092	2.222	23.1	21.4	21.05	19.55	17.8	0.336
2026-03-08 21:15:00	-91.1636	30.3734	0.034	25.96	24.1	82.81491992011152	101.74	2.486	169.2	2.11	275.8	0	0	3.65	0.51	0	0.416	0.393	0.423	0.411	0.413	-0.1	-0.1	-0.1	2.11	2.432	2.181	3.098	2.222	23.2	21.5	21.15	19.55	17.8	0.348
2026-03-08 21:30:00	-91.1636	30.3734	0.017	24.98	23.8	82.0138002254802	101.76	2.418	113.7	2.27	281.4	0	0	3.13	0.53	0	0.416	0.393	0.423	0.411	0.413	-0.1	-0.1	-0.1	2.109	2.431	2.18	3.099	2.227	23.3	21.6	21.25	19.55	17.8	0.348
2026-03-08 21:45:00	-91.1636	30.3734	0.017	25.03	23.6	82.42296747124027	101.76	2.401	156.7	1.58	246.7	0	0	2.4	0.52	0	0.416	0.393	0.423	0.411	0.413	-0.1	-0.1	-0.1	2.108	2.429	2.184	3.091	2.227	23.3	21.7	21.35	19.55	17.8	0.345
2026-03-08 22:00:00	-91.1636	30.3734	0.017	25.44	23.8	81.60678384718997	101.76	2.406	207.9	1.22	238	0	0	2.06	0.53	0	0.416	0.393	0.423	0.411	0.413	-0.1	-0.1	-0.1	2.107	2.429	2.183	3.099	2.227	23.35	21.8	21.4	19.55	17.8	0.344
2026-03-08 22:15:00	-91.1636	30.3734	0.017	25.32	24	80.26361380057415	101.76	2.395	155	1.27	266	0	0	2.04	0.58	0	0.416	0.393	0.423	0.411	0.413	-0.1	-0.1	-0.1	2.111	2.428	2.182	3.091	2.226	23.35	21.8	21.45	19.55	17.8	0.347
2026-03-08 22:30:00	-91.1636	30.3734	0.017	25.01	23.9	80.00528104006378	101.77	2.373	102.2	1.06	247.9	0	0	1.76	0.59	0	0.416	0.393	0.423	0.411	0.413	-0.1	-0.1	-0.1	2.11	2.433	2.181	3.092	2.227	23.4	21.9	21.55	19.55	17.8	0.34
2026-03-08 22:45:00	-91.1636	30.3734	0.017	24.93	23.8	80.45357077536767	101.76	2.372	109.7	0.92	233.7	0	0	1.62	0.58	0	0.416	0.393	0.423	0.411	0.413	-0.1	-0.1	-0.1	2.111	2.426	2.18	3.091	2.227	23.4	22	21.55	19.55	17.8	0.343
2026-03-08 23:00:00	-91.1636	30.3734	0.017	24.71	23.9	79.4995586567511	101.77	2.358	108.9	0.97	222.9	0	0	2.04	0.61	0	0.416	0.393	0.423	0.411	0.413	-0.1	-0.1	-0.1	2.115	2.426	2.178	3.099	2.227	23.4	22	21.65	19.55	17.8	0.344
2026-03-08 23:15:00	-91.1636	30.3734	0.017	24.53	23.8	80.45357077536767	101.76	2.372	93.8	0.42	239.2	0	0	1.08	0.58	0	0.416	0.393	0.423	0.411	0.413	-0.1	-0.1	-0.1	2.115	2.425	2.178	3.091	2.226	23.35	22.1	21.65	19.55	17.8	0.343
2026-03-08 23:30:00	-91.1636	30.3734	0.017	23.87	23.8	79.4699478611663	101.75	2.343	47.1	0.68	234.4	0	0	1.23	0.61	0	0.416	0.393	0.423	0.411	0.413	-0.1	-0.1	-0.1	2.115	2.425	2.177	3.091	2.226	23.35	22.1	21.75	19.55	17.8	0.345
2026-03-08 23:45:00	-91.1636	30.3734	0	23.3	23.5	80.50337512587254	101.75	2.331	22.7	0.75	240.8	0	0	1.08	0.56	0	0.416	0.393	0.423	0.411	0.413	-0.1	-0.1	-0.1	2.115	2.425	2.177	3.091	2.227	23.35	22.1	21.75	19.55	17.8	0.372
2026-03-09 00:00:00	-91.1636	30.3734	0.017	22.88	23	84.07376555257682	101.76	2.362	7.4	1.1	231.9	0	0	1.89	0.44	0	0.416	0.393	0.423	0.411	0.413	-0.1	-0.1	-0.1	2.116	2.424	2.176	3.092	2.227	23.25	22.2	21.75	19.55	17.8	0.383
2026-03-09 00:15:00	-91.1636	30.3734	0.017	22.27	22.5	87.43068812849023	101.77	2.383	0	1.06	238.8	0	0	1.8	0.33	0	0.416	0.393	0.423	0.411	0.413	-0.1	-0.1	-0.1	2.116	2.418	2.175	3.092	2.227	23.200000000000003	22.2	21.8	19.55	17.8	NA
2026-03-09 00:30:00	-91.1636	30.3734	0.017	21.85	22	88.54239501001172	101.77	2.341	0	0.35	292	0	0	0.78	0.31	0	0.416	0.393	0.423	0.411	0.413	-0.1	-0.1	-0.1	2.116	2.418	2.17	3.099	2.226	23.15	22.2	21.85	19.55	17.8	NA
2026-03-09 00:45:00	-91.1636	30.3734	0.017	21.56	21.8	88.21259551608271	101.78	2.304	0	0.27	299.5	0	0	0.68	0.3	0	0.416	0.393	0.423	0.411	0.413	-0.1	-0.1	-0.1	2.122	2.418	2.175	3.092	2.227	23.05	22.2	21.85	19.55	17.8	NA
2026-03-09 01:00:00	-91.1636	30.3734	0	21.5	21.8	87.75315491443645	101.78	2.292	0	0.34	291.8	0	0	0.66	0.32	0	0.416	0.393	0.423	0.411	0.413	-0.1	-0.1	-0.1	2.122	2.412	2.169	3.092	2.227	23	22.2	21.85	19.55	17.8	NA
2026-03-09 01:15:00	-91.1636	30.3734	0.017	21.44	21.5	89.22096416475807	101.79	2.288	0	0.46	341.9	0	0	0.75	0.28	0	0.416	0.393	0.423	0.411	0.413	-0.1	-0.1	-0.1	2.123	2.412	2.168	3.099	2.227	22.9	22.2	21.9	19.55	17.8	NA
2026-03-09 01:30:00	-91.1636	30.3734	0.017	21.23	21.1	91.35512175579683	101.79	2.286	0	0.34	25.7	0	0	0.63	0.22	0	0.416	0.393	0.423	0.411	0.413	-0.1	-0.1	-0.1	2.123	2.412	2.168	3.099	2.226	22.8	22.2	21.9	19.55	17.9	NA
2026-03-09 01:45:00	-91.1636	30.3734	0.017	20.9	21	92.07860998258566	101.79	2.29	0	0.4	265.3	0	0	0.8	0.19	0	0.416	0.393	0.423	0.411	0.413	-0.1	-0.1	-0.1	2.123	2.413	2.168	3.098	2.226	22.8	22.2	21.9	19.55	17.9	NA
2026-03-09 02:00:00	-91.1636	30.3734	0.017	20.69	21.1	91.03541879252195	101.79	2.278	0	0.42	307.6	0	0	0.87	0.22	0	0.416	0.393	0.423	0.411	0.413	-0.1	-0.1	-0.1	2.124	2.413	2.163	3.099	2.225	22.7	22.1	21.9	19.55	17.9	NA
2026-03-09 02:15:00	-91.1636	30.3734	0.017	20.45	20.8	92.24069611324157	101.78	2.266	0	0.25	226.4	0	0	0.55	0.18	0	0.416	0.393	0.424	0.411	0.413	-0.1	-0.1	-0.1	2.125	2.407	2.162	3.099	2.226	22.6	22.1	21.9	19.55	17.9	NA
2026-03-09 02:30:00	-91.1636	30.3734	0	20.59	21.1	90.83560444047515	101.77	2.273	0	0.53	80	0	0	1.27	0.23	0	0.416	0.393	0.424	0.411	0.413	-0.1	-0.1	-0.1	2.125	2.408	2.163	3.099	2.226	22.55	22.1	21.85	19.55	17.9	NA
2026-03-09 02:45:00	-91.1636	30.3734	0.017	20.61	21.2	90.67718968918525	101.79	2.283	0	0.43	37.8	0	0	1	0.23	0	0.416	0.393	0.424	0.411	0.413	-0.1	-0.1	-0.1	2.125	2.402	2.164	3.098	2.225	22.45	22.1	21.85	19.55	17.9	NA
2026-03-09 03:00:00	-91.1636	30.3734	0.017	20.45	20.9	91.63473782391397	101.82	2.265	0	0.46	325	0	0	1.01	0.2	0.007	0.416	0.393	0.423	0.411	0.413	-0.1	-0.1	-0.1	2.126	2.402	2.159	3.098	2.226	22.35	22	21.8	19.55	17.9	NA
2026-03-09 03:15:00	-91.1636	30.3734	0	20.35	20.8	92.36281530491841	101.84	2.269	0	0.36	167.6	0	0	0.84	0.19	0	0.416	0.393	0.423	0.411	0.413	-0.1	-0.1	-0.1	2.127	2.403	2.159	3.098	2.225	22.25	22	21.8	19.55	17.9	NA
2026-03-09 03:30:00	-91.1636	30.3734	0.017	20.33	20.8	92.52564089382088	101.84	2.273	0	0.37	209.9	0	0	1.19	0.18	0	0.416	0.393	0.424	0.411	0.413	-0.1	-0.1	-0.1	2.127	2.403	2.158	3.099	2.226	22.200000000000003	22	21.8	19.55	17.9	0.214
2026-03-09 03:45:00	-91.1636	30.3734	0.017	20.36	20.8	92.52564089382088	101.85	2.273	0	0.49	192.3	0	0	1.54	0.19	0	0.416	0.393	0.424	0.411	0.413	-0.1	-0.1	-0.1	2.123	2.398	2.159	3.099	2.225	22.1	21.9	21.8	19.55	17.9	NA
2026-03-09 04:00:00	-91.1636	30.3734	0	20.44	20.8	92.76987927717454	101.83	2.279	0	0.67	192.6	0	0	2.23	0.18	0	0.416	0.393	0.423	0.411	0.413	-0.1	-0.1	-0.1	2.123	2.398	2.155	3.099	2.225	22.05	21.9	21.75	19.55	17.9	NA
2026-03-09 04:15:00	-91.1636	30.3734	0.017	20.41	20.8	92.19998971601595	101.85	2.265	0	0.56	141.3	0	0	1.58	0.19	0	0.416	0.393	0.423	0.411	0.413	-0.1	-0.1	-0.1	2.124	2.398	2.155	3.098	2.225	22	21.9	21.7	19.55	17.9	NA
2026-03-09 04:30:00	-91.1636	30.3734	0.017	20.28	20.7	92.19576294660237	101.85	2.251	0	0.7	228.4	0	0	1.77	0.19	0	0.416	0.393	0.423	0.411	0.413	-0.1	-0.1	-0.1	2.125	2.399	2.155	3.098	2.225	21.9	21.8	21.7	19.55	17.9	NA
2026-03-09 04:45:00	-91.1636	30.3734	0.017	20.23	20.6	92.35325316580631	101.82	2.241	0	0.79	200	0	0	1.91	0.18	0	0.416	0.393	0.424	0.411	0.413	-0.1	-0.1	-0.1	2.125	2.393	2.15	3.099	2.225	21.85	21.8	21.7	19.55	17.9	NA
2026-03-09 05:00:00	-91.1636	30.3734	0	20.28	20.6	92.4768853654928	101.85	2.244	0	0.51	254.7	0	0	1.83	0.19	0	0.416	0.393	0.424	0.411	0.413	-0.1	-0.1	-0.1	2.126	2.394	2.155	3.098	2.226	21.799999999999997	21.8	21.65	19.55	17.9	NA
2026-03-09 05:15:00	-91.1636	30.3734	0.017	20.15	20.4	93.49926010975452	101.85	2.241	0	0.8	220	0	0	1.67	0.16	0	0.416	0.393	0.424	0.411	0.413	-0.1	-0.1	-0.1	2.126	2.395	2.15	3.098	2.225	21.700000000000003	21.7	21.6	19.55	17.9	0.194
2026-03-09 05:30:00	-91.1636	30.3734	0.017	20.18	20.4	93.66614857045911	101.83	2.245	0	0.89	225.7	0	0	2.19	0.16	0	0.416	0.393	0.424	0.411	0.413	-0.1	-0.1	-0.1	2.121	2.394	2.15	3.098	2.225	21.700000000000003	21.7	21.6	19.55	17.9	0.209
2026-03-09 05:45:00	-91.1636	30.3734	0	20.09	20.3	94.49806580268958	101.85	2.251	0	1.11	241.3	0	0	1.56	0.13	0	0.416	0.393	0.424	0.411	0.413	-0.1	-0.1	-0.1	2.127	2.39	2.15	3.098	2.231	21.6	21.6	21.6	19.55	17.9	0.195
2026-03-09 06:00:00	-91.1636	30.3734	0.017	19.73	20	95.41196038897003	101.85	2.231	0	0.92	242.7	0	0	1.89	0.1	0	0.416	0.393	0.424	0.411	0.413	-0.1	-0.1	-0.1	2.122	2.39	2.151	3.098	2.225	21.6	21.6	21.5	19.55	17.9	0.192
2026-03-09 06:15:00	-91.1636	30.3734	0	19.78	20	95.28366102493288	101.81	2.228	0	0.53	203.1	0	0	1.85	0.11	0	0.416	0.393	0.424	0.411	0.413	-0.1	-0.1	-0.1	2.123	2.39	2.15	3.098	2.225	21.5	21.6	21.5	19.55	17.9	0.184
2026-03-09 06:30:00	-91.1636	30.3734	0.017	19.82	20	95.79685848108154	101.82	2.24	0	1.35	199	0	0	2.71	0.1	0	0.416	0.393	0.424	0.411	0.413	-0.1	-0.1	-0.1	2.123	2.392	2.145	3.098	2.23	21.5	21.5	21.5	19.55	17.9	0.165
2026-03-09 06:45:00	-91.1636	30.3734	0	19.83	20	95.83962493576058	101.79	2.241	0	1.26	185.2	0	0	3.45	0.09	0	0.416	0.393	0.424	0.411	0.413	-0.1	-0.1	-0.1	2.123	2.391	2.146	3.097	2.226	21.4	21.5	21.45	19.55	17.9	0.186
2026-03-09 07:00:00	-91.1636	30.3734	0.017	19.78	20	96.35282239190923	101.79	2.253	0	1.24	194.7	0	0	3.68	0.09	0	0.416	0.393	0.424	0.411	0.413	-0.1	-0.1	-0.1	2.119	2.391	2.146	3.096	2.231	21.35	21.4	21.4	19.6	17.9	0.176
2026-03-09 07:15:00	-91.1636	30.3734	0.017	19.29	19.7	96.984658476405	101.79	2.226	0	1.06	241.3	0	0	1.63	0.06	0	0.416	0.393	0.424	0.411	0.413	-0.1	-0.1	-0.1	2.125	2.392	2.141	3.096	2.231	21.299999999999997	21.4	21.4	19.6	17.9	0.19
2026-03-09 07:30:00	-91.1636	30.3734	0	18.95	19.5	97.04968511781789	101.76	2.2	0	0.51	243.6	0	0	1.06	0.07	0	0.416	0.393	0.424	0.411	0.413	-0.1	-0.1	-0.1	2.125	2.386	2.141	3.096	2.225	21.25	21.4	21.4	19.6	17.9	0.143
2026-03-09 07:45:00	-91.1636	30.3734	0.017	19.04	19.5	97.35847957046546	101.75	2.207	0	0.57	212.7	0	0	1.86	0.06	0	0.416	0.393	0.424	0.411	0.413	-0.1	-0.1	-0.1	2.121	2.387	2.142	3.096	2.225	21.200000000000003	21.3	21.3	19.65	17.9	0.098
2026-03-09 08:00:00	-91.1636	30.3734	0	19.03	19.5	97.40259306370085	101.74	2.208	0	0.31	39.4	0	0	0.83	0.05	0	0.416	0.393	0.424	0.411	0.413	-0.1	-0.1	-0.1	2.122	2.393	2.142	3.096	2.225	21.15	21.3	21.3	19.65	17.9	0.039
2026-03-09 08:15:00	-91.1636	30.3734	0.017	18.58	19.1	98.90827184159973	101.75	2.187	0	0.79	275.4	0	0	1.1	0.03	0	0.416	0.393	0.424	0.411	0.413	-0.1	-0.1	-0.1	2.122	2.388	2.136	3.096	2.225	21.1	21.3	21.3	19.65	17.9	-0.016
2026-03-09 08:30:00	-91.1636	30.3734	0	18.29	18.8	98.93440040539325	101.74	2.147	0	1.17	284.6	0	0	1.66	0.02	0	0.416	0.393	0.424	0.411	0.413	-0.1	-0.1	-0.1	2.122	2.389	2.137	3.096	2.231	21.049999999999997	21.2	21.2	19.65	17.9	-0.087
2026-03-09 08:45:00	-91.1636	30.3734	0.017	18.14	18.6	99.05966045011407	101.74	2.123	0	1.13	270.1	0	0	1.6	0.01	0	0.416	0.393	0.424	0.411	0.413	-0.1	-0.1	-0.1	2.118	2.394	2.137	3.103	2.231	20.950000000000003	21.2	21.2	19.65	17.9	-0.079
2026-03-09 09:00:00	-91.1636	30.3734	0	18.14	18.5	99.6817834769994	101.73	2.123	0	0.61	276.6	0	0	0.84	0.01	0	0.416	0.393	0.424	0.411	0.413	-0.1	-0.1	-0.1	2.118	2.389	2.138	3.103	2.23	20.950000000000003	21.2	21.2	19.65	17.9	-0.087
2026-03-09 09:15:00	-91.1636	30.3734	0.017	18.54	18.8	98.98048070367244	101.7	2.148	0	0.34	254	0	0	1.07	0.02	0	0.416	0.393	0.424	0.411	0.413	-0.1	-0.1	-0.1	2.119	2.39	2.132	3.103	2.225	20.85	21.1	21.2	19.65	17.9	-0.123
2026-03-09 09:30:00	-91.1636	30.3734	0	18.92	19.2	99.01296619716936	101.7	2.203	0	0.51	260.6	0	0	1.29	0.02	0	0.416	0.393	0.424	0.411	0.413	-0.1	-0.1	-0.1	2.119	2.391	2.133	3.103	2.231	20.8	21.1	21.1	19.65	17.9	NA
2026-03-09 09:45:00	-91.1636	30.3734	0.017	18.5	19	99.98210043321556	101.7	2.197	0	0.77	272.7	0	0	1.01	0.01	0	0.416	0.393	0.424	0.411	0.413	-0.1	-0.1	-0.1	2.12	2.391	2.133	3.103	2.226	20.75	21	21.1	19.65	17.9	-0.147
2026-03-09 10:00:00	-91.1636	30.3734	0	18.38	18.9	99.50901065961622	101.72	2.173	0	0.88	291.3	0	0	1.34	0.01	0	0.416	0.393	0.424	0.411	0.413	-0.1	-0.1	-0.1	2.12	2.386	2.133	3.096	2.226	20.75	21	21.1	19.65	17.9	-0.18
2026-03-09 10:15:00	-91.1636	30.3734	0.017	18.46	18.9	99.28004376900505	101.73	2.168	0	0.55	299.2	0	0	1.14	0.01	0	0.416	0.393	0.424	0.411	0.413	-0.1	-0.1	-0.1	2.117	2.386	2.133	3.103	2.225	20.65	21	21	19.65	17.9	-0.189
2026-03-09 10:30:00	-91.1636	30.3734	0	18.42	19	98.98091417489476	101.73	2.175	0	0.5	282.3	0	0	0.89	0.01	0	0.416	0.393	0.424	0.411	0.413	-0.1	-0.1	-0.1	2.122	2.386	2.128	3.103	2.231	20.6	20.9	21	19.65	17.9	NA
2026-03-09 10:45:00	-91.1636	30.3734	0.017	18.66	19.1	99.58665505038985	101.73	2.202	0	0.82	257.9	0	0	1.27	0.01	0	0.416	0.393	0.424	0.411	0.413	-0.1	-0.1	-0.1	2.118	2.386	2.129	3.095	2.225	20.549999999999997	20.9	21	19.65	17.9	NA
2026-03-09 11:00:00	-91.1636	30.3734	0	18.6	18.9	99.87535768459409	101.77	2.181	0	1.37	262.7	0	0	2.07	0	0	0.416	0.393	0.424	0.411	0.413	-0.1	-0.1	-0.1	2.123	2.387	2.129	3.096	2.231	20.549999999999997	20.8	20.9	19.65	17.9	NA
2026-03-09 11:15:00	-91.1636	30.3734	0.017	18.28	18.4	99.64682752916362	101.81	2.109	0	1.55	304.9	0	0	1.78	0	0	0.416	0.393	0.424	0.411	0.413	-0.1	-0.1	-0.1	2.119	2.387	2.129	3.096	2.23	20.5	20.8	20.9	19.65	17.9	-0.188
2026-03-09 11:30:00	-91.1636	30.3734	0	18.36	18.4	100	101.82	2.119	0	1.36	303.9	0	0	1.77	0	0	0.416	0.393	0.424	0.411	0.413	-0.1	-0.1	-0.1	2.119	2.388	2.125	3.095	2.23	20.450000000000003	20.8	20.9	19.65	18	-0.178
2026-03-09 11:45:00	-91.1636	30.3734	0.017	18.93	18.6	99.52626271318573	101.84	2.133	0	0.82	270.3	0	0	1.3	0	0	0.416	0.393	0.424	0.411	0.413	-0.1	-0.1	-0.1	2.12	2.383	2.13	3.095	2.229	20.4	20.7	20.8	19.65	18	-0.196
2026-03-09 12:00:00	-91.1636	30.3734	0	19.51	19.1	99.90323388115858	101.85	2.209	0	0.83	250.1	0	0	1.26	0	0	0.416	0.393	0.424	0.411	0.413	-0.1	-0.1	-0.1	2.12	2.383	2.126	3.095	2.23	20.35	20.7	20.8	19.65	18	NA
2026-03-09 12:15:00	-91.1636	30.3734	0.017	19.87	19.5	99.82883519164628	101.86	2.263	0	0.76	239.7	0	0	1.69	0	0	0.416	0.393	0.424	0.411	0.413	-0.1	-0.1	-0.1	2.121	2.383	2.126	3.095	2.224	20.35	20.7	20.8	19.65	18	0.018
2026-03-09 12:30:00	-91.1636	30.3734	0	20.03	19.8	99.63246188879054	101.88	2.301	0.6	1.27	232.3	0	0	1.87	0	0	0.416	0.393	0.424	0.411	0.413	-0.1	-0.1	-0.1	2.115	2.384	2.127	3.094	2.224	20.35	20.6	20.7	19.700000000000003	18	-0.033
2026-03-09 12:45:00	-91.1636	30.3734	0.085	20.22	19.8	100	101.91	2.316	8.3	1.42	226.9	0	0	2.27	0	0.007	0.416	0.393	0.424	0.411	0.413	-0.1	-0.1	-0.1	2.116	2.384	2.127	3.101	2.229	20.299999999999997	20.6	20.7	19.700000000000003	18	0.001
2026-03-09 13:00:00	-91.1636	30.3734	0	20.55	20.1	100	101.91	2.354	14.2	1.38	209.2	0	0	2.44	0	0	0.416	0.393	0.424	0.411	0.413	-0.1	-0.1	-0.1	2.116	2.384	2.127	3.094	2.229	20.299999999999997	20.6	20.7	19.700000000000003	18	0.03
2026-03-09 13:15:00	-91.1636	30.3734	0.017	20.83	20.3	99.99750899245073	101.92	2.382	31.6	1.48	207.8	0	0	2.69	0	0	0.416	0.393	0.424	0.412	0.413	-0.1	-0.1	-0.1	2.112	2.384	2.127	3.093	2.229	20.299999999999997	20.6	20.7	19.700000000000003	18	0.071
2026-03-09 13:30:00	-91.1636	30.3734	0	21.15	20.5	99.97340896152822	101.93	2.411	53.9	1.3	198.2	0	0	3.01	0	0	0.416	0.393	0.424	0.412	0.413	-0.1	-0.1	-0.1	2.112	2.384	2.123	3.093	2.229	20.299999999999997	20.6	20.6	19.700000000000003	18	0.111
2026-03-09 13:45:00	-91.1636	30.3734	0.017	21.6	20.7	99.77293582315565	101.93	2.436	110.2	1.63	191.8	0	0	3.4	0	0	0.416	0.393	0.424	0.412	0.413	-0.1	-0.1	-0.1	2.112	2.385	2.123	3.093	2.229	20.35	20.5	20.6	19.700000000000003	18	0.164
2026-03-09 14:00:00	-91.1636	30.3734	0	21.87	20.9	100	101.94	2.472	109.6	1.81	184.9	0	0	3.75	0	0	0.416	0.393	0.424	0.412	0.413	-0.1	-0.1	-0.1	2.112	2.386	2.123	3.093	2.229	20.35	20.5	20.6	19.700000000000003	18	0.175
2026-03-09 14:15:00	-91.1636	30.3734	0.017	22.45	21.1	100	101.95	2.503	167.4	1.49	179.9	0	0	4.36	0	0	0.416	0.393	0.424	0.412	0.413	-0.1	-0.1	-0.1	2.112	2.386	2.124	3.093	2.229	20.4	20.5	20.6	19.700000000000003	18	0.227
2026-03-09 14:30:00	-91.1636	30.3734	0	22.94	21.4	100	101.96	2.553	194.1	2.15	192.9	0	0	4.07	0	0	0.416	0.393	0.424	0.412	0.413	-0.1	-0.1	-0.1	2.111	2.385	2.123	3.093	2.229	20.5	20.5	20.6	19.700000000000003	18	0.323
2026-03-09 14:45:00	-91.1636	30.3734	0.017	22.94	21.6	99.64526417589218	101.99	2.571	164.5	2.61	204.5	0	0	5.66	0	0	0.416	0.393	0.424	0.411	0.413	-0.1	-0.1	-0.1	2.107	2.385	2.124	3.094	2.229	20.55	20.5	20.55	19.700000000000003	18	0.355
2026-03-09 15:00:00	-91.1636	30.3734	0	23.34	21.6	99.91656594533256	102	2.578	230.4	2.74	194.8	0	0	5.41	0	0	0.416	0.393	0.424	0.411	0.413	-0.1	-0.1	-0.1	2.106	2.379	2.124	3.094	2.229	20.65	20.5	20.55	19.700000000000003	18	0.362
2026-03-09 15:15:00	-91.1636	30.3734	0	23.49	21.6	100	102.01	2.582	232.8	2.68	200.4	0	0	5.91	0	0	0.416	0.393	0.424	0.412	0.413	-0.1	-0.1	-0.1	2.107	2.384	2.129	3.1	2.229	20.700000000000003	20.6	20.55	19.700000000000003	18	0.36
2026-03-09 15:30:00	-91.1636	30.3734	0.017	24.17	21.9	99.81510253933124	102.03	2.623	277.4	2.15	200.3	0	0	3.56	0	0	0.416	0.393	0.424	0.412	0.413	-0.1	-0.1	-0.1	2.101	2.384	2.129	3.093	2.229	20.799999999999997	20.6	20.55	19.75	18	0.357
2026-03-09 15:45:00	-91.1636	30.3734	0	24.86	22.5	99.6849264142291	102.03	2.717	311.7	2.17	194.2	0	0	3.77	0	0	0.416	0.393	0.424	0.411	0.413	-0.1	-0.1	-0.1	2.101	2.384	2.129	3.094	2.229	20.9	20.6	20.55	19.75	18	0.358
2026-03-09 16:00:00	-91.1636	30.3734	0.017	26.02	23.1	99.94780774527884	102.02	2.825	449.6	2.56	193.3	0	0	4.15	0	0	0.416	0.393	0.424	0.412	0.413	-0.1	-0.1	-0.1	2.101	2.383	2.129	3.093	2.229	21	20.6	20.55	19.75	18	0.358
2026-03-09 16:15:00	-91.1636	30.3734	0	26.33	23.4	99.12685381577607	102.03	2.853	452	2.18	199.8	0	0	4.09	0.03	0	0.415	0.393	0.424	0.412	0.413	-0.1	-0.1	-0.1	2.096	2.383	2.128	3.093	2.229	21.15	20.7	20.6	19.75	18	0.357
2026-03-09 16:30:00	-91.1636	30.3734	0	27.46	24	99.36601875519932	102	2.965	562.7	1.97	179.4	0	0	4.64	0.01	0	0.415	0.393	0.424	0.412	0.413	-0.1	-0.1	-0.1	2.095	2.388	2.129	3.093	2.229	21.3	20.7	20.6	19.75	18	0.351
2026-03-09 16:45:00	-91.1636	30.3734	0	27.02	24.2	96.32686943548656	101.99	2.909	450.5	2.38	189.3	0	0	5.18	0.11	0	0.415	0.393	0.424	0.412	0.413	-0.1	-0.1	-0.1	2.095	2.387	2.129	3.093	2.229	21.5	20.8	20.65	19.75	18	0.35
2026-03-09 17:00:00	-91.1636	30.3734	0	26.6	24.1	93.77473836488893	101.99	2.815	402.7	2.18	178.7	0	0	4.06	0.19	0	0.415	0.393	0.424	0.412	0.413	-0.1	-0.1	-0.1	2.094	2.387	2.129	3.093	2.229	21.65	20.8	20.65	19.75	18	0.353
2026-03-09 17:15:00	-91.1636	30.3734	0	28.76	25	94.73518244082771	101.97	3.001	647.2	2.11	195.8	0	0	4.59	0.17	0	0.415	0.393	0.424	0.411	0.413	-0.1	-0.1	-0.1	2.088	2.386	2.133	3.094	2.229	21.799999999999997	20.9	20.7	19.75	18	0.346
2026-03-09 17:30:00	-91.1636	30.3734	0.017	28.67	25.3	92.56308798020964	101.95	2.985	657.8	2.71	176.4	0	0	5.67	0.23	0	0.415	0.393	0.424	0.412	0.413	-0.1	-0.1	-0.1	2.087	2.391	2.133	3.093	2.229	22	21	20.75	19.75	18	0.344
2026-03-09 17:45:00	-91.1636	30.3734	0.017	29.04	25.7	91.05812466312747	101.92	3.007	630.3	2.8	192.8	0	0	5.04	0.3	0	0.415	0.393	0.424	0.412	0.413	-0.1	-0.1	-0.1	2.087	2.39	2.133	3.093	2.229	22.15	21	20.75	19.75	18	0.344
2026-03-09 18:00:00	-91.1636	30.3734	0	29.87	26.3	88.90799237474012	101.9	3.042	707.8	3.07	204.3	0	0	4.67	0.38	0	0.415	0.393	0.424	0.412	0.413	-0.1	-0.1	-0.1	2.086	2.395	2.137	3.093	2.229	22.35	21.1	20.85	19.75	18	0.339
2026-03-09 18:15:00	-91.1636	30.3734	0	28.88	26.3	86.3652588650089	101.87	2.955	519.7	3.13	184	0	0	5.37	0.46	0	0.415	0.393	0.424	0.411	0.413	-0.1	-0.1	-0.1	2.08	2.395	2.136	3.094	2.229	22.55	21.2	20.9	19.75	18	0.343
2026-03-09 18:30:00	-91.1636	30.3734	0	27.74	26	85.29083208941107	101.85	2.867	329.7	3.17	187.9	0	0	5.3	0.5	0	0.415	0.393	0.424	0.412	0.413	-0.1	-0.1	-0.1	2.08	2.394	2.135	3.093	2.229	22.75	21.3	20.95	19.75	18	0.352
2026-03-09 18:45:00	-91.1636	30.3734	0.017	30.33	26.8	83.68997368625385	101.81	2.949	833.9	3.1	185.6	0	0	6.21	0.58	0	0.415	0.393	0.424	0.412	0.413	-0.1	-0.1	-0.1	2.083	2.398	2.14	3.092	2.229	22.9	21.4	21.05	19.75	18	0.342
2026-03-09 19:00:00	-91.1636	30.3734	0	30.26	27.2	82.91317011551035	101.78	2.991	715.7	3.76	186.7	0	0	6.47	0.62	0	0.414	0.393	0.424	0.412	0.413	-0.1	-0.1	-0.1	2.078	2.398	2.139	3.093	2.229	23.05	21.5	21.1	19.75	18	0.338
2026-03-09 19:15:00	-91.1636	30.3734	0.017	27.98	26.7	80.75777028760476	101.76	2.829	327.2	3.55	194	0	0	6.07	0.68	0	0.414	0.393	0.424	0.412	0.413	-0.1	-0.1	-0.1	2.082	2.396	2.138	3.093	2.229	23.200000000000003	21.6	21.15	19.75	18	0.35
2026-03-09 19:30:00	-91.1636	30.3734	0	27.18	26.5	79.51861667889244	101.73	2.753	228.3	3.44	193.9	0	0	5.55	0.71	0	0.414	0.393	0.424	0.411	0.413	-0.1	-0.1	-0.1	2.081	2.401	2.142	3.094	2.229	23.35	21.7	21.25	19.75	18	0.362
2026-03-09 19:45:00	-91.1636	30.3734	0	26.66	26.3	79.5846361723923	101.73	2.723	166.2	2.83	205.7	0	0	6.54	0.69	0	0.414	0.393	0.424	0.411	0.413	-0.1	-0.1	-0.1	2.08	2.4	2.146	3.094	2.23	23.45	21.8	21.299999999999997	19.75	18	0.365
2026-03-09 20:00:00	-91.1636	30.3734	0	26.61	26.2	79.79098854540494	101.74	2.714	139.6	2.17	212.1	0	0	5	0.7	0	0.414	0.393	0.424	0.411	0.413	-0.1	-0.1	-0.1	2.08	2.399	2.145	3.094	2.229	23.45	21.9	21.4	19.75	18	0.375
2026-03-09 20:15:00	-91.1636	30.3734	0.017	26.53	26.2	80.29078471536509	101.73	2.731	126.8	2.1	205.7	0	0	3.98	0.68	0	0.414	0.393	0.424	0.411	0.413	-0.1	-0.1	-0.1	2.079	2.398	2.144	3.094	2.228	23.5	22	21.5	19.75	18.1	0.361
2026-03-09 20:30:00	-91.1636	30.3734	0	27.34	26.4	80.16279096917438	101.71	2.759	212.3	1.87	213.4	0	0	3.57	0.68	0	0.414	0.393	0.424	0.411	0.413	-0.1	-0.1	-0.1	2.085	2.397	2.143	3.094	2.229	23.450000000000003	22	21.55	19.75	18.1	0.36
2026-03-09 20:45:00	-91.1636	30.3734	0	27.6	26.7	78.9878933848718	101.68	2.767	177.2	1.39	199.2	0	0	2.65	0.74	0	0.414	0.393	0.424	0.411	0.413	-0.1	-0.1	-0.1	2.084	2.396	2.142	3.094	2.229	23.5	22.1	21.6	19.75	18.1	0.366
2026-03-09 21:00:00	-91.1636	30.3734	0.017	28.2	26.9	78.74223077797681	101.65	2.791	290.2	1.86	202.1	0	0	3.56	0.76	0	0.414	0.393	0.424	0.411	0.413	-0.1	-0.1	-0.1	2.084	2.395	2.142	3.094	2.229	23.5	22.2	21.65	19.75	18.1	0.349
2026-03-09 21:15:00	-91.1636	30.3734	0	30.64	28.4	76.63748886611765	101.63	2.965	597.3	2.58	225.7	0	0	5.61	0.9	0	0.414	0.393	0.424	0.411	0.413	-0.1	-0.1	-0.1	2.085	2.39	2.141	3.094	2.228	23.5	22.2	21.700000000000003	19.75	18.1	0.341
2026-03-09 21:30:00	-91.1636	30.3734	0	29.66	28.2	77.58542204672511	101.64	2.967	560.8	4.01	228.7	0	0	6.42	0.87	0	0.414	0.393	0.424	0.411	0.413	-0.1	-0.1	-0.1	2.085	2.394	2.14	3.094	2.228	23.549999999999997	22.3	21.75	19.75	18.1	0.334
2026-03-09 21:45:00	-91.1636	30.3734	0	29.47	28.2	77.21932972833814	101.64	2.953	505.3	3.83	226.7	0	0	6.56	0.87	0	0.414	0.393	0.424	0.411	0.413	-0.1	-0.1	-0.1	2.084	2.394	2.144	3.094	2.228	23.65	22.3	21.799999999999997	19.75	18.1	0.336
2026-03-09 22:00:00	-91.1636	30.3734	0.017	27.73	27.4	76.90689804388474	101.65	2.807	238.1	3.52	214.3	0	0	6.94	0.85	0	0.414	0.393	0.424	0.411	0.413	-0.1	-0.1	-0.1	2.089	2.394	2.138	3.094	2.229	23.700000000000003	22.3	21.85	19.75	18.1	0.359
2026-03-09 22:15:00	-91.1636	30.3734	0	27.27	27.1	76.45740515969558	101.64	2.742	205.6	3.01	210.7	0	0	5.28	0.85	0	0.414	0.393	0.424	0.411	0.413	-0.1	-0.1	-0.1	2.089	2.393	2.143	3.094	2.229	23.75	22.4	21.85	19.75	18.1	0.345
2026-03-09 22:30:00	-91.1636	30.3734	0	27.53	27.3	76.97238966443024	101.65	2.793	230.5	3.1	226.7	0	0	5.41	0.84	0	0.414	0.393	0.424	0.412	0.413	-0.1	-0.1	-0.1	2.088	2.399	2.142	3.093	2.229	23.7	22.4	21.95	19.75	18.1	0.34
2026-03-09 22:45:00	-91.1636	30.3734	0.017	26.11	26.5	77.03456254362736	101.65	2.667	111.5	3.36	224.8	0	0	6.16	0.79	0	0.414	0.393	0.424	0.411	0.413	-0.1	-0.1	-0.1	2.084	2.398	2.142	3.094	2.228	23.7	22.4	21.95	19.75	18.1	0.365
2026-03-09 23:00:00	-91.1636	30.3734	0	26.25	26.3	78.35710965045308	101.67	2.681	135.2	2.91	227.4	0	0	6.85	0.73	0	0.414	0.393	0.424	0.411	0.413	-0.1	-0.1	-0.1	2.083	2.392	2.141	3.094	2.228	23.7	22.5	22.05	19.75	18.1	0.352
2026-03-09 23:15:00	-91.1636	30.3734	0.017	25.4	25.8	78.65974325559739	101.68	2.613	77	3.07	229.5	0	0	5.52	0.7	0	0.414	0.393	0.424	0.411	0.413	-0.1	-0.1	-0.1	2.088	2.393	2.141	3.094	2.228	23.6	22.5	22.05	19.75	18.1	0.388
2026-03-09 23:30:00	-91.1636	30.3734	0	24.69	25.2	79.88864270832669	101.7	2.561	44.1	2.96	232.3	0	0	5.58	0.65	0	0.414	0.393	0.424	0.411	0.413	-0.1	-0.1	-0.1	2.09	2.392	2.141	3.094	2.229	23.6	22.5	22.05	19.75	18.1	0.4
2026-03-09 23:45:00	-91.1636	30.3734	0	24.21	24.8	80.66486455781886	101.72	2.525	35.5	2.5	234.1	0	0	5.21	0.61	0	0.414	0.393	0.424	0.411	0.413	-0.1	-0.1	-0.1	2.09	2.391	2.139	3.094	2.229	23.549999999999997	22.6	22.15	19.75	18.1	0.371
2026-03-10 00:00:00	-91.1636	30.3734	0.017	23.65	24.4	81.04537333754301	101.75	2.477	15.1	2.32	235.1	0	0	3.92	0.58	0	0.414	0.393	0.424	0.412	0.413	-0.1	-0.1	-0.1	2.095	2.385	2.134	3.093	2.229	23.5	22.6	22.15	19.75	18.1	0.395
2026-03-10 00:15:00	-91.1636	30.3734	0	23.25	24	82.2408802783336	101.77	2.454	0	2.37	233.4	0	0	3.99	0.54	0	0.414	0.393	0.424	0.412	0.413	-0.1	-0.1	-0.1	2.095	2.391	2.139	3.093	2.229	23.4	22.6	22.15	19.75	18.1	NA
2026-03-10 00:30:00	-91.1636	30.3734	0	22.92	23.7	83.02033295265937	101.79	2.433	0	2.34	233.3	0	0	4	0.49	0	0.414	0.393	0.424	0.411	0.413	-0.1	-0.1	-0.1	2.096	2.391	2.134	3.094	2.229	23.35	22.6	22.15	19.75	18.1	0.217
2026-03-10 00:45:00	-91.1636	30.3734	0.017	22.61	23.3	84.06677282415632	101.81	2.405	0	2.25	230.8	0	0	3.46	0.46	0	0.414	0.393	0.425	0.411	0.413	-0.1	-0.1	-0.1	2.096	2.385	2.133	3.101	2.229	23.25	22.6	22.15	19.75	18.1	0.214
2026-03-10 01:00:00	-91.1636	30.3734	0	22.19	22.9	85.37184375195685	101.83	2.384	0	1.69	231.9	0	0	2.66	0.4	0	0.414	0.393	0.425	0.412	0.413	-0.1	-0.1	-0.1	2.097	2.385	2.133	3.093	2.229	23.2	22.6	22.15	19.75	18.1	0.208
2026-03-10 01:15:00	-91.1636	30.3734	0.017	22	22.9	85.1569817290912	101.85	2.378	0	1.39	228.8	0	0	2.36	0.42	0	0.414	0.393	0.425	0.411	0.413	-0.1	-0.1	-0.1	2.097	2.387	2.133	3.101	2.229	23.05	22.6	22.15	19.75	18.1	0.205
2026-03-10 01:30:00	-91.1636	30.3734	0	22.15	23	85.10600060804876	101.87	2.391	0	1.67	212.8	0	0	2.74	0.42	0	0.414	0.393	0.425	0.412	0.413	-0.1	-0.1	-0.1	2.098	2.387	2.128	3.1	2.229	22.95	22.6	22.15	19.75	18.1	0.234
2026-03-10 01:45:00	-91.1636	30.3734	0	22.31	23	86.31620722480895	101.89	2.425	0	1.8	216.1	0	0	3.56	0.38	0	0.414	0.393	0.425	0.412	0.413	-0.1	-0.1	-0.1	2.098	2.383	2.128	3.1	2.229	22.9	22.5	22.15	19.75	18.1	0.212
2026-03-10 02:00:00	-91.1636	30.3734	0.017	22.23	22.8	88.16012626117659	101.91	2.447	0	1.85	221.8	0	0	3.24	0.33	0	0.414	0.393	0.425	0.412	0.413	-0.1	-0.1	-0.1	2.099	2.383	2.128	3.1	2.229	22.85	22.5	22.15	19.75	18.1	0.228
2026-03-10 02:15:00	-91.1636	30.3734	0	22.43	22.9	88.66639476923037	101.93	2.476	0	2.13	220	0	0	4.76	0.32	0	0.414	0.392	0.425	0.411	0.413	-0.1	-0.1	-0.1	2.1	2.385	2.123	3.101	2.229	22.75	22.5	22.15	19.75	18.1	0.237
2026-03-10 02:30:00	-91.1636	30.3734	0	22.19	22.8	89.16890580155784	101.94	2.475	0	1.67	220.5	0	0	2.9	0.29	0	0.414	0.392	0.425	0.412	0.413	-0.1	-0.1	-0.1	2.1	2.381	2.128	3.1	2.229	22.65	22.5	22.1	19.75	18.1	0.255
2026-03-10 02:45:00	-91.1636	30.3734	0.017	21.82	22.6	89.60022711380951	101.95	2.457	0	1.63	226	0	0	3.01	0.27	0	0.414	0.392	0.425	0.411	0.413	-0.1	-0.1	-0.1	2.101	2.383	2.123	3.101	2.229	22.6	22.4	22.1	19.75	18.1	0.233
2026-03-10 03:00:00	-91.1636	30.3734	0	21.73	22.4	90.54726409491819	101.97	2.453	0	1.75	223.6	0	0	2.87	0.26	0	0.414	0.392	0.425	0.412	0.413	-0.1	-0.1	-0.1	2.096	2.384	2.123	3.1	2.229	22.55	22.4	22.1	19.75	18.1	0.228
2026-03-10 03:15:00	-91.1636	30.3734	0.017	21.43	22.1	91.95179905153562	101.97	2.446	0	1.43	221.8	0	0	2.29	0.22	0	0.414	0.392	0.425	0.412	0.413	-0.1	-0.1	-0.1	2.101	2.384	2.124	3.1	2.229	22.5	22.4	22.05	19.75	18.1	0.25
2026-03-10 03:30:00	-91.1636	30.3734	0	21.25	22	92.24899676609081	101.97	2.439	0	1.41	223.2	0	0	2.13	0.2	0	0.414	0.392	0.425	0.412	0.413	-0.1	-0.1	-0.1	2.097	2.38	2.124	3.1	2.229	22.4	22.3	22.05	19.75	18.1	0.238
2026-03-10 03:45:00	-91.1636	30.3734	0	21.18	21.8	93.41958900140705	101.98	2.44	0	1.42	221.7	0	0	1.94	0.17	0	0.414	0.392	0.425	0.412	0.413	-0.1	-0.1	-0.1	2.097	2.386	2.119	3.093	2.229	22.299999999999997	22.3	22	19.75	18.1	0.233
2026-03-10 04:00:00	-91.1636	30.3734	0.017	21.09	21.7	94.03036265575781	101.97	2.441	0	1.37	236	0	0	2.34	0.15	0	0.414	0.392	0.425	0.412	0.413	-0.1	-0.1	-0.1	2.097	2.381	2.119	3.093	2.229	22.299999999999997	22.3	22	19.75	18.1	0.225
2026-03-10 04:15:00	-91.1636	30.3734	0	21.4	21.8	94.1470366206803	101.97	2.459	0	1.59	232.8	0	0	2.74	0.15	0	0.414	0.392	0.425	0.412	0.413	-0.1	-0.1	-0.1	2.099	2.382	2.12	3.093	2.229	22.200000000000003	22.2	22	19.75	18.1	0.196
2026-03-10 04:30:00	-91.1636	30.3734	0.017	21.48	21.9	94.7158940985114	101.97	2.489	0	1.69	229.2	0	0	2.98	0.14	0	0.414	0.392	0.425	0.412	0.413	-0.1	-0.1	-0.1	2.098	2.382	2.12	3.093	2.229	22.15	22.2	21.95	19.75	18.1	0.188
2026-03-10 04:45:00	-91.1636	30.3734	0	21.41	21.9	95.17253963052512	101.95	2.501	0	1.53	224.7	0	0	2.84	0.13	0	0.414	0.392	0.425	0.412	0.413	-0.1	-0.1	-0.1	2.1	2.377	2.116	3.093	2.229	22.1	22.1	21.9	19.75	18.1	0.19
2026-03-10 05:00:00	-91.1636	30.3734	0	21.33	21.8	95.79336544324607	101.93	2.502	0	1.3	226.5	0	0	2.07	0.1	0	0.414	0.392	0.424	0.412	0.413	-0.1	-0.1	-0.1	2.1	2.383	2.116	3.092	2.234	22.049999999999997	22.1	21.9	19.799999999999997	18.1	0.175
2026-03-10 05:15:00	-91.1636	30.3734	0.017	21.57	21.8	96.06137246087306	101.93	2.509	0	1.35	228.7	0	0	2	0.1	0	0.414	0.392	0.425	0.412	0.413	-0.1	-0.1	-0.1	2.096	2.377	2.116	3.091	2.234	22	22.1	21.9	19.799999999999997	18.1	0.173
2026-03-10 05:30:00	-91.1636	30.3734	0	21.36	21.6	97.24230564656298	101.91	2.509	0	1.42	230	0	0	2.24	0.07	0	0.414	0.392	0.425	0.412	0.413	-0.1	-0.1	-0.1	2.096	2.378	2.117	3.091	2.229	21.950000000000003	22	21.8	19.799999999999997	18.1	0.183
2026-03-10 05:45:00	-91.1636	30.3734	0	21.15	21.4	97.65492435812432	101.89	2.489	0	1.45	222.4	0	0	2.47	0.07	0	0.414	0.392	0.424	0.412	0.413	-0.1	-0.1	-0.1	2.097	2.378	2.113	3.099	2.229	21.9	22	21.8	19.799999999999997	18.1	0.182
2026-03-10 06:00:00	-91.1636	30.3734	0.017	21.27	21.5	97.52693679023598	101.87	2.501	0	1.42	229.3	0	0	2.3	0.07	0	0.414	0.392	0.425	0.412	0.413	-0.1	-0.1	-0.1	2.097	2.378	2.112	3.099	2.234	21.9	22	21.8	19.85	18.1	0.133
2026-03-10 06:15:00	-91.1636	30.3734	0	21.14	21.4	98.28267798999656	101.86	2.505	0	1.41	228.1	0	0	2.36	0.05	0	0.414	0.392	0.424	0.412	0.413	-0.1	-0.1	-0.1	2.097	2.379	2.113	3.091	2.234	21.799999999999997	21.9	21.75	19.85	18.1	0.139
2026-03-10 06:30:00	-91.1636	30.3734	0.017	21.11	21.3	98.49183222334173	101.85	2.495	0	1.04	228.9	0	0	1.94	0.03	0	0.414	0.392	0.424	0.412	0.413	-0.1	-0.1	-0.1	2.093	2.378	2.113	3.099	2.234	21.799999999999997	21.9	21.7	19.85	18.1	0.138
2026-03-10 06:45:00	-91.1636	30.3734	0	21.27	21.3	98.80763769740456	101.84	2.503	0	1	219.6	0	0	2.74	0.03	0	0.414	0.392	0.424	0.412	0.413	-0.1	-0.1	-0.1	2.098	2.379	2.113	3.099	2.234	21.75	21.8	21.7	19.85	18.1	0.111
2026-03-10 07:00:00	-91.1636	30.3734	0	21.31	21.4	98.71425861190872	101.83	2.516	0	1.04	215.2	0	0	2.32	0.03	0	0.414	0.392	0.424	0.412	0.413	-0.1	-0.1	-0.1	2.094	2.38	2.114	3.098	2.234	21.700000000000003	21.8	21.7	19.85	18.1	0.069
2026-03-10 07:15:00	-91.1636	30.3734	0.017	21.36	21.3	99.47872432978805	101.84	2.52	0	1.09	220.7	0	0	2.1	0.01	0	0.414	0.392	0.424	0.412	0.413	-0.1	-0.1	-0.1	2.094	2.379	2.109	3.098	2.229	21.700000000000003	21.8	21.65	19.85	18.1	0.08
2026-03-10 07:30:00	-91.1636	30.3734	0	21.56	21.4	99.38124684577296	101.85	2.533	0	1.22	211.1	0	0	2.41	0.01	0	0.414	0.392	0.424	0.412	0.413	-0.1	-0.1	-0.1	2.094	2.381	2.11	3.099	2.229	21.700000000000003	21.7	21.65	19.85	18.1	0.04
2026-03-10 07:45:00	-91.1636	30.3734	0	21.77	21.5	99.74966185902585	101.84	2.558	0	1.63	207.1	0	0	2.88	0.01	0	0.414	0.392	0.424	0.412	0.413	-0.1	-0.1	-0.1	2.095	2.381	2.11	3.099	2.234	21.6	21.7	21.6	19.85	18.1	0.08
2026-03-10 08:00:00	-91.1636	30.3734	0.017	21.54	21.6	99.18017542828008	101.84	2.559	0	1.86	199.4	0	0	3.62	0.01	0	0.414	0.392	0.424	0.412	0.413	-0.1	-0.1	-0.1	2.095	2.381	2.11	3.098	2.234	21.6	21.7	21.6	19.85	18.1	0.079
2026-03-10 08:15:00	-91.1636	30.3734	0	21.41	21.4	99.77359286569312	101.84	2.543	0	1.47	193.9	0	0	3.59	0.01	0	0.414	0.392	0.424	0.412	0.413	-0.1	-0.1	-0.1	2.094	2.376	2.106	3.098	2.234	21.6	21.7	21.6	19.85	18.1	0.097
2026-03-10 08:30:00	-91.1636	30.3734	0.017	21.51	21.4	99.459716049757	101.82	2.535	0	1.41	199.9	0	0	2.86	0.01	0	0.414	0.392	0.424	0.412	0.413	-0.1	-0.1	-0.1	2.09	2.377	2.107	3.098	2.234	21.55	21.6	21.55	19.85	18.2	0.055
2026-03-10 08:45:00	-91.1636	30.3734	0	21.35	21.3	99.67610275107731	101.81	2.525	0	1.22	196.2	0	0	2.63	0	0	0.414	0.392	0.424	0.412	0.413	-0.1	-0.1	-0.1	2.091	2.377	2.107	3.099	2.228	21.55	21.6	21.5	19.85	18.2	0.106
2026-03-10 09:00:00	-91.1636	30.3734	0	21.03	21.1	99.94713889380921	101.82	2.501	0	1.42	214.7	0	0	2.88	0	0	0.414	0.392	0.424	0.412	0.413	-0.1	-0.1	-0.1	2.091	2.377	2.107	3.098	2.233	21.5	21.6	21.5	19.85	18.2	0.096
2026-03-10 09:15:00	-91.1636	30.3734	0.017	20.58	20.9	99.84747591585858	101.81	2.468	0	0.78	226	0	0	1.5	0	0	0.414	0.392	0.424	0.412	0.413	-0.1	-0.1	-0.1	2.091	2.378	2.107	3.097	2.233	21.5	21.6	21.5	19.9	18.2	0.074
2026-03-10 09:30:00	-91.1636	30.3734	0	20.72	20.8	99.93420518888263	101.81	2.455	0	0.78	213.3	0	0	1.59	0	0	0.414	0.392	0.424	0.412	0.413	-0.1	-0.1	-0.1	2.091	2.377	2.107	3.097	2.233	21.5	21.5	21.45	19.9	18.2	0.058
2026-03-10 09:45:00	-91.1636	30.3734	0.017	20.51	20.8	99.89349879165702	101.82	2.454	0	1.33	214.9	0	0	2	0	0	0.414	0.392	0.424	0.412	0.413	-0.1	-0.1	-0.1	2.092	2.379	2.108	3.096	2.233	21.45	21.5	21.45	19.9	18.2	0.008
2026-03-10 10:00:00	-91.1636	30.3734	0	20.7	20.8	99.93420518888263	101.83	2.455	0	1.31	204.6	0	0	2.2	0.01	0	0.414	0.392	0.424	0.412	0.413	-0.1	-0.1	-0.1	2.092	2.378	2.108	3.097	2.233	21.4	21.5	21.45	19.9	18.2	-0.033
2026-03-10 10:15:00	-91.1636	30.3734	0	20.67	21	98.95434898128528	101.82	2.461	0	0.97	193.9	0	0	2.04	0.02	0	0.414	0.392	0.424	0.412	0.413	-0.1	-0.1	-0.1	2.092	2.379	2.108	3.097	2.233	21.4	21.5	21.4	19.9	18.2	-0.077
2026-03-10 10:30:00	-91.1636	30.3734	0.017	20.75	20.9	99.84747591585858	101.8	2.468	0	0.61	180.9	0	0	1.89	0.01	0	0.414	0.392	0.424	0.412	0.413	-0.1	-0.1	-0.1	2.093	2.379	2.104	3.096	2.233	21.299999999999997	21.5	21.4	19.9	18.2	-0.018
2026-03-10 10:45:00	-91.1636	30.3734	0	20.55	20.8	99.81208599720578	101.81	2.452	0	0.62	212.3	0	0	1.58	0	0	0.414	0.392	0.424	0.412	0.413	-0.1	-0.1	-0.1	2.093	2.38	2.109	3.097	2.233	21.299999999999997	21.4	21.4	19.9	18.2	-0.119
2026-03-10 11:00:00	-91.1636	30.3734	0	20.59	20.7	99.85485120560489	101.82	2.438	0	1.02	204.7	0	0	1.73	0	0	0.414	0.392	0.424	0.412	0.413	-0.1	-0.1	-0.1	2.093	2.38	2.104	3.096	2.233	21.299999999999997	21.4	21.35	19.95	18.2	-0.129
2026-03-10 11:15:00	-91.1636	30.3734	0.017	20.59	20.6	99.93602807991087	101.83	2.425	0	0.72	221	0	0	1.63	0	0	0.414	0.392	0.424	0.412	0.413	-0.1	-0.1	-0.1	2.088	2.381	2.105	3.096	2.233	21.25	21.4	21.35	19.95	18.2	-0.041
2026-03-10 11:30:00	-91.1636	30.3734	0	20.52	20.7	99.81389351438027	101.84	2.437	0	0.56	185.2	0	0	1.42	0	0	0.414	0.392	0.424	0.412	0.413	-0.1	-0.1	-0.1	2.089	2.375	2.105	3.096	2.228	21.200000000000003	21.4	21.3	19.95	18.2	-0.114
2026-03-10 11:45:00	-91.1636	30.3734	0.017	20.65	20.7	99.73197813193104	101.86	2.435	0	0.73	204.7	0	0	1.62	0	0	0.414	0.392	0.424	0.412	0.413	-0.1	-0.1	-0.1	2.089	2.376	2.105	3.096	2.233	21.200000000000003	21.4	21.3	19.95	18.2	-0.062
2026-03-10 12:00:00	-91.1636	30.3734	0	20.78	20.7	99.97772427927872	101.88	2.441	0	0.68	222.5	0	0	1.31	0	0	0.414	0.392	0.424	0.412	0.413	-0.1	-0.1	-0.1	2.089	2.377	2.105	3.096	2.233	21.15	21.3	21.3	19.95	18.2	-0.06
2026-03-10 12:15:00	-91.1636	30.3734	0	20.92	20.7	100	101.88	2.445	0	0.8	223.8	0	0	1.43	0	0	0.414	0.391	0.424	0.412	0.413	-0.1	-0.1	-0.1	2.09	2.378	2.101	3.096	2.233	21.1	21.3	21.25	19.95	18.2	-0.038
2026-03-10 12:30:00	-91.1636	30.3734	0.017	20.97	20.8	99.60855401107773	101.9	2.447	2.5	1.04	210.6	0	0	1.92	0	0	0.414	0.391	0.424	0.412	0.413	-0.1	-0.1	-0.1	2.09	2.378	2.102	3.096	2.233	21.1	21.3	21.2	19.95	18.2	0.018
2026-03-10 12:45:00	-91.1636	30.3734	0	20.91	20.7	100	101.91	2.442	20.5	0.95	199.1	0	0	2.25	0	0	0.414	0.391	0.424	0.412	0.413	-0.1	-0.1	-0.1	2.09	2.378	2.102	3.096	2.233	21.1	21.3	21.2	19.95	18.2	0.118
2026-03-10 13:00:00	-91.1636	30.3734	0	21.02	20.7	99.97772427927872	101.92	2.441	43.2	0.7	218.1	0	0	1.89	0	0	0.414	0.391	0.424	0.412	0.413	-0.1	-0.1	-0.1	2.09	2.38	2.102	3.096	2.233	21.1	21.2	21.2	19.95	18.2	0.172
2026-03-10 13:15:00	-91.1636	30.3734	0.017	21.76	20.7	100	101.92	2.445	102.6	0.72	201.8	0	0	1.64	0	0	0.414	0.391	0.424	0.412	0.413	-0.1	-0.1	-0.1	2.09	2.38	2.101	3.096	2.228	21.1	21.2	21.2	19.95	18.2	0.204
2026-03-10 13:30:00	-91.1636	30.3734	0	22.93	21.3	99.91295685662443	101.94	2.531	190.1	0.92	209	0	0	2.79	0	0	0.414	0.391	0.424	0.412	0.413	-0.1	-0.1	-0.1	2.086	2.381	2.103	3.096	2.234	21.1	21.2	21.15	19.95	18.2	0.273
2026-03-10 13:45:00	-91.1636	30.3734	0.017	23.08	21.7	99.8470708741189	101.95	2.592	157.9	1.21	199.8	0	0	2.93	0	0	0.414	0.391	0.424	0.412	0.413	-0.1	-0.1	-0.1	2.086	2.376	2.103	3.096	2.233	21.05	21.2	21.15	19.95	18.2	0.372
2026-03-10 14:00:00	-91.1636	30.3734	0	23.05	21.9	99.89121012800018	101.95	2.625	116.9	1.38	201.6	0	0	3.09	0	0	0.414	0.391	0.424	0.412	0.413	-0.1	-0.1	-0.1	2.085	2.376	2.103	3.096	2.233	21.15	21.2	21.1	19.95	18.2	0.375
2026-03-10 14:15:00	-91.1636	30.3734	0	23.28	22.1	99.99664165048435	101.95	2.66	139.8	1.63	205.8	0	0	3.12	0	0	0.414	0.391	0.424	0.412	0.413	-0.1	-0.1	-0.1	2.085	2.376	2.103	3.096	2.234	21.2	21.2	21.1	19.95	18.2	0.381
2026-03-10 14:30:00	-91.1636	30.3734	0.017	23.9	22.4	99.99695818717221	101.93	2.709	213.4	1.41	172.6	0	0	4.07	0	0	0.414	0.391	0.424	0.412	0.413	-0.1	-0.1	-0.1	2.085	2.376	2.103	3.096	2.228	21.25	21.2	21.1	19.95	18.2	0.373
2026-03-10 14:45:00	-91.1636	30.3734	0	24.28	22.9	99.91084063253341	101.94	2.79	220.8	2.51	183.3	0	0	5.21	0	0	0.414	0.391	0.424	0.412	0.413	-0.1	-0.1	-0.1	2.08	2.376	2.103	3.096	2.228	21.299999999999997	21.2	21.1	19.95	18.2	0.373
2026-03-10 15:00:00	-91.1636	30.3734	0	24.48	23.1	98.74489607684008	101.96	2.791	269.4	3.05	183.7	0	0	7.09	0.03	0	0.414	0.391	0.424	0.412	0.413	-0.1	-0.1	-0.1	2.081	2.376	2.103	3.096	2.233	21.4	21.2	21.1	19.95	18.2	0.373
2026-03-10 15:15:00	-91.1636	30.3734	0	25	23.2	98.78313167805489	101.98	2.809	317.1	3.21	186.9	0	0	6.1	0.03	0	0.414	0.391	0.424	0.412	0.413	-0.1	-0.1	-0.1	2.08	2.382	2.103	3.096	2.233	21.5	21.2	21.1	19.95	18.2	0.366
2026-03-10 15:30:00	-91.1636	30.3734	0.017	25.77	23.6	97.25292246814816	101.98	2.833	411.4	3.14	175.5	0	0	5.82	0.07	0	0.414	0.391	0.424	0.412	0.413	-0.1	-0.1	-0.1	2.075	2.383	2.104	3.096	2.228	21.549999999999997	21.2	21.1	19.95	18.2	0.365
2026-03-10 15:45:00	-91.1636	30.3734	0	26.35	24.1	95.54030182255825	101.99	2.868	470	3.28	177.3	0	0	6.91	0.13	0	0.414	0.391	0.424	0.412	0.413	-0.1	-0.1	-0.1	2.075	2.384	2.104	3.096	2.228	21.65	21.2	21.1	19.95	18.2	0.361
2026-03-10 16:00:00	-91.1636	30.3734	0	27.94	24.9	94.79327142688098	102	2.985	632.6	2.77	189	0	0	5.04	0.17	0	0.414	0.391	0.424	0.412	0.413	-0.1	-0.1	-0.1	2.074	2.384	2.104	3.096	2.233	21.8	21.2	21.15	19.95	18.2	0.351
2026-03-10 16:15:00	-91.1636	30.3734	0	28.09	25.1	93.04308353391033	102	2.965	552.3	2.98	190.3	0	0	5.41	0.21	0	0.413	0.391	0.424	0.412	0.413	-0.1	-0.1	-0.1	2.069	2.389	2.104	3.096	2.233	21.9	21.3	21.15	19.95	18.2	0.346
2026-03-10 16:30:00	-91.1636	30.3734	0	28.61	25.5	90.61222369904823	102.02	2.957	589.6	2.95	194.6	0	0	5.36	0.3	0	0.413	0.391	0.424	0.412	0.413	-0.1	-0.1	-0.1	2.068	2.389	2.109	3.095	2.233	22.1	21.3	21.15	19.95	18.2	0.346
2026-03-10 16:45:00	-91.1636	30.3734	0	29.54	26.4	86.5258396180505	102.01	2.978	662.9	3.44	198.6	0	0	6.99	0.45	0	0.413	0.391	0.424	0.412	0.413	-0.1	-0.1	-0.1	2.067	2.39	2.108	3.095	2.228	22.25	21.4	21.2	19.95	18.2	0.338
2026-03-10 17:00:00	-91.1636	30.3734	0	28.34	26.2	83.5247599327544	102.02	2.841	440.6	3.49	210.5	0	0	6.32	0.56	0	0.413	0.391	0.424	0.412	0.413	-0.1	-0.1	-0.1	2.063	2.389	2.107	3.096	2.233	22.4	21.4	21.25	19.95	18.2	0.347
2026-03-10 17:15:00	-91.1636	30.3734	0.017	29.97	26.8	80.3979977799787	102	2.833	710.2	3.62	205.7	0	0	6.98	0.68	0	0.413	0.39	0.424	0.412	0.413	-0.1	-0.1	-0.1	2.061	2.395	2.108	3.095	2.233	22.6	21.5	21.25	19.95	18.2	0.332
2026-03-10 17:30:00	-91.1636	30.3734	0	30.63	27.1	80.50055751132062	101.99	2.887	753	3.55	184.8	0	0	6.32	0.69	0	0.413	0.39	0.424	0.412	0.413	-0.1	-0.1	-0.1	2.06	2.394	2.112	3.095	2.233	22.75	21.5	21.35	19.95	18.2	0.328
2026-03-10 17:45:00	-91.1636	30.3734	0	29.11	26.8	78.01415315819325	101.98	2.749	449.4	3.33	209.6	0	0	5.49	0.76	0	0.413	0.39	0.424	0.412	0.413	-0.1	-0.1	-0.1	2.06	2.399	2.111	3.096	2.233	22.9	21.6	21.35	19.95	18.2	0.338
2026-03-10 18:00:00	-91.1636	30.3734	0	30.11	27	77.04734652354077	101.96	2.747	632.6	3.92	178.5	0	0	6.66	0.82	0	0.413	0.39	0.424	0.412	0.413	-0.1	-0.1	-0.1	2.059	2.398	2.11	3.095	2.233	23.05	21.7	21.45	19.95	18.2	0.329
2026-03-10 18:15:00	-91.1636	30.3734	0	28.92	26.8	76.53843982089747	101.95	2.697	410.4	3.79	198.7	0	0	7.05	0.83	0	0.413	0.39	0.424	0.412	0.413	-0.1	-0.1	-0.1	2.058	2.403	2.11	3.096	2.233	23.15	21.8	21.5	19.95	18.2	0.338
2026-03-10 18:30:00	-91.1636	30.3734	0	29.29	27	75.98152957126756	101.93	2.709	439	3.3	190.3	0	0	6.28	0.85	0	0.413	0.39	0.424	0.412	0.413	-0.1	-0.1	-0.1	2.058	2.402	2.114	3.088	2.233	23.3	21.8	21.55	19.95	18.2	0.335
2026-03-10 18:45:00	-91.1636	30.3734	0	29.88	27.2	75.70573974772944	101.9	2.731	481.9	3.3	193.8	0	0	5.7	0.87	0	0.413	0.39	0.424	0.412	0.413	-0.1	-0.1	-0.1	2.063	2.406	2.114	3.087	2.233	23.4	21.9	21.6	19.95	18.2	0.337
2026-03-10 19:00:00	-91.1636	30.3734	0	30.49	27.4	74.79723251150885	101.87	2.73	542.9	2.99	204.1	0	0	5.42	0.91	0	0.413	0.39	0.424	0.412	0.413	-0.1	-0.1	-0.1	2.062	2.406	2.117	3.095	2.233	23.5	22	21.65	19.95	18.2	0.335
2026-03-10 19:15:00	-91.1636	30.3734	0.017	32.12	28	74.33999384660414	101.85	2.81	690.5	2.98	203.6	0	0	5.63	0.98	0	0.412	0.391	0.424	0.412	0.413	-0.1	-0.1	-0.1	2.061	2.403	2.117	3.088	2.233	23.6	22.1	21.75	19.95	18.2	0.328
2026-03-10 19:30:00	-91.1636	30.3734	0	31.3	28	73.62569497334496	101.82	2.783	517.3	3.09	203.3	0	0	7.32	0.99	0	0.412	0.391	0.424	0.412	0.413	-0.1	-0.1	-0.1	2.062	2.408	2.117	3.088	2.227	23.75	22.2	21.75	19.95	18.2	0.335
2026-03-10 19:45:00	-91.1636	30.3734	0	29.66	27.6	72.30321282734641	101.8	2.67	343.4	2.9	201.4	0	0	5.34	1.01	0	0.412	0.391	0.424	0.412	0.413	-0.1	-0.1	-0.1	2.061	2.407	2.115	3.088	2.232	23.9	22.2	21.85	19.95	18.3	0.339
2026-03-10 20:00:00	-91.1636	30.3734	0	30.65	28	70.68913293883496	101.79	2.672	475.8	3.34	199.2	0	0	6.14	1.1	0	0.412	0.39	0.424	0.412	0.413	-0.1	-0.1	-0.1	2.06	2.407	2.119	3.088	2.232	23.95	22.3	21.9	19.95	18.3	0.332
2026-03-10 20:15:00	-91.1636	30.3734	0	29.48	27.7	70.07854917857158	101.77	2.603	333.7	3.28	194.2	0	0	5.8	1.1	0	0.412	0.391	0.424	0.412	0.413	-0.1	-0.1	-0.1	2.06	2.406	2.118	3.088	2.231	24.05	22.4	21.95	19.95	18.3	0.338
2026-03-10 20:30:00	-91.1636	30.3734	0	30.89	28.3	69.80441866059057	101.75	2.685	483.4	3.31	194	0	0	7.1	1.15	0	0.412	0.391	0.424	0.412	0.413	-0.1	-0.1	-0.1	2.059	2.41	2.117	3.095	2.227	24.1	22.5	22.05	19.95	18.3	0.325
2026-03-10 20:45:00	-91.1636	30.3734	0	29.67	27.9	69.07971824757162	101.74	2.596	404.7	3.85	184.7	0	0	7.53	1.15	0	0.412	0.391	0.424	0.412	0.413	-0.1	-0.1	-0.1	2.065	2.41	2.116	3.095	2.227	24.15	22.5	22.1	19.95	18.3	0.325
2026-03-10 21:00:00	-91.1636	30.3734	0	29.37	28	68.65205837435506	101.73	2.595	371	3.6	195.8	0	0	6.6	1.18	0	0.412	0.39	0.424	0.412	0.413	-0.1	-0.1	-0.1	2.065	2.409	2.116	3.095	2.232	24.15	22.6	22.15	19.95	18.3	0.326
2026-03-10 21:15:00	-91.1636	30.3734	0	29.7	28.1	67.67499383769768	101.72	2.573	408.6	3.43	195	0	0	6.13	1.22	0	0.412	0.39	0.424	0.412	0.413	-0.1	-0.1	-0.1	2.064	2.408	2.12	3.095	2.232	24.2	22.7	22.200000000000003	19.95	18.3	0.324
2026-03-10 21:30:00	-91.1636	30.3734	0	28.98	27.8	68.54677469119892	101.71	2.561	306.7	3.06	196.7	0	0	5.36	1.18	0	0.412	0.39	0.424	0.412	0.413	-0.1	-0.1	-0.1	2.069	2.409	2.119	3.096	2.232	24.15	22.7	22.25	19.95	18.3	0.329
2026-03-10 21:45:00	-91.1636	30.3734	0	28.78	27.7	68.24783794378753	101.71	2.535	317.9	3.35	196.8	0	0	6.02	1.18	0	0.412	0.39	0.424	0.412	0.413	-0.1	-0.1	-0.1	2.069	2.403	2.118	3.095	2.232	24.15	22.8	22.299999999999997	19.95	18.3	0.324
2026-03-10 22:00:00	-91.1636	30.3734	0	29.28	27.8	68.52000906265881	101.7	2.56	358.4	2.86	206.8	0	0	5.58	1.18	0	0.412	0.39	0.424	0.412	0.413	-0.1	-0.1	-0.1	2.069	2.403	2.117	3.088	2.232	24.1	22.8	22.35	19.95	18.3	0.317
2026-03-10 22:15:00	-91.1636	30.3734	0.017	28.4	27.7	68.5439824082379	101.69	2.546	239.9	2.85	203	0	0	4.9	1.16	0	0.412	0.39	0.424	0.412	0.413	-0.1	-0.1	-0.1	2.07	2.402	2.117	3.095	2.232	24.1	22.9	22.35	19.95	18.3	0.329
2026-03-10 22:30:00	-91.1636	30.3734	0	28.52	27.6	68.21415472362757	101.68	2.519	298.9	3.01	205.2	0	0	5.23	1.17	0	0.412	0.39	0.424	0.412	0.413	-0.1	-0.1	-0.1	2.076	2.403	2.117	3.095	2.232	24	22.9	22.45	19.95	18.3	0.314
2026-03-10 22:45:00	-91.1636	30.3734	0	27.73	27.3	69.75192203389652	101.67	2.531	248.1	3.62	190.5	0	0	6.59	1.09	0	0.412	0.39	0.425	0.412	0.413	-0.1	-0.1	-0.1	2.076	2.401	2.116	3.096	2.232	23.950000000000003	22.9	22.45	19.95	18.3	0.315
2026-03-10 23:00:00	-91.1636	30.3734	0	26.6	26.7	71.4801897490853	101.68	2.504	139.2	3.42	192.3	0	0	5.92	1	0	0.412	0.39	0.425	0.412	0.413	-0.1	-0.1	-0.1	2.076	2.402	2.116	3.095	2.227	23.9	22.9	22.45	19.95	18.3	0.331
2026-03-10 23:15:00	-91.1636	30.3734	0	26.61	26.5	72.12422297391733	101.68	2.497	149.6	2.73	205.9	0	0	5.78	0.96	0	0.412	0.39	0.425	0.412	0.413	-0.1	-0.1	-0.1	2.077	2.396	2.115	3.095	2.233	23.85	23	22.45	19.95	18.3	0.325
2026-03-10 23:30:00	-91.1636	30.3734	0	25.82	26.3	72.74555983587382	101.68	2.489	95.7	2.96	204.5	0	0	5.57	0.93	0	0.412	0.39	0.425	0.412	0.413	-0.1	-0.1	-0.1	2.077	2.396	2.115	3.095	2.232	23.75	23	22.5	19.95	18.3	0.336
2026-03-10 23:45:00	-91.1636	30.3734	0	24.91	25.7	73.43397150252216	101.68	2.425	48.2	2.48	210	0	0	5.16	0.88	0	0.412	0.39	0.425	0.412	0.413	-0.1	-0.1	-0.1	2.082	2.391	2.109	3.094	2.232	23.65	23	22.55	20	18.3	0.362
2026-03-11 00:00:00	-91.1636	30.3734	0.017	23.98	25	75.41564506868957	101.68	2.389	15.2	1.93	215.9	0	0	3.47	0.77	0	0.412	0.39	0.425	0.412	0.413	-0.1	-0.1	-0.1	2.082	2.391	2.109	3.094	2.232	23.6	23	22.55	20	18.3	0.435
2026-03-11 00:15:00	-91.1636	30.3734	0	23.3	24.4	76.3010943169763	101.69	2.332	0	1.89	218.1	0	0	3.74	0.73	0	0.412	0.39	0.425	0.412	0.413	-0.1	-0.1	-0.1	2.083	2.387	2.108	3.093	2.232	23.5	22.9	22.55	20	18.3	0.797
2026-03-11 00:30:00	-91.1636	30.3734	0	22.91	24	77.7166264732908	101.69	2.319	0	1.91	209.8	0	0	4.07	0.67	0	0.412	0.39	0.425	0.412	0.413	-0.1	-0.1	-0.1	2.089	2.386	2.109	3.094	2.232	23.45	22.9	22.55	20	18.3	0.222
2026-03-11 00:45:00	-91.1636	30.3734	0.017	22.43	23.5	79.74358351164294	101.69	2.309	0	1.62	219.5	0	0	3.24	0.59	0	0.412	0.39	0.425	0.412	0.413	-0.1	-0.1	-0.1	2.089	2.38	2.104	3.094	2.233	23.35	22.9	22.55	20	18.3	0.227
2026-03-11 01:00:00	-91.1636	30.3734	0	21.9	23.1	81.12577810970775	101.7	2.293	0	1.42	219.3	0	0	3.5	0.53	0	0.412	0.39	0.425	0.412	0.413	-0.1	-0.1	-0.1	2.09	2.371	2.104	3.094	2.232	23.25	22.9	22.5	20.05	18.3	0.233
2026-03-11 01:15:00	-91.1636	30.3734	0	21.95	23.1	81.62109467906487	101.7	2.307	0	1.86	201	0	0	3.64	0.51	0	0.412	0.39	0.425	0.412	0.413	-0.1	-0.1	-0.1	2.091	2.361	2.105	3.093	2.232	23.15	22.8	22.5	20.05	18.3	0.23
2026-03-11 01:30:00	-91.1636	30.3734	0.017	22.13	23.1	82.54096830787098	101.69	2.333	0	2.29	193.7	0	0	3.94	0.49	0	0.412	0.39	0.425	0.412	0.413	-0.1	-0.1	-0.1	2.092	2.361	2.105	3.093	2.233	23.1	22.8	22.5	20.05	18.3	0.245
2026-03-11 01:45:00	-91.1636	30.3734	0	22.09	23.1	82.82400634750364	101.69	2.341	0	2.14	197.2	0	0	4.33	0.48	0	0.412	0.39	0.425	0.412	0.413	-0.1	-0.1	-0.1	2.092	2.355	2.101	3.093	2.232	23	22.8	22.45	20.05	18.3	0.269
2026-03-11 02:00:00	-91.1636	30.3734	0	21.79	22.8	84.16103594037945	101.71	2.336	0	1.99	198.4	0	0	3.42	0.43	0	0.412	0.39	0.425	0.412	0.413	-0.1	-0.1	-0.1	2.093	2.35	2.101	3.094	2.232	22.9	22.7	22.45	20.05	18.3	0.244
2026-03-11 02:15:00	-91.1636	30.3734	0	21.8	22.8	84.48528650693058	101.71	2.345	0	2.2	187.7	0	0	3.65	0.42	0	0.412	0.39	0.424	0.412	0.413	-0.1	-0.1	-0.1	2.093	2.344	2.102	3.093	2.233	22.799999999999997	22.7	22.45	20.05	18.3	0.251
2026-03-11 02:30:00	-91.1636	30.3734	0.017	21.54	22.5	85.88973600872666	101.71	2.341	0	1.68	176.2	0	0	4.43	0.39	0	0.412	0.39	0.424	0.412	0.413	-0.1	-0.1	-0.1	2.094	2.343	2.102	3.094	2.232	22.75	22.6	22.4	20.05	18.3	0.235
2026-03-11 02:45:00	-91.1636	30.3734	0	21.58	22.4	86.78215160503575	101.72	2.351	0	2.2	177	0	0	4.56	0.36	0	0.412	0.391	0.424	0.412	0.413	-0.1	-0.1	-0.1	2.094	2.338	2.098	3.094	2.232	22.65	22.6	22.4	20.05	18.3	0.26
2026-03-11 03:00:00	-91.1636	30.3734	0	21.54	22.3	87.8312152671555	101.71	2.365	0	2.25	177.1	0	0	4.23	0.33	0	0.412	0.391	0.424	0.412	0.413	-0.1	-0.1	-0.1	2.095	2.337	2.098	3.094	2.233	22.6	22.6	22.35	20.05	18.3	0.28
2026-03-11 03:15:00	-91.1636	30.3734	0.017	21.42	22.1	89.20753031451105	101.71	2.373	0	2.21	182.2	0	0	3.97	0.29	0	0.412	0.391	0.424	0.412	0.413	-0.1	-0.1	-0.1	2.096	2.337	2.099	3.094	2.233	22.5	22.5	22.3	20.05	18.3	0.27
2026-03-11 03:30:00	-91.1636	30.3734	0	21.38	22	90.35787342115249	101.71	2.389	0	2.06	180.4	0	0	4.24	0.26	0	0.412	0.391	0.424	0.412	0.413	-0.1	-0.1	-0.1	2.095	2.331	2.1	3.094	2.233	22.450000000000003	22.5	22.3	20.05	18.3	0.239
2026-03-11 03:45:00	-91.1636	30.3734	0	21.26	21.9	91.13883743107064	101.72	2.395	0	2.11	190.1	0	0	4.61	0.23	0	0.412	0.391	0.424	0.412	0.412	-0.1	-0.1	-0.1	2.097	2.331	2.096	3.094	2.233	22.35	22.4	22.3	20.05	18.3	0.246
2026-03-11 04:00:00	-91.1636	30.3734	0.017	21.2	21.8	91.92640704605667	101.71	2.401	0	1.9	181.8	0	0	3.86	0.21	0	0.412	0.391	0.424	0.412	0.413	-0.1	-0.1	-0.1	2.097	2.331	2.097	3.093	2.233	22.35	22.4	22.2	20.05	18.3	0.269
2026-03-11 04:15:00	-91.1636	30.3734	0	21.29	21.8	92.73042809893765	101.68	2.422	0	2.16	177.9	0	0	4.35	0.2	0	0.412	0.391	0.424	0.412	0.413	-0.1	-0.1	-0.1	2.098	2.331	2.096	3.093	2.233	22.25	22.4	22.2	20.05	18.3	0.263
2026-03-11 04:30:00	-91.1636	30.3734	0	21.34	21.9	93.19374232513235	101.65	2.449	0	2.08	176	0	0	4.62	0.18	0	0.412	0.391	0.424	0.412	0.413	-0.1	-0.1	-0.1	2.098	2.333	2.097	3.093	2.233	22.15	22.3	22.2	20.05	18.3	0.233
2026-03-11 04:45:00	-91.1636	30.3734	0	21.43	21.9	93.91676441748741	101.63	2.468	0	2.35	178.2	0	0	5.93	0.16	0	0.412	0.391	0.424	0.412	0.413	-0.1	-0.1	-0.1	2.099	2.333	2.093	3.092	2.233	22.15	22.3	22.1	20.1	18.3	0.206
2026-03-11 05:00:00	-91.1636	30.3734	0	21.51	22	94.1401201110291	101.61	2.489	0	2.55	175.4	0	0	5.9	0.15	0	0.412	0.391	0.424	0.412	0.413	-0.1	-0.1	-0.1	2.099	2.329	2.093	3.093	2.233	22.049999999999997	22.2	22.1	20.1	18.3	0.198
2026-03-11 05:15:00	-91.1636	30.3734	0	21.45	21.9	94.8681092758493	101.61	2.493	0	2.24	178.8	0	0	4.22	0.14	0	0.412	0.391	0.424	0.412	0.413	-0.1	-0.1	-0.1	2.094	2.329	2.093	3.092	2.233	22.049999999999997	22.2	22.1	20.1	18.3	0.205
2026-03-11 05:30:00	-91.1636	30.3734	0	21.41	21.8	95.37221155840368	101.61	2.491	0	2.36	188.2	0	0	4.51	0.13	0	0.412	0.391	0.424	0.412	0.413	-0.1	-0.1	-0.1	2.095	2.329	2.095	3.092	2.233	22	22.2	22	20.1	18.3	0.202
2026-03-11 05:45:00	-91.1636	30.3734	0.017	21.71	21.8	95.79336544324607	101.6	2.502	0	2.39	188.3	0	0	4.65	0.11	0	0.412	0.391	0.424	0.412	0.412	-0.1	-0.1	-0.1	2.095	2.33	2.095	3.092	2.233	21.950000000000003	22.1	22	20.1	18.3	0.201
2026-03-11 06:00:00	-91.1636	30.3734	0	21.85	21.8	96.52081306251932	101.56	2.521	0	2.43	180.2	0	0	5.05	0.1	0	0.412	0.391	0.424	0.412	0.412	-0.1	-0.1	-0.1	2.095	2.33	2.096	3.092	2.233	21.950000000000003	22.1	22	20.1	18.3	0.163
2026-03-11 06:15:00	-91.1636	30.3734	0	21.74	21.7	96.88093489521954	101.54	2.515	0	2.43	186.2	0	0	5.66	0.09	0	0.412	0.391	0.424	0.412	0.412	-0.1	-0.1	-0.1	2.096	2.33	2.092	3.091	2.233	21.9	22.1	22	20.1	18.3	0.205
2026-03-11 06:30:00	-91.1636	30.3734	0.017	21.8	21.8	96.3676661953039	101.5	2.517	0	2.6	180.9	0	0	5.01	0.09	0	0.412	0.391	0.424	0.412	0.412	-0.1	-0.1	-0.1	2.096	2.33	2.092	3.092	2.233	21.85	22	21.9	20.1	18.3	0.168
2026-03-11 06:45:00	-91.1636	30.3734	0	21.77	21.8	96.86539351375401	101.5	2.53	0	2.34	188	0	0	4.58	0.08	0	0.412	0.391	0.424	0.412	0.412	-0.1	-0.1	-0.1	2.096	2.331	2.092	3.092	2.233	21.85	22	21.9	20.15	18.3	0.158
2026-03-11 07:00:00	-91.1636	30.3734	0	21.88	21.8	96.75053336334247	101.51	2.527	0	2.39	191.1	0	0	5.11	0.08	0	0.412	0.391	0.424	0.412	0.412	-0.1	-0.1	-0.1	2.092	2.331	2.093	3.092	2.233	21.799999999999997	22	21.9	20.15	18.3	0.169
2026-03-11 07:15:00	-91.1636	30.3734	0.017	21.54	21.7	96.88093489521954	101.52	2.515	0	2.01	188.1	0	0	4.21	0.09	0	0.412	0.391	0.424	0.412	0.412	-0.1	-0.1	-0.1	2.097	2.326	2.093	3.092	2.233	21.799999999999997	21.9	21.85	20.15	18.3	0.155
2026-03-11 07:30:00	-91.1636	30.3734	0	21.67	21.6	97.39733522910035	101.52	2.513	0	2.01	200.1	0	0	3.97	0.07	0	0.412	0.391	0.424	0.412	0.413	-0.1	-0.1	-0.1	2.097	2.326	2.094	3.092	2.233	21.799999999999997	21.9	21.8	20.15	18.3	0.165
2026-03-11 07:45:00	-91.1636	30.3734	0	21.68	21.7	97.22762611353245	101.53	2.524	0	1.75	195	0	0	3.27	0.07	0	0.412	0.391	0.424	0.412	0.412	-0.1	-0.1	-0.1	2.097	2.326	2.094	3.091	2.233	21.799999999999997	21.9	21.8	20.15	18.4	0.144
2026-03-11 08:00:00	-91.1636	30.3734	0	21.52	21.6	97.47485002036905	101.52	2.515	0	1.69	198.7	0	0	3.94	0.07	0	0.412	0.391	0.424	0.412	0.413	-0.1	-0.1	-0.1	2.093	2.326	2.09	3.091	2.232	21.799999999999997	21.9	21.8	20.15	18.4	0.146
2026-03-11 08:15:00	-91.1636	30.3734	0.017	21.4	21.6	97.24230564656298	101.49	2.509	0	1.28	188.1	0	0	2.88	0.07	0	0.412	0.391	0.423	0.412	0.413	-0.1	-0.1	-0.1	2.094	2.327	2.091	3.092	2.232	21.700000000000003	21.8	21.8	20.15	18.4	0.163
2026-03-11 08:30:00	-91.1636	30.3734	0	21.34	21.6	97.00976127275695	101.48	2.503	0	1.43	204.8	0	0	2.99	0.07	0	0.412	0.391	0.423	0.412	0.413	-0.1	-0.1	-0.1	2.094	2.327	2.092	3.091	2.232	21.700000000000003	21.8	21.75	20.15	18.4	0.149
2026-03-11 08:45:00	-91.1636	30.3734	0	21.48	21.6	97.55236481163772	101.48	2.517	0	1.18	209	0	0	2.22	0.06	0	0.412	0.391	0.423	0.412	0.413	-0.1	-0.1	-0.1	2.095	2.327	2.092	3.091	2.232	21.700000000000003	21.8	21.7	20.15	18.4	0.111
2026-03-11 09:00:00	-91.1636	30.3734	0.017	21.75	21.7	97.9595297966375	101.48	2.543	0	1.11	216	0	0	2.21	0.05	0	0.412	0.391	0.423	0.412	0.412	-0.1	-0.1	-0.1	2.094	2.327	2.093	3.091	2.232	21.700000000000003	21.8	21.7	20.15	18.4	0.157
2026-03-11 09:15:00	-91.1636	30.3734	0	21.71	21.7	98.22917852199197	101.48	2.55	0	1.07	229.7	0	0	2.22	0.05	0	0.412	0.391	0.423	0.412	0.412	-0.1	-0.1	-0.1	2.096	2.327	2.094	3.091	2.233	21.65	21.7	21.7	20.15	18.4	0.134
2026-03-11 09:30:00	-91.1636	30.3734	0	21.7	21.6	98.63757188939928	101.48	2.545	0	1.07	246	0	0	1.51	0.03	0	0.412	0.391	0.423	0.412	0.412	-0.1	-0.1	-0.1	2.095	2.328	2.094	3.09	2.233	21.6	21.7	21.7	20.200000000000003	18.4	0.118
2026-03-11 09:45:00	-91.1636	30.3734	0.017	21.74	21.7	98.15213602903356	101.49	2.548	0	0.8	229.2	0	0	1.51	0.04	0	0.412	0.391	0.423	0.412	0.413	-0.1	-0.1	-0.1	2.095	2.329	2.096	3.09	2.232	21.6	21.7	21.65	20.200000000000003	18.4	0.122
2026-03-11 10:00:00	-91.1636	30.3734	0	21.85	21.8	98.24371531869281	101.48	2.566	0	1.18	230.9	0	0	2.52	0.04	0	0.412	0.391	0.423	0.412	0.413	-0.1	-0.1	-0.1	2.095	2.323	2.096	3.09	2.232	21.6	21.7	21.65	20.200000000000003	18.4	0.141
2026-03-11 10:15:00	-91.1636	30.3734	0	21.69	21.7	98.65291223326332	101.48	2.561	0	0.8	229.5	0	0	1.43	0.04	0	0.412	0.391	0.423	0.412	0.413	-0.1	-0.1	-0.1	2.095	2.326	2.096	3.091	2.232	21.6	21.7	21.6	20.200000000000003	18.4	0.13
2026-03-11 10:30:00	-91.1636	30.3734	0	21.31	21.6	98.44378491122758	101.47	2.54	0	0.46	239.9	0	0	1.48	0.04	0	0.412	0.39	0.423	0.412	0.412	-0.1	-0.1	-0.1	2.095	2.323	2.097	3.09	2.232	21.6	21.7	21.6	20.200000000000003	18.4	0.125
2026-03-11 10:45:00	-91.1636	30.3734	0.017	21.43	21.6	98.40502751559325	101.48	2.539	0	0.69	234.1	0	0	1.31	0.04	0	0.412	0.39	0.423	0.412	0.412	-0.1	-0.1	-0.1	2.095	2.324	2.092	3.09	2.232	21.6	21.6	21.6	20.200000000000003	18.4	0.133
2026-03-11 11:00:00	-91.1636	30.3734	0	21.36	21.6	98.44378491122758	101.49	2.54	0	0.6	245.8	0	0	1.41	0.04	0	0.412	0.39	0.423	0.412	0.413	-0.1	-0.1	-0.1	2.096	2.324	2.092	3.09	2.232	21.55	21.6	21.6	20.200000000000003	18.4	0.113
2026-03-11 11:15:00	-91.1636	30.3734	0	21.48	21.6	98.71508668066798	101.5	2.547	0	0.98	227.3	0	0	1.67	0.04	0	0.412	0.391	0.423	0.412	0.413	-0.1	-0.1	-0.1	2.091	2.327	2.093	3.091	2.232	21.55	21.6	21.6	20.200000000000003	18.4	0.119
2026-03-11 11:30:00	-91.1636	30.3734	0.017	21.07	21.2	99.69327469113226	101.49	2.51	0	1.09	250.4	0	0	1.71	0.01	0	0.412	0.391	0.423	0.412	0.412	-0.1	-0.1	-0.1	2.096	2.321	2.094	3.09	2.233	21.5	21.6	21.55	20.200000000000003	18.4	0.095
2026-03-11 11:45:00	-91.1636	30.3734	0	20.89	21.1	99.62743593053433	101.51	2.493	0	0.64	239.5	0	0	1.54	0.01	0	0.412	0.391	0.423	0.412	0.413	-0.1	-0.1	-0.1	2.096	2.319	2.095	3.09	2.232	21.5	21.6	21.55	20.25	18.4	0.055
2026-03-11 12:00:00	-91.1636	30.3734	0	21.1	21.2	99.57411938273651	101.52	2.507	0	0.92	237.7	0	0	1.43	0.01	0	0.412	0.391	0.423	0.412	0.413	-0.1	-0.1	-0.1	2.097	2.319	2.094	3.091	2.237	21.5	21.6	21.5	20.25	18.4	0.048
2026-03-11 12:15:00	-91.1636	30.3734	0.017	20.56	21.2	99.33580876594495	101.55	2.501	0	0.7	262.5	0	0	1.33	0.01	0	0.412	0.391	0.423	0.412	0.413	-0.1	-0.1	-0.1	2.096	2.318	2.095	3.09	2.232	21.5	21.5	21.5	20.25	18.4	0.499
2026-03-11 12:30:00	-91.1636	30.3734	0	20.32	21	99.39664798120162	101.57	2.472	0.8	0.6	231.3	0	0	1.25	0.01	0	0.412	0.391	0.423	0.412	0.412	-0.1	-0.1	-0.1	2.097	2.311	2.095	3.09	2.232	21.4	21.5	21.5	20.25	18.4	0.406
2026-03-11 12:45:00	-91.1636	30.3734	0	20.63	21	99.637901981156	101.61	2.478	13.1	1.24	257.1	0	0	1.71	0.01	0	0.412	0.391	0.423	0.412	0.413	-0.1	-0.1	-0.1	2.091	2.313	2.095	3.09	2.232	21.4	21.5	21.5	20.25	18.4	0.333
2026-03-11 13:00:00	-91.1636	30.3734	0	20.85	20.3	99.74562609826319	101.64	2.376	52.6	1.53	307	0	0	1.99	0	0	0.412	0.391	0.423	0.412	0.412	-0.1	-0.1	-0.1	2.096	2.312	2.096	3.09	2.232	21.4	21.5	21.45	20.25	18.4	0.273
2026-03-11 13:15:00	-91.1636	30.3734	0.017	22.35	21.2	99.73299312726421	101.66	2.511	121.1	1.26	301.4	0	0	1.8	0	0	0.412	0.391	0.423	0.412	0.413	-0.1	-0.1	-0.1	2.097	2.311	2.092	3.09	2.232	21.35	21.5	21.45	20.25	18.4	0.318
2026-03-11 13:30:00	-91.1636	30.3734	0	24.2	22.3	100	101.68	2.694	180.4	1.2	291.2	0	0	1.68	0	0	0.412	0.392	0.423	0.412	0.413	-0.1	-0.1	-0.1	2.092	2.306	2.092	3.09	2.232	21.299999999999997	21.4	21.45	20.25	18.4	0.351
2026-03-11 13:45:00	-91.1636	30.3734	0	23.41	22.5	100	101.69	2.726	51.6	1.16	237.9	0	0	1.91	0	0	0.412	0.392	0.423	0.412	0.412	-0.1	-0.1	-0.1	2.091	2.311	2.092	3.09	2.238	21.35	21.4	21.4	20.25	18.4	0.401
2026-03-11 14:00:00	-91.1636	30.3734	0.017	23.55	22.6	99.40993858862221	101.69	2.726	106.9	1.19	215.4	0	0	1.98	0.01	0	0.412	0.391	0.423	0.412	0.413	-0.1	-0.1	-0.1	2.091	2.312	2.091	3.09	2.232	21.4	21.4	21.4	20.25	18.4	0.375
2026-03-11 14:15:00	-91.1636	30.3734	0	24.47	23.1	99.45249117592171	101.68	2.811	195.9	1.29	171.3	0	0	3.3	0.02	0	0.412	0.391	0.423	0.412	0.413	-0.1	-0.1	-0.1	2.092	2.313	2.092	3.09	2.232	21.4	21.4	21.4	20.25	18.4	0.372
2026-03-11 14:30:00	-91.1636	30.3734	0	25.75	23.8	98.87106189300032	101.68	2.915	301.3	1.81	194.8	0	0	3.94	0.03	0	0.412	0.391	0.423	0.412	0.412	-0.1	-0.1	-0.1	2.091	2.313	2.091	3.09	2.232	21.5	21.4	21.4	20.25	18.4	0.361
2026-03-11 14:45:00	-91.1636	30.3734	0.017	26.42	24.1	97.33917779829679	101.69	2.922	361.2	2.08	178.5	0	0	4.31	0.08	0	0.412	0.391	0.423	0.412	0.413	-0.1	-0.1	-0.1	2.091	2.315	2.092	3.09	2.232	21.55	21.4	21.4	20.25	18.4	0.357
2026-03-11 15:00:00	-91.1636	30.3734	0	26.79	24.5	94.41727988980163	101.68	2.903	364.4	2.72	190.1	0	0	4.8	0.17	0	0.412	0.391	0.423	0.412	0.413	-0.1	-0.1	-0.1	2.085	2.317	2.088	3.09	2.232	21.65	21.4	21.35	20.25	18.4	0.352
2026-03-11 15:15:00	-91.1636	30.3734	0	27.84	24.8	92.99620622883593	101.67	2.911	485.7	3.2	182.9	0	0	6.05	0.22	0	0.412	0.391	0.423	0.412	0.413	-0.1	-0.1	-0.1	2.085	2.317	2.093	3.09	2.232	21.75	21.5	21.35	20.25	18.4	0.348
2026-03-11 15:30:00	-91.1636	30.3734	0	28.81	25.3	91.4777586404082	101.68	2.95	559.1	3.31	189.1	0	0	6.06	0.27	0	0.412	0.39	0.422	0.412	0.413	-0.1	-0.1	-0.1	2.085	2.319	2.093	3.09	2.232	21.9	21.5	21.4	20.25	18.4	0.344
2026-03-11 15:45:00	-91.1636	30.3734	0	29.06	25.6	89.46709496658505	101.68	2.937	539.1	3.51	184.7	0	0	6.4	0.34	0	0.412	0.39	0.423	0.412	0.413	-0.1	-0.1	-0.1	2.084	2.315	2.092	3.09	2.232	22.05	21.5	21.4	20.25	18.4	0.343
2026-03-11 16:00:00	-91.1636	30.3734	0	29.42	25.7	87.18202224979846	101.69	2.879	539.6	3.62	186.7	0	0	7.13	0.42	0	0.412	0.39	0.423	0.412	0.413	-0.1	-0.1	-0.1	2.078	2.323	2.092	3.09	2.232	22.2	21.6	21.4	20.25	18.4	0.342
2026-03-11 16:15:00	-91.1636	30.3734	0	30.04	26.4	83.88183310185083	101.69	2.887	536.9	3.33	191.3	0	0	6.42	0.56	0	0.412	0.389	0.422	0.412	0.413	-0.1	-0.1	-0.1	2.078	2.327	2.092	3.09	2.232	22.4	21.7	21.45	20.25	18.4	0.337
2026-03-11 16:30:00	-91.1636	30.3734	0	30.3	26.8	81.362887269749	101.67	2.867	518.7	3.83	207.2	0	0	7.71	0.66	0	0.412	0.389	0.423	0.412	0.413	-0.1	-0.1	-0.1	2.077	2.327	2.097	3.09	2.232	22.549999999999997	21.7	21.45	20.25	18.4	0.339
2026-03-11 16:45:00	-91.1636	30.3734	0	28.46	26.3	79.1462338431283	101.67	2.708	320.2	4.28	215.4	0	0	7.46	0.71	0	0.412	0.389	0.423	0.412	0.413	-0.1	-0.1	-0.1	2.077	2.332	2.096	3.09	2.232	22.700000000000003	21.8	21.5	20.25	18.4	0.346
2026-03-11 17:00:00	-91.1636	30.3734	0	29.39	26.7	76.30453162911542	101.66	2.673	434.2	4.09	217.5	0	0	8.72	0.82	0	0.411	0.389	0.423	0.412	0.412	-0.1	-0.1	-0.1	2.071	2.331	2.095	3.09	2.232	22.85	21.9	21.55	20.25	18.4	0.336
2026-03-11 17:15:00	-91.1636	30.3734	0	31.04	27.3	75.51176071626884	101.65	2.74	594.3	4.23	216.2	0	0	8.35	0.9	0	0.411	0.389	0.423	0.412	0.413	-0.1	-0.1	-0.1	2.071	2.33	2.1	3.09	2.232	22.950000000000003	21.9	21.55	20.25	18.4	0.331
2026-03-11 17:30:00	-91.1636	30.3734	0	30.11	27.2	74.90183405286157	101.64	2.702	469	4.87	220.2	0	0	9.62	0.91	0	0.411	0.389	0.423	0.412	0.412	-0.1	-0.1	-0.1	2.07	2.335	2.099	3.09	2.232	23.049999999999997	22	21.65	20.25	18.4	0.337
2026-03-11 17:45:00	-91.1636	30.3734	0	30.07	27.1	74.56130612583004	101.62	2.674	485.3	4.95	217.5	0	0	8.82	0.91	0	0.411	0.389	0.423	0.412	0.412	-0.1	-0.1	-0.1	2.075	2.333	2.099	3.082	2.232	23.15	22.1	21.65	20.25	18.4	0.335
2026-03-11 18:00:00	-91.1636	30.3734	0	29.79	27.2	73.87616126975429	101.59	2.665	385.1	4.1	210.6	0	0	7.75	0.94	0	0.411	0.389	0.423	0.412	0.412	-0.1	-0.1	-0.1	2.074	2.332	2.098	3.09	2.233	23.25	22.2	21.75	20.25	18.4	0.341
