2026-01-01 06:00:00	-91.6902	32.1457	0	2.4	7.6	56.99826436871301	101.87	0.595	0	1.47	279.7	0	0	1.85	0.45	0	0.337	0.286	0.324	0.379	0.324	-10.4	-5.5	-0.1	0.217	0.272	0.265	0.684	4.32	9.75	11.1	12.649999999999999	14.7	16.9	NA
2026-01-01 06:15:00	-91.6902	32.1457	0	1.91	7	59.18999976690475	101.85	0.593	0	1.04	274.4	0	0	1.55	0.41	0	0.337	0.286	0.324	0.379	0.324	-10.4	-5.5	-0.1	0.218	0.272	0.266	0.684	4.32	9.7	11	12.649999999999999	14.7	16.9	NA
2026-01-01 06:30:00	-91.6902	32.1457	0	1.59	6.2	61.27809368797116	101.85	0.581	0	0.74	277.3	0	0	1.06	0.37	0	0.337	0.286	0.324	0.379	0.324	-10.4	-5.6	-0.1	0.217	0.272	0.266	0.684	4.319	9.649999999999999	11	12.6	14.7	16.9	NA
2026-01-01 06:45:00	-91.6902	32.1457	0	1.64	6.6	59.507231493677814	101.85	0.58	0	0.8	284	0	0	1	0.39	0	0.337	0.286	0.324	0.379	0.324	-10.4	-5.6	-0.1	0.217	0.272	0.264	0.684	4.32	9.6	10.9	12.6	14.7	16.9	NA
2026-01-01 07:00:00	-91.6902	32.1457	0	1.98	7	58.491298251949715	101.84	0.586	0	1.12	279.8	0	0	1.55	0.42	0	0.337	0.286	0.324	0.379	0.324	-10.4	-5.7	-0.1	0.217	0.272	0.265	0.681	4.32	9.55	10.9	12.6	14.7	16.9	NA
2026-01-01 07:15:00	-91.6902	32.1457	0	1.74	7.3	57.593504309396415	101.84	0.589	0	0.89	277.8	0	0	1.42	0.43	0	0.337	0.286	0.324	0.379	0.324	-10.4	-5.7	-0.1	0.217	0.27	0.266	0.684	4.319	9.5	10.9	12.6	14.7	16.9	NA
2026-01-01 07:30:00	-91.6902	32.1457	0	1.33	6.1	61.809480751892586	101.84	0.582	0	0.47	270	0	0	0.77	0.36	0	0.337	0.286	0.324	0.379	0.324	-10.5	-5.8	-0.1	0.217	0.269	0.265	0.681	4.32	9.45	10.8	12.5	14.7	16.9	NA
2026-01-01 07:45:00	-91.6902	32.1457	0	1.1	5.2	63.87324487135482	101.83	0.565	0	0.65	287.7	0	0	1.01	0.32	0	0.337	0.286	0.324	0.379	0.324	-10.5	-5.9	-0.1	0.218	0.271	0.265	0.682	4.32	9.350000000000001	10.8	12.5	14.7	16.9	NA
2026-01-01 08:00:00	-91.6902	32.1457	0	1.17	6	60.84849515307662	101.83	0.569	0	0.89	290.5	0	0	1.11	0.37	0	0.337	0.286	0.324	0.379	0.324	-10.5	-5.9	-0.1	0.219	0.272	0.265	0.682	4.32	9.350000000000001	10.7	12.5	14.7	16.9	NA
2026-01-01 08:15:00	-91.6902	32.1457	0	1.05	5.5	63.77118986248787	101.83	0.576	0	0.87	284.4	0	0	1.18	0.33	0	0.337	0.286	0.324	0.379	0.324	-10.5	-6	-0.1	0.219	0.271	0.266	0.682	4.32	9.25	10.7	12.5	14.7	16.9	NA
2026-01-01 08:30:00	-91.6902	32.1457	0	0.77	3.9	70.45961813070012	101.81	0.569	0	0.48	283.7	0	0	0.76	0.24	0	0.337	0.286	0.324	0.379	0.324	-10.5	-6	-0.1	0.219	0.271	0.265	0.682	4.31	9.25	10.7	12.45	14.7	16.9	NA
2026-01-01 08:45:00	-91.6902	32.1457	0	0.88	4.6	67.55066413563134	101.81	0.573	0	0.89	283.6	0	0	1.21	0.27	0	0.337	0.286	0.324	0.379	0.323	-10.5	-6.1	-0.1	0.217	0.27	0.265	0.682	4.32	9.149999999999999	10.6	12.45	14.7	16.9	NA
2026-01-01 09:00:00	-91.6902	32.1457	0	0.75	4.1	69.71891638453546	101.81	0.571	0	0.8	287.3	0	0	1.17	0.25	0	0.337	0.286	0.324	0.379	0.323	-10.6	-6.1	-0.1	0.218	0.27	0.266	0.684	4.311	9.1	10.6	12.4	14.65	16.9	NA
2026-01-01 09:15:00	-91.6902	32.1457	0	0.64	3.7	70.95779509066828	101.81	0.565	0	0.92	289.4	0	0	1.41	0.23	0	0.337	0.286	0.324	0.379	0.324	-10.6	-6.2	-0.1	0.217	0.269	0.265	0.682	4.31	9.05	10.6	12.4	14.65	16.9	NA
2026-01-01 09:30:00	-91.6902	32.1457	0	0.6	3.8	69.83555653740385	101.81	0.56	0	0.65	301.6	0	0	1.14	0.24	0	0.337	0.286	0.324	0.379	0.323	-10.6	-6.2	-0.1	0.217	0.27	0.265	0.683	4.311	9.05	10.5	12.35	14.65	16.9	NA
2026-01-01 09:45:00	-91.6902	32.1457	0	0.55	3.5	71.45758638711983	101.81	0.561	0	0.35	317.2	0	0	0.94	0.23	0	0.337	0.286	0.324	0.379	0.323	-10.6	-6.3	-0.1	0.219	0.269	0.264	0.682	4.311	8.95	10.5	12.35	14.65	16.9	NA
2026-01-01 10:00:00	-91.6902	32.1457	0	0.65	4.2	68.74555571312366	101.8	0.567	0	0.64	302.4	0	0	1.05	0.25	0	0.337	0.286	0.324	0.379	0.323	-10.6	-6.4	-0.1	0.217	0.27	0.264	0.683	4.321	8.95	10.4	12.35	14.65	16.9	NA
2026-01-01 10:15:00	-91.6902	32.1457	0	0.74	4.2	69.95799937649446	101.8	0.577	0	0.33	326.2	0	0	0.57	0.24	0	0.337	0.286	0.324	0.379	0.323	-10.6	-6.5	-0.1	0.217	0.269	0.264	0.684	4.31	8.850000000000001	10.4	12.3	14.65	16.9	NA
2026-01-01 10:30:00	-91.6902	32.1457	0	0.58	3.6	73.23115157737296	101.79	0.579	0	0.22	10.7	0	0	0.37	0.21	0	0.337	0.286	0.324	0.379	0.323	-10.6	-6.5	-0.1	0.218	0.269	0.264	0.684	4.321	8.850000000000001	10.4	12.25	14.600000000000001	16.9	NA
2026-01-01 10:45:00	-91.6902	32.1457	0	0.37	2.8	77.10042990005083	101.78	0.576	0	0.22	58.7	0	0	0.4	0.17	0	0.337	0.286	0.324	0.379	0.323	-10.7	-6.6	-0.1	0.22	0.269	0.264	0.683	4.312	8.75	10.3	12.25	14.600000000000001	16.9	NA
2026-01-01 11:00:00	-91.6902	32.1457	0	0.33	2.6	77.39075425956543	101.77	0.57	0	0.17	352.8	0	0	0.33	0.16	0	0.337	0.286	0.324	0.379	0.323	-10.7	-6.6	-0.1	0.219	0.268	0.264	0.684	4.311	8.75	10.3	12.25	14.600000000000001	16.9	NA
2026-01-01 11:15:00	-91.6902	32.1457	0	0.39	2.5	78.901245031329	101.76	0.577	0	0.23	30.1	0	0	0.36	0.16	0	0.337	0.286	0.324	0.379	0.323	-10.7	-6.7	-0.1	0.218	0.269	0.263	0.684	4.321	8.7	10.2	12.2	14.600000000000001	16.9	NA
2026-01-01 11:30:00	-91.6902	32.1457	0	0.23	2.3	80.3122869859391	101.76	0.579	0	0.19	333.3	0	0	0.33	0.14	0	0.337	0.286	0.324	0.379	0.323	-10.7	-6.8	-0.1	0.218	0.268	0.263	0.684	4.311	8.649999999999999	10.2	12.15	14.600000000000001	16.9	NA
2026-01-01 11:45:00	-91.6902	32.1457	0	0.07	1.7	82.677609201972885	101.75	0.571	0	0.37	304.8	0	0	0.73	0.12	0	0.337	0.286	0.324	0.379	0.323	-10.7	-6.8	-0.1	0.218	0.269	0.262	0.684	4.311	8.649999999999999	10.2	12.15	14.600000000000001	16.9	NA
2026-01-01 12:00:00	-91.6902	32.1457	0	-0.02	1.4	82.70332139697773	101.74	0.559	0	0.66	290.7	0	0	1.01	0.11	0	0.337	0.286	0.324	0.379	0.323	-10.7	-6.9	-0.1	0.217	0.269	0.263	0.684	4.322	8.55	10.1	12.15	14.600000000000001	16.9	NA
2026-01-01 12:15:00	-91.6902	32.1457	0	-0.02	1.6	81.66895475229714	101.75	0.56	0	0.65	291.1	0	0	0.87	0.13	0	0.337	0.286	0.324	0.379	0.323	-10.7	-7	-0.1	0.216	0.269	0.262	0.684	4.321	8.55	10.1	12.1	14.600000000000001	16.9	NA
2026-01-01 12:30:00	-91.6902	32.1457	0	-0.06	1.9	79.930643526166	101.74	0.56	0	0.42	324.1	0	0	0.66	0.14	0	0.337	0.286	0.324	0.379	0.323	-10.8	-7.1	-0.1	0.217	0.269	0.263	0.683	4.322	8.5	10.1	12.1	14.600000000000001	16.9	NA
2026-01-01 12:45:00	-91.6902	32.1457	0	-0.03	2.2	79.77027899437834	101.74	0.571	0	0.27	350.8	0	0	0.42	0.14	0	0.337	0.286	0.324	0.379	0.323	-10.8	-7.1	-0.1	0.217	0.269	0.261	0.683	4.311	8.45	10	12.05	14.600000000000001	16.9	NA
2026-01-01 13:00:00	-91.6902	32.1457	0	0.02	2.6	78.61271353734804	101.74	0.579	0	0.43	15.6	0	0	0.65	0.16	0	0.337	0.286	0.324	0.379	0.323	-10.8	-7.2	-0.1	0.216	0.269	0.261	0.684	4.322	8.4	10	12.05	14.600000000000001	16.9	NA
2026-01-01 13:15:00	-91.6902	32.1457	0	0.29	3.6	75.12833167005101	101.74	0.594	0.9	0.49	33.4	0	0	0.63	0.2	0	0.337	0.286	0.324	0.379	0.323	-10.8	-7.3	-0.1	0.216	0.269	0.263	0.683	4.322	8.350000000000001	10	12.05	14.600000000000001	16.9	NA
2026-01-01 13:30:00	-91.6902	32.1457	0	0.97	4.4	75.79708441560945	101.76	0.634	11.4	0.38	57.5	0	0	0.54	0.2	0	0.337	0.286	0.324	0.379	0.323	-10.8	-7.3	-0.1	0.218	0.269	0.263	0.684	4.312	8.350000000000001	9.9	11.95	14.55	16.9	0.485
2026-01-01 13:45:00	-91.6902	32.1457	0	2.12	4.8	79.28320417877181	101.78	0.682	23.4	0.36	51.4	0	0	0.62	0.17	0	0.337	0.286	0.324	0.379	0.323	-10.8	-7.4	-0.1	0.216	0.268	0.262	0.683	4.311	8.350000000000001	9.9	11.95	14.55	16.9	0.521
2026-01-01 14:00:00	-91.6902	32.1457	0	4.58	5.4	83.16894739070483	101.79	0.746	56.7	0.41	345.1	0	0	0.64	0.15	0	0.337	0.286	0.324	0.379	0.323	-10.8	-7.5	-0.1	0.215	0.267	0.262	0.683	4.322	8.350000000000001	9.9	11.95	14.55	16.9	0.546
2026-01-01 14:15:00	-91.6902	32.1457	0	6.82	6.3	83.89983347580856	101.81	0.801	99.5	0.21	332.7	0	0	0.59	0.15	0	0.337	0.286	0.324	0.379	0.323	-10.8	-7.6	-0.1	0.217	0.268	0.262	0.685	4.323	8.4	9.8	11.95	14.55	16.9	0.549
2026-01-01 14:30:00	-91.6902	32.1457	0	8.64	7.2	84.276795960455	101.83	0.856	137.4	0.28	242.2	0	0	1.08	0.16	0	0.337	0.286	0.324	0.379	0.323	-10.9	-7.6	-0.1	0.216	0.268	0.264	0.683	4.315	8.45	9.8	11.85	14.5	16.8	0.55
2026-01-01 14:45:00	-91.6902	32.1457	0	9.71	8.8	77.25308982048999	101.85	0.875	175.2	1.22	238.1	0	0	2.64	0.25	0	0.337	0.286	0.324	0.379	0.323	-10.9	-7.7	-0.1	0.215	0.269	0.262	0.685	4.315	8.55	9.8	11.85	14.5	16.8	0.549
2026-01-01 15:00:00	-91.6902	32.1457	0	10.2	9.6	71.77313056732542	101.87	0.858	220.6	1.63	233.8	0	0	2.8	0.34	0	0.337	0.286	0.324	0.379	0.323	-10.9	-7.7	-0.1	0.217	0.269	0.262	0.683	4.315	8.7	9.8	11.85	14.5	16.8	0.546
2026-01-01 15:15:00	-91.6902	32.1457	0	11.56	10.5	68.44045361279355	101.88	0.869	265	1.94	237.8	0	0	3.39	0.4	0	0.337	0.286	0.324	0.379	0.323	-10.9	-7.8	-0.1	0.217	0.269	0.26	0.683	4.315	8.850000000000001	9.8	11.85	14.5	16.8	0.549
2026-01-01 15:30:00	-91.6902	32.1457	0	12.57	11.3	65.93871916776678	101.89	0.883	306.4	2.54	248.2	0	0	4.44	0.46	0	0.337	0.286	0.324	0.379	0.323	-10.9	-7.9	-0.1	0.218	0.268	0.261	0.683	4.326	8.95	9.9	11.85	14.5	16.8	0.554
2026-01-01 15:45:00	-91.6902	32.1457	0	13.57	12.2	62.27271247224349	101.91	0.885	347.4	2.83	249.6	0	0	4.48	0.54	0	0.337	0.286	0.324	0.379	0.323	-10.9	-8	-0.1	0.218	0.268	0.261	0.68	4.316	9.149999999999999	9.9	11.75	14.5	16.8	0.548
2026-01-01 16:00:00	-91.6902	32.1457	0	14.75	13.4	58.08455757694158	101.91	0.893	385.2	2.79	247.3	0	0	4.79	0.64	0	0.336	0.286	0.324	0.379	0.323	-10.9	-8	-0.1	0.218	0.269	0.262	0.68	4.317	9.350000000000001	9.9	11.75	14.5	16.8	0.557
2026-01-01 16:15:00	-91.6902	32.1457	0	15.92	14.2	55.14145024777087	101.9	0.893	416.4	2.72	241.8	0	0	5.64	0.73	0	0.336	0.286	0.324	0.379	0.323	-10.9	-8.1	-0.1	0.219	0.269	0.262	0.683	4.316	9.6	10	11.75	14.5	16.8	0.6
2026-01-01 16:30:00	-91.6902	32.1457	0	17.05	15.2	51.69532704951711	101.89	0.893	448.9	3.1	246.7	0	0	5.16	0.84	0	0.336	0.286	0.324	0.379	0.323	-10.9	-8.2	-0.1	0.218	0.269	0.26	0.683	4.317	9.850000000000001	10.1	11.75	14.5	16.8	0.592
2026-01-01 16:45:00	-91.6902	32.1457	0	17.8	16	48.562199210754045	101.88	0.883	474.2	3.41	244.6	0	0	6.39	0.93	0	0.336	0.286	0.324	0.379	0.323	-10.9	-8.3	-0.1	0.22	0.271	0.261	0.682	4.317	10.1	10.2	11.75	14.5	16.8	0.591
2026-01-01 17:00:00	-91.6902	32.1457	0	18.6	16.5	46.079860196810685	101.85	0.865	499	2.97	237.8	0	0	5.25	1.01	0	0.336	0.286	0.324	0.379	0.323	-11	-8.4	-0.1	0.221	0.27	0.263	0.682	4.327	10.350000000000001	10.2	11.75	14.5	16.8	0.581
2026-01-01 17:15:00	-91.6902	32.1457	0	19.75	17.1	44.768237532887234	101.82	0.873	516.2	2.44	242.6	0	0	4.4	1.07	0	0.335	0.286	0.324	0.379	0.323	-11	-8.4	-0.1	0.222	0.27	0.26	0.683	4.327	10.6	10.4	11.75	14.399999999999999	16.8	0.575
2026-01-01 17:30:00	-91.6902	32.1457	0	20.19	17.5	43.65028427465993	101.78	0.873	531	2.25	223.7	0	0	4.18	1.12	0	0.335	0.286	0.323	0.379	0.323	-11	-8.5	-0.1	0.223	0.272	0.262	0.684	4.318	10.8	10.5	11.75	14.399999999999999	16.8	0.577
2026-01-01 17:45:00	-91.6902	32.1457	0	21.27	18.2	42.05564950632445	101.74	0.879	549.4	2.24	242.3	0	0	5.71	1.21	0	0.335	0.285	0.323	0.379	0.323	-11	-8.6	-0.1	0.223	0.271	0.263	0.682	4.317	11	10.6	11.75	14.399999999999999	16.8	0.573
2026-01-01 18:00:00	-91.6902	32.1457	0	21.26	18.9	39.79444558822205	101.72	0.869	553	2.81	225.4	0	0	5.2	1.32	0	0.335	0.285	0.323	0.379	0.323	-11	-8.6	-0.1	0.223	0.271	0.264	0.682	4.317	11.2	10.7	11.75	14.399999999999999	16.8	0.579
2026-01-01 18:15:00	-91.6902	32.1457	0	21.22	19.5	37.45235575683062	101.68	0.849	556.2	3.43	231.3	0	0	5.39	1.42	0	0.335	0.285	0.323	0.379	0.323	-11	-8.7	-0.1	0.222	0.272	0.264	0.684	4.318	11.4	10.8	11.8	14.399999999999999	16.8	0.587
2026-01-01 18:30:00	-91.6902	32.1457	0	21.8	20	36.22318711315895	101.65	0.847	557.4	3.03	235.3	0	0	5.58	1.49	0	0.334	0.285	0.323	0.379	0.323	-11	-8.8	-0.1	0.223	0.273	0.264	0.682	4.318	11.6	10.9	11.8	14.399999999999999	16.8	0.591
2026-01-01 18:45:00	-91.6902	32.1457	0	21.35	20.5	34.83105082027529	101.63	0.84	534	4.19	247.4	0	0	6.95	1.56	0	0.334	0.285	0.323	0.379	0.323	-11	-8.9	-0.1	0.223	0.272	0.265	0.682	4.318	11.75	11	11.8	14.399999999999999	16.8	0.59
2026-01-01 19:00:00	-91.6902	32.1457	0	21.73	20.6	34.90549104481836	101.6	0.847	520.1	4.26	254.6	0	0	8.75	1.58	0	0.334	0.285	0.323	0.379	0.323	-11.1	-8.9	-0.1	0.223	0.273	0.264	0.682	4.319	11.95	11.1	11.850000000000001	14.399999999999999	16.8	0.587
2026-01-01 19:15:00	-91.6902	32.1457	0	21.69	20.7	35.100741379492774	101.57	0.857	489.2	4.13	240.6	0	0	7.41	1.59	0	0.334	0.285	0.323	0.379	0.323	-11.1	-9	-0.1	0.222	0.273	0.264	0.682	4.319	12.149999999999999	11.2	11.850000000000001	14.399999999999999	16.8	0.575
2026-01-01 19:30:00	-91.6902	32.1457	0	21.03	20.7	35.305529835615836	101.55	0.862	433.8	4.03	233.9	0	0	7.19	1.58	0	0.334	0.285	0.323	0.379	0.323	-11.1	-9.1	-0.1	0.223	0.273	0.264	0.684	4.319	12.4	11.3	11.850000000000001	14.399999999999999	16.8	0.574
2026-01-01 19:45:00	-91.6902	32.1457	0	20.54	20.7	35.42840290928967	101.52	0.865	393.9	4.52	237.5	0	0	8.68	1.58	0	0.334	0.285	0.323	0.379	0.323	-11.1	-9.2	-0.1	0.225	0.273	0.263	0.684	4.318	12.6	11.4	11.9	14.399999999999999	16.8	0.586
2026-01-01 20:00:00	-91.6902	32.1457	0	21.38	21	35.14266599335365	101.5	0.874	408.5	3.93	240.7	0	0	8.73	1.62	0	0.333	0.284	0.323	0.379	0.323	-11.1	-9.2	-0.1	0.224	0.273	0.264	0.685	4.319	12.75	11.6	11.95	14.399999999999999	16.8	0.591
2026-01-01 20:15:00	-91.6902	32.1457	0	20.66	21	35.14266599335365	101.5	0.874	359.1	3.84	235.1	0	0	6.97	1.61	0	0.333	0.284	0.323	0.379	0.323	-11.2	-9.3	-0.1	0.225	0.274	0.265	0.684	4.319	12.9	11.7	12	14.3	16.8	0.592
2026-01-01 20:30:00	-91.6902	32.1457	0	20.13	20.9	34.75242374867201	101.48	0.859	327.7	4.24	244.5	0	0	6.85	1.62	0	0.333	0.284	0.323	0.379	0.323	-11.2	-9.4	-0.1	0.226	0.274	0.266	0.684	4.319	13	11.8	12	14.3	16.8	0.594
2026-01-01 20:45:00	-91.6902	32.1457	0	18.78	20.7	34.568291393572814	101.48	0.844	263.3	4.24	241.8	0	0	7.02	1.59	0	0.333	0.284	0.323	0.379	0.323	-11.2	-9.5	-0.1	0.226	0.274	0.265	0.684	4.32	13.2	11.9	12	14.3	16.8	0.595
2026-01-01 21:00:00	-91.6902	32.1457	0	18.89	20.8	34.76326323067445	101.47	0.854	269.4	4.09	238.6	0	0	6.71	1.6	0	0.333	0.284	0.323	0.379	0.323	-11.2	-9.5	-0.1	0.226	0.275	0.266	0.684	4.319	13.2	12	12.1	14.3	16.8	0.59
2026-01-01 21:15:00	-91.6902	32.1457	0	17.73	20.6	35.070333977733675	101.45	0.851	210.8	3.56	231.5	0	0	5.97	1.57	0	0.333	0.284	0.323	0.379	0.323	-11.2	-9.6	-0.1	0.225	0.274	0.267	0.684	4.319	13.3	12.1	12.149999999999999	14.3	16.8	0.586
2026-01-01 21:30:00	-91.6902	32.1457	0	16.25	20.1	35.44720021406953	101.44	0.834	147.9	3.46	232.4	0	0	6.17	1.52	0	0.333	0.284	0.323	0.379	0.323	-11.3	-9.7	-0.1	0.226	0.274	0.267	0.684	4.318	13.3	12.2	12.2	14.3	16.8	0.595
2026-01-01 21:45:00	-91.6902	32.1457	0	15.38	19.6	36.56281846711554	101.44	0.834	116.9	2.83	238.4	0	0	5.52	1.44	0	0.333	0.284	0.323	0.379	0.323	-11.3	-9.7	-0.1	0.225	0.274	0.267	0.684	4.318	13.350000000000001	12.2	12.25	14.3	16.8	0.603
2026-01-01 22:00:00	-91.6902	32.1457	0	14.71	19	38.09058628247675	101.43	0.837	99.7	2.38	237.4	0	0	4.58	1.36	0	0.333	0.284	0.323	0.379	0.323	-11.3	-9.8	-0.1	0.226	0.274	0.267	0.684	4.32	13.25	12.3	12.25	14.3	16.7	0.606
2026-01-01 22:15:00	-91.6902	32.1457	0	13.87	18.4	39.83038198534136	101.43	0.843	77.7	1.63	232.6	0	0	3.19	1.27	0	0.333	0.284	0.323	0.379	0.323	-11.4	-9.9	-0.1	0.224	0.276	0.267	0.684	4.321	13.25	12.4	12.350000000000001	14.3	16.7	0.614
2026-01-01 22:30:00	-91.6902	32.1457	0	12.44	17.2	43.26278535552009	101.43	0.849	52.6	1.04	248.1	0	0	1.91	1.11	0	0.333	0.283	0.323	0.379	0.323	-11.4	-10	-0.1	0.223	0.276	0.267	0.684	4.32	13.149999999999999	12.4	12.350000000000001	14.3	16.7	0.611
2026-01-01 22:45:00	-91.6902	32.1457	0	11.08	16.1	45.73937341972923	101.42	0.837	31.7	0.89	273.7	0	0	1.46	0.99	0	0.333	0.284	0.323	0.379	0.323	-11.4	-10	-0.1	0.223	0.274	0.266	0.684	4.32	13.1	12.4	12.45	14.3	16.7	0.624
2026-01-01 23:00:00	-91.6902	32.1457	0	10	15.6	46.26632266557764	101.43	0.82	14.6	0.96	274	0	0	1.55	0.95	0	0.333	0.283	0.323	0.379	0.323	-11.4	-10	-0.1	0.223	0.274	0.267	0.682	4.32	13.05	12.5	12.45	14.25	16.7	0.71
2026-01-01 23:15:00	-91.6902	32.1457	0	8.79	14.7	48.544664230761526	101.43	0.812	1	0.49	273.4	0	0	0.93	0.86	0	0.333	0.283	0.323	0.379	0.323	-11.5	-10	-0.1	0.224	0.274	0.266	0.684	4.321	12.9	12.5	12.55	14.2	16.7	NA
2026-01-01 23:30:00	-91.6902	32.1457	0	7.75	15.4	44.97755048147722	101.42	0.787	0	0.7	307.2	0	0	1.17	0.96	0	0.333	0.283	0.323	0.379	0.323	-11.5	-10.1	-0.1	0.223	0.274	0.268	0.684	4.32	12.9	12.5	12.55	14.2	16.7	NA
2026-01-01 23:45:00	-91.6902	32.1457	0	6.76	14.4	46.81281418083915	101.41	0.768	0	0.42	30.8	0	0	0.81	0.88	0	0.333	0.283	0.323	0.379	0.323	-11.5	-10.1	-0.1	0.223	0.272	0.268	0.681	4.319	12.7	12.5	12.6	14.2	16.7	NA
2026-01-02 00:00:00	-91.6902	32.1457	0	6.23	13	51.00913621660633	101.41	0.764	0	0.39	26.6	0	0	0.75	0.73	0	0.333	0.283	0.323	0.379	0.323	-11.6	-10.1	-0.1	0.222	0.272	0.267	0.683	4.32	12.6	12.5	12.649999999999999	14.2	16.7	NA
2026-01-02 00:15:00	-91.6902	32.1457	0	6.57	10.9	59.96869269562763	101.4	0.782	0	0.34	63.6	0	0	0.61	0.52	0	0.333	0.283	0.323	0.379	0.323	-11.6	-10.1	-0.1	0.223	0.274	0.267	0.683	4.32	12.45	12.4	12.649999999999999	14.2	16.7	NA
2026-01-02 00:30:00	-91.6902	32.1457	0	7.83	11.3	59.51660155912812	101.39	0.797	0	0.53	65.6	0	0	1.13	0.54	0	0.333	0.283	0.323	0.379	0.323	-11.6	-10.1	-0.1	0.224	0.273	0.269	0.684	4.32	12.35	12.4	12.649999999999999	14.2	16.7	NA
2026-01-02 00:45:00	-91.6902	32.1457	0	8.16	10.9	62.499340852859994	101.39	0.815	0	0.24	90.6	0	0	0.83	0.49	0	0.333	0.283	0.323	0.379	0.323	-11.6	-10.1	-0.1	0.222	0.274	0.269	0.683	4.32	12.25	12.4	12.75	14.2	16.7	NA
2026-01-02 01:00:00	-91.6902	32.1457	0	8.32	10.9	63.41957654639903	101.39	0.827	0	0.39	56.8	0	0	1.03	0.48	0	0.333	0.283	0.323	0.379	0.323	-11.7	-10.1	-0.1	0.222	0.273	0.269	0.683	4.321	12.1	12.4	12.75	14.2	16.7	NA
2026-01-02 01:15:00	-91.6902	32.1457	0	8.44	11.3	62.0555782881248	101.38	0.831	0	0.65	61.8	0	0	1.33	0.51	0	0.333	0.283	0.323	0.379	0.323	-11.7	-10.1	-0.1	0.221	0.272	0.266	0.683	4.321	12.1	12.3	12.75	14.2	16.7	NA
2026-01-02 01:30:00	-91.6902	32.1457	0	8.82	11.8	61.48071942543761	101.38	0.851	0	0.53	87.2	0	0	1.16	0.54	0	0.333	0.283	0.323	0.379	0.323	-11.7	-10.1	-0.1	0.223	0.271	0.27	0.683	4.321	12	12.3	12.75	14.2	16.7	NA
2026-01-02 01:45:00	-91.6902	32.1457	0	9.77	13.6	55.791736254362625	101.38	0.869	0	1.21	175.7	0	0	2.65	0.68	0	0.333	0.283	0.323	0.379	0.323	-11.7	-10.2	-0.1	0.222	0.272	0.27	0.683	4.321	11.95	12.3	12.75	14.2	16.7	NA
