2026-01-01 06:00:00	-92.411	31.1667	0	5.34	8.9	63.13974494855646	101.8	0.72	0	2.3	211	0	0	4.61	0.42	0	0.354	0.344	0.337	0.359	0.391	-27.2	-0.1	-0.1	1.965	2.18	2.501	1.811	1.949	10.75	11.5	13.65	15.15	17.6	NA
2026-01-01 06:15:00	-92.411	31.1667	0	5.31	8.9	63.13974494855646	101.78	0.72	0	2.26	210.5	0	0	4.66	0.42	0	0.354	0.344	0.337	0.359	0.391	-27.2	-0.1	-0.1	1.962	2.185	2.5	1.811	1.949	10.7	11.5	13.65	15.15	17.6	NA
2026-01-01 06:30:00	-92.411	31.1667	0	4.83	8.7	64.00002871111789	101.78	0.72	0	1.94	213.3	0	0	3.5	0.4	0	0.354	0.344	0.337	0.359	0.391	-27.2	-0.1	-0.1	1.963	2.186	2.5	1.815	1.949	10.7	11.4	13.65	15.15	17.6	NA
2026-01-01 06:45:00	-92.411	31.1667	0	5.28	8.8	64.00970299412027	101.77	0.725	0	2.23	215.1	0	0	4.05	0.41	0	0.354	0.344	0.337	0.359	0.391	-27.2	-0.1	-0.1	1.962	2.18	2.5	1.81	1.949	10.7	11.4	13.65	15.100000000000001	17.6	NA
2026-01-01 07:00:00	-92.411	31.1667	0	5.24	8.8	64.45114922166593	101.76	0.73	0	2.23	217.7	0	0	5.07	0.41	0	0.354	0.344	0.337	0.359	0.39	-27.3	-0.1	-0.1	1.963	2.181	2.501	1.81	1.949	10.649999999999999	11.4	13.6	15.100000000000001	17.6	NA
2026-01-01 07:15:00	-92.411	31.1667	0	5.04	8.7	64.8889179987723	101.75	0.73	0	1.98	222	0	0	4.79	0.4	0	0.353	0.344	0.337	0.359	0.391	-27.2	-0.1	-0.1	1.964	2.182	2.495	1.811	1.949	10.6	11.3	13.6	15.100000000000001	17.6	NA
2026-01-01 07:30:00	-92.411	31.1667	0	4.93	8.9	64.10437994082608	101.74	0.731	0	1.9	223.3	0	0	3.96	0.41	0	0.354	0.344	0.337	0.359	0.39	-27.3	-0.1	-0.1	1.959	2.177	2.501	1.811	1.95	10.6	11.3	13.6	15.100000000000001	17.6	NA
2026-01-01 07:45:00	-92.411	31.1667	0	5.24	9.1	63.8497034024685	101.74	0.738	0	2.07	235.3	0	0	4.83	0.41	0	0.354	0.344	0.337	0.359	0.391	-27.2	-0.1	-0.1	1.96	2.177	2.501	1.811	1.949	10.6	11.3	13.6	15.05	17.6	NA
2026-01-01 08:00:00	-92.411	31.1667	0	5.39	9	64.45653466821183	101.74	0.74	0	2.2	239.9	0	0	4.34	0.41	0	0.353	0.344	0.337	0.359	0.391	-27.2	-0.1	-0.1	1.96	2.177	2.495	1.812	1.949	10.55	11.3	13.6	15.05	17.6	NA
2026-01-01 08:15:00	-92.411	31.1667	0	5.5	8.8	65.33404167675725	101.73	0.74	0	2.42	236.7	0	0	3.94	0.4	0	0.354	0.344	0.337	0.359	0.39	-27.2	-0.1	-0.1	1.96	2.178	2.495	1.812	1.949	10.5	11.3	13.6	15.05	17.6	NA
2026-01-01 08:30:00	-92.411	31.1667	0	5.16	8.6	66.22495168184311	101.73	0.74	0	2.16	230.1	0	0	4.42	0.37	0	0.354	0.344	0.337	0.359	0.391	-27.2	-0.1	-0.1	1.955	2.173	2.495	1.812	1.949	10.5	11.2	13.55	15.05	17.6	NA
2026-01-01 08:45:00	-92.411	31.1667	0	5.15	8.5	66.67550321982132	101.72	0.74	0	2.2	225.9	0	0	4.31	0.37	0	0.353	0.344	0.337	0.358	0.39	-27.2	-0.1	-0.1	1.956	2.173	2.496	1.812	1.949	10.5	11.2	13.55	15.05	17.6	NA
2026-01-01 09:00:00	-92.411	31.1667	0	4.55	8.2	67.31223531556425	101.71	0.732	0	1.89	224.6	0	0	3.65	0.35	0	0.354	0.344	0.337	0.359	0.391	-27.2	-0.1	-0.1	1.956	2.173	2.496	1.812	1.949	10.45	11.2	13.5	15.05	17.6	NA
2026-01-01 09:15:00	-92.411	31.1667	0	4.02	7.9	68.41958905799274	101.71	0.729	0	1.86	219.7	0	0	3.45	0.34	0	0.354	0.344	0.337	0.359	0.391	-27.2	-0.1	-0.1	1.952	2.169	2.496	1.811	1.944	10.45	11.2	13.5	15.05	17.6	NA
2026-01-01 09:30:00	-92.411	31.1667	0	4.1	7.9	68.51344308962237	101.71	0.73	0	1.9	220.8	0	0	3.56	0.33	0	0.353	0.344	0.337	0.359	0.391	-27.2	-0.1	-0.1	1.957	2.174	2.497	1.812	1.949	10.45	11.2	13.5	15.05	17.6	NA
2026-01-01 09:45:00	-92.411	31.1667	0	2.77	7.8	68.13177289590783	101.71	0.721	0	1.55	202.2	0	0	2.28	0.33	0	0.353	0.344	0.337	0.359	0.39	-27.2	-0.1	-0.1	1.953	2.175	2.497	1.811	1.949	10.4	11.1	13.5	15.05	17.6	NA
2026-01-01 10:00:00	-92.411	31.1667	0	2.81	8	67.02282753317745	101.7	0.719	0	1.89	192.7	0	0	2.8	0.35	0	0.353	0.344	0.338	0.358	0.39	-27.2	-0.1	-0.1	1.958	2.176	2.496	1.812	1.949	10.350000000000001	11.1	13.45	15.05	17.6	NA
2026-01-01 10:15:00	-92.411	31.1667	0	3.02	7.9	66.91792455191883	101.69	0.713	0	1.84	202.5	0	0	2.87	0.35	0	0.353	0.344	0.338	0.359	0.39	-27.2	-0.1	-0.1	1.954	2.17	2.496	1.812	1.945	10.350000000000001	11.1	13.5	15.05	17.6	NA
2026-01-01 10:30:00	-92.411	31.1667	0	3.62	7.9	67.57490277332617	101.68	0.72	0	1.81	211.7	0	0	3.05	0.34	0	0.353	0.344	0.337	0.359	0.39	-27.2	-0.1	-0.1	1.954	2.17	2.491	1.812	1.945	10.350000000000001	11.1	13.45	15.05	17.6	NA
2026-01-01 10:45:00	-92.411	31.1667	0	3.02	7.6	68.01473563325418	101.67	0.71	0	1.77	211	0	0	2.84	0.33	0	0.353	0.344	0.337	0.358	0.39	-27.2	-0.1	-0.1	1.954	2.172	2.492	1.808	1.945	10.25	11	13.4	15	17.6	NA
2026-01-01 11:00:00	-92.411	31.1667	0	2.12	7.6	67.15257701255095	101.65	0.701	0	1.63	203.5	0	0	2.23	0.34	0	0.353	0.344	0.337	0.359	0.39	-27.2	-0.1	-0.1	1.949	2.171	2.492	1.812	1.945	10.25	11	13.4	15	17.6	NA
2026-01-01 11:15:00	-92.411	31.1667	0	1.24	7.4	67.10620003809245	101.64	0.691	0	1.47	186.2	0	0	2.41	0.34	0	0.353	0.344	0.337	0.359	0.39	-27.2	-0.1	-0.1	1.95	2.171	2.492	1.811	1.945	10.25	11	13.4	15	17.6	NA
2026-01-01 11:30:00	-92.411	31.1667	0	1.06	7.4	66.52351233877472	101.63	0.685	0	1.38	189.5	0	0	2.42	0.35	0	0.353	0.344	0.338	0.359	0.39	-27.2	-0.1	-0.1	1.951	2.172	2.491	1.807	1.945	10.149999999999999	11	13.4	15	17.6	NA
2026-01-01 11:45:00	-92.411	31.1667	0	1.08	6.9	68.04021398989606	101.63	0.677	0	1.23	176.6	0	0	2.28	0.31	0	0.353	0.344	0.338	0.359	0.39	-27.2	-0.1	-0.1	1.951	2.167	2.491	1.812	1.945	10.149999999999999	10.9	13.4	15	17.6	NA
2026-01-01 12:00:00	-92.411	31.1667	0	0.59	6.4	68.9674299606828	101.62	0.663	0	1.06	181.1	0	0	2.19	0.3	0	0.353	0.344	0.338	0.359	0.39	-27.2	-0.1	-0.1	1.947	2.167	2.491	1.812	1.945	10.05	10.9	13.4	14.95	17.6	NA
2026-01-01 12:15:00	-92.411	31.1667	0	0.43	6.2	68.6609965419436	101.61	0.651	0	0.7	157.9	0	0	1.17	0.3	0	0.353	0.344	0.338	0.359	0.39	-27.2	-0.1	-0.1	1.948	2.167	2.491	1.813	1.945	10.05	10.9	13.4	14.95	17.6	NA
2026-01-01 12:30:00	-92.411	31.1667	0	0.26	6.4	68.13524377714515	101.6	0.655	0	1.06	139.8	0	0	1.39	0.31	0	0.353	0.344	0.338	0.359	0.39	-27.1	-0.1	-0.1	1.948	2.168	2.492	1.808	1.945	10	10.8	13.3	14.95	17.6	NA
2026-01-01 12:45:00	-92.411	31.1667	0	-0.13	5.6	70.91594552282562	101.6	0.645	0	0.89	135.2	0	0	1.26	0.26	0	0.353	0.344	0.338	0.359	0.39	-27.2	-0.1	-0.1	1.949	2.163	2.492	1.808	1.95	9.95	10.8	13.3	14.95	17.6	NA
2026-01-01 13:00:00	-92.411	31.1667	0	0.26	5.9	69.23990852997997	101.6	0.643	0	1.26	156.3	0	0	2.16	0.28	0	0.353	0.344	0.338	0.358	0.39	-27.1	-0.1	-0.1	1.949	2.163	2.492	1.809	1.945	9.9	10.8	13.3	14.95	17.6	NA
2026-01-01 13:15:00	-92.411	31.1667	0	1.6	6.7	68.77883662346326	101.63	0.675	1.8	1.84	184.5	0	0	3.36	0.31	0	0.353	0.344	0.338	0.358	0.39	-27.2	-0.1	-0.1	1.949	2.164	2.492	1.809	1.945	9.850000000000001	10.7	13.3	14.95	17.6	NA
2026-01-01 13:30:00	-92.411	31.1667	0	2.31	7	69.77033699336664	101.64	0.699	25.4	1.21	188.8	0	0	2.43	0.3	0	0.353	0.344	0.337	0.358	0.39	-27.1	-0.1	-0.1	1.946	2.159	2.487	1.809	1.95	9.8	10.7	13.3	14.95	17.6	0.61
2026-01-01 13:45:00	-92.411	31.1667	0	3.09	7.2	70.19784523341637	101.65	0.713	65.4	0.73	171.5	0	0	1.08	0.3	0	0.353	0.344	0.338	0.358	0.39	-27.1	-0.1	-0.1	1.946	2.159	2.487	1.809	1.945	9.75	10.7	13.3	14.899999999999999	17.6	0.604
2026-01-01 14:00:00	-92.411	31.1667	0	5.61	7.6	73.4750735643746	101.68	0.767	109.7	0.82	144	0	0	1.36	0.27	0	0.353	0.344	0.337	0.359	0.39	-27.1	-0.1	-0.1	1.946	2.16	2.488	1.808	1.945	9.75	10.6	13.25	14.899999999999999	17.6	0.622
2026-01-01 14:15:00	-92.411	31.1667	0	7.93	8.4	73.75172404028166	101.71	0.813	153.3	1.04	202.2	0	0	1.87	0.29	0	0.353	0.344	0.337	0.359	0.39	-27.1	-0.1	-0.1	1.945	2.155	2.488	1.808	1.946	9.75	10.6	13.2	14.899999999999999	17.5	0.618
2026-01-01 14:30:00	-92.411	31.1667	0	9.65	9.2	71.32639645777886	101.74	0.83	196.2	1.46	202.5	0	0	2.55	0.33	0	0.353	0.344	0.337	0.359	0.39	-27	-0.1	-0.1	1.946	2.15	2.489	1.804	1.946	9.75	10.6	13.2	14.899999999999999	17.5	0.614
2026-01-01 14:45:00	-92.411	31.1667	0	11.03	10.2	67.33535141489928	101.76	0.838	236.7	2.18	214.9	0	0	3.65	0.4	0	0.353	0.344	0.337	0.359	0.391	-27	-0.1	-0.1	1.947	2.15	2.483	1.804	1.946	9.75	10.6	13.2	14.899999999999999	17.5	0.619
2026-01-01 15:00:00	-92.411	31.1667	0	12.49	11.2	63.521030676183734	101.78	0.845	277.4	2.42	221.2	0	0	3.87	0.49	0	0.353	0.344	0.337	0.359	0.391	-27	-0.1	-0.1	1.946	2.151	2.484	1.804	1.946	9.850000000000001	10.6	13.2	14.899999999999999	17.5	0.612
2026-01-01 15:15:00	-92.411	31.1667	0	14.33	12.2	60.3728670069886	101.8	0.858	325.9	2.2	214.1	0	0	3.84	0.56	0	0.353	0.344	0.337	0.359	0.39	-27	-0.1	-0.1	1.95	2.15	2.484	1.804	1.946	9.9	10.7	13.2	14.899999999999999	17.5	0.603
2026-01-01 15:30:00	-92.411	31.1667	0	15.83	13.5	56.544007899539324	101.82	0.875	362.6	2.4	216.5	0	0	4.61	0.67	0	0.353	0.344	0.337	0.359	0.39	-27	-0.1	-0.1	1.949	2.155	2.484	1.804	1.946	10.05	10.7	13.2	14.899999999999999	17.5	0.593
2026-01-01 15:45:00	-92.411	31.1667	0	16.85	14.5	52.87002619055914	101.83	0.873	400.6	2.98	233.8	0	0	5.2	0.78	0	0.353	0.344	0.337	0.359	0.39	-27	-0.1	-0.1	1.949	2.155	2.486	1.804	1.946	10.149999999999999	10.8	13.149999999999999	14.899999999999999	17.5	0.586
2026-01-01 16:00:00	-92.411	31.1667	0	17.8	15.3	49.86874524792584	101.83	0.867	439	3.46	229.8	0	0	6.53	0.87	0	0.353	0.344	0.337	0.359	0.391	-27	-0.1	-0.1	1.952	2.155	2.486	1.808	1.946	10.350000000000001	10.8	13.149999999999999	14.899999999999999	17.5	0.582
2026-01-01 16:15:00	-92.411	31.1667	0	19.18	16	47.84724044547681	101.83	0.87	472.7	3.3	234	0	0	6.27	0.94	0	0.353	0.344	0.337	0.359	0.39	-27	-0.1	-0.1	1.951	2.154	2.486	1.808	1.946	10.5	10.9	13.149999999999999	14.899999999999999	17.5	0.569
2026-01-01 16:30:00	-92.411	31.1667	0	20.35	16.5	47.30510503441374	101.82	0.888	495.8	3.01	224.2	0	0	5.82	0.99	0	0.353	0.344	0.337	0.359	0.391	-27	-0.1	-0.1	1.954	2.149	2.486	1.809	1.95	10.649999999999999	11	13.149999999999999	14.85	17.5	0.571
2026-01-01 16:45:00	-92.411	31.1667	0	20.61	16.9	44.81990908126815	101.81	0.863	506.1	4.19	231.3	0	0	6.78	1.06	0	0.353	0.344	0.337	0.359	0.391	-27	-0.1	-0.1	1.957	2.153	2.486	1.805	1.95	10.850000000000001	11.1	13.1	14.85	17.5	0.587
2026-01-01 17:00:00	-92.411	31.1667	0	22.01	17.4	44.17838592621834	101.8	0.878	519.6	3.52	228.7	0	0	6.56	1.11	0	0.353	0.344	0.337	0.359	0.39	-27.1	-0.1	-0.1	1.96	2.157	2.481	1.804	1.946	11.05	11.2	13.1	14.85	17.5	0.6
2026-01-01 17:15:00	-92.411	31.1667	0	23.08	17.8	44.15712146548003	101.78	0.9	527	3.12	223.7	0	0	5.66	1.14	0	0.352	0.344	0.337	0.359	0.39	-27.2	-0.1	-0.1	1.964	2.156	2.487	1.809	1.947	11.25	11.4	13.1	14.85	17.5	0.592
2026-01-01 17:30:00	-92.411	31.1667	0	23.27	18.4	42.85427812657724	101.76	0.907	529.3	3.99	218.8	0	0	6.37	1.2	0	0.352	0.343	0.337	0.359	0.39	-27.3	-0.1	-0.1	1.966	2.156	2.487	1.809	1.946	11.45	11.5	13.1	14.85	17.5	0.588
2026-01-01 17:45:00	-92.411	31.1667	0	23.22	18.6	41.294300281842176	101.72	0.885	513.7	4.39	220.2	0	0	7.37	1.26	0	0.352	0.343	0.337	0.359	0.39	-27.4	-0.1	-0.1	1.969	2.155	2.486	1.805	1.946	11.7	11.6	13.2	14.8	17.5	0.579
2026-01-01 18:00:00	-92.411	31.1667	0	24.27	19.1	40.29596260213322	101.69	0.891	516.3	4.18	228.2	0	0	7.84	1.32	0	0.352	0.343	0.337	0.358	0.39	-27.5	-0.1	-0.1	1.967	2.154	2.486	1.805	1.951	12	11.8	13.2	14.8	17.5	0.587
2026-01-01 18:15:00	-92.411	31.1667	0	24.47	19.4	40.482397443489	101.65	0.912	520.9	3.91	222.3	0	0	8.24	1.34	0	0.352	0.343	0.337	0.358	0.39	-27.6	-0.1	-0.1	1.969	2.158	2.486	1.805	1.95	12.25	11.9	13.25	14.75	17.5	0.588
2026-01-01 18:30:00	-92.411	31.1667	0	24.72	19.7	38.95071189483651	101.62	0.894	538.9	4.04	220.8	0	0	7.34	1.4	0	0.352	0.343	0.337	0.358	0.39	-27.8	-0.1	-0.1	1.967	2.162	2.486	1.805	1.946	12.45	12	13.3	14.75	17.5	0.58
2026-01-01 18:45:00	-92.411	31.1667	0	25.12	20.1	38.549892798754286	101.58	0.907	539.6	3.46	222	0	0	6.09	1.44	0	0.352	0.343	0.337	0.358	0.39	-27.9	-0.1	-0.1	1.971	2.161	2.485	1.806	1.946	12.7	12.2	13.350000000000001	14.75	17.5	0.586
2026-01-01 19:00:00	-92.411	31.1667	0	24.9	20.2	38.4389933663894	101.53	0.91	545.7	3.86	201.1	0	0	7	1.46	0	0.352	0.343	0.337	0.358	0.39	-28.1	-0.1	-0.1	1.969	2.161	2.485	1.805	1.951	12.85	12.3	13.350000000000001	14.75	17.5	0.58
2026-01-01 19:15:00	-92.411	31.1667	0	25.09	20.5	37.360448558414326	101.51	0.901	545	3.99	207.5	0	0	6.57	1.51	0	0.352	0.343	0.337	0.358	0.39	-28.3	-0.1	-0.1	1.972	2.165	2.486	1.805	1.947	13	12.4	13.4	14.75	17.5	0.577
2026-01-01 19:30:00	-92.411	31.1667	0	23.93	20.6	36.38907744105621	101.49	0.883	458.5	3.83	223	0	0	7.6	1.54	0	0.352	0.343	0.337	0.358	0.39	-28.5	-0.1	-0.1	1.971	2.164	2.491	1.805	1.951	13.100000000000001	12.5	13.4	14.75	17.5	0.581
2026-01-01 19:45:00	-92.411	31.1667	0	24.97	20.9	36.734808805348294	101.46	0.908	509.1	3.35	210.8	0	0	5.9	1.56	0	0.352	0.343	0.337	0.358	0.39	-28.7	-0.1	-0.1	1.97	2.168	2.49	1.805	1.951	13.2	12.6	13.45	14.75	17.5	0.585
2026-01-01 20:00:00	-92.411	31.1667	0	25.28	21.1	36.32624920210819	101.44	0.909	513.5	3.21	212.7	0	0	5.94	1.59	0	0.352	0.343	0.337	0.358	0.39	-28.9	-0.1	-0.1	1.974	2.163	2.49	1.805	1.947	13.399999999999999	12.7	13.5	14.75	17.5	0.588
2026-01-01 20:15:00	-92.411	31.1667	0	23.78	20.9	36.289783588543415	101.42	0.897	454.7	3.85	206.5	0	0	7.6	1.58	0	0.352	0.343	0.337	0.358	0.39	-29.1	-0.1	-0.1	1.977	2.167	2.496	1.805	1.947	13.55	12.8	13.5	14.75	17.5	0.592
2026-01-01 20:30:00	-92.411	31.1667	0	24.11	21.1	36.16639772047075	101.4	0.905	449.7	3.42	216.3	0	0	5.51	1.6	0	0.352	0.343	0.337	0.358	0.39	-29.3	-0.1	-0.1	1.975	2.167	2.496	1.806	1.947	13.75	12.9	13.5	14.75	17.5	0.6
2026-01-01 20:45:00	-92.411	31.1667	0	22.82	20.8	37.04282147530884	101.4	0.91	388.4	3.78	193.1	0	0	6.35	1.55	0	0.351	0.343	0.337	0.358	0.39	-29.5	-0.1	-0.1	1.975	2.17	2.496	1.806	1.952	13.95	13	13.55	14.75	17.5	0.606
2026-01-01 21:00:00	-92.411	31.1667	0	23.4	21.2	36.89842716655852	101.39	0.929	408.6	3.95	215	0	0	7.81	1.59	0	0.351	0.343	0.337	0.358	0.39	-29.7	-0.1	-0.1	1.971	2.164	2.495	1.806	1.947	14.1	13.2	13.55	14.75	17.5	0.611
2026-01-01 21:15:00	-92.411	31.1667	0	22.02	21	37.47478799291259	101.38	0.932	312.6	3.43	205	0	0	7.03	1.55	0	0.351	0.343	0.337	0.358	0.39	-29.9	-0.1	-0.1	1.973	2.168	2.501	1.801	1.947	14.25	13.3	13.6	14.8	17.5	0.61
2026-01-01 21:30:00	-92.411	31.1667	0	20.61	20.8	37.36847265311375	101.38	0.918	252	3.55	200.4	0	0	6.21	1.53	0	0.351	0.343	0.337	0.358	0.39	-30.2	-0.1	-0.1	1.972	2.168	2.5	1.806	1.947	14.35	13.4	13.649999999999999	14.8	17.5	0.608
2026-01-01 21:45:00	-92.411	31.1667	0	19.94	20.6	37.74903163760758	101.37	0.916	223.6	3.68	191.6	0	0	7.22	1.5	0	0.351	0.343	0.337	0.358	0.39	-30.3	-0.1	-0.1	1.972	2.167	2.5	1.802	1.947	14.45	13.4	13.649999999999999	14.8	17.5	0.615
2026-01-01 22:00:00	-92.411	31.1667	0	18.8	20.2	38.565715322542324	101.36	0.913	174.5	3.76	197.6	0	0	5.74	1.46	0	0.351	0.343	0.337	0.358	0.39	-30.6	-0.1	-0.1	1.968	2.166	2.506	1.802	1.947	14.45	13.5	13.649999999999999	14.8	17.5	0.618
2026-01-01 22:15:00	-92.411	31.1667	0	17.11	19.8	39.14287072901636	101.36	0.904	114.1	2.86	202.4	0	0	4.97	1.4	0	0.351	0.343	0.337	0.358	0.39	-30.8	-0.1	-0.1	1.967	2.165	2.505	1.802	1.947	14.5	13.6	13.75	14.8	17.5	0.619
2026-01-01 22:30:00	-92.411	31.1667	0	15.72	19.1	40.83866916916532	101.36	0.903	77.7	2.85	189.3	0	0	4.82	1.31	0	0.351	0.343	0.337	0.358	0.39	-31	-0.1	-0.1	1.964	2.165	2.505	1.806	1.947	14.45	13.6	13.75	14.8	17.5	0.62
2026-01-01 22:45:00	-92.411	31.1667	0	14.34	18.5	42.4927056272654	101.35	0.905	45.6	2.54	180.1	0	0	4.49	1.22	0	0.351	0.343	0.337	0.358	0.39	-31.2	-0.1	-0.1	1.958	2.17	2.504	1.802	1.947	14.45	13.6	13.8	14.8	17.5	0.62
2026-01-01 23:00:00	-92.411	31.1667	0	13.25	18	43.65332913750759	101.34	0.901	24.9	2.4	173.6	0	0	3.58	1.15	0	0.351	0.343	0.337	0.358	0.39	-31.3	-0.1	-0.1	1.958	2.164	2.51	1.806	1.947	14.35	13.6	13.8	14.8	17.5	0.617
2026-01-01 23:15:00	-92.411	31.1667	0	12.08	17.5	44.75029143851161	101.33	0.895	6.4	2.29	172.1	0	0	3.32	1.1	0	0.351	0.343	0.337	0.358	0.39	-31.5	-0.1	-0.1	1.96	2.164	2.51	1.806	1.948	14.3	13.7	13.8	14.8	17.5	NA
2026-01-01 23:30:00	-92.411	31.1667	0	9.76	17.2	44.94437771916222	101.32	0.882	0	1.66	167.4	0	0	2.6	1.07	0	0.351	0.343	0.337	0.358	0.39	-31.7	-0.1	-0.1	1.956	2.164	2.509	1.806	1.948	14.15	13.6	13.85	14.8	17.5	NA
2026-01-01 23:45:00	-92.411	31.1667	0	9.76	16.7	46.28667006974772	101.32	0.88	0	1.58	169.7	0	0	2.81	1.02	0	0.351	0.343	0.337	0.358	0.39	-31.9	-0.1	-0.1	1.957	2.164	2.509	1.806	1.948	14.05	13.6	13.85	14.85	17.5	NA
2026-01-02 00:00:00	-92.411	31.1667	0	9.51	16.2	47.78336420330688	101.32	0.88	0	1.38	150.6	0	0	2.1	0.96	0	0.351	0.343	0.337	0.358	0.39	-32	-0.1	-0.1	1.954	2.164	2.514	1.807	1.948	13.9	13.6	13.85	14.85	17.5	NA
2026-01-02 00:15:00	-92.411	31.1667	0	9.08	15.8	48.96422336124607	101.32	0.879	0	1.39	144.3	0	0	2.07	0.92	0	0.351	0.343	0.337	0.358	0.39	-32.2	-0.1	-0.1	1.946	2.165	2.514	1.806	1.948	13.8	13.5	13.9	14.85	17.5	NA
2026-01-02 00:30:00	-92.411	31.1667	0	9.7	15.3	50.558970095648	101.31	0.879	0	1.79	142.4	0	0	2.57	0.86	0	0.351	0.343	0.337	0.358	0.39	-32.4	-0.1	-0.1	1.947	2.16	2.513	1.806	1.948	13.7	13.5	13.95	14.85	17.5	NA
2026-01-02 00:45:00	-92.411	31.1667	0	9.62	15.3	51.24919494337015	101.31	0.891	0	1.7	146.5	0	0	2.29	0.85	0	0.351	0.343	0.337	0.358	0.39	-32.5	-0.1	-0.1	1.948	2.161	2.513	1.806	1.948	13.5	13.5	13.95	14.85	17.5	NA
2026-01-02 01:00:00	-92.411	31.1667	0	10.34	15.2	52.274222089265336	101.3	0.903	0	1.9	144.5	0	0	2.82	0.82	0	0.351	0.343	0.337	0.358	0.39	-32.7	-0.1	-0.1	1.948	2.161	2.513	1.806	1.948	13.4	13.4	13.95	14.85	17.4	NA
2026-01-02 01:15:00	-92.411	31.1667	0	11.18	15	54.00662825268877	101.29	0.921	0	2.17	145.2	0	0	3.13	0.79	0	0.351	0.343	0.337	0.358	0.39	-32.8	-0.1	-0.1	1.944	2.157	2.514	1.806	1.948	13.3	13.4	13.95	14.85	17.4	NA
2026-01-02 01:30:00	-92.411	31.1667	0	10.72	14.8	55.895073145082996	101.28	0.941	0	1.87	148.5	0	0	2.61	0.74	0	0.351	0.343	0.337	0.358	0.39	-32.9	-0.1	-0.1	1.945	2.157	2.513	1.806	1.949	13.2	13.3	13.95	14.85	17.4	NA
2026-01-02 01:45:00	-92.411	31.1667	0	10.97	14.7	59.305796695708665	101.27	0.992	0	1.96	160.9	0	0	3.41	0.68	0	0.351	0.343	0.337	0.358	0.39	-33	-0.1	-0.1	1.946	2.152	2.513	1.806	1.949	13.1	13.3	14	14.85	17.4	NA
2026-01-02 02:00:00	-92.411	31.1667	0	11.9	14.9	63.26730650525596	101.28	1.072	0	2.64	168.3	0	0	4.39	0.62	0	0.351	0.343	0.337	0.358	0.39	-33.1	-0.1	-0.1	1.943	2.153	2.512	1.807	1.948	13.1	13.3	14	14.85	17.4	NA
2026-01-02 02:15:00	-92.411	31.1667	0	12.13	14.8	66.46821131705407	101.28	1.119	0	3.16	175.5	0	0	5.15	0.57	0	0.351	0.343	0.337	0.358	0.39	-33.3	-0.1	-0.1	1.943	2.149	2.512	1.806	1.949	13	13.2	14	14.85	17.4	NA
2026-01-02 02:30:00	-92.411	31.1667	0	12.12	14.6	68.95628900869015	101.27	1.146	0	2.89	170.7	0	0	4.37	0.52	0	0.351	0.343	0.337	0.358	0.39	-33.3	-0.1	-0.1	1.943	2.149	2.512	1.807	1.948	13	13.2	14	14.85	17.4	NA
2026-01-02 02:45:00	-92.411	31.1667	0	11.86	14.4	71.07257986309693	101.25	1.166	0	2.34	166.9	0	0	3.92	0.48	0	0.351	0.342	0.337	0.358	0.39	-33.4	-0.1	-0.1	1.939	2.149	2.512	1.807	1.948	12.9	13.2	14	14.85	17.4	NA
2026-01-02 03:00:00	-92.411	31.1667	0	12.05	14.4	72.35261775085425	101.25	1.187	0	2.63	167.3	0	0	3.99	0.45	0	0.351	0.343	0.337	0.358	0.39	-33.5	-0.1	-0.1	1.94	2.15	2.512	1.807	1.948	12.9	13.1	14	14.85	17.4	NA
2026-01-02 03:15:00	-92.411	31.1667	0	12.36	14.4	73.93742656426808	101.23	1.213	0	2.78	166	0	0	4.66	0.43	0	0.351	0.343	0.337	0.358	0.39	-33.6	-0.1	-0.1	1.94	2.15	2.512	1.807	1.949	12.95	13.1	14	14.85	17.4	NA
2026-01-02 03:30:00	-92.411	31.1667	0	12.72	14.5	75.21715066285734	101.22	1.242	0	3.18	169.3	0	0	4.49	0.4	0	0.351	0.342	0.337	0.358	0.39	-33.6	-0.1	-0.1	1.94	2.151	2.512	1.807	1.949	12.899999999999999	13.1	14	14.85	17.4	NA
2026-01-02 03:45:00	-92.411	31.1667	0	12.91	14.5	76.5494995473846	101.22	1.264	0	3.06	168.2	0	0	4.94	0.38	0	0.351	0.342	0.337	0.358	0.39	-33.7	-0.1	-0.1	1.936	2.146	2.512	1.807	1.949	12.899999999999999	13	14	14.85	17.4	NA
2026-01-02 04:00:00	-92.411	31.1667	0	12.76	14.4	77.77754022754004	101.23	1.276	0	2.73	171.7	0	0	4.16	0.37	0	0.351	0.343	0.337	0.358	0.39	-33.7	-0.1	-0.1	1.936	2.146	2.512	1.807	1.949	12.899999999999999	13	14	14.85	17.4	NA
2026-01-02 04:15:00	-92.411	31.1667	0	12.52	14.2	79.0381369732886	101.24	1.28	0	2.28	170.4	0	0	3.89	0.34	0	0.351	0.343	0.337	0.358	0.39	-33.8	-0.1	-0.1	1.941	2.146	2.512	1.807	1.948	12.899999999999999	13	14	14.85	17.4	NA
2026-01-02 04:30:00	-92.411	31.1667	0	12.54	14.3	78.95734872048953	101.21	1.287	0	2.2	162.1	0	0	3.46	0.34	0	0.351	0.342	0.337	0.358	0.39	-33.8	-0.1	-0.1	1.937	2.146	2.513	1.807	1.949	12.899999999999999	13	14	14.85	17.4	NA
2026-01-02 04:45:00	-92.411	31.1667	0	12.86	14.4	79.54521159634777	101.19	1.305	0	2.79	161.4	0	0	4.8	0.34	0	0.351	0.342	0.337	0.358	0.39	-33.9	-0.1	-0.1	1.936	2.147	2.513	1.807	1.948	12.899999999999999	13	14.05	14.85	17.4	NA
2026-01-02 05:00:00	-92.411	31.1667	0	12.36	14.3	80.18434714660437	101.19	1.307	0	2.31	162	0	0	4.39	0.32	0	0.351	0.342	0.337	0.358	0.39	-33.9	-0.1	-0.1	1.936	2.146	2.513	1.807	1.949	12.95	13	14.05	14.85	17.4	NA
2026-01-02 05:15:00	-92.411	31.1667	0	11.95	14	81.13324517643962	101.18	1.297	0	2.13	156	0	0	3.67	0.31	0	0.351	0.342	0.337	0.358	0.39	-34	-0.1	-0.1	1.936	2.147	2.512	1.807	1.949	12.95	13	14.05	14.85	17.4	NA
2026-01-02 05:30:00	-92.411	31.1667	0	12.27	14.1	80.85725148009494	101.16	1.301	0	2.46	153.9	0	0	4.33	0.3	0	0.351	0.342	0.337	0.358	0.39	-34	-0.1	-0.1	1.936	2.147	2.512	1.807	1.948	12.95	13	14.05	14.85	17.4	NA
2026-01-02 05:45:00	-92.411	31.1667	0	12.23	14.1	81.41660218210944	101.15	1.31	0	2.39	158.7	0	0	4.46	0.29	0	0.351	0.342	0.337	0.358	0.39	-34.1	-0.1	-0.1	1.935	2.147	2.513	1.807	1.948	12.95	13	14.05	14.85	17.4	NA
2026-01-02 06:00:00	-92.411	31.1667	0	11.36	13.5	83.87899686125948	101.15	1.298	0	1.42	144.2	0	0	2.66	0.25	0	0.351	0.342	0.337	0.358	0.39	-34	-0.1	-0.1	1.936	2.147	2.512	1.807	1.949	12.95	13	14.05	14.85	17.4	NA
2026-01-02 06:15:00	-92.411	31.1667	0	11.56	13.3	83.73609846185563	101.14	1.279	0	1.08	149.9	0	0	1.86	0.25	0	0.351	0.342	0.337	0.358	0.39	-34.1	-0.1	-0.1	1.936	2.142	2.507	1.807	1.949	12.95	13	14.05	14.85	17.4	NA
2026-01-02 06:30:00	-92.411	31.1667	0	12.44	13.5	83.94361858457324	101.13	1.299	0	0.93	144	0	0	1.38	0.24	0	0.351	0.342	0.337	0.358	0.39	-34.1	-0.1	-0.1	1.936	2.142	2.507	1.807	1.949	12.95	13	14.05	14.85	17.4	NA
2026-01-02 06:45:00	-92.411	31.1667	0	11.95	13.3	85.63472774676089	101.12	1.308	0	1.07	122.4	0	0	1.95	0.22	0	0.351	0.342	0.337	0.358	0.39	-34.1	-0.1	-0.1	1.937	2.142	2.507	1.807	1.949	12.95	13	14.05	14.85	17.4	NA
2026-01-02 07:00:00	-92.411	31.1667	0	11.39	13.3	85.30737787005307	101.1	1.303	0	1.17	137.6	0	0	1.84	0.22	0	0.351	0.342	0.337	0.358	0.39	-34.1	-0.1	-0.1	1.936	2.142	2.507	1.807	1.949	12.95	13	14.05	14.85	17.4	NA
2026-01-02 07:15:00	-92.411	31.1667	0	11.82	13.3	86.15848754949336	101.09	1.316	0	1.16	141.8	0	0	2.1	0.21	0	0.351	0.342	0.337	0.358	0.39	-34.2	-0.1	-0.1	1.936	2.142	2.513	1.807	1.949	12.95	13	14.05	14.85	17.4	NA
2026-01-02 07:30:00	-92.411	31.1667	0	12.03	13.4	86.57395983752434	101.08	1.331	0	1.31	137.7	0	0	2.1	0.21	0	0.351	0.342	0.337	0.358	0.39	-34.2	-0.1	-0.1	1.936	2.142	2.513	1.807	1.949	12.95	13	14.05	14.85	17.4	NA
2026-01-02 07:45:00	-92.411	31.1667	0	12.31	13.5	87.04546130363367	101.05	1.347	0	1.57	136.3	0	0	2.68	0.2	0	0.351	0.342	0.337	0.358	0.39	-34.2	-0.1	-0.1	1.936	2.142	2.507	1.807	1.949	12.95	13	14.05	14.85	17.4	NA
2026-01-02 08:00:00	-92.411	31.1667	0	11.9	13.6	86.86561467451396	101.03	1.353	0	1.36	147.9	0	0	2.27	0.2	0	0.351	0.342	0.337	0.358	0.39	-34.2	-0.1	-0.1	1.937	2.142	2.507	1.807	1.949	12.95	13	14.05	14.85	17.4	NA
2026-01-02 08:15:00	-92.411	31.1667	0	11.51	13.5	87.36856992020249	101.02	1.352	0	1.21	149.8	0	0	1.96	0.2	0	0.351	0.342	0.337	0.358	0.39	-34.2	-0.1	-0.1	1.932	2.142	2.507	1.807	1.949	12.95	13	14.05	14.85	17.4	NA
2026-01-02 08:30:00	-92.411	31.1667	0	11.86	13.5	87.56243509014375	101	1.355	0	1.28	145.9	0	0	2.08	0.19	0	0.351	0.342	0.337	0.358	0.39	-34.2	-0.1	-0.1	1.937	2.142	2.507	1.807	1.949	12.95	13	14.05	14.899999999999999	17.4	NA
2026-01-02 08:45:00	-92.411	31.1667	0	11.77	13.4	88.46024446208348	100.97	1.36	0	1.21	145.1	0	0	2.09	0.18	0	0.351	0.342	0.337	0.358	0.39	-34.2	-0.1	-0.1	1.933	2.137	2.507	1.808	1.948	12.95	13	14.05	14.899999999999999	17.4	NA
2026-01-02 09:00:00	-92.411	31.1667	0	12.37	13.5	88.33789576990885	100.95	1.367	0	1.62	144.1	0	0	2.65	0.18	0	0.351	0.342	0.337	0.358	0.39	-34.2	-0.1	-0.1	1.937	2.143	2.507	1.807	1.949	12.95	13	14.05	14.899999999999999	17.4	NA
2026-01-02 09:15:00	-92.411	31.1667	0	12.51	13.6	88.47067037803416	100.93	1.378	0	1.7	146.1	0	0	2.59	0.18	0	0.351	0.342	0.337	0.358	0.39	-34.2	-0.1	-0.1	1.933	2.142	2.507	1.807	1.949	12.95	13	14.05	14.899999999999999	17.4	NA
2026-01-02 09:30:00	-92.411	31.1667	0	12.43	13.6	88.53487260617497	100.92	1.379	0	1.6	146.5	0	0	2.48	0.17	0	0.351	0.342	0.337	0.358	0.39	-34.2	-0.1	-0.1	1.932	2.142	2.507	1.807	1.949	12.95	13	14.05	14.899999999999999	17.4	NA
2026-01-02 09:45:00	-92.411	31.1667	0	12.41	13.5	88.9194912797327	100.91	1.376	0	1.29	145.8	0	0	2.18	0.17	0	0.351	0.342	0.337	0.358	0.39	-34.2	-0.1	-0.1	1.933	2.143	2.507	1.807	1.949	13	13	14.05	14.899999999999999	17.4	NA
2026-01-02 10:00:00	-92.411	31.1667	0	12.58	13.5	89.17797817298774	100.88	1.38	0	1.62	148.8	0	0	2.47	0.17	0	0.351	0.342	0.337	0.358	0.39	-34.1	-0.1	-0.1	1.933	2.143	2.507	1.807	1.949	13	13	14.05	14.899999999999999	17.4	NA
2026-01-02 10:15:00	-92.411	31.1667	0	12.3	13.5	89.17797817298774	100.85	1.38	0	1.74	149.3	0	0	2.86	0.16	0	0.351	0.342	0.337	0.358	0.39	-34.1	-0.1	-0.1	1.933	2.143	2.507	1.808	1.949	13	13	14.05	14.899999999999999	17.4	NA
2026-01-02 10:30:00	-92.411	31.1667	0	12.39	13.5	89.30722161961525	100.82	1.382	0	1.66	148.5	0	0	2.65	0.16	0	0.351	0.342	0.337	0.358	0.39	-34.1	-0.1	-0.1	1.933	2.143	2.507	1.803	1.949	13	13	14.05	14.899999999999999	17.4	NA
2026-01-02 10:45:00	-92.411	31.1667	0	12.69	13.6	89.36950157200548	100.8	1.392	0	1.63	150.9	0	0	2.67	0.16	0	0.351	0.342	0.337	0.358	0.39	-34.1	-0.1	-0.1	1.933	2.143	2.507	1.803	1.949	13	13	14.100000000000001	14.899999999999999	17.4	NA
2026-01-02 11:00:00	-92.411	31.1667	0	12.72	13.7	89.61903094825642	100.8	1.405	0	1.17	158.1	0	0	2.37	0.17	0	0.351	0.342	0.337	0.358	0.39	-34.1	-0.1	-0.1	1.933	2.138	2.506	1.808	1.949	13	13	14.100000000000001	14.899999999999999	17.4	NA
2026-01-02 11:15:00	-92.411	31.1667	0	13.06	13.9	89.09118739839933	100.79	1.415	0	1.48	144.9	0	0	2.44	0.17	0	0.351	0.342	0.336	0.358	0.39	-34	-0.1	-0.1	1.932	2.138	2.507	1.807	1.95	13.05	13	14.100000000000001	14.899999999999999	17.3	NA
2026-01-02 11:30:00	-92.411	31.1667	0	13.4	14.2	88.79440700592889	100.78	1.438	0	1.54	151.5	0	0	2.58	0.18	0	0.351	0.342	0.337	0.358	0.39	-34	-0.1	-0.1	1.932	2.137	2.506	1.807	1.95	13.05	13.1	14.100000000000001	14.899999999999999	17.3	NA
2026-01-02 11:45:00	-92.411	31.1667	0	13.48	14.3	89.20278557854841	100.77	1.454	0	1.76	144.2	0	0	3	0.17	0	0.351	0.342	0.337	0.358	0.39	-34	-0.1	-0.1	1.932	2.137	2.512	1.807	1.95	13.05	13.1	14.100000000000001	14.899999999999999	17.3	NA
2026-01-02 12:00:00	-92.411	31.1667	0	13.86	14.5	89.44905920212584	100.76	1.477	0	1.86	139.6	0	0	3.53	0.18	0	0.351	0.342	0.337	0.358	0.39	-34	-0.1	-0.1	1.936	2.137	2.506	1.803	1.951	13.05	13.1	14.100000000000001	14.899999999999999	17.3	NA
2026-01-02 12:15:00	-92.411	31.1667	0	14.25	15	88.77962559671096	100.74	1.514	0	2.31	138.2	0	0	4.06	0.19	0	0.351	0.342	0.337	0.358	0.39	-34	-0.1	-0.1	1.932	2.137	2.506	1.808	1.95	13.100000000000001	13.1	14.100000000000001	14.899999999999999	17.3	NA
2026-01-02 12:30:00	-92.411	31.1667	0	14.65	15.4	88.86923888017418	100.74	1.555	0	2.6	143.8	0	0	3.98	0.19	0	0.351	0.342	0.336	0.358	0.39	-34	-0.1	-0.1	1.936	2.138	2.507	1.807	1.946	13.15	13.1	14.100000000000001	14.899999999999999	17.3	NA
2026-01-02 12:45:00	-92.411	31.1667	0	14.9	15.7	89.02663568140578	100.73	1.588	0	3.07	145.1	0	0	5.19	0.19	0	0.351	0.342	0.337	0.358	0.39	-34	-0.1	-0.1	1.936	2.138	2.506	1.808	1.95	13.15	13.1	14.100000000000001	14.899999999999999	17.3	NA
2026-01-02 13:00:00	-92.411	31.1667	0	14.45	15.7	89.41907047345227	100.71	1.595	0	2.91	146.4	0	0	4.77	0.19	0	0.351	0.342	0.336	0.358	0.39	-34	-0.1	-0.1	1.936	2.136	2.507	1.807	1.95	13.2	13.2	14.100000000000001	14.899999999999999	17.3	NA
2026-01-02 13:15:00	-92.411	31.1667	0	14.88	16.2	88.4535230536215	100.71	1.629	0	2.89	151.1	0	0	4.75	0.21	0	0.351	0.342	0.337	0.358	0.39	-34	-0.1	-0.1	1.935	2.137	2.506	1.808	1.95	13.25	13.2	14.100000000000001	14.899999999999999	17.3	NA
2026-01-02 13:30:00	-92.411	31.1667	0	15.37	16.6	88.8758494053156	100.7	1.679	3.6	2.71	156	0	0	5.16	0.21	0	0.351	0.342	0.336	0.358	0.39	-33.9	-0.1	-0.1	1.935	2.137	2.507	1.808	1.951	13.25	13.2	14.100000000000001	14.899999999999999	17.3	NA
2026-01-02 13:45:00	-92.411	31.1667	0	15.57	16.7	89.36483232784248	100.7	1.699	18.2	2.62	156.5	0	0	4.46	0.2	0	0.351	0.342	0.336	0.358	0.39	-33.9	-0.1	-0.1	1.935	2.136	2.507	1.804	1.946	13.35	13.2	14.100000000000001	14.899999999999999	17.3	0.605
2026-01-02 14:00:00	-92.411	31.1667	0	16.48	16.9	89.89949318618214	100.7	1.731	31.8	2.81	155.5	0	0	5.16	0.2	0	0.351	0.342	0.336	0.358	0.39	-33.9	-0.1	-0.1	1.935	2.136	2.507	1.803	1.946	13.35	13.3	14.100000000000001	14.899999999999999	17.3	0.615
2026-01-02 14:15:00	-92.411	31.1667	0	16.84	17.2	89.53205402785488	100.7	1.757	36.6	2.53	154.9	0	0	4.95	0.2	0	0.351	0.342	0.336	0.358	0.39	-33.9	-0.1	-0.1	1.938	2.137	2.507	1.804	1.946	13.45	13.3	14.100000000000001	14.899999999999999	17.3	0.613
2026-01-02 14:30:00	-92.411	31.1667	0	17.45	17.7	88.92175105237654	100.69	1.801	46.7	3.33	161.7	0	0	6.7	0.22	0	0.351	0.342	0.336	0.358	0.39	-33.9	-0.1	-0.1	1.934	2.136	2.501	1.803	1.946	13.5	13.4	14.100000000000001	14.899999999999999	17.3	0.604
2026-01-02 14:45:00	-92.411	31.1667	0	18.22	18.2	88.94363189107753	100.68	1.859	66.3	3.91	171.5	0	0	7.19	0.23	0	0.351	0.342	0.336	0.358	0.39	-33.8	-0.1	-0.1	1.937	2.136	2.5	1.808	1.946	13.55	13.4	14.2	14.899999999999999	17.3	0.605
2026-01-02 15:00:00	-92.411	31.1667	0	18.78	18.5	89.21120518431411	100.67	1.9	91	4.5	169.5	0	0	8.36	0.23	0	0.351	0.342	0.336	0.358	0.39	-33.8	-0.1	-0.1	1.941	2.135	2.5	1.807	1.951	13.7	13.5	14.2	14.899999999999999	17.3	0.613
2026-01-02 15:15:00	-92.411	31.1667	0	19.11	18.8	88.70457418741594	100.68	1.925	83.8	4.14	174.7	0	0	8.17	0.24	0	0.351	0.342	0.336	0.358	0.39	-33.7	-0.1	-0.1	1.941	2.135	2.506	1.808	1.951	13.8	13.5	14.2	14.899999999999999	17.3	0.613
2026-01-02 15:30:00	-92.411	31.1667	0	19.86	19.2	88.13637163533778	100.69	1.961	126.9	4.83	179.1	0	0	10.04	0.26	0	0.35	0.342	0.336	0.358	0.39	-33.7	-0.1	-0.1	1.94	2.134	2.506	1.808	1.951	13.9	13.6	14.2	14.899999999999999	17.3	0.612
2026-01-02 15:45:00	-92.411	31.1667	0	20.8	19.7	87.70445530682986	100.69	2.013	159.9	4.64	192.3	0	0	8.19	0.28	0	0.35	0.342	0.336	0.358	0.39	-33.7	-0.1	-0.1	1.944	2.134	2.506	1.808	1.946	14.1	13.6	14.2	14.899999999999999	17.3	0.608
2026-01-02 16:00:00	-92.411	31.1667	0	21.08	20.1	87.1729108381974	100.69	2.051	164.6	5.02	193.7	0	0	9.99	0.3	0	0.35	0.342	0.336	0.358	0.39	-33.6	-0.1	-0.1	1.947	2.133	2.506	1.808	1.946	14.25	13.7	14.2	14.95	17.3	0.607
2026-01-02 16:15:00	-92.411	31.1667	0	22.58	20.7	86.29785541025821	100.67	2.107	272.2	5.12	197.4	0	0	9.24	0.33	0	0.35	0.342	0.336	0.358	0.39	-33.6	-0.1	-0.1	1.944	2.138	2.507	1.812	1.946	14.4	13.8	14.2	14.95	17.3	0.587
2026-01-02 16:30:00	-92.411	31.1667	0	23.81	21.3	85.38590504973473	100.65	2.163	362.6	5.16	198.1	0	0	8.72	0.37	0	0.35	0.342	0.336	0.358	0.39	-33.6	-0.1	-0.1	1.948	2.138	2.507	1.808	1.95	14.6	13.9	14.2	14.95	17.3	0.578
2026-01-02 16:45:00	-92.411	31.1667	0	24.41	21.7	84.01483857116256	100.63	2.181	400.1	5.89	199	0	0	10.16	0.41	0	0.35	0.342	0.336	0.358	0.39	-33.6	-0.1	-0.1	1.951	2.137	2.507	1.808	1.951	14.8	14	14.25	14.95	17.3	0.578
2026-01-02 17:00:00	-92.411	31.1667	0	25.17	22.4	80.876092797377	100.6	2.191	419	6.13	203.9	0	0	11.49	0.51	0	0.35	0.342	0.336	0.358	0.39	-33.6	-0.1	-0.1	1.954	2.14	2.506	1.812	1.95	15	14.1	14.3	14.95	17.3	0.576
2026-01-02 17:15:00	-92.411	31.1667	0	26.4	23.1	78.33077746833534	100.56	2.214	508.8	7.03	197.2	0	0	13.57	0.62	0	0.35	0.342	0.336	0.358	0.39	-33.6	-0.1	-0.1	1.952	2.14	2.506	1.812	1.946	15.2	14.2	14.3	14.95	17.3	0.569
2026-01-02 17:30:00	-92.411	31.1667	0	25.46	23.2	77.19080599264166	100.52	2.195	405.3	7.06	203.3	0	0	12.47	0.65	0	0.35	0.342	0.336	0.358	0.39	-33.6	-0.1	-0.1	1.954	2.138	2.507	1.808	1.951	15.45	14.4	14.3	14.95	17.3	0.573
2026-01-02 17:45:00	-92.411	31.1667	0	27.44	24	73.35993762399032	100.49	2.189	497.5	6.69	202.7	0	0	13.62	0.78	0	0.35	0.342	0.336	0.358	0.39	-33.7	-0.1	-0.1	1.958	2.142	2.513	1.808	1.947	15.7	14.5	14.3	14.95	17.3	0.558
2026-01-02 18:00:00	-92.411	31.1667	0	28.19	24.5	70.73978083373011	100.46	2.175	534.9	7.38	204.7	0	0	13.28	0.89	0	0.35	0.342	0.336	0.358	0.39	-33.7	-0.1	-0.1	1.956	2.141	2.512	1.808	1.947	15.9	14.6	14.3	14.95	17.3	0.561
2026-01-02 18:15:00	-92.411	31.1667	0	28.83	24.9	69.45155263336305	100.42	2.187	527.8	6.47	199.7	0	0	12.05	0.96	0	0.35	0.342	0.336	0.358	0.39	-33.8	-0.1	-0.1	1.959	2.14	2.512	1.808	1.947	16.15	14.8	14.35	14.95	17.3	0.565
2026-01-02 18:30:00	-92.411	31.1667	0	28.73	25	68.06033100380692	100.38	2.156	522.7	7.04	202	0	0	12.09	1.02	0	0.35	0.342	0.336	0.358	0.39	-34	-0.1	-0.1	1.956	2.143	2.512	1.812	1.947	16.35	14.9	14.35	15	17.3	0.556
2026-01-02 18:45:00	-92.411	31.1667	0	28.47	25.2	66.19433808163578	100.34	2.122	562.2	7.54	194.3	0	0	13.7	1.07	0	0.35	0.342	0.336	0.358	0.39	-34.1	-0.1	-0.1	1.955	2.142	2.518	1.808	1.947	16.65	15	14.35	15	17.3	0.562
2026-01-02 19:00:00	-92.411	31.1667	0	29.07	25.5	64.99442897047051	100.31	2.121	550.2	6.83	197	0	0	13.73	1.13	0	0.35	0.342	0.336	0.358	0.39	-34.3	-0.1	-0.1	1.953	2.141	2.517	1.808	1.947	16.85	15.2	14.399999999999999	15	17.3	0.56
2026-01-02 19:15:00	-92.411	31.1667	0	26.2	25.2	64.16670755604372	100.28	2.057	306.8	6.81	208.4	0	0	11.69	1.14	0	0.35	0.341	0.336	0.358	0.39	-34.5	-0.1	-0.1	1.952	2.145	2.517	1.808	1.947	16.95	15.3	14.399999999999999	15	17.3	0.58
2026-01-02 19:30:00	-92.411	31.1667	0	27.58	25.5	63.12518796754797	100.26	2.06	401	6.04	202.3	0	0	10.38	1.19	0	0.35	0.341	0.336	0.358	0.39	-34.7	-0.1	-0.1	1.951	2.144	2.517	1.812	1.947	17.05	15.4	14.399999999999999	15	17.3	0.59
2026-01-02 19:45:00	-92.411	31.1667	0	28.46	25.7	63.25920266753352	100.23	2.089	430.5	7.1	204.5	0	0	12.23	1.22	0	0.35	0.341	0.336	0.358	0.39	-35	-0.1	-0.1	1.95	2.143	2.516	1.808	1.947	17.2	15.5	14.45	15	17.3	0.59
2026-01-02 20:00:00	-92.411	31.1667	0	28.65	26	62.0269915962407	100.24	2.085	516.2	7.01	201.8	0	0	12.34	1.28	0	0.35	0.341	0.336	0.358	0.39	-35.3	-0.1	-0.1	1.953	2.142	2.523	1.812	1.947	17.35	15.6	14.45	15	17.3	0.592
2026-01-02 20:15:00	-92.411	31.1667	0	28.15	26.1	62.19387681709932	100.24	2.103	408	5.82	202.1	0	0	11.43	1.27	0	0.35	0.341	0.336	0.358	0.39	-35.5	-0.1	-0.1	1.948	2.141	2.521	1.812	1.947	17.45	15.7	14.5	15	17.3	0.595
2026-01-02 20:30:00	-92.411	31.1667	0	27.6	25.8	62.61472099948051	100.21	2.08	408.9	6.37	203.2	0	0	9.98	1.25	0	0.35	0.341	0.336	0.358	0.39	-35.8	-0.1	-0.1	1.951	2.14	2.521	1.812	1.947	17.6	15.8	14.5	15	17.3	0.601
2026-01-02 20:45:00	-92.411	31.1667	0	27.25	25.8	62.584617768230764	100.2	2.079	371.1	6.54	195.8	0	0	11.08	1.25	0	0.35	0.341	0.336	0.358	0.39	-36.1	-0.1	-0.1	1.946	2.144	2.521	1.812	1.948	17.75	16	14.6	15	17.3	0.607
2026-01-02 21:00:00	-92.411	31.1667	0	27.13	25.9	62.51458470745247	100.19	2.089	347.3	6.21	196.7	0	0	10.49	1.25	0	0.35	0.341	0.336	0.358	0.39	-36.3	-0.1	-0.1	1.945	2.139	2.527	1.813	1.948	17.85	16	14.6	15	17.3	0.614
2026-01-02 21:15:00	-92.411	31.1667	0	26.72	25.9	62.39488229537501	100.18	2.085	300.6	5.72	197.9	0	0	9.77	1.26	0	0.349	0.341	0.336	0.358	0.39	-36.7	-0.1	-0.1	1.945	2.138	2.525	1.813	1.943	17.95	16.1	14.6	15.05	17.3	0.612
2026-01-02 21:30:00	-92.411	31.1667	0	26	25.8	62.46420484323177	100.17	2.075	255.6	6.09	199.3	0	0	11.36	1.24	0	0.349	0.341	0.336	0.358	0.39	-36.9	-0.1	-0.1	1.944	2.138	2.525	1.812	1.943	18	16.2	14.649999999999999	15.05	17.3	0.613
2026-01-02 21:45:00	-92.411	31.1667	0	25.26	25.3	63.972412228868514	100.17	2.063	212.3	5.93	192.6	0	0	9.59	1.16	0	0.35	0.341	0.336	0.358	0.39	-37.2	-0.1	-0.1	1.939	2.137	2.53	1.808	1.943	18.05	16.3	14.649999999999999	15.05	17.3	0.616
2026-01-02 22:00:00	-92.411	31.1667	0	24.53	25.2	64.16670755604372	100.17	2.057	168.9	5.63	187.6	0	0	9.48	1.15	0	0.349	0.341	0.336	0.358	0.39	-37.5	-0.1	-0.1	1.94	2.136	2.529	1.812	1.943	18.05	16.4	14.75	15.1	17.3	0.625
2026-01-02 22:15:00	-92.411	31.1667	0	23.82	25	64.39845790712714	100.18	2.04	125.1	5.27	192.7	0	0	10.44	1.14	0	0.349	0.341	0.336	0.358	0.39	-37.7	-0.1	-0.1	1.94	2.136	2.524	1.812	1.943	18.05	16.4	14.75	15.1	17.2	0.625
2026-01-02 22:30:00	-92.411	31.1667	0	22.99	24.7	65.01457630575143	100.19	2.023	85	5.43	192.2	0	0	10.09	1.09	0	0.35	0.341	0.336	0.358	0.39	-38	-0.1	-0.1	1.935	2.136	2.523	1.812	1.944	18.05	16.5	14.8	15.1	17.2	0.613
2026-01-02 22:45:00	-92.411	31.1667	0	22.08	24.4	65.2747354898661	100.2	1.995	48.8	4.38	187.5	0	0	8.31	1.05	0	0.349	0.341	0.336	0.358	0.39	-38.2	-0.1	-0.1	1.935	2.13	2.53	1.812	1.944	18	16.5	14.8	15.1	17.2	0.604
2026-01-02 23:00:00	-92.411	31.1667	0	21.13	23.9	66.24963221395926	100.21	1.965	22.4	3.94	184.1	0	0	7.67	1.01	0	0.349	0.341	0.336	0.358	0.39	-38.4	-0.1	-0.1	1.931	2.135	2.529	1.812	1.94	17.95	16.5	14.850000000000001	15.1	17.2	0.595
2026-01-02 23:15:00	-92.411	31.1667	0	20.1	23.4	66.3277826618705	100.22	1.909	10.1	3.49	169	0	0	5.96	0.96	0	0.35	0.341	0.336	0.358	0.39	-38.6	-0.1	-0.1	1.927	2.13	2.533	1.812	1.944	17.9	16.5	14.9	15.1	17.2	NA
2026-01-02 23:30:00	-92.411	31.1667	0	19.24	22.7	67.74533314681085	100.22	1.869	0	3.27	169.6	0	0	6.04	0.89	0	0.35	0.341	0.336	0.358	0.39	-38.8	-0.1	-0.1	1.928	2.13	2.532	1.813	1.944	17.8	16.5	14.95	15.1	17.2	NA
2026-01-02 23:45:00	-92.411	31.1667	0	17.95	22.2	69.08705099211029	100.23	1.849	0	2.27	159.2	0	0	4.9	0.82	0	0.35	0.341	0.336	0.358	0.39	-38.9	-0.1	-0.1	1.92	2.131	2.532	1.812	1.944	17.7	16.5	14.95	15.1	17.2	NA
2026-01-03 00:00:00	-92.411	31.1667	0	16.64	21.5	70.93222631804849	100.25	1.819	0	1.66	149.3	0	0	3.1	0.74	0	0.349	0.341	0.336	0.358	0.39	-39.1	-0.1	-0.1	1.926	2.131	2.532	1.812	1.944	17.6	16.5	14.95	15.1	17.2	NA
2026-01-03 00:15:00	-92.411	31.1667	0	14.28	21.2	71.45346660133346	100.28	1.799	0	1.18	160.9	0	0	2.02	0.71	0	0.349	0.341	0.336	0.358	0.39	-39.3	-0.1	-0.1	1.922	2.131	2.531	1.812	1.944	17.45	16.5	15	15.149999999999999	17.2	NA
2026-01-03 00:30:00	-92.411	31.1667	0	13.45	20.4	74.22364289837272	100.3	1.779	0	1.26	141.5	0	0	1.86	0.61	0	0.349	0.341	0.336	0.358	0.39	-39.4	-0.1	-0.1	1.919	2.126	2.531	1.813	1.944	17.3	16.4	15.05	15.149999999999999	17.2	NA
2026-01-03 00:45:00	-92.411	31.1667	0	13.87	20	75.39725959917264	100.32	1.763	0	1.39	143.7	0	0	2.56	0.57	0	0.349	0.341	0.336	0.358	0.39	-39.5	-0.1	-0.1	1.92	2.127	2.53	1.813	1.944	17.2	16.4	15.1	15.149999999999999	17.2	NA
2026-01-03 01:00:00	-92.411	31.1667	0	13	19.6	77.20278575610368	100.34	1.761	0	1.36	139.2	0	0	2.29	0.53	0	0.35	0.341	0.336	0.358	0.39	-39.6	-0.1	-0.1	1.916	2.127	2.529	1.813	1.949	17.05	16.3	15.1	15.149999999999999	17.2	NA
2026-01-03 01:15:00	-92.411	31.1667	0	13.45	19.4	77.99075910987956	100.35	1.757	0	1.51	148.8	0	0	2.56	0.5	0	0.349	0.341	0.336	0.358	0.39	-39.8	-0.1	-0.1	1.919	2.123	2.529	1.813	1.948	16.9	16.3	15.1	15.149999999999999	17.2	NA
2026-01-03 01:30:00	-92.411	31.1667	0	14.04	19.3	78.70083327658347	100.37	1.762	0	1.64	153.7	0	0	2.76	0.47	0	0.349	0.341	0.336	0.358	0.39	-39.9	-0.1	-0.1	1.915	2.119	2.529	1.813	1.948	16.8	16.2	15.1	15.149999999999999	17.2	NA
2026-01-03 01:45:00	-92.411	31.1667	0	13.87	19.1	80.04921863723436	100.38	1.77	0	1.53	153.6	0	0	2.84	0.44	0	0.349	0.341	0.336	0.358	0.39	-40	-0.1	-0.1	1.917	2.12	2.528	1.813	1.948	16.6	16.1	15.2	15.149999999999999	17.2	NA
2026-01-03 02:00:00	-92.411	31.1667	0	14.14	18.8	81.37780676102678	100.39	1.766	0	1.63	150.1	0	0	3.16	0.4	0	0.349	0.341	0.336	0.358	0.39	-40.1	-0.1	-0.1	1.914	2.12	2.534	1.813	1.948	16.5	16.1	15.2	15.149999999999999	17.2	NA
2026-01-03 02:15:00	-92.411	31.1667	0	13.87	18.7	81.9344513417356	100.4	1.767	0	1.46	151.8	0	0	2.97	0.39	0	0.349	0.341	0.336	0.358	0.39	-40.2	-0.1	-0.1	1.915	2.116	2.528	1.813	1.949	16.4	16	15.2	15.2	17.2	NA
2026-01-03 02:30:00	-92.411	31.1667	0	14.81	18.6	83.05520282675602	100.4	1.78	0	1.79	152.9	0	0	2.91	0.37	0	0.349	0.341	0.336	0.358	0.39	-40.4	-0.1	-0.1	1.911	2.116	2.528	1.813	1.948	16.3	16	15.2	15.2	17.2	NA
2026-01-03 02:45:00	-92.411	31.1667	0	14.25	18.3	84.44094379667469	100.42	1.776	0	1.59	150.7	0	0	3.81	0.33	0	0.349	0.341	0.336	0.358	0.39	-40.5	-0.1	-0.1	1.913	2.117	2.528	1.817	1.953	16.2	15.9	15.2	15.2	17.2	NA
2026-01-03 03:00:00	-92.411	31.1667	0	13.46	18.1	84.78564177621163	100.43	1.761	0	1.44	152.4	0	0	2.91	0.32	0	0.349	0.341	0.336	0.358	0.39	-40.5	-0.1	-0.1	1.913	2.113	2.528	1.817	1.953	16.1	15.8	15.25	15.2	17.2	NA
2026-01-03 03:15:00	-92.411	31.1667	0	14.52	18.1	85.60412894838404	100.44	1.778	0	1.79	166.9	0	0	3.82	0.3	0	0.349	0.341	0.336	0.358	0.39	-40.6	-0.1	-0.1	1.91	2.113	2.527	1.816	1.952	16	15.8	15.25	15.25	17.2	NA
2026-01-03 03:30:00	-92.411	31.1667	0	13.69	17.8	86.98952928699566	100.44	1.773	0	1.43	159.6	0	0	2.49	0.26	0	0.349	0.341	0.336	0.358	0.39	-40.7	-0.1	-0.1	1.911	2.114	2.527	1.817	1.948	15.9	15.7	15.25	15.25	17.2	NA
2026-01-03 03:45:00	-92.411	31.1667	0	12.78	17.4	87.75296703339953	100.45	1.744	0	1.32	147.9	0	0	2.46	0.25	0	0.349	0.341	0.336	0.358	0.39	-40.8	-0.1	-0.1	1.908	2.109	2.528	1.816	1.953	15.8	15.7	15.25	15.25	17.2	NA
2026-01-03 04:00:00	-92.411	31.1667	0	13.01	17.2	88.66577917385743	100.46	1.74	0	1.26	138.6	0	0	2.24	0.22	0	0.349	0.341	0.336	0.358	0.39	-40.8	-0.1	-0.1	1.908	2.11	2.527	1.816	1.953	15.75	15.6	15.3	15.25	17.2	NA
2026-01-03 04:15:00	-92.411	31.1667	0	11.53	16.7	90.73239303444866	100.47	1.725	0	1.16	129.2	0	0	1.69	0.18	0	0.349	0.341	0.336	0.358	0.39	-40.9	-0.1	-0.1	1.909	2.11	2.521	1.816	1.953	15.649999999999999	15.6	15.3	15.25	17.2	NA
2026-01-03 04:30:00	-92.411	31.1667	0	11.09	16.5	91.25410464408867	100.47	1.713	0	1.25	128.9	0	0	1.86	0.17	0	0.349	0.341	0.336	0.358	0.39	-41	-0.1	-0.1	1.91	2.106	2.521	1.817	1.953	15.6	15.5	15.3	15.25	17.2	NA
2026-01-03 04:45:00	-92.411	31.1667	0	11.48	16.3	92.69337464588702	100.47	1.718	0	1.23	124.6	0	0	1.67	0.14	0	0.349	0.341	0.336	0.357	0.39	-41	-0.1	-0.1	1.906	2.106	2.52	1.817	1.953	15.5	15.5	15.3	15.25	17.2	NA
2026-01-03 05:00:00	-92.411	31.1667	0	10.92	16.1	93.28209131120407	100.47	1.707	0	0.99	130.5	0	0	2	0.12	0	0.349	0.341	0.336	0.357	0.39	-41.1	-0.1	-0.1	1.908	2.107	2.526	1.817	1.953	15.4	15.4	15.350000000000001	15.3	17.2	NA
2026-01-03 05:15:00	-92.411	31.1667	0	10.8	16.2	92.79746525392211	100.46	1.709	0	0.71	119.5	0	0	1.42	0.13	0	0.349	0.341	0.336	0.357	0.39	-41.2	-0.1	-0.1	1.904	2.107	2.522	1.817	1.953	15.350000000000001	15.4	15.350000000000001	15.3	17.2	NA
2026-01-03 05:30:00	-92.411	31.1667	0	11.01	16.1	93.71926572859692	100.46	1.715	0	0.76	116.4	0	0	1.49	0.11	0	0.349	0.341	0.336	0.357	0.39	-41.2	-0.1	-0.1	1.903	2.108	2.521	1.817	1.953	15.25	15.3	15.3	15.3	17.2	NA
2026-01-03 05:45:00	-92.411	31.1667	0	12.27	16	94.64954115708689	100.45	1.721	0	0.88	118.9	0	0	1.46	0.1	0	0.349	0.341	0.336	0.357	0.39	-41.2	-0.1	-0.1	1.905	2.108	2.521	1.817	1.953	15.2	15.3	15.3	15.3	17.2	NA
2026-01-03 06:00:00	-92.411	31.1667	0	13.54	16.4	94.41012132195613	100.44	1.761	0	0.79	137.5	0	0	1.64	0.1	0	0.349	0.341	0.336	0.357	0.39	-41.3	-0.1	-0.1	1.901	2.105	2.522	1.817	1.953	15.1	15.2	15.3	15.350000000000001	17.2	NA
2026-01-03 06:15:00	-92.411	31.1667	0	14.46	16.7	94.8350751542672	100.44	1.803	0	0.88	154.2	0	0	2.31	0.1	0	0.349	0.341	0.336	0.357	0.39	-41.3	-0.1	-0.1	1.902	2.105	2.521	1.817	1.953	15.05	15.2	15.3	15.350000000000001	17.2	NA
2026-01-03 06:30:00	-92.411	31.1667	0	15.21	16.9	95.30073367801513	100.43	1.835	0	1.14	167.9	0	0	2.38	0.09	0	0.349	0.341	0.336	0.357	0.39	-41.4	-0.1	-0.1	1.902	2.105	2.523	1.816	1.953	15	15.2	15.3	15.350000000000001	17.2	NA
2026-01-03 06:45:00	-92.411	31.1667	0	15.62	17	95.73060335848305	100.42	1.855	0	1.49	178.3	0	0	3.61	0.08	0	0.349	0.341	0.336	0.357	0.39	-41.4	-0.1	-0.1	1.898	2.106	2.521	1.816	1.953	15	15.1	15.3	15.350000000000001	17.2	NA
2026-01-03 07:00:00	-92.411	31.1667	0	15.91	17.1	95.8953083465053	100.41	1.87	0	1.3	180.3	0	0	2.24	0.08	0	0.349	0.341	0.336	0.357	0.39	-41.4	-0.1	-0.1	1.899	2.101	2.515	1.817	1.953	14.95	15.1	15.3	15.350000000000001	17.2	NA
2026-01-03 07:15:00	-92.411	31.1667	0	16.62	17.3	95.85407779435558	100.41	1.893	0	1.23	175.8	0	0	2.28	0.08	0	0.349	0.341	0.336	0.357	0.39	-41.5	-0.1	-0.1	1.904	2.101	2.516	1.817	1.953	14.95	15.1	15.3	15.350000000000001	17.2	NA
2026-01-03 07:30:00	-92.411	31.1667	0	16.9	17.5	95.85062423198522	100.4	1.917	0	1.63	183.9	0	0	3.17	0.08	0	0.349	0.341	0.336	0.357	0.39	-41.5	-0.1	-0.1	1.903	2.101	2.515	1.816	1.953	15	15.1	15.3	15.4	17.2	NA
2026-01-03 07:45:00	-92.411	31.1667	0	17.19	17.7	95.83404708087888	100.4	1.941	0	2.14	182.5	0	0	4.49	0.08	0	0.349	0.341	0.336	0.357	0.39	-41.5	-0.1	-0.1	1.908	2.101	2.52	1.817	1.953	15	15.1	15.3	15.4	17.2	NA
2026-01-03 08:00:00	-92.411	31.1667	0	17.4	17.8	96.2134613264515	100.4	1.961	0	2.42	192.5	0	0	4.62	0.08	0	0.349	0.341	0.336	0.357	0.39	-41.5	-0.1	-0.1	1.904	2.101	2.516	1.817	1.953	15.05	15.1	15.3	15.4	17.2	NA
2026-01-03 08:15:00	-92.411	31.1667	0.017	17.51	17.9	96.53605151783482	100.4	1.98	0	2.5	200.7	0	0	5.73	0.07	0	0.349	0.341	0.336	0.357	0.39	-41.5	-0.1	-0.1	1.907	2.101	2.516	1.817	1.953	15.149999999999999	15.1	15.3	15.4	17.2	NA
2026-01-03 08:30:00	-92.411	31.1667	0	17.59	18	96.56058265377649	100.41	1.993	0	2.99	202.3	0	0	6.91	0.07	0	0.349	0.341	0.336	0.357	0.39	-41.5	-0.1	-0.1	1.908	2.101	2.516	1.817	1.953	15.149999999999999	15.1	15.3	15.4	17.2	NA
2026-01-03 08:45:00	-92.411	31.1667	0	17.57	18.2	95.68975996888383	100.4	2	0	3.03	205.6	0	0	6.09	0.08	0	0.349	0.341	0.336	0.357	0.39	-41.4	-0.1	-0.1	1.907	2.096	2.522	1.817	1.953	15.25	15.1	15.350000000000001	15.4	17.2	NA
2026-01-03 09:00:00	-92.411	31.1667	0	17.36	18.2	95.54622532893052	100.4	1.997	0	2.01	223.4	0	0	3.51	0.09	0	0.349	0.341	0.336	0.357	0.39	-41.4	-0.1	-0.1	1.906	2.096	2.516	1.817	1.953	15.25	15.1	15.350000000000001	15.4	17.2	NA
2026-01-03 09:15:00	-92.411	31.1667	0	17.34	18.2	95.40269068897719	100.41	1.994	0	0.66	304.8	0	0	2.57	0.1	0	0.349	0.341	0.336	0.357	0.39	-41.4	-0.1	-0.1	1.91	2.096	2.515	1.816	1.948	15.350000000000001	15.2	15.350000000000001	15.45	17.2	NA
2026-01-03 09:30:00	-92.411	31.1667	0	17.17	18.2	95.35484580899275	100.4	1.993	0	0.56	208.3	0	0	1.56	0.1	0	0.349	0.341	0.336	0.357	0.39	-41.4	-0.1	-0.1	1.91	2.095	2.516	1.816	1.953	15.45	15.2	15.350000000000001	15.45	17.2	NA
2026-01-03 09:45:00	-92.411	31.1667	0	17.2	18.2	95.3070009290083	100.42	1.992	0	0.63	342.7	0	0	1.45	0.1	0	0.349	0.341	0.336	0.357	0.39	-41.4	-0.1	-0.1	1.905	2.1	2.516	1.816	1.949	15.45	15.2	15.350000000000001	15.45	17.2	NA
2026-01-03 10:00:00	-92.411	31.1667	0	17.54	18.4	94.02427064155316	100.43	1.99	0	1.23	302.1	0	0	2.53	0.12	0	0.349	0.341	0.336	0.357	0.39	-41.4	-0.1	-0.1	1.904	2.095	2.516	1.816	1.953	15.5	15.2	15.350000000000001	15.45	17.2	NA
2026-01-03 10:15:00	-92.411	31.1667	NA	NA	NA	NA	NA	NA	NA	NA	NA	NA	NA	NA	NA	NA	0.349	NA	0.336	0.357	NA	-41.3	-0.1	-0.1	1.904	NA	2.517	1.816	NA	15.55	NA	15.350000000000001	15.45	NA	NA
2026-01-03 10:30:00	-92.411	31.1667	NA	NA	NA	NA	NA	NA	NA	NA	NA	NA	NA	NA	NA	NA	0.349	NA	0.336	0.357	NA	-41.3	-0.1	-0.1	1.909	NA	2.516	1.816	NA	15.55	NA	15.350000000000001	15.45	NA	NA
2026-01-03 10:45:00	-92.411	31.1667	NA	NA	NA	NA	NA	NA	NA	NA	NA	NA	NA	NA	NA	NA	0.348	NA	0.336	0.357	NA	-41.2	-0.1	-0.1	1.908	NA	2.518	1.816	NA	15.649999999999999	NA	15.350000000000001	15.45	NA	NA
