2026-01-01 06:00:00	-93.071	32.7538	0	2.98	6.9	68.64322918035305	100.52	0.683	0	2.4	262.2	0	0	4.42	0.31	0	0.294	0.256	0.295	0.362	0.373	-0.2	-0.3	-0.1	0.171	0.287	0.282	0.351	0.175	11.5	10.5	11.25	13.649999999999999	16	NA
2026-01-01 06:15:00	-93.071	32.7538	0	3.07	7.4	66.52351233877472	100.51	0.685	0	2.54	262.5	0	0	3.59	0.34	0	0.294	0.256	0.295	0.362	0.373	-0.2	-0.3	-0.1	0.171	0.286	0.281	0.347	0.176	11.45	10.5	11.2	13.649999999999999	16	NA
2026-01-01 06:30:00	-93.071	32.7538	0	2.74	6.8	69.11678164218416	100.51	0.683	0	2.33	264.7	0	0	3.36	0.31	0	0.294	0.256	0.295	0.362	0.373	-0.2	-0.3	-0.1	0.169	0.286	0.28	0.349	0.174	11.45	10.4	11.1	13.649999999999999	16	NA
2026-01-01 06:45:00	-93.071	32.7538	0	2.82	7	67.1751599378194	100.49	0.673	0	2.38	264.6	0	0	3.16	0.33	0	0.294	0.256	0.295	0.362	0.373	-0.2	-0.3	-0.1	0.17	0.286	0.281	0.351	0.174	11.350000000000001	10.3	11.05	13.649999999999999	16	NA
2026-01-01 07:00:00	-93.071	32.7538	0	3.79	8.3	62.92892344260879	100.49	0.689	0	2.41	250.2	0	0	3.86	0.4	0	0.294	0.256	0.295	0.362	0.373	-0.2	-0.3	-0.1	0.17	0.287	0.281	0.35	0.175	11.3	10.2	11	13.649999999999999	16	NA
2026-01-01 07:15:00	-93.071	32.7538	0	1.92	5.9	71.50124302318306	100.48	0.664	0	1.96	264	0	0	3.14	0.26	0	0.294	0.256	0.296	0.362	0.373	-0.2	-0.3	-0.1	0.168	0.287	0.28	0.35	0.175	11.3	10.2	10.95	13.649999999999999	16	NA
2026-01-01 07:30:00	-93.071	32.7538	0	2.51	6.3	68.71197348330888	100.47	0.656	0	2.18	256.9	0	0	3.16	0.3	0	0.294	0.256	0.296	0.362	0.373	-0.2	-0.3	-0.1	0.169	0.286	0.281	0.351	0.174	11.2	10.1	10.899999999999999	13.649999999999999	16	NA
2026-01-01 07:45:00	-93.071	32.7538	0	2.42	5.9	69.99368669438101	100.47	0.65	0	2.45	260.6	0	0	3.43	0.28	0	0.294	0.256	0.296	0.362	0.373	-0.2	-0.3	-0.1	0.168	0.285	0.281	0.351	0.174	11.15	10	10.85	13.649999999999999	15.9	NA
2026-01-01 08:00:00	-93.071	32.7538	0	2.87	6.6	66.9969347678821	100.48	0.653	0	2.74	259.7	0	0	4.07	0.32	0	0.294	0.256	0.296	0.362	0.373	-0.2	-0.3	-0.1	0.168	0.287	0.28	0.349	0.173	11.15	10	10.8	13.649999999999999	15.9	NA
2026-01-01 08:15:00	-93.071	32.7538	0	2.91	6.8	67.39645179164664	100.48	0.666	0	2.69	257.3	0	0	4.07	0.32	0	0.294	0.256	0.296	0.362	0.373	-0.2	-0.3	-0.1	0.166	0.289	0.28	0.35	0.175	11.05	9.9	10.7	13.649999999999999	15.9	NA
2026-01-01 08:30:00	-93.071	32.7538	0	2.26	5.8	70.69741260923733	100.47	0.652	0	2.38	259.4	0	0	3.26	0.27	0	0.294	0.257	0.296	0.361	0.373	-0.2	-0.3	-0.1	0.167	0.288	0.28	0.347	0.174	10.95	9.8	10.7	13.649999999999999	15.9	NA
2026-01-01 08:45:00	-93.071	32.7538	0	2.5	5.9	68.80917815032225	100.46	0.639	0	2.65	259.1	0	0	3.75	0.29	0	0.294	0.257	0.296	0.361	0.373	-0.2	-0.3	-0.1	0.166	0.287	0.28	0.35	0.174	10.95	9.8	10.7	13.649999999999999	15.9	NA
2026-01-01 09:00:00	-93.071	32.7538	0	2.42	6	69.61752257408241	100.45	0.651	0	2.53	260.4	0	0	3.87	0.28	0	0.294	0.257	0.296	0.361	0.373	-0.2	-0.3	-0.1	0.167	0.286	0.278	0.35	0.175	10.85	9.8	10.600000000000001	13.649999999999999	15.9	NA
2026-01-01 09:15:00	-93.071	32.7538	0	2.51	6	68.44118962736212	100.44	0.64	0	2.67	262.3	0	0	3.87	0.29	0	0.294	0.257	0.296	0.361	0.373	-0.2	-0.3	-0.1	0.166	0.288	0.278	0.351	0.175	10.85	9.7	10.600000000000001	13.649999999999999	15.9	NA
2026-01-01 09:30:00	-93.071	32.7538	0	3.01	6.5	67.04703882149073	100.43	0.649	0	2.91	258.9	0	0	4.6	0.32	0	0.294	0.257	0.296	0.361	0.373	-0.2	-0.3	-0.1	0.166	0.286	0.278	0.349	0.173	10.75	9.6	10.5	13.649999999999999	15.9	NA
2026-01-01 09:45:00	-93.071	32.7538	0	3.31	7.3	64.63379685655524	100.44	0.661	0	2.56	254.8	0	0	4.16	0.36	0	0.294	0.257	0.296	0.361	0.373	-0.2	-0.3	-0.1	0.166	0.285	0.278	0.35	0.175	10.75	9.6	10.5	13.649999999999999	15.9	NA
2026-01-01 10:00:00	-93.071	32.7538	0	3.49	7.6	64.08712413893952	100.44	0.669	0	3.09	250.9	0	0	4.35	0.37	0	0.294	0.257	0.296	0.361	0.373	-0.2	-0.3	-0.1	0.166	0.284	0.278	0.347	0.174	10.7	9.5	10.45	13.649999999999999	15.9	NA
2026-01-01 10:15:00	-93.071	32.7538	0	2.64	6.4	67.51110413949192	100.44	0.649	0	2.76	256.8	0	0	4.76	0.31	0	0.294	0.257	0.296	0.361	0.373	-0.2	-0.3	-0.1	0.166	0.287	0.279	0.347	0.173	10.65	9.5	10.399999999999999	13.649999999999999	15.9	NA
2026-01-01 10:30:00	-93.071	32.7538	0	3.37	7.1	64.13823576164526	100.43	0.647	0	3	251.6	0	0	4.67	0.36	0	0.294	0.257	0.296	0.361	0.373	-0.2	-0.3	-0.1	0.165	0.287	0.278	0.35	0.174	10.600000000000001	9.4	10.35	13.649999999999999	15.9	NA
2026-01-01 10:45:00	-93.071	32.7538	0	2.77	6.3	67.35030327708476	100.42	0.643	0	2.84	255.6	0	0	4.03	0.31	0	0.294	0.257	0.296	0.361	0.373	-0.2	-0.3	-0.1	0.165	0.287	0.279	0.352	0.175	10.600000000000001	9.4	10.35	13.649999999999999	15.9	NA
2026-01-01 11:00:00	-93.071	32.7538	0	2.36	5.6	69.59657909449398	100.39	0.633	0	3.01	255.3	0	0	3.93	0.27	0	0.294	0.257	0.296	0.361	0.373	-0.2	-0.3	-0.1	0.165	0.284	0.277	0.348	0.172	10.55	9.4	10.25	13.649999999999999	15.9	NA
2026-01-01 11:15:00	-93.071	32.7538	0	2.45	5.6	69.26673748741108	100.37	0.63	0	2.86	254.9	0	0	3.65	0.28	0	0.294	0.257	0.296	0.361	0.373	-0.2	-0.3	-0.1	0.165	0.285	0.277	0.348	0.174	10.5	9.3	10.25	13.649999999999999	15.9	NA
2026-01-01 11:30:00	-93.071	32.7538	0	2.87	6.2	66.97347588960703	100.37	0.635	0	2.88	251.7	0	0	4	0.31	0	0.294	0.257	0.296	0.361	0.373	-0.2	-0.3	-0.1	0.165	0.284	0.277	0.349	0.175	10.45	9.3	10.2	13.6	15.9	NA
2026-01-01 11:45:00	-93.071	32.7538	0	2.95	6.4	66.57489468301206	100.37	0.64	0	2.78	248.6	0	0	4.2	0.32	0	0.294	0.257	0.296	0.361	0.373	-0.2	-0.3	-0.1	0.163	0.285	0.277	0.349	0.174	10.45	9.2	10.15	13.6	15.9	NA
2026-01-01 12:00:00	-93.071	32.7538	0	2.47	5.9	68.48613036557896	100.36	0.636	0	2.67	249.6	0	0	3.76	0.29	0	0.294	0.257	0.296	0.361	0.373	-0.2	-0.3	-0.1	0.163	0.285	0.279	0.35	0.174	10.399999999999999	9.2	10.15	13.6	15.9	NA
2026-01-01 12:15:00	-93.071	32.7538	0	1.83	5.3	69.71669782583	100.37	0.621	0	2.19	249	0	0	3.04	0.27	0	0.294	0.257	0.296	0.361	0.373	-0.2	-0.3	-0.1	0.163	0.285	0.278	0.35	0.173	10.35	9.1	10.05	13.55	15.9	NA
2026-01-01 12:30:00	-93.071	32.7538	0	1.37	4.8	71.49438499991885	100.36	0.615	0	1.69	247.5	0	0	3.16	0.24	0	0.294	0.257	0.296	0.361	0.373	-0.2	-0.3	-0.1	0.161	0.284	0.277	0.349	0.173	10.35	9.1	10.05	13.55	15.8	NA
2026-01-01 12:45:00	-93.071	32.7538	0	0.7	4.4	71.37359526201709	100.36	0.597	0	1.02	241	0	0	2.31	0.24	0	0.294	0.257	0.296	0.361	0.373	-0.2	-0.3	-0.1	0.162	0.284	0.277	0.351	0.174	10.25	9	10	13.55	15.8	NA
2026-01-01 13:00:00	-93.071	32.7538	0	1.07	4.5	71.349730165107	100.36	0.601	0	1.25	242.5	0	0	2.46	0.24	0	0.295	0.257	0.296	0.361	0.373	-0.2	-0.3	-0.1	0.162	0.285	0.277	0.35	0.174	10.25	9	9.95	13.55	15.8	NA
2026-01-01 13:15:00	-93.071	32.7538	0	1.33	4.2	73.83781909928098	100.36	0.609	0	1.72	251	0	0	2.91	0.21	0	0.295	0.257	0.297	0.361	0.373	-0.2	-0.3	-0.1	0.162	0.284	0.276	0.349	0.173	10.2	9	9.899999999999999	13.55	15.8	NA
2026-01-01 13:30:00	-93.071	32.7538	0	1.2	3.9	75.41284260386007	100.36	0.609	6.4	1.33	255.9	0	0	2.14	0.2	0	0.295	0.257	0.297	0.361	0.373	-0.2	-0.3	-0.1	0.161	0.284	0.276	0.349	0.174	10.15	8.9	9.899999999999999	13.55	15.8	0.464
2026-01-01 13:45:00	-93.071	32.7538	0	2.41	4.3	76.93288191398341	100.37	0.639	15	1.36	251.2	0	0	2.2	0.19	0	0.295	0.257	0.297	0.361	0.373	-0.2	-0.3	-0.1	0.161	0.283	0.277	0.349	0.172	10.100000000000001	8.9	9.8	13.55	15.8	0.44
2026-01-01 14:00:00	-93.071	32.7538	0	3.55	4.8	77.7719407560093	100.39	0.669	20.8	1.59	244.1	0	0	3.04	0.19	0	0.295	0.257	0.297	0.361	0.373	-0.2	-0.3	-0.1	0.16	0.282	0.277	0.351	0.174	10.100000000000001	8.8	9.8	13.55	15.8	0.431
2026-01-01 14:15:00	-93.071	32.7538	0	4.66	5.2	78.11754372762157	100.41	0.691	34	2.23	241.8	0	0	3.44	0.2	0	0.295	0.257	0.297	0.361	0.373	-0.3	-0.3	-0.1	0.16	0.282	0.276	0.35	0.173	10	8.8	9.75	13.5	15.8	0.413
2026-01-01 14:30:00	-93.071	32.7538	0	5.91	5.9	77.42378574347683	100.44	0.719	67.9	2.37	251.6	0	0	3.9	0.21	0	0.295	0.258	0.297	0.361	0.373	-0.2	-0.3	-0.1	0.16	0.282	0.276	0.351	0.174	10	8.8	9.7	13.5	15.8	0.387
2026-01-01 14:45:00	-93.071	32.7538	0	7.04	6.6	75.92301949193377	100.46	0.74	110.9	2.53	253.7	0	0	4.49	0.23	0	0.295	0.257	0.297	0.361	0.373	-0.3	-0.3	-0.1	0.159	0.281	0.276	0.35	0.173	10	8.7	9.75	13.5	15.8	0.387
2026-01-01 15:00:00	-93.071	32.7538	0	8.71	7.3	74.31419910889859	100.48	0.76	156.1	2.64	250.9	0	0	4.34	0.26	0	0.295	0.257	0.297	0.361	0.373	-0.3	-0.3	-0.1	0.158	0.282	0.275	0.348	0.173	10	8.8	9.75	13.5	15.8	0.374
2026-01-01 15:15:00	-93.071	32.7538	0	11.27	8.5	72.35193119664396	100.49	0.803	200.5	1.48	234.1	0	0	3.97	0.31	0	0.295	0.257	0.297	0.361	0.373	-0.3	-0.3	-0.1	0.158	0.282	0.275	0.349	0.174	10	8.8	9.75	13.45	15.8	0.364
2026-01-01 15:30:00	-93.071	32.7538	0	12.74	9.7	69.38132663141536	100.5	0.835	241.8	2.21	246	0	0	5.5	0.37	0	0.295	0.257	0.297	0.361	0.373	-0.3	-0.3	-0.1	0.16	0.282	0.273	0.351	0.174	10.05	8.9	9.8	13.45	15.8	0.36
2026-01-01 15:45:00	-93.071	32.7538	0	13.55	10.9	62.03922300609048	100.51	0.809	285.9	4.03	253.6	0	0	7.85	0.49	0	0.294	0.257	0.297	0.361	0.373	-0.3	-0.3	-0.1	0.158	0.286	0.273	0.349	0.174	10.149999999999999	9	9.9	13.45	15.8	0.355
2026-01-01 16:00:00	-93.071	32.7538	0	15.38	11.7	59.12476040638459	100.52	0.813	322.9	3.8	255	0	0	6.03	0.56	0	0.294	0.257	0.297	0.361	0.373	-0.3	-0.3	-0.1	0.159	0.285	0.275	0.35	0.174	10.2	9.1	10.05	13.45	15.8	0.355
2026-01-01 16:15:00	-93.071	32.7538	0	16.77	12.6	56.613025069856285	100.52	0.826	355.5	3.94	256.4	0	0	6.66	0.63	0	0.294	0.257	0.297	0.361	0.373	-0.3	-0.3	-0.1	0.16	0.285	0.275	0.351	0.174	10.3	9.3	10.15	13.4	15.8	0.348
2026-01-01 16:30:00	-93.071	32.7538	0	18.56	13.3	55.06024926225221	100.52	0.841	388.4	3.41	257.4	0	0	6.06	0.68	0	0.294	0.257	0.297	0.361	0.373	-0.3	-0.3	-0.1	0.16	0.285	0.276	0.351	0.173	10.399999999999999	9.5	10.3	13.4	15.8	0.349
2026-01-01 16:45:00	-93.071	32.7538	0	20.07	14	54.10968163270646	100.51	0.865	418	2.97	249.9	0	0	5.06	0.74	0	0.294	0.257	0.296	0.361	0.373	-0.3	-0.3	-0.1	0.16	0.288	0.275	0.35	0.174	10.55	9.7	10.5	13.4	15.8	0.345
2026-01-01 17:00:00	-93.071	32.7538	0	21.04	14.6	52.28884393416383	100.5	0.869	441.6	3.3	245.8	0	0	5.5	0.79	0	0.294	0.256	0.296	0.361	0.373	-0.3	-0.3	-0.1	0.16	0.288	0.275	0.35	0.173	10.7	9.9	10.65	13.4	15.8	0.344
2026-01-01 17:15:00	-93.071	32.7538	0	22.06	15.2	51.347990025668174	100.48	0.887	455.8	3.39	253.8	0	0	6.13	0.84	0	0.294	0.256	0.296	0.361	0.373	-0.3	-0.2	-0.1	0.161	0.286	0.274	0.351	0.173	10.8	10.2	10.85	13.4	15.8	0.34
2026-01-01 17:30:00	-93.071	32.7538	0	23.52	15.8	50.80247065467169	100.45	0.912	466.7	3.08	251.4	0	0	5.73	0.89	0	0.294	0.256	0.296	0.361	0.373	-0.3	-0.2	-0.1	0.16	0.287	0.276	0.351	0.173	11	10.4	11.05	13.4	15.8	0.337
2026-01-01 17:45:00	-93.071	32.7538	0	24.13	16	50.597081850389266	100.43	0.92	470.6	3.09	250.8	0	0	5.72	0.9	0	0.293	0.256	0.296	0.361	0.373	-0.3	-0.2	-0.1	0.161	0.288	0.275	0.352	0.172	11.2	10.7	11.25	13.4	15.8	0.334
2026-01-01 18:00:00	-93.071	32.7538	0	24.6	16.3	49.42207868197469	100.41	0.916	457.4	3.15	244.4	0	0	6.37	0.94	0	0.293	0.255	0.296	0.361	0.373	-0.3	-0.2	-0.1	0.16	0.288	0.276	0.353	0.171	11.350000000000001	11	11.45	13.350000000000001	15.8	0.332
2026-01-01 18:15:00	-93.071	32.7538	0	25.89	17	48.71681378458652	100.38	0.944	464.5	2.75	244.6	0	0	4.77	0.99	0	0.293	0.255	0.296	0.361	0.373	-0.3	-0.2	-0.1	0.16	0.288	0.276	0.351	0.172	11.55	11.3	11.7	13.3	15.8	0.329
2026-01-01 18:30:00	-93.071	32.7538	0	24.49	17.2	47.23745821503784	100.33	0.927	411.9	3.62	261	0	0	7.07	1.03	0	0.293	0.255	0.296	0.361	0.373	-0.3	-0.2	-0.1	0.162	0.288	0.278	0.352	0.171	11.75	11.6	11.95	13.3	15.8	0.327
2026-01-01 18:45:00	-93.071	32.7538	0	24.66	17.6	45.90970050776014	100.31	0.924	393.5	3.24	246.4	0	0	5.86	1.09	0	0.293	0.255	0.296	0.361	0.373	-0.3	-0.2	-0.1	0.163	0.286	0.278	0.35	0.172	11.899999999999999	11.9	12.2	13.3	15.8	0.325
2026-01-01 19:00:00	-93.071	32.7538	0	24.75	18	44.040928064366696	100.28	0.909	415.6	4.43	263.6	0	0	8.33	1.15	0	0.293	0.254	0.296	0.361	0.373	-0.3	-0.2	-0.1	0.163	0.287	0.277	0.351	0.174	12.1	12.2	12.45	13.3	15.7	0.323
2026-01-01 19:15:00	-93.071	32.7538	0	25.61	18.6	43.207369560436	100.24	0.926	428	4.57	265.6	0	0	8.18	1.22	0	0.293	0.254	0.296	0.361	0.373	-0.2	-0.2	-0.1	0.163	0.288	0.277	0.352	0.17	12.3	12.5	12.65	13.3	15.7	0.321
2026-01-01 19:30:00	-93.071	32.7538	0	24.17	18.8	42.0713123288887	100.21	0.913	369.6	4.01	268.5	0	0	7.38	1.26	0	0.292	0.254	0.295	0.361	0.373	-0.2	-0.2	-0.1	0.164	0.287	0.279	0.351	0.173	12.45	12.7	12.850000000000001	13.3	15.7	0.327
2026-01-01 19:45:00	-93.071	32.7538	0	24.86	19.2	41.48387099409321	100.2	0.923	393.3	3.36	245.6	0	0	7.15	1.29	0	0.292	0.254	0.295	0.361	0.373	-0.2	-0.2	-0.1	0.165	0.288	0.278	0.351	0.172	12.600000000000001	13	13.1	13.3	15.7	0.331
2026-01-01 20:00:00	-93.071	32.7538	0	23.06	19.2	40.54003427591773	100.18	0.902	347.4	4.91	257.1	0	0	7.5	1.32	0	0.292	0.253	0.295	0.361	0.373	-0.2	-0.2	-0.1	0.165	0.287	0.278	0.351	0.172	12.75	13.2	13.25	13.3	15.7	0.333
2026-01-01 20:15:00	-93.071	32.7538	0	23.39	19.5	39.92271137801144	100.17	0.905	353.6	4.5	250.8	0	0	8.6	1.36	0	0.292	0.253	0.295	0.361	0.373	-0.2	-0.2	-0.1	0.166	0.287	0.28	0.35	0.171	12.899999999999999	13.4	13.4	13.3	15.7	0.34
2026-01-01 20:30:00	-93.071	32.7538	0	22.28	19.6	39.631640160998145	100.15	0.904	310.8	5	268.5	0	0	7.23	1.37	0	0.292	0.253	0.295	0.361	0.373	-0.2	-0.2	-0.1	0.166	0.286	0.279	0.35	0.173	13.05	13.6	13.6	13.3	15.7	0.349
2026-01-01 20:45:00	-93.071	32.7538	0	20.65	19.3	39.08242288139077	100.14	0.875	242	3.38	250.8	0	0	6	1.36	0	0.292	0.254	0.295	0.361	0.373	-0.2	-0.2	-0.1	0.166	0.285	0.28	0.352	0.17	13.2	13.8	13.7	13.25	15.7	0.341
2026-01-01 21:00:00	-93.071	32.7538	0	19.73	19.3	38.85909475063997	100.14	0.87	197.6	2.07	238.5	0	0	4.97	1.37	0	0.292	0.253	0.295	0.361	0.373	-0.2	-0.2	-0.1	0.166	0.285	0.281	0.35	0.171	13.3	13.9	13.8	13.25	15.7	0.343
2026-01-01 21:15:00	-93.071	32.7538	0	19.92	19.2	39.14675150146823	100.13	0.871	205.2	1.79	235.5	0	0	3.86	1.35	0	0.292	0.253	0.295	0.361	0.373	-0.2	-0.2	-0.1	0.166	0.285	0.28	0.352	0.171	13.4	14	13.9	13.25	15.7	0.341
2026-01-01 21:30:00	-93.071	32.7538	0	19.77	19.2	39.41641913523266	100.12	0.877	206.9	2.42	244.8	0	0	4.64	1.34	0	0.291	0.253	0.295	0.361	0.373	-0.2	-0.2	-0.1	0.167	0.284	0.281	0.351	0.172	13.5	14.1	13.95	13.25	15.7	0.345
2026-01-01 21:45:00	-93.071	32.7538	0	18.46	19	39.546857203670605	100.11	0.869	171.5	2.74	245.2	0	0	5.09	1.33	0	0.291	0.252	0.295	0.361	0.373	-0.2	-0.2	-0.1	0.169	0.285	0.28	0.351	0.173	13.55	14.1	14.05	13.25	15.7	0.349
2026-01-01 22:00:00	-93.071	32.7538	0	16.87	18.6	39.521211682169856	100.11	0.847	123.9	2.97	244.8	0	0	4.91	1.3	0	0.291	0.253	0.295	0.361	0.373	-0.2	-0.2	-0.1	0.168	0.284	0.281	0.352	0.173	13.65	14.2	14.05	13.25	15.7	0.355
2026-01-01 22:15:00	-93.071	32.7538	0	15.34	18.2	40.33323382688453	100.1	0.843	80.6	1.23	220.5	0	0	3.24	1.24	0	0.291	0.252	0.295	0.361	0.373	-0.2	-0.2	-0.1	0.169	0.286	0.281	0.351	0.172	13.65	14.2	14.100000000000001	13.25	15.7	0.366
2026-01-01 22:30:00	-93.071	32.7538	0	14.26	17.8	40.673615216536604	100.09	0.829	58.2	1.05	218.8	0	0	2.78	1.2	0	0.291	0.253	0.295	0.361	0.373	-0.2	-0.2	-0.1	0.169	0.284	0.281	0.351	0.173	13.7	14.2	14.100000000000001	13.25	15.7	0.369
2026-01-01 22:45:00	-93.071	32.7538	0	12.94	17.4	40.95809355802019	100.09	0.814	33	0.72	207.7	0	0	1.74	1.17	0	0.291	0.252	0.295	0.361	0.373	-0.2	-0.2	-0.1	0.169	0.284	0.28	0.352	0.172	13.75	14.2	14.100000000000001	13.25	15.7	0.395
2026-01-01 23:00:00	-93.071	32.7538	0	11.12	16.9	41.44413377387253	100.07	0.798	15.5	0.5	213.2	0	0	1.52	1.12	0	0.291	0.253	0.295	0.361	0.373	-0.2	-0.2	-0.1	0.169	0.284	0.28	0.353	0.172	13.75	14.2	14.15	13.25	15.7	0.37
2026-01-01 23:15:00	-93.071	32.7538	0	9.98	16.6	41.34129743034633	100.06	0.781	2.2	0.5	182.4	0	0	1.4	1.11	0	0.291	0.252	0.295	0.361	0.373	-0.2	-0.2	-0.1	0.169	0.284	0.28	0.353	0.172	13.75	14.2	14.149999999999999	13.25	15.7	NA
2026-01-01 23:30:00	-93.071	32.7538	0	9.81	15.9	43.00646450347872	100.05	0.777	0	0.51	227.1	0	0	1.49	1.03	0	0.291	0.253	0.294	0.361	0.373	-0.2	-0.2	-0.1	0.168	0.282	0.28	0.352	0.171	13.75	14.2	14.1	13.25	15.7	NA
2026-01-01 23:45:00	-93.071	32.7538	0	10.13	15.3	44.80709636463002	100.05	0.779	0	0.46	226.9	0	0	1.36	0.96	0	0.291	0.253	0.294	0.361	0.373	-0.2	-0.2	-0.1	0.168	0.284	0.279	0.352	0.172	13.7	14.1	14.05	13.3	15.7	NA
2026-01-02 00:00:00	-93.071	32.7538	0	10.09	14.7	46.990278430269164	100.04	0.786	0	0.38	259.3	0	0	0.93	0.88	0	0.291	0.253	0.294	0.361	0.373	-0.2	-0.2	-0.1	0.168	0.282	0.28	0.351	0.172	13.75	14	14	13.3	15.7	NA
2026-01-02 00:15:00	-93.071	32.7538	0	10.11	14.8	46.92572559470305	100.04	0.79	0	0.39	212.6	0	0	1.12	0.9	0	0.292	0.253	0.294	0.361	0.373	-0.2	-0.2	-0.1	0.169	0.282	0.28	0.352	0.172	13.65	13.9	13.95	13.3	15.7	NA
2026-01-02 00:30:00	-93.071	32.7538	0	10.29	14.7	48.12617574601358	100.04	0.805	0	0.73	224	0	0	1.55	0.87	0	0.292	0.253	0.294	0.361	0.373	-0.2	-0.2	-0.1	0.169	0.282	0.28	0.351	0.172	13.65	13.8	13.85	13.3	15.7	NA
2026-01-02 00:45:00	-93.071	32.7538	0	10.39	14.8	49.004713437506354	100.03	0.825	0	0.9	224.3	0	0	2.1	0.86	0	0.292	0.253	0.294	0.361	0.373	-0.2	-0.2	-0.1	0.168	0.281	0.28	0.351	0.171	13.65	13.8	13.8	13.3	15.7	NA
2026-01-02 01:00:00	-93.071	32.7538	0	10.19	14.7	49.62077747725624	100.02	0.83	0	0.82	218.2	0	0	1.68	0.84	0	0.292	0.253	0.294	0.361	0.373	-0.2	-0.2	-0.1	0.168	0.282	0.28	0.353	0.171	13.600000000000001	13.7	13.75	13.35	15.6	NA
2026-01-02 01:15:00	-93.071	32.7538	0	10.1	14.5	50.26588973443767	100.01	0.83	0	0.72	226.6	0	0	1.74	0.82	0	0.292	0.253	0.294	0.361	0.373	-0.2	-0.2	-0.1	0.168	0.283	0.28	0.351	0.172	13.55	13.6	13.7	13.35	15.6	NA
2026-01-02 01:30:00	-93.071	32.7538	0	10.05	14.1	51.957465209346175	100.03	0.836	0	0.87	239.3	0	0	2.17	0.77	0	0.292	0.253	0.294	0.361	0.373	-0.2	-0.2	-0.1	0.168	0.282	0.28	0.353	0.172	13.5	13.5	13.649999999999999	13.35	15.6	NA
2026-01-02 01:45:00	-93.071	32.7538	0	10.3	14.2	52.17752011127255	100.02	0.845	0	1.04	231.1	0	0	2.95	0.77	0	0.292	0.254	0.294	0.361	0.373	-0.2	-0.2	-0.1	0.168	0.28	0.28	0.352	0.172	13.5	13.4	13.6	13.4	15.6	NA
