2026-01-01 06:00:00	-91.1885	30.404	0	2.61	7.2	68.32721541653711	102.12	0.694	0	0.57	263.7	0	0	1.26	0.32	0	0.351	0.36	0.233	0.383	0.355	-0.1	-0.1	-0.1	0.699	2.202	5.987	2.47	2.499	11.05	13	15.149999999999999	16.9	18.9	NA
2026-01-01 06:15:00	-91.1885	30.404	0	1.89	6.5	71.38598432303557	102.1	0.691	0	0.39	238.2	0	0	0.87	0.28	0	0.351	0.36	0.233	0.383	0.355	-0.1	-0.1	-0.1	0.699	2.202	5.988	2.47	2.499	11.05	13	15.149999999999999	16.9	18.9	NA
2026-01-01 06:30:00	-91.1885	30.404	0	1.84	6.2	71.19227752044843	102.08	0.675	0	0.29	219.1	0	0	0.64	0.27	0	0.351	0.36	0.233	0.383	0.355	-0.1	-0.1	-0.1	0.696	2.204	5.99	2.47	2.505	10.95	12.9	15.1	16.85	18.9	NA
2026-01-01 06:45:00	-91.1885	30.404	0	1.88	6.2	70.98133743890637	102.06	0.673	0	0.3	221.5	0	0	0.82	0.28	0	0.351	0.36	0.233	0.383	0.355	-0.1	-0.1	-0.1	0.696	2.204	5.99	2.47	2.505	10.9	12.9	15.1	16.85	18.9	NA
2026-01-01 07:00:00	-91.1885	30.404	0	1.69	5.8	73.19133974115827	102.04	0.675	0	0.26	220	0	0	0.61	0.24	0	0.351	0.36	0.233	0.383	0.355	-0.1	-0.1	-0.1	0.697	2.199	5.991	2.47	2.505	10.850000000000001	12.8	15.1	16.85	18.9	NA
2026-01-01 07:15:00	-91.1885	30.404	0	1.71	5.6	73.66462558184988	102.03	0.67	0	0.28	218.3	0	0	0.65	0.24	0	0.351	0.36	0.233	0.383	0.355	-0.1	-0.1	-0.1	0.699	2.2	5.977	2.47	2.499	10.850000000000001	12.8	15.05	16.85	18.9	NA
2026-01-01 07:30:00	-91.1885	30.404	0	1.74	5.5	74.17829376365778	102.02	0.67	0	0.23	206.6	0	0	0.53	0.23	0	0.351	0.36	0.233	0.383	0.355	-0.1	-0.1	-0.1	0.698	2.2	5.991	2.47	2.505	10.75	12.8	15.05	16.85	18.9	NA
2026-01-01 07:45:00	-91.1885	30.404	0	1.63	5.4	74.80745804177339	102.02	0.671	0	0.32	220.5	0	0	0.56	0.22	0	0.351	0.36	0.233	0.383	0.355	-0.1	-0.1	-0.1	0.696	2.206	5.99	2.47	2.5	10.7	12.7	15.05	16.85	18.8	NA
2026-01-01 08:00:00	-91.1885	30.404	0	1.57	5.3	75.77901937590217	102.02	0.675	0	0.27	211.5	0	0	0.53	0.21	0	0.351	0.36	0.233	0.383	0.355	-0.1	-0.1	-0.1	0.698	2.201	5.977	2.47	2.5	10.649999999999999	12.7	15.05	16.85	18.8	NA
2026-01-01 08:15:00	-91.1885	30.404	0	1.57	5.6	74.76409760545957	102.02	0.68	0	0.21	215	0	0	0.54	0.23	0	0.351	0.36	0.233	0.383	0.355	-0.1	-0.1	-0.1	0.696	2.201	5.979	2.476	2.506	10.649999999999999	12.7	15.05	16.85	18.8	NA
2026-01-01 08:30:00	-91.1885	30.404	0	1.55	5.5	76.06042957557148	102	0.687	0	0.26	203.4	0	0	0.55	0.22	0	0.351	0.36	0.233	0.383	0.355	-0.1	-0.1	-0.1	0.698	2.202	5.979	2.476	2.506	10.55	12.6	15	16.85	18.8	NA
2026-01-01 08:45:00	-91.1885	30.404	0	1.52	5.5	76.94614054588381	102	0.695	0	0.28	173.9	0	0	0.51	0.21	0	0.351	0.36	0.233	0.383	0.355	-0.1	-0.1	-0.1	0.696	2.197	5.98	2.477	2.5	10.55	12.6	14.95	16.8	18.8	NA
2026-01-01 09:00:00	-91.1885	30.404	0	1.39	4.9	80.34719721676424	101.99	0.696	0	0.29	202	0	0	0.43	0.17	0	0.351	0.36	0.233	0.383	0.355	-0.1	-0.1	-0.1	0.695	2.197	5.98	2.477	2.5	10.45	12.6	14.95	16.8	18.8	NA
2026-01-01 09:15:00	-91.1885	30.404	0	1.42	4.8	80.79446760153432	101.99	0.695	0	0.33	199	0	0	0.54	0.16	0	0.351	0.36	0.233	0.383	0.355	-0.1	-0.1	-0.1	0.697	2.203	5.98	2.478	2.5	10.45	12.5	14.95	16.8	18.8	NA
2026-01-01 09:30:00	-91.1885	30.404	0	1.36	4.7	82.53226638267805	101.99	0.705	0	0.3	192.4	0	0	0.48	0.15	0	0.351	0.36	0.233	0.383	0.355	-0.1	-0.1	-0.1	0.697	2.198	5.98	2.477	2.5	10.4	12.5	14.95	16.8	18.8	NA
2026-01-01 09:45:00	-91.1885	30.404	0	1.23	4.5	82.9841287610812	101.99	0.699	0	0.2	204.7	0	0	0.4	0.14	0	0.351	0.36	0.233	0.383	0.355	-0.1	-0.1	-0.1	0.697	2.199	5.979	2.478	2.5	10.350000000000001	12.5	14.9	16.8	18.8	NA
2026-01-01 10:00:00	-91.1885	30.404	0	1.28	4.5	83.93387558524236	101.99	0.707	0	0.23	197.5	0	0	0.29	0.14	0	0.351	0.36	0.233	0.383	0.355	-0.1	-0.1	-0.1	0.695	2.194	5.981	2.477	2.5	10.3	12.4	14.850000000000001	16.8	18.8	NA
2026-01-01 10:15:00	-91.1885	30.404	0	1.16	4.2	86.20474446566301	101.98	0.711	0	0.24	180.3	0	0	0.37	0.12	0	0.352	0.36	0.233	0.383	0.355	-0.1	-0.1	-0.1	0.697	2.2	5.969	2.471	2.5	10.25	12.4	14.850000000000001	16.8	18.8	NA
2026-01-01 10:30:00	-91.1885	30.404	0	1.18	4.2	86.8109662973484	101.98	0.716	0	0.25	191.9	0	0	0.48	0.11	0	0.352	0.36	0.233	0.383	0.355	-0.1	-0.1	-0.1	0.695	2.2	5.968	2.478	2.5	10.25	12.4	14.850000000000001	16.8	18.8	NA
2026-01-01 10:45:00	-91.1885	30.404	0	1.24	4.2	86.9322106636855	101.96	0.717	0	0.34	208.7	0	0	0.57	0.11	0	0.352	0.36	0.233	0.383	0.355	-0.1	-0.1	-0.1	0.697	2.2	5.969	2.478	2.506	10.2	12.3	14.850000000000001	16.8	18.8	NA
2026-01-01 11:00:00	-91.1885	30.404	0	1.16	3.7	88.79143562673006	101.95	0.707	0	0.4	212	0	0	0.64	0.09	0	0.352	0.36	0.233	0.383	0.355	-0.1	-0.1	-0.1	0.695	2.2	5.983	2.478	2.5	10.149999999999999	12.3	14.850000000000001	16.75	18.8	NA
2026-01-01 11:15:00	-91.1885	30.404	0	1.02	3.5	89.03538838609047	101.95	0.699	0	0.37	195.2	0	0	0.5	0.08	0	0.352	0.36	0.233	0.383	0.355	-0.1	-0.1	-0.1	0.694	2.195	5.985	2.478	2.5	10.149999999999999	12.2	14.75	16.75	18.8	NA
2026-01-01 11:30:00	-91.1885	30.404	0	0.9	3.4	89.66715464958367	101.95	0.699	0	0.41	197.4	0	0	0.55	0.08	0	0.352	0.36	0.233	0.383	0.355	-0.1	-0.1	-0.1	0.696	2.196	5.984	2.478	2.5	10.05	12.2	14.75	16.75	18.8	NA
2026-01-01 11:45:00	-91.1885	30.404	0	0.86	3.2	90.16512126175842	101.94	0.693	0	0.27	208.8	0	0	0.55	0.08	0	0.352	0.36	0.233	0.383	0.355	-0.1	-0.1	-0.1	0.694	2.196	5.985	2.478	2.506	10.05	12.2	14.75	16.75	18.8	NA
2026-01-01 12:00:00	-91.1885	30.404	0	0.86	3.2	91.07588006238224	101.94	0.7	0	0.22	212.4	0	0	0.38	0.07	0	0.352	0.36	0.233	0.383	0.355	-0.1	-0.1	-0.1	0.696	2.196	5.985	2.477	2.5	10	12.2	14.75	16.75	18.8	NA
2026-01-01 12:15:00	-91.1885	30.404	0	0.87	3.3	90.43312465872219	101.93	0.7	0	0.35	210.1	0	0	0.58	0.07	0	0.352	0.36	0.233	0.383	0.355	-0.1	-0.1	-0.1	0.696	2.197	5.97	2.478	2.5	9.95	12.1	14.7	16.75	18.8	NA
2026-01-01 12:30:00	-91.1885	30.404	0	0.7	3	92.11282849027518	101.93	0.698	0	0.44	206.9	0	0	0.61	0.06	0	0.352	0.36	0.233	0.383	0.355	-0.1	-0.1	-0.1	0.693	2.197	5.972	2.472	2.507	9.95	12.1	14.7	16.75	18.7	NA
2026-01-01 12:45:00	-91.1885	30.404	0	0.71	2.9	92.37044295653392	101.93	0.695	0	0.39	185.3	0	0	0.58	0.06	0	0.352	0.36	0.233	0.383	0.355	-0.1	-0.1	-0.1	0.695	2.197	5.973	2.472	2.507	9.9	12.1	14.649999999999999	16.75	18.7	NA
2026-01-01 13:00:00	-91.1885	30.404	0	0.78	3	92.24479529326985	101.94	0.699	0	0.44	195.8	0	0	0.63	0.06	0	0.352	0.36	0.233	0.383	0.355	-0.1	-0.1	-0.1	0.696	2.193	5.973	2.479	2.502	9.850000000000001	12	14.649999999999999	16.7	18.7	NA
2026-01-01 13:15:00	-91.1885	30.404	0	1.14	3.1	91.46167647302892	101.94	0.698	6.2	0.53	197.2	0	0	0.76	0.07	0	0.352	0.36	0.233	0.383	0.355	-0.1	-0.1	-0.1	0.698	2.198	5.974	2.479	2.501	9.850000000000001	12	14.649999999999999	16.7	18.7	NA
2026-01-01 13:30:00	-91.1885	30.404	0	3.06	3.5	94.5125295886683	101.95	0.742	38.7	0.5	203.3	0	0	0.7	0.04	0	0.352	0.36	0.233	0.383	0.355	-0.1	-0.1	-0.1	0.696	2.193	5.973	2.479	2.507	9.75	12	14.6	16.7	18.7	0.359
2026-01-01 13:45:00	-91.1885	30.404	0	5.34	3.7	99.96885821623358	101.97	0.796	80.1	0.36	212.6	0	0	0.62	0	0	0.352	0.36	0.233	0.383	0.355	-0.1	-0.1	-0.1	0.699	2.193	5.974	2.479	2.501	9.8	11.9	14.6	16.7	18.7	0.361
2026-01-01 14:00:00	-91.1885	30.404	0	7.11	5.2	98.24044211187142	102	0.869	101	0.34	216.7	0	0	0.57	0.01	0	0.352	0.36	0.233	0.383	0.355	-0.1	-0.1	-0.1	0.704	2.193	5.975	2.479	2.501	10	11.9	14.55	16.65	18.7	0.368
2026-01-01 14:15:00	-91.1885	30.404	0	9.48	7.4	96.24058500397919	102.04	0.991	157.3	0.3	215.6	0	0	0.51	0.04	0	0.351	0.36	0.233	0.383	0.356	-0.1	-0.1	-0.1	0.708	2.193	5.962	2.478	2.5	10.2	11.9	14.55	16.65	18.7	0.36
2026-01-01 14:30:00	-91.1885	30.404	0	12.06	8.8	97.38303779657195	102.08	1.103	194.4	0.44	255.2	0	0	0.96	0.03	0	0.351	0.36	0.233	0.383	0.356	-0.1	-0.1	-0.1	0.713	2.192	5.961	2.472	2.5	10.5	11.9	14.55	16.65	18.7	0.353
2026-01-01 14:45:00	-91.1885	30.404	0	13.68	10	93.40675212223196	102.11	1.147	233.8	0.5	267.2	0	0	1.35	0.08	0	0.351	0.36	0.233	0.383	0.356	-0.1	-0.1	-0.1	0.717	2.192	5.959	2.472	2.5	10.95	11.9	14.5	16.65	18.7	0.347
2026-01-01 15:00:00	-91.1885	30.404	0	15.16	10.8	89.7045095047349	102.14	1.162	275.4	0.68	265.3	0	0	1.74	0.14	0	0.35	0.36	0.233	0.383	0.356	-0.1	-0.1	-0.1	0.724	2.197	5.961	2.477	2.499	11.35	11.9	14.5	16.65	18.7	0.34
2026-01-01 15:15:00	-91.1885	30.404	0	15.88	11.2	85.02045644350746	102.16	1.131	317.6	1.23	284.9	0	0	3.07	0.19	0	0.35	0.36	0.233	0.383	0.356	-0.1	-0.1	-0.1	0.728	2.202	5.961	2.472	2.5	11.9	12	14.45	16.65	18.7	0.335
2026-01-01 15:30:00	-91.1885	30.404	0	16.87	11.5	80.47247184085865	102.17	1.092	358.6	1.27	290.1	0	0	2.87	0.27	0	0.349	0.36	0.233	0.383	0.356	-0.1	-0.1	-0.1	0.732	2.207	5.963	2.477	2.499	12.35	12.1	14.45	16.65	18.7	0.337
2026-01-01 15:45:00	-91.1885	30.404	0	18.74	12.4	76.11169517868737	102.19	1.096	401.1	1.28	285.9	0	0	2.48	0.34	0	0.349	0.36	0.233	0.383	0.356	-0.1	-0.1	-0.1	0.737	2.205	5.961	2.472	2.5	12.8	12.2	14.45	16.65	18.7	0.349
2026-01-01 16:00:00	-91.1885	30.404	0	20.88	13.3	72.21338280174102	102.2	1.103	441.9	1.2	279.4	0	0	2.52	0.42	0	0.348	0.36	0.233	0.383	0.356	-0.1	-0.1	-0.1	0.741	2.209	5.963	2.478	2.5	13.25	12.3	14.45	16.65	18.7	0.349
2026-01-01 16:15:00	-91.1885	30.404	0	22.98	14.4	67.84200805113798	102.19	1.113	485.1	1.29	296	0	0	2.94	0.53	0	0.348	0.36	0.233	0.383	0.356	-0.1	-0.1	-0.1	0.742	2.209	5.961	2.472	2.499	13.649999999999999	12.4	14.45	16.6	18.7	0.34
2026-01-01 16:30:00	-91.1885	30.404	0	23.88	15.4	61.151180451309564	102.18	1.07	521	1.45	293.8	0	0	2.75	0.68	0	0.348	0.36	0.233	0.383	0.356	-0.1	-0.1	-0.1	0.744	2.212	5.962	2.474	2.499	14.1	12.6	14.45	16.6	18.7	0.336
2026-01-01 16:45:00	-91.1885	30.404	0	24.7	16.1	55.19327019585009	102.16	1.01	551.4	1.53	291.1	0	0	3.17	0.81	0	0.347	0.36	0.233	0.383	0.356	-0.1	-0.1	-0.1	0.745	2.215	5.963	2.473	2.5	14.45	12.7	14.45	16.6	18.7	0.34
2026-01-01 17:00:00	-91.1885	30.404	0	26.16	16.9	50.11727956364284	102.14	0.965	572.5	1.55	293.2	0	0	3.68	0.96	0	0.347	0.36	0.233	0.383	0.356	-0.1	-0.1	-0.1	0.744	2.219	5.964	2.473	2.499	14.75	12.9	14.4	16.6	18.7	0.341
2026-01-01 17:15:00	-91.1885	30.404	0	27.58	17.8	47.93500852419333	102.11	0.977	588.6	1.21	275.2	0	0	3.33	1.06	0	0.347	0.36	0.233	0.383	0.356	-0.1	-0.1	-0.1	0.745	2.217	5.965	2.473	2.499	15.1	13	14.4	16.55	18.7	0.327
2026-01-01 17:30:00	-91.1885	30.404	0	28.38	18	48.449865857389106	102.08	1	599.9	1.03	281	0	0	2.62	1.07	0	0.347	0.36	0.233	0.383	0.356	-0.1	-0.1	-0.1	0.746	2.216	5.966	2.473	2.499	15.4	13.2	14.4	16.55	18.7	0.309
2026-01-01 17:45:00	-91.1885	30.404	0	29.61	18.8	46.126378577456286	102.04	1.001	606.3	0.86	273.4	0	0	2.29	1.17	0	0.347	0.36	0.233	0.383	0.356	-0.1	-0.1	-0.1	0.746	2.219	5.979	2.473	2.499	15.7	13.4	14.4	16.55	18.6	0.294
2026-01-01 18:00:00	-91.1885	30.404	0	29.63	19	43.59711070324101	102	0.958	615.6	1.13	285.6	0	0	3.05	1.24	0	0.346	0.36	0.233	0.383	0.356	-0.1	-0.1	-0.1	0.747	2.223	5.979	2.474	2.5	15.9	13.5	14.45	16.55	18.6	0.291
2026-01-01 18:15:00	-91.1885	30.404	0	30.15	19.6	41.16605100793944	101.97	0.939	615.2	0.96	235	0	0	2.09	1.34	0	0.346	0.36	0.233	0.383	0.356	-0.1	-0.1	-0.1	0.742	2.221	5.978	2.474	2.501	16.1	13.7	14.5	16.55	18.6	0.305
2026-01-01 18:30:00	-91.1885	30.404	0	31.07	20.4	39.844619993224256	101.93	0.955	613.7	0.8	239	0	0	1.96	1.44	0	0.346	0.36	0.233	0.383	0.356	-0.1	-0.1	-0.1	0.732	2.23	5.978	2.468	2.501	16.1	13.8	14.5	16.55	18.6	0.323
2026-01-01 18:45:00	-91.1885	30.404	0	30.04	20.2	38.0588274979306	101.89	0.901	609.4	1.28	295.4	0	0	3.1	1.47	0	0.346	0.36	0.233	0.383	0.356	-0.1	-0.1	-0.1	0.734	2.228	5.993	2.474	2.501	16	14	14.55	16.55	18.6	0.328
2026-01-01 19:00:00	-91.1885	30.404	0	30.94	20.8	35.29244639460743	101.86	0.867	596.2	1.15	253.1	0	0	2.87	1.58	0	0.346	0.36	0.233	0.383	0.356	-0.1	-0.1	-0.1	0.738	2.227	5.993	2.474	2.501	16.05	14.1	14.55	16.55	18.6	0.332
2026-01-01 19:15:00	-91.1885	30.404	0	30.74	21.3	34.54122372562085	101.82	0.875	576.8	1.12	267.5	0	0	3.66	1.65	0	0.346	0.36	0.233	0.383	0.356	-0.1	-0.1	-0.1	0.739	2.231	5.994	2.474	2.501	16.2	14.2	14.55	16.55	18.6	0.33
2026-01-01 19:30:00	-91.1885	30.404	0	30.68	21.6	33.7576915975115	101.79	0.871	557.2	1.08	234.6	0	0	3.36	1.71	0	0.346	0.36	0.233	0.383	0.356	-0.1	-0.1	-0.1	0.739	2.23	5.993	2.468	2.501	16.25	14.3	14.6	16.55	18.6	0.332
2026-01-01 19:45:00	-91.1885	30.404	0	29.54	21.5	32.91192908874817	101.78	0.844	515.3	1.24	230.3	0	0	3.57	1.72	0	0.346	0.36	0.233	0.383	0.356	-0.1	-0.1	-0.1	0.734	2.229	6.005	2.474	2.501	16.3	14.4	14.649999999999999	16.55	18.6	0.336
2026-01-01 20:00:00	-91.1885	30.404	0	28.5	21.4	33.15323868325233	101.77	0.845	449.8	1.05	259.9	0	0	3.28	1.71	0	0.346	0.36	0.233	0.383	0.356	-0.1	-0.1	-0.1	0.734	2.228	6.006	2.474	2.501	16.3	14.5	14.649999999999999	16.55	18.6	0.34
2026-01-01 20:15:00	-91.1885	30.404	0	29.03	21.7	32.78158075380987	101.75	0.851	483.1	1.01	266.8	0	0	3.29	1.74	0	0.346	0.36	0.233	0.383	0.356	-0.1	-0.1	-0.1	0.731	2.232	6.006	2.469	2.501	16.35	14.6	14.7	16.55	18.6	0.342
2026-01-01 20:30:00	-91.1885	30.404	0	28.55	21.9	32.84042451065301	101.74	0.863	459.2	1.15	241.6	0	0	2.99	1.76	0	0.346	0.36	0.233	0.383	0.356	-0.1	-0.1	-0.1	0.731	2.231	6.007	2.469	2.501	16.35	14.7	14.7	16.5	18.6	0.347
2026-01-01 20:45:00	-91.1885	30.404	0	26.91	21.6	33.17633066299638	101.72	0.856	406.6	1	245.2	0	0	2.85	1.73	0	0.346	0.36	0.233	0.383	0.356	-0.1	-0.1	-0.1	0.73	2.235	6.018	2.47	2.501	16.4	14.8	14.75	16.5	18.6	0.35
2026-01-01 21:00:00	-91.1885	30.404	0	25.68	21.7	34.01426064114467	101.71	0.883	372.8	1	211.8	0	0	3	1.71	0	0.346	0.36	0.233	0.383	0.356	-0.1	-0.1	-0.1	0.727	2.235	6.02	2.47	2.501	16.35	14.8	14.8	16.5	18.6	0.37
2026-01-01 21:15:00	-91.1885	30.404	0	21.6	21.5	34.042789211465816	101.7	0.873	285.8	0.74	240.7	0	0	2.52	1.69	0	0.346	0.36	0.233	0.383	0.356	-0.1	-0.1	-0.1	0.725	2.228	6.02	2.476	2.501	16.4	14.9	14.8	16.5	18.6	0.379
2026-01-01 21:30:00	-91.1885	30.404	0	17.08	21	34.29827699351335	101.7	0.853	172.7	0.8	253	0	0	2.28	1.63	0	0.346	0.36	0.232	0.383	0.356	-0.1	-0.1	-0.1	0.724	2.233	6.019	2.47	2.501	16.3	15	14.9	16.5	18.6	0.368
2026-01-01 21:45:00	-91.1885	30.404	0	16.13	20.4	34.33730078997232	101.69	0.823	103.3	0.63	255.2	0	0	2.62	1.57	0	0.346	0.36	0.233	0.383	0.356	-0.1	-0.1	-0.1	0.723	2.238	6.032	2.476	2.501	16.2	15	14.9	16.5	18.6	0.377
2026-01-01 22:00:00	-91.1885	30.404	0	15.28	19.8	35.202603874657406	101.7	0.813	74.8	0.71	247.3	0	0	2.47	1.49	0	0.346	0.36	0.232	0.383	0.356	-0.1	-0.1	-0.1	0.722	2.232	6.033	2.476	2.502	16.05	15.1	14.9	16.5	18.6	0.385
2026-01-01 22:15:00	-91.1885	30.404	0	14.92	19.3	36.625813443131925	101.69	0.82	67	0.76	233.7	0	0	3.3	1.41	0	0.346	0.36	0.232	0.383	0.356	-0.1	-0.1	-0.1	0.724	2.237	6.032	2.476	2.501	15.9	15.1	15	16.5	18.6	0.382
2026-01-01 22:30:00	-91.1885	30.404	0	13.95	18.8	38.15448697515865	101.69	0.828	55	0.54	249.8	0	0	1.86	1.33	0	0.346	0.36	0.232	0.383	0.356	-0.1	-0.1	-0.1	0.718	2.237	6.031	2.476	2.501	15.8	15.1	15	16.5	18.6	0.381
2026-01-01 22:45:00	-91.1885	30.404	0	12.8	18.1	40.105871436447636	101.69	0.833	40.6	0.61	253.2	0	0	1.97	1.25	0	0.346	0.36	0.232	0.383	0.356	-0.1	-0.1	-0.1	0.716	2.232	6.032	2.476	2.501	15.649999999999999	15.1	15.05	16.5	18.6	0.38
2026-01-01 23:00:00	-91.1885	30.404	0	10.81	17.4	41.36063010404496	101.7	0.822	20.6	0.59	242.4	0	0	1.81	1.17	0	0.346	0.36	0.232	0.383	0.355	-0.1	-0.1	-0.1	0.714	2.232	6.03	2.476	2.502	15.55	15.1	15.1	16.5	18.6	0.38
2026-01-01 23:15:00	-91.1885	30.404	0	8.88	16	44.49243393148361	101.7	0.809	3.5	0.28	255.4	0	0	0.68	1.01	0	0.346	0.36	0.232	0.383	0.356	-0.1	-0.1	-0.1	0.709	2.233	6.032	2.477	2.502	15.4	15.1	15.1	16.5	18.5	NA
2026-01-01 23:30:00	-91.1885	30.404	0	8.06	15	46.55946018744287	101.7	0.794	0	0.32	220.9	0	0	1.05	0.91	0	0.347	0.36	0.232	0.383	0.355	-0.1	-0.1	-0.1	0.709	2.228	6.045	2.476	2.503	15.25	15.1	15.2	16.5	18.5	NA
2026-01-01 23:45:00	-91.1885	30.404	0	7.69	14.4	47.97094369833387	101.7	0.787	0	0.77	195.8	0	0	1.16	0.85	0	0.347	0.36	0.232	0.383	0.355	-0.1	-0.1	-0.1	0.71	2.228	6.045	2.477	2.503	15.05	15.1	15.2	16.5	18.5	NA
2026-01-02 00:00:00	-91.1885	30.404	0	7.55	14	49.29298164921698	101.7	0.788	0	0.45	195.3	0	0	0.95	0.81	0	0.347	0.36	0.232	0.383	0.356	-0.1	-0.1	-0.1	0.707	2.228	6.045	2.471	2.503	14.899999999999999	15.1	15.2	16.5	18.5	NA
2026-01-02 00:15:00	-91.1885	30.404	0	7.79	13.8	50.507783540472865	101.69	0.797	0	0.29	172	0	0	0.9	0.78	0	0.347	0.36	0.232	0.383	0.355	-0.1	-0.1	-0.1	0.707	2.229	6.045	2.476	2.503	14.75	15	15.25	16.5	18.5	NA
2026-01-02 00:30:00	-91.1885	30.404	0	7.96	13.2	53.11441854130308	101.69	0.806	0	0.36	187.3	0	0	1.09	0.71	0	0.347	0.36	0.232	0.383	0.356	-0.1	-0.1	-0.1	0.706	2.229	6.044	2.476	2.503	14.55	15	15.3	16.5	18.5	NA
2026-01-02 00:45:00	-91.1885	30.404	0	7.71	12.6	54.76247824553896	101.68	0.799	0	0.32	282.3	0	0	0.81	0.66	0	0.347	0.36	0.232	0.383	0.356	-0.1	-0.1	-0.1	0.706	2.224	6.045	2.477	2.503	14.45	15	15.3	16.5	18.5	NA
2026-01-02 01:00:00	-91.1885	30.404	0	7.81	12.4	56.38932161048735	101.68	0.812	0	0.33	211.5	0	0	0.64	0.62	0	0.347	0.36	0.232	0.383	0.355	-0.1	-0.1	-0.1	0.706	2.225	6.044	2.476	2.503	14.35	14.9	15.3	16.5	18.5	NA
2026-01-02 01:15:00	-91.1885	30.404	0	7.37	12.3	57.18074844965839	101.68	0.818	0	0.3	210.1	0	0	0.91	0.61	0	0.347	0.36	0.232	0.383	0.356	-0.1	-0.1	-0.1	0.707	2.215	6.044	2.476	2.503	14.25	14.9	15.3	16.5	18.5	NA
2026-01-02 01:30:00	-91.1885	30.404	0	7.48	12.4	59.306010659305656	101.68	0.854	0	0.27	205.3	0	0	0.96	0.59	0	0.347	0.36	0.232	0.383	0.356	-0.1	-0.1	-0.1	0.707	2.216	6.043	2.476	2.503	14.100000000000001	14.8	15.350000000000001	16.5	18.5	NA
2026-01-02 01:45:00	-91.1885	30.404	0	7.83	12.5	62.71209637914959	101.68	0.909	0	0.27	220.2	0	0	1.03	0.54	0	0.348	0.36	0.232	0.383	0.356	-0.1	-0.1	-0.1	0.705	2.216	6.043	2.476	2.503	14	14.8	15.350000000000001	16.5	18.5	NA
2026-01-02 02:00:00	-91.1885	30.404	0	7.72	12.4	66.0421734625289	101.67	0.951	0	0.19	194.2	0	0	0.49	0.49	0	0.348	0.36	0.232	0.383	0.355	-0.1	-0.1	-0.1	0.706	2.221	6.045	2.476	2.503	13.899999999999999	14.7	15.350000000000001	16.5	18.5	NA
2026-01-02 02:15:00	-91.1885	30.404	0	8.09	12.3	70.2526310414507	101.66	1.005	0	0.33	184.5	0	0	1.05	0.43	0	0.348	0.36	0.232	0.383	0.356	-0.1	-0.1	-0.1	0.704	2.216	6.044	2.477	2.503	13.85	14.7	15.4	16.5	18.5	NA
2026-01-02 02:30:00	-91.1885	30.404	0	8.26	12.2	72.68668020771472	101.66	1.033	0	0.27	225.9	0	0	1.18	0.39	0	0.348	0.36	0.232	0.383	0.356	-0.1	-0.1	-0.1	0.706	2.218	6.045	2.477	2.503	13.75	14.6	15.4	16.5	18.5	NA
2026-01-02 02:45:00	-91.1885	30.404	0	9.14	12.5	74.09548021034837	101.65	1.074	0	0.47	217.8	0	0	1.21	0.37	0	0.348	0.36	0.232	0.383	0.356	-0.1	-0.1	-0.1	0.706	2.213	6.057	2.477	2.502	13.7	14.6	15.45	16.5	18.5	NA
2026-01-02 03:00:00	-91.1885	30.404	0	9.84	12.8	75.01920505635479	101.65	1.109	0	0.53	216.3	0	0	1.42	0.36	0	0.348	0.36	0.232	0.383	0.356	-0.1	-0.1	-0.1	0.704	2.218	6.055	2.482	2.503	13.65	14.6	15.45	16.5	18.5	NA
2026-01-02 03:15:00	-91.1885	30.404	0	9.57	12.9	76.27680374871402	101.65	1.135	0	0.53	216.6	0	0	1.38	0.35	0	0.348	0.36	0.232	0.383	0.356	-0.1	-0.1	-0.1	0.706	2.219	6.056	2.482	2.503	13.65	14.5	15.45	16.5	18.5	NA
2026-01-02 03:30:00	-91.1885	30.404	0	9.13	12.9	77.41927569913527	101.65	1.152	0	0.57	204.5	0	0	1.89	0.34	0	0.348	0.36	0.232	0.383	0.356	-0.1	-0.1	-0.1	0.705	2.219	6.044	2.483	2.503	13.65	14.5	15.45	16.549999999999997	18.5	NA
2026-01-02 03:45:00	-91.1885	30.404	0	8.97	12.8	78.06326657802833	101.65	1.154	0	0.69	215	0	0	1.67	0.32	0	0.348	0.36	0.232	0.383	0.356	-0.1	-0.1	-0.1	0.706	2.214	6.057	2.482	2.502	13.600000000000001	14.5	15.45	16.549999999999997	18.5	NA
2026-01-02 04:00:00	-91.1885	30.404	0	9.73	13	78.31638322261679	101.64	1.173	0	0.67	202.8	0	0	1.21	0.32	0	0.348	0.36	0.232	0.383	0.356	-0.1	-0.1	-0.1	0.706	2.215	6.043	2.482	2.497	13.600000000000001	14.4	15.45	16.549999999999997	18.5	NA
2026-01-02 04:15:00	-91.1885	30.404	0	9.93	12.8	79.82205767943972	101.64	1.18	0	0.54	193.3	0	0	2.13	0.3	0	0.348	0.36	0.232	0.383	0.356	-0.1	-0.1	-0.1	0.706	2.215	6.044	2.482	2.497	13.55	14.4	15.45	16.549999999999997	18.5	NA
2026-01-02 04:30:00	-91.1885	30.404	0	9.74	12.5	80.78753009899249	101.61	1.171	0	0.47	159.5	0	0	1.29	0.28	0	0.348	0.36	0.232	0.383	0.356	-0.1	-0.1	-0.1	0.706	2.21	6.045	2.483	2.497	13.55	14.4	15.45	16.549999999999997	18.5	NA
2026-01-02 04:45:00	-91.1885	30.404	0	9.98	12.2	81.90444894654397	101.6	1.164	0	0.45	161.7	0	0	1.34	0.26	0	0.348	0.36	0.232	0.383	0.356	-0.1	-0.1	-0.1	0.708	2.216	6.044	2.483	2.497	13.55	14.4	15.45	16.549999999999997	18.5	NA
2026-01-02 05:00:00	-91.1885	30.404	0	10.13	12.2	82.04517824026655	101.58	1.166	0	0.53	144.1	0	0	1.41	0.25	0	0.348	0.36	0.232	0.383	0.356	-0.1	-0.1	-0.1	0.708	2.217	6.045	2.483	2.498	13.5	14.3	15.45	16.549999999999997	18.4	NA
2026-01-02 05:15:00	-91.1885	30.404	0	10.09	12	82.91957481219566	101.56	1.163	0	0.6	139.9	0	0	1.84	0.24	0	0.348	0.36	0.232	0.383	0.356	-0.1	-0.1	-0.1	0.708	2.216	6.046	2.483	2.498	13.5	14.3	15.45	16.549999999999997	18.4	NA
2026-01-02 05:30:00	-91.1885	30.404	0	9.66	11.8	83.22654380505773	101.55	1.152	0	0.36	176.2	0	0	0.93	0.23	0	0.348	0.36	0.232	0.383	0.356	-0.1	-0.1	-0.1	0.708	2.217	6.046	2.483	2.498	13.5	14.3	15.45	16.549999999999997	18.4	NA
2026-01-02 05:45:00	-91.1885	30.404	0	9.07	11.5	83.93603061056594	101.54	1.139	0	0.39	156.8	0	0	1.02	0.22	0	0.348	0.36	0.232	0.383	0.356	-0.1	-0.1	-0.1	0.71	2.217	6.045	2.483	2.498	13.5	14.3	15.45	16.549999999999997	18.4	NA
2026-01-02 06:00:00	-91.1885	30.404	0	8.76	11.5	83.34648869231788	101.52	1.131	0	0.59	149.1	0	0	1.44	0.22	0	0.348	0.36	0.232	0.383	0.356	-0.1	-0.1	-0.1	0.706	2.217	6.046	2.483	2.498	13.5	14.3	15.45	16.549999999999997	18.4	NA
2026-01-02 06:15:00	-91.1885	30.404	0	8.67	11.4	84.49379570491594	101.49	1.139	0	0.69	152.3	0	0	1.57	0.21	0	0.348	0.36	0.232	0.383	0.356	-0.1	-0.1	-0.1	0.708	2.217	6.046	2.483	2.498	13.45	14.3	15.45	16.549999999999997	18.4	NA
2026-01-02 06:30:00	-91.1885	30.404	0	8.01	11.6	82.72353123647514	101.48	1.13	0	0.38	171	0	0	2.16	0.23	0	0.348	0.36	0.231	0.383	0.356	-0.1	-0.1	-0.1	0.706	2.217	6.047	2.483	2.498	13.45	14.3	15.45	16.6	18.4	NA
2026-01-02 06:45:00	-91.1885	30.404	0	7.9	11.6	82.79673790128618	101.46	1.131	0	0.39	176.8	0	0	1.13	0.24	0	0.348	0.36	0.231	0.383	0.356	-0.1	-0.1	-0.1	0.705	2.218	6.047	2.482	2.498	13.35	14.2	15.45	16.6	18.4	NA
2026-01-02 07:00:00	-91.1885	30.404	0	8.51	11.7	82.3964988197217	101.46	1.133	0	0.45	164.2	0	0	1.55	0.24	0	0.348	0.36	0.231	0.383	0.355	-0.1	-0.1	-0.1	0.707	2.218	6.047	2.482	2.498	13.35	14.2	15.45	16.6	18.4	NA
2026-01-02 07:15:00	-91.1885	30.404	0	9.92	12	82.63438280940223	101.46	1.159	0	0.47	168	0	0	1.62	0.24	0	0.348	0.36	0.231	0.383	0.355	-0.1	-0.1	-0.1	0.705	2.217	6.047	2.482	2.498	13.25	14.2	15.45	16.6	18.4	NA
2026-01-02 07:30:00	-91.1885	30.404	0	8.69	12	82.34919080660877	101.44	1.155	0	0.52	143.9	0	0	1.63	0.24	0	0.348	0.36	0.231	0.383	0.355	-0.1	-0.1	-0.1	0.707	2.218	6.047	2.483	2.498	13.25	14.2	15.45	16.6	18.4	NA
2026-01-02 07:45:00	-91.1885	30.404	0	8.44	11.6	83.60201121420762	101.44	1.142	0	0.49	135.6	0	0	1.46	0.23	0	0.348	0.36	0.231	0.383	0.356	-0.1	-0.1	-0.1	0.705	2.213	6.047	2.483	2.498	13.25	14.2	15.45	16.6	18.4	NA
2026-01-02 08:00:00	-91.1885	30.404	0	8.33	11.3	83.71155627074356	101.44	1.121	0	0.35	169.4	0	0	0.99	0.22	0	0.348	0.36	0.231	0.383	0.356	-0.1	-0.1	-0.1	0.708	2.213	6.047	2.483	2.498	13.25	14.1	15.45	16.6	18.4	NA
2026-01-02 08:15:00	-91.1885	30.404	0	9.87	11.4	83.7519713352503	101.42	1.129	0	0.53	155	0	0	1.14	0.21	0	0.348	0.36	0.231	0.383	0.355	-0.1	-0.1	-0.1	0.705	2.213	6.048	2.482	2.498	13.2	14.1	15.45	16.6	18.4	NA
2026-01-02 08:30:00	-91.1885	30.404	0	10.92	11.5	84.89403622771901	101.42	1.152	0	0.19	182.8	0	0	0.86	0.21	0	0.348	0.36	0.231	0.383	0.355	-0.1	-0.1	-0.1	0.708	2.214	6.048	2.482	2.499	13.2	14.1	15.45	16.6	18.4	NA
2026-01-02 08:45:00	-91.1885	30.404	0	9.94	11.7	84.79639684359708	101.4	1.166	0	0.49	139.6	0	0	1.17	0.21	0	0.348	0.36	0.231	0.383	0.355	-0.1	-0.1	-0.1	0.708	2.214	6.048	2.483	2.498	13.2	14.1	15.45	16.6	18.4	NA
2026-01-02 09:00:00	-91.1885	30.404	0	9.38	11.7	84.28732756580534	101.38	1.159	0	0.63	132.3	0	0	1.31	0.22	0	0.348	0.36	0.231	0.383	0.356	-0.1	-0.1	-0.1	0.71	2.214	6.048	2.482	2.498	13.2	14.1	15.4	16.6	18.4	NA
2026-01-02 09:15:00	-91.1885	30.404	0	8.78	11.6	84.11445786788491	101.36	1.149	0	0.49	140	0	0	1.21	0.21	0	0.348	0.36	0.231	0.383	0.356	-0.1	-0.1	-0.1	0.708	2.208	6.05	2.483	2.504	13.2	14.1	15.4	16.6	18.4	NA
2026-01-02 09:30:00	-91.1885	30.404	0	7.91	11.3	84.90636884909495	101.33	1.137	0	0.41	145.2	0	0	0.98	0.2	0	0.348	0.359	0.231	0.383	0.356	-0.1	-0.1	-0.1	0.708	2.209	6.049	2.483	2.498	13.2	14.1	15.4	16.65	18.4	NA
2026-01-02 09:45:00	-91.1885	30.404	0	8.8	10.9	86.27209626928527	101.33	1.125	0	0.34	178.5	0	0	1.01	0.18	0	0.348	0.359	0.231	0.383	0.355	-0.1	-0.1	-0.1	0.709	2.21	6.049	2.483	2.499	13.15	14.1	15.4	16.65	18.4	NA
2026-01-02 10:00:00	-91.1885	30.404	0	10.67	11.3	85.50377513827064	101.31	1.145	0	0.54	170.5	0	0	1.13	0.19	0	0.348	0.359	0.231	0.383	0.355	-0.1	-0.1	-0.1	0.709	2.21	6.049	2.483	2.498	13.15	14	15.4	16.65	18.4	NA
2026-01-02 10:15:00	-91.1885	30.404	0	11.35	11.6	85.28576450486155	101.29	1.165	0	0.34	140	0	0	0.52	0.2	0	0.348	0.36	0.231	0.383	0.355	-0.1	-0.1	-0.1	0.71	2.21	6.049	2.483	2.504	13.15	14	15.4	16.65	18.4	NA
2026-01-02 10:30:00	-91.1885	30.404	0	10.6	11.8	84.8881848706101	101.27	1.175	0	0.37	127.4	0	0	1.01	0.21	0	0.348	0.36	0.231	0.383	0.356	-0.1	-0.1	-0.1	0.712	2.21	6.049	2.483	2.498	13.2	14	15.4	16.65	18.4	NA
2026-01-02 10:45:00	-91.1885	30.404	0	11.37	12	84.63072682895637	101.26	1.187	0	0.29	131.5	0	0	0.8	0.21	0	0.348	0.36	0.231	0.383	0.355	-0.1	-0.1	-0.1	0.713	2.21	6.05	2.483	2.498	13.2	14	15.4	16.65	18.4	NA
2026-01-02 11:00:00	-91.1885	30.404	0	11.69	12.2	84.43757623355049	101.25	1.2	0	0.23	126.7	0	0	1.23	0.22	0	0.348	0.359	0.231	0.383	0.355	-0.1	-0.1	-0.1	0.712	2.21	6.05	2.483	2.499	13.25	14	15.4	16.65	18.4	NA
2026-01-02 11:15:00	-91.1885	30.404	0	11.3	12.4	84.79231734778948	101.25	1.221	0	0.28	140.8	0	0	1.12	0.22	0	0.348	0.36	0.231	0.383	0.355	-0.1	-0.1	-0.1	0.713	2.21	6.05	2.484	2.498	13.25	14	15.4	16.65	18.4	NA
2026-01-02 11:30:00	-91.1885	30.404	0	12.18	12.8	84.62491030252465	101.24	1.251	0	0.49	156.1	0	0	1.07	0.22	0	0.348	0.359	0.231	0.383	0.356	-0.1	-0.1	-0.1	0.713	2.21	6.052	2.483	2.498	13.35	14	15.350000000000001	16.65	18.4	NA
2026-01-02 11:45:00	-91.1885	30.404	0	12.06	13.1	84.70435969336287	101.24	1.277	0	0.46	152.2	0	0	0.99	0.23	0	0.348	0.359	0.231	0.383	0.356	-0.1	-0.1	-0.1	0.715	2.21	6.054	2.484	2.498	13.35	14	15.350000000000001	16.65	18.4	NA
2026-01-02 12:00:00	-91.1885	30.404	0	12.25	13.2	84.54813770284346	101.24	1.283	0	0.59	148.8	0	0	1.81	0.23	0	0.348	0.359	0.231	0.383	0.355	-0.1	-0.1	-0.1	0.713	2.21	6.053	2.483	2.499	13.35	14	15.350000000000001	16.65	18.4	NA
2026-01-02 12:15:00	-91.1885	30.404	0	11.91	13.4	83.71201075198634	101.24	1.287	0	0.8	157.7	0	0	1.71	0.25	0	0.348	0.36	0.231	0.383	0.355	-0.1	-0.1	-0.1	0.713	2.21	6.054	2.483	2.499	13.45	14	15.350000000000001	16.65	18.4	NA
2026-01-02 12:30:00	-91.1885	30.404	0	11.98	13.2	84.35044135591555	101.24	1.28	0	0.5	179.4	0	0	1.74	0.24	0	0.348	0.359	0.231	0.383	0.356	-0.1	-0.1	-0.1	0.713	2.215	6.04	2.483	2.499	13.45	14	15.350000000000001	16.65	18.3	NA
2026-01-02 12:45:00	-91.1885	30.404	0	12.04	13.1	84.90335192443578	101.24	1.28	0	0.41	190.3	0	0	0.93	0.23	0	0.348	0.359	0.231	0.383	0.356	-0.1	-0.1	-0.1	0.713	2.215	6.052	2.484	2.499	13.45	14	15.350000000000001	16.65	18.3	NA
2026-01-02 13:00:00	-91.1885	30.404	0	12.42	13.1	85.6329901050364	101.23	1.291	0	0.58	155.2	0	0	1.4	0.21	0	0.348	0.359	0.231	0.383	0.356	-0.1	-0.1	-0.1	0.714	2.215	6.039	2.483	2.499	13.5	14	15.350000000000001	16.65	18.3	NA
2026-01-02 13:15:00	-91.1885	30.404	0	12.55	13.3	85.765667697444	101.24	1.31	0	0.86	150	0	0	1.79	0.22	0	0.348	0.36	0.231	0.383	0.355	-0.1	-0.1	-0.1	0.716	2.22	6.053	2.484	2.5	13.55	14	15.350000000000001	16.65	18.3	NA
2026-01-02 13:30:00	-91.1885	30.404	0	12.93	13.6	85.7099745679794	101.23	1.335	12.6	1.07	157.1	0	0	1.97	0.22	0	0.348	0.359	0.231	0.383	0.356	-0.1	-0.1	-0.1	0.714	2.22	6.053	2.483	2.505	13.55	14	15.350000000000001	16.65	18.3	0.352
2026-01-02 13:45:00	-91.1885	30.404	0	13.22	13.7	86.04702686775653	101.22	1.349	35.7	1.17	154.3	0	0	2.05	0.21	0	0.348	0.359	0.231	0.383	0.356	-0.1	-0.1	-0.1	0.712	2.214	6.053	2.484	2.499	13.6	14.1	15.350000000000001	16.65	18.3	0.366
2026-01-02 14:00:00	-91.1885	30.404	0	13.72	14	86.13760879564947	101.21	1.377	39.2	1.11	155.3	0	0	2.59	0.22	0	0.348	0.36	0.231	0.383	0.355	-0.1	-0.1	-0.1	0.714	2.214	6.054	2.484	2.5	13.649999999999999	14.1	15.350000000000001	16.65	18.3	0.369
2026-01-02 14:15:00	-91.1885	30.404	0	14.21	14.3	86.93283849023598	101.2	1.417	63.4	0.68	154.7	0	0	2.18	0.21	0	0.348	0.36	0.231	0.383	0.355	-0.1	-0.1	-0.1	0.715	2.214	6.054	2.484	2.5	13.7	14.1	15.350000000000001	16.65	18.3	0.348
2026-01-02 14:30:00	-91.1885	30.404	0	17.28	15.5	87.78988630132908	101.19	1.546	171.9	0.93	148.2	0	0	2.09	0.21	0	0.348	0.36	0.231	0.383	0.356	-0.1	-0.1	-0.1	0.72	2.214	6.054	2.483	2.499	13.8	14.1	15.350000000000001	16.65	18.3	0.331
2026-01-02 14:45:00	-91.1885	30.404	0	18.7	16.6	87.605438216675	101.2	1.655	200	1.04	153.2	0	0	2.31	0.23	0	0.347	0.36	0.231	0.383	0.356	-0.1	-0.1	-0.1	0.724	2.219	6.039	2.484	2.505	14.1	14.1	15.350000000000001	16.65	18.3	0.331
2026-01-02 15:00:00	-91.1885	30.404	0	18.53	17.3	84.35969023000337	101.19	1.666	159.7	1.08	175.9	0	0	2.83	0.31	0	0.347	0.36	0.231	0.383	0.355	-0.1	-0.1	-0.1	0.727	2.219	6.054	2.484	2.505	14.399999999999999	14.1	15.350000000000001	16.65	18.3	0.333
2026-01-02 15:15:00	-91.1885	30.404	0	21.57	18.4	83.10989550677989	101.2	1.759	258.6	1.15	185.5	0	0	3.65	0.36	0	0.347	0.36	0.231	0.383	0.356	-0.1	-0.1	-0.1	0.726	2.218	6.04	2.483	2.499	14.600000000000001	14.2	15.350000000000001	16.65	18.3	0.323
2026-01-02 15:30:00	-91.1885	30.404	0	21.05	19.1	81.31553396030925	101.2	1.798	189.5	1.16	188.3	0	0	3.34	0.41	0	0.347	0.36	0.231	0.383	0.356	-0.1	-0.1	-0.1	0.732	2.223	6.053	2.483	2.499	14.899999999999999	14.2	15.350000000000001	16.65	18.3	0.347
2026-01-02 15:45:00	-91.1885	30.404	0	23.92	20	80.22986897790578	101.2	1.876	293.3	1.27	184.9	0	0	3.23	0.46	0	0.346	0.36	0.231	0.383	0.356	-0.1	-0.1	-0.1	0.733	2.222	6.041	2.484	2.499	15.15	14.3	15.350000000000001	16.65	18.3	0.341
2026-01-02 16:00:00	-91.1885	30.404	0	26.31	21.5	78.69226647049028	101.19	2.018	365.9	1.64	189.3	0	0	3.72	0.55	0	0.346	0.36	0.231	0.383	0.356	-0.1	-0.1	-0.1	0.736	2.221	6.039	2.483	2.499	15.45	14.4	15.350000000000001	16.65	18.3	0.34
2026-01-02 16:15:00	-91.1885	30.404	0	25.52	21.8	77.79860854543406	101.17	2.032	297.2	1.54	193.3	0	0	3.89	0.59	0	0.346	0.36	0.231	0.383	0.356	-0.1	-0.1	-0.1	0.738	2.22	6.055	2.484	2.499	15.85	14.5	15.350000000000001	16.65	18.3	0.366
2026-01-02 16:30:00	-91.1885	30.404	0	25.98	22.1	76.65156102456301	101.16	2.039	318.3	1.73	198.2	0	0	5.73	0.62	0	0.346	0.36	0.231	0.383	0.356	-0.1	-0.1	-0.1	0.736	2.224	6.054	2.484	2.499	16.2	14.6	15.350000000000001	16.65	18.3	0.392
2026-01-02 16:45:00	-91.1885	30.404	0	26.85	22.5	75.6167218769695	101.15	2.061	310.5	1.43	208.9	0	0	5.43	0.66	0	0.345	0.36	0.231	0.383	0.356	-0.1	-0.1	-0.1	0.739	2.222	6.054	2.484	2.499	16.450000000000003	14.7	15.350000000000001	16.65	18.3	0.355
2026-01-02 17:00:00	-91.1885	30.404	0	28.55	23	74.57008417978342	101.13	2.095	417.2	1.92	199.6	0	0	5.07	0.72	0	0.345	0.36	0.231	0.383	0.356	-0.1	-0.1	-0.1	0.736	2.226	6.054	2.484	2.494	16.700000000000003	14.8	15.350000000000001	16.65	18.3	0.337
2026-01-02 17:15:00	-91.1885	30.404	0	29.86	23.5	73.66525059780615	101.11	2.133	446.2	1.93	197.9	0	0	6.61	0.77	0	0.345	0.36	0.231	0.383	0.356	-0.1	-0.1	-0.1	0.739	2.23	6.054	2.484	2.499	17	15	15.4	16.65	18.3	0.333
2026-01-02 17:30:00	-91.1885	30.404	0	24.17	22.7	73.32734561583646	101.09	2.023	139.2	1.66	200.7	0	0	4.96	0.73	0	0.345	0.36	0.231	0.383	0.356	-0.1	-0.1	-0.1	0.737	2.229	6.054	2.484	2.493	17.3	15.1	15.4	16.65	18.3	0.368
2026-01-02 17:45:00	-91.1885	30.404	0	24.18	22.4	73.8995608308301	101.07	2.002	166.1	1.65	198.6	0	0	4.9	0.71	0	0.345	0.36	0.231	0.383	0.355	-0.1	-0.1	-0.1	0.733	2.232	6.054	2.484	2.5	17.4	15.2	15.45	16.65	18.3	0.356
2026-01-02 18:00:00	-91.1885	30.404	0	26.06	22.8	74.39749110311796	101.03	2.065	216.8	1.34	209.5	0	0	4.81	0.71	0	0.345	0.36	0.231	0.383	0.356	-0.1	-0.1	-0.1	0.732	2.237	6.067	2.484	2.499	17.45	15.4	15.45	16.65	18.3	0.354
2026-01-02 18:15:00	-91.1885	30.404	0	21.84	22	76.28791573481145	101.01	2.017	97.2	1.41	210.4	0	0	6.51	0.62	0	0.345	0.36	0.231	0.383	0.356	-0.1	-0.1	-0.1	0.73	2.236	6.069	2.484	2.499	17.5	15.5	15.5	16.65	18.3	0.362
2026-01-02 18:30:00	-91.1885	30.404	0	21.7	21.7	78.31369409223909	100.97	2.033	127.8	1.61	191.5	0	0	4.56	0.56	0	0.345	0.36	0.231	0.383	0.356	-0.1	-0.1	-0.1	0.728	2.234	6.069	2.484	2.499	17.55	15.6	15.5	16.65	18.3	0.366
2026-01-02 18:45:00	-91.1885	30.404	0	22.16	21.4	80.54863788960596	100.93	2.053	183.8	1.52	193.3	0	0	3.58	0.49	0	0.345	0.36	0.231	0.383	0.356	-0.1	-0.1	-0.1	0.728	2.238	6.082	2.484	2.499	17.6	15.7	15.5	16.65	18.3	0.369
2026-01-02 19:00:00	-91.1885	30.404	0	22.67	22	79.88105009019425	100.91	2.112	175.8	1.6	194.4	0	0	5.52	0.53	0	0.345	0.36	0.231	0.383	0.356	-0.1	-0.1	-0.1	0.728	2.237	6.083	2.485	2.499	17.6	15.8	15.5	16.65	18.3	0.363
2026-01-02 19:15:00	-91.1885	30.404	0	21.88	21.8	80.8615458897425	100.87	2.112	145.4	1.68	199.5	0	0	4.34	0.49	0	0.345	0.36	0.231	0.383	0.356	-0.1	-0.1	-0.1	0.728	2.236	6.067	2.485	2.499	17.700000000000003	15.8	15.6	16.65	18.3	0.361
2026-01-02 19:30:00	-91.1885	30.404	0	23.7	21.9	81.85371161345842	100.85	2.151	243	1.35	197.3	0	0	4.23	0.47	0	0.345	0.36	0.231	0.383	0.355	-0.1	-0.1	-0.1	0.731	2.241	6.082	2.485	2.5	17.799999999999997	15.9	15.6	16.65	18.3	0.361
2026-01-02 19:45:00	-91.1885	30.404	0	23.75	22.4	80.2116611815154	100.81	2.173	216.5	1.4	194.1	0	0	3.89	0.53	0	0.345	0.36	0.231	0.383	0.356	-0.1	-0.1	-0.1	0.729	2.245	6.097	2.485	2.499	17.9	16	15.6	16.65	18.3	0.352
2026-01-02 20:00:00	-91.1885	30.404	0	25.32	23	80.44314570229618	100.78	2.26	292.7	1.96	201.2	0	0	5.96	0.54	0	0.345	0.36	0.231	0.383	0.355	-0.1	-0.1	-0.1	0.729	2.239	6.095	2.485	2.5	18	16.1	15.7	16.65	18.3	0.345
2026-01-02 20:15:00	-91.1885	30.404	0	25.12	22.8	78.90097119410574	100.77	2.19	223.6	1.85	197.9	0	0	5.25	0.58	0	0.344	0.36	0.231	0.383	0.355	-0.1	-0.1	-0.1	0.729	2.238	6.094	2.485	2.5	18.15	16.2	15.7	16.65	18.3	0.358
2026-01-02 20:30:00	-91.1885	30.404	0	27.46	23.2	79.3008052452879	100.78	2.255	354.4	1.8	197.4	0	0	5.51	0.58	0	0.344	0.36	0.231	0.383	0.355	-0.1	-0.1	-0.1	0.727	2.237	6.095	2.49	2.5	18.200000000000003	16.2	15.75	16.65	18.3	0.345
2026-01-02 20:45:00	-91.1885	30.404	0	27.78	23.2	79.82830505844947	100.77	2.27	342.2	1.6	204.7	0	0	6.37	0.57	0	0.344	0.36	0.231	0.383	0.355	-0.1	-0.1	-0.1	0.728	2.236	6.096	2.484	2.5	18.299999999999997	16.3	15.75	16.65	18.3	0.344
2026-01-02 21:00:00	-91.1885	30.404	0	26.54	23.3	79.59253293996008	100.75	2.277	299.1	1.57	197.1	0	0	6.14	0.59	0	0.344	0.36	0.231	0.383	0.356	-0.1	-0.1	-0.1	0.73	2.235	6.093	2.491	2.499	18.4	16.4	15.8	16.65	18.3	0.358
2026-01-02 21:15:00	-91.1885	30.404	0	25.17	23.4	78.48845522952615	100.73	2.259	239.9	1.51	189	0	0	4.53	0.61	0	0.344	0.36	0.231	0.383	0.355	-0.1	-0.1	-0.1	0.727	2.239	6.094	2.491	2.5	18.450000000000003	16.5	15.85	16.65	18.3	0.363
2026-01-02 21:30:00	-91.1885	30.404	0	23.01	23.4	77.23764319399586	100.7	2.223	182.9	1.57	191.9	0	0	5.9	0.65	0	0.344	0.36	0.231	0.383	0.355	-0.1	-0.1	-0.1	0.725	2.238	6.108	2.485	2.5	18.450000000000003	16.6	15.85	16.65	18.3	0.355
2026-01-02 21:45:00	-91.1885	30.404	0	22.33	23.4	76.1258102735245	100.68	2.191	108.9	1.9	197.6	0	0	5.61	0.68	0	0.344	0.36	0.231	0.382	0.355	-0.1	-0.1	-0.1	0.723	2.243	6.108	2.485	2.5	18.5	16.6	15.950000000000001	16.65	18.3	0.359
2026-01-02 22:00:00	-91.1885	30.404	0	22.77	23	76.67014860298494	100.69	2.154	90	1.74	196.9	0	0	5.08	0.66	0	0.344	0.36	0.231	0.383	0.355	-0.1	-0.1	-0.1	0.722	2.237	6.108	2.491	2.5	18.45	16.7	15.950000000000001	16.65	18.3	0.363
2026-01-02 22:15:00	-91.1885	30.404	0	22.33	22.8	77.20766267989433	100.69	2.143	67.9	1.52	202.6	0	0	4.68	0.64	0	0.344	0.36	0.231	0.383	0.355	-0.1	-0.1	-0.1	0.724	2.236	6.121	2.491	2.5	18.45	16.8	15.950000000000001	16.65	18.3	0.365
2026-01-02 22:30:00	-91.1885	30.404	0	21.98	22.7	77.53197838471289	100.7	2.139	56.2	1.54	190.8	0	0	4.49	0.62	0	0.344	0.36	0.23	0.382	0.355	-0.1	-0.1	-0.1	0.722	2.241	6.106	2.491	2.5	18.45	16.8	16.05	16.65	18.3	0.363
2026-01-02 22:45:00	-91.1885	30.404	0	21.48	22.6	77.67541056264317	100.7	2.13	29.5	1.39	205.4	0	0	4.02	0.61	0	0.344	0.36	0.23	0.382	0.355	-0.1	-0.1	-0.1	0.722	2.24	6.12	2.491	2.501	18.4	16.8	16.05	16.65	18.2	0.356
2026-01-02 23:00:00	-91.1885	30.404	0	21.24	22.6	77.56600857593521	100.7	2.127	13.9	1.95	193.6	0	0	5.44	0.61	0	0.344	0.36	0.23	0.382	0.355	-0.1	-0.1	-0.1	0.719	2.24	6.105	2.491	2.501	18.4	16.9	16.05	16.65	18.2	0.313
2026-01-02 23:15:00	-91.1885	30.404	0	20.52	22.3	78.99238683857916	100.7	2.127	3.4	1.93	195.6	0	0	6.02	0.56	0	0.344	0.36	0.23	0.382	0.355	-0.1	-0.1	-0.1	0.717	2.245	6.117	2.491	2.501	18.35	16.9	16.15	16.65	18.2	NA
2026-01-02 23:30:00	-91.1885	30.404	0	20.05	22	80.2592747591819	100.71	2.122	0	1.42	193.7	0	0	5.91	0.52	0	0.344	0.36	0.23	0.382	0.355	-0.1	-0.1	-0.1	0.714	2.239	6.119	2.491	2.502	18.299999999999997	17	16.15	16.65	18.2	NA
2026-01-02 23:45:00	-91.1885	30.404	0	20.14	22	80.5996769612708	100.71	2.131	0	1.37	204.7	0	0	4.56	0.5	0	0.344	0.36	0.23	0.382	0.355	-0.1	-0.1	-0.1	0.714	2.244	6.119	2.486	2.502	18.25	17	16.2	16.65	18.2	NA
2026-01-03 00:00:00	-91.1885	30.404	0	20.13	21.9	81.62538884745157	100.7	2.145	0	1.45	200.2	0	0	6.19	0.48	0	0.344	0.36	0.23	0.382	0.355	-0.1	-0.1	-0.1	0.715	2.239	6.118	2.486	2.501	18.200000000000003	17	16.25	16.700000000000003	18.2	NA
2026-01-03 00:15:00	-91.1885	30.404	0	20.3	21.9	82.23424955680319	100.71	2.161	0	1.63	193.8	0	0	4.95	0.46	0	0.345	0.36	0.23	0.382	0.355	-0.1	-0.1	-0.1	0.714	2.238	6.118	2.486	2.501	18.200000000000003	17	16.25	16.700000000000003	18.2	NA
2026-01-03 00:30:00	-91.1885	30.404	0	19.66	21.7	83.20589239509908	100.72	2.16	0	1.31	193.3	0	0	4.91	0.43	0	0.344	0.36	0.23	0.382	0.355	-0.1	-0.1	-0.1	0.715	2.238	6.117	2.491	2.501	18.1	17	16.35	16.700000000000003	18.2	NA
2026-01-03 00:45:00	-91.1885	30.404	0	19.45	21.6	83.75473196581213	100.73	2.161	0	1.72	191.4	0	0	5.25	0.42	0	0.345	0.36	0.23	0.382	0.355	-0.1	-0.1	-0.1	0.715	2.238	6.116	2.491	2.501	18.1	17	16.35	16.700000000000003	18.2	NA
2026-01-03 01:00:00	-91.1885	30.404	0	18.7	21.2	84.95773488618802	100.72	2.139	0	1.44	195	0	0	4.63	0.38	0	0.345	0.36	0.23	0.382	0.355	-0.1	-0.1	-0.1	0.711	2.238	6.118	2.491	2.501	18.1	17.1	16.35	16.700000000000003	18.2	NA
2026-01-03 01:15:00	-91.1885	30.404	0	19.24	21.2	84.99745332231996	100.72	2.14	0	1.29	200	0	0	4.04	0.37	0	0.345	0.36	0.23	0.382	0.355	-0.1	-0.1	-0.1	0.712	2.238	6.114	2.491	2.501	18.05	17.1	16.35	16.700000000000003	18.2	NA
2026-01-03 01:30:00	-91.1885	30.404	0	19.98	21.4	85.33525933263174	100.73	2.175	0	1.52	197.5	0	0	6.53	0.36	0	0.345	0.36	0.23	0.382	0.355	-0.1	-0.1	-0.1	0.713	2.237	6.114	2.491	2.501	18	17.1	16.450000000000003	16.700000000000003	18.2	NA
2026-01-03 01:45:00	-91.1885	30.404	0	20.08	21.3	86.53069989321247	100.75	2.192	0	1.19	208	0	0	4.81	0.33	0	0.345	0.36	0.23	0.382	0.355	-0.1	-0.1	-0.1	0.713	2.238	6.114	2.491	2.501	18	17.1	16.450000000000003	16.700000000000003	18.2	NA
2026-01-03 02:00:00	-91.1885	30.404	0	20.09	21.3	86.88598105153312	100.75	2.201	0	1.27	207.1	0	0	3.99	0.34	0	0.345	0.36	0.23	0.382	0.355	-0.1	-0.1	-0.1	0.713	2.238	6.13	2.491	2.502	18	17.1	16.450000000000003	16.75	18.2	NA
2026-01-03 02:15:00	-91.1885	30.404	0	19.53	21.3	86.88598105153312	100.75	2.201	0	1.21	204.8	0	0	5.39	0.33	0	0.345	0.36	0.23	0.382	0.355	-0.1	-0.1	-0.1	0.713	2.238	6.114	2.491	2.502	18	17.1	16.5	16.75	18.2	NA
2026-01-03 02:30:00	-91.1885	30.404	0	19.31	21.2	87.22168574570777	100.76	2.196	0	1.4	193.9	0	0	4.66	0.32	0	0.345	0.36	0.23	0.382	0.355	-0.1	-0.1	-0.1	0.713	2.237	6.127	2.496	2.502	18	17.1	16.549999999999997	16.75	18.2	NA
2026-01-03 02:45:00	-91.1885	30.404	0	19.46	21.1	87.7984262893638	100.78	2.197	0	1.17	209.2	0	0	4.56	0.31	0	0.345	0.36	0.23	0.382	0.355	-0.1	-0.1	-0.1	0.713	2.232	6.129	2.49	2.501	18	17.1	16.549999999999997	16.799999999999997	18.2	NA
2026-01-03 03:00:00	-91.1885	30.404	0	20.08	21.3	87.43864063114306	100.8	2.215	0	1.18	231.6	0	0	3.88	0.31	0	0.345	0.36	0.23	0.382	0.355	-0.1	-0.1	-0.1	0.713	2.232	6.128	2.491	2.501	18	17.1	16.549999999999997	16.799999999999997	18.2	NA
2026-01-03 03:15:00	-91.1885	30.404	0	20.06	21.2	88.49267570192937	100.82	2.228	0	0.92	252.1	0	0	3.32	0.29	0	0.345	0.36	0.23	0.382	0.355	-0.1	-0.1	-0.1	0.715	2.232	6.126	2.496	2.501	18	17.1	16.6	16.799999999999997	18.2	NA
2026-01-03 03:30:00	-91.1885	30.404	0	20.03	21.2	88.53239413806129	100.83	2.229	0	0.93	230.6	0	0	4.25	0.29	0	0.345	0.36	0.23	0.382	0.355	-0.1	-0.1	-0.1	0.717	2.237	6.127	2.49	2.501	18	17.1	16.65	16.799999999999997	18.2	NA
2026-01-03 03:45:00	-91.1885	30.404	0	19.93	21.2	88.691267882589	100.84	2.233	0	0.9	219	0	0	3.84	0.28	0	0.345	0.36	0.23	0.382	0.355	-0.1	-0.1	-0.1	0.718	2.237	6.127	2.496	2.501	18	17.1	16.65	16.799999999999997	18.2	NA
2026-01-03 04:00:00	-91.1885	30.404	0	19.48	21.2	88.3735203935336	100.85	2.225	0	0.89	264.4	0	0	3.7	0.3	0	0.345	0.36	0.23	0.382	0.355	-0.1	-0.1	-0.1	0.718	2.237	6.128	2.491	2.501	18	17.2	16.65	16.799999999999997	18.2	NA
2026-01-03 04:15:00	-91.1885	30.404	0	19.51	21.3	87.75444610520587	100.86	2.223	0	1.21	280.5	0	0	5	0.31	0	0.345	0.36	0.23	0.382	0.355	-0.1	-0.1	-0.1	0.718	2.237	6.126	2.49	2.501	18	17.2	16.65	16.799999999999997	18.2	NA
2026-01-03 04:30:00	-91.1885	30.404	0	18.91	21.1	88.43783221591356	100.88	2.213	0	1.22	282.6	0	0	3.3	0.29	0	0.345	0.36	0.23	0.382	0.355	-0.1	-0.1	-0.1	0.72	2.236	6.125	2.496	2.501	17.95	17.2	16.700000000000003	16.799999999999997	18.2	NA
2026-01-03 04:45:00	-91.1885	30.404	0	18.17	20.9	87.83179506212682	100.88	2.171	0	1.21	277.9	0	0	3.79	0.3	0	0.345	0.36	0.23	0.382	0.355	-0.1	-0.1	-0.1	0.72	2.236	6.124	2.49	2.501	17.95	17.2	16.700000000000003	16.799999999999997	18.2	NA
