2026-03-07 06:00:00	-91.2337	31.9498	0	20.72	22.3	87.9797670054509	101.54	2.369	0	3.49	168	0	0	6.24	0.32	0	0.215	0.269	0.243	0.417	0.373	-485.1	NA	-0.1	0.795	1.82	1.967	3.769	3.495	20.5	19.9	19.1	17.4	16.5	NA
2026-03-07 06:15:00	-91.2337	31.9498	0	20.65	22.3	87.60838765971239	101.54	2.359	0	3.68	170.7	0	0	7.74	0.33	0	0.215	0.269	0.243	0.417	0.373	-484.1	NA	-0.1	0.795	1.821	1.967	3.777	3.504	20.5	19.9	19.1	17.4	16.5	NA
2026-03-07 06:30:00	-91.2337	31.9498	0	20.36	22.1	88.23011953146118	101.55	2.347	0	3.27	172.1	0	0	5.82	0.31	0	0.215	0.269	0.243	0.417	0.373	-484.8	NA	-0.1	0.795	1.82	1.967	3.769	3.496	20.45	19.9	19.1	17.4	16.5	NA
2026-03-07 06:45:00	-91.2337	31.9498	0	20.37	22	88.2398152748216	101.57	2.333	0	2.83	183.7	0	0	4.71	0.31	0	0.215	0.269	0.243	0.417	0.373	-486.1	NA	-0.1	0.795	1.816	1.967	3.776	3.497	20.45	19.9	19.1	17.4	16.5	NA
2026-03-07 07:00:00	-91.2337	31.9498	0	20.63	22.3	87.45983592141698	101.58	2.355	0	3.28	188	0	0	5.73	0.33	0	0.215	0.269	0.243	0.417	0.373	-486.9	NA	-0.1	0.793	1.821	1.967	3.776	3.498	20.4	19.8	19.1	17.4	16.5	NA
2026-03-07 07:15:00	-91.2337	31.9498	0	20.79	22.3	87.68266352886009	101.57	2.361	0	3.77	184.7	0	0	7.32	0.33	0	0.215	0.269	0.243	0.417	0.373	-486.5	NA	-0.1	0.793	1.821	1.967	3.776	3.498	20.4	19.8	19.1	17.4	16.6	NA
2026-03-07 07:30:00	-91.2337	31.9498	0	20.4	22.2	87.91878365842918	101.55	2.353	0	3.54	173.5	0	0	6.07	0.32	0	0.215	0.269	0.243	0.417	0.372	-488.1	NA	-0.1	0.793	1.821	1.968	3.774	3.5	20.4	19.8	19.1	17.5	16.6	NA
2026-03-07 07:45:00	-91.2337	31.9498	0	20.45	22	88.50457254311294	101.55	2.34	0	2.97	173.5	0	0	5.48	0.3	0	0.215	0.269	0.243	0.417	0.372	-489	NA	-0.1	0.792	1.816	1.968	3.774	3.5	20.35	19.8	19.1	17.5	16.6	NA
2026-03-07 08:00:00	-91.2337	31.9498	0	20.69	22.1	88.00456319691123	101.54	2.341	0	2.84	179.9	0	0	5.15	0.31	0	0.215	0.269	0.243	0.417	0.372	-487.7	NA	-0.1	0.794	1.816	1.972	3.774	3.501	20.35	19.8	19.1	17.5	16.6	NA
2026-03-07 08:15:00	-91.2337	31.9498	0	20.46	22	88.54239501001172	101.53	2.341	0	2.68	178.3	0	0	4.66	0.3	0	0.215	0.269	0.243	0.417	0.372	-489.1	NA	-0.1	0.792	1.816	1.972	3.774	3.501	20.35	19.8	19.1	17.5	16.6	NA
2026-03-07 08:30:00	-91.2337	31.9498	0	20.66	22	88.69368487760678	101.52	2.345	0	2.65	169.3	0	0	4.73	0.3	0	0.215	0.269	0.243	0.417	0.372	-489.2	NA	-0.1	0.794	1.816	1.972	3.773	3.501	20.3	19.8	19.1	17.5	16.6	NA
2026-03-07 08:45:00	-91.2337	31.9498	0	20.52	22.1	88.34289769873617	101.51	2.35	0	2.94	164.5	0	0	5	0.31	0	0.215	0.269	0.243	0.417	0.372	-490.2	NA	-0.1	0.794	1.817	1.973	3.773	3.502	20.3	19.7	19.1	17.5	16.6	NA
2026-03-07 09:00:00	-91.2337	31.9498	0	20.07	21.9	88.74144838799863	101.5	2.332	0	2.49	161.1	0	0	4.38	0.29	0	0.215	0.269	0.243	0.417	0.372	-489.9	NA	-0.1	0.794	1.817	1.973	3.773	3.502	20.25	19.7	19.1	17.5	16.6	NA
2026-03-07 09:15:00	-91.2337	31.9498	0	20.1	21.7	89.17668559937704	101.5	2.315	0	2.37	166.1	0	0	4.08	0.28	0	0.215	0.269	0.243	0.417	0.372	-490.2	NA	-0.1	0.796	1.817	1.972	3.781	3.512	20.25	19.7	19.1	17.5	16.6	NA
2026-03-07 09:30:00	-91.2337	31.9498	0	19.74	21.6	89.64585610223205	101.49	2.313	0	2.18	170.6	0	0	3.97	0.26	0	0.215	0.269	0.243	0.417	0.372	-489.8	NA	-0.1	0.794	1.817	1.972	3.781	3.511	20.25	19.7	19.1	17.5	16.6	NA
2026-03-07 09:45:00	-91.2337	31.9498	0	19.82	21.4	90.0434115716735	101.48	2.295	0	1.98	167.5	0	0	3.16	0.25	0	0.215	0.269	0.243	0.417	0.372	-491.7	NA	-0.1	0.794	1.817	1.972	3.781	3.504	20.25	19.7	19.1	17.5	16.6	NA
2026-03-07 10:00:00	-91.2337	31.9498	0	20.67	21.7	89.75450429656523	101.48	2.33	0	1.91	162.4	0	0	3.71	0.26	0	0.215	0.269	0.243	0.417	0.372	-490.9	NA	-0.1	0.794	1.817	1.968	3.771	3.504	20.25	19.7	19.1	17.5	16.6	NA
2026-03-07 10:15:00	-91.2337	31.9498	0	20.84	21.9	89.65473945202606	101.49	2.356	0	2.27	156.3	0	0	3.97	0.27	0	0.215	0.269	0.243	0.417	0.372	-492.4	NA	-0.1	0.792	1.813	1.973	3.78	3.504	20.2	19.7	19.1	17.5	16.6	NA
2026-03-07 10:30:00	-91.2337	31.9498	0	20.98	22	89.790536417671	101.49	2.374	0	2.41	157.9	0	0	4.17	0.27	0	0.214	0.269	0.243	0.417	0.372	-492.3	NA	-0.1	0.793	1.817	1.972	3.78	3.513	20.15	19.6	19.1	17.5	16.6	NA
2026-03-07 10:45:00	-91.2337	31.9498	0	20.82	21.9	90.18749257270873	101.51	2.37	0	2.35	175.6	0	0	3.74	0.26	0	0.215	0.269	0.243	0.417	0.372	-492.1	NA	-0.1	0.793	1.813	1.972	3.78	3.505	20.15	19.6	19.1	17.5	16.6	NA
2026-03-07 11:00:00	-91.2337	31.9498	0	20.19	21.8	89.97378448906007	101.51	2.35	0	2	176.3	0	0	4.28	0.25	0	0.215	0.269	0.243	0.417	0.372	-491.9	NA	-0.1	0.793	1.817	1.969	3.78	3.505	20.15	19.6	19	17.5	16.6	NA
2026-03-07 11:15:00	-91.2337	31.9498	0	19.76	21.7	89.71598305008601	101.5	2.329	0	2.21	154.9	0	0	4.04	0.26	0	0.215	0.269	0.243	0.417	0.372	-494.2	NA	-0.1	0.791	1.813	1.974	3.78	3.513	20.15	19.6	19	17.5	16.6	NA
2026-03-07 11:30:00	-91.2337	31.9498	0	19.59	21.5	90.1178532276031	101.49	2.311	0	2.32	159.4	0	0	3.93	0.25	0	0.215	0.269	0.243	0.417	0.372	-492.6	NA	-0.1	0.791	1.813	1.969	3.78	3.513	20.15	19.6	19	17.549999999999997	16.6	NA
2026-03-07 11:45:00	-91.2337	31.9498	0	19.46	21.2	90.79634499758103	101.51	2.286	0	1.8	174.5	0	0	3.51	0.22	0	0.215	0.269	0.243	0.417	0.372	-492	NA	-0.1	0.793	1.817	1.969	3.778	3.513	20.1	19.6	19	17.6	16.6	NA
2026-03-07 12:00:00	-91.2337	31.9498	0	19.5	21.1	91.23523314456874	101.52	2.283	0	1.65	168	0	0	2.94	0.22	0	0.215	0.269	0.243	0.417	0.372	-492.7	NA	-0.1	0.791	1.813	1.969	3.777	3.505	20.1	19.6	19	17.6	16.6	NA
2026-03-07 12:15:00	-91.2337	31.9498	0	19.44	21	91.99819198260086	101.53	2.288	0	1.68	175.4	0	0	3.03	0.2	0	0.215	0.269	0.243	0.417	0.372	-493.1	NA	-0.1	0.795	1.813	1.969	3.778	3.505	20.05	19.6	19	17.6	16.6	NA
2026-03-07 12:30:00	-91.2337	31.9498	0	19.23	21	91.7167289826541	101.52	2.281	0	1.92	169.3	0	0	3.42	0.21	0	0.215	0.269	0.243	0.417	0.372	-494	NA	-0.1	0.791	1.813	1.969	3.777	3.503	20.05	19.6	19	17.6	16.6	NA
2026-03-07 12:45:00	-91.2337	31.9498	0	19.39	20.9	92.2011335543929	101.49	2.279	9.1	2.15	159.5	0	0	4.81	0.2	0	0.214	0.269	0.243	0.417	0.372	-494.6	NA	-0.1	0.795	1.813	1.964	3.777	3.503	20.05	19.6	19	17.6	16.6	0.896
2026-03-07 13:00:00	-91.2337	31.9498	0	19.89	21.1	92.19434203439339	101.5	2.307	25.5	2.35	163.5	0	0	4.2	0.19	0	0.214	0.269	0.243	0.417	0.372	-494.1	NA	-0.1	0.795	1.814	1.964	3.777	3.503	20.05	19.5	19	17.6	16.6	0.737
2026-03-07 13:15:00	-91.2337	31.9498	0	21.02	21.6	92.51390337917331	101.51	2.387	56	2.95	165.9	0	0	5.93	0.2	0	0.214	0.27	0.243	0.417	0.372	-494.5	NA	-0.1	0.793	1.813	1.964	3.776	3.503	20.05	19.5	19	17.6	16.6	0.718
2026-03-07 13:30:00	-91.2337	31.9498	0	21.47	22	92.85415623647106	101.49	2.455	84.5	3.3	161.1	0	0	5.98	0.19	0	0.214	0.27	0.243	0.417	0.372	-495.1	NA	-0.1	0.795	1.813	1.964	3.777	3.511	20	19.5	19	17.6	16.6	0.706
2026-03-07 13:45:00	-91.2337	31.9498	0	22.18	22.5	91.83340847067186	101.48	2.503	130.5	4.09	156.9	0	0	7.12	0.21	0	0.214	0.269	0.243	0.417	0.372	-494.2	NA	-0.1	0.796	1.814	1.965	3.777	3.504	19.95	19.5	19	17.6	16.6	0.702
2026-03-07 14:00:00	-91.2337	31.9498	0	22.85	22.9	91.20892870647405	101.49	2.547	171.2	4.32	164.8	0	0	7.47	0.24	0	0.214	0.269	0.243	0.417	0.372	-494.6	NA	-0.1	0.793	1.814	1.965	3.768	3.511	20	19.5	19	17.6	16.6	0.697
2026-03-07 14:15:00	-91.2337	31.9498	0	23.2	23.2	89.81563485430833	101.52	2.554	180.8	4.23	169	0	0	7.3	0.29	0	0.214	0.27	0.243	0.417	0.372	-494.5	NA	-0.1	0.793	1.813	1.965	3.778	3.512	20	19.5	19	17.6	16.6	0.696
2026-03-07 14:30:00	-91.2337	31.9498	0	23.69	23.5	88.68840297007323	101.53	2.568	223.1	4.83	177.4	0	0	8.41	0.33	0	0.214	0.269	0.243	0.417	0.372	-494.5	NA	-0.1	0.794	1.814	1.961	3.771	3.503	20	19.5	19	17.6	16.6	0.688
2026-03-07 14:45:00	-91.2337	31.9498	0	24.52	23.9	87.28768335976616	101.53	2.589	273.4	4.71	178	0	0	8.73	0.37	0	0.214	0.269	0.243	0.417	0.372	-496.2	NA	-0.1	0.795	1.814	1.962	3.771	3.503	20	19.5	19	17.6	16.6	0.68
2026-03-07 15:00:00	-91.2337	31.9498	0	25.55	24.4	86.05140568338237	101.54	2.63	362.5	5.39	177.1	0	0	9.68	0.43	0	0.214	0.269	0.243	0.417	0.372	-496.6	NA	-0.1	0.795	1.81	1.958	3.773	3.503	20.05	19.5	19	17.6	16.6	0.682
2026-03-07 15:15:00	-91.2337	31.9498	0	25.78	24.7	84.32933674062865	101.57	2.624	361.8	5.15	183.2	0	0	8.42	0.48	0	0.214	0.269	0.242	0.417	0.372	-494.5	NA	-0.1	0.795	1.811	1.959	3.774	3.499	20.05	19.5	19	17.6	16.7	0.676
2026-03-07 15:30:00	-91.2337	31.9498	0	25.88	25.1	83.15823654801429	101.59	2.65	321.6	4.52	189.4	0	0	7.49	0.54	0	0.214	0.269	0.242	0.417	0.373	-495.8	NA	-0.1	0.795	1.812	1.956	3.766	3.498	20.15	19.5	19	17.6	16.7	0.673
2026-03-07 15:45:00	-91.2337	31.9498	0	27.32	25.7	80.18686867574378	101.59	2.648	483	5.11	193.3	0	0	9.06	0.65	0	0.214	0.269	0.242	0.417	0.373	-495.6	NA	-0.1	0.795	1.812	1.957	3.767	3.49	20.15	19.5	19	17.6	16.7	0.664
2026-03-07 16:00:00	-91.2337	31.9498	0	25.31	25.3	79.0429853472544	101.63	2.549	213.9	4.02	204.1	0	0	6.79	0.68	0	0.214	0.269	0.242	0.417	0.373	-495.9	NA	-0.1	0.797	1.817	1.953	3.768	3.491	20.25	19.5	19	17.6	16.7	0.69
2026-03-07 16:15:00	-91.2337	31.9498	0	26.43	25.7	77.79458671751728	101.65	2.569	266.1	3.89	201.9	0	0	6.99	0.74	0	0.214	0.269	0.242	0.417	0.373	-494.4	NA	-0.1	0.796	1.817	1.954	3.767	3.491	20.299999999999997	19.5	19	17.6	16.7	0.69
2026-03-07 16:30:00	-91.2337	31.9498	0	28.76	26.5	75.96584157845518	101.64	2.63	524	4.09	194.6	0	0	8.17	0.83	0	0.214	0.268	0.242	0.417	0.373	-493.1	NA	-0.1	0.798	1.818	1.954	3.759	3.492	20.299999999999997	19.5	19	17.700000000000003	16.7	0.651
2026-03-07 16:45:00	-91.2337	31.9498	0	27.15	26.6	72.33261857890723	101.62	2.519	408.9	6.01	200.4	0	0	10.88	0.96	0	0.214	0.268	0.241	0.417	0.373	-494.8	NA	-0.1	0.798	1.818	1.956	3.76	3.492	20.4	19.6	19	17.700000000000003	16.7	0.666
2026-03-07 17:00:00	-91.2337	31.9498	0	29.82	27.3	71.57081845990882	101.63	2.597	596.2	4.66	203.7	0	0	8.24	1.04	0	0.214	0.268	0.241	0.416	0.373	-494.8	NA	-0.1	0.796	1.819	1.952	3.754	3.494	20.450000000000003	19.6	19	17.700000000000003	16.7	0.65
2026-03-07 17:15:00	-91.2337	31.9498	0	27.83	27.1	70.82487567674208	101.62	2.54	408.7	4.96	197	0	0	8.57	1.05	0	0.214	0.268	0.241	0.416	0.373	-494.6	NA	-0.1	0.798	1.821	1.954	3.755	3.494	20.549999999999997	19.6	19	17.700000000000003	16.7	0.662
2026-03-07 17:30:00	-91.2337	31.9498	0	28.97	27.4	69.12579400239444	101.61	2.523	463.7	4.28	192.8	0	0	7.22	1.12	0	0.214	0.267	0.241	0.416	0.373	-494.8	NA	-0.1	0.798	1.821	1.95	3.755	3.495	20.6	19.6	19	17.700000000000003	16.7	0.656
2026-03-07 17:45:00	-91.2337	31.9498	0	27.27	27.7	67.27863787831363	101.58	2.499	273.2	4.63	192	0	0	7.69	1.21	0	0.214	0.267	0.24	0.416	0.373	-495.8	NA	-0.1	0.797	1.818	1.951	3.748	3.495	20.7	19.7	19	17.700000000000003	16.7	0.654
2026-03-07 18:00:00	-91.2337	31.9498	0	31.7	26.7	72.87896343027745	101.57	2.553	847.3	4.71	193.2	0	0	8.54	0.95	0	0.214	0.267	0.24	0.416	0.373	-495.4	NA	-0.1	0.797	1.819	1.952	3.748	3.496	20.8	19.7	19	17.700000000000003	16.7	0.633
2026-03-07 18:15:00	-91.2337	31.9498	0	33.48	28.2	70.10667897110551	101.53	2.681	809.3	4.13	192.6	0	0	7.82	1.15	0	0.214	0.267	0.24	0.416	0.373	-497.3	NA	-0.1	0.797	1.82	1.949	3.749	3.496	20.8	19.8	19	17.700000000000003	16.7	0.626
2026-03-07 18:30:00	-91.2337	31.9498	0	32.42	28.7	66.37448847234495	101.48	2.613	717.3	4.84	207.5	0	0	8.16	1.33	0	0.213	0.266	0.24	0.416	0.373	-497.3	NA	-0.1	0.799	1.821	1.949	3.742	3.496	20.95	19.8	19	17.700000000000003	16.7	0.635
2026-03-07 18:45:00	-91.2337	31.9498	0	34.39	28.9	65.45996086358426	101.44	2.607	908.4	5.14	188.9	15	2	8.37	1.37	0	0.213	0.266	0.24	0.416	0.373	-497.7	NA	-0.1	0.797	1.823	1.946	3.744	3.496	21.05	19.8	19	17.700000000000003	16.7	0.629
2026-03-07 19:00:00	-91.2337	31.9498	0	27.91	27.9	66.65820270037246	101.42	2.505	266	4.31	184.8	12	4	7.44	1.26	0	0.213	0.265	0.239	0.416	0.373	-499.9	NA	-0.1	0.797	1.828	1.948	3.738	3.497	21.1	19.9	19	17.700000000000003	16.7	0.682
2026-03-07 19:15:00	-91.2337	31.9498	0	26.98	27.7	66.4171267090035	101.39	2.467	188.1	3.45	196.2	20	4	5.97	1.25	0	0.213	0.265	0.239	0.416	0.372	-501.2	NA	-0.1	0.8	1.828	1.944	3.738	3.497	21.2	19.9	19	17.700000000000003	16.7	0.688
2026-03-07 19:30:00	-91.2337	31.9498	0	25.84	27.6	66.69768284410272	101.36	2.463	122.1	3.67	184.3	20	2	7.14	1.23	0	0.213	0.265	0.239	0.416	0.372	-499.7	NA	-0.1	0.8	1.824	1.945	3.738	3.497	21.3	20	19	17.700000000000003	16.7	0.705
2026-03-07 19:45:00	-91.2337	31.9498	0	25.1	27.4	66.16678260633475	101.33	2.415	87.2	2.98	177.1	0	0	5.76	1.23	0	0.213	0.265	0.239	0.416	0.373	-501.5	NA	-0.1	0.802	1.828	1.945	3.737	3.496	21.4	20	19	17.700000000000003	16.7	0.706
2026-03-07 20:00:00	-91.2337	31.9498	0.068	24.04	27.2	66.2806384975544	101.32	2.391	35.7	2.83	192.4	17	4	4.42	1.21	0	0.213	0.265	0.239	0.416	0.373	-501.6	NA	-0.1	0.801	1.827	1.94	3.736	3.496	21.45	20.1	19.1	17.700000000000003	16.7	0.723
2026-03-07 20:15:00	-91.2337	31.9498	0.034	23.86	26.4	70.51652543754486	101.33	2.427	48	1.31	218.8	10	8	2.81	1.02	0	0.213	0.265	0.239	0.416	0.373	-502.6	NA	-0.1	0.799	1.826	1.941	3.743	3.496	21.45	20.1	19.1	17.700000000000003	16.7	0.725
2026-03-07 20:30:00	-91.2337	31.9498	0	24.52	26.2	72.05884779837417	101.3	2.451	84.8	0.91	236.7	11	9	2.42	0.95	0	0.213	0.265	0.239	0.416	0.373	-501.9	NA	-0.1	0.801	1.825	1.941	3.75	3.504	21.5	20.2	19.1	17.700000000000003	16.7	0.715
2026-03-07 20:45:00	-91.2337	31.9498	0.255	24.02	26	74.34314244556619	101.27	2.499	51.8	1.65	336	6	16	4.41	0.86	0	0.213	0.265	0.239	0.416	0.373	-502.2	NA	-0.1	0.799	1.825	1.941	3.747	3.504	21.5	20.2	19.1	17.700000000000003	16.7	0.739
2026-03-07 21:00:00	-91.2337	31.9498	0.102	22.99	24.8	78.78002217805201	101.27	2.466	53.1	2.01	329.1	6	24	6.48	0.67	0	0.213	0.266	0.239	0.416	0.373	-501.6	NA	-0.1	0.799	1.829	1.941	3.746	3.503	21.5	20.2	19.1	17.700000000000003	16.7	0.746
2026-03-07 21:15:00	-91.2337	31.9498	5.557	21.49	22.5	88.01771750744777	101.31	2.399	36.3	4.04	214.2	4	95	20.18	0.32	0.08	0.217	0.266	0.239	0.416	0.373	-497	NA	-0.1	0.809	1.827	1.94	3.756	3.511	21.450000000000003	20.3	19.2	17.700000000000003	16.7	0.783
2026-03-07 21:30:00	-91.2337	31.9498	0.323	20.77	19.9	94.02517301351004	101.31	2.185	21.7	2.05	208.9	5	47	7.1	0.14	0.005	0.254	0.268	0.239	0.416	0.373	-360.2	NA	-0.1	0.86	1.846	1.944	3.757	3.503	21.5	20.3	19.2	17.700000000000003	16.7	0.803
2026-03-07 21:45:00	-91.2337	31.9498	0.204	20.71	20	96.0106907544768	101.34	2.245	9.1	1.74	49.4	3	43	3.64	0.09	0	0.249	0.269	0.239	0.416	0.373	-355.3	NA	-0.1	0.865	1.835	1.938	3.756	3.503	21.5	20.3	19.2	17.700000000000003	16.7	0.9
2026-03-07 22:00:00	-91.2337	31.9498	0.034	21.02	20.2	95.25267037495394	101.32	2.255	0.8	2.22	332.3	1	58	4.87	0.1	0	0.246	0.269	0.239	0.416	0.373	-359.2	NA	-0.1	0.863	1.834	1.937	3.764	3.503	21.45	20.3	19.2	17.700000000000003	16.7	NA
2026-03-07 22:15:00	-91.2337	31.9498	1.072	21.05	20.4	96.83702932384661	101.33	2.321	4.2	2.84	343.3	1	57	4.55	0.08	0.009	0.245	0.269	0.239	0.416	0.373	-360.5	NA	-0.1	0.862	1.837	1.937	3.762	3.527	21.4	20.3	19.3	17.700000000000003	16.7	NA
2026-03-07 22:30:00	-91.2337	31.9498	0.953	20	19.6	98.94757947275754	101.34	2.257	2.2	3.94	354	1	38	10.22	0.02	0.011	0.244	0.27	0.239	0.416	0.373	-359.9	NA	-0.1	0.863	1.835	1.943	3.762	3.517	21.35	20.3	19.3	17.700000000000003	16.7	NA
2026-03-07 22:45:00	-91.2337	31.9498	4.779	18.5	18	99.27377514179028	101.39	2.049	7.4	3.6	20.9	3	9	8.21	0.01	0.008	0.244	0.27	0.238	0.417	0.373	-359.1	NA	-0.1	0.918	1.835	1.945	3.76	3.506	21.25	20.3	19.3	17.700000000000003	16.8	NA
2026-03-07 23:00:00	-91.2337	31.9498	11.681	17.94	17.5	97.35063400087388	101.43	1.947	1.2	3.84	28.9	10	18	10.55	0.05	0.004	0.331	0.289	0.24	0.417	0.373	-119.3	NA	-0.1	0.991	2.052	2.007	3.756	3.488	21.2	20.4	19.3	17.700000000000003	16.8	NA
2026-03-07 23:15:00	-91.2337	31.9498	5.83	17.51	17	98.05290910033305	101.54	1.9	0	2.89	60.4	6	9	5.65	0.04	0.007	0.371	0.356	0.252	0.417	0.373	-10	NA	-0.1	1.012	1.956	2.321	3.748	3.493	21.1	20.4	19.4	17.75	16.8	NA
2026-03-07 23:30:00	-91.2337	31.9498	1.43	17.65	17	97.48523436343639	101.56	1.889	0	2.85	86.2	6	4	7.22	0.05	0.006	0.379	0.376	0.294	0.417	0.374	-0.2	NA	-0.1	1.026	1.848	2.285	3.748	3.484	21	20.5	19.4	17.799999999999997	16.8	NA
2026-03-07 23:45:00	-91.2337	31.9498	0.562	17.35	16.6	98.82740371633366	101.62	1.867	0	2.45	80.4	10	1	4.91	0.03	0.004	0.382	0.381	0.311	0.417	0.379	-0.2	NA	-0.1	1.03	1.814	2.211	3.744	3.448	20.85	20.5	19.5	17.799999999999997	16.8	NA
2026-03-08 00:00:00	-91.2337	31.9498	2.123	17.32	16.6	97.87459532485322	101.61	1.849	0	2.69	60.4	14	3	5.32	0.04	0.005	0.382	0.383	0.316	0.417	0.402	-0.2	NA	-0.1	1.035	1.805	2.194	3.738	3.213	20.75	20.4	19.5	17.799999999999997	16.8	NA
2026-03-08 00:15:00	-91.2337	31.9498	1.021	17.2	16.6	98.0333967234333	101.58	1.852	0	2.57	69.1	5	4	4.48	0.04	0.002	0.39	0.383	0.323	0.419	0.416	-0.2	NA	-0.1	1.053	1.803	2.181	3.74	3.164	20.6	20.4	19.5	17.799999999999997	16.8	NA
2026-03-08 00:30:00	-91.2337	31.9498	0.545	17.25	16.6	98.35099952059345	101.61	1.858	0	1.92	93	1	2	3.55	0.03	0.003	0.392	0.377	0.328	0.423	0.431	-0.2	NA	-0.1	1.073	1.839	2.194	3.742	3.39	20.5	20.3	19.6	17.799999999999997	16.8	NA
2026-03-08 00:45:00	-91.2337	31.9498	0.494	17.24	16.6	97.9804629239066	101.56	1.851	0	2.23	92.1	1	1	4.58	0.04	0.003	0.393	0.375	0.329	0.438	0.433	-0.2	NA	-0.1	1.08	1.844	2.186	3.622	3.836	20.4	20.3	19.6	17.85	16.8	NA
2026-03-08 01:00:00	-91.2337	31.9498	0.187	17.27	16.5	98.871931243099	101.56	1.856	0	1.91	78	0	0	3.35	0.02	0.004	0.393	0.375	0.33	0.442	0.435	-0.2	NA	-0.1	1.084	1.853	2.18	3.57	3.826	20.3	20.2	19.7	17.9	16.8	NA
2026-03-08 01:15:00	-91.2337	31.9498	0	17.3	16.6	98.40393332012013	101.54	1.859	0	1.68	99	0	0	3.09	0.02	0	0.394	0.374	0.331	0.442	0.436	-0.2	NA	-0.1	1.086	1.856	2.182	3.569	3.806	20.2	20.2	19.7	17.950000000000003	16.8	NA
2026-03-08 01:30:00	-91.2337	31.9498	0	17.5	16.7	98.51696936436079	101.52	1.873	0	1.83	95.4	0	0	3.42	0.03	0	0.393	0.374	0.331	0.439	0.438	-0.2	NA	-0.1	1.084	1.856	2.188	3.606	3.773	20.15	20.1	19.7	17.950000000000003	16.8	NA
2026-03-08 01:45:00	-91.2337	31.9498	0.068	17.51	16.9	98.41683396176495	101.51	1.895	0	1.82	99.1	0	0	3.13	0.03	0	0.392	0.374	0.331	0.439	0.44	-0.2	NA	-0.1	1.089	1.855	2.19	3.633	3.763	20.1	20	19.6	17.950000000000003	16.8	NA
2026-03-08 02:00:00	-91.2337	31.9498	0	17.43	17	98.51737024870305	101.5	1.909	0	1.6	68.8	0	0	3.02	0.03	0	0.391	0.373	0.33	0.438	0.441	-0.2	NA	-0.1	1.089	1.859	2.192	3.663	3.75	20	20	19.6	17.9	16.8	NA
2026-03-08 02:15:00	-91.2337	31.9498	0	17.62	17	98.98183139707304	101.53	1.918	0	1.44	66.1	0	0	2.54	0.02	0	0.391	0.373	0.33	0.439	0.441	-0.2	NA	-0.1	1.09	1.859	2.193	3.711	3.75	20	19.9	19.6	17.9	16.8	NA
2026-03-08 02:30:00	-91.2337	31.9498	0	17.57	17	99.39468575117971	101.54	1.926	0	1.45	102.8	0	0	2.36	0.01	0	0.39	0.373	0.33	0.439	0.441	-0.2	NA	-0.1	1.088	1.86	2.195	3.769	3.758	19.950000000000003	19.9	19.6	17.9	16.8	NA
2026-03-08 02:45:00	-91.2337	31.9498	0	17.45	16.9	99.45553405634823	101.54	1.915	0	1.3	98.7	0	0	2.73	0.01	0	0.39	0.373	0.329	0.44	0.441	-0.2	NA	-0.1	1.087	1.86	2.198	3.795	3.759	19.9	19.9	19.5	17.9	16.8	NA
2026-03-08 03:00:00	-91.2337	31.9498	0.545	17.51	16.9	99.3516640468899	101.55	1.913	0	0.68	89.5	0	0	1.66	0.01	0.005	0.39	0.373	0.329	0.44	0.441	-0.2	NA	-0.1	1.085	1.862	2.196	3.799	3.785	19.9	19.8	19.5	17.9	16.8	NA
2026-03-08 03:15:00	-91.2337	31.9498	0.374	17.49	16.9	99.66327407526488	101.59	1.919	0	1.01	138.7	0	0	1.74	0.01	0.007	0.39	0.373	0.328	0.441	0.441	-0.2	NA	-0.1	1.084	1.861	2.199	3.794	3.785	19.85	19.8	19.5	17.9	16.8	NA
2026-03-08 03:30:00	-91.2337	31.9498	0.426	17.56	17	99.23986536838972	101.65	1.923	0	1.63	164.4	0	0	2.83	0.02	0.007	0.391	0.374	0.328	0.441	0.441	-0.2	NA	-0.1	1.083	1.859	2.204	3.79	3.783	19.85	19.8	19.4	17.9	16.8	NA
2026-03-08 03:45:00	-91.2337	31.9498	0.187	17.53	17	99.54950613396971	101.66	1.929	0	1.52	159.2	0	0	2.57	0.01	0	0.391	0.374	0.329	0.441	0.441	-0.2	NA	-0.1	1.082	1.859	2.205	3.793	3.783	19.8	19.7	19.4	17.9	16.8	NA
2026-03-08 04:00:00	-91.2337	31.9498	0.102	17.55	17	99.60111292823305	101.68	1.93	0	1.78	158.8	0	0	2.95	0.01	0	0.391	0.374	0.33	0.442	0.441	-0.2	NA	-0.1	1.083	1.86	2.199	3.787	3.783	19.75	19.7	19.4	17.9	16.8	NA
2026-03-08 04:15:00	-91.2337	31.9498	0.289	17.51	16.9	99.92294909891069	101.66	1.924	0	1.5	134.9	0	0	2.5	0	0.003	0.392	0.373	0.331	0.442	0.441	-0.2	NA	-0.1	1.083	1.86	2.196	3.782	3.783	19.75	19.7	19.4	17.9	16.8	NA
2026-03-08 04:30:00	-91.2337	31.9498	0.272	17.47	16.9	99.71520907999404	101.65	1.92	0	1.64	140.4	0	0	3.16	0	0.003	0.392	0.373	0.331	0.442	0.441	-0.2	NA	-0.1	1.08	1.866	2.194	3.777	3.774	19.75	19.6	19.4	17.9	16.8	NA
2026-03-08 04:45:00	-91.2337	31.9498	0.238	17.46	16.9	99.66327407526488	101.59	1.919	0	2.02	126.2	0	0	5.33	0	0.003	0.392	0.373	0.331	0.443	0.441	-0.2	NA	-0.1	1.078	1.866	2.194	3.772	3.775	19.65	19.6	19.4	17.9	16.8	NA
2026-03-08 05:00:00	-91.2337	31.9498	0.102	17.5	16.9	99.81907908945236	101.56	1.922	0	2.3	119.1	0	0	4.38	0	0	0.392	0.373	0.332	0.443	0.441	-0.2	NA	-0.1	1.078	1.865	2.191	3.765	3.783	19.65	19.6	19.3	17.9	16.8	NA
2026-03-08 05:15:00	-91.2337	31.9498	0.068	17.53	17	99.60111292823305	101.58	1.93	0	2.22	142.8	0	0	4.15	0	0	0.392	0.373	0.332	0.444	0.441	-0.2	NA	-0.1	1.081	1.866	2.195	3.756	3.792	19.65	19.6	19.3	17.9	16.8	NA
2026-03-08 05:30:00	-91.2337	31.9498	0.068	17.5	17	99.80754010528638	101.61	1.934	0	1.81	153.2	0	0	2.98	0	0	0.392	0.373	0.332	0.444	0.441	-0.2	NA	-0.1	1.076	1.871	2.194	3.748	3.8	19.6	19.6	19.3	17.9	16.8	NA
2026-03-08 05:45:00	-91.2337	31.9498	0.238	17.55	17	99.91075369381304	101.63	1.936	0	1.8	188.2	0	0	2.94	0	0.002	0.392	0.373	0.332	0.445	0.441	-0.2	NA	-0.1	1.077	1.867	2.195	3.74	3.792	19.549999999999997	19.5	19.3	17.9	16.8	NA
2026-03-08 06:00:00	-91.2337	31.9498	1.055	17.75	17.2	99.31586414359089	101.69	1.949	0	1.87	223.9	0	0	3.19	0.01	0.004	0.392	0.373	0.332	0.446	0.441	-0.2	NA	-0.1	1.077	1.867	2.195	3.73	3.792	19.549999999999997	19.5	19.3	17.9	16.8	NA
2026-03-08 06:15:00	-91.2337	31.9498	1.226	17.53	17.1	99.94650051729349	101.56	1.949	0	1.62	129	0	0	3.46	0	0.004	0.393	0.374	0.334	0.446	0.441	-0.2	NA	-0.1	1.087	1.865	2.192	3.73	3.791	19.549999999999997	19.5	19.3	17.9	16.9	NA
2026-03-08 06:30:00	-91.2337	31.9498	0	17.41	17	100	101.56	1.94	0	1.32	142.7	0	0	2.77	0	0	0.394	0.375	0.338	0.448	0.441	-0.2	NA	-0.1	1.09	1.863	2.176	3.701	3.781	19.450000000000003	19.5	19.3	17.9	16.9	NA
2026-03-08 06:45:00	-91.2337	31.9498	0	17.35	17	99.75593331102306	101.54	1.933	0	1.74	155.6	0	0	3.08	0	0	0.395	0.375	0.338	0.45	0.441	-0.2	NA	-0.1	1.088	1.866	2.176	3.671	3.78	19.450000000000003	19.5	19.3	17.9	16.9	NA
2026-03-08 07:00:00	-91.2337	31.9498	0	17.23	16.9	99.87101409418153	101.49	1.923	0	1.27	114.6	0	0	2.1	0	0	0.395	0.375	0.338	0.451	0.441	-0.2	NA	-0.1	1.088	1.867	2.176	3.655	3.78	19.450000000000003	19.4	19.3	17.95	16.9	NA
2026-03-08 07:15:00	-91.2337	31.9498	0	17.45	17.1	99.58753412241352	101.46	1.942	0	1.37	130.7	0	0	3.45	0.01	0	0.395	0.375	0.338	0.451	0.441	-0.2	NA	-0.1	1.088	1.867	2.178	3.646	3.781	19.450000000000003	19.4	19.2	17.95	16.9	NA
2026-03-08 07:30:00	-91.2337	31.9498	0	17.61	17.2	99.62160820970763	101.42	1.955	0	1.56	139.4	0	0	2.85	0	0	0.395	0.375	0.338	0.452	0.441	-0.2	NA	-0.1	1.088	1.868	2.179	3.641	3.771	19.35	19.4	19.2	17.95	16.9	NA
2026-03-08 07:45:00	-91.2337	31.9498	0.119	17.69	17.2	100	101.43	1.963	0	1.76	163.1	0	0	3.09	0	0	0.395	0.375	0.337	0.452	0.441	-0.2	NA	-0.1	1.089	1.869	2.18	3.637	3.771	19.35	19.4	19.2	17.95	16.9	NA
2026-03-08 08:00:00	-91.2337	31.9498	0.323	17.73	17.3	99.75305507389353	101.47	1.97	0	1.35	193.3	0	0	2.17	0	0.002	0.395	0.375	0.337	0.452	0.441	-0.1	NA	-0.1	1.088	1.868	2.18	3.633	3.771	19.35	19.4	19.2	17.95	16.9	NA
2026-03-08 08:15:00	-91.2337	31.9498	0.34	17.8	17.4	99.77874634588949	101.46	1.983	0	1.58	181.9	0	0	2.63	0	0.005	0.395	0.375	0.337	0.453	0.441	-0.1	NA	-0.1	1.091	1.867	2.18	3.63	3.771	19.35	19.3	19.2	17.95	16.9	NA
2026-03-08 08:30:00	-91.2337	31.9498	0	17.77	17.4	100	101.44	1.989	0	1.44	166.4	0	0	2.53	0	0	0.395	0.375	0.338	0.453	0.441	-0.1	NA	-0.1	1.089	1.871	2.176	3.627	3.763	19.35	19.3	19.2	18	16.9	NA
2026-03-08 08:45:00	-91.2337	31.9498	0.017	17.66	17.4	99.62779514113019	101.39	1.98	0	1.07	140.4	0	0	2.22	0.01	0	0.395	0.375	0.339	0.453	0.441	-0.1	NA	-0.1	1.087	1.871	2.179	3.624	3.763	19.35	19.3	19.1	18	16.9	NA
2026-03-08 09:00:00	-91.2337	31.9498	0.034	17.56	17.4	99.62779514113019	101.35	1.98	0	0.69	111.4	0	0	1.43	0	0	0.395	0.375	0.339	0.453	0.441	-0.1	NA	-0.1	1.087	1.871	2.179	3.622	3.762	19.299999999999997	19.3	19.1	18	16.9	NA
2026-03-08 09:15:00	-91.2337	31.9498	0.068	17.59	17.4	99.62779514113019	101.31	1.98	0	1.01	126.9	0	0	1.91	0	0	0.395	0.375	0.339	0.453	0.441	-0.1	NA	-0.1	1.087	1.871	2.178	3.619	3.762	19.25	19.3	19.1	18	16.9	NA
2026-03-08 09:30:00	-91.2337	31.9498	0.017	17.84	17.5	99.35064702605875	101.36	1.987	0	1.98	12.9	0	0	4.93	0.01	0	0.395	0.375	0.339	0.454	0.441	-0.1	NA	-0.1	1.088	1.87	2.176	3.617	3.763	19.25	19.3	19.1	18	16.9	NA
2026-03-08 09:45:00	-91.2337	31.9498	0	18.06	17.5	99.75064963109573	101.39	1.995	0	1.95	21.6	0	0	4.14	0	0	0.395	0.375	0.339	0.454	0.441	-0.1	NA	-0.1	1.088	1.87	2.174	3.615	3.753	19.25	19.3	19.1	18	16.9	NA
2026-03-08 10:00:00	-91.2337	31.9498	0	18	17.4	99.82906341414258	101.32	1.984	0	1.29	68.5	0	0	2.77	0	0	0.395	0.375	0.34	0.454	0.441	-0.1	NA	-0.1	1.088	1.872	2.172	3.612	3.754	19.25	19.2	19.1	18	16.9	NA
2026-03-08 10:15:00	-91.2337	31.9498	0	17.93	17.4	100	101.28	1.99	0	1.59	99.2	0	0	2.52	0	0	0.395	0.375	0.34	0.454	0.441	-0.1	NA	-0.1	1.088	1.876	2.174	3.61	3.754	19.25	19.2	19.1	18	16.9	NA
2026-03-08 10:30:00	-91.2337	31.9498	0	17.98	17.4	100	101.33	1.993	0	0.81	180.4	0	0	1.83	0	0	0.395	0.375	0.341	0.454	0.441	-0.1	NA	-0.1	1.088	1.876	2.168	3.608	3.755	19.25	19.2	19	18	16.9	NA
2026-03-08 10:45:00	-91.2337	31.9498	0	18.12	17.5	99.75064963109573	101.39	1.995	0	0.42	229.2	0	0	1.02	0	0	0.395	0.375	0.341	0.454	0.441	-0.1	NA	-0.1	1.088	1.876	2.171	3.606	3.754	19.25	19.2	19	18	16.9	NA
2026-03-08 11:00:00	-91.2337	31.9498	0	18.21	17.6	99.71944688211538	101.42	2.007	0	0.86	18.3	0	0	1.41	0	0	0.395	0.375	0.341	0.454	0.441	-0.1	NA	-0.1	1.088	1.876	2.168	3.603	3.754	19.25	19.2	19	18	16.9	NA
2026-03-08 11:15:00	-91.2337	31.9498	0	18.2	17.6	99.71944688211538	101.44	2.007	0	0.55	40.5	0	0	1.31	0	0	0.395	0.375	0.342	0.455	0.441	-0.1	NA	-0.1	1.089	1.876	2.166	3.601	3.754	19.25	19.2	19	18	16.9	NA
2026-03-08 11:30:00	-91.2337	31.9498	0	18.23	17.6	99.91819017435677	101.46	2.011	0	0.41	64.3	0	0	1.17	0	0	0.395	0.375	0.342	0.455	0.441	-0.1	NA	-0.1	1.089	1.876	2.165	3.6	3.754	19.25	19.2	19	18	16.9	NA
2026-03-08 11:45:00	-91.2337	31.9498	0	18.22	17.6	99.8685043512964	101.5	2.01	0	0.95	356.8	0	0	1.93	0	0	0.395	0.375	0.342	0.455	0.441	-0.1	NA	-0.1	1.088	1.876	2.163	3.59	3.753	19.200000000000003	19.2	19	18	16.9	NA
2026-03-08 12:00:00	-91.2337	31.9498	0	18.18	17.5	100	101.51	2.003	0	1.06	19.4	0	0	2.2	0	0	0.395	0.375	0.343	0.455	0.441	-0.1	NA	-0.1	1.089	1.876	2.162	3.588	3.755	19.200000000000003	19.2	19	18	16.9	NA
2026-03-08 12:15:00	-91.2337	31.9498	0	18.17	17.5	100	101.54	2.001	0	1.06	24.4	0	0	1.66	0	0	0.395	0.375	0.343	0.455	0.441	-0.1	NA	-0.1	1.087	1.881	2.161	3.587	3.754	19.200000000000003	19.1	19	18	16.9	NA
2026-03-08 12:30:00	-91.2337	31.9498	0	18.15	17.5	99.90065060798459	101.55	1.998	0	1.04	24.1	0	0	1.96	0	0	0.395	0.375	0.343	0.455	0.441	-0.1	NA	-0.1	1.092	1.88	2.165	3.585	3.754	19.200000000000003	19.1	19	18	16.9	NA
2026-03-08 12:45:00	-91.2337	31.9498	0.017	18.14	17.4	100	101.56	1.991	0	1.08	21.1	0	0	1.75	0	0	0.394	0.375	0.343	0.455	0.441	-0.1	NA	-0.1	1.09	1.88	2.165	3.584	3.761	19.200000000000003	19.1	18.9	18	17	NA
2026-03-08 13:00:00	-91.2337	31.9498	0.034	18.27	17.5	99.75064963109573	101.58	1.995	5.3	0.92	26.7	0	0	2.32	0	0	0.394	0.376	0.343	0.455	0.441	-0.1	NA	-0.1	1.091	1.879	2.166	3.582	3.752	19.200000000000003	19.1	18.9	18	17	NA
2026-03-08 13:15:00	-91.2337	31.9498	0.051	18.4	17.4	100	101.59	1.989	16.1	1.08	29	0	0	2.74	0	0.005	0.394	0.376	0.343	0.456	0.441	-0.1	NA	-0.1	1.092	1.877	2.165	3.58	3.752	19.200000000000003	19.1	18.9	18	17	NA
2026-03-08 13:30:00	-91.2337	31.9498	0.017	18.59	17.4	100	101.6	1.988	20.2	0.7	44.1	0	0	1.63	0	0	0.394	0.376	0.343	0.456	0.441	-0.1	NA	-0.1	1.092	1.881	2.165	3.58	3.752	19.200000000000003	19.1	18.9	18	17	0.892
2026-03-08 13:45:00	-91.2337	31.9498	0.017	18.57	17.4	99.98001461890188	101.62	1.987	20.1	0.95	25.9	0	0	1.97	0	0	0.394	0.376	0.343	0.456	0.441	-0.1	NA	-0.1	1.094	1.878	2.164	3.578	3.751	19.200000000000003	19.1	18.9	18	17	0.815
2026-03-08 14:00:00	-91.2337	31.9498	0	18.63	17.4	100	101.64	1.989	23.8	0.95	21.8	0	0	1.91	0	0	0.394	0.376	0.343	0.456	0.442	-0.1	NA	-0.1	1.094	1.882	2.169	3.577	3.751	19.200000000000003	19.1	18.9	18	17	0.847
2026-03-08 14:15:00	-91.2337	31.9498	0	18.71	17.4	99.92969755064877	101.66	1.986	27.7	1.2	21	0	0	2.49	0	0	0.394	0.376	0.343	0.456	0.442	-0.1	NA	-0.1	1.094	1.881	2.169	3.576	3.751	19.200000000000003	19.1	18.9	18	17	0.8
2026-03-08 14:30:00	-91.2337	31.9498	0.068	18.67	17.4	99.77874634588949	101.67	1.983	29.9	1.43	20	0	0	2.68	0	0	0.394	0.376	0.343	0.456	0.442	-0.1	NA	-0.1	1.095	1.879	2.169	3.575	3.751	19.200000000000003	19.1	18.9	18	17	0.775
2026-03-08 14:45:00	-91.2337	31.9498	0.119	18.68	17.3	100	101.67	1.978	34.3	1.45	18.5	0	0	2.27	0	0	0.393	0.377	0.343	0.456	0.441	-0.1	NA	-0.1	1.099	1.878	2.169	3.574	3.751	19.200000000000003	19.1	18.9	18	17	0.792
2026-03-08 15:00:00	-91.2337	31.9498	0.085	19.51	17.1	100	101.68	1.951	119.9	1.51	24.2	0	0	3.42	0	0	0.393	0.377	0.343	0.456	0.441	-0.1	NA	-0.1	1.095	1.877	2.169	3.572	3.751	19.200000000000003	19.1	18.9	18	17	0.738
2026-03-08 15:15:00	-91.2337	31.9498	0	21	17.2	99.72352289841322	101.68	1.957	179.9	1.07	36.2	0	0	2.47	0	0	0.393	0.377	0.343	0.456	0.442	-0.1	NA	-0.1	1.097	1.878	2.17	3.572	3.751	19.200000000000003	19.1	18.9	18	17	0.721
2026-03-08 15:30:00	-91.2337	31.9498	0	20.45	17.2	99.57065086535485	101.68	1.954	142.6	1.05	40.4	0	0	2.08	0	0	0.393	0.377	0.343	0.456	0.441	-0.1	NA	-0.1	1.1	1.878	2.17	3.571	3.752	19.200000000000003	19.1	18.8	18	17	0.733
2026-03-08 15:45:00	-91.2337	31.9498	0	21.79	17.2	99.62160820970763	101.69	1.955	230.7	1.08	45.7	0	0	2.05	0	0	0.393	0.377	0.343	0.456	0.442	-0.1	NA	-0.1	1.1	1.882	2.17	3.569	3.751	19.200000000000003	19.1	18.8	18	17	0.729
2026-03-08 16:00:00	-91.2337	31.9498	0	22.73	17.1	100	101.71	1.951	292.6	1.08	38.8	0	0	2.58	0	0	0.393	0.376	0.343	0.456	0.441	-0.1	NA	-0.1	1.099	1.883	2.169	3.567	3.751	19.25	19.1	18.8	18.05	17	0.78
2026-03-08 16:15:00	-91.2337	31.9498	0	23.79	17.2	100	101.7	1.968	370.1	1.38	25.3	0	0	3.27	0	0	0.393	0.376	0.343	0.456	0.442	-0.1	NA	-0.1	1.101	1.884	2.179	3.566	3.751	19.25	19.1	18.8	18.05	17	0.788
2026-03-08 16:30:00	-91.2337	31.9498	0	23.9	17.4	100	101.7	1.989	337.6	1.32	22.9	0	0	2.58	0	0	0.393	0.376	0.344	0.456	0.442	-0.1	NA	-0.1	1.097	1.883	2.188	3.567	3.751	19.25	19.1	18.8	18.05	17	0.87
2026-03-08 16:45:00	-91.2337	31.9498	0	24.63	17.5	99.90065060798459	101.69	1.998	386.9	1.13	57.6	0	0	2.44	0	0	0.393	0.376	0.344	0.456	0.442	-0.1	NA	-0.1	1.097	1.884	2.178	3.567	3.751	19.35	19.1	18.8	18.05	17	0.914
2026-03-08 17:00:00	-91.2337	31.9498	0	25.28	17.4	100	101.68	1.991	443.2	1.11	22.5	0	0	2.68	0	0	0.393	0.376	0.344	0.456	0.442	-0.1	NA	-0.1	1.097	1.879	2.182	3.567	3.732	19.4	19.1	18.8	18.05	17	0.92
2026-03-08 17:15:00	-91.2337	31.9498	0	25.18	17.6	100	101.69	2.014	417.8	1.18	4.8	0	0	2.56	0	0	0.393	0.376	0.344	0.456	0.442	-0.1	NA	-0.1	1.097	1.884	2.182	3.567	3.734	19.4	19.1	18.8	18.05	17	0.786
2026-03-08 17:30:00	-91.2337	31.9498	0	25.29	17.7	99.53706281043371	101.69	2.016	411.1	1.15	334.9	0	0	2.51	0	0	0.392	0.376	0.344	0.456	0.442	-0.1	NA	-0.1	1.097	1.884	2.176	3.566	3.734	19.5	19.1	18.8	18.05	17	0.706
2026-03-08 17:45:00	-91.2337	31.9498	0	23.64	17.8	100	101.7	2.043	282.4	1.37	10.4	0	0	2.81	0	0	0.392	0.376	0.344	0.456	0.442	-0.1	NA	-0.1	1.1	1.884	2.171	3.566	3.733	19.55	19.1	18.8	18.05	17	0.754
2026-03-08 18:00:00	-91.2337	31.9498	0	23.88	17.9	99.65640873861332	101.68	2.044	312.8	1.71	4.7	0	0	3.09	0	0	0.392	0.376	0.344	0.457	0.441	-0.1	NA	-0.1	1.1	1.887	2.172	3.565	3.734	19.65	19.2	18.8	18.05	17	0.755
2026-03-08 18:15:00	-91.2337	31.9498	0	25.14	19.5	99.56415423223407	101.65	2.257	387.6	1.68	8	0	0	4.12	0.01	0	0.392	0.376	0.344	0.457	0.442	-0.1	NA	-0.1	1.1	1.887	2.171	3.565	3.734	19.700000000000003	19.2	18.8	18.05	17	0.744
2026-03-08 18:30:00	-91.2337	31.9498	0	23.88	19.7	98.85812672190609	101.64	2.269	309.6	1.92	357.3	0	0	4.1	0.03	0	0.392	0.376	0.344	0.457	0.442	-0.1	NA	-0.1	1.101	1.887	2.172	3.565	3.732	19.799999999999997	19.2	18.8	18.05	17	0.747
2026-03-08 18:45:00	-91.2337	31.9498	0	24.36	19.8	97.42418046491903	101.65	2.25	326.7	1.9	347.2	0	0	3.58	0.06	0	0.392	0.376	0.344	0.457	0.442	-0.1	NA	-0.1	1.093	1.886	2.172	3.565	3.733	19.9	19.3	18.8	18.05	17	0.744
2026-03-08 19:00:00	-91.2337	31.9498	0	23.2	20	94.1289667485984	101.63	2.201	237.5	1.94	357.3	0	0	3.52	0.13	0	0.391	0.376	0.344	0.457	0.442	-0.1	NA	-0.1	1.093	1.886	2.172	3.564	3.734	19.9	19.3	18.8	18.05	17	0.747
2026-03-08 19:15:00	-91.2337	31.9498	0	22.01	20.1	91.59318520541947	101.63	2.155	146.4	1.73	353.9	0	0	3.39	0.19	0	0.391	0.376	0.344	0.457	0.442	-0.1	NA	-0.1	1.094	1.885	2.177	3.555	3.733	20	19.3	18.8	18.05	17	0.752
2026-03-08 19:30:00	-91.2337	31.9498	0	24.22	20.1	93.03827490239595	101.61	2.189	295.4	1.38	9.4	0	0	2.67	0.16	0	0.391	0.376	0.344	0.457	0.442	-0.1	NA	-0.1	1.093	1.885	2.178	3.555	3.734	20.1	19.4	18.8	18.05	17	0.743
2026-03-08 19:45:00	-91.2337	31.9498	0	25.92	20.2	95.67507689546372	101.61	2.265	409.6	1.3	351	0	0	2.94	0.1	0	0.391	0.376	0.344	0.457	0.442	-0.1	NA	-0.1	1.091	1.885	2.178	3.554	3.733	20.1	19.4	18.8	18.05	17	0.738
2026-03-08 20:00:00	-91.2337	31.9498	0	26.1	20.6	94.86710789276489	101.6	2.302	401.2	1.15	354.4	0	0	2.75	0.13	0	0.391	0.376	0.344	0.457	0.442	-0.1	NA	-0.1	1.091	1.89	2.178	3.554	3.733	20.15	19.5	18.8	18.05	17	0.737
2026-03-08 20:15:00	-91.2337	31.9498	0	26.06	20.8	93.66542001613807	101.59	2.301	377.1	1	331.7	0	0	2.59	0.16	0	0.391	0.376	0.343	0.457	0.442	-0.1	NA	-0.1	1.089	1.891	2.179	3.554	3.734	20.200000000000003	19.5	18.8	18.1	17	0.741
2026-03-08 20:30:00	-91.2337	31.9498	0	23.94	21.2	88.41323882966552	101.6	2.226	222.6	1.61	330.6	0	0	3.27	0.28	0	0.391	0.376	0.344	0.457	0.442	-0.1	NA	-0.1	1.089	1.89	2.183	3.553	3.733	20.25	19.5	18.8	18.1	17	0.749
2026-03-08 20:45:00	-91.2337	31.9498	0	23.46	21.3	86.4122728404389	101.6	2.189	213.8	2.01	327.4	0	0	3.71	0.34	0	0.39	0.376	0.343	0.457	0.442	-0.1	NA	-0.1	1.09	1.889	2.183	3.554	3.732	20.299999999999997	19.6	18.8	18.1	17	0.746
2026-03-08 21:00:00	-91.2337	31.9498	0	23.65	21.3	85.70171052379756	101.59	2.171	245.5	2.24	343.8	0	0	3.83	0.35	0	0.39	0.376	0.343	0.457	0.442	-0.1	NA	-0.1	1.089	1.889	2.183	3.552	3.732	20.4	19.6	18.9	18.1	17.1	0.746
2026-03-08 21:15:00	-91.2337	31.9498	0	24.77	21.4	86.70847040235226	101.58	2.21	283.4	1.79	5.9	0	0	3.09	0.34	0	0.39	0.376	0.343	0.457	0.442	-0.1	NA	-0.1	1.087	1.888	2.183	3.553	3.739	20.4	19.6	18.9	18.1	17.1	0.746
2026-03-08 21:30:00	-91.2337	31.9498	0	24.2	21.4	86.11995137247203	101.57	2.195	263	2	NA	0	0	3.9	0.36	0	0.39	0.376	0.343	0.457	0.442	-0.1	NA	-0.1	1.084	1.893	2.188	3.552	3.731	20.5	19.7	18.9	18.1	17.1	0.743
2026-03-08 21:45:00	-91.2337	31.9498	0	23.15	21.2	87.3011226179716	101.56	2.198	184.5	1.93	7.4	0	0	3.72	0.31	0	0.39	0.376	0.343	0.457	0.442	-0.1	NA	-0.1	1.084	1.893	2.188	3.551	3.731	20.5	19.7	18.9	18.1	17.1	0.75
2026-03-08 22:00:00	-91.2337	31.9498	0	23.38	21.1	87.63857480772636	101.56	2.193	195.4	1.82	354.3	0	0	3.05	0.31	0	0.39	0.376	0.343	0.457	0.442	-0.1	NA	-0.1	1.082	1.892	2.188	3.551	3.731	20.549999999999997	19.8	18.9	18.1	17.1	0.748
2026-03-08 22:15:00	-91.2337	31.9498	0	22.27	21.1	85.96013425053322	101.57	2.151	102	1.36	344.4	0	0	3.07	0.35	0	0.39	0.376	0.343	0.457	0.442	-0.1	NA	-0.1	1.083	1.892	2.193	3.55	3.731	20.6	19.8	18.9	18.1	17.1	0.754
2026-03-08 22:30:00	-91.2337	31.9498	0	22.26	21	85.16266198389363	101.58	2.118	96.9	0.59	351.8	0	0	1.24	0.37	0	0.39	0.376	0.343	0.457	0.442	-0.1	NA	-0.1	1.081	1.892	2.194	3.551	3.74	20.6	19.8	18.9	18.1	17.1	0.762
2026-03-08 22:45:00	-91.2337	31.9498	0	22.17	21.3	83.57002357387353	101.59	2.117	80.4	0.48	274.6	0	0	1.25	0.41	0	0.39	0.376	0.343	0.457	0.442	-0.1	NA	-0.1	1.081	1.895	2.192	3.55	3.731	20.6	19.8	19	18.1	17.1	0.763
2026-03-08 23:00:00	-91.2337	31.9498	0	21.39	21.2	83.05124995185562	101.57	2.091	66.5	0.61	156.9	0	0	1.2	0.42	0	0.39	0.376	0.343	0.457	0.442	-0.1	NA	-0.1	1.076	1.895	2.197	3.549	3.739	20.65	19.9	19	18.1	17.1	0.771
2026-03-08 23:15:00	-91.2337	31.9498	0	20.87	21.1	83.4025105443342	101.56	2.087	78.8	0.62	138.6	0	0	1.12	0.41	0	0.39	0.376	0.343	0.457	0.442	-0.1	NA	-0.1	1.071	1.895	2.192	3.549	3.739	20.65	19.9	19	18.1	17.1	0.76
2026-03-08 23:30:00	-91.2337	31.9498	0	20.04	21	83.23262998425864	101.56	2.07	47.4	0.85	165	0	0	1.78	0.41	0	0.39	0.376	0.343	0.457	0.442	-0.1	NA	-0.1	1.071	1.894	2.197	3.548	3.739	20.65	19.9	19	18.1	17.1	0.765
2026-03-08 23:45:00	-91.2337	31.9498	0	20.36	21	84.15743698408374	101.59	2.093	17.4	1.11	200.9	0	0	2.83	0.39	0	0.389	0.376	0.343	0.457	0.442	-0.1	NA	-0.1	1.072	1.894	2.198	3.549	3.739	20.65	19.9	19	18.1	17.1	0.859
2026-03-09 00:00:00	-91.2337	31.9498	0	20.15	20.8	86.50109410442998	101.59	2.125	0	1.43	175.6	0	0	2.23	0.33	0	0.389	0.376	0.343	0.457	0.442	-0.1	NA	-0.1	1.07	1.897	2.203	3.548	3.739	20.65	20	19	18.1	17.1	NA
2026-03-09 00:15:00	-91.2337	31.9498	0	19.97	20.6	88.10854764323689	101.58	2.138	0	0.81	159.6	0	0	1.54	0.29	0	0.389	0.376	0.343	0.457	0.442	-0.1	NA	-0.1	1.067	1.893	2.203	3.548	3.73	20.65	20	19	18.1	17.1	NA
2026-03-09 00:30:00	-91.2337	31.9498	0	19.61	20.5	87.53374795428707	101.57	2.111	0	0.99	110.6	0	0	2.17	0.3	0	0.389	0.376	0.343	0.457	0.442	-0.1	NA	-0.1	1.067	1.893	2.201	3.548	3.731	20.65	20	19.1	18.1	17.1	NA
2026-03-09 00:45:00	-91.2337	31.9498	0	19.15	20.4	87.24094283333187	101.57	2.091	0	0.71	130.3	0	0	2.46	0.31	0	0.389	0.376	0.343	0.457	0.442	-0.1	NA	-0.1	1.07	1.892	2.202	3.556	3.739	20.65	20	19.1	18.1	17.1	NA
2026-03-09 01:00:00	-91.2337	31.9498	0	19.26	20.2	88.91657256730734	101.58	2.105	0	0.4	113.6	0	0	0.74	0.26	0	0.389	0.376	0.343	0.457	0.442	-0.1	NA	-0.1	1.068	1.893	2.201	3.555	3.74	20.6	20	19.1	18.1	17.1	NA
2026-03-09 01:15:00	-91.2337	31.9498	0	19.18	20.2	88.36744409064464	101.57	2.092	0	0.63	104.8	0	0	0.92	0.27	0	0.389	0.376	0.343	0.457	0.442	-0.1	NA	-0.1	1.068	1.893	2.206	3.555	3.739	20.6	20	19.1	18.1	17.1	NA
2026-03-09 01:30:00	-91.2337	31.9498	0	19.27	20.1	89.213037469223	101.59	2.099	0	0.39	117.2	0	0	0.88	0.26	0	0.389	0.376	0.343	0.457	0.442	-0.1	NA	-0.1	1.066	1.892	2.206	3.554	3.739	20.6	20	19.1	18.1	17.1	NA
2026-03-09 01:45:00	-91.2337	31.9498	0	19.1	20	90.0233870994092	101.61	2.105	0	0.38	165.3	0	0	0.7	0.23	0	0.389	0.376	0.343	0.457	0.442	-0.1	NA	-0.1	1.066	1.892	2.206	3.555	3.738	20.55	20	19.1	18.1	17.1	NA
2026-03-09 02:00:00	-91.2337	31.9498	0	18.3	19.8	90.36633983568268	101.61	2.087	0	0.42	70.2	0	0	0.7	0.22	0	0.389	0.376	0.343	0.457	0.442	-0.1	NA	-0.1	1.066	1.892	2.206	3.554	3.738	20.5	20	19.1	18.1	17.1	NA
2026-03-09 02:15:00	-91.2337	31.9498	0	17.97	19.6	90.66176089927451	101.61	2.068	0	0.62	119.8	0	0	0.88	0.22	0	0.389	0.376	0.343	0.457	0.442	-0.1	NA	-0.1	1.067	1.893	2.212	3.554	3.739	20.5	20	19.1	18.1	17.1	NA
2026-03-09 02:30:00	-91.2337	31.9498	0	18.67	19.7	89.79576869715665	101.62	2.061	0	0.63	108.6	0	0	0.97	0.23	0	0.389	0.376	0.343	0.457	0.442	-0.1	NA	-0.1	1.062	1.897	2.211	3.553	3.739	20.45	20	19.2	18.1	17.1	NA
2026-03-09 02:45:00	-91.2337	31.9498	0	18.76	19.7	90.10075189991265	101.62	2.068	0	0.65	101.1	0	0	0.98	0.22	0	0.389	0.376	0.343	0.457	0.442	-0.1	NA	-0.1	1.065	1.897	2.211	3.553	3.738	20.45	20	19.2	18.1	17.1	NA
2026-03-09 03:00:00	-91.2337	31.9498	0	19.13	19.5	92.85890326045755	101.62	2.105	0	0.63	106.9	0	0	1.07	0.16	0	0.389	0.376	0.343	0.457	0.442	-0.1	NA	-0.1	1.062	1.893	2.21	3.552	3.738	20.45	20	19.2	18.1	17.1	NA
2026-03-09 03:15:00	-91.2337	31.9498	0	19.33	19.7	91.58209888472744	101.62	2.102	0	0.55	88.8	0	0	1.13	0.19	0	0.389	0.376	0.343	0.457	0.442	-0.1	NA	-0.1	1.063	1.893	2.217	3.552	3.747	20.35	20	19.2	18.1	17.1	NA
2026-03-09 03:30:00	-91.2337	31.9498	0	19.27	19.5	93.07947072663441	101.62	2.11	0	0.34	96.8	0	0	0.76	0.16	0	0.389	0.376	0.343	0.457	0.442	-0.1	NA	-0.1	1.063	1.898	2.211	3.552	3.738	20.35	19.9	19.2	18.1	17.1	NA
2026-03-09 03:45:00	-91.2337	31.9498	0	19.03	19.4	94.32576158707688	101.61	2.125	0	0.39	141.7	0	0	0.64	0.12	0	0.389	0.376	0.343	0.457	0.442	-0.1	NA	-0.1	1.064	1.898	2.217	3.552	3.747	20.35	19.9	19.2	18.1	17.1	NA
2026-03-09 04:00:00	-91.2337	31.9498	0	18.82	19.4	93.79309846282045	101.62	2.113	0	0.42	146.8	0	0	0.9	0.13	0	0.389	0.376	0.343	0.457	0.442	-0.1	NA	-0.1	1.062	1.898	2.217	3.552	3.746	20.299999999999997	19.9	19.2	18.1	17.1	NA
2026-03-09 04:15:00	-91.2337	31.9498	0	17.78	19.2	94.15894878940983	101.6	2.095	0	0.69	135	0	0	1.19	0.13	0	0.389	0.376	0.343	0.458	0.442	-0.1	NA	-0.1	1.062	1.899	2.217	3.55	3.746	20.25	19.9	19.2	18.1	17.1	NA
2026-03-09 04:30:00	-91.2337	31.9498	0	18	19.1	93.7525594547948	101.6	2.073	0	0.49	145.6	0	0	0.91	0.14	0	0.389	0.376	0.343	0.458	0.442	-0.1	NA	-0.1	1.062	1.895	2.217	3.55	3.747	20.25	19.9	19.2	18.1	17.1	NA
2026-03-09 04:45:00	-91.2337	31.9498	0	16.71	18.8	94.4185311740339	101.59	2.049	0	0.76	161	0	0	1.13	0.12	0	0.389	0.376	0.343	0.458	0.442	-0.1	NA	-0.1	1.06	1.899	2.223	3.55	3.738	20.25	19.9	19.2	18.1	17.1	NA
2026-03-09 05:00:00	-91.2337	31.9498	0	15.83	18.4	95.01648656289619	101.6	2.011	0	0.51	158.1	0	0	0.89	0.11	0	0.389	0.376	0.343	0.458	0.442	-0.1	NA	-0.1	1.06	1.9	2.223	3.55	3.745	20.200000000000003	19.9	19.2	18.1	17.1	NA
2026-03-09 05:15:00	-91.2337	31.9498	0	15.55	18.2	95.01993164910164	101.59	1.986	0	0.33	122.7	0	0	0.67	0.1	0	0.389	0.376	0.343	0.458	0.442	-0.1	NA	-0.1	1.06	1.896	2.223	3.55	3.746	20.200000000000003	19.8	19.2	18.1	17.1	NA
2026-03-09 05:30:00	-91.2337	31.9498	0	15.68	18.2	94.0630340494128	101.58	1.966	0	0.61	81.2	0	0	0.89	0.13	0	0.389	0.376	0.343	0.458	0.442	-0.1	NA	-0.1	1.058	1.897	2.223	3.549	3.745	20.15	19.8	19.2	18.1	17.1	NA
2026-03-09 05:45:00	-91.2337	31.9498	0	15.51	18	94.7194877511957	101.57	1.955	0	0.69	68.8	0	0	1.05	0.1	0	0.389	0.376	0.343	0.458	0.442	-0.1	NA	-0.1	1.061	1.901	2.224	3.549	3.744	20.1	19.8	19.2	18.1	17.1	NA
2026-03-09 06:00:00	-91.2337	31.9498	0	15.75	17.8	95.67376317520674	101.55	1.95	0	0.83	70.9	0	0	1.11	0.08	0	0.389	0.376	0.343	0.458	0.442	-0.1	NA	-0.1	1.059	1.901	2.225	3.548	3.745	20.1	19.8	19.2	18.1	17.1	NA
2026-03-09 06:15:00	-91.2337	31.9498	0	15.74	17.7	95.48843227945378	101.55	1.934	0	0.72	71.5	0	0	1.16	0.09	0	0.389	0.376	0.343	0.458	0.442	-0.1	NA	-0.1	1.057	1.897	2.224	3.548	3.744	20.049999999999997	19.8	19.2	18.1	17.1	NA
2026-03-09 06:30:00	-91.2337	31.9498	0	17.93	17.8	96.99847681917115	101.54	1.977	0	0.76	63.6	0	0	0.99	0.06	0	0.389	0.376	0.343	0.458	0.442	-0.1	NA	-0.1	1.057	1.897	2.23	3.548	3.744	20	19.8	19.2	18.1	17.1	NA
2026-03-09 06:45:00	-91.2337	31.9498	0	18.46	18	97.23888077577995	101.54	2.007	0	0.67	67.8	0	0	1.04	0.06	0	0.389	0.376	0.343	0.458	0.442	-0.1	NA	-0.1	1.055	1.898	2.23	3.548	3.743	19.950000000000003	19.7	19.2	18.1	17.2	NA
2026-03-09 07:00:00	-91.2337	31.9498	0	18.56	18.5	95.36208301544315	101.54	2.031	0	0.89	85.8	0	0	1.21	0.1	0	0.389	0.376	0.343	0.458	0.442	-0.1	NA	-0.1	1.055	1.898	2.23	3.547	3.743	19.9	19.7	19.2	18.1	17.2	NA
2026-03-09 07:15:00	-91.2337	31.9498	0	18.15	18.6	95.51348325076943	101.53	2.047	0	0.74	84.9	0	0	1.23	0.09	0	0.389	0.376	0.343	0.458	0.442	-0.1	NA	-0.1	1.055	1.898	2.23	3.547	3.742	19.9	19.7	19.2	18.1	17.2	NA
2026-03-09 07:30:00	-91.2337	31.9498	0	17.55	18.6	95.6534639296909	101.53	2.05	0	0.57	129.6	0	0	0.89	0.09	0	0.389	0.376	0.343	0.458	0.442	-0.1	NA	-0.1	1.053	1.898	2.231	3.547	3.751	19.85	19.7	19.2	18.1	17.2	NA
2026-03-09 07:45:00	-91.2337	31.9498	0	15.86	18.4	95.34722520334384	101.53	2.018	0	0.69	109.2	0	0	1.37	0.1	0	0.389	0.376	0.343	0.458	0.442	-0.1	NA	-0.1	1.053	1.9	2.231	3.547	3.743	19.85	19.6	19.2	18.1	17.2	NA
2026-03-09 08:00:00	-91.2337	31.9498	0	15.43	18.2	95.49838044894607	101.54	1.996	0	0.66	126.2	0	0	1.23	0.1	0	0.388	0.376	0.342	0.458	0.442	-0.1	NA	-0.1	1.053	1.901	2.236	3.547	3.751	19.799999999999997	19.6	19.2	18.1	17.2	NA
2026-03-09 08:15:00	-91.2337	31.9498	0	15.11	18	95.73693493420087	101.54	1.976	0	0.49	128.3	0	0	0.9	0.09	0	0.388	0.376	0.342	0.458	0.442	-0.1	NA	-0.1	1.053	1.901	2.236	3.546	3.743	19.799999999999997	19.6	19.2	18.1	17.2	NA
2026-03-09 08:30:00	-91.2337	31.9498	0	14.86	17.5	96.35062748828143	101.53	1.927	0	0.29	30	0	0	0.51	0.07	0	0.388	0.375	0.343	0.458	0.442	-0.1	NA	-0.1	1.054	1.902	2.236	3.545	3.751	19.75	19.6	19.2	18.15	17.2	NA
2026-03-09 08:45:00	-91.2337	31.9498	0	15.81	17.8	94.74155727760215	101.51	1.931	0	0.77	89.1	0	0	1.38	0.1	0	0.388	0.375	0.343	0.458	0.442	-0.1	NA	-0.1	1.054	1.905	2.241	3.544	3.75	19.75	19.6	19.2	18.15	17.2	NA
2026-03-09 09:00:00	-91.2337	31.9498	0	16.66	18.1	95.37782871020742	101.49	1.981	0	0.95	114.6	0	0	1.95	0.09	0	0.388	0.375	0.343	0.458	0.442	-0.1	NA	-0.1	1.054	1.901	2.241	3.544	3.751	19.700000000000003	19.5	19.2	18.15	17.2	NA
2026-03-09 09:15:00	-91.2337	31.9498	0	16.7	18.2	95.92898436880604	101.51	2.005	0	1.2	148.2	0	0	1.92	0.08	0	0.388	0.375	0.343	0.458	0.442	-0.1	NA	-0.1	1.052	1.906	2.241	3.545	3.75	19.65	19.5	19.2	18.15	17.2	NA
2026-03-09 09:30:00	-91.2337	31.9498	0	16.59	18	97.23888077577995	101.5	2.007	0	1.42	157.9	0	0	2.41	0.06	0	0.388	0.375	0.343	0.458	0.442	-0.1	NA	-0.1	1.052	1.907	2.241	3.544	3.752	19.65	19.5	19.2	18.15	17.2	NA
2026-03-09 09:45:00	-91.2337	31.9498	0	16.33	17.8	97.68536537530085	101.53	1.991	0	1.34	172.5	0	0	2.33	0.05	0	0.388	0.375	0.343	0.458	0.442	-0.1	NA	-0.1	1.052	1.902	2.242	3.552	3.751	19.65	19.5	19.1	18.15	17.2	NA
2026-03-09 10:00:00	-91.2337	31.9498	0	16.13	17.6	98.22887219030498	101.54	1.977	0	1.14	167.7	0	0	1.9	0.04	0	0.388	0.375	0.342	0.458	0.442	-0.1	NA	-0.1	1.052	1.903	2.242	3.552	3.751	19.549999999999997	19.5	19.1	18.15	17.2	NA
2026-03-09 10:15:00	-91.2337	31.9498	0	16.85	17.8	97.04754028746612	101.54	1.978	0	1.07	150.5	0	0	1.72	0.06	0	0.388	0.375	0.342	0.458	0.442	-0.1	NA	-0.1	1.051	1.904	2.242	3.543	3.75	19.549999999999997	19.4	19.1	18.15	17.2	NA
2026-03-09 10:30:00	-91.2337	31.9498	0	17.04	17.9	97.41365198617878	101.53	1.998	0	1.09	142.4	0	0	1.91	0.05	0	0.388	0.375	0.342	0.458	0.442	-0.1	NA	-0.1	1.051	1.904	2.242	3.551	3.751	19.549999999999997	19.4	19.1	18.15	17.2	NA
2026-03-09 10:45:00	-91.2337	31.9498	0	17.12	18	97.09353117820777	101.53	2.004	0	1.4	145.3	0	0	2.74	0.05	0	0.388	0.374	0.343	0.458	0.442	-0.1	NA	-0.1	1.051	1.905	2.247	3.542	3.75	19.450000000000003	19.4	19.1	18.15	17.2	NA
2026-03-09 11:00:00	-91.2337	31.9498	0	17.08	17.9	97.75494105720142	101.55	2.005	0	1.33	146	0	0	2.11	0.04	0	0.388	0.374	0.343	0.458	0.442	-0.1	NA	-0.1	1.051	1.906	2.247	3.55	3.75	19.450000000000003	19.4	19.1	18.200000000000003	17.2	NA
2026-03-09 11:15:00	-91.2337	31.9498	0	16.96	17.9	97.60867431247742	101.56	2.002	0	1.17	134.2	0	0	2.03	0.05	0	0.388	0.374	0.343	0.458	0.442	-0.1	NA	-0.1	1.051	1.907	2.247	3.549	3.75	19.450000000000003	19.3	19.1	18.200000000000003	17.2	NA
2026-03-09 11:30:00	-91.2337	31.9498	0.017	16.56	17.9	97.26738524145478	101.57	1.995	0	1.11	103.7	0	0	1.75	0.06	0	0.388	0.374	0.342	0.458	0.442	-0.1	NA	-0.1	1.049	1.907	2.248	3.549	3.75	19.450000000000003	19.3	19.1	18.200000000000003	17.2	NA
2026-03-09 11:45:00	-91.2337	31.9498	0	16.48	18	96.65748238549126	101.58	1.995	0	0.94	110.8	0	0	1.55	0.06	0	0.388	0.374	0.342	0.458	0.442	-0.1	NA	-0.1	1.047	1.903	2.248	3.549	3.75	19.450000000000003	19.3	19.1	18.200000000000003	17.2	NA
2026-03-09 12:00:00	-91.2337	31.9498	0	16.75	18.1	96.62963262058874	101.59	2.007	0	1.03	96.3	0	0	1.48	0.06	0	0.388	0.374	0.342	0.458	0.442	-0.1	NA	-0.1	1.051	1.908	2.248	3.549	3.75	19.35	19.3	19.1	18.200000000000003	17.2	NA
2026-03-09 12:15:00	-91.2337	31.9498	0.017	16.37	17.6	98.37792965948601	101.62	1.98	0	0.97	68.9	0	0	1.34	0.02	0	0.388	0.374	0.342	0.458	0.442	-0.1	NA	-0.1	1.048	1.908	2.253	3.548	3.75	19.35	19.3	19.1	18.200000000000003	17.2	NA
2026-03-09 12:30:00	-91.2337	31.9498	0	16.8	17.3	98.99351404541211	101.64	1.955	0.8	1.08	73.3	0	0	1.49	0.02	0	0.388	0.374	0.343	0.458	0.442	-0.1	NA	-0.1	1.046	1.904	2.253	3.548	3.75	19.35	19.3	19.1	18.200000000000003	17.2	NA
2026-03-09 12:45:00	-91.2337	31.9498	0	17.57	17.8	97.0966037557611	101.65	1.979	16.6	0.99	87.3	0	0	1.52	0.05	0	0.388	0.374	0.342	0.458	0.442	-0.1	NA	-0.1	1.049	1.905	2.254	3.541	3.749	19.35	19.2	19	18.200000000000003	17.2	0.922
2026-03-09 13:00:00	-91.2337	31.9498	0	18.86	18.2	97.60355516826151	101.68	2.04	20.9	1.05	124.4	0	0	1.86	0.05	0	0.387	0.374	0.342	0.458	0.442	-0.1	NA	-0.1	1.05	1.905	2.26	3.547	3.749	19.35	19.2	19	18.200000000000003	17.2	0.885
2026-03-09 13:15:00	-91.2337	31.9498	0	18.94	18.3	98.89479904115053	101.69	2.08	32.4	1.38	148.3	0	0	2.38	0.02	0	0.387	0.374	0.342	0.458	0.442	-0.1	NA	-0.1	1.051	1.905	2.259	3.547	3.749	19.25	19.2	19	18.200000000000003	17.2	0.822
2026-03-09 13:30:00	-91.2337	31.9498	0.306	19.73	18.5	99.40006388168051	101.7	2.117	71.9	1.51	142.3	0	0	2.57	0.01	0.009	0.387	0.374	0.342	0.458	0.442	-0.1	NA	-0.1	1.048	1.905	2.26	3.546	3.75	19.25	19.2	19	18.200000000000003	17.2	0.783
2026-03-09 13:45:00	-91.2337	31.9498	0	20.08	18.8	99.99424726581434	101.72	2.17	91.6	1.63	160.7	0	0	2.75	0.01	0	0.387	0.374	0.342	0.458	0.442	-0.1	NA	-0.1	1.048	1.905	2.26	3.546	3.749	19.25	19.2	19	18.200000000000003	17.2	0.769
2026-03-09 14:00:00	-91.2337	31.9498	0	21.3	19.2	99.77702449283524	101.74	2.22	153.8	1.98	183	0	0	3.34	0	0	0.387	0.374	0.342	0.458	0.442	-0.1	NA	-0.1	1.051	1.906	2.26	3.547	3.749	19.25	19.2	19	18.200000000000003	17.2	0.759
2026-03-09 14:15:00	-91.2337	31.9498	0	21.53	19.7	99.3809550694878	101.76	2.281	169.5	2.9	177.8	0	0	4.66	0.01	0	0.387	0.374	0.342	0.458	0.442	-0.1	NA	-0.1	1.05	1.907	2.26	3.547	3.75	19.25	19.1	19	18.200000000000003	17.2	0.76
2026-03-09 14:30:00	-91.2337	31.9498	0	21.53	19.9	99.53328383535411	101.76	2.313	167.6	3.32	182.7	0	0	5.34	0.01	0	0.386	0.374	0.342	0.458	0.442	-0.1	NA	-0.1	1.053	1.907	2.265	3.545	3.749	19.299999999999997	19.1	19	18.200000000000003	17.2	0.758
2026-03-09 14:45:00	-91.2337	31.9498	0	21.49	20	99.38924067412208	101.76	2.324	168.7	3.79	174	0	0	6.23	0.01	0	0.386	0.374	0.342	0.458	0.442	-0.1	NA	-0.1	1.053	1.908	2.26	3.546	3.75	19.299999999999997	19.1	19	18.200000000000003	17.2	0.757
2026-03-09 15:00:00	-91.2337	31.9498	0	21.7	20	99.47477358348019	101.77	2.326	171.5	3.68	176.8	0	0	5.92	0.01	0	0.386	0.374	0.342	0.458	0.442	-0.1	NA	-0.1	1.054	1.908	2.265	3.546	3.75	19.299999999999997	19.1	19	18.200000000000003	17.2	0.763
2026-03-09 15:15:00	-91.2337	31.9498	0	22.85	20.2	99.56121688415364	101.76	2.357	286.8	3.73	171.3	0	0	5.86	0	0	0.386	0.374	0.342	0.458	0.442	-0.1	NA	-0.1	1.054	1.908	2.266	3.546	3.749	19.299999999999997	19.1	19	18.200000000000003	17.2	0.75
2026-03-09 15:30:00	-91.2337	31.9498	0	23.19	20.4	100	101.75	2.397	291.3	3.77	177.6	0	0	6.73	0.01	0	0.386	0.374	0.342	0.458	0.442	-0.1	NA	-0.1	1.054	1.908	2.266	3.545	3.749	19.35	19.1	19	18.200000000000003	17.2	0.75
2026-03-09 15:45:00	-91.2337	31.9498	0	24.2	20.8	99.2421964360472	101.75	2.438	351.1	3.54	189.7	0	0	5.93	0.01	0	0.386	0.373	0.342	0.458	0.442	-0.1	NA	-0.1	1.054	1.908	2.267	3.545	3.749	19.35	19.1	18.9	18.200000000000003	17.2	0.747
2026-03-09 16:00:00	-91.2337	31.9498	0	24.03	21.2	97.6676344484041	101.75	2.459	306.6	4.17	193.2	0	0	6.82	0.05	0	0.386	0.373	0.342	0.458	0.442	-0.1	NA	-0.1	1.055	1.909	2.273	3.544	3.749	19.4	19.1	18.9	18.200000000000003	17.2	0.752
2026-03-09 16:15:00	-91.2337	31.9498	0	22.53	21.1	96.03077759369194	101.77	2.403	147.6	3.71	194.7	0	0	6.46	0.1	0	0.385	0.373	0.342	0.458	0.442	-0.1	NA	-0.1	1.055	1.909	2.268	3.544	3.749	19.45	19.2	18.9	18.200000000000003	17.2	0.768
2026-03-09 16:30:00	-91.2337	31.9498	0	23.49	21.1	96.43040629778554	101.77	2.413	211.8	3.16	191.3	0	0	5.15	0.08	0	0.385	0.373	0.342	0.458	0.442	-0.1	NA	-0.1	1.057	1.909	2.274	3.544	3.748	19.5	19.2	18.9	18.200000000000003	17.2	0.761
2026-03-09 16:45:00	-91.2337	31.9498	0	24.21	21.3	96.67595074748051	101.76	2.449	247.2	3.08	197.1	0	0	4.83	0.09	0	0.385	0.373	0.342	0.459	0.442	-0.1	NA	-0.1	1.055	1.909	2.274	3.543	3.749	19.55	19.2	18.9	18.200000000000003	17.2	0.758
2026-03-09 17:00:00	-91.2337	31.9498	0	24.05	21.6	95.53698023865196	101.74	2.465	235.3	3.6	193.6	0	0	5.99	0.12	0	0.385	0.373	0.342	0.459	0.442	-0.1	NA	-0.1	1.055	1.91	2.275	3.543	3.749	19.6	19.2	18.9	18.200000000000003	17.2	0.757
2026-03-09 17:15:00	-91.2337	31.9498	0	23.49	21.9	94.25924856649769	101.72	2.477	162.2	3.43	192.7	0	0	6.14	0.15	0	0.385	0.373	0.342	0.458	0.442	-0.1	NA	-0.1	1.057	1.91	2.274	3.544	3.748	19.65	19.2	18.9	18.200000000000003	17.2	0.758
2026-03-09 17:30:00	-91.2337	31.9498	0	23.47	22	93.08109103786366	101.69	2.461	185.6	3.82	185.8	0	0	6.2	0.17	0	0.385	0.373	0.342	0.459	0.442	-0.1	NA	-0.1	1.058	1.915	2.275	3.543	3.757	19.7	19.3	18.9	18.200000000000003	17.2	0.764
2026-03-09 17:45:00	-91.2337	31.9498	0	23.88	22.2	93.1498205101844	101.66	2.493	218.3	3.69	178	0	0	6.17	0.17	0	0.385	0.373	0.342	0.459	0.442	-0.1	NA	-0.1	1.056	1.911	2.281	3.543	3.756	19.75	19.3	18.9	18.200000000000003	17.2	0.762
2026-03-09 18:00:00	-91.2337	31.9498	0	23.9	22.3	92.62200882718216	101.63	2.494	222.7	3.79	176	0	0	6.16	0.19	0	0.385	0.373	0.342	0.459	0.442	-0.1	NA	-0.1	1.056	1.911	2.28	3.543	3.756	19.75	19.3	18.9	18.200000000000003	17.3	0.758
2026-03-09 18:15:00	-91.2337	31.9498	0	22.76	22.4	91.35934718097128	101.63	2.475	100.8	3.64	178	14	1	5.92	0.23	0	0.384	0.373	0.342	0.459	0.442	-0.1	NA	-0.1	1.058	1.912	2.281	3.543	3.755	19.85	19.3	18.9	18.200000000000003	17.3	0.769
2026-03-09 18:30:00	-91.2337	31.9498	0	21.7	22.3	90.28231894902959	101.61	2.431	31	3.85	186.4	13	4	6.16	0.26	0	0.384	0.373	0.342	0.459	0.442	-0.1	NA	-0.1	1.057	1.911	2.281	3.542	3.755	19.85	19.4	18.9	18.200000000000003	17.3	0.807
2026-03-09 18:45:00	-91.2337	31.9498	0.221	21.39	22	90.73609809014016	101.58	2.399	32.5	2.44	186.3	6	4	5.21	0.24	0	0.384	0.373	0.342	0.459	0.442	-0.1	NA	-0.1	1.056	1.915	2.281	3.542	3.755	19.9	19.4	18.9	18.200000000000003	17.3	0.788
2026-03-09 19:00:00	-91.2337	31.9498	0.153	21.64	21.8	91.88812032925283	101.6	2.4	24.5	0.84	247.2	6	3	1.57	0.21	0	0.384	0.373	0.342	0.459	0.442	-0.1	NA	-0.1	1.057	1.915	2.285	3.551	3.755	19.95	19.4	18.9	18.200000000000003	17.3	0.804
2026-03-09 19:15:00	-91.2337	31.9498	0.017	24.98	21.7	95.57121251492632	101.55	2.481	266.9	0.96	146.1	10	2	2.69	0.12	0	0.384	0.373	0.342	0.459	0.442	-0.1	NA	-0.1	1.056	1.914	2.286	3.542	3.755	19.95	19.4	18.9	18.200000000000003	17.3	0.769
2026-03-09 19:30:00	-91.2337	31.9498	0	23.1	22.3	93.55045719152841	101.51	2.519	92.8	1.97	162.8	0	0	3.13	0.17	0	0.384	0.373	0.342	0.459	0.442	-0.1	NA	-0.1	1.057	1.919	2.285	3.541	3.755	19.95	19.5	18.9	18.200000000000003	17.3	0.781
2026-03-09 19:45:00	-91.2337	31.9498	0	22.42	22.3	92.73342263090369	101.47	2.497	79.5	1.6	146.6	17	1	2.96	0.19	0	0.384	0.373	0.342	0.459	0.442	-0.1	NA	-0.1	1.056	1.918	2.291	3.542	3.755	20.05	19.5	18.9	18.200000000000003	17.3	0.799
2026-03-09 20:00:00	-91.2337	31.9498	0	21.91	22.2	92.77617502077332	101.44	2.483	47.8	1.19	126.7	10	4	2.49	0.18	0	0.384	0.373	0.342	0.459	0.442	-0.1	NA	-0.1	1.054	1.914	2.291	3.541	3.755	20.05	19.5	18.9	18.200000000000003	17.3	0.809
2026-03-09 20:15:00	-91.2337	31.9498	0	21.94	22.1	92.89161711216047	101.46	2.471	39.1	0.95	100.1	10	21	2.29	0.19	0	0.384	0.373	0.342	0.459	0.442	-0.1	NA	-0.1	1.054	1.914	2.291	3.541	3.755	20.05	19.5	18.9	18.200000000000003	17.3	0.824
2026-03-09 20:30:00	-91.2337	31.9498	0.102	22.35	22	93.83754037583898	101.48	2.481	36.9	0.48	34.3	6	15	1.06	0.17	0.043	0.384	0.373	0.342	0.459	0.442	-0.1	NA	-0.1	1.055	1.919	2.291	3.542	3.755	20.05	19.5	18.9	18.200000000000003	17.3	0.821
2026-03-09 20:45:00	-91.2337	31.9498	0.034	23.06	22.1	94.73366051098517	101.5	2.52	84.7	0.78	215.1	8	12	1.75	0.14	0	0.384	0.373	0.342	0.459	0.442	-0.1	NA	-0.1	1.054	1.918	2.29	3.541	3.764	20.05	19.6	19	18.200000000000003	17.3	0.797
2026-03-09 21:00:00	-91.2337	31.9498	0	22.84	22.2	95.05541250618096	101.46	2.544	66	1.83	186	11	10	3.11	0.13	0	0.384	0.373	0.342	0.459	0.442	-0.1	NA	-0.1	1.054	1.918	2.295	3.551	3.755	20.15	19.6	19	18.200000000000003	17.3	0.804
2026-03-09 21:15:00	-91.2337	31.9498	0	23.52	22.1	96.01181307343496	101.45	2.554	167	2.42	208.5	6	2	5.29	0.11	0	0.384	0.373	0.342	0.459	0.442	-0.1	NA	-0.1	1.054	1.918	2.295	3.541	3.755	20.15	19.6	19	18.200000000000003	17.3	0.782
2026-03-09 21:30:00	-91.2337	31.9498	0	23.77	22.1	96.95163113405984	101.47	2.579	238.4	3.98	185.3	6	1	6.69	0.07	0	0.384	0.373	0.342	0.459	0.442	-0.1	NA	-0.1	1.054	1.918	2.3	3.548	3.763	20.15	19.6	19	18.200000000000003	17.3	0.776
2026-03-09 21:45:00	-91.2337	31.9498	0	21.67	21.9	93.6123340628116	101.45	2.46	71.8	4.69	185.9	0	0	7.88	0.16	0	0.384	0.373	0.342	0.459	0.442	-0.1	NA	-0.1	1.054	1.918	2.301	3.549	3.763	20.15	19.6	19	18.200000000000003	17.3	0.793
2026-03-09 22:00:00	-91.2337	31.9498	2.532	20.28	20.8	94.11319038561982	101.47	2.312	11.6	3.21	196.9	20	1	6.22	0.14	0.029	0.384	0.373	0.342	0.459	0.442	-0.1	NA	-0.1	1.053	1.922	2.301	3.539	3.771	20.15	19.6	19	18.200000000000003	17.3	0.914
2026-03-09 22:15:00	-91.2337	31.9498	0.119	20.36	19.8	98.46337172321151	101.44	2.274	13.5	2.4	177.5	15	2	3.66	0.04	0	0.385	0.373	0.342	0.459	0.442	-0.1	NA	-0.1	1.057	1.926	2.307	3.536	3.78	20.200000000000003	19.6	19	18.200000000000003	17.3	0.864
2026-03-09 22:30:00	-91.2337	31.9498	0.068	20.31	20.5	93.83650953128924	101.43	2.263	18	2.13	175.8	12	3	3.98	0.15	0	0.386	0.373	0.342	0.459	0.442	-0.1	NA	-0.1	1.059	1.924	2.306	3.536	3.772	20.25	19.7	19	18.200000000000003	17.3	0.875
2026-03-09 22:45:00	-91.2337	31.9498	0.357	20.35	20.4	94.58403510433443	101.46	2.267	7.7	1.34	193.5	14	1	2.58	0.13	0.006	0.387	0.373	0.342	0.459	0.442	-0.1	NA	-0.1	1.058	1.927	2.306	3.542	3.771	20.25	19.7	19	18.200000000000003	17.3	NA
2026-03-09 23:00:00	-91.2337	31.9498	0.102	20.32	20.4	95.16814471680057	101.44	2.281	6.2	1.86	158.7	34	1	3.03	0.12	0	0.388	0.374	0.342	0.459	0.442	-0.1	NA	-0.1	1.056	1.929	2.307	3.542	3.781	20.25	19.7	19	18.200000000000003	17.3	NA
2026-03-09 23:15:00	-91.2337	31.9498	0.664	20.4	20.3	96.30322654436691	101.43	2.294	0.1	1.62	186.7	5	16	3.23	0.09	0.008	0.39	0.375	0.341	0.459	0.442	-0.1	NA	-0.1	1.054	1.928	2.313	3.544	3.781	20.25	19.7	19	18.200000000000003	17.3	NA
2026-03-09 23:30:00	-91.2337	31.9498	1.498	20.59	20.2	98.37847862672626	101.48	2.329	4.5	1.72	226.1	1	23	3.22	0.03	0.013	0.392	0.377	0.341	0.459	0.442	-0.1	NA	-0.1	1.057	1.921	2.314	3.541	3.771	20.2	19.7	19	18.200000000000003	17.3	NA
2026-03-09 23:45:00	-91.2337	31.9498	0.953	20.75	20.2	99.30777297184777	101.46	2.351	24	1.2	98.5	1	30	2.64	0.01	0.01	0.398	0.383	0.342	0.459	0.442	-0.1	NA	-0.1	1.063	1.892	2.318	3.539	3.771	20.2	19.7	19	18.200000000000003	17.3	0.86
2026-03-10 00:00:00	-91.2337	31.9498	0	20.93	20.4	98.92313508265414	101.47	2.371	18.5	1.23	145.1	6	24	2.28	0.03	0	0.399	0.383	0.352	0.46	0.442	-0.1	NA	-0.1	1.069	1.893	2.301	3.536	3.78	20.25	19.8	19.1	18.200000000000003	17.3	0.925
2026-03-10 00:15:00	-91.2337	31.9498	0	20.7	20.5	98.64651178742251	101.49	2.379	1.4	0.52	59.7	8	2	1.32	0.03	0	0.4	0.383	0.353	0.459	0.442	-0.1	NA	-0.1	1.069	1.894	2.294	3.542	3.778	20.25	19.8	19.1	18.200000000000003	17.3	NA
2026-03-10 00:30:00	-91.2337	31.9498	0	20.55	20.5	98.5635807140409	101.49	2.377	0	0.73	86.1	0	0	1.27	0.03	0	0.4	0.383	0.353	0.459	0.442	-0.1	NA	-0.1	1.068	1.893	2.302	3.534	3.779	20.25	19.8	19.1	18.25	17.3	NA
2026-03-10 00:45:00	-91.2337	31.9498	0	20.5	20.4	99.34035623441565	101.51	2.381	0	0.98	114.4	0	0	1.63	0.02	0	0.4	0.383	0.354	0.459	0.442	-0.1	NA	-0.1	1.068	1.894	2.308	3.536	3.78	20.25	19.8	19.1	18.25	17.3	NA
2026-03-10 01:00:00	-91.2337	31.9498	0.017	20.24	20.4	99.04830142818261	101.53	2.374	0	1.24	127.2	0	0	2.09	0.02	0	0.4	0.383	0.355	0.459	0.442	-0.1	NA	-0.1	1.068	1.894	2.329	3.531	3.78	20.25	19.8	19.1	18.25	17.3	NA
2026-03-10 01:15:00	-91.2337	31.9498	0	20.18	20.4	98.7145245067734	101.53	2.366	0	1.08	120	0	0	1.97	0.02	0	0.4	0.383	0.356	0.459	0.442	-0.1	NA	-0.1	1.067	1.898	2.348	3.526	3.78	20.25	19.8	19.2	18.25	17.3	NA
2026-03-10 01:30:00	-91.2337	31.9498	0	19.91	20.4	98.42246970054035	101.54	2.359	0	1.35	140.4	0	0	2.43	0.04	0	0.4	0.383	0.358	0.459	0.442	-0.1	NA	-0.1	1.067	1.893	2.351	3.522	3.78	20.2	19.8	19.2	18.25	17.3	NA
2026-03-10 01:45:00	-91.2337	31.9498	0	19.43	20.4	97.67147162736963	101.55	2.341	0	1.48	155.7	0	0	2.55	0.05	0	0.4	0.383	0.36	0.459	0.442	-0.1	NA	-0.1	1.067	1.898	2.348	3.524	3.779	20.2	19.8	19.2	18.25	17.3	NA
2026-03-10 02:00:00	-91.2337	31.9498	0	19.66	20.3	97.77254342712752	101.57	2.329	0	1.65	156.4	0	0	2.82	0.05	0	0.4	0.383	0.364	0.459	0.442	-0.1	NA	-0.1	1.067	1.898	2.327	3.528	3.778	20.2	19.8	19.2	18.25	17.3	NA
2026-03-10 02:15:00	-91.2337	31.9498	0	19.5	20.3	97.77254342712752	101.57	2.329	0	1.93	165.7	0	0	3.13	0.05	0	0.4	0.383	0.374	0.459	0.442	-0.1	NA	-0.1	1.067	1.894	2.262	3.522	3.778	20.2	19.8	19.2	18.25	17.3	NA
2026-03-10 02:30:00	-91.2337	31.9498	0	19.49	20.1	98.47861258513085	101.59	2.317	0	2.01	174.1	0	0	3.16	0.03	0	0.4	0.383	0.391	0.459	0.442	-0.1	NA	-0.1	1.069	1.898	2.153	3.522	3.779	20.15	19.8	19.2	18.25	17.3	NA
2026-03-10 02:45:00	-91.2337	31.9498	0	19.54	20.2	97.99831275826746	101.6	2.32	0	2.23	168.6	0	0	3.49	0.04	0	0.4	0.383	0.398	0.459	0.442	-0.1	NA	-0.1	1.069	1.898	2.116	3.522	3.779	20.15	19.8	19.2	18.25	17.3	NA
2026-03-10 03:00:00	-91.2337	31.9498	0	19.68	20.3	97.94046535658588	101.6	2.333	0	2.52	169.6	0	0	4.3	0.05	0	0.4	0.383	0.402	0.459	0.442	-0.1	NA	-0.1	1.067	1.898	2.1	3.522	3.778	20.15	19.8	19.2	18.25	17.3	NA
2026-03-10 03:15:00	-91.2337	31.9498	0	19.84	20.5	97.73426998022482	101.61	2.357	0	2.85	169.8	0	0	4.97	0.05	0	0.4	0.383	0.404	0.459	0.442	-0.1	NA	-0.1	1.066	1.898	2.081	3.522	3.778	20.15	19.7	19.2	18.25	17.3	NA
2026-03-10 03:30:00	-91.2337	31.9498	0	19.83	20.6	97.99912361815592	101.61	2.378	0	3.17	178.1	0	0	5.91	0.05	0	0.4	0.383	0.405	0.459	0.442	-0.1	NA	-0.1	1.066	1.898	2.079	3.521	3.777	20.15	19.7	19.2	18.25	17.4	NA
2026-03-10 03:45:00	-91.2337	31.9498	0	19.9	20.7	98.05271279172194	101.62	2.394	0	3.87	177.7	0	0	6.05	0.05	0	0.401	0.383	0.406	0.459	0.442	-0.1	NA	-0.1	1.066	1.899	2.075	3.522	3.776	20.05	19.7	19.2	18.25	17.4	NA
2026-03-10 04:00:00	-91.2337	31.9498	0	19.86	20.7	98.05271279172194	101.61	2.394	0	4.05	182.4	0	0	6.92	0.05	0	0.401	0.383	0.406	0.459	0.442	-0.1	NA	-0.1	1.067	1.898	2.073	3.522	3.777	20.05	19.7	19.2	18.25	17.4	NA
2026-03-10 04:15:00	-91.2337	31.9498	0	19.83	20.7	97.9298397180481	101.6	2.391	0	4.29	182.9	0	0	6.56	0.05	0	0.401	0.384	0.407	0.459	0.442	-0.1	NA	-0.1	1.067	1.898	2.07	3.521	3.768	20.05	19.7	19.2	18.25	17.4	NA
2026-03-10 04:30:00	-91.2337	31.9498	0	19.74	20.7	97.5612204970266	101.6	2.382	0	3.79	187.4	0	0	6.53	0.05	0	0.4	0.383	0.407	0.459	0.442	-0.1	NA	-0.1	1.07	1.893	2.067	3.522	3.759	20.05	19.7	19.2	18.25	17.4	NA
2026-03-10 04:45:00	-91.2337	31.9498	0	19.55	20.6	97.7106484855541	101.59	2.371	0	3.43	182.6	0	0	5.55	0.05	0	0.4	0.383	0.407	0.459	0.442	-0.1	NA	-0.1	1.067	1.894	2.069	3.522	3.759	20.05	19.7	19.2	18.25	17.4	NA
2026-03-10 05:00:00	-91.2337	31.9498	0	19.46	20.5	97.48547676007999	101.58	2.351	0	3.24	184.3	0	0	5.08	0.05	0	0.4	0.384	0.408	0.459	0.442	-0.1	NA	-0.1	1.07	1.893	2.067	3.521	3.759	20.05	19.7	19.2	18.25	17.4	NA
2026-03-10 05:15:00	-91.2337	31.9498	0	19.19	20.3	97.85650439185669	101.59	2.331	0	2.53	182.9	0	0	5.22	0.05	0	0.4	0.384	0.408	0.459	0.442	-0.1	NA	-0.1	1.068	1.893	2.063	3.522	3.768	20.05	19.7	19.2	18.25	17.4	NA
2026-03-10 05:30:00	-91.2337	31.9498	0	19.08	20.3	97.14283619165869	101.58	2.314	0	2.45	184.3	0	0	3.78	0.06	0	0.4	0.384	0.409	0.459	0.442	-0.1	NA	-0.1	1.068	1.893	2.065	3.522	3.768	20	19.7	19.2	18.25	17.4	NA
2026-03-10 05:45:00	-91.2337	31.9498	0	18.87	20.2	97.44918428160476	101.58	2.307	0	2.1	185.3	0	0	3.73	0.06	0	0.4	0.384	0.409	0.459	0.442	-0.1	NA	-0.1	1.071	1.893	2.062	3.522	3.759	19.95	19.7	19.2	18.25	17.4	NA
2026-03-10 06:00:00	-91.2337	31.9498	0	18.42	19.9	97.81199920352783	101.57	2.273	0	1.66	166.3	0	0	2.75	0.05	0	0.4	0.384	0.41	0.459	0.442	-0.1	NA	-0.1	1.071	1.894	2.063	3.522	3.758	19.95	19.6	19.2	18.299999999999997	17.4	NA
2026-03-10 06:15:00	-91.2337	31.9498	0.017	18.18	19.7	97.89960808467296	101.57	2.247	0	1.47	168.7	0	0	2.9	0.05	0	0.4	0.384	0.41	0.459	0.442	-0.1	NA	-0.1	1.071	1.894	2.06	3.521	3.759	19.95	19.6	19.2	18.299999999999997	17.4	NA
2026-03-10 06:30:00	-91.2337	31.9498	0	18.39	20	96.13899011851396	101.58	2.248	0	1.58	191.1	0	0	2.61	0.08	0	0.4	0.384	0.411	0.459	0.442	-0.1	NA	-0.1	1.069	1.894	2.057	3.522	3.759	19.95	19.6	19.1	18.299999999999997	17.4	NA
2026-03-10 06:45:00	-91.2337	31.9498	0	18.46	20.1	96.69350178298346	101.58	2.275	0	1.64	192.4	0	0	2.75	0.07	0	0.4	0.384	0.411	0.459	0.442	-0.1	NA	-0.1	1.072	1.893	2.054	3.521	3.758	19.95	19.6	19.1	18.299999999999997	17.4	NA
2026-03-10 07:00:00	-91.2337	31.9498	0	18.25	19.9	97.68290285614086	101.57	2.27	0	1.27	191.4	0	0	2.16	0.05	0	0.4	0.384	0.411	0.459	0.442	-0.1	NA	-0.1	1.073	1.893	2.056	3.521	3.759	19.9	19.6	19.1	18.299999999999997	17.4	NA
2026-03-10 07:15:00	-91.2337	31.9498	0.017	19.31	20.2	96.85781515289109	101.58	2.293	0	1.12	196.8	0	0	2.72	0.07	0	0.4	0.384	0.412	0.459	0.442	-0.1	NA	-0.1	1.073	1.893	2.054	3.522	3.758	19.9	19.6	19.1	18.299999999999997	17.4	NA
2026-03-10 07:30:00	-91.2337	31.9498	0	19.95	20.5	97.31961461331677	101.6	2.347	0	1.38	199.2	0	0	2.44	0.06	0	0.4	0.384	0.412	0.459	0.442	-0.1	NA	-0.1	1.073	1.893	2.051	3.521	3.758	19.9	19.6	19.1	18.299999999999997	17.4	NA
2026-03-10 07:45:00	-91.2337	31.9498	0	20.12	20.5	98.5635807140409	101.6	2.377	0	1.35	191.1	0	0	2.21	0.03	0	0.4	0.384	0.412	0.459	0.442	-0.1	NA	-0.1	1.075	1.892	2.05	3.52	3.759	19.85	19.6	19.1	18.299999999999997	17.4	NA
2026-03-10 08:00:00	-91.2337	31.9498	0	20.22	20.4	99.25691200406337	101.58	2.379	0	1.87	183.7	0	0	4.33	0.02	0	0.4	0.384	0.413	0.459	0.442	-0.1	NA	-0.1	1.075	1.893	2.048	3.52	3.758	19.85	19.6	19.1	18.299999999999997	17.4	NA
2026-03-10 08:15:00	-91.2337	31.9498	0	20.27	20.5	99.14409822771215	101.55	2.391	0	2.18	186.7	0	0	4.42	0.02	0	0.4	0.384	0.413	0.459	0.442	-0.1	NA	-0.1	1.073	1.893	2.047	3.528	3.758	19.85	19.6	19.1	18.299999999999997	17.4	NA
2026-03-10 08:30:00	-91.2337	31.9498	0	20.41	20.7	98.5851627776419	101.55	2.407	0	2.28	198.4	0	0	3.97	0.04	0	0.4	0.384	0.413	0.459	0.442	-0.1	NA	-0.1	1.076	1.893	2.049	3.528	3.759	19.799999999999997	19.5	19.1	18.299999999999997	17.4	NA
2026-03-10 08:45:00	-91.2337	31.9498	0	20.43	20.8	98.3873620943093	101.56	2.417	0	1.93	207.1	0	0	3.19	0.03	0	0.399	0.384	0.413	0.46	0.442	-0.1	NA	-0.1	1.077	1.893	2.048	3.528	3.759	19.799999999999997	19.5	19.1	18.299999999999997	17.4	NA
2026-03-10 09:00:00	-91.2337	31.9498	0	20.44	20.8	98.22453650540683	101.57	2.413	0	1.76	207.4	0	0	3.77	0.04	0	0.4	0.384	0.413	0.46	0.442	-0.1	NA	-0.1	1.077	1.893	2.047	3.527	3.758	19.799999999999997	19.5	19.1	18.299999999999997	17.4	NA
2026-03-10 09:15:00	-91.2337	31.9498	0	20.49	20.9	98.02691821074771	101.58	2.423	0	2.01	205.6	0	0	3.57	0.05	0	0.399	0.384	0.413	0.46	0.442	-0.1	NA	-0.1	1.077	1.893	2.047	3.527	3.758	19.799999999999997	19.5	19.1	18.299999999999997	17.4	NA
2026-03-10 09:30:00	-91.2337	31.9498	0	20.43	20.9	97.98646137285635	101.59	2.422	0	1.7	190.5	0	0	3.27	0.04	0	0.399	0.384	0.413	0.46	0.442	-0.1	NA	-0.1	1.077	1.893	2.046	3.527	3.758	19.799999999999997	19.5	19.1	18.299999999999997	17.4	NA
2026-03-10 09:45:00	-91.2337	31.9498	0	20.25	20.7	98.29845893906962	101.58	2.4	0	1.47	178.2	0	0	2.39	0.04	0	0.399	0.384	0.413	0.46	0.442	-0.1	NA	-0.1	1.077	1.892	2.046	3.528	3.758	19.799999999999997	19.5	19.1	18.299999999999997	17.4	NA
2026-03-10 10:00:00	-91.2337	31.9498	0	20.19	20.5	98.6879773241133	101.59	2.38	0	1.2	176.9	0	0	1.88	0.04	0	0.399	0.384	0.413	0.46	0.442	-0.1	NA	-0.1	1.077	1.892	2.046	3.527	3.758	19.799999999999997	19.5	19.1	18.299999999999997	17.4	NA
2026-03-10 10:15:00	-91.2337	31.9498	0	20.21	20.6	98.16396655107124	101.59	2.382	0	1.19	174.8	0	0	2.04	0.05	0	0.399	0.384	0.413	0.46	0.442	-0.1	NA	-0.1	1.077	1.892	2.047	3.528	3.758	19.85	19.5	19.1	18.299999999999997	17.4	NA
2026-03-10 10:30:00	-91.2337	31.9498	0	20.06	20.5	98.23185642051448	101.59	2.369	0	1.58	174	0	0	2.38	0.04	0	0.399	0.384	0.413	0.46	0.442	-0.1	NA	-0.1	1.077	1.892	2.046	3.527	3.758	19.85	19.5	19.1	18.299999999999997	17.4	NA
2026-03-10 10:45:00	-91.2337	31.9498	0	19.72	20.6	97.29854115326582	101.59	2.361	0	1.45	178	0	0	2.55	0.07	0	0.399	0.384	0.413	0.46	0.442	-0.1	NA	-0.1	1.077	1.892	2.046	3.528	3.758	19.85	19.5	19.1	18.299999999999997	17.4	NA
2026-03-10 11:00:00	-91.2337	31.9498	0	19.56	20.4	98.04697066395498	101.61	2.35	0	1.22	156	0	0	1.88	0.05	0	0.399	0.384	0.413	0.46	0.442	-0.1	NA	-0.1	1.077	1.892	2.046	3.528	3.766	19.85	19.5	19.1	18.299999999999997	17.4	NA
2026-03-10 11:15:00	-91.2337	31.9498	0	19.57	20.4	97.54630528184117	101.61	2.338	0	1.49	140.5	0	0	2.4	0.05	0	0.399	0.384	0.413	0.46	0.442	-0.1	NA	-0.1	1.078	1.892	2.047	3.527	3.758	19.85	19.5	19.1	18.299999999999997	17.4	NA
2026-03-10 11:30:00	-91.2337	31.9498	0	19.47	20.2	98.20951601852236	101.61	2.325	0	1.45	153.8	0	0	2.23	0.03	0	0.399	0.384	0.413	0.46	0.442	-0.1	NA	-0.1	1.078	1.891	2.047	3.527	3.758	19.85	19.5	19.1	18.299999999999997	17.4	NA
2026-03-10 11:45:00	-91.2337	31.9498	0	19.23	19.9	98.93083421421491	101.61	2.299	0	1.32	162.2	0	0	2.38	0.03	0	0.399	0.384	0.413	0.46	0.442	-0.1	NA	-0.1	1.079	1.887	2.048	3.527	3.759	19.799999999999997	19.5	19.1	18.299999999999997	17.4	NA
2026-03-10 12:00:00	-91.2337	31.9498	0	18.92	19.8	98.59327063049807	101.62	2.277	0	1.26	159.8	0	0	2	0.03	0	0.399	0.384	0.413	0.46	0.442	-0.1	NA	-0.1	1.082	1.891	2.048	3.527	3.766	19.75	19.5	19.1	18.299999999999997	17.4	NA
2026-03-10 12:15:00	-91.2337	31.9498	0	18.62	19.7	98.7709886639758	101.61	2.267	0	1.32	164.6	0	0	1.95	0.03	0	0.399	0.384	0.413	0.46	0.442	-0.1	NA	-0.1	1.079	1.892	2.048	3.527	3.758	19.75	19.5	19.1	18.299999999999997	17.4	NA
2026-03-10 12:30:00	-91.2337	31.9498	0	18.7	19.6	98.68453761328188	101.64	2.251	0	1.3	161.1	0	0	2.44	0.04	0	0.399	0.384	0.413	0.46	0.442	-0.1	NA	-0.1	1.082	1.892	2.048	3.527	3.767	19.75	19.5	19.1	18.299999999999997	17.4	NA
2026-03-10 12:45:00	-91.2337	31.9498	0	19.13	19.9	97.72593497193651	101.64	2.271	11	1.66	153.4	0	0	2.59	0.05	0	0.399	0.384	0.413	0.46	0.442	-0.1	NA	-0.1	1.082	1.887	2.048	3.527	3.759	19.75	19.5	19.1	18.299999999999997	17.4	1
2026-03-10 13:00:00	-91.2337	31.9498	0	19.75	19.9	98.93083421421491	101.64	2.299	33.3	1.67	157	0	0	3.12	0.03	0	0.399	0.384	0.413	0.46	0.442	-0.1	NA	-0.1	1.082	1.888	2.049	3.526	3.758	19.75	19.4	19.1	18.299999999999997	17.4	0.855
2026-03-10 13:15:00	-91.2337	31.9498	0	20.3	20.2	98.885366451338	101.63	2.341	54.1	1.86	157.1	0	0	2.96	0.02	0	0.399	0.384	0.413	0.46	0.442	-0.1	NA	-0.1	1.082	1.892	2.049	3.526	3.757	19.75	19.4	19.1	18.299999999999997	17.4	0.822
2026-03-10 13:30:00	-91.2337	31.9498	0	20.7	20.4	99.38207834959182	101.65	2.382	70	2.32	165.4	0	0	3.75	0.01	0	0.399	0.384	0.413	0.46	0.442	-0.1	NA	-0.1	1.08	1.892	2.049	3.525	3.757	19.75	19.4	19.1	18.299999999999997	17.4	0.819
2026-03-10 13:45:00	-91.2337	31.9498	0	21	20.7	99.3224012196849	101.65	2.425	83.6	2.61	166.5	0	0	4.87	0.01	0	0.399	0.384	0.413	0.46	0.442	-0.1	NA	-0.1	1.082	1.888	2.049	3.526	3.766	19.75	19.4	19.1	18.299999999999997	17.4	0.804
2026-03-10 14:00:00	-91.2337	31.9498	0	21.45	20.9	99.68564856429317	101.66	2.464	109.5	2.55	164.6	0	0	4.19	0.01	0	0.399	0.384	0.413	0.46	0.442	-0.1	NA	-0.1	1.082	1.887	2.05	3.526	3.758	19.75	19.4	19.1	18.299999999999997	17.4	0.802
2026-03-10 14:15:00	-91.2337	31.9498	0	21.88	21.2	99.49468251047266	101.66	2.505	135.9	2.5	166.9	0	0	4	0.01	0	0.399	0.384	0.413	0.46	0.442	-0.1	NA	-0.1	1.083	1.887	2.05	3.532	3.757	19.75	19.4	19.1	18.35	17.4	0.79
2026-03-10 14:30:00	-91.2337	31.9498	0	22.42	21.5	99.39870526921693	101.65	2.549	183.9	3.2	173.8	0	0	5.16	0.02	0	0.399	0.384	0.413	0.46	0.442	-0.1	NA	-0.1	1.083	1.888	2.049	3.532	3.757	19.75	19.4	19.1	18.35	17.4	0.782
2026-03-10 14:45:00	-91.2337	31.9498	0	22.44	21.8	98.4351489027121	101.66	2.571	175	3.69	182.3	0	0	5.94	0.03	0	0.398	0.384	0.413	0.46	0.442	-0.1	NA	-0.1	1.083	1.887	2.049	3.531	3.766	19.75	19.4	19.1	18.35	17.4	0.78
2026-03-10 15:00:00	-91.2337	31.9498	0	22.89	22	97.61978706571561	101.66	2.581	213.8	3.64	187.7	0	0	6.2	0.06	0	0.398	0.384	0.413	0.46	0.442	-0.1	NA	-0.1	1.083	1.887	2.049	3.532	3.757	19.75	19.4	19.1	18.35	17.4	0.772
2026-03-10 15:15:00	-91.2337	31.9498	0	24.65	22.3	98.78690596644127	101.67	2.66	367.7	3.78	186.9	0	0	6.01	0.03	0	0.398	0.384	0.413	0.46	0.442	-0.1	NA	-0.1	1.085	1.887	2.049	3.523	3.757	19.8	19.4	19.1	18.35	17.4	0.767
2026-03-10 15:30:00	-91.2337	31.9498	0	24.24	22.6	97.03956220994999	101.69	2.661	297.3	3.84	193.6	0	0	6.57	0.07	0	0.398	0.384	0.413	0.46	0.442	-0.1	NA	-0.1	1.085	1.886	2.049	3.532	3.757	19.8	19.4	19.1	18.35	17.4	0.767
2026-03-10 15:45:00	-91.2337	31.9498	0	25.53	23	95.14359666470696	101.71	2.673	406	3.43	194.3	0	0	5.78	0.13	0	0.398	0.384	0.413	0.46	0.442	-0.1	NA	-0.1	1.087	1.887	2.049	3.53	3.758	19.8	19.4	19.1	18.35	17.4	0.76
2026-03-10 16:00:00	-91.2337	31.9498	0	25.67	23.3	94.72804754821773	101.72	2.71	378.5	3.52	188.3	0	0	5.54	0.14	0	0.398	0.384	0.413	0.46	0.442	-0.1	NA	-0.1	1.09	1.891	2.05	3.523	3.766	19.9	19.4	19.1	18.35	17.4	0.766
2026-03-10 16:15:00	-91.2337	31.9498	0	25.47	23.5	92.5218970236862	101.74	2.679	332.1	3.23	198.2	0	0	6.13	0.21	0	0.397	0.384	0.413	0.46	0.442	-0.1	NA	-0.1	1.09	1.891	2.052	3.531	3.757	19.95	19.4	19.1	18.35	17.4	0.768
2026-03-10 16:30:00	-91.2337	31.9498	0	25.1	23.7	89.8448568287514	101.75	2.633	316.1	3.55	209.7	0	0	5.98	0.3	0	0.397	0.384	0.412	0.46	0.443	-0.1	NA	-0.1	1.093	1.891	2.054	3.531	3.756	19.95	19.5	19.1	18.35	17.4	0.767
2026-03-10 16:45:00	-91.2337	31.9498	0	27.28	24.2	90.06843756085371	101.75	2.72	558.3	3.69	209.9	0	0	6.13	0.3	0	0.397	0.384	0.412	0.46	0.442	-0.1	NA	-0.1	1.093	1.891	2.055	3.531	3.765	20.05	19.5	19.1	18.35	17.4	0.75
2026-03-10 17:00:00	-91.2337	31.9498	0	27.91	24.5	89.08333779475254	101.76	2.739	578.2	3.61	211.1	0	0	6.22	0.34	0	0.397	0.384	0.412	0.46	0.442	-0.1	NA	-0.1	1.093	1.892	2.05	3.531	3.765	20.1	19.5	19.1	18.35	17.4	0.745
2026-03-10 17:15:00	-91.2337	31.9498	0	26.21	24.4	87.5564873037001	101.76	2.676	382.4	3.96	207.9	0	0	6.22	0.38	0	0.397	0.384	0.412	0.46	0.442	-0.1	NA	-0.1	1.094	1.892	2.051	3.53	3.755	20.200000000000003	19.5	19.1	18.35	17.5	0.749
2026-03-10 17:30:00	-91.2337	31.9498	0	27.3	24.5	86.41636674722801	101.76	2.657	471.2	3.61	206.9	0	0	7.21	0.42	0	0.397	0.384	0.412	0.46	0.442	-0.1	NA	-0.1	1.094	1.891	2.051	3.531	3.754	20.25	19.6	19.1	18.35	17.5	0.75
2026-03-10 17:45:00	-91.2337	31.9498	0	28.56	25.1	86.07661994385028	101.74	2.743	517.4	3.03	214.8	0	0	5.48	0.43	0	0.396	0.384	0.412	0.46	0.442	-0.1	NA	-0.1	1.094	1.896	2.047	3.531	3.764	20.299999999999997	19.6	19.1	18.35	17.5	0.748
2026-03-10 18:00:00	-91.2337	31.9498	0	27.3	25	84.57032781038902	101.71	2.679	428.7	3.27	232	0	0	5.65	0.48	0	0.396	0.384	0.412	0.46	0.442	-0.1	NA	-0.1	1.094	1.896	2.048	3.53	3.755	20.35	19.6	19.1	18.35	17.5	0.754
2026-03-10 18:15:00	-91.2337	31.9498	0	30.21	25.7	83.36648393667774	101.68	2.753	724.2	3.12	216.2	0	0	5.99	0.55	0	0.396	0.384	0.412	0.46	0.442	-0.1	NA	-0.1	1.084	1.896	2.049	3.53	3.754	20.450000000000003	19.7	19.1	18.35	17.5	0.733
2026-03-10 18:30:00	-91.2337	31.9498	0	29.77	26	81.89942823235043	101.64	2.753	619.5	3.17	209.8	0	0	5.73	0.6	0	0.396	0.384	0.412	0.46	0.442	-0.1	NA	-0.1	1.078	1.896	2.044	3.53	3.754	20.549999999999997	19.7	19.1	18.35	17.5	0.739
2026-03-10 18:45:00	-91.2337	31.9498	0	28.23	26.1	80.64798006668084	101.63	2.727	479.5	3.71	213.8	0	0	6.68	0.66	0	0.395	0.384	0.412	0.46	0.442	-0.1	NA	-0.1	1.079	1.896	2.044	3.53	3.763	20.6	19.7	19.1	18.35	17.5	0.745
2026-03-10 19:00:00	-91.2337	31.9498	0	27.94	26.2	77.82120364026783	101.62	2.647	470.9	4.26	221.3	0	0	8.69	0.76	0	0.395	0.384	0.412	0.46	0.442	-0.1	NA	-0.1	1.08	1.896	2.045	3.53	3.755	20.7	19.8	19.1	18.35	17.5	0.753
2026-03-10 19:15:00	-91.2337	31.9498	0	27.81	26.4	76.38563880317487	101.6	2.629	475.2	4.55	221.6	0	0	9.32	0.81	0	0.394	0.384	0.412	0.46	0.442	-0.1	NA	-0.1	1.078	1.896	2.046	3.53	3.763	20.8	19.8	19.1	18.35	17.5	0.751
2026-03-10 19:30:00	-91.2337	31.9498	0	26.8	26.2	75.93961805924133	101.59	2.583	336.3	4.02	226.5	0	0	8.52	0.81	0	0.394	0.383	0.411	0.46	0.442	-0.1	NA	-0.1	1.076	1.896	2.047	3.53	3.764	20.9	19.9	19.1	18.35	17.5	0.764
2026-03-10 19:45:00	-91.2337	31.9498	0	29.5	26.6	77.15670747182362	101.57	2.687	591.1	3.76	226.6	0	0	7.04	0.8	0	0.394	0.383	0.41	0.46	0.442	-0.1	NA	-0.1	1.068	1.897	2.05	3.53	3.764	21	19.9	19.1	18.35	17.5	0.75
2026-03-10 20:00:00	-91.2337	31.9498	0	28.32	26.6	76.06554450794968	101.53	2.649	450.4	3.41	212.6	0	0	7.69	0.84	0	0.394	0.383	0.407	0.46	0.442	-0.1	NA	-0.1	1.069	1.901	2.072	3.53	3.764	21.05	20	19.1	18.35	17.5	0.76
2026-03-10 20:15:00	-91.2337	31.9498	0	27.16	26.6	74.62980376601028	101.5	2.599	392.6	4.31	217.3	0	0	7.6	0.89	0	0.394	0.383	0.401	0.46	0.442	-0.1	NA	-0.1	1.067	1.903	2.113	3.53	3.763	21.15	20	19.2	18.35	17.5	0.766
2026-03-10 20:30:00	-91.2337	31.9498	0	27.1	26.7	73.05024184021936	101.5	2.559	392.1	4.21	215.7	0	0	7.02	0.94	0	0.393	0.383	0.4	0.46	0.442	-0.1	NA	-0.1	1.068	1.902	2.12	3.539	3.763	21.2	20.1	19.2	18.35	17.5	0.767
2026-03-10 20:45:00	-91.2337	31.9498	0	27.13	26.6	73.65350006149148	101.49	2.565	363.7	3.58	224.6	0	0	5.78	0.92	0	0.393	0.383	0.4	0.46	0.442	-0.1	NA	-0.1	1.066	1.904	2.122	3.538	3.763	21.25	20.1	19.2	18.35	17.5	0.769
2026-03-10 21:00:00	-91.2337	31.9498	0	28.09	26.8	74.63703994399717	101.48	2.63	402.7	2.78	234.8	0	0	6.23	0.89	0	0.392	0.382	0.399	0.46	0.443	-0.1	NA	-0.1	1.065	1.905	2.125	3.53	3.763	21.35	20.2	19.2	18.35	17.5	0.768
2026-03-10 21:15:00	-91.2337	31.9498	0	28.86	27.2	73.48806886533531	101.45	2.651	489.4	2.97	225.7	0	0	6.56	0.97	0	0.392	0.382	0.397	0.46	0.443	-0.1	NA	-0.1	1.066	1.906	2.136	3.53	3.763	21.35	20.2	19.2	18.35	17.5	0.77
2026-03-10 21:30:00	-91.2337	31.9498	0	27.55	27.3	72.34247148912617	101.43	2.625	364.4	3.04	216.2	0	0	5.73	1.01	0	0.392	0.382	0.391	0.46	0.443	-0.1	NA	-0.1	1.064	1.906	2.178	3.529	3.763	21.4	20.3	19.2	18.35	17.5	0.773
2026-03-10 21:45:00	-91.2337	31.9498	0	28.42	27.6	70.59718196288095	101.43	2.607	455.4	3.08	212.3	0	0	5.36	1.09	0	0.391	0.382	0.39	0.46	0.442	-0.1	NA	-0.1	1.065	1.907	2.184	3.537	3.764	21.45	20.3	19.3	18.35	17.5	0.773
2026-03-10 22:00:00	-91.2337	31.9498	0	27.35	27.5	70.3026433049708	101.41	2.581	339.3	2.73	213.4	0	0	5.32	1.1	0	0.391	0.382	0.386	0.46	0.442	-0.1	NA	-0.1	1.067	1.907	2.212	3.538	3.764	21.5	20.4	19.3	18.35	17.5	0.779
2026-03-10 22:15:00	-91.2337	31.9498	0	27.46	27.7	69.89009361028499	101.39	2.596	320.3	2.08	212.1	0	0	4.37	1.11	0	0.391	0.382	0.385	0.46	0.442	-0.1	NA	-0.1	1.065	1.908	2.22	3.538	3.763	21.55	20.4	19.3	18.35	17.5	0.784
2026-03-10 22:30:00	-91.2337	31.9498	0	26.58	27.8	69.72446234696336	101.38	2.605	234.3	2.7	208.4	0	0	4.63	1.12	0	0.39	0.381	0.384	0.46	0.442	-0.1	NA	-0.1	1.066	1.913	2.226	3.537	3.763	21.6	20.4	19.3	18.35	17.5	0.784
2026-03-10 22:45:00	-91.2337	31.9498	0	25.54	27.4	69.70115732940604	101.37	2.544	148.1	2.94	192.1	0	0	5.45	1.11	0	0.39	0.381	0.383	0.46	0.443	-0.1	NA	-0.1	1.064	1.913	2.231	3.537	3.763	21.65	20.5	19.3	18.35	17.5	0.787
2026-03-10 23:00:00	-91.2337	31.9498	0	24.88	27	69.97929726109727	101.38	2.495	134.6	2.78	193.7	0	0	5.43	1.08	0	0.39	0.381	0.38	0.46	0.442	-0.1	NA	-0.1	1.065	1.912	2.249	3.537	3.763	21.7	20.5	19.4	18.35	17.5	0.783
2026-03-10 23:15:00	-91.2337	31.9498	0	25.14	26.9	71.29402263559565	101.38	2.527	165.2	2.5	186	0	0	4.77	1.02	0	0.39	0.381	0.375	0.46	0.442	-0.1	NA	-0.1	1.065	1.908	2.285	3.538	3.763	21.7	20.6	19.4	18.35	17.5	0.791
2026-03-10 23:30:00	-91.2337	31.9498	0	24.43	26.9	71.20938390670496	101.37	2.524	109.7	3.22	186.4	0	0	6.18	1.02	0	0.39	0.381	0.375	0.46	0.442	-0.1	NA	-0.1	1.063	1.912	2.294	3.538	3.763	21.7	20.6	19.4	18.35	17.5	0.793
2026-03-10 23:45:00	-91.2337	31.9498	0	23.3	26.6	71.06916672600056	101.37	2.475	58.1	3.52	185.5	0	0	6.3	1	0	0.389	0.381	0.374	0.46	0.442	-0.1	NA	-0.1	1.064	1.912	2.297	3.537	3.763	21.7	20.6	19.4	18.4	17.5	0.804
2026-03-11 00:00:00	-91.2337	31.9498	0	22.42	25.7	73.55509970293868	101.37	2.429	17.5	3	180.5	0	0	5.9	0.88	0	0.389	0.381	0.375	0.46	0.442	-0.1	NA	-0.1	1.062	1.911	2.294	3.537	3.764	21.75	20.7	19.5	18.4	17.5	0.824
2026-03-11 00:15:00	-91.2337	31.9498	0	21.54	25.1	75.093456626188	101.37	2.393	1.2	2.17	172.4	0	0	3.7	0.79	0	0.389	0.381	0.374	0.46	0.442	-0.1	NA	-0.1	1.062	1.912	2.295	3.538	3.763	21.75	20.7	19.5	18.4	17.5	NA
2026-03-11 00:30:00	-91.2337	31.9498	0	21.27	24.9	74.78665132673524	101.36	2.355	0	2.03	154.3	0	0	3.52	0.8	0	0.389	0.381	0.374	0.46	0.442	-0.1	NA	-0.1	1.06	1.911	2.297	3.537	3.772	21.75	20.7	19.5	18.4	17.5	NA
2026-03-11 00:45:00	-91.2337	31.9498	0	20.98	24.6	75.6203846848429	101.36	2.339	0	1.84	157.5	0	0	3.06	0.75	0	0.389	0.381	0.373	0.46	0.442	-0.1	NA	-0.1	1.06	1.911	2.301	3.537	3.763	21.75	20.7	19.5	18.4	17.5	NA
2026-03-11 01:00:00	-91.2337	31.9498	0	20.81	24.6	74.65047808349819	101.37	2.309	0	1.73	154.5	0	0	3.02	0.78	0	0.389	0.381	0.373	0.46	0.442	-0.1	NA	-0.1	1.058	1.911	2.303	3.537	3.772	21.700000000000003	20.7	19.5	18.4	17.5	NA
2026-03-11 01:15:00	-91.2337	31.9498	0	20.5	24.4	75.25408101588572	101.37	2.3	0	1.57	155.2	0	0	2.64	0.75	0	0.389	0.381	0.373	0.46	0.443	-0.1	NA	-0.1	1.058	1.911	2.308	3.546	3.763	21.700000000000003	20.7	19.6	18.4	17.5	NA
2026-03-11 01:30:00	-91.2337	31.9498	0	20.06	24.3	74.71844685649448	101.36	2.27	0	1.28	144.3	0	0	2.29	0.76	0	0.389	0.381	0.373	0.46	0.442	-0.1	NA	-0.1	1.056	1.91	2.304	3.537	3.763	21.6	20.8	19.6	18.4	17.5	NA
2026-03-11 01:45:00	-91.2337	31.9498	0	19.78	24.1	74.91985313770346	101.36	2.249	0	1.11	140.2	0	0	2.1	0.75	0	0.389	0.381	0.373	0.46	0.442	-0.1	NA	-0.1	1.056	1.909	2.31	3.537	3.772	21.6	20.8	19.6	18.4	17.5	NA
2026-03-11 02:00:00	-91.2337	31.9498	0	19.73	24	74.90153521681972	101.37	2.235	0	1.24	139.7	0	0	2.39	0.74	0	0.389	0.381	0.373	0.46	0.443	-0.1	NA	-0.1	1.056	1.905	2.31	3.537	3.771	21.55	20.8	19.6	18.4	17.5	NA
2026-03-11 02:15:00	-91.2337	31.9498	0	19.77	23.8	75.80680045655427	101.37	2.235	0	1.53	150.1	0	0	2.81	0.72	0	0.389	0.381	0.373	0.46	0.442	-0.1	NA	-0.1	1.054	1.906	2.311	3.536	3.772	21.55	20.7	19.6	18.4	17.5	NA
2026-03-11 02:30:00	-91.2337	31.9498	0	19.88	23.6	76.38113395398152	101.36	2.225	0	1.74	149.4	0	0	3.12	0.69	0	0.389	0.381	0.373	0.46	0.442	-0.1	NA	-0.1	1.054	1.911	2.312	3.537	3.772	21.45	20.7	19.6	18.4	17.5	NA
2026-03-11 02:45:00	-91.2337	31.9498	0	19.79	23.2	77.92930573106786	101.36	2.216	0	1.89	153.4	0	0	2.93	0.62	0	0.389	0.381	0.372	0.46	0.443	-0.1	NA	-0.1	1.055	1.907	2.313	3.537	3.771	21.45	20.7	19.7	18.4	17.5	NA
2026-03-11 03:00:00	-91.2337	31.9498	0	19.81	23	78.7702130261865	101.36	2.213	0	2.07	154.6	0	0	3.24	0.59	0	0.389	0.381	0.372	0.46	0.442	-0.1	NA	-0.1	1.052	1.907	2.318	3.545	3.772	21.4	20.7	19.7	18.4	17.5	NA
2026-03-11 03:15:00	-91.2337	31.9498	0	19.53	22.6	80.48339488814717	101.38	2.207	0	1.86	158.3	0	0	3.31	0.53	0	0.389	0.381	0.371	0.46	0.442	-0.1	NA	-0.1	1.053	1.907	2.319	3.545	3.772	21.4	20.7	19.7	18.4	17.5	NA
2026-03-11 03:30:00	-91.2337	31.9498	0	19.76	22.6	80.51986221704982	101.37	2.208	0	2.25	153.9	0	0	3.51	0.53	0	0.389	0.381	0.371	0.46	0.442	-0.1	NA	-0.1	1.05	1.908	2.32	3.544	3.772	21.3	20.7	19.7	18.4	17.5	NA
2026-03-11 03:45:00	-91.2337	31.9498	0	19.76	22.4	81.61435014833434	101.38	2.211	0	2.39	162.2	0	0	4.01	0.49	0	0.389	0.381	0.371	0.46	0.442	-0.1	NA	-0.1	1.051	1.908	2.321	3.545	3.772	21.25	20.7	19.7	18.4	17.5	NA
2026-03-11 04:00:00	-91.2337	31.9498	0	19.65	22.1	83.11750928166198	101.38	2.211	0	2.78	169.4	0	0	4.85	0.45	0	0.389	0.381	0.371	0.46	0.442	-0.1	NA	-0.1	1.051	1.908	2.322	3.545	3.772	21.2	20.7	19.7	18.4	17.5	NA
2026-03-11 04:15:00	-91.2337	31.9498	0	19.55	22	83.6254743131721	101.39	2.211	0	2.82	174.9	0	0	5.49	0.43	0	0.389	0.381	0.371	0.46	0.443	-0.1	NA	-0.1	1.049	1.904	2.323	3.545	3.771	21.2	20.6	19.7	18.4	17.5	NA
2026-03-11 04:30:00	-91.2337	31.9498	0	19.61	21.9	84.06083168485806	101.37	2.209	0	3.22	169.8	0	0	5.42	0.42	0	0.389	0.381	0.371	0.46	0.442	-0.1	NA	-0.1	1.049	1.905	2.323	3.544	3.772	21.15	20.6	19.7	18.4	17.5	NA
2026-03-11 04:45:00	-91.2337	31.9498	0	19.44	21.6	85.3050277911858	101.35	2.201	0	3.08	175.8	0	0	5.48	0.38	0	0.389	0.381	0.371	0.46	0.442	-0.1	NA	-0.1	1.05	1.904	2.324	3.543	3.772	21.1	20.6	19.7	18.4	17.5	NA
2026-03-11 05:00:00	-91.2337	31.9498	0	19.41	21.6	84.91745383484238	101.33	2.191	0	3.22	176.5	0	0	4.97	0.38	0	0.389	0.381	0.37	0.46	0.443	-0.1	NA	-0.1	1.05	1.904	2.325	3.545	3.771	21.05	20.6	19.7	18.4	17.5	NA
2026-03-11 05:15:00	-91.2337	31.9498	0	19.34	21.5	85.32144650021445	101.31	2.188	0	3.3	183.9	0	0	5.71	0.38	0	0.389	0.381	0.37	0.46	0.442	-0.1	NA	-0.1	1.05	1.905	2.326	3.544	3.772	21.05	20.6	19.8	18.4	17.5	NA
2026-03-11 05:30:00	-91.2337	31.9498	0	19.33	21.4	85.72760535255189	101.28	2.185	0	3.53	182.4	0	0	6.35	0.36	0	0.389	0.381	0.37	0.46	0.443	-0.1	NA	-0.1	1.048	1.901	2.327	3.543	3.771	20.95	20.5	19.8	18.4	17.5	NA
2026-03-11 05:45:00	-91.2337	31.9498	0	19.24	21.2	86.54647233146503	101.26	2.179	0	3.42	181	0	0	5.87	0.34	0	0.389	0.381	0.37	0.46	0.443	-0.1	NA	-0.1	1.048	1.906	2.327	3.543	3.771	20.95	20.5	19.8	18.45	17.5	NA
2026-03-11 06:00:00	-91.2337	31.9498	0	19.26	21.2	86.46703545920118	101.26	2.177	0	3.69	186.5	0	0	6.22	0.34	0	0.389	0.381	0.37	0.46	0.443	-0.1	NA	-0.1	1.049	1.906	2.327	3.542	3.771	20.95	20.5	19.8	18.45	17.5	NA
2026-03-11 06:15:00	-91.2337	31.9498	0	19.1	21	87.73603798340693	101.25	2.182	0	3.41	189.8	0	0	5.39	0.31	0	0.389	0.381	0.37	0.46	0.443	-0.1	NA	-0.1	1.049	1.906	2.328	3.542	3.771	20.9	20.5	19.8	18.45	17.5	NA
2026-03-11 06:30:00	-91.2337	31.9498	0	18.98	20.9	87.99362241369221	101.26	2.175	0	3.06	186.4	0	0	5.49	0.29	0	0.389	0.381	0.37	0.46	0.442	-0.1	NA	-0.1	1.047	1.901	2.329	3.542	3.772	20.85	20.5	19.8	18.45	17.5	NA
2026-03-11 06:45:00	-91.2337	31.9498	0	19.01	20.9	88.2768202789317	101.28	2.182	0	3.26	188.4	0	0	5.71	0.28	0	0.389	0.381	0.37	0.46	0.442	-0.1	NA	-0.1	1.047	1.902	2.329	3.542	3.771	20.799999999999997	20.4	19.8	18.45	17.6	NA
