2026-01-01 06:00:00	-92.3536	30.1784	0	0.99	5.2	85.35274314667768	102.11	0.755	0	0.58	346.4	0	0	0.89	0.13	0	0.332	0.352	0.361	0.405	0.43	-0.1	-0.1	-0.1	0.801	1.104	1.03	1.154	2.575	10.65	12.7	14.45	17.05	19.1	NA
2026-01-01 06:15:00	-92.3536	30.1784	0	1	5.2	87.61374296513273	102.1	0.775	0	0.52	350.9	0	0	0.95	0.11	0	0.332	0.352	0.361	0.405	0.43	-0.1	-0.1	-0.1	0.802	1.101	1.03	1.154	2.576	10.55	12.7	14.399999999999999	17	19.1	NA
2026-01-01 06:30:00	-92.3536	30.1784	0	0.94	5.1	87.99902200483206	102.09	0.773	0	0.66	342.7	0	0	0.83	0.11	0	0.332	0.352	0.361	0.405	0.43	-0.1	-0.1	-0.1	0.802	1.099	1.03	1.154	2.576	10.5	12.6	14.399999999999999	17	19.1	NA
2026-01-01 06:45:00	-92.3536	30.1784	0	0.91	4.9	90.1597141182369	102.08	0.781	0	0.53	345.1	0	0	0.85	0.08	0	0.332	0.352	0.361	0.405	0.43	-0.1	-0.1	-0.1	0.802	1.099	1.028	1.154	2.575	10.45	12.6	14.399999999999999	17	19.1	NA
2026-01-01 07:00:00	-92.3536	30.1784	0	0.99	5.2	87.16154300144173	102.06	0.771	0	0.65	15.9	0	0	0.88	0.11	0	0.332	0.352	0.361	0.405	0.43	-0.1	-0.1	-0.1	0.801	1.102	1.031	1.151	2.576	10.35	12.6	14.399999999999999	17	19.1	NA
2026-01-01 07:15:00	-92.3536	30.1784	0	1.06	5	91.59577677204449	102.06	0.799	0	0.4	353.4	0	0	0.56	0.07	0	0.332	0.352	0.361	0.405	0.43	-0.1	-0.1	-0.1	0.801	1.105	1.03	1.154	2.569	10.35	12.5	14.399999999999999	17	19.1	NA
2026-01-01 07:30:00	-92.3536	30.1784	0	0.93	5.1	91.07272652505259	102.05	0.8	0	0.56	320	0	0	0.78	0.08	0	0.332	0.352	0.361	0.405	0.43	-0.1	-0.1	-0.1	0.794	1.101	1.03	1.154	2.576	10.25	12.5	14.35	17	19.1	NA
2026-01-01 07:45:00	-92.3536	30.1784	0	1.06	5	91.82505280902083	102.04	0.801	0	0.63	302	0	0	0.86	0.07	0	0.332	0.352	0.361	0.405	0.43	-0.1	-0.1	-0.1	0.784	1.099	1.031	1.154	2.575	10.25	12.4	14.3	17	19.1	NA
2026-01-01 08:00:00	-92.3536	30.1784	0	1.15	5.1	92.21113560661574	102.04	0.81	0	0.4	276.5	0	0	0.69	0.07	0	0.332	0.352	0.361	0.405	0.43	-0.1	-0.1	-0.1	0.784	1.097	1.03	1.154	2.576	10.15	12.4	14.3	17	19.1	NA
2026-01-01 08:15:00	-92.3536	30.1784	0	1.05	5.2	92.02269261112004	102.03	0.814	0	0.62	302.3	0	0	0.94	0.07	0	0.332	0.352	0.361	0.405	0.43	-0.1	-0.1	-0.1	0.785	1.097	1.028	1.154	2.575	10.15	12.4	14.3	17	19.1	NA
2026-01-01 08:30:00	-92.3536	30.1784	0	1.13	5.7	90.07883519699678	102.02	0.825	0	0.94	297.3	0	0	1.31	0.09	0	0.332	0.352	0.361	0.405	0.43	-0.1	-0.1	-0.1	0.783	1.098	1.028	1.151	2.576	10.15	12.3	14.3	17	19.1	NA
2026-01-01 08:45:00	-92.3536	30.1784	0	1.08	5.4	91.08449064102659	102.01	0.817	0	1.13	309.8	0	0	1.62	0.08	0	0.332	0.352	0.361	0.405	0.43	-0.1	-0.1	-0.1	0.784	1.098	1.026	1.151	2.576	10.05	12.3	14.3	17	19.1	NA
2026-01-01 09:00:00	-92.3536	30.1784	0	1.2	5.4	90.52705801776452	102	0.812	0	1.2	322.3	0	0	1.38	0.08	0	0.332	0.352	0.361	0.405	0.43	-0.1	-0.1	-0.1	0.782	1.101	1.026	1.154	2.576	10.05	12.2	14.2	17	19.1	NA
2026-01-01 09:15:00	-92.3536	30.1784	0	1.1	4.6	93.36845723458993	101.99	0.792	0	1.27	332.7	0	0	1.5	0.06	0	0.332	0.352	0.361	0.405	0.43	-0.1	-0.1	-0.1	0.784	1.1	1.024	1.151	2.576	9.95	12.2	14.2	17	19.1	NA
2026-01-01 09:30:00	-92.3536	30.1784	0	1.06	4.5	91.53185017853164	101.99	0.771	0	1.33	336.3	0	0	1.51	0.07	0	0.332	0.352	0.361	0.405	0.43	-0.1	-0.1	-0.1	0.783	1.098	1.024	1.151	2.575	9.95	12.2	14.2	16.95	19.1	NA
2026-01-01 09:45:00	-92.3536	30.1784	0	0.86	4.4	91.81728837726821	101.99	0.768	0	0.92	319.9	0	0	1.19	0.07	0	0.332	0.352	0.361	0.405	0.43	-0.1	-0.1	-0.1	0.783	1.096	1.026	1.151	2.575	9.95	12.1	14.2	16.95	19.1	NA
2026-01-01 10:00:00	-92.3536	30.1784	0	0.82	4.5	89.39491982416902	101.98	0.753	0	0.73	350.2	0	0	1.02	0.09	0	0.331	0.352	0.361	0.405	0.43	-0.1	-0.1	-0.1	0.785	1.096	1.026	1.151	2.575	9.85	12.1	14.2	16.95	19.1	NA
2026-01-01 10:15:00	-92.3536	30.1784	0	0.89	4.9	89.00530036512247	101.99	0.771	0	0.6	19.8	0	0	0.85	0.09	0	0.332	0.352	0.361	0.405	0.43	-0.1	-0.1	-0.1	0.786	1.099	1.027	1.151	2.576	9.85	12.1	14.15	16.95	19.1	NA
2026-01-01 10:30:00	-92.3536	30.1784	0	0.77	4.6	90.89277844427883	101.99	0.771	0	0.56	347.6	0	0	0.67	0.08	0	0.332	0.352	0.361	0.405	0.43	-0.1	-0.1	-0.1	0.787	1.099	1.027	1.151	2.577	9.8	12	14.100000000000001	16.95	19	NA
2026-01-01 10:45:00	-92.3536	30.1784	0	0.85	4.4	90.9804120509129	101.98	0.761	0	0.67	353.8	0	0	0.79	0.08	0	0.332	0.352	0.361	0.405	0.43	-0.1	-0.1	-0.1	0.787	1.097	1.024	1.151	2.57	9.75	12	14.100000000000001	16.9	19	NA
2026-01-01 11:00:00	-92.3536	30.1784	0	0.64	4	92.09834379683868	101.97	0.749	0	0.79	323.9	0	0	0.97	0.06	0	0.332	0.352	0.361	0.405	0.43	-0.1	-0.1	-0.1	0.789	1.097	1.024	1.154	2.577	9.75	12	14.100000000000001	16.9	19	NA
2026-01-01 11:15:00	-92.3536	30.1784	0	0.92	4.4	92.53461094271563	101.96	0.774	0	0.58	291	0	0	0.75	0.06	0	0.332	0.352	0.361	0.405	0.43	-0.1	-0.1	-0.1	0.787	1.094	1.024	1.152	2.577	9.65	12	14.100000000000001	16.9	19	NA
2026-01-01 11:30:00	-92.3536	30.1784	0	0.63	3.8	96.64742199372853	101.95	0.775	0	0.54	294.7	0	0	0.73	0.03	0	0.332	0.352	0.361	0.405	0.43	-0.1	-0.1	-0.1	0.783	1.097	1.025	1.154	2.583	9.65	11.9	14.05	16.9	19	NA
2026-01-01 11:45:00	-92.3536	30.1784	0	0.66	4	93.57388468543955	101.94	0.761	0	0.36	297.2	0	0	0.5	0.05	0	0.332	0.352	0.361	0.405	0.43	-0.1	-0.1	-0.1	0.787	1.095	1.025	1.154	2.577	9.65	11.9	14	16.9	19	NA
2026-01-01 12:00:00	-92.3536	30.1784	0	0.65	3.9	93.36828131906486	101.94	0.754	0	0.85	331.3	0	0	1.11	0.05	0	0.332	0.352	0.361	0.405	0.43	-0.1	-0.1	-0.1	0.785	1.097	1.025	1.154	2.582	9.55	11.9	14	16.9	19	NA
2026-01-01 12:15:00	-92.3536	30.1784	0	0.68	4.1	89.74326364734425	101.95	0.735	0	0.91	314.6	0	0	1.12	0.08	0	0.332	0.352	0.361	0.405	0.43	-0.1	-0.1	-0.1	0.788	1.097	1.027	1.155	2.576	9.55	11.8	14	16.9	19	NA
2026-01-01 12:30:00	-92.3536	30.1784	0	0.78	3.9	92.50146703626187	101.95	0.747	0	0.83	315.6	0	0	1.23	0.06	0	0.332	0.352	0.361	0.405	0.43	-0.1	-0.1	-0.1	0.787	1.095	1.027	1.152	2.576	9.55	11.8	14	16.9	19	NA
2026-01-01 12:45:00	-92.3536	30.1784	0	0.87	3.9	92.99678948357786	101.96	0.751	0	0.51	301.6	0	0	0.69	0.06	0	0.332	0.352	0.361	0.405	0.43	-0.1	-0.1	-0.1	0.788	1.098	1.025	1.154	2.583	9.5	11.8	13.95	16.9	19	NA
2026-01-01 13:00:00	-92.3536	30.1784	0	0.86	4.1	93.77255303559237	101.96	0.768	0	0.5	292.3	0	0	0.71	0.05	0	0.332	0.352	0.361	0.405	0.43	-0.1	-0.1	-0.1	0.788	1.098	1.025	1.154	2.583	9.45	11.7	13.95	16.9	19	NA
2026-01-01 13:15:00	-92.3536	30.1784	0	0.97	4	93.81980816687303	101.96	0.763	4	0.86	330	0	0	1.28	0.05	0	0.332	0.352	0.361	0.405	0.43	-0.1	-0.1	-0.1	0.786	1.096	1.025	1.152	2.583	9.45	11.7	13.899999999999999	16.9	19	0.745
2026-01-01 13:30:00	-92.3536	30.1784	0	2.04	4.6	92.5432309711529	101.96	0.785	19.7	0.78	335.5	0	0	1.03	0.06	0	0.332	0.352	0.361	0.405	0.43	-0.1	-0.1	-0.1	0.786	1.093	1.022	1.154	2.582	9.45	11.7	13.899999999999999	16.85	19	0.663
2026-01-01 13:45:00	-92.3536	30.1784	0	3.78	5.3	97.44620565671568	101.98	0.868	45.9	0.69	334.5	0	0	0.87	0.02	0	0.331	0.352	0.361	0.405	0.43	-0.1	-0.1	-0.1	0.788	1.09	1.023	1.152	2.582	9.45	11.7	13.899999999999999	16.85	19	0.672
2026-01-01 14:00:00	-92.3536	30.1784	0	6.15	5.9	99.71408289076433	102.01	0.926	92.9	0.69	347	0	0	0.94	0	0	0.332	0.352	0.361	0.405	0.43	-0.1	-0.1	-0.1	0.785	1.094	1.023	1.152	2.582	9.5	11.6	13.85	16.85	19	0.686
2026-01-01 14:15:00	-92.3536	30.1784	0	8.06	6.5	99.69243830930439	102.03	0.965	136.3	0.84	1.5	0	0	1.14	0	0	0.332	0.352	0.362	0.405	0.43	-0.1	-0.1	-0.1	0.782	1.093	1.022	1.152	2.583	9.55	11.6	13.85	16.85	19	0.692
2026-01-01 14:30:00	-92.3536	30.1784	0	9.85	7.8	100	102.05	1.06	176.5	0.48	18.2	0	0	1.42	0	0	0.332	0.352	0.362	0.405	0.43	-0.1	-0.1	-0.1	0.779	1.094	1.022	1.152	2.583	9.6	11.6	13.8	16.85	19	0.697
2026-01-01 14:45:00	-92.3536	30.1784	0	11.74	9.1	100	102.07	1.156	223.8	0.36	342.8	0	0	0.98	0	0	0.332	0.352	0.362	0.405	0.43	-0.1	-0.1	-0.1	0.775	1.093	1.025	1.152	2.583	9.75	11.6	13.8	16.85	19	0.692
2026-01-01 15:00:00	-92.3536	30.1784	0	13.42	10.2	99.9584452984901	102.09	1.244	265.3	0.46	296.8	0	0	1.45	0	0	0.332	0.352	0.362	0.405	0.43	-0.1	-0.1	-0.1	0.771	1.091	1.023	1.152	2.583	9.9	11.6	13.8	16.8	19	0.683
2026-01-01 15:15:00	-92.3536	30.1784	0	14.28	11	99.64088608742807	102.11	1.308	303.5	1.13	248.7	0	0	2.39	0	0	0.331	0.352	0.361	0.405	0.43	-0.1	-0.1	-0.1	0.767	1.094	1.026	1.152	2.582	10.1	11.6	13.75	16.8	19	0.676
2026-01-01 15:30:00	-92.3536	30.1784	0	14.7	11.4	99.84956015699461	102.13	1.346	343	2.21	266.7	0	0	3.53	0	0	0.331	0.352	0.362	0.405	0.43	-0.1	-0.1	-0.1	0.764	1.093	1.02	1.152	2.582	10.3	11.6	13.75	16.8	19	0.67
2026-01-01 15:45:00	-92.3536	30.1784	0	16.12	12.4	97.70908313541341	102.14	1.407	384	2.16	271.9	0	0	3.74	0.03	0	0.331	0.352	0.362	0.405	0.43	-0.1	-0.1	-0.1	0.76	1.094	1.023	1.152	2.582	10.55	11.7	13.7	16.8	19	0.663
2026-01-01 16:00:00	-92.3536	30.1784	0	17.06	13.4	90.4115733840412	102.15	1.39	420.7	2.6	270.6	0	0	4.21	0.14	0	0.331	0.352	0.362	0.405	0.43	-0.1	-0.1	-0.1	0.755	1.096	1.023	1.152	2.583	10.85	11.7	13.7	16.8	19	0.66
2026-01-01 16:15:00	-92.3536	30.1784	0	18.5	14.3	84.66289140192352	102.15	1.38	450.9	2.35	262.1	0	0	4.02	0.25	0	0.331	0.352	0.362	0.405	0.43	-0.1	-0.1	-0.1	0.754	1.098	1.023	1.152	2.576	11.1	11.8	13.7	16.8	19	0.654
2026-01-01 16:30:00	-92.3536	30.1784	0	19.02	14.8	80.3083303848589	102.14	1.352	470.5	2.76	259.2	0	0	4.61	0.33	0	0.331	0.352	0.362	0.405	0.43	-0.1	-0.1	-0.1	0.75	1.098	1.02	1.152	2.577	11.45	11.9	13.7	16.8	19	0.65
2026-01-01 16:45:00	-92.3536	30.1784	0	19.85	15.6	74.75960674620778	102.13	1.325	497.5	3.24	266.2	0	0	5.85	0.45	0	0.33	0.352	0.362	0.405	0.43	-0.1	-0.1	-0.1	0.745	1.098	1.023	1.152	2.578	11.8	12	13.65	16.8	18.9	0.646
2026-01-01 17:00:00	-92.3536	30.1784	0	20.97	16	73.64075282355569	102.12	1.339	521.4	2.92	253.5	0	0	5.21	0.47	0	0.33	0.352	0.362	0.405	0.43	-0.1	-0.1	-0.1	0.743	1.1	1.023	1.152	2.577	12.100000000000001	12.1	13.65	16.75	18.9	0.641
2026-01-01 17:15:00	-92.3536	30.1784	0	21.78	16.4	71.14266382409754	102.11	1.327	530.3	3.03	255.5	0	0	4.98	0.54	0	0.33	0.352	0.362	0.405	0.43	-0.1	-0.1	-0.1	0.737	1.099	1.024	1.152	2.577	12.45	12.2	13.65	16.75	18.9	0.637
2026-01-01 17:30:00	-92.3536	30.1784	0	22.3	17.3	66.63706623210349	102.08	1.316	531.9	3.6	261.9	0	0	6.52	0.66	0	0.33	0.352	0.362	0.405	0.43	-0.1	-0.1	-0.1	0.729	1.101	1.023	1.152	2.578	12.85	12.4	13.65	16.75	18.9	0.627
2026-01-01 17:45:00	-92.3536	30.1784	0	21.84	17.7	56.73020097677993	102.04	1.149	525.2	4.44	262.3	0	0	7.59	0.88	0	0.329	0.352	0.362	0.405	0.43	-0.1	-0.1	-0.1	0.728	1.098	1.023	1.152	2.578	13.15	12.5	13.65	16.75	18.9	0.615
2026-01-01 18:00:00	-92.3536	30.1784	0	22.75	18.1	52.86464206148801	102.01	1.098	521.6	3.94	263.4	0	0	6.91	0.97	0	0.329	0.352	0.361	0.405	0.43	-0.1	-0.1	-0.1	0.728	1.103	1.024	1.152	2.577	13.5	12.7	13.65	16.75	18.9	0.615
2026-01-01 18:15:00	-92.3536	30.1784	0	22.62	18.2	50.380658623617336	101.97	1.053	513.3	4.07	265.1	0	0	7.43	1.04	0	0.328	0.352	0.362	0.405	0.43	-0.1	-0.1	-0.1	0.727	1.102	1.023	1.152	2.577	13.8	12.8	13.7	16.75	18.9	0.622
2026-01-01 18:30:00	-92.3536	30.1784	0	22.17	18.2	48.84962246411519	101.94	1.021	486.3	3.67	256.8	0	0	6.89	1.06	0	0.328	0.351	0.362	0.405	0.43	-0.1	-0.1	-0.1	0.725	1.102	1.023	1.156	2.578	14.1	13	13.7	16.7	18.9	0.616
2026-01-01 18:45:00	-92.3536	30.1784	0	23.97	18.6	49.59982056451778	101.9	1.063	567.1	2.99	260.8	0	0	5.52	1.07	0	0.327	0.351	0.361	0.405	0.43	-0.1	-0.1	-0.1	0.725	1.107	1.026	1.153	2.572	14.4	13.2	13.7	16.7	18.9	0.606
2026-01-01 19:00:00	-92.3536	30.1784	0	23.94	18.8	48.891196474206915	101.86	1.061	543.3	2.45	249.3	0	0	4.77	1.1	0	0.327	0.351	0.361	0.405	0.43	-0.1	-0.1	-0.1	0.721	1.107	1.026	1.153	2.572	14.75	13.3	13.7	16.7	18.9	0.608
2026-01-01 19:15:00	-92.3536	30.1784	0	24.22	19.2	47.731171176302254	101.83	1.062	557.6	2.49	252.9	0	0	5.1	1.16	0	0.326	0.351	0.361	0.405	0.43	-0.1	-0.1	-0.1	0.718	1.108	1.025	1.153	2.578	15.049999999999999	13.5	13.75	16.7	18.9	0.606
2026-01-01 19:30:00	-92.3536	30.1784	0	24.25	19.4	47.27385227775853	101.81	1.065	569.4	2.63	246.5	0	0	5.42	1.19	0	0.326	0.351	0.361	0.405	0.43	-0.1	-0.1	-0.1	0.724	1.105	1.025	1.153	2.584	15.1	13.6	13.75	16.7	18.9	0.601
2026-01-01 19:45:00	-92.3536	30.1784	0	22.96	19.4	46.38608040399781	101.79	1.045	532	3.2	246.2	0	0	5.64	1.21	0	0.326	0.351	0.361	0.405	0.43	-0.1	-0.1	-0.1	0.736	1.107	1.028	1.153	2.578	15	13.8	13.75	16.7	18.9	0.602
