2026-01-01 06:00:00	-90.4313	30.701	0	4.86	5.7	70.97120348854291	101.54	0.65	0	0.65	215.9	0	0	0.87	0.26	0	0.302	0.301	0.318	0.359	0.307	-15.7	-3.9	-0.1	0.096	0.08	0.059	0.047	0.15	11.95	12.9	14.65	16.6	18.2	NA
2026-01-01 06:15:00	-90.4313	30.701	0	4.63	4.8	75.44692010560543	101.53	0.649	0	0.52	220.4	0	0	0.8	0.21	0	0.302	0.301	0.318	0.359	0.307	-15.7	-3.9	-0.1	0.096	0.08	0.057	0.047	0.152	11.95	12.9	14.65	16.6	18.2	NA
2026-01-01 06:30:00	-90.4313	30.701	0	4.56	4.6	76.03870570241224	101.52	0.645	0	0.53	203.5	0	0	0.98	0.2	0	0.302	0.301	0.318	0.359	0.307	-15.7	-3.9	-0.1	0.096	0.078	0.058	0.047	0.15	11.9	12.9	14.65	16.6	18.2	NA
2026-01-01 06:45:00	-90.4313	30.701	0	4.43	3.6	81.32578663946599	101.5	0.643	0	0.26	205.9	0	0	0.47	0.14	0	0.302	0.301	0.318	0.359	0.307	-15.7	-3.9	-0.1	0.096	0.078	0.058	0.046	0.15	11.85	12.8	14.65	16.6	18.2	NA
2026-01-01 07:00:00	-90.4313	30.701	0	4.34	3.2	83.2693760570352	101.48	0.64	0	0.24	219.8	0	0	0.43	0.13	0	0.302	0.301	0.318	0.359	0.307	-15.7	-3.9	-0.1	0.096	0.079	0.057	0.046	0.15	11.85	12.8	14.600000000000001	16.6	18.2	NA
2026-01-01 07:15:00	-90.4313	30.701	0	4.2	2.9	84.92764467514414	101.48	0.639	0	0.33	266.2	0	0	0.52	0.11	0	0.302	0.301	0.318	0.359	0.307	-15.6	-3.9	-0.1	0.096	0.078	0.059	0.047	0.15	11.75	12.8	14.600000000000001	16.6	18.2	NA
2026-01-01 07:30:00	-90.4313	30.701	0	4.06	2.5	87.37936841424477	101.47	0.639	0	0.18	282.9	0	0	0.37	0.09	0	0.302	0.301	0.318	0.359	0.307	-15.7	-4	-0.1	0.097	0.078	0.058	0.047	0.15	11.75	12.7	14.55	16.6	18.2	NA
2026-01-01 07:45:00	-90.4313	30.701	0	4.01	2.4	88.14230792340916	101.47	0.64	0	0.12	244.2	0	0	0.26	0.09	0	0.302	0.301	0.318	0.359	0.307	-15.6	-4	-0.1	0.096	0.078	0.058	0.047	0.15	11.7	12.7	14.55	16.6	18.2	NA
2026-01-01 08:00:00	-90.4313	30.701	0	3.92	2.4	88.28003027953949	101.47	0.641	0	0.19	319.2	0	0	0.36	0.09	0	0.302	0.301	0.318	0.359	0.307	-15.7	-4	-0.1	0.095	0.077	0.058	0.046	0.149	11.65	12.7	14.55	16.6	18.2	NA
2026-01-01 08:15:00	-90.4313	30.701	0	3.87	2.4	88.96864206019114	101.46	0.646	0	0.15	342.1	0	0	0.34	0.08	0	0.302	0.301	0.318	0.359	0.307	-15.6	-4.1	-0.1	0.096	0.078	0.057	0.046	0.149	11.65	12.6	14.55	16.6	18.2	NA
2026-01-01 08:30:00	-90.4313	30.701	0	3.83	2.4	89.51953148471243	101.46	0.65	0	0.3	343.2	0	0	0.6	0.08	0	0.302	0.301	0.318	0.359	0.307	-15.6	-4.1	-0.1	0.095	0.078	0.058	0.047	0.149	11.55	12.6	14.5	16.6	18.2	NA
2026-01-01 08:45:00	-90.4313	30.701	0	3.67	2.1	91.45817349190803	101.45	0.65	0	0.2	310	0	0	0.37	0.06	0	0.302	0.301	0.318	0.359	0.307	-15.6	-4.1	-0.1	0.096	0.08	0.058	0.047	0.149	11.55	12.6	14.5	16.6	18.2	NA
2026-01-01 09:00:00	-90.4313	30.701	0	3.36	1.5	93.42129120525894	101.43	0.636	0	0.19	241.1	0	0	0.32	0.05	0	0.302	0.301	0.318	0.359	0.306	-15.6	-4.1	-0.1	0.096	0.078	0.058	0.047	0.149	11.5	12.5	14.5	16.6	18.2	NA
2026-01-01 09:15:00	-90.4313	30.701	0	3.28	1.4	92.6158840688874	101.43	0.626	0	0.11	268.5	0	0	0.25	0.05	0	0.303	0.301	0.318	0.359	0.307	-15.6	-4.1	-0.1	0.096	0.078	0.058	0.047	0.15	11.45	12.5	14.5	16.6	18.2	NA
2026-01-01 09:30:00	-90.4313	30.701	0	3.15	1.1	93.58035534317246	101.42	0.619	0	0.2	245.3	0	0	0.35	0.04	0	0.302	0.301	0.318	0.359	0.306	-15.6	-4.2	-0.1	0.095	0.079	0.059	0.047	0.15	11.4	12.5	14.45	16.6	18.2	NA
2026-01-01 09:45:00	-90.4313	30.701	0	3.11	1.1	92.67327596989453	101.42	0.613	0	0.21	274.6	0	0	0.37	0.05	0	0.303	0.301	0.318	0.359	0.307	-15.6	-4.2	-0.1	0.096	0.08	0.058	0.048	0.15	11.35	12.4	14.45	16.6	18.2	NA
2026-01-01 10:00:00	-90.4313	30.701	0	3.08	1	92.88738964668119	101.41	0.61	0	0.22	253.3	0	0	0.3	0.04	0	0.303	0.301	0.318	0.359	0.307	-15.6	-4.2	-0.1	0.095	0.079	0.058	0.047	0.149	11.35	12.4	14.399999999999999	16.6	18.2	NA
2026-01-01 10:15:00	-90.4313	30.701	0	3.03	0.8	94.23894550068005	101.41	0.61	0	0.27	242.9	0	0	0.39	0.04	0	0.303	0.301	0.318	0.359	0.307	-15.6	-4.2	-0.1	0.096	0.078	0.059	0.046	0.15	11.25	12.4	14.399999999999999	16.6	18.2	NA
2026-01-01 10:30:00	-90.4313	30.701	0	2.95	0.7	94.92294452067564	101.41	0.61	0	0.26	246.4	0	0	0.4	0.03	0	0.303	0.302	0.318	0.359	0.306	-15.6	-4.2	-0.1	0.095	0.078	0.058	0.047	0.149	11.25	12.3	14.399999999999999	16.6	18.2	NA
2026-01-01 10:45:00	-90.4313	30.701	0	2.95	0.6	95.45574761524625	101.39	0.609	0	0.26	273.9	0	0	0.4	0.03	0	0.303	0.302	0.318	0.359	0.306	-15.6	-4.2	-0.1	0.095	0.078	0.058	0.047	0.15	11.2	12.3	14.399999999999999	16.549999999999997	18.2	NA
2026-01-01 11:00:00	-90.4313	30.701	0	3.04	0.8	94.23894550068005	101.38	0.61	0	0.29	277.8	0	0	0.51	0.04	0	0.303	0.302	0.318	0.359	0.307	-15.6	-4.2	-0.1	0.095	0.077	0.058	0.047	0.151	11.15	12.3	14.399999999999999	16.5	18.2	NA
2026-01-01 11:15:00	-90.4313	30.701	0	3.15	1	94.25785932999288	101.39	0.619	0	0.31	286.2	0	0	0.45	0.04	0	0.303	0.302	0.318	0.359	0.306	-15.6	-4.2	-0.1	0.095	0.078	0.057	0.047	0.15	11.1	12.2	14.35	16.5	18.1	NA
2026-01-01 11:30:00	-90.4313	30.701	0	3.19	1	95.32378019479087	101.39	0.626	0	0.29	283.9	0	0	0.49	0.03	0	0.303	0.302	0.318	0.359	0.306	-15.6	-4.2	-0.1	0.096	0.078	0.058	0.047	0.15	11.05	12.2	14.3	16.5	18.1	NA
2026-01-01 11:45:00	-90.4313	30.701	0	3.15	1	95.93287783181827	101.39	0.63	0	0.26	265.8	0	0	0.49	0.02	0	0.303	0.302	0.318	0.359	0.306	-15.6	-4.3	-0.1	0.095	0.078	0.058	0.047	0.149	11.05	12.2	14.3	16.5	18.1	NA
2026-01-01 12:00:00	-90.4313	30.701	0	3.03	0.8	96.86527676873179	101.39	0.627	0	0.26	262.2	0	0	0.48	0.02	0	0.303	0.302	0.318	0.359	0.306	-15.6	-4.3	-0.1	0.095	0.076	0.058	0.047	0.151	11	12.2	14.3	16.5	18.1	NA
2026-01-01 12:15:00	-90.4313	30.701	0	2.95	0.7	96.47905836527688	101.38	0.62	0	0.23	253.1	0	0	0.35	0.02	0	0.303	0.302	0.318	0.359	0.306	-15.6	-4.3	-0.1	0.095	0.077	0.058	0.047	0.149	10.95	12.1	14.3	16.5	18.1	NA
2026-01-01 12:30:00	-90.4313	30.701	0	2.79	0.6	96.86642368837798	101.38	0.618	0	0.19	222.9	0	0	0.29	0.02	0	0.303	0.302	0.318	0.359	0.306	-15.7	-4.3	-0.1	0.095	0.077	0.058	0.047	0.149	10.95	12.1	14.25	16.5	18.1	NA
2026-01-01 12:45:00	-90.4313	30.701	0	2.64	0.4	97.00841498392009	101.38	0.61	0	0.24	210.1	0	0	0.37	0.02	0	0.303	0.302	0.318	0.359	0.306	-15.7	-4.4	-0.1	0.095	0.078	0.058	0.047	0.15	10.9	12.1	14.25	16.5	18.1	NA
2026-01-01 13:00:00	-90.4313	30.701	0	2.62	0.3	96.59357753035717	101.38	0.603	0	0.3	232.8	0	0	0.45	0.02	0	0.303	0.302	0.318	0.359	0.306	-15.7	-4.4	-0.1	0.096	0.077	0.057	0.047	0.15	10.9	12	14.2	16.5	18.1	NA
2026-01-01 13:15:00	-90.4313	30.701	0	2.73	0.3	96.59357753035717	101.38	0.603	0	0.28	221.2	0	0	0.39	0.02	0	0.303	0.302	0.318	0.359	0.306	-15.7	-4.4	-0.1	0.094	0.077	0.058	0.047	0.15	10.85	12	14.2	16.5	18.1	NA
2026-01-01 13:30:00	-90.4313	30.701	0	3.01	0.4	97.00841498392009	101.39	0.61	4.3	0.2	241.7	0	0	0.38	0.02	0	0.303	0.302	0.318	0.359	0.306	-15.6	-4.4	-0.1	0.094	0.078	0.057	0.047	0.15	10.8	12	14.2	16.5	18.1	0.801
2026-01-01 13:45:00	-90.4313	30.701	0	3.5	0.8	95.93833632118411	101.39	0.621	10.9	0.21	265.4	0	0	0.39	0.03	0	0.303	0.302	0.318	0.359	0.306	-15.6	-4.5	-0.1	0.094	0.077	0.058	0.047	0.15	10.8	12	14.2	16.5	18.1	0.721
2026-01-01 14:00:00	-90.4313	30.701	0	4.32	1.3	95.96702276149415	101.4	0.644	17.4	0.19	257.9	0	0	0.32	0.03	0	0.303	0.302	0.318	0.359	0.306	-15.6	-4.5	-0.1	0.093	0.076	0.057	0.047	0.15	10.75	11.9	14.2	16.5	18.1	0.673
2026-01-01 14:15:00	-90.4313	30.701	0	4.92	2	95.65764811115471	101.42	0.675	22.5	0.17	188.3	0	0	0.41	0.03	0	0.303	0.302	0.318	0.359	0.306	-15.6	-4.5	-0.1	0.094	0.078	0.058	0.047	0.149	10.75	11.9	14.100000000000001	16.5	18.1	0.721
2026-01-01 14:30:00	-90.4313	30.701	0	5.85	3	94.75216455016846	101.44	0.718	35.6	0.18	133.4	0	0	0.48	0.04	0	0.303	0.302	0.318	0.359	0.306	-15.6	-4.5	-0.1	0.094	0.077	0.058	0.047	0.15	10.75	11.9	14.100000000000001	16.5	18.1	0.725
2026-01-01 14:45:00	-90.4313	30.701	0	7.62	5.1	93.69106741264785	101.47	0.823	71.3	0.21	288.1	0	0	0.59	0.05	0	0.303	0.302	0.318	0.359	0.306	-15.6	-4.6	-0.1	0.094	0.078	0.059	0.047	0.15	10.75	11.9	14.100000000000001	16.5	18.1	0.719
2026-01-01 15:00:00	-90.4313	30.701	0	9.8	8.2	86.53116589063654	101.52	0.941	56.9	0.51	256.2	0	0	1.69	0.15	0	0.303	0.302	0.318	0.359	0.306	-15.6	-4.6	-0.1	0.093	0.077	0.058	0.047	0.15	10.8	11.9	14.100000000000001	16.450000000000003	18.1	0.587
2026-01-01 15:15:00	-90.4313	30.701	0	11.57	10	85.67036027252661	101.56	1.052	158.9	0.85	276.8	0	0	2.36	0.17	0	0.303	0.302	0.318	0.359	0.306	-15.6	-4.6	-0.1	0.094	0.077	0.057	0.047	0.15	10.850000000000001	11.9	14.100000000000001	16.4	18.1	0.672
2026-01-01 15:30:00	-90.4313	30.701	0	12.75	10.8	81.8302754518236	101.61	1.06	108	1.37	240.9	0	0	3.52	0.24	0	0.303	0.302	0.318	0.359	0.306	-15.6	-4.6	-0.1	0.095	0.077	0.057	0.047	0.15	10.9	11.9	14.05	16.4	18.1	0.633
2026-01-01 15:45:00	-90.4313	30.701	0	13.72	11.4	74.40498427746327	101.62	1.003	73	1.23	235.2	0	0	4.05	0.34	0	0.303	0.302	0.318	0.359	0.306	-15.6	-4.6	-0.1	0.095	0.076	0.058	0.047	0.15	11	11.9	14	16.4	18.1	0.466
2026-01-01 16:00:00	-90.4313	30.701	0	12.53	12.3	71.09146842702026	101.62	1.017	82.8	0.85	263.9	0	0	3.49	0.41	0	0.303	0.302	0.318	0.359	0.306	-15.6	-4.6	-0.1	0.096	0.078	0.058	0.047	0.15	11.149999999999999	11.9	14	16.4	18.1	0.639
2026-01-01 16:15:00	-90.4313	30.701	0	13.25	13.5	66.36650984323072	101.62	1.027	71.8	1.29	238.6	0	0	3.17	0.52	0	0.302	0.302	0.318	0.359	0.306	-15.6	-4.6	-0.1	0.096	0.077	0.057	0.047	0.15	11.25	12	14	16.4	18.1	0.607
2026-01-01 16:30:00	-90.4313	30.701	0	13.98	14.1	64.38748080966823	101.62	1.036	204.6	1.27	243.7	0	0	3.35	0.57	0	0.302	0.302	0.318	0.359	0.306	-15.6	-4.6	-0.1	0.096	0.08	0.057	0.047	0.149	11.4	12	14	16.4	18.1	0.68
2026-01-01 16:45:00	-90.4313	30.701	0	18.9	15.2	61.36287421331258	101.62	1.06	296.5	1.69	244.1	0	0	4.41	0.67	0	0.302	0.302	0.318	0.359	0.306	-15.6	-4.6	-0.1	0.097	0.078	0.058	0.047	0.149	11.6	12.1	14	16.4	18.1	0.632
2026-01-01 17:00:00	-90.4313	30.701	0	18.41	15.6	57.49436926368733	101.6	1.019	281.8	1.46	259.6	0	0	3.16	0.75	0	0.302	0.302	0.318	0.359	0.306	-15.5	-4.6	-0.1	0.096	0.079	0.058	0.047	0.15	11.7	12.2	14	16.4	18.1	0.636
2026-01-01 17:15:00	-90.4313	30.701	0	16.2	16.5	50.66121045915255	101.56	0.951	84.2	1.22	270.1	0	0	3.24	0.92	0	0.302	0.301	0.318	0.359	0.306	-15.5	-4.6	-0.1	0.096	0.08	0.057	0.047	0.149	11.95	12.3	13.95	16.4	18.1	0.533
2026-01-01 17:30:00	-90.4313	30.701	0	15.89	16.9	47.00117927989302	101.53	0.905	129.1	1.56	263.5	0	0	3.73	1.02	0	0.301	0.301	0.318	0.359	0.306	-15.6	-4.7	-0.1	0.097	0.079	0.058	0.047	0.148	12.2	12.4	13.95	16.4	18.1	0.662
2026-01-01 17:45:00	-90.4313	30.701	0	16.96	17.2	47.79798900291855	101.49	0.938	192.4	1.19	284	0	0	2.79	1.02	0	0.301	0.301	0.318	0.359	0.306	-15.6	-4.7	-0.1	0.097	0.08	0.058	0.047	0.149	12.45	12.5	13.95	16.4	18.1	0.609
2026-01-01 18:00:00	-90.4313	30.701	0	16.76	17.9	44.02629016192164	101.46	0.903	103.7	1.12	286.9	0	0	3.06	1.15	0	0.301	0.301	0.318	0.358	0.306	-15.6	-4.7	-0.1	0.099	0.079	0.057	0.047	0.147	12.65	12.6	13.95	16.4	18.1	0.343
2026-01-01 18:15:00	-90.4313	30.701	0	22.41	18.4	42.523539486129565	101.42	0.9	139.3	1.63	242.6	0	0	4.15	1.22	0	0.301	0.301	0.318	0.358	0.306	-15.6	-4.7	-0.1	0.099	0.08	0.058	0.047	0.148	12.8	12.7	13.95	16.4	18	0.214
2026-01-01 18:30:00	-90.4313	30.701	0	24.81	18.8	44.00668485661414	101.38	0.955	469.9	1.88	234.5	0	0	3.79	1.21	0	0.301	0.301	0.318	0.358	0.306	-15.6	-4.7	-0.1	0.098	0.08	0.058	0.047	0.149	12.9	12.8	13.95	16.35	18	0.223
2026-01-01 18:45:00	-90.4313	30.701	0	26.47	18.8	44.0988454531725	101.34	0.957	510.8	1.46	258.7	0	0	3.37	1.21	0	0.3	0.301	0.318	0.358	0.306	-15.6	-4.7	-0.1	0.099	0.081	0.058	0.047	0.149	13.1	12.9	13.95	16.35	18	0.187
2026-01-01 19:00:00	-90.4313	30.701	0	26.9	19.2	42.74231995166049	101.31	0.951	438.2	2.12	214.1	0	0	4.21	1.27	0	0.3	0.301	0.318	0.358	0.306	-15.6	-4.8	-0.1	0.101	0.081	0.057	0.047	0.149	13.35	13	13.95	16.299999999999997	18	0.166
2026-01-01 19:15:00	-90.4313	30.701	0	26.26	19.3	41.49436669349946	101.28	0.929	397.1	2.05	231.9	0	0	4.35	1.31	0	0.3	0.301	0.318	0.358	0.306	-15.6	-4.8	-0.1	0.101	0.08	0.057	0.047	0.149	13.600000000000001	13.2	13.95	16.299999999999997	18	0.182
2026-01-01 19:30:00	-90.4313	30.701	0	23.52	19.6	39.76316109073597	101.26	0.907	202	2.06	230.7	0	0	4.95	1.38	0	0.3	0.301	0.318	0.358	0.306	-15.6	-4.8	-0.1	0.101	0.081	0.057	0.047	0.149	13.899999999999999	13.3	13.95	16.299999999999997	18	0.22
2026-01-01 19:45:00	-90.4313	30.701	0	25.62	19.8	37.97378056343733	101.25	0.877	151.2	1.75	236.9	0	0	3.79	1.43	0	0.299	0.301	0.317	0.358	0.306	-15.6	-4.9	-0.1	0.101	0.081	0.058	0.047	0.149	14.2	13.5	14	16.299999999999997	18	0.2
