2026-03-07 06:00:00	-92.3891	31.1749	0	22.27	22.9	87.69951566633486	101.5	2.449	0	3.71	137.5	0	0	7.82	0.34	0	0.207	0.271	0.363	0.388	0.421	-348.7	-114.5	-0.1	1.882	1.276	2.93	3.37	3.688	20.7	20.1	19.15	17.75	16.9	NA
2026-03-07 06:15:00	-92.3891	31.1749	0	22.49	23	87.8111683396304	101.5	2.467	0	3.9	137.7	0	0	8.4	0.34	0	0.207	0.271	0.363	0.388	0.421	-350	-114.6	-0.1	1.887	1.276	2.93	3.37	3.68	20.65	20.1	19.15	17.75	16.9	NA
2026-03-07 06:30:00	-92.3891	31.1749	0	22.59	23.1	87.56489351135049	101.51	2.475	0	3.55	135	0	0	6.6	0.34	0	0.207	0.271	0.363	0.388	0.421	-351.2	-114.6	-0.1	1.887	1.276	2.931	3.369	3.688	20.6	20.1	19.15	17.799999999999997	16.9	NA
2026-03-07 06:45:00	-92.3891	31.1749	0	22.44	23	87.91795127640337	101.51	2.47	0	3.16	132.7	0	0	6.33	0.35	0	0.207	0.271	0.363	0.388	0.421	-352	-114.8	-0.1	1.887	1.27	2.925	3.369	3.688	20.6	20.1	19.15	17.799999999999997	16.9	NA
2026-03-07 07:00:00	-92.3891	31.1749	0	22.25	23	87.7399797151151	101.51	2.465	0	3.47	136.1	0	0	5.81	0.35	0	0.207	0.271	0.363	0.388	0.421	-352.2	-114.6	-0.1	1.887	1.274	2.925	3.37	3.688	20.6	20	19.15	17.799999999999997	16.9	NA
2026-03-07 07:15:00	-92.3891	31.1749	0	22.11	23	87.63319677834214	101.51	2.462	0	3.38	134.2	0	0	5.67	0.34	0	0.207	0.271	0.363	0.388	0.421	-352.9	-114.8	-0.1	1.887	1.274	2.925	3.369	3.688	20.55	20	19.15	17.799999999999997	16.9	NA
2026-03-07 07:30:00	-92.3891	31.1749	0	22.3	23	87.8111683396304	101.51	2.467	0	3.12	130.9	0	0	5.4	0.34	0	0.207	0.271	0.363	0.388	0.421	-353.8	-114.9	-0.1	1.887	1.274	2.925	3.369	3.688	20.55	20	19.15	17.799999999999997	16.9	NA
2026-03-07 07:45:00	-92.3891	31.1749	0	22.38	23	88.30948871123753	101.51	2.481	0	3.07	137.3	0	0	6.94	0.33	0	0.207	0.271	0.363	0.388	0.421	-354.6	-114.9	-0.1	1.887	1.274	2.926	3.369	3.689	20.55	20	19.15	17.799999999999997	16.9	NA
2026-03-07 08:00:00	-92.3891	31.1749	0	22.15	22.9	88.55896375779753	101.5	2.473	0	2.8	130.2	0	0	4.87	0.32	0	0.207	0.271	0.362	0.388	0.421	-354.7	-114.9	-0.1	1.888	1.274	2.926	3.369	3.688	20.5	20	19.15	17.799999999999997	16.9	NA
2026-03-07 08:15:00	-92.3891	31.1749	0	21.76	22.8	88.70054387209512	101.48	2.462	0	2.82	129.9	0	0	5.78	0.31	0	0.207	0.271	0.362	0.388	0.421	-355.5	-115.1	-0.1	1.884	1.275	2.926	3.369	3.689	20.5	20	19.15	17.799999999999997	16.9	NA
2026-03-07 08:30:00	-92.3891	31.1749	0	22.15	22.8	88.88068307573464	101.48	2.467	0	2.81	129.3	0	0	4.64	0.31	0	0.207	0.271	0.362	0.388	0.421	-355.9	-115.1	-0.1	1.888	1.274	2.926	3.369	3.689	20.5	20	19.15	17.85	16.9	NA
2026-03-07 08:45:00	-92.3891	31.1749	0	22.22	22.8	89.27698932374156	101.47	2.478	0	2.6	127.3	0	0	4.84	0.3	0	0.207	0.271	0.363	0.388	0.421	-356.4	-115.1	-0.1	1.883	1.272	2.926	3.368	3.688	20.5	20	19.15	17.85	16.9	NA
2026-03-07 09:00:00	-92.3891	31.1749	0	21.98	22.7	89.49343367548205	101.45	2.469	0	2.47	127.2	0	0	5.51	0.29	0	0.207	0.271	0.362	0.388	0.421	-356.8	-115.2	-0.1	1.884	1.272	2.927	3.367	3.688	20.45	20	19.15	17.85	16.9	NA
2026-03-07 09:15:00	-92.3891	31.1749	0	21.86	22.7	89.42094000705316	101.45	2.467	0	2.69	133.4	0	0	4.78	0.29	0	0.207	0.271	0.362	0.389	0.421	-357.4	-115.3	-0.1	1.884	1.275	2.927	3.367	3.697	20.45	19.9	19.15	17.85	16.9	NA
2026-03-07 09:30:00	-92.3891	31.1749	0	21.86	22.7	89.38469317283872	101.44	2.466	0	2.66	130.7	0	0	4.37	0.29	0	0.207	0.271	0.362	0.388	0.421	-357.2	-115.3	-0.1	1.883	1.272	2.926	3.367	3.688	20.45	19.9	19.15	17.85	16.9	NA
2026-03-07 09:45:00	-92.3891	31.1749	0	21.75	22.6	89.67316177161482	101.43	2.459	0	2.66	132.4	0	0	5.08	0.29	0	0.207	0.271	0.362	0.389	0.421	-358.1	-115.4	-0.1	1.888	1.272	2.927	3.367	3.689	20.45	19.9	19.15	17.85	16.9	NA
2026-03-07 10:00:00	-92.3891	31.1749	0	21.59	22.6	89.56375978490686	101.44	2.456	0	2.57	133.1	0	0	5.51	0.29	0	0.207	0.271	0.362	0.389	0.421	-358.7	-115.3	-0.1	1.889	1.273	2.928	3.367	3.689	20.4	19.9	19.15	17.85	16.9	NA
2026-03-07 10:15:00	-92.3891	31.1749	0	21.41	22.5	89.6687376357659	101.44	2.444	0	2.62	133.7	0	0	4.93	0.28	0	0.207	0.271	0.362	0.389	0.421	-359.2	-115.5	-0.1	1.889	1.273	2.927	3.367	3.689	20.4	19.9	19.15	17.85	16.9	NA
2026-03-07 10:30:00	-92.3891	31.1749	0	21.39	22.6	88.94381519356183	101.43	2.439	0	2.88	131.9	0	0	5.73	0.29	0	0.207	0.271	0.362	0.389	0.421	-359.4	-115.4	-0.1	1.889	1.27	2.928	3.367	3.689	20.4	19.9	19.15	17.85	16.9	NA
2026-03-07 10:45:00	-92.3891	31.1749	0	21.21	22.4	89.69826814131727	101.44	2.43	0	2.61	131.1	0	0	4.82	0.28	0	0.207	0.27	0.362	0.389	0.421	-360.2	-115.5	-0.1	1.888	1.273	2.927	3.367	3.689	20.35	19.9	19.15	17.85	16.9	NA
2026-03-07 11:00:00	-92.3891	31.1749	0	21.16	22.4	89.47679093603006	101.44	2.424	0	2.53	132.3	0	0	4.55	0.28	0	0.207	0.27	0.362	0.389	0.421	-360.9	-115.5	-0.1	1.889	1.27	2.928	3.366	3.689	20.35	19.9	19.1	17.85	16.9	NA
2026-03-07 11:15:00	-92.3891	31.1749	0	20.88	22.2	90.08592749701347	101.45	2.411	0	2.18	129.2	0	0	3.87	0.26	0	0.207	0.27	0.362	0.389	0.421	-361.7	-115.5	-0.1	1.89	1.273	2.924	3.366	3.697	20.35	19.9	19.1	17.85	16.9	NA
2026-03-07 11:30:00	-92.3891	31.1749	0	21.32	22.3	90.13376721073419	101.46	2.427	0	2.2	129.7	0	0	4.13	0.26	0	0.207	0.27	0.362	0.389	0.421	-362.5	-115.5	-0.1	1.889	1.273	2.929	3.366	3.698	20.3	19.8	19.1	17.9	16.9	NA
2026-03-07 11:45:00	-92.3891	31.1749	0	21.4	22.2	91.0200412205412	101.45	2.436	0	1.9	121.6	0	0	3.88	0.24	0	0.207	0.27	0.362	0.389	0.421	-363.1	-115.5	-0.1	1.889	1.274	2.925	3.366	3.689	20.25	19.8	19.1	17.9	16.9	NA
2026-03-07 12:00:00	-92.3891	31.1749	0	21.65	22.2	91.20686396524674	101.45	2.441	0	1.8	122.6	0	0	3.12	0.24	0	0.207	0.27	0.362	0.389	0.421	-363.3	-115.6	-0.1	1.89	1.271	2.924	3.375	3.69	20.25	19.8	19.1	17.9	16.9	NA
2026-03-07 12:15:00	-92.3891	31.1749	0	21.5	22.2	91.4310512588934	101.45	2.447	0	1.87	121.2	0	0	3.03	0.23	0	0.207	0.27	0.362	0.389	0.421	-364.8	-115.5	-0.1	1.884	1.271	2.923	3.366	3.689	20.25	19.8	19.1	17.9	16.9	NA
2026-03-07 12:30:00	-92.3891	31.1749	0	21.4	22.1	91.83902088426063	101.44	2.443	0	2.37	121.8	0	0	4.38	0.21	0	0.207	0.27	0.362	0.389	0.421	-365	-115.7	-0.1	1.885	1.271	2.923	3.374	3.689	20.2	19.8	19.1	17.9	16.9	NA
2026-03-07 12:45:00	-92.3891	31.1749	0	21.03	21.9	92.43266643844282	101.43	2.429	6.8	2.5	122.4	0	0	4.08	0.2	0	0.207	0.27	0.362	0.388	0.421	-366.3	-115.7	-0.1	1.886	1.271	2.924	3.375	3.698	20.2	19.8	19.1	17.9	16.9	1
2026-03-07 13:00:00	-92.3891	31.1749	0	21.27	21.9	92.54682782144626	101.42	2.432	34.3	2.56	123	0	0	4.95	0.19	0	0.207	0.27	0.362	0.389	0.421	-366	-115.7	-0.1	1.886	1.271	2.926	3.375	3.69	20.2	19.8	19.1	17.9	16.9	0.877
2026-03-07 13:15:00	-92.3891	31.1749	0	21.59	22.1	92.62846805518551	101.41	2.464	67.9	2.79	128	0	0	5.39	0.2	0	0.207	0.27	0.362	0.389	0.421	-366.9	-115.7	-0.1	1.885	1.268	2.918	3.374	3.69	20.15	19.8	19.1	17.9	16.9	0.851
2026-03-07 13:30:00	-92.3891	31.1749	0	22.16	22.4	92.98351335307744	101.41	2.519	111.8	3.27	128.6	0	0	5.94	0.19	0	0.207	0.27	0.362	0.389	0.421	-368.2	-115.7	-0.1	1.886	1.265	2.926	3.374	3.698	20.15	19.8	19.1	17.9	16.9	0.843
2026-03-07 13:45:00	-92.3891	31.1749	0	22.85	22.8	92.84374555580386	101.43	2.577	159.1	3.47	131.7	0	0	5.83	0.2	0	0.207	0.27	0.362	0.389	0.421	-367.8	-115.9	-0.1	1.885	1.265	2.925	3.366	3.698	20.15	19.8	19.1	17.9	16.9	0.847
2026-03-07 14:00:00	-92.3891	31.1749	0	23.49	23.3	91.47723263235639	101.46	2.617	191.1	4.13	139.2	0	0	8.69	0.24	0	0.207	0.27	0.362	0.389	0.421	-368.5	-116	-0.1	1.885	1.266	2.926	3.365	3.699	20.15	19.8	19.1	17.95	16.9	0.844
2026-03-07 14:15:00	-92.3891	31.1749	0	24.15	23.8	89.50968519232515	101.49	2.639	238.1	4.31	137.5	0	0	8.55	0.3	0	0.207	0.27	0.362	0.389	0.421	-368.5	-116.1	-0.1	1.885	1.269	2.926	3.364	3.698	20.15	19.7	19.1	17.95	16.9	0.845
2026-03-07 14:30:00	-92.3891	31.1749	0	25.02	24.2	88.51210794123602	101.5	2.673	294.8	4.4	131.9	0	0	7.75	0.34	0	0.207	0.27	0.362	0.389	0.421	-369.9	-116.6	-0.1	1.885	1.269	2.927	3.364	3.698	20.25	19.7	19.1	17.95	16.9	0.844
2026-03-07 14:45:00	-92.3891	31.1749	0	24.89	24.4	86.93482315617756	101.51	2.657	208.9	4.52	141.5	0	0	7.1	0.4	0	0.207	0.27	0.362	0.389	0.421	-369.7	-117.1	-0.1	1.884	1.269	2.92	3.365	3.699	20.25	19.7	19.1	17.95	16.9	0.849
2026-03-07 15:00:00	-92.3891	31.1749	0	24.81	24.5	85.11540526063067	101.54	2.617	170.2	4.39	150.6	0	0	8.08	0.46	0	0.207	0.27	0.362	0.389	0.421	-370.3	-117.6	-0.1	1.88	1.266	2.92	3.365	3.699	20.35	19.8	19.1	17.95	16.9	0.845
2026-03-07 15:15:00	-92.3891	31.1749	0	25.99	25	82.92879849118773	101.56	2.627	320.6	5.17	154.5	0	0	8.94	0.53	0	0.207	0.27	0.362	0.389	0.421	-369.7	-118.1	-0.1	1.874	1.269	2.921	3.365	3.69	20.35	19.8	19.1	17.95	16.9	0.844
2026-03-07 15:30:00	-92.3891	31.1749	0	25	24.9	83.13862130505005	101.59	2.618	158	4.38	164	0	0	7.68	0.53	0	0.207	0.27	0.362	0.389	0.421	-371	-118.7	-0.1	1.874	1.266	2.921	3.365	3.699	20.45	19.8	19.1	17.95	16.9	0.845
2026-03-07 15:45:00	-92.3891	31.1749	0	25.48	24.9	82.47173396837853	101.59	2.597	245	4.83	160.1	0	0	9.03	0.55	0	0.207	0.27	0.362	0.389	0.421	-370.4	-119.4	-0.1	1.879	1.267	2.92	3.365	3.69	20.55	19.8	19.1	17.95	16.9	0.839
2026-03-07 16:00:00	-92.3891	31.1749	0	26.83	25.5	80.9289424380069	101.59	2.641	380.3	5.15	162.6	0	0	9.06	0.62	0	0.207	0.27	0.362	0.389	0.421	-370.4	-120.2	-0.1	1.873	1.27	2.922	3.365	3.691	20.65	19.8	19.1	17.95	16.9	0.833
2026-03-07 16:15:00	-92.3891	31.1749	0	27.46	25.9	78.6744103379093	101.58	2.629	451.7	6.23	153.6	0	0	10.97	0.72	0	0.207	0.27	0.361	0.388	0.421	-371.2	-121.2	-0.1	1.873	1.27	2.923	3.374	3.69	20.700000000000003	19.8	19.1	17.95	16.9	0.827
2026-03-07 16:30:00	-92.3891	31.1749	0	27.01	25.9	78.075898277522	101.59	2.609	326.9	5.42	162.4	0	0	11.36	0.74	0	0.207	0.269	0.361	0.389	0.421	-371.7	-122.2	-0.1	1.868	1.273	2.923	3.365	3.69	20.75	19.9	19.1	17.95	16.9	0.83
2026-03-07 16:45:00	-92.3891	31.1749	0	27.91	26.2	77.5860054426395	101.61	2.639	432.3	5.04	168.2	0	0	8.5	0.75	0	0.207	0.269	0.361	0.388	0.421	-372.2	-123.1	-0.1	1.863	1.273	2.924	3.367	3.69	20.85	19.9	19.1	17.95	16.9	0.822
2026-03-07 17:00:00	-92.3891	31.1749	0	31.28	27.6	74.0092436918119	101.6	2.733	722.3	5.39	169.5	0	0	9.31	0.95	0	0.207	0.269	0.361	0.388	0.421	-374.1	-124.2	-0.1	1.863	1.274	2.924	3.367	3.69	20.95	19.9	19.1	17.95	16.9	0.813
2026-03-07 17:15:00	-92.3891	31.1749	0	27.79	26.5	75.12819541656347	101.59	2.601	363.8	5.24	177.5	0	0	11.93	0.86	0	0.206	0.269	0.361	0.388	0.421	-373.8	-125.6	-0.1	1.867	1.274	2.925	3.367	3.69	21.05	20	19.1	17.95	16.9	0.819
2026-03-07 17:30:00	-92.3891	31.1749	0	29.91	27.3	72.67317993021932	101.58	2.637	584.9	6.01	155.8	0	0	10.95	0.99	0	0.206	0.269	0.361	0.388	0.421	-375	-127	-0.1	1.862	1.274	2.926	3.367	3.69	21.200000000000003	20	19.1	17.95	16.9	0.812
2026-03-07 17:45:00	-92.3891	31.1749	0	27.62	26.8	71.94102519316837	101.59	2.535	343.6	4.95	161.9	0	0	8.66	0.98	0	0.206	0.269	0.361	0.388	0.421	-374.6	-128.3	-0.1	1.857	1.277	2.927	3.368	3.691	21.299999999999997	20.1	19.1	18	16.9	0.816
2026-03-07 18:00:00	-92.3891	31.1749	0	30.35	27.8	71.73188448747095	101.57	2.68	557.5	4.46	162.5	0	0	7.72	1.06	0	0.206	0.268	0.361	0.388	0.421	-375.1	-129.5	-0.1	1.856	1.278	2.927	3.368	3.69	21.5	20.1	19.1	18	16.9	0.804
2026-03-07 18:15:00	-92.3891	31.1749	0	29.47	27.7	71.55927150082339	101.55	2.658	458.6	4.66	171.1	0	0	7.96	1.05	0	0.206	0.268	0.361	0.388	0.421	-375.7	-131	-0.1	1.852	1.281	2.928	3.368	3.69	21.6	20.2	19.1	18	16.9	0.809
2026-03-07 18:30:00	-92.3891	31.1749	0	30.95	28	70.53039985588848	101.53	2.666	755.7	5.27	154.4	0	0	8.4	1.12	0	0.206	0.268	0.361	0.388	0.421	-375.9	-132.3	-0.1	1.851	1.284	2.929	3.369	3.691	21.700000000000003	20.2	19.1	18	16.9	0.789
2026-03-07 18:45:00	-92.3891	31.1749	0	29.07	27.8	70.66125934586691	101.48	2.64	412.7	4.82	193.1	0	0	8.48	1.09	0	0.206	0.268	0.361	0.388	0.421	-376.3	-133.8	-0.1	1.846	1.281	2.929	3.37	3.69	21.85	20.3	19.1	18	16.9	0.792
2026-03-07 19:00:00	-92.3891	31.1749	0	27.86	27	72.72798308538086	101.45	2.593	389	4.68	188.1	27	1	9.46	0.98	0	0.206	0.268	0.361	0.388	0.421	-376.1	-135.1	-0.1	1.841	1.284	2.929	3.37	3.691	21.95	20.4	19.15	18	16.9	0.811
2026-03-07 19:15:00	-92.3891	31.1749	0	26.74	26.2	76.0572171580555	101.44	2.587	292.4	4.7	162.5	17	1	10.82	0.81	0	0.206	0.268	0.36	0.388	0.421	-374.9	-136.3	-0.1	1.845	1.287	2.929	3.371	3.691	22.1	20.4	19.15	18	16.9	0.815
2026-03-07 19:30:00	-92.3891	31.1749	0.017	23.32	24.1	79.450355595119035	101.44	2.385	104.8	4.31	168.8	12	2	10.57	0.61	0	0.206	0.268	0.36	0.388	0.421	-374.4	-137.4	-0.1	1.844	1.286	2.931	3.372	3.698	22.2	20.5	19.15	18	17	0.848
2026-03-07 19:45:00	-92.3891	31.1749	0	23.87	23.5	84.78583695153027	101.45	2.455	140.6	2.43	167.6	12	1	4.93	0.44	0	0.206	0.268	0.36	0.388	0.421	-371.1	-138	-0.1	1.844	1.289	2.931	3.363	3.697	22.25	20.5	19.15	18	17	0.848
2026-03-07 20:00:00	-92.3891	31.1749	0	25.6	24.2	84.86963436340739	101.4	2.563	245.6	2.19	148.8	0	0	3.9	0.45	0	0.206	0.268	0.36	0.388	0.421	-367.6	-138.5	-0.1	1.848	1.291	2.931	3.371	3.698	22.3	20.6	19.200000000000003	18	17	0.842
2026-03-07 20:15:00	-92.3891	31.1749	0	27.14	25	85.07541375475866	101.35	2.695	414.3	3.4	152.1	20	1	6.38	0.48	0	0.206	0.268	0.36	0.388	0.421	-366.1	-138.8	-0.1	1.852	1.295	2.931	3.363	3.698	22.3	20.6	19.200000000000003	18	17	0.831
2026-03-07 20:30:00	-92.3891	31.1749	0	26.43	25.3	83.07420860937408	101.3	2.679	287.8	3.46	159.7	0	0	5.93	0.55	0	0.206	0.268	0.36	0.388	0.421	-365.3	-139.3	-0.1	1.853	1.295	2.929	3.363	3.698	22.3	20.7	19.25	18	17	0.839
2026-03-07 20:45:00	-92.3891	31.1749	0	25.36	25.2	83.0080742861606	101.3	2.661	173.8	3.06	173.3	0	0	5.2	0.54	0	0.206	0.268	0.36	0.388	0.421	-364.3	-140.1	-0.1	1.853	1.291	2.93	3.371	3.698	22.3	20.7	19.25	18	17	0.844
2026-03-07 21:00:00	-92.3891	31.1749	0	26.11	25	84.28621696668111	101.26	2.67	266.7	1.94	171.7	18	9	3.47	0.49	0	0.206	0.268	0.36	0.388	0.421	-363.7	-140.6	-0.1	1.855	1.294	2.937	3.362	3.698	22.35	20.7	19.25	18.05	17	0.843
2026-03-07 21:15:00	-92.3891	31.1749	0	27.24	25.7	85.36509924355049	101.29	2.819	303.3	2.32	163.6	9	24	4.99	0.47	0	0.206	0.268	0.36	0.388	0.421	-362.2	-141.2	-0.1	1.855	1.291	2.937	3.37	3.698	22.4	20.8	19.25	18.05	17	0.843
2026-03-07 21:30:00	-92.3891	31.1749	1.157	22.36	23.2	89.32330169535756	101.33	2.54	38.2	5.17	177	5	28	11.31	0.31	0.156	0.206	0.267	0.36	0.388	0.421	-360.4	-141.6	-0.1	1.856	1.295	2.937	3.37	3.706	22.4	20.8	19.25	18.05	17	0.863
2026-03-07 21:45:00	-92.3891	31.1749	4.864	20.47	19.8	95.21589904104752	101.32	2.199	26.8	3.48	165.8	1	37	9.7	0.1	0.011	0.206	0.315	0.362	0.388	0.423	-358.7	-142	-0.1	1.86	1.925	2.921	3.363	3.687	22.4	20.8	19.3	18.05	17	0.893
2026-03-07 22:00:00	-92.3891	31.1749	1.902	21.74	19.9	97.68290285614086	101.33	2.27	147.8	1.98	153.3	1	26	3.98	0.05	0.006	0.206	0.345	0.38	0.401	0.426	-357.4	-128.9	-0.1	1.875	2.108	2.805	3.39	3.65	22.4	20.9	19.35	18.200000000000003	17	0.868
2026-03-07 22:15:00	-92.3891	31.1749	0.051	22.44	19.9	99.70541229853674	101.35	2.317	130.2	1.05	227.2	6	11	2.05	0	0	0.206	0.332	0.382	0.411	0.426	-356.1	-47.5	-0.1	1.887	2.031	2.78	3.402	3.659	22.4	20.9	19.35	18.35	17	0.871
2026-03-07 22:30:00	-92.3891	31.1749	0.409	21.76	20	100	101.36	2.341	69.2	1.39	194.6	5	16	3.18	0	0.004	0.206	0.326	0.381	0.411	0.426	-354.5	-12.1	-0.1	1.887	1.984	2.78	3.412	3.65	22.3	20.9	19.4	18.35	17	0.87
2026-03-07 22:45:00	-92.3891	31.1749	0.596	23.25	20.2	99.8146607964595	101.34	2.363	217.8	1.03	256.1	1	8	2.52	0	0.007	0.207	0.323	0.38	0.411	0.426	-353.5	-0.1	-0.1	1.887	1.965	2.778	3.409	3.65	22.2	20.9	19.450000000000003	18.299999999999997	17	0.86
2026-03-07 23:00:00	-92.3891	31.1749	0	24.53	20.7	99.81389351438027	101.29	2.437	315.6	1.54	183.2	5	1	2.74	0	0	0.207	0.321	0.378	0.411	0.426	-351.3	-0.1	-0.1	1.886	1.951	2.79	3.417	3.658	22.15	20.9	19.450000000000003	18.299999999999997	17	0.858
2026-03-07 23:15:00	-92.3891	31.1749	0	23.17	21.3	99.91295685662443	101.26	2.531	125.7	2.1	174.3	0	0	3.73	0	0	0.207	0.32	0.375	0.412	0.426	-352	-0.1	-0.1	1.887	1.939	2.816	3.422	3.649	22.1	20.9	19.450000000000003	18.299999999999997	17	0.862
2026-03-07 23:30:00	-92.3891	31.1749	0	22.47	21.5	99.63267632908955	101.28	2.555	43.6	1.67	156	0	0	3.33	0	0	0.207	0.319	0.373	0.412	0.426	-352.2	-0.1	-0.1	1.89	1.927	2.831	3.418	3.649	22.1	20.9	19.450000000000003	18.299999999999997	17	0.896
2026-03-07 23:45:00	-92.3891	31.1749	0	21.9	21.3	99.83400548810872	101.29	2.529	19.9	1.12	140.3	27	1	1.75	0	0	0.207	0.317	0.372	0.412	0.426	-351	-0.1	-0.1	1.885	1.923	2.832	3.425	3.649	22.1	20.9	19.450000000000003	18.299999999999997	17	0.938
2026-03-08 00:00:00	-92.3891	31.1749	0	21.58	21.4	99.30277764178895	101.29	2.531	9.4	1.26	158.8	0	0	2.23	0.02	0	0.207	0.317	0.372	0.412	0.426	-350.8	-0.1	-0.1	1.885	1.919	2.838	3.425	3.649	22.1	20.9	19.5	18.299999999999997	17	1
2026-03-08 00:15:00	-92.3891	31.1749	0	21.79	21.8	98.24371531869281	101.27	2.566	0	1.81	179.4	27	1	2.92	0.04	0	0.207	0.316	0.371	0.412	0.426	-351.4	-0.1	-0.1	1.885	1.91	2.843	3.425	3.648	22.05	20.9	19.549999999999997	18.25	17	NA
2026-03-08 00:30:00	-92.3891	31.1749	0	21.69	21.9	98.7115425036314	101.29	2.594	0	0.84	160	15	6	2.4	0.03	0	0.207	0.315	0.371	0.412	0.426	-351.2	-0.1	-0.1	1.89	1.905	2.845	3.424	3.648	22	20.9	19.549999999999997	18.25	17	NA
2026-03-08 00:45:00	-92.3891	31.1749	0.136	22.08	22	98.48970380438725	101.37	2.604	0	1.02	31.6	11	2	2.26	0.03	0.007	0.207	0.314	0.371	0.412	0.426	-350.7	-0.1	-0.1	1.89	1.896	2.84	3.425	3.648	22	20.9	19.549999999999997	18.25	17	NA
2026-03-08 01:00:00	-92.3891	31.1749	0.97	19.92	19.4	100	101.37	2.263	0	4.57	344.1	14	1	10.03	0	0.012	0.207	0.313	0.37	0.412	0.426	-351.2	-0.1	-0.1	1.895	1.888	2.847	3.428	3.648	21.95	20.9	19.549999999999997	18.25	17	NA
2026-03-08 01:15:00	-92.3891	31.1749	0	18.83	17.9	99.90018664648663	101.41	2.049	0	6.69	356.6	14	2	9.69	0	0	0.207	0.312	0.37	0.412	0.426	-351.5	-0.1	-0.1	1.895	1.878	2.85	3.436	3.648	21.9	20.9	19.549999999999997	18.25	17	NA
2026-03-08 01:30:00	-92.3891	31.1749	0	18.53	17.6	100	101.5	2.013	0	5.3	7.9	21	2	9.52	0	0	0.207	0.312	0.37	0.412	0.426	-351.9	-0.1	-0.1	1.895	1.858	2.845	3.438	3.648	21.8	20.9	19.549999999999997	18.25	17	NA
2026-03-08 01:45:00	-92.3891	31.1749	0.119	18.39	17.5	98.90064409539215	101.57	1.978	0	3.94	343.2	17	1	6.93	0.02	0	0.207	0.312	0.37	0.412	0.426	-352.5	-0.1	-0.1	1.9	1.847	2.846	3.439	3.647	21.8	20.9	19.6	18.25	17	NA
2026-03-08 02:00:00	-92.3891	31.1749	3.962	17.89	17.2	99.01012007747414	101.62	1.943	0	3.23	358.3	17	3	6.93	0.02	0.007	0.207	0.32	0.37	0.412	0.426	-353.2	-0.1	-0.1	1.906	1.957	2.851	3.437	3.647	21.7	20.9	19.6	18.25	17	NA
2026-03-08 02:15:00	-92.3891	31.1749	1.396	17.52	16.9	98.83231399959827	101.55	1.903	0	3.81	34.2	8	3	6.18	0.02	0.002	0.209	0.382	0.404	0.413	0.426	-354	-0.1	-0.1	2.178	2.213	3.193	3.425	3.657	21.6	20.9	19.700000000000003	18.25	17	NA
2026-03-08 02:30:00	-92.3891	31.1749	0.017	17.61	16.9	98.67650898541076	101.59	1.9	0	3.07	27.5	8	1	4.79	0.02	0	0.212	0.385	0.409	0.413	0.426	-355.2	-0.1	-0.1	2.047	2.172	3.253	3.42	3.648	21.5	20.8	19.75	18.25	17	NA
2026-03-08 02:45:00	-92.3891	31.1749	0	17.74	16.9	99.24779403743156	101.65	1.911	0	1.93	16.8	0	0	4.51	0.01	0	0.212	0.383	0.409	0.413	0.426	-356.8	-0.1	-0.1	1.951	2.159	3.255	3.421	3.656	21.4	20.8	19.799999999999997	18.25	17	NA
2026-03-08 03:00:00	-92.3891	31.1749	1.868	17.69	16.9	99.45553405634823	101.65	1.915	0	1.79	35.9	0	0	3.54	0.01	0.003	0.214	0.382	0.409	0.413	0.426	-356.8	-0.1	-0.1	1.914	2.192	3.255	3.418	3.647	21.3	20.7	19.799999999999997	18.25	17	NA
2026-03-08 03:15:00	-92.3891	31.1749	0.306	17.7	17	99.08504498559971	101.58	1.92	0	2.97	24.3	0	0	5	0.01	0.004	0.224	0.386	0.41	0.414	0.426	-357.4	-0.1	-0.1	1.842	2.219	3.259	3.416	3.656	21.2	20.7	19.799999999999997	18.25	17	NA
2026-03-08 03:30:00	-92.3891	31.1749	0.749	17.71	17	99.23986536838972	101.6	1.923	0	1.69	5.8	0	0	3.36	0.02	0.004	0.23	0.387	0.41	0.414	0.426	-356.3	-0.1	-0.1	1.812	2.211	3.257	3.415	3.656	21.1	20.7	19.799999999999997	18.25	17	NA
2026-03-08 03:45:00	-92.3891	31.1749	0.953	17.79	17.2	98.90820538876855	101.67	1.941	0	2.22	278.5	0	0	3.75	0.02	0.005	0.239	0.39	0.41	0.414	0.426	-274.9	-0.1	-0.1	1.778	2.224	3.247	3.415	3.656	21	20.6	19.799999999999997	18.299999999999997	17	NA
2026-03-08 04:00:00	-92.3891	31.1749	1.817	17.79	17.2	99.62160820970763	101.68	1.955	0	2.68	311	0	0	5.07	0.01	0.003	0.254	0.402	0.411	0.414	0.426	-52.3	-0.1	-0.1	1.778	2.237	3.225	3.414	3.655	20.9	20.6	19.799999999999997	18.299999999999997	17	NA
2026-03-08 04:15:00	-92.3891	31.1749	1.072	17.85	17.2	99.774480242766	101.63	1.958	0	2.18	345.6	0	0	3.51	0.01	0.002	0.271	0.408	0.412	0.414	0.426	-2.2	-0.1	-0.1	2.264	2.363	3.21	3.412	3.656	20.8	20.6	19.85	18.299999999999997	17	NA
2026-03-08 04:30:00	-92.3891	31.1749	0.97	17.85	17.3	99.75305507389353	101.61	1.97	0	2.11	26.7	0	0	3.6	0	0.002	0.288	0.409	0.412	0.414	0.426	-0.1	-0.1	-0.1	2.817	2.423	3.192	3.402	3.664	20.75	20.5	19.85	18.299999999999997	17	NA
2026-03-08 04:45:00	-92.3891	31.1749	0.409	17.87	17.4	99.37620979986472	101.61	1.975	0	1.53	59.1	0	0	2.96	0.01	0.002	0.307	0.409	0.413	0.414	0.426	-0.1	-0.1	-0.1	3.06	2.43	3.188	3.4	3.664	20.7	20.5	19.85	18.299999999999997	17	NA
2026-03-08 05:00:00	-92.3891	31.1749	0.426	17.99	17.5	99.45064767731799	101.58	1.989	0	1.95	57.5	0	0	3.3	0.01	0.002	0.319	0.409	0.413	0.414	0.426	-0.1	-0.1	-0.1	3.077	2.447	3.194	3.398	3.655	20.6	20.5	19.85	18.299999999999997	17	NA
2026-03-08 05:15:00	-92.3891	31.1749	0.749	18.05	17.6	99.3219602976326	101.55	1.999	0	1.89	61.1	0	0	3.3	0.01	0.002	0.329	0.409	0.413	0.414	0.426	-0.1	-0.1	-0.1	3.058	2.463	3.2	3.398	3.655	20.5	20.4	19.85	18.299999999999997	17	NA
2026-03-08 05:30:00	-92.3891	31.1749	0.494	18.09	17.7	99.19144800900858	101.56	2.009	0	1.72	47.5	0	0	2.89	0.01	0.002	0.34	0.409	0.413	0.415	0.426	-0.1	-0.1	-0.1	3.034	2.479	3.198	3.397	3.662	20.5	20.4	19.85	18.299999999999997	17	NA
2026-03-08 05:45:00	-92.3891	31.1749	0.17	18.15	17.7	99.78393052573736	101.53	2.021	0	1.69	64.9	0	0	2.99	0.01	0	0.348	0.409	0.413	0.415	0.426	-0.1	-0.1	-0.1	3.016	2.504	3.198	3.396	3.663	20.4	20.4	19.85	18.299999999999997	17	NA
2026-03-08 06:00:00	-92.3891	31.1749	0.051	18.27	17.9	99.36387524916532	101.48	2.038	0	2.19	61.9	0	0	4.13	0.01	0	0.353	0.409	0.413	0.415	0.426	-0.1	-0.1	-0.1	2.998	2.539	3.197	3.395	3.663	20.4	20.3	19.85	18.299999999999997	17	NA
2026-03-08 06:15:00	-92.3891	31.1749	0	18.28	17.9	99.60765315703865	101.42	2.043	0	2.54	51.1	0	0	4.27	0.01	0	0.356	0.408	0.413	0.415	0.426	-0.1	-0.1	-0.1	2.989	2.561	3.204	3.395	3.654	20.4	20.3	19.75	18.299999999999997	17	NA
2026-03-08 06:30:00	-92.3891	31.1749	0	18.27	17.9	99.94894222806128	101.39	2.05	0	2.13	54.4	0	0	3.73	0	0	0.358	0.408	0.413	0.415	0.426	-0.1	-0.1	-0.1	2.981	2.555	3.206	3.395	3.662	20.3	20.3	19.75	18.35	17	NA
2026-03-08 06:45:00	-92.3891	31.1749	0	18.33	17.9	99.99769780963598	101.43	2.051	0	1.9	74	0	0	3.61	0	0	0.359	0.408	0.413	0.415	0.426	-0.1	-0.1	-0.1	2.983	2.551	3.206	3.395	3.663	20.3	20.3	19.75	18.35	17	NA
2026-03-08 07:00:00	-92.3891	31.1749	0	18.45	18	99.66137406864938	101.46	2.057	0	1.32	76.6	0	0	2.91	0	0	0.36	0.407	0.413	0.414	0.426	-0.1	-0.1	-0.1	2.985	2.548	3.206	3.396	3.663	20.2	20.2	19.75	18.35	17	NA
2026-03-08 07:15:00	-92.3891	31.1749	0	18.61	18	100	101.5	2.065	0	0.8	139.2	0	0	1.59	0	0	0.36	0.405	0.413	0.414	0.426	-0.1	-0.1	-0.1	2.988	2.555	3.209	3.396	3.663	20.2	20.2	19.75	18.35	17	NA
2026-03-08 07:30:00	-92.3891	31.1749	0	18.72	18.1	100	101.55	2.078	0	1.13	263.2	0	0	2.09	0	0	0.36	0.401	0.412	0.414	0.426	-0.1	-0.1	-0.1	2.974	2.583	3.213	3.396	3.662	20.2	20.2	19.75	18.35	17	NA
2026-03-08 07:45:00	-92.3891	31.1749	0	18.81	18.2	99.80441964754583	101.56	2.086	0	0.68	287	0	0	1.9	0	0	0.36	0.398	0.412	0.414	0.426	-0.1	-0.1	-0.1	2.975	2.608	3.218	3.396	3.653	20.15	20.1	19.700000000000003	18.35	17	NA
2026-03-08 08:00:00	-92.3891	31.1749	0	18.73	18.1	100	101.48	2.08	0	1.12	127.1	0	0	2.43	0	0	0.36	0.397	0.412	0.414	0.426	-0.1	-0.1	-0.1	2.981	2.616	3.228	3.396	3.654	20.15	20.1	19.700000000000003	18.35	17	NA
2026-03-08 08:15:00	-92.3891	31.1749	0	18.65	18.1	99.7109960922966	101.42	2.071	0	1.85	132.6	0	0	2.98	0	0	0.36	0.395	0.412	0.415	0.426	-0.1	-0.1	-0.1	2.91	2.637	3.239	3.395	3.653	20.1	20.1	19.700000000000003	18.35	17	NA
2026-03-08 08:30:00	-92.3891	31.1749	0	18.68	18.1	99.75914239654203	101.46	2.072	0	2.2	163.7	0	0	3.81	0	0	0.36	0.394	0.411	0.415	0.426	-0.1	-0.1	-0.1	2.904	2.653	3.232	3.395	3.653	20.1	20.1	19.700000000000003	18.35	17.1	NA
2026-03-08 08:45:00	-92.3891	31.1749	0.017	18.74	18.1	100	101.46	2.08	0	1.06	158.9	12	1	2.49	0	0	0.36	0.391	0.411	0.414	0.426	-0.1	-0.1	-0.1	2.896	2.678	3.234	3.404	3.652	20.1	20	19.700000000000003	18.35	17.1	NA
2026-03-08 09:00:00	-92.3891	31.1749	1.089	18.73	18.2	99.99579916748361	101.38	2.09	0	1.31	89.5	0	0	2.04	0	0.004	0.36	0.389	0.411	0.415	0.426	-0.1	-0.1	-0.1	2.894	2.693	3.229	3.402	3.651	20.05	20	19.700000000000003	18.35	17.1	NA
2026-03-08 09:15:00	-92.3891	31.1749	0.034	18.68	18.2	99.99579916748361	101.35	2.09	0	1.04	129	0	0	1.97	0	0	0.363	0.388	0.411	0.415	0.426	-0.1	-0.1	-0.1	2.881	2.713	3.199	3.401	3.659	20.05	20	19.700000000000003	18.35	17.1	NA
2026-03-08 09:30:00	-92.3891	31.1749	0	18.77	18.3	99.65552826454402	101.35	2.096	0	1.21	126.7	0	0	2.49	0	0	0.364	0.387	0.411	0.415	0.426	-0.1	-0.1	-0.1	2.877	2.726	3.183	3.403	3.659	20.05	20	19.65	18.35	17.1	NA
2026-03-08 09:45:00	-92.3891	31.1749	0	18.91	18.4	99.74132428357726	101.42	2.111	0	1.54	258.6	9	4	3.53	0	0	0.364	0.387	0.412	0.415	0.426	-0.1	-0.1	-0.1	2.873	2.729	3.167	3.403	3.66	20.05	20	19.65	18.35	17.1	NA
2026-03-08 10:00:00	-92.3891	31.1749	1.668	18.89	18.4	100	101.43	2.12	0	1.52	190.3	8	12	2.71	0	0.008	0.365	0.387	0.413	0.415	0.426	-0.1	-0.1	-0.1	2.87	2.738	3.16	3.402	3.659	20.05	20	19.65	18.4	17.1	NA
2026-03-08 10:15:00	-92.3891	31.1749	0.681	18.75	18.4	99.74132428357726	101.37	2.111	0	2.33	169.6	9	3	4.68	0	0.01	0.374	0.388	0.413	0.415	0.426	-0.1	-0.1	-0.1	2.85	2.764	3.149	3.401	3.66	20.05	19.9	19.65	18.4	17.1	NA
2026-03-08 10:30:00	-92.3891	31.1749	0.187	18.81	18.4	100	101.41	2.12	0	2.51	191.3	6	1	4.08	0	0	0.378	0.389	0.413	0.415	0.426	-0.1	-0.1	-0.1	2.841	2.749	3.153	3.401	3.659	20	19.9	19.65	18.4	17.1	NA
2026-03-08 10:45:00	-92.3891	31.1749	0.085	18.82	18.4	100	101.42	2.119	0	1.69	198	0	0	2.89	0	0.011	0.379	0.389	0.413	0.415	0.426	-0.1	-0.1	-0.1	2.827	2.762	3.164	3.401	3.659	20	19.9	19.6	18.4	17.1	NA
2026-03-08 11:00:00	-92.3891	31.1749	0.204	18.83	18.4	100	101.45	2.12	0	1.82	201.8	0	0	3.18	0	0	0.379	0.389	0.412	0.415	0.426	-0.1	-0.1	-0.1	2.834	2.769	3.172	3.4	3.659	20	19.9	19.55	18.4	17.1	NA
2026-03-08 11:15:00	-92.3891	31.1749	0.204	18.76	18.4	100	101.43	2.117	0	0.99	193.4	24	1	1.92	0	0.012	0.38	0.389	0.412	0.415	0.426	-0.1	-0.1	-0.1	2.83	2.774	3.193	3.399	3.66	19.95	19.9	19.55	18.4	17.1	NA
2026-03-08 11:30:00	-92.3891	31.1749	0.119	18.69	18.4	99.83582103799087	101.48	2.113	0	1.09	211.1	0	0	1.65	0	0	0.38	0.389	0.412	0.415	0.426	-0.1	-0.1	-0.1	2.825	2.786	3.209	3.399	3.659	19.95	19.9	19.55	18.4	17.1	NA
2026-03-08 11:45:00	-92.3891	31.1749	0.17	18.63	18.4	99.69407590637043	101.5	2.11	0	1.26	192.5	20	1	2.36	0	0.018	0.38	0.389	0.412	0.415	0.426	-0.1	-0.1	-0.1	2.829	2.791	3.233	3.399	3.659	19.95	19.9	19.55	18.4	17.1	NA
2026-03-08 12:00:00	-92.3891	31.1749	0.46	18.64	18.4	99.74132428357726	101.54	2.111	0	1.11	214.1	0	0	2.46	0	0.018	0.381	0.39	0.412	0.415	0.426	-0.1	-0.1	-0.1	2.821	2.796	3.241	3.398	3.659	19.95	19.8	19.55	18.4	17.1	NA
2026-03-08 12:15:00	-92.3891	31.1749	0.528	18.74	18.4	100	101.6	2.122	0	1.09	252.8	1	2	2.26	0	0.016	0.383	0.39	0.412	0.415	0.426	-0.1	-0.1	-0.1	2.816	2.799	3.262	3.397	3.659	19.95	19.8	19.55	18.4	17.1	NA
2026-03-08 12:30:00	-92.3891	31.1749	1.14	18.63	18.4	100	101.56	2.119	0	0.52	83.5	0	0	1.05	0	0.013	0.386	0.392	0.412	0.415	0.426	-0.1	-0.1	-0.1	2.79	2.793	3.266	3.396	3.658	19.9	19.8	19.55	18.45	17.1	NA
2026-03-08 12:45:00	-92.3891	31.1749	0.545	18.54	18.4	100	101.51	2.117	0	0.66	47.8	0	0	1.05	0	0.009	0.391	0.398	0.413	0.415	0.426	-0.1	-0.1	-0.1	2.747	2.745	3.256	3.388	3.658	19.9	19.8	19.5	18.45	17.1	NA
2026-03-08 13:00:00	-92.3891	31.1749	0.034	18.5	18.2	100	101.58	2.094	0	0.99	208.7	0	0	1.7	0	0	0.392	0.407	0.414	0.415	0.426	-0.1	-0.1	-0.1	2.737	2.729	3.247	3.379	3.658	19.85	19.8	19.45	18.45	17.1	NA
2026-03-08 13:15:00	-92.3891	31.1749	0	18.9	18.3	99.98834729977865	101.61	2.103	10.6	0.63	247.6	17	1	1.23	0	0	0.392	0.407	0.414	0.415	0.426	-0.1	-0.1	-0.1	2.751	2.786	3.241	3.378	3.658	19.85	19.8	19.45	18.45	17.1	NA
2026-03-08 13:30:00	-92.3891	31.1749	0.017	19.42	18.5	100	101.6	2.131	26.8	0.8	304.2	0	0	1.82	0	0	0.392	0.407	0.415	0.415	0.426	-0.1	-0.1	-0.1	2.76	2.798	3.239	3.377	3.658	19.85	19.8	19.45	18.45	17.1	0.926
2026-03-08 13:45:00	-92.3891	31.1749	0	19.47	18.5	100	101.6	2.131	35.2	1.43	306.8	0	0	2.69	0	0	0.392	0.407	0.416	0.415	0.426	-0.1	-0.1	-0.1	2.765	2.804	3.24	3.377	3.657	19.85	19.8	19.45	18.45	17.1	0.89
2026-03-08 14:00:00	-92.3891	31.1749	0	19.62	18.5	99.82264327465883	101.6	2.126	56.2	1.64	304.5	0	0	3.02	0	0	0.392	0.407	0.416	0.415	0.426	-0.1	-0.1	-0.1	2.76	2.811	3.24	3.377	3.658	19.85	19.7	19.45	18.45	17.1	0.87
2026-03-08 14:15:00	-92.3891	31.1749	0	19.72	18.5	99.72873674288589	101.61	2.124	56.8	1.54	310.4	0	0	2.93	0	0	0.392	0.407	0.416	0.415	0.426	-0.1	-0.1	-0.1	2.759	2.803	3.24	3.386	3.657	19.85	19.7	19.45	18.45	17.1	0.855
2026-03-08 14:30:00	-92.3891	31.1749	0	19.73	18.5	99.63483021111291	101.63	2.122	47.2	1.31	301	0	0	2.74	0	0	0.391	0.408	0.416	0.415	0.426	-0.1	-0.1	-0.1	2.76	2.801	3.239	3.387	3.657	19.85	19.7	19.45	18.45	17.1	0.865
2026-03-08 14:45:00	-92.3891	31.1749	0	19.4	18.3	99.70307384100609	101.67	2.097	28.5	1.38	304.1	0	0	3.13	0	0	0.391	0.408	0.416	0.415	0.426	-0.1	-0.1	-0.1	2.756	2.791	3.239	3.387	3.657	19.85	19.7	19.45	18.45	17.1	0.9
2026-03-08 15:00:00	-92.3891	31.1749	0	19.36	18.1	99.90358130927835	101.7	2.075	48.2	1.5	297.5	0	0	3.45	0	0	0.391	0.408	0.416	0.415	0.426	-0.1	-0.1	-0.1	2.756	2.775	3.24	3.387	3.658	19.85	19.7	19.45	18.45	17.1	0.893
2026-03-08 15:15:00	-92.3891	31.1749	0	19.77	18.1	99.85543500503289	101.73	2.074	70.6	1.2	287.7	0	0	2.2	0	0	0.391	0.408	0.416	0.415	0.426	-0.1	-0.1	-0.1	2.761	2.77	3.24	3.394	3.657	19.85	19.7	19.45	18.45	17.1	0.888
2026-03-08 15:30:00	-92.3891	31.1749	0	19.8	18.2	99.70872988757695	101.72	2.084	76.5	1.43	292.1	0	0	2.61	0	0	0.39	0.408	0.416	0.415	0.426	-0.1	-0.1	-0.1	2.765	2.769	3.242	3.388	3.657	19.85	19.7	19.45	18.45	17.1	0.885
2026-03-08 15:45:00	-92.3891	31.1749	0	20.18	18	99.95207326379372	101.71	2.063	125.4	1.54	313.5	0	0	3.28	0	0	0.39	0.408	0.416	0.415	0.426	-0.1	-0.1	-0.1	2.767	2.768	3.246	3.395	3.656	19.95	19.7	19.45	18.45	17.1	0.881
2026-03-08 16:00:00	-92.3891	31.1749	0	20.6	18	100	101.72	2.064	126.8	1.16	287.3	0	0	2.44	0	0	0.39	0.407	0.416	0.415	0.426	-0.1	-0.1	-0.1	2.769	2.77	3.248	3.388	3.656	19.95	19.7	19.45	18.45	17.1	0.873
2026-03-08 16:15:00	-92.3891	31.1749	0	20.43	18.2	100	101.76	2.093	87.6	1.06	275.7	0	0	2.15	0	0	0.389	0.406	0.416	0.415	0.426	-0.1	-0.1	-0.1	2.772	2.768	3.247	3.397	3.656	19.95	19.7	19.45	18.45	17.1	0.876
2026-03-08 16:30:00	-92.3891	31.1749	0	20.12	18.3	99.98834729977865	101.77	2.103	81.9	1.18	255.2	0	0	2.17	0	0	0.389	0.405	0.416	0.415	0.426	-0.1	-0.1	-0.1	2.776	2.777	3.246	3.396	3.657	19.95	19.7	19.45	18.45	17.1	0.873
2026-03-08 16:45:00	-92.3891	31.1749	0	21.56	18.3	99.65552826454402	101.77	2.096	230.5	0.86	196.9	0	0	1.85	0	0	0.389	0.403	0.416	0.415	0.426	-0.1	-0.1	-0.1	2.778	2.79	3.249	3.396	3.657	20.05	19.7	19.45	18.45	17.1	0.863
2026-03-08 17:00:00	-92.3891	31.1749	0	23.32	18.6	100	101.74	2.147	369	0.91	320.6	0	0	3.35	0	0	0.388	0.401	0.416	0.415	0.426	-0.1	-0.1	-0.1	2.78	2.804	3.25	3.395	3.656	20.05	19.7	19.45	18.45	17.1	0.854
2026-03-08 17:15:00	-92.3891	31.1749	0	21.03	18.8	100	101.75	2.175	150	2.52	350	0	0	3.9	0	0	0.388	0.4	0.415	0.415	0.426	-0.1	-0.1	-0.1	2.78	2.816	3.26	3.394	3.656	20.05	19.7	19.45	18.45	17.1	0.868
2026-03-08 17:30:00	-92.3891	31.1749	0	21.03	18.7	99.92571739753265	101.76	2.155	171.5	2.62	350.8	0	0	3.94	0	0	0.388	0.399	0.415	0.415	0.427	-0.1	-0.1	-0.1	2.782	2.82	3.261	3.393	3.655	20.15	19.7	19.4	18.45	17.1	0.863
2026-03-08 17:45:00	-92.3891	31.1749	0	21.17	18.7	99.92571739753265	101.74	2.155	186.7	2.36	348.8	0	0	3.6	0	0	0.388	0.399	0.415	0.415	0.426	-0.1	-0.1	-0.1	2.783	2.825	3.263	3.392	3.657	20.200000000000003	19.7	19.35	18.45	17.1	0.866
2026-03-08 18:00:00	-92.3891	31.1749	0	21.06	18.8	99.94816696753516	101.7	2.169	147.4	2.35	354.5	0	0	3.76	0	0	0.387	0.398	0.415	0.415	0.426	-0.1	-0.1	-0.1	2.777	2.83	3.264	3.391	3.656	20.25	19.8	19.35	18.45	17.1	0.869
2026-03-08 18:15:00	-92.3891	31.1749	0	20.59	18.9	99.82956430647188	101.71	2.18	102.4	2.07	350	0	0	3.27	0	0	0.387	0.395	0.415	0.415	0.426	-0.1	-0.1	-0.1	2.779	2.856	3.267	3.399	3.656	20.35	19.8	19.35	18.45	17.1	0.877
2026-03-08 18:30:00	-92.3891	31.1749	0	20.54	18.8	99.71776547613928	101.7	2.164	104.4	1.55	329.8	0	0	2.78	0	0	0.387	0.394	0.415	0.415	0.426	-0.1	-0.1	-0.1	2.787	2.872	3.266	3.391	3.647	20.35	19.8	19.35	18.45	17.1	0.871
2026-03-08 18:45:00	-92.3891	31.1749	0	21.03	18.8	99.90208666925598	101.68	2.168	142.7	1.49	335.7	0	0	2.33	0	0	0.387	0.393	0.415	0.415	0.426	-0.1	-0.1	-0.1	2.781	2.878	3.268	3.399	3.647	20.45	19.8	19.35	18.45	17.1	0.866
2026-03-08 19:00:00	-92.3891	31.1749	0	21.75	18.9	99.82956430647188	101.66	2.18	222.3	1.46	322.7	0	0	2.82	0	0	0.387	0.393	0.415	0.415	0.426	-0.1	-0.1	-0.1	2.782	2.888	3.269	3.399	3.657	20.45	19.8	19.35	18.45	17.1	0.865
2026-03-08 19:15:00	-92.3891	31.1749	0	23.86	19.4	99.47483845488908	101.63	2.241	379.6	1.3	303	0	0	2.21	0	0	0.387	0.392	0.415	0.416	0.427	-0.1	-0.1	-0.1	2.783	2.895	3.262	3.398	3.646	20.45	19.9	19.35	18.45	17.1	0.852
2026-03-08 19:30:00	-92.3891	31.1749	0	25.93	20.2	99.6456981882556	101.61	2.359	631.8	1.59	308.7	0	0	3.77	0	0	0.386	0.391	0.415	0.416	0.426	-0.1	-0.1	-0.1	2.772	2.892	3.248	3.398	3.648	20.55	19.9	19.35	18.45	17.1	0.825
2026-03-08 19:45:00	-92.3891	31.1749	0	24.78	20.4	99.34035623441565	101.58	2.381	452.3	1.57	334.1	0	0	3.19	0.01	0	0.386	0.391	0.415	0.416	0.426	-0.1	-0.1	-0.1	2.742	2.895	3.225	3.398	3.648	20.55	19.9	19.35	18.45	17.1	0.837
2026-03-08 20:00:00	-92.3891	31.1749	0	24.71	20.6	99.5239207476226	101.59	2.415	367.4	1.12	325.3	0	0	2.35	0.01	0	0.386	0.391	0.415	0.416	0.426	-0.1	-0.1	-0.1	2.731	2.899	3.2	3.397	3.649	20.65	19.9	19.35	18.45	17.1	0.85
2026-03-08 20:15:00	-92.3891	31.1749	0	25.56	21.1	98.94806713357521	101.57	2.476	495.8	1.7	328.5	0	0	3.18	0.02	0	0.385	0.39	0.416	0.416	0.426	-0.1	-0.1	-0.1	2.725	2.901	3.193	3.397	3.648	20.75	19.9	19.35	18.45	17.1	0.844
2026-03-08 20:30:00	-92.3891	31.1749	0	23.02	21	94.41073198214458	101.58	2.348	163.2	1.03	322.8	0	0	2.42	0.13	0	0.385	0.39	0.416	0.416	0.426	-0.1	-0.1	-0.1	2.719	2.902	3.182	3.397	3.648	20.9	20	19.35	18.45	17.1	0.864
2026-03-08 20:45:00	-92.3891	31.1749	0	22.9	20.9	92.76752928487186	101.58	2.293	173	0.79	216.8	0	0	1.82	0.18	0	0.385	0.39	0.416	0.416	0.426	-0.1	-0.1	-0.1	2.72	2.908	3.178	3.397	3.657	21	20	19.35	18.45	17.1	0.87
2026-03-08 21:00:00	-92.3891	31.1749	0	22.62	20.9	92.2011335543929	101.58	2.279	141	0.65	249.1	0	0	1.66	0.19	0	0.385	0.39	0.417	0.416	0.427	-0.1	-0.1	-0.1	2.714	2.909	3.173	3.397	3.654	21.1	20.1	19.35	18.45	17.1	0.872
2026-03-08 21:15:00	-92.3891	31.1749	0	23.81	21	94.33031398215981	101.58	2.346	268.6	0.39	28.2	0	0	1.1	0.15	0	0.385	0.39	0.417	0.416	0.427	-0.1	-0.1	-0.1	2.714	2.909	3.172	3.398	3.645	21.25	20.1	19.35	18.45	17.2	0.858
2026-03-08 21:30:00	-92.3891	31.1749	0	24.25	21.6	93.87041222637528	101.58	2.422	289.9	0.51	60.1	0	0	1.63	0.16	0	0.384	0.39	0.417	0.416	0.426	-0.1	-0.1	-0.1	2.709	2.907	3.171	3.398	3.646	21.299999999999997	20.2	19.35	18.45	17.2	0.86
2026-03-08 21:45:00	-92.3891	31.1749	0	23.82	21.7	92.797682768423	101.57	2.409	221.6	0.69	56.2	0	0	1.6	0.19	0	0.384	0.39	0.417	0.416	0.426	-0.1	-0.1	-0.1	2.717	2.914	3.167	3.398	3.654	21.35	20.2	19.4	18.45	17.2	0.861
2026-03-08 22:00:00	-92.3891	31.1749	0	23.42	21.9	91.06272984240168	101.56	2.393	187.5	0.5	5.2	0	0	1.41	0.23	0	0.384	0.39	0.417	0.415	0.426	-0.1	-0.1	-0.1	2.718	2.913	3.167	3.399	3.646	21.4	20.2	19.4	18.5	17.2	0.865
2026-03-08 22:15:00	-92.3891	31.1749	0	23.42	22	90.1309386197599	101.55	2.383	185.7	0.66	51.5	0	0	2.12	0.25	0	0.384	0.39	0.417	0.415	0.426	-0.1	-0.1	-0.1	2.718	2.913	3.157	3.399	3.647	21.45	20.3	19.4	18.5	17.2	0.871
2026-03-08 22:30:00	-92.3891	31.1749	0	23	21.9	90.0733311897053	101.52	2.367	147	0.97	68.3	0	0	2.52	0.26	0	0.383	0.39	0.417	0.415	0.427	-0.1	-0.1	-0.1	2.714	2.914	3.148	3.399	3.654	21.5	20.3	19.4	18.5	17.2	0.873
2026-03-08 22:45:00	-92.3891	31.1749	0	22.28	21.8	88.32745566649427	101.53	2.307	82.1	1.03	55.4	0	0	2.61	0.31	0	0.383	0.39	0.417	0.415	0.427	-0.1	-0.1	-0.1	2.715	2.913	3.141	3.407	3.654	21.55	20.4	19.4	18.5	17.2	0.877
2026-03-08 23:00:00	-92.3891	31.1749	0	22.09	21.9	87.40956558629198	101.54	2.297	50.3	0.82	84.6	0	0	1.58	0.33	0	0.383	0.39	0.418	0.415	0.426	-0.1	-0.1	-0.1	2.717	2.92	3.136	3.406	3.654	21.55	20.4	19.4	18.5	17.2	0.899
2026-03-08 23:15:00	-92.3891	31.1749	0	21.75	21.9	87.21929661461958	101.54	2.292	34.3	1.18	37.8	0	0	1.96	0.33	0	0.383	0.39	0.418	0.415	0.427	-0.1	-0.1	-0.1	2.718	2.921	3.125	3.407	3.653	21.55	20.4	19.4	18.5	17.2	0.929
2026-03-08 23:30:00	-92.3891	31.1749	0	21.62	21.8	87.33200102959405	101.54	2.281	30.3	1	47.7	0	0	1.68	0.33	0	0.383	0.39	0.419	0.415	0.427	-0.1	-0.1	-0.1	2.72	2.919	3.122	3.407	3.653	21.6	20.5	19.4	18.5	17.2	0.918
2026-03-08 23:45:00	-92.3891	31.1749	0	21.38	21.8	87.14056744557476	101.54	2.276	9.3	0.83	68.4	0	0	1.37	0.33	0	0.382	0.39	0.419	0.415	0.427	-0.1	-0.1	-0.1	2.728	2.919	3.119	3.407	3.653	21.6	20.5	19.4	18.5	17.2	1
2026-03-09 00:00:00	-92.3891	31.1749	0	21.18	21.6	88.59940642010483	101.54	2.286	0	0.37	145.6	0	0	0.87	0.29	0	0.382	0.39	0.419	0.415	0.426	-0.1	-0.1	-0.1	2.729	2.919	3.117	3.407	3.655	21.6	20.5	19.450000000000003	18.5	17.2	NA
2026-03-09 00:15:00	-92.3891	31.1749	0	21.08	21.5	89.06498345817631	101.55	2.284	0	0.43	114.8	0	0	0.66	0.28	0	0.382	0.39	0.419	0.415	0.427	-0.1	-0.1	-0.1	2.73	2.919	3.11	3.407	3.654	21.55	20.5	19.450000000000003	18.5	17.2	NA
2026-03-09 00:30:00	-92.3891	31.1749	0	20.99	21.3	90.20193852919273	101.56	2.285	0	0.52	273.7	0	0	1.11	0.25	0	0.382	0.39	0.417	0.415	0.426	-0.1	-0.1	-0.1	2.731	2.919	3.142	3.407	3.646	21.55	20.5	19.5	18.5	17.2	NA
2026-03-09 00:45:00	-92.3891	31.1749	0	20.87	21.2	90.99493717824065	101.57	2.291	0	0.7	38.3	0	0	1.62	0.22	0	0.382	0.39	0.416	0.415	0.427	-0.1	-0.1	-0.1	2.732	2.918	3.151	3.407	3.645	21.55	20.6	19.5	18.5	17.2	NA
2026-03-09 01:00:00	-92.3891	31.1749	0	20.81	20.9	93.09118398800268	101.58	2.301	0	0.4	146.6	0	0	0.85	0.17	0	0.382	0.39	0.414	0.415	0.426	-0.1	-0.1	-0.1	2.734	2.918	3.166	3.407	3.655	21.5	20.6	19.5	18.5	17.2	NA
2026-03-09 01:15:00	-92.3891	31.1749	0	20.56	20.8	93.46188803000999	101.57	2.296	0	0.27	23.2	0	0	0.54	0.16	0	0.382	0.39	0.414	0.415	0.426	-0.1	-0.1	-0.1	2.735	2.918	3.165	3.408	3.654	21.45	20.6	19.5	18.5	17.2	NA
2026-03-09 01:30:00	-92.3891	31.1749	0	20.03	20.9	92.12021987861021	101.56	2.277	0	1.21	18.2	0	0	2.38	0.19	0	0.382	0.39	0.413	0.415	0.427	-0.1	-0.1	-0.1	2.737	2.918	3.169	3.408	3.653	21.45	20.6	19.5	18.5	17.2	NA
2026-03-09 01:45:00	-92.3891	31.1749	0	19.97	20.6	93.09504636392522	101.56	2.259	0	1.63	17	0	0	2.43	0.17	0	0.381	0.39	0.413	0.415	0.426	-0.1	-0.1	-0.1	2.739	2.912	3.172	3.408	3.655	21.4	20.6	19.549999999999997	18.5	17.2	NA
2026-03-09 02:00:00	-92.3891	31.1749	0	20.29	20.6	93.54836442944236	101.58	2.27	0	1.31	18.6	0	0	2.01	0.15	0	0.381	0.389	0.413	0.415	0.427	-0.1	-0.1	-0.1	2.741	2.92	3.185	3.408	3.654	21.35	20.6	19.549999999999997	18.5	17.2	NA
2026-03-09 02:15:00	-92.3891	31.1749	0	20.07	20.4	94.70920144986289	101.58	2.27	0	1.07	14.3	0	0	1.7	0.13	0	0.381	0.389	0.412	0.415	0.426	-0.1	-0.1	-0.1	2.743	2.92	3.191	3.415	3.654	21.3	20.6	19.549999999999997	18.5	17.2	NA
2026-03-09 02:30:00	-92.3891	31.1749	0	19.67	20.2	95.08370776675004	101.58	2.251	0	1.28	18.1	0	0	2.28	0.12	0	0.381	0.389	0.411	0.415	0.427	-0.1	-0.1	-0.1	2.744	2.92	3.204	3.416	3.645	21.25	20.6	19.549999999999997	18.5	17.2	NA
2026-03-09 02:45:00	-92.3891	31.1749	0	19.81	20.2	94.7880232023932	101.58	2.244	0	1.13	21.1	0	0	1.74	0.12	0	0.381	0.389	0.41	0.415	0.427	-0.1	-0.1	-0.1	2.746	2.921	3.21	3.416	3.653	21.2	20.6	19.549999999999997	18.5	17.2	NA
2026-03-09 03:00:00	-92.3891	31.1749	0	19.99	20.2	95.25267037495394	101.6	2.255	0	0.72	29.1	0	0	1.27	0.11	0	0.381	0.389	0.41	0.415	0.427	-0.1	-0.1	-0.1	2.753	2.922	3.213	3.408	3.654	21.15	20.5	19.549999999999997	18.5	17.2	NA
2026-03-09 03:15:00	-92.3891	31.1749	0	19.54	20	95.96792429979776	101.6	2.244	0	0.98	39.9	0	0	1.62	0.1	0	0.381	0.389	0.41	0.415	0.426	-0.1	-0.1	-0.1	2.755	2.923	3.216	3.416	3.655	21.15	20.5	19.6	18.5	17.2	NA
2026-03-09 03:30:00	-92.3891	31.1749	0	19.07	19.9	95.48826495056235	101.59	2.219	0	0.97	29.4	0	0	1.82	0.1	0	0.381	0.389	0.409	0.415	0.427	-0.1	-0.1	-0.1	2.757	2.916	3.22	3.416	3.654	21.1	20.5	19.6	18.5	17.2	NA
2026-03-09 03:45:00	-92.3891	31.1749	0	18.47	19.8	94.6963034119013	101.59	2.187	0	0.8	70.5	0	0	1.32	0.12	0	0.38	0.389	0.409	0.415	0.427	-0.1	-0.1	-0.1	2.757	2.916	3.227	3.415	3.653	21.05	20.5	19.6	18.5	17.2	NA
2026-03-09 04:00:00	-92.3891	31.1749	0	17.79	19.6	95.08963220044798	101.61	2.169	0	0.65	98.5	0	0	1.15	0.11	0	0.38	0.389	0.408	0.415	0.426	-0.1	-0.1	-0.1	2.759	2.923	3.23	3.416	3.654	21	20.5	19.6	18.5	17.2	NA
2026-03-09 04:15:00	-92.3891	31.1749	0	17.41	19.1	96.91834776248204	101.61	2.143	0	0.81	83.4	0	0	1.14	0.06	0	0.38	0.389	0.408	0.415	0.426	-0.1	-0.1	-0.1	2.76	2.925	3.231	3.416	3.654	20.95	20.5	19.6	18.5	17.2	NA
2026-03-09 04:30:00	-92.3891	31.1749	0	16.9	18.9	96.30347419105979	101.6	2.103	0	0.72	84	0	0	1.27	0.08	0	0.38	0.389	0.408	0.415	0.426	-0.1	-0.1	-0.1	2.762	2.92	3.232	3.416	3.654	20.9	20.5	19.6	18.5	17.2	NA
2026-03-09 04:45:00	-92.3891	31.1749	0	16.89	18.8	96.90686728110947	101.61	2.103	0	0.84	106.5	0	0	1.46	0.07	0	0.38	0.389	0.408	0.415	0.427	-0.1	-0.1	-0.1	2.764	2.922	3.235	3.415	3.653	20.85	20.4	19.6	18.5	17.2	NA
2026-03-09 05:00:00	-92.3891	31.1749	0	16.45	18.6	97.00661049259874	101.6	2.079	0	0.75	107.2	0	0	1.25	0.07	0	0.38	0.389	0.408	0.415	0.427	-0.1	-0.1	-0.1	2.766	2.922	3.236	3.415	3.654	20.8	20.4	19.6	18.5	17.2	NA
2026-03-09 05:15:00	-92.3891	31.1749	0	16.22	18.3	97.75370520606033	101.58	2.056	0	0.63	98.4	0	0	1.04	0.05	0	0.38	0.389	0.408	0.415	0.427	-0.1	-0.1	-0.1	2.768	2.923	3.238	3.416	3.645	20.7	20.4	19.6	18.5	17.2	NA
2026-03-09 05:30:00	-92.3891	31.1749	0	16.53	18.6	95.7934446086124	101.56	2.053	0	0.91	101.1	0	0	1.26	0.1	0	0.38	0.389	0.408	0.415	0.426	-0.1	-0.1	-0.1	2.769	2.924	3.239	3.416	3.655	20.65	20.4	19.6	18.5	17.2	NA
2026-03-09 05:45:00	-92.3891	31.1749	0	16.38	18.4	97.09541515999587	101.54	2.055	0	0.88	107	0	0	1.6	0.05	0	0.379	0.388	0.408	0.415	0.427	-0.1	-0.1	-0.1	2.772	2.926	3.24	3.416	3.653	20.6	20.3	19.6	18.55	17.2	NA
2026-03-09 06:00:00	-92.3891	31.1749	0	15.54	17.5	98.65064246724404	101.54	1.973	0	0.92	151.1	0	0	1.44	0.02	0	0.379	0.388	0.407	0.415	0.427	-0.1	-0.1	-0.1	2.781	2.928	3.242	3.414	3.654	20.5	20.3	19.6	18.55	17.2	NA
2026-03-09 06:15:00	-92.3891	31.1749	0	15.42	17.7	97.7596152602474	101.55	1.98	0	1	161.6	0	0	1.58	0.04	0	0.379	0.388	0.407	0.415	0.427	-0.1	-0.1	-0.1	2.775	2.928	3.241	3.415	3.653	20.45	20.3	19.6	18.55	17.2	NA
2026-03-09 06:30:00	-92.3891	31.1749	0	15.63	17.8	98.17600005825061	101.54	2.001	0	0.87	132.8	0	0	1.3	0.04	0	0.379	0.388	0.407	0.415	0.427	-0.1	-0.1	-0.1	2.784	2.924	3.245	3.415	3.654	20.4	20.3	19.6	18.55	17.2	NA
2026-03-09 06:45:00	-92.3891	31.1749	0	15.69	18	97.868729031926	101.54	2.02	0	0.96	142.2	0	0	1.35	0.04	0	0.379	0.388	0.407	0.415	0.426	-0.1	-0.1	-0.1	2.785	2.926	3.245	3.414	3.655	20.3	20.2	19.6	18.55	17.2	NA
2026-03-09 07:00:00	-92.3891	31.1749	0	15.63	18	98.11097836121294	101.55	2.025	0	1.22	158.6	0	0	1.65	0.04	0	0.379	0.388	0.407	0.415	0.427	-0.1	-0.1	-0.1	2.787	2.928	3.247	3.414	3.654	20.25	20.2	19.6	18.55	17.2	NA
2026-03-09 07:15:00	-92.3891	31.1749	0	17.03	18.3	97.80125078252243	101.55	2.057	0	1.2	159.4	0	0	1.89	0.05	0	0.379	0.388	0.407	0.415	0.427	-0.1	-0.1	-0.1	2.788	2.929	3.248	3.413	3.654	20.2	20.2	19.6	18.55	17.2	NA
2026-03-09 07:30:00	-92.3891	31.1749	0	17.55	18.7	97.3290398224692	101.54	2.099	0	0.77	140.5	0	0	1.09	0.06	0	0.379	0.388	0.407	0.415	0.427	-0.1	-0.1	-0.1	2.79	2.929	3.251	3.414	3.653	20.1	20.1	19.6	18.55	17.2	NA
2026-03-09 07:45:00	-92.3891	31.1749	0	17.79	19	96.93303319196592	101.52	2.13	0	0.98	140.4	0	0	1.84	0.07	0	0.379	0.388	0.406	0.415	0.427	-0.1	-0.1	-0.1	2.791	2.93	3.252	3.414	3.654	20.05	20.1	19.6	18.55	17.2	NA
2026-03-09 08:00:00	-92.3891	31.1749	0	17.52	18.5	98.9305312228157	101.5	2.107	0	1.21	96.1	0	0	1.82	0.03	0	0.379	0.387	0.406	0.415	0.427	-0.1	-0.1	-0.1	2.792	2.933	3.254	3.421	3.653	20	20	19.6	18.55	17.2	NA
2026-03-09 08:15:00	-92.3891	31.1749	0	16.95	18.2	98.22553860805924	101.48	2.053	0	1.05	85.1	0	0	1.63	0.03	0	0.379	0.387	0.406	0.415	0.427	-0.1	-0.1	-0.1	2.791	2.934	3.248	3.421	3.653	19.95	20	19.6	18.55	17.2	NA
2026-03-09 08:30:00	-92.3891	31.1749	0	16.82	18.4	97.28440866882309	101.52	2.059	0	0.92	175.9	0	0	1.63	0.05	0	0.379	0.387	0.406	0.415	0.427	-0.1	-0.1	-0.1	2.792	2.934	3.248	3.421	3.654	19.9	20	19.6	18.55	17.2	NA
2026-03-09 08:45:00	-92.3891	31.1749	0.017	18.45	18.7	97.79273224658766	101.53	2.109	0	1	229.2	0	0	1.72	0.04	0	0.379	0.387	0.406	0.415	0.426	-0.1	-0.1	-0.1	2.794	2.936	3.251	3.413	3.654	19.85	19.9	19.6	18.55	17.2	NA
2026-03-09 09:00:00	-92.3891	31.1749	0	18.72	18.6	99.24630135534271	101.53	2.127	0	0.92	239.8	0	0	1.62	0.02	0	0.379	0.387	0.406	0.415	0.427	-0.1	-0.1	-0.1	2.793	2.929	3.259	3.421	3.652	19.8	19.9	19.6	18.55	17.3	NA
2026-03-09 09:15:00	-92.3891	31.1749	0	18.57	18.8	98.56575801915983	101.51	2.139	0	1.09	137.4	0	0	1.93	0.03	0	0.379	0.387	0.406	0.416	0.426	-0.1	-0.1	-0.1	2.795	2.93	3.261	3.42	3.652	19.8	19.9	19.6	18.55	17.3	NA
2026-03-09 09:30:00	-92.3891	31.1749	0	18.73	19.2	97.08034815519103	101.48	2.16	0	1.49	133	0	0	2.6	0.06	0	0.379	0.387	0.405	0.416	0.426	-0.1	-0.1	-0.1	2.789	2.938	3.255	3.42	3.652	19.8	19.9	19.55	18.55	17.3	NA
2026-03-09 09:45:00	-92.3891	31.1749	0	18.81	19.3	97.68372439040184	101.47	2.187	0	1.51	134.5	0	0	2.7	0.06	0	0.379	0.387	0.405	0.416	0.427	-0.1	-0.1	-0.1	2.789	2.933	3.258	3.42	3.652	19.75	19.8	19.55	18.55	17.3	NA
2026-03-09 10:00:00	-92.3891	31.1749	0	18.76	19.2	98.15901869024871	101.46	2.184	0	1.37	113.8	0	0	2.4	0.04	0	0.379	0.387	0.405	0.416	0.427	-0.1	-0.1	-0.1	2.789	2.933	3.258	3.42	3.651	19.75	19.8	19.55	18.55	17.3	NA
2026-03-09 10:15:00	-92.3891	31.1749	0.323	18.9	19.2	98.29385250713091	101.46	2.187	0	1.29	116	0	0	2	0.03	0.005	0.378	0.387	0.405	0.416	0.427	-0.1	-0.1	-0.1	2.792	2.934	3.261	3.42	3.651	19.75	19.8	19.55	18.55	17.3	NA
2026-03-09 10:30:00	-92.3891	31.1749	0	19.17	19.2	98.83318777465975	101.48	2.199	0	0.88	114.3	0	0	1.72	0.03	0	0.378	0.387	0.405	0.416	0.427	-0.1	-0.1	-0.1	2.792	2.933	3.261	3.42	3.652	19.7	19.8	19.55	18.55	17.3	NA
2026-03-09 10:45:00	-92.3891	31.1749	0	19.35	19.3	98.80036504415588	101.48	2.212	0	1.13	125.1	0	0	1.84	0.02	0	0.378	0.387	0.405	0.416	0.427	-0.1	-0.1	-0.1	2.792	2.936	3.262	3.42	3.65	19.7	19.7	19.55	18.55	17.3	NA
2026-03-09 11:00:00	-92.3891	31.1749	0	19.5	19.4	98.85339814325657	101.48	2.227	0	1.37	142.8	0	0	2.45	0.03	0	0.378	0.387	0.405	0.416	0.426	-0.1	-0.1	-0.1	2.792	2.935	3.262	3.42	3.652	19.7	19.7	19.55	18.55	17.3	NA
2026-03-09 11:15:00	-92.3891	31.1749	0	19.5	19.5	98.81422484723275	101.51	2.24	0	1.56	137	0	0	3.03	0.03	0	0.378	0.387	0.405	0.416	0.427	-0.1	-0.1	-0.1	2.793	2.935	3.263	3.42	3.651	19.7	19.7	19.55	18.55	17.3	NA
2026-03-09 11:30:00	-92.3891	31.1749	0	19.67	19.7	98.2481603163941	101.53	2.255	0	1.67	136.8	0	0	2.84	0.03	0	0.378	0.387	0.405	0.416	0.427	-0.1	-0.1	-0.1	2.787	2.943	3.264	3.42	3.651	19.7	19.7	19.55	18.55	17.3	NA
2026-03-09 11:45:00	-92.3891	31.1749	0	19.73	19.7	98.81455769294094	101.54	2.268	0	1.66	136.6	0	0	2.92	0.03	0	0.378	0.387	0.405	0.416	0.427	-0.1	-0.1	-0.1	2.788	2.938	3.266	3.42	3.652	19.7	19.7	19.45	18.55	17.3	NA
2026-03-09 12:00:00	-92.3891	31.1749	0	19.85	19.7	99.46809312741806	101.54	2.283	0	2.09	133.5	0	0	3.64	0.02	0	0.378	0.387	0.405	0.416	0.427	-0.1	-0.1	-0.1	2.788	2.937	3.267	3.42	3.651	19.7	19.7	19.45	18.55	17.3	NA
2026-03-09 12:15:00	-92.3891	31.1749	0	19.94	19.7	99.86021438810434	101.56	2.292	0	1.97	145	0	0	3.18	0	0	0.378	0.387	0.405	0.415	0.426	-0.1	-0.1	-0.1	2.789	2.945	3.267	3.421	3.652	19.7	19.7	19.45	18.55	17.3	NA
2026-03-09 12:30:00	-92.3891	31.1749	0	20.07	19.8	99.80566043183929	101.58	2.305	0	1.88	141.9	0	0	3.52	0	0	0.378	0.387	0.404	0.416	0.426	-0.1	-0.1	-0.1	2.787	2.946	3.27	3.42	3.653	19.7	19.6	19.45	18.55	17.3	NA
2026-03-09 12:45:00	-92.3891	31.1749	0	20.29	19.9	99.92057287751501	101.59	2.322	6.9	1.93	142.7	0	0	3.49	0	0	0.378	0.387	0.404	0.416	0.427	-0.1	-0.1	-0.1	2.788	2.946	3.269	3.42	3.651	19.75	19.6	19.45	18.55	17.3	1
2026-03-09 13:00:00	-92.3891	31.1749	0	20.48	20.1	99.71118909137547	101.61	2.346	12.2	1.54	147.3	0	0	2.95	0	0	0.378	0.386	0.404	0.416	0.426	-0.1	-0.1	-0.1	2.787	2.947	3.27	3.42	3.652	19.75	19.6	19.45	18.6	17.3	1
2026-03-09 13:15:00	-92.3891	31.1749	0	20.8	20.2	100	101.62	2.373	29.9	1.41	144	0	0	2.84	0	0	0.378	0.387	0.404	0.416	0.427	-0.1	-0.1	-0.1	2.788	2.946	3.271	3.42	3.651	19.75	19.6	19.45	18.6	17.3	0.918
2026-03-09 13:30:00	-92.3891	31.1749	0	20.96	20.4	99.75757738617718	101.64	2.391	28.8	1.29	145.8	0	0	2.33	0	0	0.378	0.386	0.404	0.416	0.426	-0.1	-0.1	-0.1	2.789	2.955	3.272	3.419	3.652	19.75	19.6	19.45	18.6	17.3	0.916
2026-03-09 13:45:00	-92.3891	31.1749	0	21.23	20.5	99.93194342483743	101.66	2.41	44	1.13	125.4	0	0	2.11	0	0	0.378	0.387	0.404	0.416	0.426	-0.1	-0.1	-0.1	2.782	2.946	3.273	3.42	3.652	19.75	19.6	19.45	18.6	17.3	0.891
2026-03-09 14:00:00	-92.3891	31.1749	0	21.74	20.6	99.97723881313972	101.68	2.426	81.8	1.1	112.9	0	0	1.82	0	0	0.378	0.386	0.404	0.416	0.427	-0.1	-0.1	-0.1	2.782	2.955	3.273	3.42	3.651	19.75	19.6	19.45	18.6	17.3	0.876
2026-03-09 14:15:00	-92.3891	31.1749	0	21.8	20.8	99.52714121662648	101.69	2.445	79.5	1.24	110.6	0	0	2.09	0	0	0.378	0.386	0.404	0.416	0.427	-0.1	-0.1	-0.1	2.783	2.955	3.268	3.42	3.651	19.75	19.6	19.45	18.6	17.3	0.873
2026-03-09 14:30:00	-92.3891	31.1749	0	22.4	20.9	100	101.7	2.474	147.1	1.71	115.8	0	0	3.06	0	0	0.378	0.387	0.404	0.416	0.427	-0.1	-0.1	-0.1	2.782	2.947	3.268	3.419	3.651	19.85	19.6	19.4	18.6	17.3	0.865
2026-03-09 14:45:00	-92.3891	31.1749	0	22.81	21.3	99.75505411959303	101.7	2.527	166.3	1.92	122.2	0	0	2.89	0	0	0.378	0.386	0.404	0.416	0.427	-0.1	-0.1	-0.1	2.782	2.947	3.27	3.42	3.652	19.85	19.6	19.4	18.6	17.3	0.865
2026-03-09 15:00:00	-92.3891	31.1749	0	22.54	21.5	99.86664738896216	101.72	2.561	93	1.67	132	0	0	2.86	0	0	0.378	0.386	0.404	0.415	0.427	-0.1	-0.1	-0.1	2.782	2.955	3.272	3.421	3.651	19.85	19.6	19.4	18.6	17.3	0.876
2026-03-09 15:15:00	-92.3891	31.1749	0	22.76	21.7	99.65446464172287	101.72	2.587	112.9	1.58	125.2	0	0	2.58	0	0	0.378	0.386	0.404	0.416	0.427	-0.1	-0.1	-0.1	2.781	2.955	3.271	3.42	3.651	19.95	19.6	19.35	18.6	17.3	0.879
2026-03-09 15:30:00	-92.3891	31.1749	0	23.38	22	99.24615314236257	101.72	2.624	167.8	1.74	126.3	0	0	3.3	0.01	0	0.378	0.386	0.404	0.415	0.427	-0.1	-0.1	-0.1	2.781	2.955	3.28	3.421	3.651	19.95	19.6	19.35	18.6	17.3	0.868
2026-03-09 15:45:00	-92.3891	31.1749	0	23.17	22.2	98.67977375346852	101.73	2.641	143.9	2.38	136.2	0	0	4.23	0.03	0	0.378	0.386	0.404	0.416	0.427	-0.1	-0.1	-0.1	2.782	2.955	3.28	3.419	3.65	20.05	19.6	19.35	18.6	17.3	0.87
2026-03-09 16:00:00	-92.3891	31.1749	0	23.52	22.3	98.34125075155507	101.71	2.648	181.4	2.11	130.7	0	0	3.76	0.04	0	0.378	0.386	0.403	0.416	0.426	-0.1	-0.1	-0.1	2.774	2.954	3.281	3.42	3.653	20.1	19.7	19.35	18.6	17.3	0.872
2026-03-09 16:15:00	-92.3891	31.1749	0	24	22.4	98.44661775016178	101.71	2.667	231.1	2.4	131.6	34	1	5.1	0.05	0	0.378	0.386	0.403	0.415	0.427	-0.1	-0.1	-0.1	2.78	2.954	3.281	3.421	3.652	20.15	19.7	19.35	18.6	17.3	0.868
2026-03-09 16:30:00	-92.3891	31.1749	0	23.71	22.6	96.7478235787288	101.7	2.653	152.9	2.2	140.9	27	1	3.9	0.08	0	0.378	0.386	0.403	0.415	0.427	-0.1	-0.1	-0.1	2.773	2.962	3.275	3.421	3.65	20.25	19.7	19.35	18.6	17.3	0.867
2026-03-09 16:45:00	-92.3891	31.1749	0	22.66	22.6	95.76320569835725	101.71	2.626	29.4	1.54	141.6	0	0	3.08	0.11	0	0.378	0.386	0.403	0.416	0.426	-0.1	-0.1	-0.1	2.771	2.962	3.283	3.42	3.652	20.299999999999997	19.7	19.35	18.6	17.3	0.897
2026-03-09 17:00:00	-92.3891	31.1749	0	23.58	22.6	97.11249686775527	101.69	2.663	155.2	1.95	129.6	0	0	3.14	0.07	0	0.377	0.386	0.403	0.415	0.427	-0.1	-0.1	-0.1	2.772	2.961	3.278	3.421	3.652	20.35	19.7	19.35	18.6	17.3	0.874
2026-03-09 17:15:00	-92.3891	31.1749	0	24.99	23	98.31149045563808	101.68	2.762	260.8	1.99	134.7	0	0	4.22	0.04	0	0.377	0.386	0.403	0.415	0.427	-0.1	-0.1	-0.1	2.771	2.96	3.279	3.421	3.651	20.45	19.8	19.35	18.6	17.3	0.866
2026-03-09 17:30:00	-92.3891	31.1749	0	24.54	23.3	97.34967248036398	101.64	2.785	207.7	2.72	133.6	0	0	5.05	0.07	0	0.377	0.386	0.403	0.415	0.427	-0.1	-0.1	-0.1	2.771	2.967	3.279	3.421	3.65	20.45	19.8	19.35	18.6	17.3	0.865
2026-03-09 17:45:00	-92.3891	31.1749	0	26.56	23.9	96.22211213162328	101.62	2.854	488.2	3.15	132.5	0	0	4.85	0.1	0	0.377	0.386	0.403	0.415	0.427	-0.1	-0.1	-0.1	2.77	2.967	3.28	3.421	3.651	20.55	19.8	19.35	18.6	17.3	0.848
2026-03-09 18:00:00	-92.3891	31.1749	0	26.86	24.2	97.45272490499724	101.6	2.943	397.6	2.66	141	0	0	4.68	0.08	0	0.377	0.386	0.403	0.416	0.426	-0.1	-0.1	-0.1	2.77	2.967	3.283	3.42	3.652	20.6	19.8	19.35	18.6	17.3	0.852
2026-03-09 18:15:00	-92.3891	31.1749	0	26.69	24.5	94.8726164101107	101.57	2.917	425.8	3.86	145	0	0	7.48	0.16	0	0.377	0.386	0.403	0.415	0.427	-0.1	-0.1	-0.1	2.77	2.966	3.276	3.421	3.651	20.700000000000003	19.9	19.35	18.6	17.3	0.847
2026-03-09 18:30:00	-92.3891	31.1749	0.34	24.82	24.1	93.04186296736583	101.54	2.793	256.3	4.13	148	14	1	7.09	0.21	0.006	0.377	0.386	0.403	0.416	0.427	-0.1	-0.1	-0.1	2.77	2.974	3.276	3.42	3.65	20.799999999999997	19.9	19.35	18.6	17.3	0.865
2026-03-09 18:45:00	-92.3891	31.1749	0	24.36	23.7	93.32536400555833	101.55	2.735	171.7	3.18	144.1	24	1	6.02	0.19	0	0.377	0.386	0.403	0.416	0.426	-0.1	-0.1	-0.1	2.761	2.981	3.276	3.426	3.652	20.9	20	19.35	18.6	17.3	0.867
2026-03-09 19:00:00	-92.3891	31.1749	1.549	24.04	23	97.2436610879085	101.52	2.732	162.8	3.5	155.6	0	0	6.47	0.07	0.013	0.378	0.386	0.402	0.416	0.426	-0.1	-0.1	-0.1	2.763	2.986	3.277	3.418	3.652	21	20	19.35	18.6	17.3	0.874
2026-03-09 19:15:00	-92.3891	31.1749	1.106	23.85	22.3	99.90104400365676	101.52	2.69	140.5	2.56	160.3	20	1	4.45	0	0.009	0.381	0.386	0.402	0.416	0.427	-0.1	-0.1	-0.1	2.729	2.985	3.277	3.418	3.65	21.1	20	19.35	18.6	17.3	0.876
2026-03-09 19:30:00	-92.3891	31.1749	1.157	24.4	22.7	99.57005358709972	101.5	2.747	158	2.28	153.6	15	2	3.7	0.01	0.008	0.388	0.387	0.402	0.416	0.426	-0.1	-0.1	-0.1	2.682	2.995	3.285	3.418	3.652	21.200000000000003	20.1	19.35	18.6	17.3	0.88
2026-03-09 19:45:00	-92.3891	31.1749	1.481	23.95	22.2	99.72598112381957	101.47	2.669	196.1	2.8	146.9	11	4	4.98	0	0.005	0.403	0.391	0.403	0.416	0.427	-0.1	-0.1	-0.1	2.626	3.005	3.288	3.419	3.66	21.299999999999997	20.2	19.35	18.6	17.3	0.869
2026-03-09 20:00:00	-92.3891	31.1749	0	24.51	22.4	99.99695818717221	101.46	2.709	208.5	3.07	158	12	2	6.66	0	0	0.408	0.393	0.408	0.416	0.427	-0.1	-0.1	-0.1	2.634	2.991	3.28	3.419	3.66	21.45	20.3	19.35	18.6	17.3	0.871
2026-03-09 20:15:00	-92.3891	31.1749	0	23.98	22.5	99.90506243133818	101.44	2.723	137.8	2.88	146.9	16	6	4.63	0	0	0.408	0.394	0.409	0.415	0.427	-0.1	-0.1	-0.1	2.632	2.983	3.264	3.421	3.651	21.55	20.3	19.4	18.6	17.3	0.875
2026-03-09 20:30:00	-92.3891	31.1749	0	23.63	22.4	100	101.44	2.713	91.4	2.95	149.8	14	1	6.34	0	0	0.408	0.394	0.409	0.415	0.427	-0.1	-0.1	-0.1	2.623	2.978	3.264	3.422	3.651	21.6	20.4	19.45	18.6	17.3	0.886
2026-03-09 20:45:00	-92.3891	31.1749	0	23.66	22.4	99.84930671698073	101.44	2.705	87.8	3.08	151.1	20	1	5.42	0	0	0.408	0.395	0.409	0.415	0.427	-0.1	-0.1	-0.1	2.621	2.975	3.271	3.429	3.65	21.65	20.5	19.45	18.6	17.3	0.88
2026-03-09 21:00:00	-92.3891	31.1749	0	23.57	22.4	100	101.43	2.713	72.3	2.35	143.3	24	1	4.21	0	0	0.408	0.395	0.409	0.416	0.427	-0.1	-0.1	-0.1	2.626	2.975	3.261	3.428	3.652	21.7	20.5	19.5	18.6	17.3	0.887
2026-03-09 21:15:00	-92.3891	31.1749	0	23.88	22.5	99.75830508659878	101.41	2.719	128.9	2.72	150.5	17	1	5.6	0	0	0.409	0.395	0.409	0.416	0.427	-0.1	-0.1	-0.1	2.623	2.974	3.268	3.424	3.651	21.75	20.6	19.5	18.6	17.4	0.878
2026-03-09 21:30:00	-92.3891	31.1749	0	24.25	22.8	99.90520233847269	101.43	2.773	113.4	2.08	162.3	0	0	3.61	0	0	0.409	0.395	0.409	0.416	0.427	-0.1	-0.1	-0.1	2.621	2.974	3.266	3.424	3.649	21.75	20.6	19.55	18.6	17.4	0.874
2026-03-09 21:45:00	-92.3891	31.1749	0	25.66	23.7	100	101.41	2.931	268.6	2.53	158.4	0	0	4.8	0	0	0.409	0.395	0.41	0.416	0.427	-0.1	-0.1	-0.1	2.621	2.972	3.256	3.431	3.65	21.8	20.7	19.55	18.6	17.4	0.869
2026-03-09 22:00:00	-92.3891	31.1749	0	26.35	24.5	99.49102968753124	101.39	3.059	310.3	3.03	151.4	0	0	6.41	0.02	0	0.409	0.395	0.41	0.416	0.427	-0.1	-0.1	-0.1	2.621	2.971	3.254	3.43	3.65	21.8	20.7	19.6	18.6	17.4	0.869
2026-03-09 22:15:00	-92.3891	31.1749	0	24.9	25.2	93.05264396678582	101.37	2.983	175.2	3.77	180.3	0	0	6.94	0.23	0	0.409	0.394	0.41	0.416	0.426	-0.1	-0.1	-0.1	2.621	2.974	3.255	3.43	3.651	21.8	20.7	19.6	18.6	17.4	0.874
2026-03-09 22:30:00	-92.3891	31.1749	0	24.25	25.2	89.27813175760677	101.38	2.862	102.4	3.78	178.3	0	0	6.54	0.35	0	0.409	0.394	0.409	0.416	0.427	-0.1	-0.1	-0.1	2.619	2.975	3.255	3.429	3.649	21.85	20.8	19.6	18.6	17.4	0.88
2026-03-09 22:45:00	-92.3891	31.1749	0	24.62	25.2	88.43588523159163	101.4	2.835	144.3	3.24	175.3	0	0	5.76	0.37	0	0.409	0.394	0.409	0.416	0.427	-0.1	-0.1	-0.1	2.619	2.975	3.256	3.429	3.648	21.9	20.8	19.65	18.6	17.4	0.871
2026-03-09 23:00:00	-92.3891	31.1749	0	24.91	25.4	86.55867568462439	101.39	2.808	230.9	4.58	170.5	0	0	8.45	0.44	0	0.409	0.394	0.41	0.416	0.426	-0.1	-0.1	-0.1	2.619	2.975	3.262	3.428	3.651	21.9	20.8	19.700000000000003	18.6	17.4	0.875
2026-03-09 23:15:00	-92.3891	31.1749	0	24.21	25.3	86.26817780936122	101.39	2.782	144.1	4.21	167.1	0	0	7.41	0.44	0	0.409	0.394	0.41	0.416	0.427	-0.1	-0.1	-0.1	2.618	2.974	3.261	3.427	3.65	21.95	20.8	19.700000000000003	18.6	17.4	0.875
2026-03-09 23:30:00	-92.3891	31.1749	0	23.79	25.1	85.51177154465621	101.42	2.725	89.7	3.42	171.2	0	0	6.03	0.46	0	0.409	0.394	0.41	0.416	0.427	-0.1	-0.1	-0.1	2.619	2.973	3.258	3.427	3.65	21.95	20.8	19.700000000000003	18.6	17.4	0.879
2026-03-09 23:45:00	-92.3891	31.1749	0	23.05	24.6	86.25702707958993	101.43	2.668	40.6	3.01	163.9	0	0	6.11	0.43	0	0.409	0.394	0.41	0.416	0.426	-0.1	-0.1	-0.1	2.625	2.972	3.258	3.427	3.652	22	20.9	19.700000000000003	18.6	17.4	0.892
2026-03-10 00:00:00	-92.3891	31.1749	0	22.65	24.3	86.43640592297554	101.44	2.626	19.9	3.33	159.1	0	0	5.92	0.41	0	0.409	0.394	0.41	0.416	0.427	-0.1	-0.1	-0.1	2.626	2.973	3.257	3.426	3.649	22	20.9	19.700000000000003	18.65	17.4	0.911
2026-03-10 00:15:00	-92.3891	31.1749	0	22.34	24	86.59756912763409	101.44	2.584	1.4	3.94	163.1	0	0	7.61	0.4	0	0.409	0.394	0.41	0.416	0.426	-0.1	-0.1	-0.1	2.626	2.973	3.25	3.426	3.651	22	20.9	19.700000000000003	18.6	17.4	NA
2026-03-10 00:30:00	-92.3891	31.1749	0	22.24	23.8	86.89799676496288	101.46	2.562	0	4.3	164.3	0	0	8.17	0.39	0	0.408	0.394	0.41	0.416	0.426	-0.1	-0.1	-0.1	2.627	2.975	3.257	3.426	3.66	22	20.9	19.700000000000003	18.65	17.4	NA
2026-03-10 00:45:00	-92.3891	31.1749	0	21.84	23.4	88.28648284118016	101.47	2.541	0	3.18	166.8	0	0	5.88	0.34	0	0.408	0.394	0.41	0.416	0.427	-0.1	-0.1	-0.1	2.634	2.975	3.247	3.426	3.65	21.95	20.9	19.75	18.65	17.4	NA
2026-03-10 01:00:00	-92.3891	31.1749	0	21.75	23.3	88.54101270835258	101.47	2.533	0	3.4	162.4	0	0	6.7	0.32	0	0.408	0.394	0.41	0.416	0.426	-0.1	-0.1	-0.1	2.635	2.975	3.255	3.426	3.652	21.9	20.9	19.75	18.65	17.4	NA
2026-03-10 01:15:00	-92.3891	31.1749	0	21.37	22.9	89.8481358949915	101.48	2.509	0	2.53	163.1	0	0	4.6	0.28	0	0.408	0.394	0.41	0.416	0.427	-0.1	-0.1	-0.1	2.636	2.975	3.253	3.426	3.657	21.9	21	19.75	18.65	17.4	NA
2026-03-10 01:30:00	-92.3891	31.1749	0	21.44	22.9	89.7048945464144	101.5	2.505	0	2.93	170.8	0	0	4.89	0.29	0	0.408	0.394	0.41	0.416	0.427	-0.1	-0.1	-0.1	2.643	2.975	3.252	3.426	3.657	21.85	21	19.75	18.65	17.4	NA
2026-03-10 01:45:00	-92.3891	31.1749	0	21.36	22.8	90.17768534193911	101.52	2.503	0	3.01	159.7	0	0	5.46	0.26	0	0.408	0.394	0.41	0.416	0.427	-0.1	-0.1	-0.1	2.644	2.976	3.252	3.426	3.65	21.8	20.9	19.799999999999997	18.65	17.4	NA
2026-03-10 02:00:00	-92.3891	31.1749	0	21.41	22.7	90.54459186770119	101.54	2.498	0	3.45	162.4	0	0	7.02	0.26	0	0.408	0.394	0.41	0.416	0.427	-0.1	-0.1	-0.1	2.644	2.977	3.253	3.433	3.648	21.75	20.9	19.799999999999997	18.65	17.4	NA
2026-03-10 02:15:00	-92.3891	31.1749	0	21.41	22.7	90.61708553613008	101.56	2.5	0	3.7	161.8	0	0	5.94	0.26	0	0.408	0.394	0.41	0.416	0.427	-0.1	-0.1	-0.1	2.653	2.977	3.251	3.433	3.649	21.7	20.9	19.799999999999997	18.65	17.4	NA
2026-03-10 02:30:00	-92.3891	31.1749	0	21.35	22.6	90.9859856121102	101.56	2.495	0	3.56	155.8	0	0	6.2	0.25	0	0.408	0.394	0.41	0.416	0.427	-0.1	-0.1	-0.1	2.653	2.978	3.25	3.425	3.659	21.65	20.9	19.799999999999997	18.65	17.4	NA
2026-03-10 02:45:00	-92.3891	31.1749	0	21.25	22.5	91.2463790917143	101.59	2.487	0	3.35	155.3	0	0	5.9	0.23	0	0.408	0.394	0.41	0.416	0.427	-0.1	-0.1	-0.1	2.654	2.978	3.25	3.433	3.649	21.6	20.9	19.799999999999997	18.65	17.4	NA
2026-03-10 03:00:00	-92.3891	31.1749	0	21.22	22.3	92.3620432851652	101.59	2.487	0	3.16	148	0	0	5.54	0.21	0	0.408	0.394	0.41	0.416	0.427	-0.1	-0.1	-0.1	2.654	2.985	3.249	3.433	3.648	21.55	20.9	19.799999999999997	18.65	17.4	NA
2026-03-10 03:15:00	-92.3891	31.1749	0	21.2	22.2	92.88826866759665	101.6	2.486	0	3.45	150.5	0	0	6.24	0.19	0	0.408	0.394	0.41	0.416	0.427	-0.1	-0.1	-0.1	2.656	2.985	3.255	3.433	3.658	21.5	20.9	19.85	18.65	17.4	NA
2026-03-10 03:30:00	-92.3891	31.1749	0	21.2	22.2	93.1498205101844	101.62	2.493	0	3.42	153.5	0	0	6.12	0.17	0	0.408	0.394	0.411	0.416	0.427	-0.1	-0.1	-0.1	2.656	2.985	3.254	3.432	3.65	21.45	20.9	19.85	18.65	17.4	NA
2026-03-10 03:45:00	-92.3891	31.1749	0	21.02	22	93.91318530963652	101.64	2.483	0	2.62	142.9	0	0	4.93	0.15	0	0.408	0.394	0.411	0.416	0.427	-0.1	-0.1	-0.1	2.663	2.987	3.253	3.432	3.65	21.4	20.8	19.85	18.65	17.4	NA
2026-03-10 04:00:00	-92.3891	31.1749	0	21.04	21.9	94.4114637438356	101.65	2.481	0	2.91	141.3	0	0	5.28	0.15	0	0.408	0.394	0.411	0.416	0.427	-0.1	-0.1	-0.1	2.664	2.987	3.246	3.432	3.658	21.4	20.8	19.85	18.65	17.4	NA
2026-03-10 04:15:00	-92.3891	31.1749	0	20.95	21.9	94.4114637438356	101.65	2.481	0	2.97	144.8	0	0	5.79	0.14	0	0.408	0.394	0.411	0.416	0.427	-0.1	-0.1	-0.1	2.666	2.987	3.252	3.431	3.649	21.35	20.8	19.85	18.65	17.4	NA
2026-03-10 04:30:00	-92.3891	31.1749	0	20.82	21.8	94.52990378871884	101.64	2.469	0	2.88	146.4	0	0	5.69	0.14	0	0.408	0.394	0.411	0.416	0.427	-0.1	-0.1	-0.1	2.667	2.987	3.251	3.44	3.65	21.3	20.8	19.85	18.65	17.4	NA
2026-03-10 04:45:00	-92.3891	31.1749	0	20.72	21.7	94.80078758534206	101.65	2.461	0	2.66	149.6	0	0	4.73	0.14	0	0.408	0.394	0.411	0.416	0.427	-0.1	-0.1	-0.1	2.667	2.988	3.251	3.44	3.656	21.25	20.8	19.85	18.65	17.4	NA
2026-03-10 05:00:00	-92.3891	31.1749	0	20.61	21.6	94.95561930413685	101.64	2.45	0	2.53	142.2	0	0	4.38	0.13	0	0.408	0.393	0.411	0.416	0.427	-0.1	-0.1	-0.1	2.669	2.989	3.25	3.44	3.648	21.2	20.8	19.85	18.65	17.4	NA
2026-03-10 05:15:00	-92.3891	31.1749	0	20.54	21.4	95.85013266649166	101.62	2.443	0	2.39	136.9	0	0	3.92	0.11	0	0.408	0.393	0.411	0.416	0.427	-0.1	-0.1	-0.1	2.67	2.99	3.251	3.439	3.649	21.15	20.7	19.85	18.65	17.4	NA
2026-03-10 05:30:00	-92.3891	31.1749	0	20.58	21.4	95.65395965653158	101.59	2.438	0	2.67	139.6	0	0	4.24	0.12	0	0.408	0.393	0.411	0.416	0.427	-0.1	-0.1	-0.1	2.675	2.984	3.25	3.44	3.65	21.15	20.7	19.85	18.65	17.4	NA
2026-03-10 05:45:00	-92.3891	31.1749	0	20.42	21.3	96.00486411509704	101.57	2.432	0	2.32	139.7	0	0	3.94	0.09	0	0.407	0.393	0.411	0.416	0.426	-0.1	-0.1	-0.1	2.678	2.984	3.25	3.439	3.651	21.1	20.7	19.85	18.65	17.4	NA
2026-03-10 06:00:00	-92.3891	31.1749	0	20.47	21.3	96.12329116787059	101.57	2.435	0	2.76	148.2	0	0	4.72	0.1	0	0.407	0.393	0.411	0.416	0.426	-0.1	-0.1	-0.1	2.679	2.986	3.249	3.44	3.651	21.05	20.7	19.85	18.65	17.4	NA
2026-03-10 06:15:00	-92.3891	31.1749	0	20.53	21.4	95.85013266649166	101.57	2.443	0	2.76	147.6	0	0	5	0.1	0	0.407	0.393	0.411	0.416	0.427	-0.1	-0.1	-0.1	2.679	2.987	3.25	3.439	3.649	21.05	20.7	19.85	18.65	17.4	NA
2026-03-10 06:30:00	-92.3891	31.1749	0	20.56	21.4	96.2424786864118	101.59	2.453	0	2.69	161.9	0	0	4.51	0.1	0	0.407	0.393	0.411	0.416	0.427	-0.1	-0.1	-0.1	2.681	2.987	3.241	3.439	3.649	21	20.6	19.85	18.65	17.4	NA
2026-03-10 06:45:00	-92.3891	31.1749	0	20.35	21.3	96.43909664193342	101.59	2.443	0	2.2	167.4	0	0	3.71	0.09	0	0.407	0.393	0.411	0.416	0.427	-0.1	-0.1	-0.1	2.681	2.988	3.243	3.439	3.658	20.95	20.6	19.85	18.65	17.4	NA
2026-03-10 07:00:00	-92.3891	31.1749	0	20.24	21.2	96.79382885350174	101.58	2.437	0	2	154.5	0	0	3.68	0.08	0	0.407	0.393	0.411	0.417	0.427	-0.1	-0.1	-0.1	2.681	2.988	3.241	3.438	3.657	20.95	20.6	19.85	18.65	17.4	NA
2026-03-10 07:15:00	-92.3891	31.1749	0	19.91	21	96.86348098168071	101.58	2.409	0	1.71	162.1	0	0	2.82	0.08	0	0.407	0.393	0.411	0.417	0.427	-0.1	-0.1	-0.1	2.683	2.989	3.248	3.438	3.65	20.9	20.6	19.85	18.65	17.4	NA
2026-03-10 07:30:00	-92.3891	31.1749	0	20.33	21.2	96.23777074765479	101.56	2.423	0	2.37	145.8	0	0	4.29	0.09	0	0.407	0.393	0.411	0.416	0.427	-0.1	-0.1	-0.1	2.683	2.989	3.248	3.439	3.657	20.85	20.6	19.85	18.65	17.4	NA
2026-03-10 07:45:00	-92.3891	31.1749	0	20.61	21.3	96.75490211599623	101.57	2.451	0	2.35	152.3	0	0	4.22	0.09	0	0.407	0.393	0.411	0.416	0.427	-0.1	-0.1	-0.1	2.684	2.998	3.249	3.439	3.657	20.85	20.5	19.85	18.700000000000003	17.4	NA
2026-03-10 08:00:00	-92.3891	31.1749	0	20.58	21.4	96.63482470633195	101.56	2.463	0	2.2	151.4	0	0	4.97	0.08	0	0.407	0.393	0.411	0.417	0.427	-0.1	-0.1	-0.1	2.685	2.999	3.251	3.446	3.658	20.8	20.5	19.799999999999997	18.700000000000003	17.4	NA
2026-03-10 08:15:00	-92.3891	31.1749	0	20.94	21.5	96.66904290403639	101.55	2.479	0	2.3	144.9	0	0	3.86	0.09	0	0.407	0.393	0.411	0.417	0.427	-0.1	-0.1	-0.1	2.686	2.992	3.248	3.438	3.649	20.75	20.5	19.799999999999997	18.700000000000003	17.4	NA
2026-03-10 08:30:00	-92.3891	31.1749	0	20.8	21.5	96.63004772739096	101.54	2.478	0	2.12	140.7	0	0	3.14	0.08	0	0.407	0.393	0.411	0.417	0.427	-0.1	-0.1	-0.1	2.686	2.992	3.249	3.438	3.648	20.75	20.5	19.799999999999997	18.700000000000003	17.4	NA
2026-03-10 08:45:00	-92.3891	31.1749	0	20.63	21.4	96.71329391031598	101.54	2.465	0	1.84	147.9	0	0	3.89	0.09	0	0.407	0.393	0.411	0.416	0.427	-0.1	-0.1	-0.1	2.686	2.993	3.248	3.447	3.648	20.75	20.5	19.799999999999997	18.700000000000003	17.4	NA
2026-03-10 09:00:00	-92.3891	31.1749	0	20.46	21.2	97.2307316509529	101.55	2.448	0	1.68	160.8	0	0	2.76	0.08	0	0.407	0.393	0.411	0.417	0.427	-0.1	-0.1	-0.1	2.688	2.994	3.249	3.446	3.649	20.75	20.4	19.799999999999997	18.700000000000003	17.4	NA
2026-03-10 09:15:00	-92.3891	31.1749	0	20.8	21.3	96.91280485302764	101.54	2.455	0	1.55	160.2	0	0	2.67	0.07	0	0.407	0.393	0.411	0.417	0.426	-0.1	-0.1	-0.1	2.689	2.995	3.249	3.446	3.659	20.7	20.4	19.799999999999997	18.700000000000003	17.4	NA
2026-03-10 09:30:00	-92.3891	31.1749	0	20.66	21.2	97.58819757614023	101.55	2.457	0	0.79	151.6	0	0	1.66	0.07	0	0.407	0.392	0.411	0.416	0.427	-0.1	-0.1	-0.1	2.688	3.003	3.24	3.447	3.648	20.65	20.4	19.799999999999997	18.700000000000003	17.4	NA
2026-03-10 09:45:00	-92.3891	31.1749	0	20.48	21.2	97.2307316509529	101.53	2.448	0	0.99	109.4	0	0	2.12	0.07	0	0.407	0.392	0.411	0.416	0.427	-0.1	-0.1	-0.1	2.689	2.997	3.242	3.447	3.656	20.65	20.4	19.799999999999997	18.700000000000003	17.4	NA
2026-03-10 10:00:00	-92.3891	31.1749	0	20.78	21.2	97.38960539548061	101.54	2.452	0	0.71	114.9	0	0	1.91	0.06	0	0.407	0.392	0.411	0.417	0.427	-0.1	-0.1	-0.1	2.689	2.998	3.241	3.446	3.658	20.65	20.4	19.799999999999997	18.700000000000003	17.5	NA
2026-03-10 10:15:00	-92.3891	31.1749	0	20.43	21	97.9491239814754	101.55	2.436	0	0.58	48.7	0	0	0.96	0.04	0	0.407	0.392	0.411	0.417	0.427	-0.1	-0.1	-0.1	2.689	2.998	3.249	3.445	3.657	20.65	20.4	19.799999999999997	18.700000000000003	17.5	NA
2026-03-10 10:30:00	-92.3891	31.1749	0	19.95	20.7	98.09367048294655	101.53	2.395	0	0.92	56.8	0	0	1.33	0.04	0	0.407	0.392	0.411	0.417	0.427	-0.1	-0.1	-0.1	2.69	2.998	3.249	3.444	3.657	20.65	20.4	19.799999999999997	18.75	17.5	NA
2026-03-10 10:45:00	-92.3891	31.1749	0	20.05	20.4	99.25691200406337	101.55	2.379	0	0.82	98.3	0	0	1.08	0.02	0	0.407	0.392	0.411	0.417	0.426	-0.1	-0.1	-0.1	2.691	3.001	3.241	3.443	3.658	20.6	20.3	19.799999999999997	18.75	17.5	NA
2026-03-10 11:00:00	-92.3891	31.1749	0	20.19	20.5	98.6050462507317	101.55	2.378	0	0.94	93.7	0	0	1.36	0.03	0	0.407	0.392	0.411	0.417	0.427	-0.1	-0.1	-0.1	2.692	3.001	3.242	3.444	3.655	20.6	20.3	19.799999999999997	18.75	17.5	NA
2026-03-10 11:15:00	-92.3891	31.1749	0	20.33	20.6	98.32880948398655	101.56	2.386	0	1.31	119.3	0	0	2.37	0.04	0	0.407	0.392	0.411	0.417	0.427	-0.1	-0.1	-0.1	2.692	3.002	3.242	3.444	3.656	20.55	20.3	19.799999999999997	18.75	17.5	NA
2026-03-10 11:30:00	-92.3891	31.1749	0	20.61	21	97.74807898151342	101.57	2.431	0	1.21	123.5	0	0	2.03	0.05	0	0.407	0.392	0.411	0.417	0.427	-0.1	-0.1	-0.1	2.693	3.003	3.241	3.444	3.657	20.55	20.3	19.799999999999997	18.75	17.5	NA
2026-03-10 11:45:00	-92.3891	31.1749	0	20.84	21.1	97.98895824375057	101.59	2.452	0	1.14	124.8	0	0	1.9	0.04	0	0.407	0.392	0.411	0.417	0.427	-0.1	-0.1	-0.1	2.693	3.003	3.249	3.444	3.657	20.55	20.3	19.799999999999997	18.75	17.5	NA
2026-03-10 12:00:00	-92.3891	31.1749	0	20.97	21.2	98.3031294265149	101.6	2.475	0	1.32	123	0	0	2.37	0.05	0	0.406	0.392	0.411	0.417	0.427	-0.1	-0.1	-0.1	2.693	3.004	3.242	3.443	3.656	20.55	20.3	19.799999999999997	18.75	17.5	NA
2026-03-10 12:15:00	-92.3891	31.1749	0	21.04	21.5	97.37095608365424	101.59	2.497	0	1.86	120.2	0	0	3.95	0.06	0	0.406	0.392	0.411	0.417	0.427	-0.1	-0.1	-0.1	2.693	3.003	3.244	3.443	3.656	20.55	20.3	19.799999999999997	18.75	17.5	NA
2026-03-10 12:30:00	-92.3891	31.1749	0	21.2	21.6	97.47485002036905	101.57	2.515	0	2.11	124.5	0	0	3.49	0.07	0	0.406	0.392	0.411	0.417	0.427	-0.1	-0.1	-0.1	2.694	3.011	3.244	3.442	3.648	20.55	20.3	19.799999999999997	18.75	17.5	NA
2026-03-10 12:45:00	-92.3891	31.1749	0	21.3	21.6	97.62987960290641	101.57	2.519	0	1.94	125.7	0	0	3	0.07	0	0.406	0.392	0.411	0.417	0.427	-0.1	-0.1	-0.1	2.694	3.005	3.245	3.443	3.655	20.55	20.3	19.799999999999997	18.75	17.5	NA
2026-03-10 13:00:00	-92.3891	31.1749	0	21.32	21.6	97.59112220727206	101.57	2.518	14.8	1.98	120.2	0	0	3.42	0.07	0	0.406	0.392	0.411	0.417	0.427	-0.1	-0.1	-0.1	2.693	3.014	3.246	3.442	3.656	20.55	20.2	19.75	18.75	17.5	0.923
2026-03-10 13:15:00	-92.3891	31.1749	0	21.4	21.7	96.80389240226111	101.56	2.513	32.8	2.07	120.2	0	0	3.68	0.08	0	0.406	0.392	0.411	0.417	0.427	-0.1	-0.1	-0.1	2.694	3.013	3.246	3.442	3.655	20.55	20.2	19.75	18.75	17.5	0.926
2026-03-10 13:30:00	-92.3891	31.1749	0	21.72	21.8	96.82710679695016	101.57	2.529	41.1	2.08	123.7	0	0	4.11	0.08	0	0.406	0.392	0.411	0.417	0.427	-0.1	-0.1	-0.1	2.689	3.014	3.254	3.442	3.657	20.55	20.2	19.75	18.75	17.5	0.91
2026-03-10 13:45:00	-92.3891	31.1749	0	22	21.9	97.07522934724895	101.59	2.551	62	1.97	122.9	0	0	4	0.08	0	0.406	0.392	0.411	0.417	0.427	-0.1	-0.1	-0.1	2.689	3.014	3.247	3.442	3.647	20.55	20.2	19.75	18.75	17.5	0.881
2026-03-10 14:00:00	-92.3891	31.1749	0	22.35	22	97.31720733052548	101.6	2.573	91	2.07	129	0	0	5.22	0.08	0	0.406	0.392	0.411	0.417	0.427	-0.1	-0.1	-0.1	2.696	3.014	3.247	3.442	3.655	20.55	20.2	19.75	18.75	17.5	0.877
2026-03-10 14:15:00	-92.3891	31.1749	0	22.46	22.1	97.32755835830976	101.62	2.589	87.2	2.45	131.7	0	0	5.08	0.07	0	0.406	0.392	0.411	0.417	0.427	-0.1	-0.1	-0.1	2.689	3.008	3.247	3.45	3.655	20.55	20.2	19.75	18.75	17.5	0.884
2026-03-10 14:30:00	-92.3891	31.1749	0	22.59	22.2	96.92363995323639	101.65	2.594	85.7	2.07	134.1	0	0	3.66	0.08	0	0.406	0.391	0.411	0.417	0.427	-0.1	-0.1	-0.1	2.689	3.015	3.248	3.442	3.655	20.55	20.2	19.75	18.75	17.5	0.882
2026-03-10 14:45:00	-92.3891	31.1749	0	22.72	22.2	96.99836905111863	101.66	2.596	100.8	2.31	137.4	0	0	3.87	0.09	0	0.406	0.392	0.411	0.417	0.427	-0.1	-0.1	-0.1	2.69	3.015	3.249	3.441	3.656	20.55	20.2	19.75	18.799999999999997	17.5	0.878
2026-03-10 15:00:00	-92.3891	31.1749	0	22.95	22.4	96.67480010786417	101.69	2.619	100.3	2.15	139.4	0	0	4.02	0.09	0	0.406	0.391	0.41	0.417	0.427	-0.1	-0.1	-0.1	2.69	3.016	3.251	3.441	3.648	20.55	20.2	19.75	18.799999999999997	17.5	0.884
2026-03-10 15:15:00	-92.3891	31.1749	0	22.67	22.5	95.79585677863533	101.72	2.611	63.3	2.52	154.4	0	0	4.28	0.11	0	0.406	0.391	0.41	0.417	0.427	-0.1	-0.1	-0.1	2.689	3.016	3.251	3.442	3.657	20.65	20.2	19.75	18.799999999999997	17.5	0.886
2026-03-10 15:30:00	-92.3891	31.1749	0	23.11	22.6	95.32559775152546	101.72	2.614	108.8	2.21	144.9	0	0	3.98	0.12	0	0.406	0.392	0.41	0.417	0.427	-0.1	-0.1	-0.1	2.69	3.015	3.252	3.442	3.646	20.65	20.2	19.75	18.799999999999997	17.5	0.886
2026-03-10 15:45:00	-92.3891	31.1749	0	23.34	22.6	94.92445713359633	101.74	2.603	129.6	2.13	142	0	0	3.86	0.14	0	0.406	0.391	0.41	0.417	0.427	-0.1	-0.1	-0.1	2.684	3.016	3.252	3.441	3.647	20.65	20.2	19.75	18.799999999999997	17.5	0.876
2026-03-10 16:00:00	-92.3891	31.1749	0	23.43	22.9	95.11225545520027	101.74	2.656	110.2	2.05	142.1	0	0	4.09	0.13	0	0.406	0.391	0.41	0.417	0.427	-0.1	-0.1	-0.1	2.689	3.016	3.252	3.44	3.656	20.75	20.2	19.75	18.799999999999997	17.5	0.885
2026-03-10 16:15:00	-92.3891	31.1749	0	22.89	22.8	93.92458077764095	101.76	2.607	74.4	2.52	175.8	0	0	4.9	0.16	0	0.406	0.391	0.41	0.417	0.427	-0.1	-0.1	-0.1	2.69	3.016	3.254	3.441	3.646	20.75	20.2	19.75	18.799999999999997	17.5	0.887
2026-03-10 16:30:00	-92.3891	31.1749	0	24.22	22.7	95.07544614450768	101.76	2.623	204.2	1.97	166.2	0	0	3.05	0.14	0	0.406	0.391	0.41	0.417	0.427	-0.1	-0.1	-0.1	2.689	3.022	3.255	3.441	3.645	20.75	20.2	19.75	18.799999999999997	17.5	0.88
2026-03-10 16:45:00	-92.3891	31.1749	0	24.42	23.2	94.56313317276238	101.76	2.689	187	2.27	170.3	0	0	3.94	0.15	0	0.406	0.391	0.41	0.417	0.427	-0.1	-0.1	-0.1	2.689	3.022	3.254	3.44	3.657	20.85	20.3	19.75	18.799999999999997	17.5	0.879
2026-03-10 17:00:00	-92.3891	31.1749	0	24.44	23.5	94.21416016447031	101.77	2.728	211.4	2.85	168.5	0	0	5.74	0.16	0	0.406	0.391	0.41	0.417	0.427	-0.1	-0.1	-0.1	2.689	3.022	3.255	3.44	3.655	20.85	20.3	19.75	18.799999999999997	17.5	0.88
2026-03-10 17:15:00	-92.3891	31.1749	0	26.68	24.2	93.74402453484444	101.75	2.831	474.4	2.8	160.9	0	0	4.49	0.18	0	0.406	0.391	0.41	0.417	0.427	-0.1	-0.1	-0.1	2.689	3.022	3.255	3.44	3.647	20.9	20.3	19.75	18.799999999999997	17.5	0.858
2026-03-10 17:30:00	-92.3891	31.1749	0	28.6	25	94.2300964964581	101.73	2.985	697.4	3.2	159.2	0	0	5.46	0.19	0	0.406	0.391	0.41	0.417	0.427	-0.1	-0.1	-0.1	2.683	3.023	3.258	3.448	3.647	20.95	20.3	19.75	18.799999999999997	17.5	0.844
2026-03-10 17:45:00	-92.3891	31.1749	0	27.88	25.2	91.96084291454396	101.72	2.948	550.8	3.29	164.2	0	0	6.27	0.27	0	0.405	0.391	0.41	0.417	0.427	-0.1	-0.1	-0.1	2.678	3.023	3.258	3.448	3.647	21.05	20.3	19.75	18.799999999999997	17.5	0.848
2026-03-10 18:00:00	-92.3891	31.1749	0	25.86	24.9	88.63250269762975	101.71	2.791	330.7	3.93	155.7	0	0	7.49	0.36	0	0.405	0.391	0.41	0.417	0.427	-0.1	-0.1	-0.1	2.626	3.023	3.26	3.44	3.647	21.1	20.4	19.75	18.799999999999997	17.5	0.866
2026-03-10 18:15:00	-92.3891	31.1749	0	28.39	25.9	85.40767101726632	101.68	2.854	669.1	3.62	177.9	0	0	6.71	0.49	0	0.405	0.391	0.409	0.417	0.427	-0.1	-0.1	-0.1	2.621	3.023	3.261	3.448	3.647	21.25	20.4	19.75	18.799999999999997	17.5	0.842
2026-03-10 18:30:00	-92.3891	31.1749	0	27.09	26	83.32738775111281	101.65	2.801	442.5	3.73	171.8	0	0	6.92	0.55	0	0.404	0.391	0.409	0.417	0.427	-0.1	-0.1	-0.1	2.616	3.024	3.263	3.44	3.646	21.4	20.4	19.75	18.799999999999997	17.5	0.852
2026-03-10 18:45:00	-92.3891	31.1749	0	26.66	26	82.19691979875927	101.63	2.763	363.3	3.27	160.5	0	0	5.55	0.59	0	0.404	0.391	0.409	0.417	0.427	-0.1	-0.1	-0.1	2.617	3.023	3.263	3.449	3.657	21.5	20.5	19.75	18.799999999999997	17.5	0.863
2026-03-10 19:00:00	-92.3891	31.1749	0	26.64	26.1	80.94371890080876	101.62	2.737	343.1	3	168.2	0	0	5.5	0.64	0	0.404	0.391	0.409	0.417	0.427	-0.1	-0.1	-0.1	2.617	3.024	3.265	3.44	3.657	21.700000000000003	20.5	19.75	18.799999999999997	17.5	0.868
2026-03-10 19:15:00	-92.3891	31.1749	0	26.79	26.3	79.81845074799975	101.57	2.731	359	2.86	156.4	0	0	6.67	0.68	0	0.404	0.391	0.409	0.417	0.427	-0.1	-0.1	-0.1	2.612	3.03	3.267	3.449	3.645	21.75	20.6	19.75	18.799999999999997	17.5	0.859
2026-03-10 19:30:00	-92.3891	31.1749	0	27.61	26.8	78.04253226083354	101.54	2.75	516.8	3.88	158.6	0	0	7.15	0.77	0	0.403	0.391	0.409	0.417	0.427	-0.1	-0.1	-0.1	2.613	3.031	3.268	3.449	3.646	21.9	20.6	19.75	18.799999999999997	17.5	0.846
2026-03-10 19:45:00	-92.3891	31.1749	0	27.6	26.9	75.86451399569319	101.53	2.689	564	4.71	173.7	0	0	8.58	0.86	0	0.403	0.391	0.409	0.417	0.427	-0.1	-0.1	-0.1	2.614	3.03	3.27	3.449	3.646	21.95	20.7	19.75	18.799999999999997	17.5	0.845
2026-03-10 20:00:00	-92.3891	31.1749	0	27.38	27	73.73770440858706	101.51	2.629	534.6	4.82	184.1	0	0	8.25	0.93	0	0.403	0.391	0.409	0.417	0.427	-0.1	-0.1	-0.1	2.611	3.031	3.27	3.449	3.653	22.1	20.7	19.75	18.799999999999997	17.5	0.85
2026-03-10 20:15:00	-92.3891	31.1749	0	28.12	27.2	75.59485620360974	101.48	2.727	577.3	3.87	144.8	0	0	6.32	0.87	0	0.402	0.39	0.409	0.417	0.427	-0.1	-0.1	-0.1	2.608	3.031	3.272	3.447	3.647	22.15	20.8	19.75	18.85	17.5	0.855
2026-03-10 20:30:00	-92.3891	31.1749	0	27.81	27.2	75.73346063375938	101.45	2.732	490.4	3.8	147.5	0	0	6.68	0.87	0	0.402	0.39	0.408	0.417	0.427	-0.1	-0.1	-0.1	2.611	3.031	3.271	3.447	3.646	22.299999999999997	20.8	19.799999999999997	18.85	17.5	0.857
2026-03-10 20:45:00	-92.3891	31.1749	0	27.94	27.3	74.85034383408255	101.44	2.716	515.7	4.09	166	0	0	8.58	0.92	0	0.401	0.39	0.408	0.417	0.427	-0.1	-0.1	-0.1	2.608	3.031	3.275	3.447	3.644	22.4	20.9	19.799999999999997	18.85	17.5	0.861
2026-03-10 21:00:00	-92.3891	31.1749	0	27.12	27.3	74.49207635623164	101.42	2.703	409.5	4.03	143.5	0	0	6.24	0.92	0	0.401	0.39	0.408	0.417	0.427	-0.1	-0.1	-0.1	2.611	3.037	3.274	3.447	3.647	22.5	21	19.799999999999997	18.85	17.5	0.864
2026-03-10 21:15:00	-92.3891	31.1749	0	26.2	26.9	74.0024619600979	101.41	2.623	289.4	4.07	144.6	0	0	6.77	0.92	0	0.4	0.39	0.408	0.417	0.427	-0.1	-0.1	-0.1	2.613	3.038	3.275	3.447	3.647	22.6	21	19.799999999999997	18.85	17.5	0.867
2026-03-10 21:30:00	-92.3891	31.1749	0	26.68	27.2	73.48806886533531	101.4	2.651	360.6	4.06	143.3	0	0	7.53	0.95	0	0.4	0.39	0.408	0.417	0.427	-0.1	-0.1	-0.1	2.615	3.044	3.284	3.447	3.647	22.700000000000003	21.1	19.799999999999997	18.85	17.5	0.869
2026-03-10 21:45:00	-92.3891	31.1749	0	25.9	27	73.65356096498654	101.4	2.626	267.2	4.04	142	0	0	7.49	0.93	0	0.4	0.39	0.408	0.417	0.427	-0.1	-0.1	-0.1	2.617	3.044	3.276	3.447	3.646	22.75	21.1	19.799999999999997	18.85	17.5	0.873
2026-03-10 22:00:00	-92.3891	31.1749	0	25.66	27	72.75603089991435	101.38	2.594	251.9	3.92	139.8	0	0	6.85	0.96	0	0.399	0.39	0.408	0.417	0.427	-0.1	-0.1	-0.1	2.619	3.043	3.277	3.448	3.646	22.85	21.2	19.85	18.85	17.5	0.874
2026-03-10 22:15:00	-92.3891	31.1749	0	25.48	27	72.4475049400458	101.37	2.583	217.5	4.04	155.8	0	0	8.28	0.98	0	0.399	0.39	0.408	0.417	0.427	-0.1	-0.1	-0.1	2.621	3.043	3.279	3.447	3.645	22.85	21.3	19.85	18.85	17.5	0.876
2026-03-10 22:30:00	-92.3891	31.1749	0	25.76	27.1	72.02387947756881	101.36	2.583	280.7	4.65	141.2	0	0	8.16	1.01	0	0.399	0.39	0.408	0.417	0.427	-0.1	-0.1	-0.1	2.625	3.042	3.288	3.447	3.646	22.9	21.3	19.9	18.85	17.5	0.876
2026-03-10 22:45:00	-92.3891	31.1749	0	24.91	27	69.53053222856119	101.36	2.479	167.3	4.47	149	0	0	8.75	1.08	0	0.398	0.39	0.408	0.417	0.427	-0.1	-0.1	-0.1	2.628	3.043	3.288	3.447	3.646	22.9	21.4	19.9	18.85	17.5	0.882
2026-03-10 23:00:00	-92.3891	31.1749	0	24.67	26.9	68.50094458220269	101.36	2.428	195.5	4.88	151.5	0	0	9.01	1.11	0	0.398	0.39	0.407	0.417	0.427	-0.1	-0.1	-0.1	2.637	3.042	3.289	3.448	3.647	22.9	21.4	19.9	18.85	17.5	0.878
2026-03-10 23:15:00	-92.3891	31.1749	0	23.97	26.5	68.65810092471025	101.35	2.377	133.3	4.12	147.4	0	0	7.37	1.08	0	0.397	0.39	0.407	0.417	0.427	-0.1	-0.1	-0.1	2.643	3.042	3.289	3.447	3.645	22.9	21.4	19.950000000000003	18.85	17.5	0.883
2026-03-10 23:30:00	-92.3891	31.1749	0	23.67	26.2	69.50106739916627	101.36	2.364	84.1	4.18	151.6	0	0	8.61	1.04	0	0.397	0.39	0.407	0.417	0.427	-0.1	-0.1	-0.1	2.651	3.041	3.288	3.448	3.644	22.9	21.5	19.950000000000003	18.85	17.6	0.883
2026-03-10 23:45:00	-92.3891	31.1749	0	23.7	25.9	73.43742980952051	101.36	2.454	67.9	3.81	144.3	0	0	7.4	0.89	0	0.396	0.39	0.407	0.417	0.427	-0.1	-0.1	-0.1	2.654	3.041	3.289	3.447	3.647	22.9	21.5	19.950000000000003	18.85	17.6	0.89
2026-03-11 00:00:00	-92.3891	31.1749	0	23.31	25.4	76.23205305130917	101.35	2.473	24.5	3.96	141.2	0	0	8.41	0.77	0	0.396	0.39	0.407	0.417	0.427	-0.1	-0.1	-0.1	2.656	3.041	3.289	3.448	3.644	22.85	21.5	19.950000000000003	18.85	17.6	0.927
2026-03-11 00:15:00	-92.3891	31.1749	0	23.01	25.1	76.16039249133235	101.35	2.427	1.8	4.54	138.5	0	0	8.02	0.75	0	0.396	0.39	0.407	0.417	0.427	-0.1	-0.1	-0.1	2.666	3.048	3.289	3.448	3.646	22.8	21.5	20	18.85	17.6	NA
2026-03-11 00:30:00	-92.3891	31.1749	0	22.33	24.5	77.96011708434533	101.34	2.397	0	3.15	141.5	0	0	6.08	0.68	0	0.396	0.39	0.407	0.417	0.427	-0.1	-0.1	-0.1	2.667	3.041	3.296	3.448	3.644	22.75	21.5	20.049999999999997	18.85	17.6	NA
2026-03-11 00:45:00	-92.3891	31.1749	0	21.84	24.1	79.18385545056518	101.36	2.377	0	2.48	139.7	0	0	4.9	0.63	0	0.396	0.39	0.407	0.417	0.427	-0.1	-0.1	-0.1	2.669	3.048	3.298	3.448	3.644	22.7	21.5	20.049999999999997	18.85	17.6	NA
2026-03-11 01:00:00	-92.3891	31.1749	0	21.85	24	79.29173705726866	101.38	2.366	0	2.86	134.8	0	0	5.59	0.62	0	0.396	0.39	0.407	0.417	0.427	-0.1	-0.1	-0.1	2.672	3.048	3.296	3.448	3.645	22.6	21.5	20.049999999999997	18.85	17.6	NA
2026-03-11 01:15:00	-92.3891	31.1749	0	21.49	23.6	80.36325149944753	101.37	2.341	0	2.21	128.4	0	0	4.89	0.57	0	0.395	0.39	0.407	0.417	0.427	-0.1	-0.1	-0.1	2.674	3.048	3.298	3.448	3.644	22.6	21.5	20.049999999999997	18.85	17.6	NA
2026-03-11 01:30:00	-92.3891	31.1749	0	20.96	23.2	81.41080449793415	101.38	2.315	0	1.89	127.9	0	0	3.57	0.52	0	0.395	0.39	0.407	0.417	0.427	-0.1	-0.1	-0.1	2.682	3.041	3.298	3.449	3.653	22.5	21.5	20.1	18.85	17.6	NA
2026-03-11 01:45:00	-92.3891	31.1749	0	21.31	23.1	82.3286897781465	101.36	2.327	0	2.6	129.9	0	0	4.88	0.5	0	0.395	0.39	0.407	0.417	0.427	-0.1	-0.1	-0.1	2.683	3.041	3.297	3.448	3.652	22.4	21.5	20.1	18.85	17.6	NA
2026-03-11 02:00:00	-92.3891	31.1749	0	21.16	23	82.82796462355894	101.38	2.327	0	2.6	136	0	0	4.96	0.48	0	0.395	0.39	0.407	0.417	0.427	-0.1	-0.1	-0.1	2.686	3.041	3.299	3.448	3.644	22.4	21.5	20.15	18.85	17.6	NA
2026-03-11 02:15:00	-92.3891	31.1749	0	21.28	22.9	83.47389588331016	101.38	2.331	0	3.2	134.4	0	0	6.12	0.46	0	0.395	0.39	0.407	0.417	0.427	-0.1	-0.1	-0.1	2.688	3.041	3.299	3.448	3.643	22.3	21.5	20.15	18.85	17.6	NA
2026-03-11 02:30:00	-92.3891	31.1749	0	21.12	22.7	84.52761738810213	101.37	2.332	0	3.21	134.6	0	0	5.92	0.43	0	0.395	0.39	0.407	0.417	0.427	-0.1	-0.1	-0.1	2.69	3.041	3.3	3.448	3.645	22.2	21.5	20.15	18.85	17.6	NA
2026-03-11 02:45:00	-92.3891	31.1749	0	20.9	22.5	85.37608530213879	101.37	2.327	0	2.91	136.4	0	0	5.23	0.39	0	0.395	0.39	0.407	0.417	0.427	-0.1	-0.1	-0.1	2.691	3.042	3.301	3.456	3.645	22.15	21.5	20.15	18.9	17.6	NA
2026-03-11 03:00:00	-92.3891	31.1749	0	20.82	22.4	86.19154572426987	101.39	2.335	0	3.01	143.2	0	0	5.99	0.36	0	0.395	0.39	0.407	0.417	0.427	-0.1	-0.1	-0.1	2.7	3.043	3.3	3.448	3.644	22.1	21.4	20.2	18.9	17.6	NA
2026-03-11 03:15:00	-92.3891	31.1749	0	21.17	22.3	87.31128418312159	101.4	2.351	0	2.63	143.9	0	0	4.54	0.34	0	0.394	0.39	0.406	0.417	0.427	-0.1	-0.1	-0.1	2.701	3.042	3.301	3.456	3.643	22	21.4	20.2	18.9	17.6	NA
2026-03-11 03:30:00	-92.3891	31.1749	0	21.19	22.3	88.05404287459858	101.4	2.371	0	2.8	140.1	0	0	5.47	0.32	0	0.394	0.39	0.406	0.417	0.427	-0.1	-0.1	-0.1	2.696	3.044	3.302	3.456	3.653	21.95	21.4	20.2	18.9	17.6	NA
2026-03-11 03:45:00	-92.3891	31.1749	0	21.75	22.4	88.40631777714191	101.39	2.395	0	2.89	142.3	0	0	5.69	0.31	0	0.394	0.39	0.406	0.417	0.427	-0.1	-0.1	-0.1	2.704	3.044	3.301	3.456	3.654	21.9	21.4	20.2	18.9	17.6	NA
2026-03-11 04:00:00	-92.3891	31.1749	0	21.58	22.4	88.84927218771631	101.39	2.407	0	3	137.8	0	0	5.68	0.29	0	0.394	0.39	0.406	0.417	0.427	-0.1	-0.1	-0.1	2.705	3.038	3.304	3.456	3.642	21.85	21.3	20.2	18.9	17.6	NA
2026-03-11 04:15:00	-92.3891	31.1749	0	21.2	22.1	89.65864298361096	101.38	2.385	0	3.25	139.3	0	0	5.96	0.28	0	0.394	0.39	0.406	0.417	0.427	-0.1	-0.1	-0.1	2.707	3.046	3.303	3.457	3.653	21.8	21.3	20.25	18.9	17.6	NA
2026-03-11 04:30:00	-92.3891	31.1749	0	21.52	22.3	89.01962917351868	101.37	2.397	0	3.21	138.3	0	0	5.96	0.29	0	0.394	0.39	0.406	0.417	0.427	-0.1	-0.1	-0.1	2.707	3.039	3.304	3.457	3.651	21.75	21.3	20.25	18.9	17.6	NA
2026-03-11 04:45:00	-92.3891	31.1749	0	21.48	22.3	89.5395602575526	101.36	2.411	0	3.14	139.2	0	0	5.45	0.28	0	0.394	0.39	0.406	0.417	0.427	-0.1	-0.1	-0.1	2.708	3.039	3.302	3.456	3.653	21.75	21.3	20.25	18.9	17.6	NA
2026-03-11 05:00:00	-92.3891	31.1749	0	21.28	22.1	90.18494109756088	101.32	2.399	0	3.11	137.3	0	0	6.47	0.27	0	0.394	0.39	0.406	0.417	0.427	-0.1	-0.1	-0.1	2.709	3.041	3.303	3.457	3.653	21.7	21.2	20.25	18.9	17.6	NA
2026-03-11 05:15:00	-92.3891	31.1749	0	21.05	22	90.58480822254509	101.29	2.395	0	3.17	138.1	0	0	6.23	0.25	0	0.394	0.39	0.406	0.417	0.427	-0.1	-0.1	-0.1	2.711	3.041	3.304	3.457	3.645	21.65	21.2	20.25	18.9	17.6	NA
2026-03-11 05:30:00	-92.3891	31.1749	0	20.71	21.8	90.9692391259603	101.27	2.376	0	3.15	139	0	0	6.55	0.24	0	0.394	0.39	0.406	0.417	0.427	-0.1	-0.1	-0.1	2.712	3.041	3.306	3.456	3.643	21.6	21.2	20.25	18.9	17.6	NA
2026-03-11 05:45:00	-92.3891	31.1749	0	20.76	21.8	91.00752584276415	101.25	2.377	0	3.28	139	0	0	7.06	0.24	0	0.394	0.39	0.406	0.417	0.427	-0.1	-0.1	-0.1	2.707	3.041	3.307	3.457	3.644	21.6	21.2	20.25	18.9	17.6	NA
2026-03-11 06:00:00	-92.3891	31.1749	0	20.81	21.8	90.93095240915645	101.22	2.375	0	3.61	138.8	0	0	6.74	0.24	0	0.394	0.39	0.406	0.417	0.427	-0.1	-0.1	-0.1	2.714	3.043	3.307	3.457	3.643	21.55	21.1	20.25	18.9	17.6	NA
2026-03-11 06:15:00	-92.3891	31.1749	0	20.75	21.8	91.04581255956802	101.21	2.378	0	3.44	137.8	0	0	7.3	0.24	0	0.394	0.389	0.406	0.417	0.427	-0.1	-0.1	-0.1	2.715	3.043	3.306	3.457	3.644	21.5	21.1	20.25	18.9	17.6	NA
2026-03-11 06:30:00	-92.3891	31.1749	0	20.81	21.7	91.33387540221294	101.22	2.371	0	2.97	136.8	0	0	6.17	0.22	0	0.393	0.389	0.406	0.417	0.427	-0.1	-0.1	-0.1	2.717	3.044	3.308	3.456	3.643	21.45	21.1	20.25	18.95	17.6	NA
2026-03-11 06:45:00	-92.3891	31.1749	0	20.79	21.8	90.93095240915645	101.22	2.375	0	2.72	133.2	0	0	4.86	0.23	0	0.393	0.389	0.406	0.417	0.427	-0.1	-0.1	-0.1	2.713	3.036	3.311	3.455	3.644	21.45	21.1	20.25	18.95	17.6	NA
2026-03-11 07:00:00	-92.3891	31.1749	0	21.14	22	90.77392055703892	101.22	2.4	0	2.71	132.3	0	0	4.8	0.24	0	0.393	0.389	0.406	0.417	0.427	-0.1	-0.1	-0.1	2.715	3.031	3.311	3.456	3.652	21.4	21.1	20.25	18.95	17.6	NA
2026-03-11 07:15:00	-92.3891	31.1749	0	21.53	22.2	90.53430208430679	101.22	2.423	0	3.12	135	0	0	5.43	0.25	0	0.393	0.389	0.406	0.417	0.427	-0.1	-0.1	-0.1	2.716	3.031	3.311	3.456	3.651	21.35	21	20.25	18.95	17.6	NA
2026-03-11 07:30:00	-92.3891	31.1749	0	21.73	22.4	90.06739681679593	101.22	2.44	0	2.82	140.3	0	0	5.95	0.26	0	0.393	0.389	0.405	0.417	0.427	-0.1	-0.1	-0.1	2.716	3.039	3.313	3.455	3.653	21.35	21	20.25	18.95	17.6	NA
2026-03-11 07:45:00	-92.3891	31.1749	0	21.85	22.6	89.23555382478303	101.2	2.447	0	3.52	140.7	0	0	6.7	0.28	0	0.393	0.389	0.405	0.417	0.427	-0.1	-0.1	-0.1	2.719	3.039	3.313	3.455	3.652	21.3	21	20.25	18.95	17.6	NA
2026-03-11 08:00:00	-92.3891	31.1749	0	21.94	22.7	88.80474382540748	101.2	2.45	0	3.54	139.8	0	0	7.17	0.3	0	0.393	0.389	0.405	0.417	0.427	-0.1	-0.1	-0.1	2.719	3.039	3.312	3.455	3.652	21.25	21	20.25	18.95	17.6	NA
2026-03-11 08:15:00	-92.3891	31.1749	0	21.87	22.7	88.65975648854968	101.22	2.446	0	2.84	144.9	0	0	5.41	0.31	0	0.393	0.389	0.405	0.417	0.427	-0.1	-0.1	-0.1	2.72	3.034	3.313	3.456	3.651	21.25	21	20.25	18.95	17.6	NA
2026-03-11 08:30:00	-92.3891	31.1749	0	21.88	22.7	88.3335349806196	101.22	2.437	0	2.78	142.2	0	0	5.37	0.32	0	0.393	0.389	0.405	0.417	0.427	-0.1	-0.1	-0.1	2.72	3.035	3.315	3.455	3.654	21.25	20.9	20.25	18.95	17.6	NA
2026-03-11 08:45:00	-92.3891	31.1749	0	21.78	22.7	88.04356030690397	101.19	2.429	0	2.94	137.3	0	0	5.49	0.32	0	0.393	0.389	0.405	0.417	0.427	-0.1	-0.1	-0.1	2.721	3.035	3.317	3.456	3.652	21.25	20.9	20.200000000000003	18.95	17.6	NA
2026-03-11 09:00:00	-92.3891	31.1749	0	21.47	22.6	88.17800128660619	101.19	2.418	0	3.03	144.1	0	0	5.14	0.32	0	0.392	0.389	0.405	0.417	0.427	-0.1	-0.1	-0.1	2.721	3.034	3.311	3.456	3.652	21.25	20.9	20.200000000000003	18.95	17.6	NA
2026-03-11 09:15:00	-92.3891	31.1749	0	21.43	22.5	88.75150423114471	101.18	2.419	0	2.57	146.1	0	0	4.86	0.3	0	0.392	0.389	0.405	0.417	0.427	-0.1	-0.1	-0.1	2.722	3.035	3.31	3.455	3.644	21.25	20.9	20.200000000000003	18.95	17.6	NA
2026-03-11 09:30:00	-92.3891	31.1749	0	21.19	22.3	89.61383612670028	101.18	2.413	0	1.73	147	0	0	3.26	0.27	0	0.392	0.389	0.405	0.417	0.427	-0.1	-0.1	-0.1	2.718	3.035	3.311	3.455	3.65	21.2	20.9	20.200000000000003	18.95	17.6	NA
2026-03-11 09:45:00	-92.3891	31.1749	0	21.15	22.2	90.08592749701347	101.2	2.411	0	1.91	140.6	0	0	3.49	0.27	0	0.392	0.389	0.405	0.417	0.427	-0.1	-0.1	-0.1	2.719	3.035	3.313	3.456	3.652	21.15	20.9	20.200000000000003	18.95	17.6	NA
2026-03-11 10:00:00	-92.3891	31.1749	0	21.06	22.1	90.48568287696084	101.2	2.407	0	1.77	142.8	0	0	3.4	0.25	0	0.392	0.389	0.405	0.417	0.427	-0.1	-0.1	-0.1	2.719	3.036	3.313	3.456	3.651	21.15	20.8	20.200000000000003	18.95	17.6	NA
2026-03-11 10:15:00	-92.3891	31.1749	0	20.98	22.1	90.56086832181082	101.22	2.409	0	1.77	154	0	0	3.1	0.25	0	0.392	0.389	0.405	0.417	0.427	-0.1	-0.1	-0.1	2.72	3.037	3.313	3.455	3.651	21.15	20.8	20.200000000000003	19	17.6	NA
2026-03-11 10:30:00	-92.3891	31.1749	0	21.15	22.1	90.63605376666081	101.25	2.411	0	1.5	158.5	0	0	3.03	0.25	0	0.392	0.389	0.405	0.417	0.427	-0.1	-0.1	-0.1	2.721	3.037	3.314	3.455	3.653	21.15	20.8	20.200000000000003	19	17.6	NA
2026-03-11 10:45:00	-92.3891	31.1749	0	21.24	22.1	91.01198099091076	101.27	2.421	0	1.53	157	0	0	2.55	0.24	0	0.392	0.389	0.405	0.417	0.427	-0.1	-0.1	-0.1	2.721	3.03	3.315	3.455	3.65	21.15	20.8	20.200000000000003	19	17.6	NA
2026-03-11 11:00:00	-92.3891	31.1749	0	20.09	21.9	91.13883743107064	101.3	2.395	0	1.26	155.6	0	0	2.65	0.23	0	0.392	0.389	0.405	0.417	0.427	-0.1	-0.1	-0.1	2.723	3.037	3.315	3.463	3.653	21.1	20.8	20.200000000000003	19	17.6	NA
2026-03-11 11:15:00	-92.3891	31.1749	0	20.22	21.6	91.66124067521781	101.32	2.365	0	1.18	170.9	0	0	2.64	0.21	0	0.392	0.389	0.405	0.417	0.427	-0.1	-0.1	-0.1	2.724	3.038	3.316	3.463	3.651	21.1	20.8	20.200000000000003	19	17.6	NA
2026-03-11 11:30:00	-92.3891	31.1749	0	20.73	21.8	91.31381957719499	101.34	2.385	0	0.85	192.6	0	0	1.71	0.23	0	0.392	0.389	0.405	0.417	0.427	-0.1	-0.1	-0.1	2.725	3.038	3.316	3.462	3.651	21.05	20.8	20.200000000000003	19	17.6	NA
2026-03-11 11:45:00	-92.3891	31.1749	0	20.79	21.9	91.29105260840855	101.34	2.399	0	1.19	147	0	0	1.92	0.23	0	0.392	0.389	0.405	0.417	0.427	-0.1	-0.1	-0.1	2.725	3.031	3.316	3.464	3.651	21.05	20.8	20.200000000000003	19	17.6	NA
2026-03-11 12:00:00	-92.3891	31.1749	0	20.68	21.7	92.1813428247556	101.32	2.393	0	1.59	136	0	0	3.5	0.2	0	0.391	0.389	0.404	0.417	0.427	-0.1	-0.1	-0.1	2.726	3.039	3.317	3.462	3.651	21.05	20.8	20.200000000000003	19	17.6	NA
2026-03-11 12:15:00	-92.3891	31.1749	0	20.25	21.6	91.66124067521781	101.29	2.365	0	2.1	138.7	0	0	3.49	0.21	0	0.391	0.389	0.404	0.417	0.427	-0.1	-0.1	-0.1	2.727	3.033	3.318	3.463	3.653	21.05	20.7	20.200000000000003	19	17.6	NA
2026-03-11 12:30:00	-92.3891	31.1749	0	19.95	21.4	92.31901848721034	101.3	2.353	3.5	1.82	153.7	0	0	2.96	0.2	0	0.391	0.389	0.404	0.417	0.427	-0.1	-0.1	-0.1	2.729	3.033	3.318	3.462	3.652	21	20.7	20.200000000000003	19	17.6	NA
2026-03-11 12:45:00	-92.3891	31.1749	0	20.31	21.5	91.63866511677512	101.3	2.35	22.8	2.05	133.4	0	0	4.27	0.21	0	0.391	0.389	0.404	0.417	0.427	-0.1	-0.1	-0.1	2.73	3.034	3.318	3.463	3.651	21	20.7	20.200000000000003	19	17.6	0.91
2026-03-11 13:00:00	-92.3891	31.1749	0	21.13	22	91.18996769292535	101.29	2.411	67	2.65	135.8	0	0	5.11	0.22	0	0.391	0.389	0.404	0.417	0.427	-0.1	-0.1	-0.1	2.73	3.033	3.317	3.462	3.651	20.95	20.7	20.200000000000003	19	17.6	0.88
2026-03-11 13:15:00	-92.3891	31.1749	0	21.76	22.4	91.35934718097128	101.3	2.475	105.4	3.05	137.7	0	0	5.2	0.22	0	0.391	0.389	0.404	0.417	0.427	-0.1	-0.1	-0.1	2.731	3.033	3.32	3.461	3.643	20.95	20.7	20.15	19.05	17.6	0.87
2026-03-11 13:30:00	-92.3891	31.1749	0	22.54	22.5	92.23699116870516	101.31	2.514	160.2	2.64	144.8	0	0	4.64	0.21	0	0.391	0.389	0.404	0.417	0.427	-0.1	-0.1	-0.1	2.73	3.033	3.32	3.46	3.642	20.95	20.7	20.15	19.05	17.6	0.873
2026-03-11 13:45:00	-92.3891	31.1749	0	23.73	23	92.61640049441357	101.32	2.602	259.5	2.67	138.1	0	0	5.13	0.21	0	0.391	0.389	0.404	0.417	0.427	-0.1	-0.1	-0.1	2.731	3.034	3.32	3.461	3.642	20.95	20.7	20.15	19.05	17.7	0.871
2026-03-11 14:00:00	-92.3891	31.1749	0	23.7	23.2	92.52346722853767	101.34	2.631	222.4	3.25	151.5	0	0	6.18	0.2	0	0.391	0.389	0.404	0.417	0.427	-0.1	-0.1	-0.1	2.732	3.034	3.321	3.461	3.651	20.95	20.7	20.1	19.05	17.7	0.874
2026-03-11 14:15:00	-92.3891	31.1749	0	22.88	23	91.54857112668398	101.35	2.572	123.1	3.42	150.4	0	0	6.17	0.23	0	0.391	0.389	0.404	0.417	0.427	-0.1	-0.1	-0.1	2.732	3.035	3.313	3.461	3.65	20.95	20.6	20.1	19.05	17.7	0.887
2026-03-11 14:30:00	-92.3891	31.1749	0	23.25	23.1	90.71369170226369	101.33	2.564	172.9	3.25	142	0	0	5.97	0.26	0	0.391	0.389	0.404	0.417	0.427	-0.1	-0.1	-0.1	2.733	3.036	3.315	3.461	3.65	20.95	20.6	20.1	19.05	17.7	0.876
2026-03-11 14:45:00	-92.3891	31.1749	0	24.59	23.6	90.11257376593325	101.33	2.625	281.1	2.71	154.4	0	0	5.44	0.28	0	0.391	0.389	0.404	0.417	0.427	-0.1	-0.1	-0.1	2.728	3.042	3.317	3.46	3.649	20.95	20.6	20.1	19.05	17.7	0.873
2026-03-11 15:00:00	-92.3891	31.1749	0	24.19	23.8	89.6114392868977	101.32	2.642	227.5	3.52	144.7	0	0	6.8	0.3	0	0.391	0.389	0.404	0.417	0.427	-0.1	-0.1	-0.1	2.727	3.036	3.317	3.46	3.648	21.05	20.6	20.1	19.05	17.7	0.876
2026-03-11 15:15:00	-92.3891	31.1749	0	24.21	23.9	88.56884673082492	101.32	2.627	254.1	3.82	138.2	0	0	6.72	0.33	0	0.391	0.389	0.404	0.417	0.427	-0.1	-0.1	-0.1	2.728	3.044	3.316	3.461	3.641	21.05	20.6	20.1	19.05	17.7	0.872
2026-03-11 15:30:00	-92.3891	31.1749	0	24.38	23.9	88.02940952195809	101.34	2.611	208.6	3.1	154.6	0	0	6.15	0.35	0	0.39	0.389	0.404	0.417	0.427	-0.1	-0.1	-0.1	2.729	3.043	3.316	3.46	3.649	21.1	20.6	20.1	19.05	17.7	0.876
2026-03-11 15:45:00	-92.3891	31.1749	0	26.33	24.7	86.67538917281838	101.34	2.697	471	3.5	152.9	0	0	6.04	0.42	0	0.39	0.389	0.404	0.417	0.427	-0.1	-0.1	-0.1	2.731	3.043	3.318	3.459	3.649	21.15	20.7	20.1	19.05	17.7	0.868
