2026-03-07 06:00:00	-91.0975	30.2684	0	22.23	22.9	92.17580780936952	101.81	2.574	0	3.6	129.6	0	0	6.74	0.21	0	0.215	0.172	0.343	0.416	0.469	-22.2	-8.4	-0.1	0.426	0.672	1.236	3.226	3.725	21.6	21.4	20.7	19.25	18.3	NA
2026-03-07 06:15:00	-91.0975	30.2684	0	21.95	22.8	92.55552282998065	101.8	2.569	0	3.5	135.4	0	0	6.4	0.21	0	0.215	0.172	0.343	0.416	0.469	-22.2	-8.4	-0.1	0.425	0.672	1.234	3.225	3.725	21.6	21.3	20.65	19.25	18.3	NA
2026-03-07 06:30:00	-91.0975	30.2684	0	22	22.9	92.2116181465138	101.79	2.575	0	3.87	137.6	0	0	6.16	0.21	0	0.215	0.172	0.343	0.416	0.469	-22.2	-8.4	-0.1	0.426	0.672	1.234	3.218	3.716	21.55	21.3	20.65	19.25	18.3	NA
2026-03-07 06:45:00	-91.0975	30.2684	0	22.04	23	92.04689149829112	101.78	2.586	0	3.97	135.4	0	0	6.87	0.22	0	0.215	0.172	0.343	0.416	0.469	-22.2	-8.4	-0.1	0.426	0.674	1.234	3.226	3.725	21.5	21.3	20.65	19.25	18.3	NA
2026-03-07 07:00:00	-91.0975	30.2684	0	22.03	22.9	92.71296286653367	101.77	2.589	0	3.85	135.4	0	0	6.48	0.21	0	0.215	0.172	0.343	0.416	0.469	-22.2	-8.5	-0.1	0.428	0.672	1.237	3.217	3.716	21.5	21.3	20.65	19.25	18.3	NA
2026-03-07 07:15:00	-91.0975	30.2684	0	22.27	23	92.58080618215592	101.77	2.601	0	4.24	136.7	0	0	7.15	0.21	0	0.215	0.172	0.343	0.416	0.469	-22.2	-8.5	-0.1	0.426	0.672	1.234	3.218	3.729	21.5	21.3	20.7	19.25	18.3	NA
2026-03-07 07:30:00	-91.0975	30.2684	0	22.31	23.1	92.2350211652892	101.74	2.607	0	4.75	131.5	0	0	7.88	0.22	0	0.215	0.172	0.343	0.416	0.469	-22.2	-8.5	-0.1	0.426	0.669	1.234	3.218	3.718	21.5	21.2	20.7	19.25	18.3	NA
2026-03-07 07:45:00	-91.0975	30.2684	0	22.06	23	92.36724030861001	101.72	2.595	0	4.49	132.4	0	0	7.01	0.21	0	0.215	0.172	0.343	0.416	0.469	-22.2	-8.5	-0.1	0.428	0.671	1.234	3.225	3.725	21.450000000000003	21.2	20.7	19.25	18.3	NA
2026-03-07 08:00:00	-91.0975	30.2684	0	22.1	23.1	91.88122361574837	101.69	2.597	0	4.76	135.4	0	0	7.88	0.22	0	0.215	0.172	0.343	0.416	0.469	-22.2	-8.5	-0.1	0.428	0.671	1.234	3.224	3.726	21.450000000000003	21.2	20.7	19.299999999999997	18.3	NA
2026-03-07 08:15:00	-91.0975	30.2684	0	21.95	22.9	92.56972151795658	101.67	2.585	0	3.96	134	0	0	7.06	0.2	0	0.215	0.171	0.343	0.416	0.469	-22.2	-8.6	-0.1	0.428	0.673	1.234	3.223	3.728	21.450000000000003	21.2	20.7	19.35	18.3	NA
2026-03-07 08:30:00	-91.0975	30.2684	0	21.95	22.9	92.49810084366803	101.66	2.583	0	4.63	135.8	0	0	8.09	0.2	0	0.215	0.172	0.343	0.416	0.469	-22.2	-8.6	-0.1	0.427	0.67	1.234	3.224	3.726	21.450000000000003	21.2	20.7	19.35	18.3	NA
2026-03-07 08:45:00	-91.0975	30.2684	0	21.83	22.8	92.73566203362016	101.65	2.574	0	3.97	136.2	0	0	6.85	0.19	0	0.215	0.171	0.343	0.416	0.469	-22.2	-8.6	-0.1	0.429	0.672	1.234	3.224	3.725	21.450000000000003	21.2	20.7	19.35	18.3	NA
2026-03-07 09:00:00	-91.0975	30.2684	0	21.7	22.6	93.39282931968506	101.65	2.561	0	3.71	141.3	0	0	7.51	0.18	0	0.215	0.172	0.343	0.416	0.469	-22.2	-8.6	-0.1	0.427	0.67	1.234	3.224	3.727	21.35	21.2	20.7	19.35	18.3	NA
2026-03-07 09:15:00	-91.0975	30.2684	0	21.58	22.5	93.44773926280513	101.63	2.547	0	3.45	139.1	0	0	5.79	0.17	0	0.215	0.171	0.343	0.416	0.469	-22.2	-8.7	-0.1	0.427	0.672	1.231	3.223	3.717	21.35	21.1	20.7	19.35	18.3	NA
2026-03-07 09:30:00	-91.0975	30.2684	0	21.51	22.5	93.44773926280513	101.63	2.547	0	2.9	136.1	0	0	5.59	0.17	0	0.215	0.171	0.343	0.416	0.469	-22.2	-8.7	-0.1	0.43	0.674	1.231	3.224	3.718	21.35	21.1	20.7	19.35	18.3	NA
2026-03-07 09:45:00	-91.0975	30.2684	0	21.75	22.5	93.96138996939298	101.64	2.561	0	2.87	145.1	0	0	4.67	0.17	0	0.215	0.171	0.343	0.416	0.469	-22.2	-8.7	-0.1	0.429	0.673	1.231	3.223	3.716	21.35	21.1	20.7	19.35	18.3	NA
2026-03-07 10:00:00	-91.0975	30.2684	0	22.13	22.6	94.12217589773805	101.65	2.581	0	2.94	145.5	0	0	5.58	0.15	0	0.215	0.171	0.343	0.416	0.469	-22.3	-8.7	-0.1	0.429	0.671	1.231	3.223	3.718	21.299999999999997	21.1	20.7	19.35	18.3	NA
2026-03-07 10:15:00	-91.0975	30.2684	0	22.07	22.6	94.12217589773805	101.66	2.581	0	2.53	142.7	0	0	3.79	0.15	0	0.215	0.171	0.343	0.416	0.469	-22.2	-8.7	-0.1	0.43	0.673	1.231	3.224	3.726	21.299999999999997	21.1	20.7	19.35	18.3	NA
2026-03-07 10:30:00	-91.0975	30.2684	0	21.94	22.6	94.0127739110301	101.67	2.578	0	2.29	144	0	0	3.7	0.16	0	0.215	0.171	0.343	0.416	0.469	-22.2	-8.7	-0.1	0.429	0.672	1.234	3.223	3.717	21.299999999999997	21.1	20.7	19.35	18.3	NA
2026-03-07 10:45:00	-91.0975	30.2684	0	21.64	22.3	94.99883663990855	101.68	2.558	0	1.73	141.7	0	0	3.28	0.13	0	0.215	0.172	0.343	0.416	0.469	-22.2	-8.8	-0.1	0.428	0.675	1.234	3.223	3.725	21.299999999999997	21.1	20.7	19.35	18.3	NA
2026-03-07 11:00:00	-91.0975	30.2684	0	21.77	22.4	94.46002805499212	101.68	2.559	0	2.06	134.4	0	0	3.36	0.14	0	0.215	0.171	0.343	0.416	0.469	-22.2	-8.8	-0.1	0.425	0.673	1.231	3.223	3.727	21.299999999999997	21.1	20.7	19.35	18.3	NA
2026-03-07 11:15:00	-91.0975	30.2684	0	21.46	22.2	95.35432889770983	101.67	2.552	0	2.03	122.6	0	0	3.34	0.13	0	0.215	0.171	0.343	0.416	0.469	-22.2	-8.8	-0.1	0.426	0.674	1.231	3.223	3.726	21.299999999999997	21	20.7	19.35	18.3	NA
2026-03-07 11:30:00	-91.0975	30.2684	0	21.22	22.3	94.14466414471	101.67	2.535	0	1.95	134.5	0	0	3.42	0.15	0	0.215	0.171	0.343	0.416	0.469	-22.2	-8.9	-0.1	0.429	0.672	1.231	3.223	3.725	21.299999999999997	21	20.7	19.35	18.3	NA
2026-03-07 11:45:00	-91.0975	30.2684	0	21.11	22.2	94.49494427206432	101.69	2.529	0	1.8	141.3	0	0	3.44	0.14	0	0.215	0.171	0.343	0.416	0.469	-22.2	-8.9	-0.1	0.429	0.671	1.234	3.222	3.726	21.299999999999997	21	20.7	19.35	18.3	NA
2026-03-07 12:00:00	-91.0975	30.2684	0	21.63	22.5	94.03476864176267	101.68	2.563	0	2.37	128	0	0	4.09	0.16	0	0.215	0.171	0.343	0.416	0.469	-22.2	-8.9	-0.1	0.426	0.671	1.231	3.223	3.726	21.200000000000003	21	20.65	19.35	18.3	NA
2026-03-07 12:15:00	-91.0975	30.2684	0	21.36	22.5	93.99807930557782	101.68	2.562	0	2.12	126.6	0	0	4.15	0.16	0	0.216	0.171	0.343	0.416	0.469	-22.2	-8.9	-0.1	0.427	0.671	1.232	3.223	3.724	21.200000000000003	21	20.65	19.35	18.3	NA
2026-03-07 12:30:00	-91.0975	30.2684	0	21.47	22.6	93.83043726651685	101.69	2.573	0	2.47	137.2	0	0	4.77	0.17	0	0.215	0.172	0.343	0.416	0.469	-22.2	-8.9	-0.1	0.429	0.67	1.232	3.223	3.725	21.200000000000003	21	20.65	19.35	18.3	NA
2026-03-07 12:45:00	-91.0975	30.2684	0	21.98	22.8	93.63635805181772	101.7	2.599	5.1	2.26	129	0	0	3.67	0.17	0	0.216	0.172	0.343	0.416	0.469	-22.2	-9	-0.1	0.429	0.67	1.232	3.223	3.726	21.200000000000003	21	20.65	19.35	18.3	NA
2026-03-07 13:00:00	-91.0975	30.2684	0	22.15	22.9	94.18118668944905	101.71	2.63	20	2.33	135.4	0	0	4.23	0.16	0	0.216	0.172	0.343	0.416	0.469	-22.2	-9	-0.1	0.426	0.67	1.232	3.223	3.725	21.200000000000003	21	20.65	19.35	18.3	0.552
2026-03-07 13:15:00	-91.0975	30.2684	0	22.4	22.9	94.36023837517044	101.71	2.635	34.1	2.42	133.7	0	0	4.59	0.16	0	0.216	0.172	0.343	0.416	0.469	-22.2	-9	-0.1	0.426	0.672	1.235	3.221	3.716	21.200000000000003	21	20.65	19.4	18.3	0.507
2026-03-07 13:30:00	-91.0975	30.2684	0	23.12	23.3	93.64444257626394	101.72	2.679	68.1	2.81	131.6	0	0	5.79	0.17	0	0.216	0.172	0.343	0.416	0.469	-22.2	-9	-0.1	0.427	0.67	1.232	3.221	3.724	21.15	21	20.65	19.45	18.3	0.502
2026-03-07 13:45:00	-91.0975	30.2684	0	23.59	23.6	93.13349052456263	101.72	2.713	103.7	3.66	132.9	0	0	5.73	0.19	0	0.216	0.172	0.343	0.416	0.469	-22.2	-9.1	-0.1	0.429	0.671	1.232	3.221	3.726	21.15	20.9	20.65	19.45	18.3	0.504
2026-03-07 14:00:00	-91.0975	30.2684	0	23.87	23.6	93.37379072127179	101.73	2.72	130.6	3.54	142.6	0	0	7.76	0.19	0	0.216	0.172	0.343	0.416	0.469	-22.2	-9.1	-0.1	0.427	0.671	1.232	3.221	3.726	21.15	20.9	20.65	19.45	18.3	0.487
2026-03-07 14:15:00	-91.0975	30.2684	0	24.34	23.7	93.80308067688478	101.78	2.749	140.4	3.57	143.9	0	0	6.32	0.19	0	0.216	0.172	0.343	0.416	0.469	-22.2	-9.1	-0.1	0.428	0.669	1.232	3.221	3.717	21.200000000000003	20.9	20.65	19.45	18.3	0.488
2026-03-07 14:30:00	-91.0975	30.2684	0	24.68	23.8	93.10499653388881	101.8	2.745	175.2	3.38	144.2	0	0	6.09	0.19	0	0.216	0.172	0.343	0.416	0.469	-22.3	-9.1	-0.1	0.429	0.668	1.229	3.221	3.717	21.200000000000003	20.9	20.65	19.45	18.3	0.501
2026-03-07 14:45:00	-91.0975	30.2684	0	25.21	24	93.13260240158478	101.8	2.779	208.1	3.09	134	0	0	5.18	0.21	0	0.215	0.171	0.343	0.416	0.469	-22.3	-9.1	-0.1	0.429	0.67	1.232	3.221	3.718	21.200000000000003	20.9	20.65	19.45	18.3	0.48
2026-03-07 15:00:00	-91.0975	30.2684	0	25.49	24.3	92.13080737943966	101.81	2.799	214.7	3.39	137.3	0	0	5.98	0.24	0	0.215	0.172	0.343	0.416	0.469	-22.3	-9.2	-0.1	0.428	0.669	1.229	3.221	3.714	21.25	20.9	20.65	19.45	18.3	0.489
2026-03-07 15:15:00	-91.0975	30.2684	0	25.73	24.5	91.22992424763815	101.82	2.805	214.7	3.44	146.7	0	0	5.49	0.27	0	0.215	0.172	0.343	0.416	0.469	-22.4	-9.2	-0.1	0.429	0.669	1.232	3.22	3.713	21.25	20.9	20.65	19.45	18.3	0.487
2026-03-07 15:30:00	-91.0975	30.2684	0	27.26	25.1	89.99917827158679	101.82	2.868	432.3	4.17	151.3	0	0	7.59	0.31	0	0.215	0.171	0.343	0.416	0.469	-22.4	-9.2	-0.1	0.43	0.67	1.23	3.221	3.713	21.3	20.9	20.65	19.45	18.3	0.518
2026-03-07 15:45:00	-91.0975	30.2684	0	29.41	26	88.92022919959877	101.81	2.989	664.9	4.94	145.4	0	0	7.67	0.37	0	0.215	0.171	0.343	0.416	0.469	-22.5	-9.2	-0.1	0.428	0.67	1.23	3.221	3.715	21.3	20.9	20.65	19.45	18.4	0.58
2026-03-07 16:00:00	-91.0975	30.2684	0	29.99	26.4	86.84544480132737	101.82	2.989	642.7	4.76	151.6	0	0	8.37	0.44	0	0.215	0.171	0.343	0.416	0.469	-22.6	-9.3	-0.1	0.43	0.671	1.23	3.22	3.721	21.35	20.9	20.65	19.45	18.4	0.589
2026-03-07 16:15:00	-91.0975	30.2684	0	27.94	25.8	86.00493168053646	101.83	2.857	283.6	4.76	151.8	0	0	8.34	0.45	0	0.214	0.171	0.343	0.416	0.469	-22.6	-9.3	-0.1	0.429	0.671	1.228	3.221	3.724	21.4	20.9	20.65	19.45	18.4	0.576
2026-03-07 16:30:00	-91.0975	30.2684	0	27.65	26.1	84.28556772645413	101.83	2.85	237.2	4.09	165.6	0	0	6.47	0.53	0	0.214	0.171	0.343	0.416	0.469	-22.7	-9.3	-0.1	0.43	0.672	1.23	3.22	3.721	21.45	21	20.65	19.45	18.4	0.578
2026-03-07 16:45:00	-91.0975	30.2684	0	29.75	26.8	82.38453496479991	101.81	2.903	597.6	4.42	167	0	0	8.14	0.63	0	0.214	0.171	0.343	0.416	0.469	-22.8	-9.4	-0.1	0.431	0.672	1.231	3.22	3.719	21.5	21	20.65	19.45	18.4	0.567
2026-03-07 17:00:00	-91.0975	30.2684	0	28.56	27	78.6460719519506	101.79	2.804	309.7	4.85	184.3	0	0	7.71	0.75	0	0.214	0.17	0.343	0.416	0.469	-22.8	-9.4	-0.1	0.432	0.673	1.228	3.22	3.72	21.65	21	20.65	19.45	18.4	0.635
2026-03-07 17:15:00	-91.0975	30.2684	0	29.67	27.5	77.05779849274018	101.78	2.829	494.7	5	173.8	37	1	7.49	0.83	0	0.214	0.17	0.342	0.416	0.469	-22.9	-9.4	-0.1	0.432	0.675	1.229	3.22	3.721	21.700000000000003	21	20.65	19.45	18.4	0.631
2026-03-07 17:30:00	-91.0975	30.2684	0	31.1	28	75.55694748252719	101.79	2.856	679.7	4.8	172.8	0	0	7.08	0.91	0	0.213	0.17	0.342	0.416	0.469	-23	-9.5	-0.1	0.432	0.677	1.229	3.221	3.721	21.75	21.1	20.65	19.45	18.4	0.607
2026-03-07 17:45:00	-91.0975	30.2684	0	31.48	28.4	73.69088727059071	101.79	2.851	607.4	4.46	177.9	0	0	7.21	1.02	0	0.213	0.169	0.342	0.416	0.469	-23.1	-9.5	-0.1	0.432	0.677	1.23	3.22	3.713	21.8	21.1	20.65	19.45	18.4	0.551
2026-03-07 18:00:00	-91.0975	30.2684	0	32.77	28.9	71.93816182361674	101.77	2.865	808.2	4.46	181.3	0	0	7.57	1.12	0	0.213	0.169	0.342	0.416	0.469	-23.2	-9.6	-0.1	0.431	0.677	1.23	3.22	3.713	21.85	21.2	20.65	19.45	18.4	0.621
2026-03-07 18:15:00	-91.0975	30.2684	0	32.98	29.1	69.44850499673967	101.74	2.798	780.6	4.63	190.9	0	0	7.75	1.23	0	0.212	0.169	0.342	0.416	0.469	-23.3	-9.6	-0.1	0.431	0.678	1.228	3.22	3.712	21.9	21.2	20.65	19.45	18.4	0.539
2026-03-07 18:30:00	-91.0975	30.2684	0	33.85	29.4	67.67160621490996	101.71	2.774	893.7	5.2	190.2	40	1	8.85	1.31	0	0.212	0.168	0.342	0.416	0.469	-23.4	-9.6	-0.1	0.432	0.681	1.228	3.22	3.713	22	21.2	20.65	19.45	18.4	0.625
2026-03-07 18:45:00	-91.0975	30.2684	0	34.19	29.7	66.77700743282749	101.69	2.785	854.6	4.79	188	34	2	8.24	1.37	0	0.211	0.168	0.342	0.416	0.469	-23.6	-9.7	-0.1	0.432	0.68	1.229	3.22	3.716	22.1	21.3	20.65	19.45	18.4	0.617
2026-03-07 19:00:00	-91.0975	30.2684	0	32.6	29.2	67.29664208662687	101.68	2.727	591.2	4.9	178.8	27	1	9.5	1.33	0	0.211	0.168	0.341	0.416	0.469	-23.7	-9.8	-0.1	0.431	0.68	1.227	3.221	3.713	22.2	21.3	20.65	19.45	18.4	0.659
2026-03-07 19:15:00	-91.0975	30.2684	0	33.53	29.3	67.57205689113736	101.64	2.754	793.6	4.95	184.3	0	0	7.7	1.33	0	0.21	0.168	0.341	0.416	0.469	-23.8	-9.8	-0.1	0.431	0.681	1.227	3.221	3.715	22.299999999999997	21.4	20.65	19.45	18.4	0.63
2026-03-07 19:30:00	-91.0975	30.2684	0	33.59	29.5	66.99191671736054	101.61	2.762	775.6	4.87	182.7	0	0	8.74	1.37	0	0.21	0.168	0.341	0.416	0.469	-23.9	-9.9	-0.1	0.433	0.687	1.227	3.219	3.714	22.4	21.4	20.7	19.45	18.4	0.626
2026-03-07 19:45:00	-91.0975	30.2684	0	33.41	29.5	65.41535097274487	101.58	2.697	752.5	4.97	201	0	0	7.85	1.43	0	0.21	0.167	0.341	0.416	0.469	-24.1	-9.9	-0.1	0.432	0.685	1.227	3.22	3.716	22.5	21.5	20.7	19.45	18.4	0.537
2026-03-07 20:00:00	-91.0975	30.2684	0	33.03	29.7	64.18745023255985	101.57	2.677	635.6	4.35	204.7	0	0	7.24	1.49	0	0.209	0.167	0.341	0.416	0.469	-24.2	-10	-0.1	0.431	0.687	1.225	3.22	3.715	22.6	21.6	20.7	19.45	18.4	0.551
2026-03-07 20:15:00	-91.0975	30.2684	0	33.72	29.9	63.16979543680775	101.56	2.665	693.1	4.11	201.1	0	0	7.53	1.55	0	0.208	0.167	0.341	0.416	0.469	-24.3	-10	-0.1	0.432	0.687	1.226	3.219	3.714	22.65	21.7	20.7	19.45	18.4	0.559
2026-03-07 20:30:00	-91.0975	30.2684	0	32.54	29.3	65.24113989598193	101.54	2.659	521.4	4.73	171.3	0	0	8.28	1.42	0	0.208	0.166	0.34	0.416	0.469	-24.4	-10	-0.1	0.431	0.688	1.226	3.22	3.714	22.799999999999997	21.7	20.7	19.5	18.4	0.63
2026-03-07 20:45:00	-91.0975	30.2684	0	32.29	29.4	63.84159822077122	101.54	2.617	530.5	4.42	185	0	0	7.3	1.47	0	0.208	0.166	0.34	0.416	0.469	-24.6	-10	-0.1	0.432	0.69	1.226	3.22	3.714	22.85	21.8	20.75	19.5	18.4	0.597
2026-03-07 21:00:00	-91.0975	30.2684	0	31.09	29.1	65.00558777214482	101.51	2.619	296.8	4.41	177.6	0	0	7.33	1.42	0	0.207	0.166	0.34	0.416	0.469	-24.7	-10.1	-0.1	0.43	0.69	1.224	3.219	3.715	22.9	21.9	20.75	19.55	18.4	0.606
2026-03-07 21:15:00	-91.0975	30.2684	0	29.37	28.4	65.78158825101835	101.51	2.545	176.9	3.98	186.4	0	0	6.26	1.32	0	0.207	0.166	0.34	0.416	0.469	-24.8	-10.1	-0.1	0.43	0.691	1.224	3.219	3.712	23	22	20.75	19.55	18.4	0.555
2026-03-07 21:30:00	-91.0975	30.2684	0	30.37	28.4	66.9705678421959	101.5	2.591	387.6	4.36	183.1	0	0	7.19	1.28	0	0.207	0.166	0.34	0.416	0.469	-24.9	-10.1	-0.1	0.43	0.693	1.224	3.219	3.714	23.05	22	20.75	19.55	18.4	0.603
2026-03-07 21:45:00	-91.0975	30.2684	0	29.12	28.3	67.07463692526022	101.49	2.58	191.3	3.87	201	0	0	6.21	1.26	0	0.207	0.166	0.34	0.416	0.469	-24.9	-10.1	-0.1	0.429	0.694	1.224	3.219	3.717	23.1	22.1	20.85	19.55	18.4	0.515
2026-03-07 22:00:00	-91.0975	30.2684	0	28.09	27.6	69.78478631313547	101.49	2.577	201	4.45	201.4	0	0	8.82	1.11	0	0.207	0.165	0.34	0.416	0.469	-25	-10.1	-0.1	0.429	0.694	1.227	3.219	3.722	23.1	22.2	20.85	19.55	18.4	0.515
2026-03-07 22:15:00	-91.0975	30.2684	0	27.85	26.8	72.16805801429079	101.48	2.543	232.2	4.31	192.3	0	0	7.81	0.97	0	0.207	0.165	0.34	0.416	0.469	-25.1	-10.1	-0.1	0.427	0.695	1.225	3.218	3.724	23.15	22.2	20.85	19.55	18.4	0.495
2026-03-07 22:30:00	-91.0975	30.2684	0	28.33	27.4	72.24919492045744	101.47	2.637	201.3	3.92	194.4	0	0	6.6	1	0	0.207	0.165	0.34	0.416	0.469	-25.2	-10.1	-0.1	0.426	0.698	1.224	3.218	3.726	23.1	22.3	20.9	19.55	18.4	0.487
2026-03-07 22:45:00	-91.0975	30.2684	0	28.58	27.5	71.33770740632256	101.47	2.619	230.4	4.09	192.5	0	0	6.13	1.06	0	0.206	0.164	0.34	0.416	0.469	-25.2	-10.2	-0.1	0.426	0.697	1.227	3.219	3.724	23.1	22.3	20.9	19.55	18.4	0.484
2026-03-07 23:00:00	-91.0975	30.2684	0	27.53	27.3	71.18499194530015	101.47	2.583	100	4	196	0	0	6.58	1.04	0	0.206	0.164	0.339	0.416	0.469	-25.3	-10.2	-0.1	0.426	0.698	1.225	3.219	3.725	23.1	22.3	20.9	19.55	18.4	0.495
2026-03-07 23:15:00	-91.0975	30.2684	0	26.72	26.9	72.22504865339329	101.46	2.56	58.1	3.72	194.3	0	0	5.52	0.98	0	0.206	0.164	0.339	0.416	0.469	-25.3	-10.2	-0.1	0.426	0.698	1.228	3.218	3.725	23.1	22.4	20.9	19.55	18.4	0.508
2026-03-07 23:30:00	-91.0975	30.2684	0	26.44	26.4	74.35178763686744	101.45	2.559	77.1	3.73	204.5	0	0	5.94	0.89	0	0.206	0.164	0.339	0.416	0.469	-25.4	-10.2	-0.1	0.427	0.701	1.225	3.218	3.725	23.05	22.4	20.950000000000003	19.55	18.4	0.503
2026-03-07 23:45:00	-91.0975	30.2684	0	25.82	25.7	76.82556111418504	101.46	2.537	34.9	2.3	216.1	0	0	3.67	0.76	0	0.206	0.164	0.339	0.416	0.469	-25.4	-10.2	-0.1	0.427	0.699	1.222	3.219	3.724	23.1	22.4	21	19.55	18.4	0.545
2026-03-08 00:00:00	-91.0975	30.2684	0	25.14	25.1	78.92187355405885	101.44	2.515	7.4	2.3	217.2	0	0	3.68	0.66	0	0.206	0.164	0.339	0.416	0.469	-25.4	-10.2	-0.1	0.425	0.699	1.225	3.219	3.717	23.049999999999997	22.4	21	19.55	18.4	NA
2026-03-08 00:15:00	-91.0975	30.2684	0	24.27	24.4	81.11081166886119	101.46	2.479	0	2.13	215.1	0	0	3.87	0.57	0	0.206	0.164	0.339	0.416	0.469	-25.5	-10.2	-0.1	0.426	0.699	1.224	3.22	3.721	23	22.4	21.049999999999997	19.55	18.4	NA
2026-03-08 00:30:00	-91.0975	30.2684	0	24.23	24.3	82.12446031143335	101.48	2.495	0	1.83	208.1	0	0	2.84	0.53	0	0.206	0.164	0.339	0.416	0.469	-25.5	-10.2	-0.1	0.426	0.699	1.227	3.219	3.725	23	22.4	21.049999999999997	19.55	18.4	NA
2026-03-08 00:45:00	-91.0975	30.2684	0	24.05	24.2	82.88283059368267	101.48	2.503	0	1.6	210.8	0	0	2.58	0.52	0	0.206	0.164	0.339	0.416	0.469	-25.4	-10.3	-0.1	0.425	0.699	1.227	3.218	3.723	23	22.4	21.049999999999997	19.55	18.4	NA
2026-03-08 01:00:00	-91.0975	30.2684	0	23.87	24.1	83.81429546218847	101.49	2.516	0	1.94	209.9	0	0	3.58	0.48	0	0.207	0.164	0.339	0.416	0.469	-25.4	-10.3	-0.1	0.426	0.699	1.227	3.219	3.722	22.95	22.4	21.049999999999997	19.55	18.4	NA
2026-03-08 01:15:00	-91.0975	30.2684	0	23.34	23.8	86.15180007143081	101.49	2.54	0	2.67	195.6	0	0	4.24	0.4	0	0.206	0.164	0.339	0.416	0.469	-25.4	-10.3	-0.1	0.425	0.701	1.227	3.22	3.752	22.9	22.4	21.049999999999997	19.55	18.4	NA
2026-03-08 01:30:00	-91.0975	30.2684	0	23.25	24	87.10026399486107	101.51	2.599	0	2.46	195	0	0	4.77	0.38	0	0.206	0.164	0.339	0.416	0.469	-25.3	-10.3	-0.1	0.426	0.699	1.229	3.22	3.758	22.85	22.4	21.15	19.55	18.4	NA
2026-03-08 01:45:00	-91.0975	30.2684	0	23.1	23.8	87.88161967916427	101.53	2.591	0	1.89	190.9	40	1	3.62	0.35	0	0.207	0.164	0.339	0.416	0.469	-25.3	-10.3	-0.1	0.427	0.701	1.226	3.22	3.749	22.8	22.4	21.15	19.55	18.4	NA
2026-03-08 02:00:00	-91.0975	30.2684	0	22.96	23.3	90.4285826594979	101.53	2.587	0	2.06	195.7	31	1	3.38	0.28	0	0.207	0.164	0.339	0.416	0.469	-25.2	-10.3	-0.1	0.427	0.701	1.226	3.22	3.745	22.8	22.4	21.15	19.55	18.4	NA
2026-03-08 02:15:00	-91.0975	30.2684	0	23	23.5	90.58788200564722	101.54	2.623	0	2.28	196.6	0	0	4.19	0.27	0	0.207	0.164	0.339	0.416	0.469	-25.2	-10.3	-0.1	0.425	0.701	1.226	3.219	3.749	22.8	22.4	21.15	19.55	18.4	NA
2026-03-08 02:30:00	-91.0975	30.2684	0	23.19	23.7	90.97090326830657	101.54	2.666	0	2.51	200.1	0	0	4.08	0.26	0	0.207	0.164	0.339	0.416	0.469	-25.2	-10.3	-0.1	0.426	0.701	1.226	3.219	3.747	22.75	22.4	21.15	19.55	18.4	NA
2026-03-08 02:45:00	-91.0975	30.2684	0	23.11	23.6	91.76034654336746	101.56	2.673	0	2.36	197.9	24	1	3.26	0.23	0	0.207	0.164	0.339	0.416	0.469	-25.2	-10.3	-0.1	0.424	0.698	1.226	3.219	3.74	22.700000000000003	22.4	21.15	19.55	18.4	NA
2026-03-08 03:00:00	-91.0975	30.2684	0	23.05	23.6	91.82900374242722	101.57	2.675	0	2.45	193.2	11	15	4.26	0.23	0	0.207	0.164	0.34	0.416	0.469	-25.1	-10.3	-0.1	0.426	0.699	1.226	3.218	3.742	22.700000000000003	22.3	21.15	19.6	18.4	NA
2026-03-08 03:15:00	-91.0975	30.2684	0.477	22.84	23	94.6452762930998	101.58	2.659	0	2.83	193.8	6	16	4.7	0.15	0	0.207	0.164	0.34	0.416	0.469	-25.1	-10.3	-0.1	0.427	0.702	1.225	3.227	3.757	22.65	22.3	21.2	19.6	18.4	NA
2026-03-08 03:30:00	-91.0975	30.2684	0.034	22.96	23.6	92.37826133490528	101.6	2.691	0	2.88	182.1	12	30	4.69	0.21	0	0.207	0.164	0.34	0.416	0.469	-25	-10.3	-0.1	0.427	0.7	1.225	3.219	3.755	22.6	22.3	21.25	19.65	18.4	NA
2026-03-08 03:45:00	-91.0975	30.2684	0.221	22.98	23.4	93.63717877094865	101.61	2.695	0	2.84	177.6	13	39	4.45	0.17	0	0.207	0.164	0.34	0.416	0.469	-25	-10.4	-0.1	0.427	0.702	1.225	3.219	3.758	22.6	22.3	21.25	19.65	18.4	NA
2026-03-08 04:00:00	-91.0975	30.2684	0.068	22.98	23.5	93.52344051517068	101.62	2.708	0	3.09	191	8	30	4.57	0.18	0.167	0.207	0.164	0.34	0.416	0.469	-25	-10.3	-0.1	0.427	0.698	1.225	3.219	3.766	22.55	22.3	21.25	19.65	18.4	NA
2026-03-08 04:15:00	-91.0975	30.2684	0	22.94	23.4	94.67952213389057	101.62	2.725	0	2.77	188.8	8	54	4.83	0.16	0	0.207	0.164	0.34	0.416	0.469	-24.9	-10.4	-0.1	0.427	0.7	1.228	3.226	3.757	22.55	22.2	21.25	19.65	18.4	NA
2026-03-08 04:30:00	-91.0975	30.2684	0	22.89	23.2	95.51263283645321	101.62	2.716	0	2.7	202.9	10	78	4.88	0.13	0	0.207	0.164	0.34	0.416	0.469	-24.9	-10.4	-0.1	0.428	0.7	1.228	3.219	3.762	22.45	22.2	21.25	19.65	18.4	NA
2026-03-08 04:45:00	-91.0975	30.2684	0	21.82	21.8	98.05228173467354	101.66	2.561	0	3.8	283.8	6	85	8	0.04	0	0.207	0.164	0.34	0.416	0.469	-24.9	-10.4	-0.1	0.426	0.696	1.228	3.225	3.757	22.45	22.2	21.25	19.65	18.4	NA
2026-03-08 05:00:00	-91.0975	30.2684	0.017	20.47	20.3	97.01689474456491	101.69	2.311	0	4.32	334.3	9	95	7.59	0.08	0	0.207	0.164	0.339	0.416	0.469	-24.8	-10.4	-0.1	0.426	0.699	1.225	3.219	3.757	22.4	22.2	21.25	19.65	18.4	NA
2026-03-08 05:15:00	-91.0975	30.2684	0.017	20.14	19.9	95.87555399272328	101.68	2.228	0	3.67	340.4	8	40	8.07	0.1	0	0.207	0.164	0.34	0.416	0.469	-24.9	-10.4	-0.1	0.429	0.701	1.225	3.226	3.764	22.4	22.1	21.25	19.65	18.4	NA
2026-03-08 05:30:00	-91.0975	30.2684	0.766	20	19.7	96.1568469260673	101.67	2.207	0	3.36	31.8	12	17	9.67	0.08	0.152	0.207	0.164	0.34	0.416	0.469	-24.8	-10.4	-0.1	0.429	0.698	1.225	3.226	3.765	22.35	22.1	21.3	19.65	18.5	NA
2026-03-08 05:45:00	-91.0975	30.2684	1.021	19.73	19.1	98.54646746357832	101.65	2.179	0	3.89	33.2	11	22	7.68	0.03	0.121	0.207	0.164	0.34	0.416	0.469	-24.8	-10.4	-0.1	0.43	0.698	1.227	3.226	3.773	22.35	22.1	21.3	19.65	18.5	NA
2026-03-08 06:00:00	-91.0975	30.2684	1.021	19.41	18.8	99.53344428302256	101.64	2.16	0	4.22	1.7	10	8	8.82	0.01	0.07	0.207	0.164	0.34	0.416	0.469	-24.8	-10.4	-0.1	0.43	0.699	1.226	3.226	3.766	22.3	22.1	21.3	19.65	18.5	NA
2026-03-08 06:15:00	-91.0975	30.2684	1.783	19.3	18.8	99.02656100195162	101.68	2.149	0	3.66	11.3	9	20	7.39	0.02	0.044	0.208	0.164	0.34	0.416	0.469	-24.7	-10.4	-0.1	0.43	0.696	1.226	3.225	3.774	22.25	22.1	21.3	19.65	18.5	NA
2026-03-08 06:30:00	-91.0975	30.2684	3.485	19.24	18.8	99.4412836864642	101.71	2.158	0	4.17	10.9	10	13	10.45	0.02	0.022	0.211	0.172	0.345	0.418	0.47	-24.7	-3.7	-0.1	0.421	0.764	1.248	3.221	3.739	22.2	22	21.4	19.700000000000003	18.5	NA
2026-03-08 06:45:00	-91.0975	30.2684	3.911	19.31	18.9	99.41742390337176	101.74	2.171	0	3.47	14.6	9	13	8.41	0.02	0.014	0.219	0.244	0.372	0.424	0.471	-18.1	-0.3	-0.1	0.417	0.667	1.311	3.22	3.728	22.1	22	21.549999999999997	19.8	18.6	NA
2026-03-08 07:00:00	-91.0975	30.2684	3.553	19.34	18.9	99.82956430647188	101.79	2.18	0	2.31	344.6	5	21	4.91	0	0.013	0.227	0.278	0.376	0.424	0.469	-7.2	-0.3	-0.1	0.417	0.629	1.314	3.222	3.751	22.05	22	21.65	19.9	18.7	NA
2026-03-08 07:15:00	-91.0975	30.2684	3.621	19.32	18.9	99.82956430647188	101.77	2.18	0	2.49	347.4	5	31	4.41	0	0.013	0.238	0.292	0.377	0.424	0.47	-1.7	-0.3	-0.1	0.446	0.621	1.309	3.218	3.758	21.95	21.9	21.65	19.95	18.8	NA
2026-03-08 07:30:00	-91.0975	30.2684	3.945	19.29	18.9	99.78377092834963	101.77	2.179	0	2.27	17.9	8	10	4.64	0	0.012	0.255	0.3	0.378	0.425	0.471	-0.4	-0.3	-0.1	0.562	0.615	1.314	3.214	3.76	21.9	21.9	21.65	19.95	18.9	NA
2026-03-08 07:45:00	-91.0975	30.2684	1.379	19.29	18.9	99.78377092834963	101.79	2.179	0	1.38	41.9	14	5	2.62	0	0.012	0.269	0.304	0.379	0.425	0.471	-0.1	-0.3	-0.1	0.662	0.614	1.316	3.206	3.761	21.85	21.8	21.65	20	18.9	NA
2026-03-08 08:00:00	-91.0975	30.2684	1.885	19.3	18.9	99.82956430647188	101.79	2.18	0	1.32	15.9	2	9	2.72	0	0.019	0.281	0.306	0.38	0.426	0.472	-0.1	-0.3	-0.1	0.698	0.613	1.316	3.203	3.758	21.75	21.7	21.65	20	18.8	NA
2026-03-08 08:15:00	-91.0975	30.2684	1.072	19.3	18.9	99.87535768459409	101.76	2.181	0	1.71	113.1	3	4	3.2	0	0	0.291	0.309	0.381	0.426	0.472	-0.1	-0.3	-0.1	0.707	0.612	1.319	3.208	3.764	21.7	21.7	21.65	20	18.8	NA
2026-03-08 08:30:00	-91.0975	30.2684	0.919	19.28	18.9	99.87535768459409	101.63	2.181	0	2.68	100.4	6	1	7.35	0	0	0.303	0.31	0.381	0.426	0.472	-0.1	-0.3	-0.1	0.696	0.612	1.32	3.205	3.774	21.65	21.6	21.6	20	18.7	NA
2026-03-08 08:45:00	-91.0975	30.2684	0.562	19.14	18.7	100	101.31	2.161	0	7.2	48.1	0	0	12.17	0	0	0.313	0.312	0.381	0.427	0.472	-0.2	-0.3	-0.1	0.685	0.612	1.316	3.181	3.774	21.65	21.6	21.55	20	18.7	NA
2026-03-08 09:00:00	-91.0975	30.2684	0.017	19.04	18.6	99.89954452364304	101.4	2.141	0	3.6	27.8	0	0	8.31	0	0	0.319	0.313	0.382	0.427	0.472	-0.2	-0.3	-0.1	0.679	0.612	1.318	3.176	3.774	21.55	21.5	21.55	20.1	18.6	NA
2026-03-08 09:15:00	-91.0975	30.2684	0	18.93	18.5	99.6817834769994	101.53	2.123	0	3.52	207.8	0	0	6.59	0	0	0.321	0.313	0.382	0.427	0.472	-0.2	-0.3	-0.1	0.675	0.61	1.316	3.174	3.767	21.55	21.5	21.55	20.1	18.6	NA
2026-03-08 09:30:00	-91.0975	30.2684	0	18.7	19	97.61566018627553	101.56	2.145	0	2.58	215.1	0	0	5.26	0.05	0	0.322	0.313	0.382	0.427	0.472	-0.2	-0.3	-0.1	0.674	0.612	1.316	3.173	3.767	21.5	21.4	21.55	20.1	18.6	NA
2026-03-08 09:45:00	-91.0975	30.2684	0	18.44	18.7	98.07094770105876	101.57	2.115	0	1.93	213.5	0	0	3.1	0.05	0	0.323	0.314	0.382	0.428	0.472	-0.2	-0.3	-0.1	0.672	0.61	1.319	3.171	3.768	21.5	21.4	21.5	20.1	18.6	NA
2026-03-08 10:00:00	-91.0975	30.2684	0	18.3	18.6	97.6131934345919	101.58	2.092	0	1.84	197.1	0	0	3.39	0.05	0	0.324	0.314	0.383	0.428	0.472	-0.2	-0.3	-0.1	0.671	0.61	1.32	3.169	3.767	21.45	21.4	21.45	20.1	18.6	NA
2026-03-08 10:15:00	-91.0975	30.2684	0	18.6	19	96.43244006280555	101.6	2.119	0	2.97	168.4	0	0	4.62	0.07	0	0.324	0.314	0.383	0.428	0.473	-0.2	-0.3	-0.1	0.671	0.61	1.317	3.173	3.766	21.4	21.3	21.45	20.1	18.6	NA
2026-03-08 10:30:00	-91.0975	30.2684	0	18.69	18.9	97.906242425338	101.61	2.138	0	2.74	160.4	0	0	4.62	0.05	0	0.325	0.314	0.383	0.428	0.473	-0.2	-0.3	-0.1	0.668	0.61	1.317	3.171	3.765	21.4	21.3	21.45	20.1	18.6	NA
2026-03-08 10:45:00	-91.0975	30.2684	0	18.76	19	97.79769405142477	101.63	2.149	0	2.9	168.5	37	1	5.26	0.05	0	0.325	0.313	0.383	0.429	0.473	-0.2	-0.3	-0.1	0.667	0.609	1.317	3.168	3.765	21.35	21.3	21.45	20.05	18.6	NA
2026-03-08 11:00:00	-91.0975	30.2684	0	18.78	19	97.61566018627553	101.67	2.145	0	1.14	149.9	22	2	2.76	0.05	0	0.325	0.313	0.383	0.429	0.473	-0.2	-0.3	-0.1	0.666	0.61	1.316	3.165	3.764	21.35	21.3	21.35	20.05	18.6	NA
2026-03-08 11:15:00	-91.0975	30.2684	0	18.69	18.7	98.72011709482462	101.71	2.129	0	1.2	2.8	24	1	3.16	0.03	0	0.325	0.313	0.383	0.429	0.473	-0.2	-0.3	-0.1	0.664	0.609	1.319	3.162	3.764	21.3	21.2	21.35	20.05	18.6	NA
2026-03-08 11:30:00	-91.0975	30.2684	0	18.77	18.7	98.44190164035354	101.74	2.123	0	0.96	5.9	0	0	2.38	0.03	0	0.326	0.313	0.383	0.429	0.473	-0.2	-0.3	-0.1	0.662	0.609	1.322	3.167	3.761	21.25	21.2	21.35	20.05	18.6	NA
2026-03-08 11:45:00	-91.0975	30.2684	0	18.73	18.6	98.96633999749972	101.73	2.121	0	0.78	357	20	1	1.71	0.02	0	0.326	0.312	0.383	0.429	0.473	-0.2	-0.3	-0.1	0.662	0.61	1.321	3.169	3.759	21.25	21.2	21.299999999999997	20.05	18.6	NA
2026-03-08 12:00:00	-91.0975	30.2684	0	18.72	18.6	98.87301954488541	101.74	2.119	0	1	33.6	0	0	1.74	0.02	0	0.326	0.312	0.383	0.429	0.473	-0.2	-0.3	-0.1	0.663	0.609	1.322	3.169	3.761	21.25	21.2	21.299999999999997	20	18.6	NA
2026-03-08 12:15:00	-91.0975	30.2684	0.017	18.86	18.7	98.72011709482462	101.72	2.129	0	1.6	56.7	0	0	2.61	0.02	0	0.326	0.311	0.383	0.429	0.473	-0.2	-0.3	-0.1	0.661	0.609	1.322	3.169	3.762	21.200000000000003	21.1	21.25	20	18.6	NA
2026-03-08 12:30:00	-91.0975	30.2684	0.681	18.99	18.7	99.64750194306158	101.75	2.149	0	1.12	49.8	0	0	2.72	0	0.025	0.327	0.311	0.383	0.429	0.473	-0.2	-0.3	-0.1	0.659	0.61	1.322	3.171	3.772	21.15	21.1	21.25	20	18.6	NA
2026-03-08 12:45:00	-91.0975	30.2684	0.017	19.12	19	98.70786337717094	101.76	2.169	5.8	1.86	62.8	27	1	2.98	0.02	0	0.328	0.313	0.384	0.428	0.473	-0.2	-0.3	-0.1	0.662	0.612	1.32	3.184	3.77	21.15	21.1	21.25	20	18.6	NA
2026-03-08 13:00:00	-91.0975	30.2684	0	19.22	19	99.43599883776785	101.78	2.185	5.4	1.31	112.6	16	2	2.2	0.01	0	0.328	0.313	0.384	0.426	0.473	-0.2	-0.3	-0.1	0.66	0.613	1.323	3.201	3.769	21.15	21.1	21.25	19.950000000000003	18.6	NA
2026-03-08 13:15:00	-91.0975	30.2684	0	19.26	19.1	99.13439957786312	101.82	2.192	0	0.96	36.2	14	1	1.61	0.02	0	0.328	0.313	0.384	0.425	0.473	-0.2	-0.3	-0.1	0.66	0.612	1.32	3.213	3.772	21.15	21	21.200000000000003	19.9	18.6	NA
2026-03-08 13:30:00	-91.0975	30.2684	0.647	19.22	19	99.34498190519324	101.9	2.183	0	2.48	327.3	31	1	5.32	0.01	0.053	0.329	0.313	0.384	0.425	0.473	-0.2	-0.3	-0.1	0.66	0.611	1.319	3.212	3.769	21.1	21	21.15	19.9	18.6	NA
2026-03-08 13:45:00	-91.0975	30.2684	3.502	18.9	18.3	100	101.91	2.107	6.8	1.51	NA	0	0	2.96	0	0.029	0.33	0.314	0.385	0.424	0.473	-0.2	-0.3	-0.1	0.657	0.613	1.321	3.232	3.768	21.049999999999997	21	21.15	19.9	18.6	NA
2026-03-08 14:00:00	-91.0975	30.2684	1.749	18.69	18	99.75827380036417	101.91	2.059	12.4	1.07	6.2	0	0	2.26	0	0.016	0.334	0.317	0.385	0.422	0.473	-0.1	-0.3	-0.1	0.653	0.616	1.319	3.294	3.778	21.049999999999997	21	21.2	19.9	18.6	0.77
2026-03-08 14:15:00	-91.0975	30.2684	1.851	18.68	17.9	100	101.94	2.054	12.4	0.86	258.4	0	0	2.66	0	0.017	0.339	0.318	0.385	0.426	0.473	-0.2	-0.3	-0.1	0.643	0.618	1.319	3.273	3.764	21.049999999999997	20.9	21.2	19.85	18.6	0.81
2026-03-08 14:30:00	-91.0975	30.2684	2.277	18.64	17.8	100	101.93	2.044	26.5	1.79	199.5	0	0	3.19	0	0.015	0.341	0.319	0.385	0.426	0.473	-0.1	-0.3	-0.1	0.637	0.618	1.318	3.277	3.766	21.049999999999997	20.9	21.2	19.85	18.6	0.856
2026-03-08 14:45:00	-91.0975	30.2684	0.902	18.64	17.9	99.85143106491198	101.91	2.048	20.8	1.72	187.4	0	0	3.15	0	0	0.342	0.32	0.386	0.427	0.473	-0.2	-0.3	-0.1	0.634	0.618	1.312	3.287	3.769	20.950000000000003	20.9	21.15	19.75	18.6	0.868
2026-03-08 15:00:00	-91.0975	30.2684	0.579	18.59	18	99.66137406864938	101.89	2.057	12.4	2.8	173.8	0	0	3.98	0	0	0.343	0.32	0.386	0.427	0.474	-0.2	-0.2	-0.1	0.631	0.62	1.31	3.273	3.768	20.950000000000003	20.8	21.05	19.799999999999997	18.6	NA
2026-03-08 15:15:00	-91.0975	30.2684	0.528	18.59	18	99.95207326379372	101.87	2.063	10.5	2.36	156.3	0	0	4.14	0	0	0.344	0.321	0.386	0.428	0.474	-0.1	-0.2	-0.1	0.628	0.619	1.313	3.269	3.768	20.950000000000003	20.8	21.05	19.799999999999997	18.6	NA
2026-03-08 15:30:00	-91.0975	30.2684	0.357	18.59	18	100	101.9	2.064	6.8	1.3	186.3	0	0	2.41	0	0	0.345	0.322	0.386	0.428	0.474	-0.1	-0.2	-0.1	0.627	0.618	1.313	3.268	3.766	20.9	20.8	21.1	19.799999999999997	18.6	NA
2026-03-08 15:45:00	-91.0975	30.2684	0.647	18.5	17.9	99.75391990176264	101.92	2.046	11.6	1.73	203.6	0	0	2.72	0	0	0.347	0.322	0.385	0.428	0.474	-0.1	-0.2	-0.1	0.622	0.618	1.317	3.267	3.763	20.85	20.7	21.1	19.85	18.6	NA
2026-03-08 16:00:00	-91.0975	30.2684	0.987	18.5	17.8	100	101.91	2.041	22.4	2.51	197.3	0	0	3.98	0	0	0.348	0.323	0.388	0.428	0.474	-0.1	-0.2	-0.1	0.623	0.619	1.306	3.259	3.763	20.85	20.7	21.1	19.85	18.6	0.768
2026-03-08 16:15:00	-91.0975	30.2684	0.817	18.6	17.9	99.99769780963598	101.86	2.051	26.4	2.87	169.5	0	0	4.64	0	0	0.349	0.324	0.39	0.428	0.474	-0.1	-0.2	-0.1	0.622	0.62	1.303	3.259	3.753	20.85	20.7	21.05	19.9	18.6	0.794
2026-03-08 16:30:00	-91.0975	30.2684	0.834	19.03	17.9	100	101.87	2.056	112.3	2.03	191.9	0	0	3.26	0	0	0.349	0.325	0.391	0.428	0.474	-0.1	-0.2	-0.1	0.621	0.619	1.336	3.259	3.752	20.8	20.7	21.05	19.85	18.6	0.739
2026-03-08 16:45:00	-91.0975	30.2684	0.153	20.02	17.8	99.94228491686981	101.88	2.037	349	2.66	198.2	0	0	4.24	0	0	0.35	0.325	0.393	0.428	0.474	-0.1	-0.2	-0.1	0.625	0.62	1.336	3.249	3.76	20.75	20.7	21.05	19.9	18.6	0.742
2026-03-08 17:00:00	-91.0975	30.2684	0	21.25	18	100	101.87	2.065	472.2	2.25	198.6	0	0	3.71	0	0	0.35	0.325	0.394	0.428	0.474	-0.1	-0.2	-0.1	0.625	0.62	1.333	3.241	3.76	20.75	20.6	21.05	19.95	18.6	0.765
2026-03-08 17:15:00	-91.0975	30.2684	0	22.82	18.8	100	101.84	2.173	615.3	1.37	211.1	0	0	2.85	0	0	0.35	0.326	0.394	0.428	0.474	-0.1	-0.2	-0.1	0.629	0.621	1.331	3.232	3.751	20.75	20.6	21.05	20	18.6	0.821
2026-03-08 17:30:00	-91.0975	30.2684	0	23.91	20	99.68860585687545	101.82	2.331	689.2	1.09	260.9	0	0	2.45	0	0	0.35	0.326	0.394	0.428	0.474	-0.1	-0.2	-0.1	0.628	0.621	1.33	3.231	3.749	20.8	20.6	21.05	20	18.6	0.835
2026-03-08 17:45:00	-91.0975	30.2684	0	24.44	20.6	100	101.8	2.429	632.8	1.12	273.7	0	0	2	0	0	0.35	0.33	0.395	0.428	0.474	-0.1	-0.2	-0.1	0.631	0.619	1.325	3.222	3.738	20.8	20.6	21	20	18.6	0.689
2026-03-08 18:00:00	-91.0975	30.2684	0	25.04	21.2	100	101.78	2.52	624.2	0.96	229.5	0	0	2.16	0	0	0.35	0.331	0.395	0.428	0.474	-0.1	-0.2	-0.1	0.632	0.619	1.328	3.22	3.729	20.85	20.6	20.95	20.1	18.7	0.614
2026-03-08 18:15:00	-91.0975	30.2684	0	25.27	21.5	99.39870526921693	101.76	2.549	560.5	0.9	252.1	0	0	1.9	0.01	0	0.35	0.331	0.395	0.428	0.474	-0.1	-0.2	-0.1	0.634	0.619	1.326	3.219	3.73	20.9	20.6	20.95	20.1	18.7	0.706
2026-03-08 18:30:00	-91.0975	30.2684	0	26.05	22	98.6409936719823	101.73	2.608	720	1.24	270.8	0	0	2.35	0.03	0	0.349	0.331	0.395	0.428	0.474	-0.1	-0.2	-0.1	0.635	0.62	1.326	3.219	3.718	21	20.6	20.95	20.1	18.7	0.727
2026-03-08 18:45:00	-91.0975	30.2684	0	26.75	22.8	96.44652962859408	101.71	2.677	683.2	1.23	299.8	0	0	2.5	0.1	0	0.349	0.332	0.396	0.428	0.474	-0.1	-0.2	-0.1	0.635	0.62	1.325	3.219	3.721	21.1	20.6	20.95	20.1	18.7	0.724
2026-03-08 19:00:00	-91.0975	30.2684	0	26.47	23	91.19262800410745	101.67	2.562	507.3	1.61	321	0	0	3.87	0.24	0	0.349	0.332	0.396	0.428	0.474	-0.1	-0.2	-0.1	0.638	0.618	1.325	3.219	3.722	21.25	20.7	20.95	20.1	18.7	0.706
2026-03-08 19:15:00	-91.0975	30.2684	0	25.7	22.9	87.91437768920053	101.67	2.455	488.9	2.45	310.4	0	0	4	0.33	0	0.348	0.332	0.396	0.428	0.474	-0.1	-0.2	-0.1	0.64	0.618	1.321	3.212	3.729	21.35	20.7	20.95	20.15	18.7	0.702
2026-03-08 19:30:00	-91.0975	30.2684	0	25.45	22.8	86.21462286186987	101.69	2.393	437.3	2.33	326.2	0	0	4.07	0.39	0	0.348	0.332	0.396	0.428	0.474	-0.1	-0.2	-0.1	0.641	0.616	1.324	3.219	3.719	21.450000000000003	20.8	20.95	20.15	18.7	0.695
2026-03-08 19:45:00	-91.0975	30.2684	0	25.3	22.8	87.87190353535337	101.67	2.439	369	1.83	313.5	0	0	4.04	0.33	0	0.348	0.332	0.396	0.428	0.474	-0.1	-0.2	-0.1	0.642	0.616	1.325	3.212	3.719	21.55	20.9	20.95	20.15	18.7	0.705
2026-03-08 20:00:00	-91.0975	30.2684	0	25.18	23	87.24165934350795	101.68	2.451	359.6	1.87	323.3	0	0	3.85	0.36	0	0.348	0.332	0.396	0.428	0.474	-0.1	-0.2	-0.1	0.643	0.616	1.325	3.219	3.722	21.65	20.9	20.95	20.15	18.7	0.704
2026-03-08 20:15:00	-91.0975	30.2684	0	26.71	23.4	87.86954549600338	101.7	2.529	568.6	1.79	335.7	0	0	4.57	0.35	0	0.348	0.331	0.396	0.428	0.474	-0.1	-0.2	-0.1	0.643	0.618	1.328	3.219	3.717	21.700000000000003	21	20.95	20.15	18.7	0.687
2026-03-08 20:30:00	-91.0975	30.2684	0	26.68	23.7	84.7264639216824	101.67	2.483	476.5	1.82	4	0	0	3.47	0.44	0	0.348	0.331	0.396	0.428	0.474	-0.1	-0.2	-0.1	0.644	0.618	1.325	3.219	3.719	21.85	21.1	20.9	20.15	18.7	0.664
2026-03-08 20:45:00	-91.0975	30.2684	0	27.05	23.8	84.42198046369735	101.68	2.489	447	1.11	11.2	0	0	3.03	0.46	0	0.347	0.331	0.396	0.428	0.474	-0.1	-0.2	-0.1	0.646	0.618	1.325	3.219	3.72	21.9	21.2	20.9	20.15	18.7	0.654
2026-03-08 21:00:00	-91.0975	30.2684	0	26.7	24	82.67654916326364	101.69	2.467	316	0.95	324.8	0	0	2.14	0.51	0	0.347	0.331	0.396	0.428	0.474	-0.1	-0.2	-0.1	0.644	0.618	1.328	3.219	3.718	21.95	21.2	20.9	20.15	18.7	0.665
2026-03-08 21:15:00	-91.0975	30.2684	0	26.06	24	81.73818541110663	101.7	2.439	292.5	1.43	245.1	0	0	3.21	0.55	0	0.347	0.331	0.395	0.428	0.475	-0.1	-0.2	-0.1	0.646	0.617	1.328	3.219	3.716	22.049999999999997	21.3	20.95	20.15	18.7	0.676
2026-03-08 21:30:00	-91.0975	30.2684	0	25.29	23.9	80.57843307448479	101.72	2.39	222.8	1.66	238.7	0	0	2.63	0.58	0	0.346	0.33	0.395	0.428	0.474	-0.1	-0.2	-0.1	0.646	0.618	1.331	3.219	3.718	22.1	21.4	20.95	20.15	18.7	0.688
2026-03-08 21:45:00	-91.0975	30.2684	0	25.14	23.9	79.8029920867387	101.73	2.367	186.1	1	219.5	0	0	1.96	0.6	0	0.346	0.33	0.395	0.428	0.474	-0.1	-0.2	-0.1	0.646	0.618	1.331	3.219	3.72	22.200000000000003	21.4	20.95	20.1	18.7	0.687
2026-03-08 22:00:00	-91.0975	30.2684	0	25.06	24	78.52093826085397	101.72	2.343	180.6	1.07	200.7	0	0	2.17	0.63	0	0.346	0.33	0.395	0.428	0.474	-0.1	-0.2	-0.1	0.646	0.619	1.332	3.219	3.719	22.25	21.5	20.95	20.1	18.7	0.682
2026-03-08 22:15:00	-91.0975	30.2684	0	24.84	24	78.21932134051778	101.73	2.334	189	1.15	211.8	0	0	2	0.65	0	0.346	0.329	0.395	0.428	0.474	-0.1	-0.2	-0.1	0.645	0.618	1.332	3.22	3.718	22.3	21.5	20.95	20.1	18.7	0.666
2026-03-08 22:30:00	-91.0975	30.2684	0	24.95	24	78.35337330511163	101.72	2.338	161.7	0.63	281	0	0	1.11	0.64	0	0.345	0.329	0.395	0.428	0.474	-0.1	-0.2	-0.1	0.646	0.618	1.332	3.221	3.718	22.35	21.6	20.95	20.05	18.7	0.666
2026-03-08 22:45:00	-91.0975	30.2684	0	24.75	23.9	79.39841418008858	101.73	2.355	115	0.74	339.9	0	0	1.53	0.62	0	0.345	0.328	0.395	0.428	0.474	-0.1	-0.2	-0.1	0.647	0.619	1.332	3.221	3.718	22.4	21.6	20.95	20.05	18.7	0.682
2026-03-08 23:00:00	-91.0975	30.2684	0	24.39	24	78.5879642431509	101.73	2.345	78.8	0.43	343.2	0	0	1.1	0.63	0	0.345	0.328	0.395	0.428	0.474	-0.1	-0.2	-0.1	0.646	0.618	1.335	3.222	3.719	22.4	21.7	20.95	20.05	18.7	0.673
2026-03-08 23:15:00	-91.0975	30.2684	0	24.08	24	78.31986031396318	101.72	2.337	63.8	0.41	343.3	0	0	0.75	0.64	0	0.344	0.328	0.395	0.428	0.474	-0.1	-0.2	-0.1	0.645	0.62	1.335	3.221	3.718	22.4	21.7	21	20.05	18.7	0.675
2026-03-08 23:30:00	-91.0975	30.2684	0	23.67	23.8	79.13076754592444	101.72	2.333	46.7	0.43	70	0	0	0.84	0.62	0	0.344	0.327	0.395	0.428	0.474	-0.1	-0.2	-0.1	0.648	0.617	1.334	3.221	3.718	22.4	21.8	21	20.05	18.7	0.703
2026-03-08 23:45:00	-91.0975	30.2684	0	23.33	23.7	80.2564007828421	101.72	2.352	21.3	0.89	118	0	0	3.55	0.57	0	0.344	0.327	0.395	0.428	0.474	-0.1	-0.2	-0.1	0.646	0.617	1.337	3.221	3.727	22.45	21.8	21	20.05	18.7	0.758
2026-03-09 00:00:00	-91.0975	30.2684	0	22.91	23.3	82.4588428657733	101.72	2.359	8.8	1.01	143.6	0	0	1.59	0.51	0	0.343	0.326	0.395	0.428	0.475	-0.1	-0.2	-0.1	0.647	0.615	1.337	3.222	3.715	22.4	21.8	21	20.05	18.7	NA
2026-03-09 00:15:00	-91.0975	30.2684	0	22.43	23	83.25509637065079	101.73	2.339	0	1.35	158.8	0	0	1.85	0.47	0	0.343	0.326	0.395	0.428	0.474	-0.1	-0.2	-0.1	0.643	0.615	1.337	3.229	3.717	22.4	21.8	21	20.05	18.7	NA
2026-03-09 00:30:00	-91.0975	30.2684	0	22.09	22.9	83.0799821747231	101.74	2.32	0	1.27	167.8	0	0	1.8	0.46	0	0.342	0.325	0.396	0.428	0.475	-0.1	-0.2	-0.1	0.645	0.615	1.336	3.228	3.725	22.35	21.9	21.049999999999997	20.05	18.7	NA
2026-03-09 00:45:00	-91.0975	30.2684	0	21.63	22.6	82.89023859572204	101.74	2.273	0	0.98	161.1	0	0	1.57	0.46	0	0.342	0.325	0.396	0.428	0.475	-0.1	-0.2	-0.1	0.646	0.616	1.335	3.222	3.713	22.4	21.9	21.049999999999997	20.05	18.7	NA
2026-03-09 01:00:00	-91.0975	30.2684	0	21.37	22.4	83.12777771779689	101.74	2.252	0	0.83	80.8	0	0	1.52	0.45	0	0.342	0.324	0.396	0.428	0.475	-0.1	-0.2	-0.1	0.645	0.612	1.338	3.228	3.724	22.35	21.9	21.049999999999997	20.05	18.7	NA
2026-03-09 01:15:00	-91.0975	30.2684	0	21.17	21.7	87.21210202893718	101.74	2.264	0	0.8	70.7	0	0	1.59	0.33	0	0.342	0.324	0.396	0.428	0.475	-0.1	-0.2	-0.1	0.645	0.611	1.337	3.221	3.725	22.35	21.9	21.049999999999997	20.05	18.7	NA
2026-03-09 01:30:00	-91.0975	30.2684	0	20.96	21.2	89.92253940267867	101.75	2.264	0	0.34	52.6	0	0	0.84	0.25	0	0.342	0.323	0.396	0.428	0.475	-0.1	-0.2	-0.1	0.642	0.611	1.337	3.229	3.715	22.3	21.9	21.049999999999997	20.05	18.7	NA
2026-03-09 01:45:00	-91.0975	30.2684	0	20.75	21.1	90.6757529588377	101.74	2.269	0	0.54	76	0	0	0.91	0.24	0	0.342	0.323	0.396	0.428	0.475	-0.1	-0.2	-0.1	0.644	0.611	1.337	3.221	3.724	22.25	21.9	21.049999999999997	20.05	18.7	NA
2026-03-09 02:00:00	-91.0975	30.2684	0	20.4	20.8	91.79292574375981	101.74	2.255	0	0.59	83.6	0	0	1.59	0.2	0	0.341	0.322	0.396	0.428	0.475	-0.1	-0.2	-0.1	0.642	0.611	1.336	3.221	3.725	22.25	21.9	21.1	20.05	18.7	NA
2026-03-09 02:15:00	-91.0975	30.2684	0	20.15	20.7	91.62235526945781	101.74	2.237	0	1.13	67.7	0	0	1.79	0.2	0	0.341	0.322	0.396	0.428	0.475	-0.1	-0.2	-0.1	0.644	0.608	1.338	3.221	3.725	22.25	21.9	21.1	20.05	18.7	NA
2026-03-09 02:30:00	-91.0975	30.2684	0	19.96	20.5	92.3022846737295	101.73	2.226	0	1.04	92.8	0	0	1.52	0.19	0	0.341	0.322	0.396	0.428	0.474	-0.1	-0.2	-0.1	0.643	0.609	1.337	3.229	3.727	22.2	21.9	21.1	20.05	18.7	NA
2026-03-09 02:45:00	-91.0975	30.2684	0	19.82	20.4	92.33104088482229	101.73	2.213	0	1.03	86.3	0	0	1.56	0.18	0	0.341	0.321	0.397	0.428	0.475	-0.1	-0.2	-0.1	0.642	0.608	1.337	3.23	3.723	22.15	21.9	21.1	20	18.7	NA
2026-03-09 03:00:00	-91.0975	30.2684	0	19.85	20.6	90.86966676956845	101.76	2.205	0	0.91	68.3	0	0	1.44	0.22	0	0.341	0.321	0.396	0.428	0.475	-0.1	-0.2	-0.1	0.641	0.608	1.337	3.23	3.724	22.1	21.9	21.1	20	18.7	NA
2026-03-09 03:15:00	-91.0975	30.2684	0	19.62	20.4	91.74693127235616	101.8	2.199	0	0.54	96	0	0	1.03	0.19	0	0.341	0.32	0.396	0.428	0.475	-0.1	-0.2	-0.1	0.641	0.606	1.338	3.23	3.723	22.1	21.9	21.1	20	18.7	NA
2026-03-09 03:30:00	-91.0975	30.2684	0	19.67	20.4	91.83037550270846	101.8	2.201	0	0.99	92.9	0	0	1.8	0.19	0	0.341	0.32	0.396	0.428	0.475	-0.1	-0.2	-0.1	0.641	0.604	1.337	3.23	3.724	22.049999999999997	21.8	21.1	20	18.7	NA
2026-03-09 03:45:00	-91.0975	30.2684	0	19.88	20.5	92.21935360034792	101.81	2.224	0	1.41	116	0	0	2.32	0.19	0	0.341	0.319	0.397	0.428	0.475	-0.1	-0.2	-0.1	0.64	0.605	1.333	3.23	3.724	22	21.8	21.1	20	18.7	NA
2026-03-09 04:00:00	-91.0975	30.2684	0	20.02	20.6	92.35325316580631	101.8	2.241	0	1.68	107.1	0	0	2.53	0.18	0	0.341	0.319	0.397	0.428	0.475	-0.1	-0.2	-0.1	0.639	0.605	1.332	3.222	3.724	21.95	21.8	21.15	20	18.7	NA
2026-03-09 04:15:00	-91.0975	30.2684	0	19.96	20.6	92.27083169934863	101.78	2.239	0	1.46	104	0	0	2.34	0.18	0	0.341	0.319	0.397	0.428	0.475	-0.1	-0.2	-0.1	0.639	0.604	1.331	3.222	3.724	21.95	21.8	21.15	20	18.7	NA
2026-03-09 04:30:00	-91.0975	30.2684	0	19.83	20.5	92.79987111401915	101.79	2.238	0	1.17	125.4	0	0	1.96	0.17	0	0.341	0.318	0.397	0.428	0.475	-0.1	-0.2	-0.1	0.638	0.603	1.331	3.229	3.724	21.9	21.8	21.15	20	18.7	NA
2026-03-09 04:45:00	-91.0975	30.2684	0	19.59	20.3	92.98676843756438	101.79	2.215	0	1.09	118.3	0	0	1.89	0.16	0	0.341	0.318	0.397	0.428	0.475	-0.1	-0.2	-0.1	0.638	0.603	1.331	3.229	3.722	21.85	21.7	21.15	20	18.7	NA
2026-03-09 05:00:00	-91.0975	30.2684	0	19.58	20.1	93.46330128385961	101.77	2.199	0	1.49	114.8	0	0	2.97	0.16	0	0.34	0.318	0.397	0.428	0.475	-0.1	-0.2	-0.1	0.637	0.603	1.33	3.236	3.724	21.85	21.7	21.15	19.95	18.7	NA
2026-03-09 05:15:00	-91.0975	30.2684	0	19.7	20.4	92.45620723035074	101.8	2.216	0	0.98	85.3	0	0	1.83	0.17	0	0.34	0.317	0.397	0.428	0.475	-0.1	-0.2	-0.1	0.638	0.603	1.33	3.244	3.731	21.799999999999997	21.7	21.15	19.95	18.7	NA
2026-03-09 05:30:00	-91.0975	30.2684	0	19.49	20	94.30003256731463	101.79	2.205	0	0.89	114.3	0	0	1.43	0.13	0	0.34	0.317	0.397	0.428	0.475	-0.1	-0.2	-0.1	0.635	0.602	1.33	3.236	3.722	21.799999999999997	21.7	21.15	19.95	18.7	NA
2026-03-09 05:45:00	-91.0975	30.2684	0	19.42	20	94.30003256731463	101.79	2.205	0	0.64	145.2	0	0	1.12	0.13	0	0.34	0.317	0.397	0.429	0.475	-0.1	-0.2	-0.1	0.637	0.601	1.33	3.236	3.721	21.75	21.6	21.15	19.95	18.7	NA
2026-03-09 06:00:00	-91.0975	30.2684	0	19.66	20.4	92.70653992140764	101.81	2.222	0	1.25	136.7	0	0	2.47	0.17	0	0.34	0.317	0.397	0.428	0.475	-0.1	-0.2	-0.1	0.637	0.6	1.329	3.244	3.723	21.75	21.6	21.15	19.95	18.7	NA
2026-03-09 06:15:00	-91.0975	30.2684	0	19.89	20.5	94.12676828812488	101.78	2.27	0	2.28	142.5	0	0	3.62	0.14	0	0.34	0.317	0.398	0.428	0.475	-0.1	-0.2	-0.1	0.636	0.598	1.329	3.244	3.721	21.7	21.6	21.15	19.95	18.7	NA
2026-03-09 06:30:00	-91.0975	30.2684	0	19.8	20.3	95.46361689707513	101.76	2.274	0	1.78	128	0	0	3.06	0.11	0	0.34	0.316	0.398	0.428	0.475	-0.1	-0.2	-0.1	0.636	0.6	1.328	3.237	3.722	21.7	21.6	21.15	19.95	18.7	NA
2026-03-09 06:45:00	-91.0975	30.2684	0	19.65	20.2	95.25267037495394	101.76	2.255	0	1.55	130.8	0	0	2.73	0.11	0	0.34	0.316	0.398	0.429	0.475	-0.1	-0.2	-0.1	0.636	0.599	1.328	3.236	3.721	21.65	21.5	21.15	19.95	18.7	NA
2026-03-09 07:00:00	-91.0975	30.2684	0	19.7	20.2	95.54835493931078	101.72	2.262	0	1.79	124.6	0	0	3.17	0.11	0	0.34	0.316	0.398	0.428	0.475	-0.1	-0.2	-0.1	0.635	0.6	1.327	3.244	3.722	21.65	21.5	21.1	19.95	18.7	NA
2026-03-09 07:15:00	-91.0975	30.2684	0	19.54	20.3	94.83390966160628	101.72	2.259	0	1.43	143.5	0	0	2.75	0.12	0	0.34	0.316	0.398	0.429	0.475	-0.1	-0.2	-0.1	0.634	0.6	1.327	3.243	3.722	21.55	21.5	21.1	19.95	18.7	NA
2026-03-09 07:30:00	-91.0975	30.2684	0	19.31	20.1	95.16340680971426	101.72	2.239	0	1.32	151.8	0	0	2.26	0.11	0	0.339	0.316	0.398	0.429	0.475	-0.1	-0.2	-0.1	0.634	0.599	1.327	3.243	3.723	21.55	21.5	21.1	19.95	18.7	NA
2026-03-09 07:45:00	-91.0975	30.2684	0	19.2	19.9	95.83252187692761	101.7	2.227	0	1.34	151.5	0	0	2.17	0.1	0	0.339	0.316	0.398	0.429	0.475	-0.1	-0.2	-0.1	0.635	0.6	1.327	3.243	3.721	21.5	21.4	21.1	19.95	18.7	NA
2026-03-09 08:00:00	-91.0975	30.2684	0	19.21	20	95.02706229685855	101.67	2.222	0	1.57	127	0	0	2.84	0.11	0	0.339	0.316	0.398	0.429	0.475	-0.1	-0.2	-0.1	0.635	0.598	1.326	3.243	3.724	21.5	21.4	21.15	19.95	18.7	NA
2026-03-09 08:15:00	-91.0975	30.2684	0	19.1	19.9	96.09071457170157	101.68	2.233	0	1.07	126.3	0	0	2.28	0.09	0	0.339	0.316	0.398	0.429	0.475	-0.1	-0.2	-0.1	0.634	0.597	1.326	3.243	3.722	21.5	21.4	21.15	19.95	18.7	NA
2026-03-09 08:30:00	-91.0975	30.2684	0	18.63	19.6	96.14179963835059	101.68	2.193	0	0.33	82.8	0	0	0.59	0.08	0	0.339	0.316	0.398	0.429	0.475	-0.1	-0.2	-0.1	0.634	0.597	1.326	3.243	3.723	21.450000000000003	21.4	21.15	19.95	18.7	NA
2026-03-09 08:45:00	-91.0975	30.2684	0	18.49	19.2	96.855625127054	101.69	2.155	0	0.46	27	0	0	0.93	0.07	0	0.339	0.316	0.398	0.429	0.475	-0.1	-0.2	-0.1	0.635	0.597	1.323	3.236	3.723	21.450000000000003	21.4	21.15	19.95	18.7	NA
2026-03-09 09:00:00	-91.0975	30.2684	0	18.44	19.2	97.57473881709247	101.68	2.171	0	0.4	94.9	0	0	0.64	0.05	0	0.339	0.316	0.398	0.429	0.475	-0.1	-0.2	-0.1	0.635	0.597	1.323	3.242	3.731	21.4	21.3	21.15	19.95	18.7	NA
2026-03-09 09:15:00	-91.0975	30.2684	0	18.29	18.8	98.10495503636807	101.67	2.129	0	0.75	75.1	0	0	1.14	0.03	0	0.339	0.315	0.398	0.429	0.475	-0.1	-0.2	-0.1	0.632	0.596	1.322	3.243	3.729	21.4	21.3	21.15	19.95	18.7	NA
2026-03-09 09:30:00	-91.0975	30.2684	0	18.8	19.3	96.56708373664782	101.64	2.162	0	1.2	118.6	0	0	2.31	0.08	0	0.339	0.315	0.399	0.429	0.475	-0.1	-0.2	-0.1	0.634	0.595	1.322	3.242	3.729	21.35	21.3	21.15	19.95	18.7	NA
2026-03-09 09:45:00	-91.0975	30.2684	0	19.06	19.8	96.64478702119969	101.64	2.232	0	1.38	139.8	0	0	2.57	0.08	0	0.339	0.315	0.399	0.429	0.475	-0.1	-0.2	-0.1	0.633	0.595	1.322	3.242	3.731	21.3	21.2	21.15	19.95	18.7	NA
2026-03-09 10:00:00	-91.0975	30.2684	0	19.27	20	97.29368439484843	101.65	2.275	0	1.56	134.1	0	0	2.5	0.07	0	0.339	0.315	0.398	0.429	0.475	-0.1	-0.2	-0.1	0.633	0.594	1.322	3.242	3.731	21.3	21.2	21.15	19.95	18.7	NA
2026-03-09 10:15:00	-91.0975	30.2684	0	19.46	20.1	97.798570374789	101.66	2.301	0	1.81	130.4	0	0	3.58	0.05	0	0.338	0.315	0.398	0.429	0.475	-0.1	-0.2	-0.1	0.633	0.594	1.323	3.241	3.729	21.25	21.2	21.1	20	18.7	NA
2026-03-09 10:30:00	-91.0975	30.2684	0	19.54	20.2	97.91383145416552	101.67	2.318	0	1.9	131.3	0	0	3.27	0.04	0	0.338	0.315	0.398	0.429	0.475	-0.1	-0.2	-0.1	0.634	0.595	1.323	3.241	3.731	21.25	21.2	21.1	20	18.7	NA
2026-03-09 10:45:00	-91.0975	30.2684	0	19.57	20.2	98.04055341031845	101.67	2.321	0	2.17	136.1	0	0	3.89	0.04	0	0.338	0.315	0.398	0.429	0.475	-0.1	-0.2	-0.1	0.632	0.595	1.324	3.241	3.727	21.25	21.2	21.1	20	18.8	NA
2026-03-09 11:00:00	-91.0975	30.2684	0	19.68	20.2	98.71640384313409	101.69	2.337	0	2.48	140.5	0	0	3.82	0.04	0	0.338	0.314	0.398	0.429	0.475	-0.1	-0.2	-0.1	0.633	0.594	1.324	3.241	3.73	21.2	21.1	21.1	20.05	18.8	NA
2026-03-09 11:15:00	-91.0975	30.2684	0	19.79	20.2	98.80088514723604	101.73	2.339	0	1.98	135.8	0	0	3.05	0.02	0	0.338	0.314	0.398	0.429	0.474	-0.1	-0.2	-0.1	0.631	0.593	1.325	3.233	3.733	21.15	21.1	21.1	20.05	18.8	NA
2026-03-09 11:30:00	-91.0975	30.2684	0	20.16	20	100	101.76	2.341	0	1.86	134.6	0	0	3.07	0	0	0.338	0.314	0.398	0.429	0.474	-0.1	-0.2	-0.1	0.631	0.591	1.325	3.241	3.733	21.15	21.1	21.1	20.05	18.8	NA
2026-03-09 11:45:00	-91.0975	30.2684	0	20.3	20.1	100	101.78	2.353	0	1.44	137.8	0	0	2.46	0	0	0.338	0.313	0.398	0.429	0.475	-0.1	-0.2	-0.1	0.631	0.593	1.325	3.241	3.73	21.1	21.1	21.1	20.05	18.8	NA
2026-03-09 12:00:00	-91.0975	30.2684	0	20.37	20.4	99.09002354335875	101.79	2.375	0	1.33	145.4	0	0	2.22	0.01	0	0.338	0.313	0.398	0.429	0.475	-0.1	-0.2	-0.1	0.632	0.592	1.326	3.241	3.727	21.1	21	21.1	20.05	18.8	NA
2026-03-09 12:15:00	-91.0975	30.2684	0	20.4	20.5	99.26849483778457	101.8	2.394	0	1.83	141.3	0	0	3.06	0.02	0	0.338	0.313	0.398	0.429	0.475	-0.1	-0.2	-0.1	0.632	0.593	1.326	3.241	3.738	21.1	21	21.1	20.05	18.8	NA
2026-03-09 12:30:00	-91.0975	30.2684	0	20.4	20.5	99.26849483778457	101.82	2.394	0	1.65	131	0	0	2.7	0.01	0	0.338	0.312	0.398	0.429	0.475	-0.1	-0.2	-0.1	0.632	0.593	1.326	3.241	3.729	21.1	21	21.1	20.05	18.8	NA
2026-03-09 12:45:00	-91.0975	30.2684	0	20.68	20.7	98.9128243074388	101.84	2.415	2.8	1.65	132.5	0	0	2.55	0.02	0	0.338	0.312	0.398	0.429	0.475	-0.1	-0.2	-0.1	0.631	0.593	1.327	3.241	3.731	21.1	21	21.05	20.05	18.8	NA
2026-03-09 13:00:00	-91.0975	30.2684	0	20.9	21	98.39142298139176	101.86	2.447	13.3	2.13	142.6	0	0	4.35	0.03	0	0.338	0.312	0.398	0.429	0.475	-0.1	-0.2	-0.1	0.628	0.593	1.325	3.241	3.727	21.05	21	21.05	20.05	18.8	NA
2026-03-09 13:15:00	-91.0975	30.2684	0	21.11	21	99.55748398117122	101.85	2.476	45	2.99	138.7	0	0	4.83	0	0	0.338	0.311	0.398	0.429	0.475	-0.1	-0.2	-0.1	0.629	0.592	1.324	3.241	3.728	21.05	20.9	21.05	20.05	18.8	0.636
2026-03-09 13:30:00	-91.0975	30.2684	0	21.46	21	100	101.86	2.49	88.7	2.96	141.6	0	0	5.74	0	0	0.338	0.311	0.398	0.429	0.475	-0.1	-0.2	-0.1	0.63	0.59	1.324	3.241	3.728	21.05	20.9	21.05	20.05	18.8	0.622
2026-03-09 13:45:00	-91.0975	30.2684	0	21.8	21.1	99.94713889380921	101.87	2.501	103	3.04	156.2	0	0	5.42	0	0	0.337	0.311	0.398	0.429	0.475	-0.1	-0.2	-0.1	0.63	0.59	1.325	3.24	3.728	21.05	20.9	21.05	20.05	18.8	0.619
2026-03-09 14:00:00	-91.0975	30.2684	0	22.08	21.3	99.79452980385086	101.89	2.528	110.4	2.63	153.1	0	0	5.45	0	0	0.337	0.31	0.398	0.429	0.475	-0.1	-0.2	-0.1	0.629	0.591	1.324	3.241	3.731	21.05	20.9	21	20.05	18.8	0.625
2026-03-09 14:15:00	-91.0975	30.2684	0	22.43	21.4	99.69512366170909	101.89	2.541	148.9	2.7	133.7	0	0	4.17	0	0	0.337	0.31	0.398	0.429	0.475	-0.1	-0.2	-0.1	0.628	0.59	1.327	3.24	3.728	21.05	20.9	21	20.05	18.8	0.615
2026-03-09 14:30:00	-91.0975	30.2684	0	22.68	21.5	100	101.91	2.566	147.1	2.85	144.2	0	0	5.15	0	0	0.337	0.31	0.398	0.429	0.475	-0.1	-0.2	-0.1	0.629	0.59	1.324	3.24	3.727	21.1	20.9	21	20.05	18.8	0.621
2026-03-09 14:45:00	-91.0975	30.2684	0	23.04	21.8	99.58375040682776	101.93	2.601	187.2	3.26	142.6	0	0	5.05	0	0	0.337	0.31	0.398	0.429	0.475	-0.1	-0.2	-0.1	0.631	0.591	1.324	3.24	3.727	21.049999999999997	20.9	21	20.05	18.8	0.603
2026-03-09 15:00:00	-91.0975	30.2684	0	23.49	22	99.73784521204651	101.94	2.637	245.4	3.63	152.7	0	0	5.83	0.01	0	0.337	0.309	0.398	0.429	0.475	-0.1	-0.2	-0.1	0.631	0.59	1.324	3.24	3.73	21.1	20.9	20.95	20.05	18.8	0.604
2026-03-09 15:15:00	-91.0975	30.2684	0	24.29	22.4	99.5540037765978	101.94	2.697	285.8	3.15	149.5	0	0	4.85	0.01	0	0.336	0.309	0.398	0.429	0.475	-0.1	-0.2	-0.1	0.632	0.592	1.325	3.239	3.727	21.1	20.9	20.95	20.05	18.8	0.612
2026-03-09 15:30:00	-91.0975	30.2684	0	24.76	22.6	99.4828732464275	101.95	2.728	326.4	3.13	156.2	0	0	5.43	0.02	0	0.336	0.309	0.398	0.429	0.475	-0.1	-0.2	-0.1	0.632	0.591	1.324	3.24	3.717	21.1	20.9	20.95	20.05	18.8	0.618
2026-03-09 15:45:00	-91.0975	30.2684	0	25.25	23	97.91995302080389	101.96	2.751	386.5	3.61	177.5	0	0	7.21	0.05	0	0.336	0.308	0.398	0.429	0.475	-0.1	-0.2	-0.1	0.634	0.592	1.328	3.239	3.728	21.15	20.9	20.95	20.05	18.8	0.627
2026-03-09 16:00:00	-91.0975	30.2684	0	25.98	23.5	96.3208550948342	101.96	2.789	439	3.81	163.6	0	0	6.07	0.1	0	0.336	0.308	0.398	0.429	0.475	-0.1	-0.2	-0.1	0.631	0.591	1.324	3.24	3.727	21.2	20.9	20.95	20.05	18.8	0.624
2026-03-09 16:15:00	-91.0975	30.2684	0	25.46	23.6	94.71260610293707	101.98	2.759	272.9	3.74	173.4	0	0	6.13	0.16	0	0.336	0.307	0.398	0.429	0.475	-0.1	-0.2	-0.1	0.634	0.592	1.325	3.24	3.718	21.25	20.9	20.95	20.05	18.8	0.636
2026-03-09 16:30:00	-91.0975	30.2684	0	26.73	24.1	93.77473836488893	101.97	2.815	610.6	3.57	154.9	0	0	5.55	0.18	0	0.336	0.307	0.398	0.429	0.475	-0.1	-0.2	-0.1	0.634	0.592	1.325	3.24	3.717	21.299999999999997	20.9	20.95	20.05	18.8	0.635
2026-03-09 16:45:00	-91.0975	30.2684	0	27.05	24.4	94.002162938539	101.95	2.873	520.1	3.56	150.1	0	0	6.45	0.18	0	0.335	0.307	0.398	0.429	0.475	-0.1	-0.2	-0.1	0.634	0.591	1.324	3.24	3.725	21.35	20.9	20.95	20.05	18.8	0.637
2026-03-09 17:00:00	-91.0975	30.2684	0	27.58	24.9	91.68113052241387	101.93	2.887	579.2	3.79	161.8	0	0	6.73	0.26	0	0.335	0.306	0.398	0.429	0.475	-0.1	-0.2	-0.1	0.636	0.59	1.325	3.24	3.727	21.4	20.9	20.95	20.05	18.8	0.634
2026-03-09 17:15:00	-91.0975	30.2684	0	28.47	25.5	89.99935779645067	101.92	2.937	770.4	3.95	184.4	0	0	6.34	0.33	0	0.334	0.305	0.398	0.429	0.475	-0.1	-0.2	-0.1	0.638	0.592	1.324	3.239	3.718	21.45	20.9	20.95	20.05	18.8	0.627
2026-03-09 17:30:00	-91.0975	30.2684	0	28.36	25.5	89.23327541820373	101.91	2.912	596.9	3.61	190.8	0	0	5.76	0.35	0	0.334	0.305	0.398	0.429	0.475	-0.1	-0.2	-0.1	0.637	0.591	1.324	3.239	3.721	21.5	21	20.95	20.05	18.8	0.637
2026-03-09 17:45:00	-91.0975	30.2684	0	27.85	25.6	87.57844672418523	101.88	2.875	507.5	3.66	177.9	0	0	6.01	0.4	0	0.333	0.304	0.398	0.429	0.475	-0.1	-0.2	-0.1	0.636	0.591	1.324	3.24	3.727	21.6	21	20.95	20.05	18.8	0.634
2026-03-09 18:00:00	-91.0975	30.2684	0	28.92	26.2	86.67053582603307	101.86	2.948	746.5	3.85	175.7	0	0	6.98	0.44	0	0.333	0.304	0.398	0.429	0.475	-0.1	-0.2	-0.1	0.637	0.592	1.324	3.24	3.717	21.7	21	20.95	20.05	18.8	0.63
2026-03-09 18:15:00	-91.0975	30.2684	0	29.37	26.6	84.33541118152066	101.83	2.937	850.5	4.82	176.6	0	0	9.67	0.53	0	0.333	0.303	0.398	0.429	0.475	-0.1	-0.2	-0.1	0.638	0.593	1.324	3.24	3.718	21.75	21	20.95	20.05	18.8	0.641
2026-03-09 18:30:00	-91.0975	30.2684	0	28.84	26.5	83.82238488999123	101.82	2.902	671.8	4.45	167.8	0	0	7.12	0.56	0	0.332	0.303	0.398	0.429	0.475	-0.1	-0.2	-0.1	0.636	0.591	1.323	3.239	3.718	21.85	21.1	20.95	20.05	18.8	0.651
2026-03-09 18:45:00	-91.0975	30.2684	0	29.5	26.7	83.07002882182036	101.78	2.91	829.6	4.41	174.1	0	0	6.89	0.6	0	0.332	0.302	0.398	0.429	0.475	-0.1	-0.2	-0.1	0.64	0.591	1.323	3.24	3.717	21.9	21.1	20.95	20.05	18.8	0.642
2026-03-09 19:00:00	-91.0975	30.2684	0	29.69	27.2	82.58051948315124	101.75	2.979	715.5	3.88	173.1	0	0	6.36	0.62	0	0.331	0.302	0.398	0.429	0.475	-0.1	-0.2	-0.1	0.637	0.593	1.326	3.239	3.716	22	21.2	20.95	20.05	18.8	0.647
2026-03-09 19:15:00	-91.0975	30.2684	0	28.18	26.8	81.56154098823113	101.73	2.874	421.8	4.58	171.6	0	0	8.12	0.66	0	0.331	0.301	0.398	0.429	0.475	-0.1	-0.2	-0.1	0.637	0.592	1.326	3.24	3.719	22.15	21.2	20.95	20.05	18.8	0.653
2026-03-09 19:30:00	-91.0975	30.2684	0	27.79	26.7	80.64358468097682	101.7	2.825	359.5	3.92	170.2	0	0	7.15	0.68	0	0.33	0.301	0.398	0.429	0.475	-0.1	-0.2	-0.1	0.636	0.593	1.325	3.24	3.719	22.25	21.3	20.95	20.05	18.8	0.643
2026-03-09 19:45:00	-91.0975	30.2684	0	26.99	26.6	79.74104080731456	101.68	2.777	268.7	4.26	159	0	0	6.84	0.7	0	0.33	0.301	0.398	0.429	0.475	-0.1	-0.2	-0.1	0.635	0.591	1.325	3.239	3.719	22.3	21.4	20.95	20.05	18.8	0.64
2026-03-09 20:00:00	-91.0975	30.2684	0	26.71	26.6	79.28160376989396	101.68	2.761	215.8	3.43	180.9	0	0	6.03	0.73	0	0.33	0.3	0.398	0.429	0.475	-0.1	-0.2	-0.1	0.633	0.592	1.325	3.24	3.717	22.35	21.4	20.95	20.05	18.8	0.636
2026-03-09 20:15:00	-91.0975	30.2684	0	27.48	26.8	79.60338290605021	101.69	2.805	380.9	2.3	205.9	0	0	4.05	0.71	0	0.329	0.3	0.398	0.429	0.475	-0.1	-0.2	-0.1	0.632	0.593	1.319	3.239	3.729	22.5	21.5	20.95	20.05	18.8	0.654
2026-03-09 20:30:00	-91.0975	30.2684	0	30.2	27.9	78.36662952199477	101.65	2.945	771.3	2.47	198.8	0	0	5.24	0.8	0	0.329	0.299	0.398	0.429	0.475	-0.1	-0.2	-0.1	0.632	0.594	1.316	3.239	3.72	22.5	21.6	21	20.05	18.8	0.661
2026-03-09 20:45:00	-91.0975	30.2684	0	29.43	27.9	77.249006961749	101.64	2.903	445.6	3.27	183	0	0	5.84	0.86	0	0.329	0.298	0.398	0.429	0.475	-0.1	-0.2	-0.1	0.633	0.593	1.311	3.238	3.719	22.549999999999997	21.7	21	20.05	18.8	0.647
2026-03-09 21:00:00	-91.0975	30.2684	0	28.05	27.8	73.76607225651863	101.62	2.756	358.4	4.35	203.1	0	0	6.82	0.98	0	0.328	0.297	0.397	0.429	0.475	-0.1	-0.2	-0.1	0.631	0.594	1.29	3.239	3.719	22.65	21.7	21	20.1	18.8	0.635
2026-03-09 21:15:00	-91.0975	30.2684	0	28.11	27.6	74.44252137167615	101.61	2.749	482	4.96	201.6	0	0	7.93	0.95	0	0.328	0.297	0.397	0.429	0.475	-0.1	-0.2	-0.1	0.632	0.593	1.29	3.239	3.721	22.7	21.8	21	20.05	18.8	0.65
2026-03-09 21:30:00	-91.0975	30.2684	0	26.95	27.1	76.01126421055075	101.62	2.726	253.1	3.55	206.4	0	0	7.03	0.85	0	0.328	0.296	0.397	0.429	0.475	-0.1	-0.2	-0.1	0.632	0.595	1.287	3.239	3.719	22.8	21.9	21	20.05	18.8	0.638
2026-03-09 21:45:00	-91.0975	30.2684	0	28.09	27.4	76.7151102682142	101.62	2.8	442.2	3.71	203.6	0	0	6.62	0.85	0	0.328	0.295	0.397	0.429	0.475	-0.1	-0.2	-0.1	0.63	0.593	1.288	3.239	3.722	22.8	21.9	21.049999999999997	20.05	18.8	0.646
2026-03-09 22:00:00	-91.0975	30.2684	0	26.51	26.8	77.10602187370354	101.64	2.717	159.3	3.82	203.4	0	0	6.12	0.81	0	0.327	0.295	0.394	0.429	0.475	-0.1	-0.2	-0.1	0.631	0.592	1.295	3.239	3.721	22.85	22	21.049999999999997	20.1	18.8	0.634
2026-03-09 22:15:00	-91.0975	30.2684	0	26.93	26.7	77.73185171196455	101.62	2.723	260.4	3.66	201.4	0	0	6.67	0.78	0	0.327	0.294	0.394	0.429	0.475	-0.1	-0.2	-0.1	0.629	0.593	1.291	3.239	3.72	22.95	22	21.049999999999997	20.1	18.8	0.63
2026-03-09 22:30:00	-91.0975	30.2684	0	26.49	26.7	77.38929489208076	101.62	2.711	200.7	4.22	202.5	0	0	6.46	0.78	0	0.327	0.294	0.394	0.429	0.475	-0.1	-0.2	-0.1	0.628	0.593	1.287	3.247	3.72	22.95	22.1	21.1	20.1	18.8	0.621
2026-03-09 22:45:00	-91.0975	30.2684	0	26.84	26.7	77.87458372024948	101.62	2.728	246.5	4.58	198.5	0	0	7.89	0.78	0	0.327	0.293	0.395	0.429	0.475	-0.1	-0.2	-0.1	0.627	0.594	1.285	3.239	3.719	22.95	22.1	21.1	20.1	18.9	0.605
2026-03-09 23:00:00	-91.0975	30.2684	0	25.47	26.5	76.65906598829659	101.63	2.654	84.9	4.65	188.7	0	0	7.27	0.81	0	0.326	0.292	0.395	0.429	0.475	-0.1	-0.2	-0.1	0.628	0.593	1.282	3.239	3.721	23	22.2	21.1	20.1	18.9	0.637
2026-03-09 23:15:00	-91.0975	30.2684	0	24.97	26.1	76.86252298984363	101.66	2.599	75.4	4.17	196.8	0	0	7.22	0.78	0	0.326	0.291	0.395	0.429	0.475	-0.1	-0.2	-0.1	0.626	0.594	1.278	3.24	3.719	23	22.2	21.15	20.1	18.9	0.658
2026-03-09 23:30:00	-91.0975	30.2684	0	24.22	25.4	79.06802105807037	101.67	2.565	37.6	3.21	208.9	0	0	5.92	0.67	0	0.326	0.291	0.396	0.429	0.475	-0.1	-0.2	-0.1	0.625	0.594	1.28	3.24	3.72	23.049999999999997	22.3	21.15	20.1	18.9	0.646
2026-03-09 23:45:00	-91.0975	30.2684	0	23.63	24.8	79.19532643122098	101.69	2.479	25	3.02	210.9	0	0	4.56	0.64	0	0.326	0.29	0.395	0.429	0.475	-0.1	-0.2	-0.1	0.624	0.593	1.278	3.24	3.716	23	22.3	21.15	20.1	18.9	0.632
2026-03-10 00:00:00	-91.0975	30.2684	0	23.22	24.2	81.02848040860627	101.71	2.447	15.4	2.25	211.6	0	0	4.13	0.58	0	0.326	0.289	0.394	0.429	0.475	-0.1	-0.2	-0.1	0.624	0.594	1.28	3.241	3.721	23	22.3	21.2	20.1	18.9	0.647
2026-03-10 00:15:00	-91.0975	30.2684	0	22.89	24	81.67115942880969	101.74	2.437	1.7	1.67	210.5	0	0	2.57	0.54	0	0.326	0.289	0.392	0.429	0.475	-0.1	-0.2	-0.1	0.623	0.593	1.286	3.234	3.717	23	22.4	21.25	20.1	18.9	NA
2026-03-10 00:30:00	-91.0975	30.2684	0	22.79	24	81.9392633579974	101.75	2.445	0	2.48	206.6	0	0	3.99	0.53	0	0.326	0.288	0.392	0.429	0.475	-0.1	-0.2	-0.1	0.622	0.596	1.285	3.233	3.728	23	22.4	21.25	20.1	18.9	NA
2026-03-10 00:45:00	-91.0975	30.2684	0	22.54	23.7	82.98621033327892	101.77	2.432	0	2.74	205.4	0	0	5.49	0.49	0	0.326	0.287	0.392	0.429	0.475	-0.1	-0.2	-0.1	0.623	0.596	1.287	3.241	3.728	22.95	22.4	21.25	20.1	18.9	NA
2026-03-10 01:00:00	-91.0975	30.2684	0	22.3	23.4	83.45695859288263	101.79	2.402	0	3.49	202.4	0	0	5.72	0.48	0	0.325	0.287	0.391	0.429	0.475	-0.1	-0.2	-0.1	0.623	0.594	1.288	3.241	3.729	22.950000000000003	22.4	21.3	20.15	18.9	NA
2026-03-10 01:15:00	-91.0975	30.2684	0	22.07	23.2	84.15380352637426	101.81	2.393	0	2.9	203.3	0	0	4.85	0.45	0	0.325	0.286	0.391	0.429	0.475	-0.1	-0.2	-0.1	0.623	0.594	1.289	3.24	3.727	22.9	22.4	21.3	20.15	18.9	NA
2026-03-10 01:30:00	-91.0975	30.2684	0	21.98	23	85.49753804288295	101.83	2.402	0	2.08	202.4	0	0	3.69	0.41	0	0.325	0.286	0.391	0.429	0.475	-0.1	-0.2	-0.1	0.622	0.593	1.287	3.24	3.727	22.85	22.4	21.3	20.15	18.9	NA
2026-03-10 01:45:00	-91.0975	30.2684	0	22.24	23.1	86.11432355823317	101.85	2.434	0	1.94	202.2	0	0	3.19	0.38	0	0.325	0.285	0.39	0.428	0.475	-0.1	-0.2	-0.1	0.621	0.593	1.288	3.241	3.728	22.85	22.4	21.3	20.15	18.9	NA
2026-03-10 02:00:00	-91.0975	30.2684	0	22.15	23	87.3484422802809	101.87	2.454	0	1.74	202.1	0	0	2.67	0.36	0	0.325	0.284	0.389	0.428	0.475	-0.1	-0.2	-0.1	0.62	0.594	1.294	3.241	3.727	22.8	22.4	21.3	20.15	18.9	NA
2026-03-10 02:15:00	-91.0975	30.2684	0	21.88	22.8	88.2682097833603	101.89	2.45	0	1.22	208.1	0	0	2.64	0.33	0	0.325	0.284	0.389	0.428	0.475	-0.1	-0.2	-0.1	0.621	0.593	1.295	3.248	3.727	22.799999999999997	22.4	21.4	20.15	18.9	NA
2026-03-10 02:30:00	-91.0975	30.2684	0	21.51	22.6	88.83441320685388	101.9	2.436	0	1.13	202.9	0	0	2.05	0.31	0	0.325	0.283	0.388	0.428	0.475	-0.1	-0.2	-0.1	0.619	0.592	1.296	3.249	3.728	22.75	22.4	21.4	20.15	18.9	NA
2026-03-10 02:45:00	-91.0975	30.2684	0	21.25	22.4	89.43987806848219	101.91	2.423	0	1.34	199.3	0	0	2.14	0.28	0	0.325	0.283	0.388	0.429	0.475	-0.1	-0.2	-0.1	0.62	0.593	1.295	3.248	3.73	22.7	22.4	21.4	20.15	18.9	NA
2026-03-10 03:00:00	-91.0975	30.2684	0	21.3	22.5	89.22846560154771	101.93	2.432	0	1.68	199.8	0	0	2.38	0.29	0	0.325	0.282	0.387	0.428	0.475	-0.1	-0.2	-0.1	0.619	0.591	1.298	3.249	3.727	22.7	22.4	21.4	20.15	18.9	NA
2026-03-10 03:15:00	-91.0975	30.2684	0	21.34	22.6	89.23555382478303	101.93	2.447	0	2.04	196	0	0	3.16	0.28	0	0.325	0.282	0.387	0.428	0.475	-0.1	-0.2	-0.1	0.619	0.592	1.299	3.249	3.727	22.65	22.4	21.4	20.15	18.9	NA
2026-03-10 03:30:00	-91.0975	30.2684	0	21.16	22.3	91.0250776405066	101.94	2.451	0	1.68	191.8	0	0	2.69	0.24	0	0.325	0.281	0.387	0.428	0.475	-0.1	-0.2	-0.1	0.618	0.592	1.301	3.249	3.73	22.6	22.4	21.4	20.15	18.9	NA
2026-03-10 03:45:00	-91.0975	30.2684	0	21.18	22.2	91.72996765042227	101.94	2.455	0	1.81	182.2	0	0	3.01	0.22	0	0.325	0.281	0.386	0.428	0.475	-0.1	-0.2	-0.1	0.618	0.592	1.298	3.249	3.728	22.6	22.3	21.4	20.15	18.9	NA
2026-03-10 04:00:00	-91.0975	30.2684	0	21.03	22	92.47593156748339	101.94	2.445	0	1.74	190.1	0	0	2.75	0.2	0	0.325	0.28	0.386	0.428	0.475	-0.1	-0.2	-0.1	0.618	0.591	1.299	3.249	3.727	22.549999999999997	22.3	21.4	20.15	18.9	NA
2026-03-10 04:15:00	-91.0975	30.2684	0	21.12	22.1	92.29013355336055	101.93	2.455	0	2.11	190.7	0	0	4.21	0.21	0	0.325	0.28	0.386	0.428	0.475	-0.1	-0.2	-0.1	0.617	0.591	1.3	3.248	3.73	22.5	22.3	21.5	20.15	18.9	NA
2026-03-10 04:30:00	-91.0975	30.2684	0	21.22	22.2	92.62671682500888	101.92	2.479	0	2.15	191.4	0	0	4.51	0.19	0	0.325	0.279	0.386	0.428	0.475	-0.1	-0.2	-0.1	0.617	0.593	1.297	3.249	3.727	22.5	22.3	21.5	20.15	18.9	NA
2026-03-10 04:45:00	-91.0975	30.2684	0	21.25	22.1	93.79384245036032	101.91	2.495	0	2.69	174.8	0	0	4.35	0.17	0	0.325	0.279	0.386	0.428	0.474	-0.1	-0.2	-0.1	0.619	0.591	1.298	3.256	3.731	22.45	22.3	21.5	20.15	18.9	NA
2026-03-10 05:00:00	-91.0975	30.2684	0	21.19	22	94.02665271033283	101.89	2.486	0	2.69	166.5	0	0	4.28	0.15	0	0.324	0.279	0.385	0.428	0.474	-0.1	-0.2	-0.1	0.618	0.591	1.296	3.256	3.731	22.4	22.3	21.5	20.15	18.9	NA
2026-03-10 05:15:00	-91.0975	30.2684	0	21.11	21.8	94.9127709567574	101.87	2.479	0	2.69	171.2	0	0	4.68	0.14	0	0.324	0.278	0.385	0.428	0.475	-0.1	-0.2	-0.1	0.617	0.591	1.297	3.256	3.73	22.4	22.2	21.5	20.15	18.9	NA
2026-03-10 05:30:00	-91.0975	30.2684	0	21.02	21.7	95.03191506421734	101.87	2.467	0	2.47	169.5	0	0	3.71	0.13	0	0.324	0.278	0.385	0.428	0.475	-0.1	-0.2	-0.1	0.616	0.59	1.299	3.257	3.728	22.35	22.2	21.5	20.15	18.9	NA
2026-03-10 05:45:00	-91.0975	30.2684	0	20.92	21.6	95.3819506561146	101.85	2.461	0	2.02	167.5	0	0	3.32	0.12	0	0.324	0.277	0.384	0.428	0.475	-0.1	-0.2	-0.1	0.617	0.59	1.299	3.257	3.728	22.35	22.2	21.5	20.15	18.9	NA
2026-03-10 06:00:00	-91.0975	30.2684	0	20.88	21.6	95.22692107357723	101.83	2.457	0	2.38	166.6	0	0	4.06	0.13	0	0.324	0.277	0.384	0.428	0.474	-0.1	-0.2	-0.1	0.617	0.591	1.297	3.256	3.733	22.299999999999997	22.2	21.5	20.15	18.9	NA
2026-03-10 06:15:00	-91.0975	30.2684	0	20.88	21.5	96.12311043100028	101.82	2.465	0	2.55	165.9	0	0	3.66	0.1	0	0.324	0.277	0.384	0.428	0.475	-0.1	-0.2	-0.1	0.618	0.589	1.298	3.256	3.73	22.299999999999997	22.1	21.5	20.15	18.9	NA
2026-03-10 06:30:00	-91.0975	30.2684	0	20.83	21.4	96.55635550234791	101.81	2.461	0	2.56	167.4	0	0	3.95	0.09	0	0.324	0.276	0.384	0.428	0.475	-0.1	-0.2	-0.1	0.618	0.591	1.299	3.257	3.73	22.200000000000003	22.1	21.5	20.15	18.9	NA
2026-03-10 06:45:00	-91.0975	30.2684	0	20.82	21.4	96.63482470633195	101.8	2.463	0	2.65	164.4	0	0	3.86	0.08	0	0.324	0.276	0.384	0.428	0.475	-0.1	-0.2	-0.1	0.615	0.59	1.299	3.256	3.73	22.200000000000003	22.1	21.5	20.15	18.9	NA
2026-03-10 07:00:00	-91.0975	30.2684	0	20.75	21.3	96.99175622154334	101.79	2.457	0	2.26	158.6	0	0	4.19	0.07	0	0.324	0.276	0.384	0.428	0.475	-0.1	-0.2	-0.1	0.615	0.59	1.297	3.256	3.73	22.200000000000003	22.1	21.55	20.15	18.9	NA
2026-03-10 07:15:00	-91.0975	30.2684	0	20.88	21.2	97.38960539548061	101.79	2.452	0	2.45	160.3	0	0	4.54	0.06	0	0.324	0.275	0.383	0.428	0.475	-0.1	-0.2	-0.1	0.616	0.591	1.297	3.256	3.73	22.15	22	21.55	20.15	18.9	NA
2026-03-10 07:30:00	-91.0975	30.2684	0	21.05	21.2	98.42228473491068	101.8	2.478	0	3.35	165	0	0	5.41	0.04	0	0.324	0.275	0.383	0.428	0.475	-0.1	-0.2	-0.1	0.616	0.59	1.298	3.256	3.739	22.15	22	21.55	20.15	18.9	NA
2026-03-10 07:45:00	-91.0975	30.2684	0	20.91	21.2	98.58115847943837	101.8	2.482	0	3.33	167.2	0	0	4.88	0.03	0	0.324	0.275	0.383	0.428	0.475	-0.1	-0.2	-0.1	0.614	0.589	1.296	3.257	3.738	22.15	22	21.5	20.15	18.9	NA
2026-03-10 08:00:00	-91.0975	30.2684	0	20.85	21.3	98.01812401224751	101.8	2.483	0	3.14	165.3	0	0	5.09	0.05	0	0.324	0.274	0.383	0.428	0.474	-0.1	-0.2	-0.1	0.615	0.59	1.297	3.257	3.732	22.1	22	21.5	20.15	18.9	NA
2026-03-10 08:15:00	-91.0975	30.2684	0	20.79	21.3	97.9391726437318	101.79	2.481	0	2.43	160.3	0	0	4.27	0.04	0	0.324	0.274	0.383	0.428	0.475	-0.1	-0.2	-0.1	0.616	0.591	1.297	3.256	3.738	22.1	21.9	21.5	20.15	18.9	NA
2026-03-10 08:30:00	-91.0975	30.2684	0	20.84	21.2	98.54144004330644	101.78	2.481	0	2.49	154.2	0	0	4.03	0.04	0	0.324	0.274	0.383	0.428	0.474	-0.1	-0.2	-0.1	0.615	0.588	1.298	3.255	3.739	22.05	21.9	21.5	20.200000000000003	18.9	NA
2026-03-10 08:45:00	-91.0975	30.2684	0	20.92	21.2	99.01806127688954	101.76	2.493	0	2.52	150.3	0	0	3.87	0.03	0	0.324	0.273	0.383	0.428	0.474	-0.1	-0.2	-0.1	0.614	0.587	1.298	3.255	3.742	22	21.9	21.5	20.200000000000003	18.9	NA
2026-03-10 09:00:00	-91.0975	30.2684	0	20.83	21.2	98.74003222396608	101.76	2.486	0	2.04	154.2	0	0	3.36	0.03	0	0.324	0.273	0.382	0.428	0.474	-0.1	-0.2	-0.1	0.614	0.588	1.296	3.255	3.74	22	21.9	21.5	20.200000000000003	18.9	NA
2026-03-10 09:15:00	-91.0975	30.2684	0	20.57	21.1	98.74825278152842	101.76	2.471	0	1.5	151.9	0	0	2.52	0.02	0	0.324	0.273	0.382	0.428	0.474	-0.1	-0.2	-0.1	0.614	0.587	1.296	3.254	3.739	22	21.9	21.5	20.25	18.9	NA
2026-03-10 09:30:00	-91.0975	30.2684	0	20.55	21	98.63267698134611	101.75	2.453	0	1.42	162.7	0	0	2.65	0.03	0	0.324	0.273	0.382	0.428	0.474	-0.1	-0.2	-0.1	0.614	0.587	1.297	3.263	3.74	21.95	21.8	21.5	20.25	18.9	NA
2026-03-10 09:45:00	-91.0975	30.2684	0	20.84	21	99.03476698127008	101.77	2.463	0	1.57	174.6	0	0	2.76	0.02	0	0.324	0.272	0.382	0.428	0.475	-0.1	-0.2	-0.1	0.613	0.589	1.294	3.254	3.738	21.95	21.8	21.5	20.25	18.9	NA
2026-03-10 10:00:00	-91.0975	30.2684	0	20.7	20.7	99.5681473670326	101.79	2.431	0	0.56	202.6	0	0	1.19	0.01	0	0.324	0.272	0.382	0.428	0.474	-0.1	-0.2	-0.1	0.614	0.588	1.295	3.255	3.741	21.95	21.8	21.5	20.25	18.9	NA
2026-03-10 10:15:00	-91.0975	30.2684	0	20.68	21	98.8337219813081	101.78	2.458	0	0.92	157.1	0	0	1.51	0.03	0	0.323	0.272	0.382	0.428	0.474	-0.1	-0.2	-0.1	0.615	0.59	1.296	3.255	3.739	21.9	21.8	21.5	20.25	18.9	NA
2026-03-10 10:30:00	-91.0975	30.2684	0	20.37	20.9	99.36199386116235	101.75	2.456	0	1.32	130.4	0	0	1.81	0.02	0	0.323	0.271	0.382	0.428	0.474	-0.1	-0.2	-0.1	0.612	0.59	1.296	3.255	3.74	21.9	21.8	21.5	20.25	18.9	NA
2026-03-10 10:45:00	-91.0975	30.2684	0	20.22	20.8	99.07937084714474	101.76	2.434	0	1.04	141.7	0	0	1.73	0.01	0	0.323	0.271	0.381	0.428	0.475	-0.1	-0.2	-0.1	0.615	0.59	1.297	3.262	3.739	21.85	21.7	21.5	20.25	18.9	NA
2026-03-10 11:00:00	-91.0975	30.2684	0	20.06	20.6	99.60634221408024	101.77	2.417	0	1.07	150.6	0	0	1.78	0.02	0	0.323	0.271	0.381	0.428	0.474	-0.1	-0.2	-0.1	0.614	0.59	1.296	3.255	3.741	21.85	21.7	21.5	20.25	18.9	NA
2026-03-10 11:15:00	-91.0975	30.2684	0	20.05	20.7	98.74899354254035	101.77	2.411	0	1.6	149.4	0	0	2.82	0.02	0	0.323	0.27	0.381	0.428	0.474	-0.1	-0.2	-0.1	0.614	0.589	1.296	3.255	3.741	21.85	21.7	21.450000000000003	20.25	18.9	NA
2026-03-10 11:30:00	-91.0975	30.2684	0	20.43	20.9	98.7146844549007	101.79	2.44	0	2.18	150.1	0	0	3.74	0.03	0	0.323	0.27	0.381	0.428	0.475	-0.1	-0.2	-0.1	0.614	0.59	1.297	3.255	3.737	21.799999999999997	21.7	21.450000000000003	20.25	19	NA
2026-03-10 11:45:00	-91.0975	30.2684	0	20.76	21.1	98.98803000398458	101.8	2.477	0	2.39	151.1	0	0	3.8	0.03	0	0.323	0.27	0.381	0.428	0.474	-0.1	-0.2	-0.1	0.613	0.589	1.297	3.255	3.738	21.799999999999997	21.7	21.450000000000003	20.25	19	NA
2026-03-10 12:00:00	-91.0975	30.2684	0	20.85	21.1	99.42762157848753	101.81	2.488	0	2.03	167.7	0	0	4.14	0.01	0	0.323	0.27	0.381	0.428	0.474	-0.1	-0.2	-0.1	0.613	0.588	1.295	3.254	3.748	21.799999999999997	21.7	21.450000000000003	20.25	19	NA
2026-03-10 12:15:00	-91.0975	30.2684	0	20.7	20.9	99.88793275374992	101.82	2.469	0	1.32	167.9	0	0	1.81	0	0	0.323	0.269	0.38	0.428	0.474	-0.1	-0.2	-0.1	0.612	0.59	1.296	3.263	3.739	21.799999999999997	21.6	21.450000000000003	20.25	19	NA
2026-03-10 12:30:00	-91.0975	30.2684	0	20.78	21	99.51727498117882	101.84	2.475	0	1.34	166.9	0	0	2.22	0.01	0	0.323	0.269	0.38	0.429	0.474	-0.1	-0.2	-0.1	0.613	0.589	1.296	3.261	3.751	21.75	21.6	21.450000000000003	20.25	19	NA
2026-03-10 12:45:00	-91.0975	30.2684	0	20.72	21	99.35643898120925	101.85	2.471	11.1	1.26	156.8	0	0	2.08	0.01	0	0.323	0.269	0.38	0.428	0.474	-0.1	-0.2	-0.1	0.612	0.589	1.297	3.262	3.748	21.700000000000003	21.6	21.450000000000003	20.25	19	NA
2026-03-10 13:00:00	-91.0975	30.2684	0	21.03	21.1	99.78728741217176	101.86	2.497	29.5	2.21	156.3	0	0	3.35	0	0	0.323	0.268	0.38	0.428	0.474	-0.2	-0.2	-0.1	0.613	0.588	1.297	3.262	3.749	21.700000000000003	21.6	21.450000000000003	20.25	19	0.599
2026-03-10 13:15:00	-91.0975	30.2684	0	21.52	21.3	99.63662706681946	101.87	2.524	109.7	1.98	150.9	0	0	2.99	0	0	0.323	0.268	0.38	0.428	0.474	-0.2	-0.2	-0.1	0.613	0.589	1.298	3.262	3.741	21.700000000000003	21.6	21.450000000000003	20.25	19	0.556
2026-03-10 13:30:00	-91.0975	30.2684	0	22.93	22	99.9647800134391	101.87	2.643	235.1	1.81	144.5	0	0	2.75	0	0	0.323	0.268	0.38	0.428	0.474	-0.2	-0.2	-0.1	0.614	0.589	1.296	3.262	3.738	21.700000000000003	21.6	21.450000000000003	20.25	19	0.558
2026-03-10 13:45:00	-91.0975	30.2684	0	23.46	22.5	99.97844110370787	101.88	2.725	227	2.76	151.2	0	0	4.36	0	0	0.323	0.267	0.38	0.428	0.474	-0.2	-0.2	-0.1	0.613	0.59	1.296	3.262	3.729	21.700000000000003	21.5	21.450000000000003	20.25	19	0.577
2026-03-10 14:00:00	-91.0975	30.2684	0	23.35	22.6	100	101.88	2.747	166.1	2.59	148.2	0	0	4	0	0	0.323	0.267	0.379	0.428	0.474	-0.2	-0.2	-0.1	0.614	0.589	1.297	3.262	3.73	21.700000000000003	21.5	21.450000000000003	20.25	19	0.602
2026-03-10 14:15:00	-91.0975	30.2684	0	23.2	22.6	99.22760194410895	101.89	2.721	144.5	2.94	149.1	0	0	5.83	0.03	0	0.323	0.267	0.379	0.428	0.475	-0.2	-0.2	-0.1	0.614	0.589	1.295	3.262	3.728	21.700000000000003	21.5	21.4	20.25	19	0.605
2026-03-10 14:30:00	-91.0975	30.2684	0	23.31	22.6	98.42532070825065	101.89	2.699	183.6	2.92	146.5	0	0	5.35	0.05	0	0.323	0.267	0.379	0.428	0.474	-0.2	-0.2	-0.1	0.614	0.589	1.295	3.262	3.739	21.700000000000003	21.5	21.4	20.25	19	0.619
2026-03-10 14:45:00	-91.0975	30.2684	0	24.02	22.9	98.08451343817525	101.89	2.739	262.7	3.89	151	0	0	6.63	0.05	0	0.323	0.267	0.379	0.428	0.475	-0.2	-0.2	-0.1	0.612	0.588	1.296	3.263	3.736	21.700000000000003	21.5	21.4	20.25	19	0.604
2026-03-10 15:00:00	-91.0975	30.2684	0	25.16	23.3	97.69922247131682	101.91	2.795	446.8	4.62	151.1	0	0	7.24	0.07	0	0.323	0.266	0.379	0.428	0.474	-0.2	-0.2	-0.1	0.615	0.589	1.297	3.256	3.739	21.7	21.5	21.4	20.25	19	0.586
2026-03-10 15:15:00	-91.0975	30.2684	0	26.49	24	97.08713535710368	101.92	2.897	610.9	4.69	149.8	0	0	7.57	0.09	0	0.322	0.266	0.379	0.428	0.474	-0.2	-0.2	-0.1	0.612	0.59	1.294	3.257	3.729	21.7	21.5	21.4	20.299999999999997	19	0.581
2026-03-10 15:30:00	-91.0975	30.2684	0	25.96	24	95.74661571116509	101.93	2.857	403.1	4.63	162.2	0	0	7.3	0.13	0	0.322	0.266	0.378	0.428	0.474	-0.2	-0.2	-0.1	0.614	0.588	1.295	3.258	3.731	21.75	21.5	21.4	20.299999999999997	19	0.606
2026-03-10 15:45:00	-91.0975	30.2684	0	25.91	24.2	92.75062264998209	101.93	2.801	467.4	5.11	169.8	0	0	8.14	0.22	0	0.322	0.265	0.378	0.428	0.474	-0.2	-0.2	-0.1	0.615	0.589	1.296	3.259	3.73	21.799999999999997	21.5	21.4	20.299999999999997	19	0.597
2026-03-10 16:00:00	-91.0975	30.2684	0	26.28	24.5	91.29497232196802	101.95	2.807	525	5.02	165.5	0	0	7.76	0.27	0	0.322	0.265	0.378	0.428	0.474	-0.2	-0.2	-0.1	0.612	0.589	1.297	3.26	3.731	21.85	21.5	21.4	20.35	19	0.605
2026-03-10 16:15:00	-91.0975	30.2684	0	27.03	25	89.87373022627008	101.95	2.847	586.4	4.49	170.1	0	0	8.28	0.31	0	0.322	0.265	0.378	0.428	0.474	-0.2	-0.2	-0.1	0.615	0.589	1.295	3.26	3.729	21.85	21.5	21.4	20.35	19	0.619
2026-03-10 16:30:00	-91.0975	30.2684	0	27.88	25.4	88.99390908173456	101.97	2.887	716.2	4.43	174.4	0	0	6.67	0.36	0	0.322	0.264	0.378	0.428	0.474	-0.2	-0.2	-0.1	0.614	0.588	1.296	3.268	3.729	21.9	21.5	21.4	20.35	19	0.632
2026-03-10 16:45:00	-91.0975	30.2684	0	28.51	25.9	87.41268641956373	101.96	2.921	754.5	4.19	191.6	0	0	6.68	0.42	0	0.321	0.264	0.377	0.428	0.474	-0.2	-0.2	-0.1	0.612	0.59	1.293	3.268	3.73	21.95	21.5	21.4	20.35	19	0.642
2026-03-10 17:00:00	-91.0975	30.2684	0	27.1	25.8	84.62018304304794	101.97	2.811	368.1	4.12	193.7	0	0	7.87	0.51	0	0.321	0.264	0.377	0.428	0.474	-0.2	-0.2	-0.1	0.615	0.589	1.294	3.269	3.73	22.049999999999997	21.5	21.4	20.35	19	0.643
2026-03-10 17:15:00	-91.0975	30.2684	0	27.76	26.3	80.8121626943315	101.98	2.765	641.5	4.76	194.9	0	0	8.45	0.65	0	0.321	0.263	0.377	0.428	0.474	-0.2	-0.2	-0.1	0.614	0.591	1.294	3.264	3.731	22.1	21.5	21.4	20.35	19	0.643
2026-03-10 17:30:00	-91.0975	30.2684	0	28.16	26.7	79.1591717948137	101.96	2.773	544	4.76	191.8	0	0	8.09	0.72	0	0.321	0.263	0.377	0.427	0.474	-0.2	-0.2	-0.1	0.615	0.591	1.295	3.265	3.73	22.15	21.6	21.4	20.35	19	0.644
2026-03-10 17:45:00	-91.0975	30.2684	0	27.09	26.4	77.08295920305171	101.94	2.653	412.7	5.23	182.9	0	0	7.89	0.79	0	0.321	0.263	0.377	0.427	0.475	-0.3	-0.2	-0.1	0.615	0.592	1.296	3.266	3.728	22.25	21.6	21.4	20.35	19	0.651
2026-03-10 18:00:00	-91.0975	30.2684	0	27.25	26.4	76.47280385315948	101.93	2.632	539.5	5.17	183.7	0	0	8.2	0.81	0	0.32	0.262	0.377	0.427	0.474	-0.3	-0.2	-0.1	0.615	0.592	1.294	3.268	3.73	22.299999999999997	21.6	21.4	20.35	19	0.641
2026-03-10 18:15:00	-91.0975	30.2684	0	28.63	27.1	76.26221849444471	101.91	2.735	796.3	5.3	197.4	0	0	8.45	0.85	0	0.32	0.262	0.376	0.427	0.474	-0.3	-0.2	-0.1	0.615	0.591	1.295	3.273	3.731	22.35	21.7	21.4	20.35	19	0.642
2026-03-10 18:30:00	-91.0975	30.2684	0	28.64	27.2	75.56713531757981	101.89	2.726	704.7	5.35	189.4	0	0	8.31	0.87	0	0.32	0.262	0.376	0.425	0.474	-0.3	-0.2	-0.1	0.614	0.592	1.296	3.282	3.729	22.4	21.7	21.4	20.35	19	0.658
2026-03-10 18:45:00	-91.0975	30.2684	0	28.21	27.1	74.22670041397141	101.87	2.662	626.4	5.46	195.8	0	0	9.89	0.92	0	0.32	0.261	0.376	0.422	0.474	-0.3	-0.2	-0.1	0.614	0.591	1.296	3.325	3.731	22.5	21.8	21.4	20.35	19	0.658
2026-03-10 19:00:00	-91.0975	30.2684	0	28.51	27.3	73.19680162861681	101.84	2.656	614.3	5.1	187.9	0	0	9.1	0.98	0	0.319	0.261	0.376	0.421	0.474	-0.3	-0.2	-0.1	0.614	0.592	1.297	3.323	3.732	22.6	21.8	21.4	20.35	19	0.665
2026-03-10 19:15:00	-91.0975	30.2684	0	29.61	27.8	73.25752531425671	101.81	2.737	840.6	5.24	184.3	0	0	8.86	1.01	0	0.319	0.261	0.376	0.421	0.475	-0.3	-0.2	-0.1	0.614	0.59	1.298	3.327	3.728	22.65	21.9	21.4	20.35	19	0.675
2026-03-10 19:30:00	-91.0975	30.2684	0	29.59	28.1	71.8044046548444	101.79	2.73	834.7	5.39	185.2	0	0	8.83	1.06	0	0.319	0.26	0.375	0.421	0.474	-0.3	-0.2	-0.1	0.613	0.589	1.295	3.322	3.73	22.700000000000003	21.9	21.4	20.35	19	0.678
2026-03-10 19:45:00	-91.0975	30.2684	0	29.08	28	71.13887667385	101.77	2.689	657.3	5.25	189.9	0	0	9.11	1.1	0	0.318	0.26	0.375	0.421	0.474	-0.4	-0.2	-0.1	0.611	0.59	1.296	3.323	3.731	22.8	22	21.4	20.35	19	0.69
2026-03-10 20:00:00	-91.0975	30.2684	0	28.71	27.9	70.11751062494268	101.76	2.635	678.1	4.89	199	0	0	8.64	1.12	0	0.318	0.259	0.375	0.421	0.474	-0.4	-0.2	-0.1	0.613	0.592	1.297	3.316	3.731	22.9	22	21.4	20.35	19	0.685
2026-03-10 20:15:00	-91.0975	30.2684	0	28.93	28	69.20762416466778	101.75	2.616	678.4	5.68	189.1	0	0	8.5	1.17	0	0.318	0.259	0.375	0.421	0.475	-0.4	-0.2	-0.1	0.613	0.591	1.297	3.298	3.72	22.95	22.1	21.450000000000003	20.35	19	0.695
2026-03-10 20:30:00	-91.0975	30.2684	0	27.55	27.6	68.37663385357666	101.74	2.525	402.7	6.06	186.3	0	0	9.64	1.18	0	0.318	0.258	0.375	0.421	0.474	-0.4	-0.2	-0.1	0.61	0.591	1.297	3.288	3.724	23	22.1	21.450000000000003	20.35	19	0.687
2026-03-10 20:45:00	-91.0975	30.2684	0	27.74	27.6	67.83503675374637	101.73	2.505	488	5.32	181.4	0	0	9.13	1.19	0	0.317	0.258	0.375	0.421	0.474	-0.4	-0.2	-0.1	0.61	0.592	1.298	3.284	3.731	23.15	22.2	21.450000000000003	20.35	19	0.691
2026-03-10 21:00:00	-91.0975	30.2684	0	28.64	28.1	67.38567206070013	101.7	2.562	641.1	5.84	186.2	0	0	9.42	1.23	0	0.317	0.257	0.374	0.422	0.474	-0.4	-0.2	-0.1	0.61	0.592	1.299	3.28	3.726	23.15	22.3	21.450000000000003	20.35	19	0.697
2026-03-10 21:15:00	-91.0975	30.2684	0	28.3	28	68.28168118081328	101.68	2.581	566.7	5.29	199.2	0	0	8.39	1.19	0	0.317	0.257	0.374	0.422	0.474	-0.4	-0.2	-0.1	0.609	0.593	1.296	3.277	3.722	23.2	22.3	21.450000000000003	20.35	19	0.708
2026-03-10 21:30:00	-91.0975	30.2684	0	28.45	28	69.60445687203398	101.68	2.631	523.9	4.96	199.8	0	0	8.72	1.15	0	0.317	0.256	0.374	0.422	0.474	-0.5	-0.2	-0.1	0.608	0.593	1.296	3.266	3.731	23.3	22.4	21.5	20.35	19	0.703
2026-03-10 21:45:00	-91.0975	30.2684	0	28.14	27.8	70.04564988944458	101.68	2.617	441	5.62	183.5	0	0	8.65	1.13	0	0.316	0.256	0.374	0.423	0.474	-0.5	-0.2	-0.1	0.607	0.594	1.297	3.26	3.73	23.3	22.4	21.5	20.35	19	0.663
2026-03-10 22:00:00	-91.0975	30.2684	0	27.99	27.7	69.97086028240781	101.69	2.599	409.2	4.77	194.6	0	0	7.94	1.12	0	0.316	0.256	0.374	0.423	0.474	-0.5	-0.2	-0.1	0.607	0.594	1.297	3.255	3.731	23.35	22.5	21.5	20.35	19	0.681
2026-03-10 22:15:00	-91.0975	30.2684	0	27.89	27.5	71.06532211649314	101.68	2.609	387.1	5.03	198.3	0	0	7.46	1.07	0	0.316	0.255	0.374	0.424	0.474	-0.5	-0.2	-0.1	0.607	0.594	1.298	3.249	3.733	23.4	22.6	21.5	20.35	19	0.658
2026-03-10 22:30:00	-91.0975	30.2684	0	27.33	27.3	72.01176304803302	101.66	2.613	292.3	5.36	194.9	0	0	8.63	1.02	0	0.316	0.255	0.374	0.424	0.474	-0.5	-0.2	-0.1	0.606	0.594	1.298	3.245	3.732	23.4	22.6	21.55	20.35	19	0.638
2026-03-10 22:45:00	-91.0975	30.2684	0	27.21	27.2	72.3237916520784	101.65	2.609	240.8	5.17	173.3	0	0	8.36	1	0	0.315	0.255	0.374	0.425	0.474	-0.6	-0.2	-0.1	0.605	0.595	1.298	3.239	3.733	23.4	22.6	21.55	20.35	19	0.601
2026-03-10 23:00:00	-91.0975	30.2684	0	26.28	26.9	72.59181647858631	101.65	2.573	141	4.8	187.9	0	0	7.46	0.98	0	0.315	0.255	0.373	0.425	0.474	-0.6	-0.2	-0.1	0.605	0.593	1.298	3.232	3.731	23.450000000000003	22.7	21.55	20.35	19	0.603
2026-03-10 23:15:00	-91.0975	30.2684	0	25.41	26.4	73.59635720366752	101.66	2.533	91.1	4.58	193.6	0	0	8.26	0.92	0	0.315	0.255	0.373	0.426	0.474	-0.6	-0.2	-0.1	0.603	0.595	1.299	3.223	3.725	23.450000000000003	22.7	21.6	20.35	19	0.589
2026-03-10 23:30:00	-91.0975	30.2684	0	25.48	26.3	73.5931376724509	101.66	2.518	100.6	4.58	191.9	0	0	7.63	0.9	0	0.315	0.254	0.373	0.427	0.474	-0.6	-0.2	-0.1	0.603	0.595	1.299	3.207	3.721	23.5	22.8	21.65	20.35	19.1	0.552
2026-03-10 23:45:00	-91.0975	30.2684	0	25.01	26	74.81912895182032	101.66	2.515	56.9	3.95	191.7	0	0	6.29	0.85	0	0.315	0.254	0.373	0.427	0.474	-0.6	-0.2	-0.1	0.603	0.594	1.299	3.198	3.721	23.45	22.8	21.65	20.35	19.1	0.527
2026-03-11 00:00:00	-91.0975	30.2684	0	24.18	25.6	75.54592969599283	101.66	2.48	18.9	3.98	196.5	0	0	6.78	0.8	0	0.315	0.254	0.373	0.428	0.474	-0.6	-0.2	-0.1	0.603	0.594	1.3	3.181	3.722	23.4	22.8	21.65	20.4	19.1	0.537
2026-03-11 00:15:00	-91.0975	30.2684	0	23.31	25	76.80463141570604	101.67	2.433	1	3.55	198.4	0	0	5.25	0.73	0	0.315	0.254	0.373	0.429	0.474	-0.7	-0.2	-0.1	0.601	0.595	1.299	3.173	3.723	23.45	22.8	21.65	20.4	19.1	NA
2026-03-11 00:30:00	-91.0975	30.2684	0	22.88	24.7	77.48400567136267	101.67	2.411	0	3.26	195.1	0	0	4.68	0.69	0	0.315	0.254	0.373	0.43	0.474	-0.7	-0.2	-0.1	0.6	0.593	1.299	3.165	3.721	23.4	22.9	21.7	20.4	19.1	NA
2026-03-11 00:45:00	-91.0975	30.2684	0	22.68	24.5	78.22030938166479	101.67	2.405	0	3.61	187.9	0	0	5.95	0.67	0	0.315	0.253	0.373	0.43	0.474	-0.7	-0.2	-0.1	0.599	0.592	1.299	3.154	3.733	23.35	22.9	21.7	20.4	19.1	NA
2026-03-11 01:00:00	-91.0975	30.2684	0	22.59	24.4	78.59143591311197	101.67	2.402	0	4.26	186.5	0	0	7.2	0.65	0	0.315	0.253	0.373	0.431	0.474	-0.7	-0.2	-0.1	0.601	0.592	1.3	3.148	3.724	23.3	22.9	21.7	20.4	19.1	NA
2026-03-11 01:15:00	-91.0975	30.2684	0	22.23	23.9	80.61214790003898	101.67	2.391	0	3.11	186.7	0	0	4.76	0.58	0	0.315	0.253	0.373	0.431	0.474	-0.7	-0.2	-0.1	0.599	0.592	1.297	3.144	3.721	23.3	22.9	21.75	20.4	19.1	NA
2026-03-11 01:30:00	-91.0975	30.2684	0	22.01	23.6	81.73639548064268	101.66	2.381	0	3.24	174.7	0	0	5.54	0.53	0	0.315	0.253	0.373	0.431	0.474	-0.7	-0.2	-0.1	0.6	0.591	1.297	3.143	3.732	23.25	22.9	21.8	20.4	19.1	NA
2026-03-11 01:45:00	-91.0975	30.2684	0	21.77	23.3	82.59866286215444	101.66	2.363	0	3.02	170.6	0	0	4.46	0.5	0	0.315	0.253	0.373	0.431	0.474	-0.8	-0.2	-0.1	0.6	0.591	1.297	3.134	3.73	23.200000000000003	22.9	21.8	20.4	19.1	NA
2026-03-11 02:00:00	-91.0975	30.2684	0	21.57	23.2	83.13397055426191	101.67	2.364	0	2.86	163.5	0	0	5.22	0.47	0	0.315	0.253	0.373	0.431	0.474	-0.8	-0.2	-0.1	0.599	0.591	1.297	3.133	3.722	23.15	22.9	21.8	20.45	19.1	NA
2026-03-11 02:15:00	-91.0975	30.2684	0	21.28	22.8	84.34117514401896	101.68	2.341	0	2.9	155.7	0	0	5.07	0.43	0	0.315	0.253	0.372	0.431	0.474	-0.8	-0.2	-0.1	0.599	0.591	1.297	3.13	3.732	23.1	22.8	21.8	20.45	19.1	NA
2026-03-11 02:30:00	-91.0975	30.2684	0	21.23	22.6	85.58882093451808	101.69	2.347	0	3.23	155.8	0	0	5.37	0.39	0	0.315	0.253	0.372	0.431	0.474	-0.8	-0.2	-0.1	0.597	0.591	1.295	3.132	3.731	23.1	22.8	21.8	20.45	19.1	NA
2026-03-11 02:45:00	-91.0975	30.2684	0	21.19	22.5	86.770280077163	101.69	2.365	0	3.48	156.9	0	0	5.23	0.35	0	0.315	0.253	0.372	0.431	0.474	-0.8	-0.2	-0.1	0.598	0.591	1.295	3.134	3.724	23.05	22.8	21.8	20.45	19.1	NA
2026-03-11 03:00:00	-91.0975	30.2684	0	21.06	22.3	87.71980146343394	101.69	2.362	0	3.22	152.3	0	0	5.61	0.33	0	0.314	0.253	0.372	0.431	0.474	-0.8	-0.2	-0.1	0.596	0.59	1.295	3.135	3.732	23	22.8	21.8	20.45	19.1	NA
2026-03-11 03:15:00	-91.0975	30.2684	0	21.01	22.2	88.47925189254579	101.69	2.368	0	3.5	156.1	0	0	5.25	0.31	0	0.314	0.252	0.372	0.431	0.474	-0.9	-0.2	-0.1	0.596	0.591	1.295	3.137	3.735	22.950000000000003	22.8	21.85	20.45	19.1	NA
2026-03-11 03:30:00	-91.0975	30.2684	0	20.93	22.1	89.470679371486	101.68	2.38	0	3.37	157.1	0	0	5.49	0.28	0	0.314	0.252	0.372	0.431	0.474	-0.9	-0.2	-0.1	0.597	0.589	1.295	3.132	3.736	22.9	22.7	21.9	20.45	19.1	NA
2026-03-11 03:45:00	-91.0975	30.2684	0	21	22.2	89.71228200760238	101.68	2.401	0	3.38	159.6	0	0	6.02	0.27	0	0.314	0.252	0.372	0.431	0.474	-0.9	-0.2	-0.1	0.597	0.588	1.292	3.14	3.733	22.85	22.7	21.9	20.45	19.1	NA
2026-03-11 04:00:00	-91.0975	30.2684	0	21.01	22.1	91.08716643576075	101.68	2.423	0	3.39	157.5	0	0	5.14	0.23	0	0.314	0.252	0.372	0.43	0.474	-0.9	-0.2	-0.1	0.597	0.587	1.292	3.137	3.738	22.8	22.7	21.9	20.45	19.1	NA
2026-03-11 04:15:00	-91.0975	30.2684	0	21.09	22.2	91.35632216101118	101.65	2.445	0	3.92	152.7	0	0	6.77	0.22	0	0.314	0.252	0.372	0.43	0.474	-0.9	-0.2	-0.1	0.596	0.588	1.292	3.139	3.735	22.8	22.7	21.9	20.45	19.1	NA
2026-03-11 04:30:00	-91.0975	30.2684	0	21.15	22.2	92.10361313983336	101.62	2.465	0	3.77	148.6	0	0	6.62	0.21	0	0.314	0.252	0.372	0.43	0.474	-1	-0.2	-0.1	0.595	0.588	1.29	3.139	3.736	22.75	22.6	21.9	20.45	19.1	NA
2026-03-11 04:45:00	-91.0975	30.2684	0	21.15	22.2	92.47725862924445	101.59	2.475	0	3.45	144.2	0	0	5.98	0.21	0	0.314	0.252	0.372	0.43	0.474	-1	-0.2	-0.1	0.595	0.588	1.29	3.139	3.733	22.700000000000003	22.6	21.9	20.45	19.1	NA
2026-03-11 05:00:00	-91.0975	30.2684	0	21.12	22.2	92.58935227606779	101.57	2.478	0	3.51	148.9	0	0	6.19	0.19	0	0.314	0.252	0.372	0.43	0.474	-1	-0.1	-0.1	0.595	0.588	1.29	3.139	3.735	22.700000000000003	22.6	21.9	20.45	19.1	NA
2026-03-11 05:15:00	-91.0975	30.2684	0	21.14	22.2	92.77617502077332	101.56	2.483	0	3.48	143.5	0	0	7.69	0.18	0	0.314	0.252	0.372	0.43	0.474	-1	-0.1	-0.1	0.594	0.587	1.29	3.133	3.735	22.65	22.5	21.9	20.45	19.1	NA
2026-03-11 05:30:00	-91.0975	30.2684	0	21.12	22.1	93.49310067096037	101.56	2.487	0	3.34	149.4	0	0	5.74	0.17	0	0.314	0.252	0.372	0.43	0.474	-1.1	-0.1	-0.1	0.596	0.589	1.291	3.134	3.733	22.65	22.5	21.9	20.45	19.1	NA
2026-03-11 05:45:00	-91.0975	30.2684	0	21.15	22	94.1401201110291	101.56	2.489	0	3.63	158.1	0	0	6.03	0.16	0	0.314	0.252	0.372	0.43	0.474	-1.1	-0.1	-0.1	0.596	0.589	1.291	3.134	3.736	22.6	22.5	21.9	20.45	19.1	NA
2026-03-11 06:00:00	-91.0975	30.2684	0	21.07	21.9	94.52562512683903	101.54	2.484	0	3.76	157.8	0	0	5.97	0.14	0	0.314	0.252	0.372	0.43	0.474	-1.1	-0.1	-0.1	0.596	0.588	1.292	3.129	3.736	22.6	22.4	21.9	20.45	19.1	NA
2026-03-11 06:15:00	-91.0975	30.2684	0	21.04	21.8	94.79791080634584	101.5	2.476	0	3.54	156.2	0	0	6.06	0.14	0	0.314	0.252	0.372	0.43	0.474	-1.1	-0.1	-0.1	0.595	0.587	1.292	3.137	3.736	22.5	22.4	21.9	20.45	19.1	NA
2026-03-11 06:30:00	-91.0975	30.2684	0	21	21.8	94.68305065593427	101.47	2.473	0	3.61	155.5	0	0	5.75	0.13	0	0.314	0.251	0.371	0.43	0.474	-1.2	-0.1	-0.1	0.594	0.586	1.292	3.137	3.737	22.5	22.4	21.9	20.45	19.1	NA
2026-03-11 06:45:00	-91.0975	30.2684	0	21.02	21.8	94.60647722232657	101.44	2.471	0	3.68	157.9	0	0	5.36	0.13	0	0.314	0.251	0.371	0.43	0.474	-1.2	-0.1	-0.1	0.594	0.586	1.289	3.129	3.735	22.45	22.4	21.9	20.45	19.1	NA
2026-03-11 07:00:00	-91.0975	30.2684	0	21.41	21.8	95.52535842561909	101.45	2.495	0	3.55	159.2	0	0	5.79	0.12	0	0.314	0.251	0.371	0.429	0.474	-1.2	-0.1	-0.1	0.594	0.586	1.289	3.13	3.736	22.45	22.3	21.9	20.45	19.1	NA
2026-03-11 07:15:00	-91.0975	30.2684	0	21.4	21.9	95.17253963052512	101.46	2.501	0	3.14	153.9	0	0	5.03	0.13	0	0.314	0.251	0.371	0.429	0.474	-1.3	-0.1	-0.1	0.591	0.586	1.287	3.131	3.737	22.4	22.3	21.9	20.45	19.1	NA
2026-03-11 07:30:00	-91.0975	30.2684	0	21.66	22.1	94.92162412311013	101.47	2.525	0	3.27	152.6	0	0	5.74	0.13	0	0.314	0.251	0.371	0.429	0.474	-1.3	-0.1	-0.1	0.593	0.586	1.29	3.132	3.737	22.4	22.3	21.9	20.45	19.1	NA
2026-03-11 07:45:00	-91.0975	30.2684	0	21.66	22	95.7286637207773	101.47	2.531	0	2.93	156.7	0	0	4.63	0.12	0	0.314	0.251	0.371	0.429	0.474	-1.3	-0.1	-0.1	0.593	0.587	1.29	3.131	3.731	22.35	22.3	21.9	20.5	19.1	NA
2026-03-11 08:00:00	-91.0975	30.2684	0	21.76	22	95.76648618767605	101.47	2.532	0	2.25	157.6	0	0	3.62	0.11	0	0.314	0.251	0.371	0.429	0.474	-1.3	-0.1	-0.1	0.593	0.586	1.29	3.13	3.731	22.35	22.2	21.9	20.5	19.1	NA
2026-03-11 08:15:00	-91.0975	30.2684	0	21.41	21.8	96.29109276169619	101.45	2.515	0	1.77	155.8	0	0	3.34	0.1	0	0.314	0.251	0.371	0.429	0.474	-1.4	-0.1	-0.1	0.593	0.586	1.288	3.131	3.73	22.299999999999997	22.2	21.9	20.5	19.1	NA
2026-03-11 08:30:00	-91.0975	30.2684	0	21.25	21.8	95.6019318592268	101.43	2.497	0	1.94	150.6	0	0	4.01	0.11	0	0.314	0.25	0.371	0.429	0.474	-1.4	-0.1	-0.1	0.593	0.585	1.288	3.131	3.73	22.299999999999997	22.2	21.9	20.5	19.1	NA
2026-03-11 08:45:00	-91.0975	30.2684	0	21.48	21.8	96.06137246087306	101.43	2.509	0	2.08	155.3	0	0	3.23	0.11	0	0.314	0.25	0.371	0.429	0.474	-1.5	-0.1	-0.1	0.592	0.586	1.288	3.132	3.737	22.299999999999997	22.2	21.9	20.5	19.1	NA
2026-03-11 09:00:00	-91.0975	30.2684	0	21.46	21.9	95.8575079285457	101.42	2.519	0	1.92	152.8	0	0	2.99	0.1	0	0.314	0.25	0.371	0.429	0.474	-1.5	-0.1	-0.1	0.592	0.585	1.288	3.139	3.741	22.299999999999997	22.1	21.85	20.5	19.1	NA
2026-03-11 09:15:00	-91.0975	30.2684	0	21.59	21.9	96.23804587189045	101.42	2.529	0	1.76	150.4	0	0	2.89	0.1	0	0.314	0.25	0.371	0.429	0.474	-1.5	-0.1	-0.1	0.591	0.585	1.289	3.139	3.741	22.299999999999997	22.1	21.85	20.5	19.1	NA
2026-03-11 09:30:00	-91.0975	30.2684	0	21.62	22	96.10688838976496	101.42	2.541	0	1.72	147.6	0	0	2.75	0.1	0	0.314	0.25	0.371	0.429	0.473	-1.6	-0.1	-0.1	0.594	0.585	1.29	3.14	3.743	22.200000000000003	22.1	21.85	20.5	19.1	NA
2026-03-11 09:45:00	-91.0975	30.2684	0	21.44	22	95.84213112147359	101.43	2.534	0	1.76	151.5	0	0	3.21	0.11	0	0.314	0.25	0.371	0.429	0.474	-1.6	-0.1	-0.1	0.591	0.585	1.29	3.145	3.742	22.200000000000003	22.1	21.85	20.5	19.1	NA
2026-03-11 10:00:00	-91.0975	30.2684	0	21.55	22	96.10688838976496	101.43	2.541	0	1.8	148.2	0	0	3.19	0.11	0	0.314	0.25	0.371	0.428	0.473	-1.6	-0.1	-0.1	0.591	0.587	1.29	3.147	3.743	22.200000000000003	22.1	21.85	20.55	19.1	NA
2026-03-11 10:15:00	-91.0975	30.2684	0	21.58	22.1	95.86144218373498	101.43	2.55	0	1.92	152.3	0	0	3.05	0.11	0	0.314	0.25	0.371	0.428	0.474	-1.7	-0.1	-0.1	0.593	0.586	1.29	3.148	3.741	22.200000000000003	22	21.85	20.55	19.1	NA
2026-03-11 10:30:00	-91.0975	30.2684	0	21.61	22.1	96.16218396313494	101.42	2.558	0	1.97	139.1	0	0	3.21	0.11	0	0.314	0.25	0.37	0.428	0.473	-1.7	-0.1	-0.1	0.593	0.585	1.291	3.148	3.742	22.200000000000003	22	21.85	20.55	19.1	NA
2026-03-11 10:45:00	-91.0975	30.2684	0	21.34	22	96.03124345596743	101.42	2.539	0	1.8	138.3	0	0	2.83	0.1	0	0.314	0.25	0.37	0.428	0.474	-1.8	-0.1	-0.1	0.591	0.585	1.291	3.148	3.731	22.15	22	21.85	20.55	19.1	NA
2026-03-11 11:00:00	-91.0975	30.2684	0	21.35	22	95.87995358837236	101.42	2.535	0	1.62	140.5	0	0	2.75	0.11	0	0.314	0.25	0.37	0.428	0.473	-1.8	-0.1	-0.1	0.591	0.585	1.291	3.149	3.743	22.15	22	21.85	20.55	19.1	NA
2026-03-11 11:15:00	-91.0975	30.2684	0	21.27	22	95.69084125387852	101.44	2.53	0	1.77	144.8	0	0	2.96	0.11	0	0.314	0.25	0.37	0.428	0.474	-1.8	-0.1	-0.1	0.592	0.585	1.291	3.149	3.742	22.1	22	21.85	20.55	19.1	NA
2026-03-11 11:30:00	-91.0975	30.2684	0	21.37	22	95.9555985221699	101.44	2.537	0	1.64	154	0	0	2.72	0.11	0	0.313	0.25	0.37	0.428	0.473	-1.9	-0.1	-0.1	0.593	0.584	1.292	3.157	3.742	22.1	22	21.799999999999997	20.55	19.1	NA
2026-03-11 11:45:00	-91.0975	30.2684	0	21.47	22	96.10688838976496	101.45	2.541	0	1.7	155.5	0	0	2.63	0.1	0	0.314	0.25	0.37	0.428	0.473	-1.9	-0.1	-0.1	0.592	0.584	1.292	3.151	3.744	22.1	21.9	21.799999999999997	20.55	19.1	NA
2026-03-11 12:00:00	-91.0975	30.2684	0	21.36	22.1	95.71107129403502	101.46	2.546	0	1.78	148.5	0	0	2.97	0.11	0	0.313	0.249	0.37	0.428	0.473	-2	-0.1	-0.1	0.592	0.584	1.292	3.152	3.744	22.1	21.9	21.799999999999997	20.55	19.1	NA
2026-03-11 12:15:00	-91.0975	30.2684	0	20.91	21.8	96.32937947850004	101.47	2.516	0	1.38	143.4	0	0	2.85	0.1	0	0.313	0.249	0.37	0.428	0.473	-2	-0.1	-0.1	0.593	0.584	1.292	3.158	3.743	22.1	21.9	21.799999999999997	20.55	19.2	NA
2026-03-11 12:30:00	-91.0975	30.2684	0	20.73	21.6	96.11834117316708	101.51	2.48	2.1	0.6	206.3	0	0	1.21	0.09	0	NA	NA	NA	NA	NA	NA	NA	NA	NA	NA	NA	NA	NA	NA	NA	NA	NA	NA	NA
2026-03-11 12:45:00	-91.0975	30.2684	0	20.74	21.5	96.27909113758201	101.55	2.469	15.3	0.57	203	0	0	1.02	0.09	0	NA	NA	NA	NA	NA	NA	NA	NA	NA	NA	NA	NA	NA	NA	NA	NA	NA	NA	0.668
