2026-01-01 06:00:00	-93.639	32.4113	0	0.2	3.4	81.9704031775164	101.44	0.639	0	1.13	69.1	0	0	1.56	0.14	0	0.299	0.285	0.375	0.4	0.246	-20	-6.9	-0.2	1.394	1.094	3.565	3.292	1.688	10.45	11.2	13.25	15.2	17.1	NA
2026-01-01 06:15:00	-93.639	32.4113	0	0.09	3.3	82.4233336175211	101.43	0.638	0	1.07	72.2	0	0	1.34	0.14	0	0.299	0.285	0.375	0.4	0.246	-20.1	-6.9	-0.2	1.392	1.094	3.566	3.291	1.688	10.399999999999999	11.1	13.25	15.2	17.1	NA
2026-01-01 06:30:00	-93.639	32.4113	0	-0.08	2.8	84.06088537713875	101.43	0.628	0	0.78	67.2	0	0	1.29	0.12	0	0.299	0.285	0.375	0.4	0.246	-20.1	-6.9	-0.2	1.392	1.092	3.566	3.292	1.689	10.3	11.1	13.25	15.15	17.1	NA
2026-01-01 06:45:00	-93.639	32.4113	0	-0.17	2.5	86.01192915893577	101.41	0.629	0	0.39	78.8	0	0	0.9	0.1	0	0.299	0.285	0.375	0.4	0.246	-20.1	-6.9	-0.2	1.393	1.092	3.559	3.292	1.688	10.3	11	13.2	15.15	17.1	NA
2026-01-01 07:00:00	-93.639	32.4113	0	-0.22	2.3	86.41546596241805	101.39	0.623	0	0.9	73.5	0	0	1.36	0.1	0	0.299	0.285	0.375	0.4	0.246	-20.1	-6.9	-0.2	1.393	1.09	3.56	3.292	1.692	10.2	11	13.2	15.15	17.1	NA
2026-01-01 07:15:00	-93.639	32.4113	0	-0.11	2.5	87.78960019083748	101.38	0.642	0	0.65	84.8	0	0	0.96	0.09	0	0.299	0.285	0.375	0.4	0.246	-20.1	-6.9	-0.2	1.394	1.088	3.56	3.292	1.688	10.100000000000001	10.9	13.2	15.15	17.1	NA
2026-01-01 07:30:00	-93.639	32.4113	0	-0.14	2.4	87.17825143049687	101.37	0.633	0	0.96	70	0	0	1.55	0.09	0	0.299	0.285	0.375	0.4	0.247	-20.1	-6.9	-0.2	1.394	1.088	3.558	3.292	1.688	10.05	10.8	13.2	15.15	17.1	NA
2026-01-01 07:45:00	-93.639	32.4113	0	0.2	2.6	85.94446920404371	101.37	0.633	0	1.46	74.9	0	0	1.91	0.11	0	0.299	0.285	0.375	0.4	0.246	-20.1	-6.9	-0.2	1.391	1.088	3.562	3.292	1.688	9.95	10.8	13.2	15.15	17.1	NA
2026-01-01 08:00:00	-93.639	32.4113	0	0.05	2.5	87.10588056318298	101.38	0.637	0	0.9	75.4	0	0	1.42	0.1	0	0.299	0.285	0.375	0.4	0.246	-20.1	-6.9	-0.2	1.392	1.088	3.562	3.292	1.688	9.95	10.7	13.15	15.15	17.1	NA
2026-01-01 08:15:00	-93.639	32.4113	0	-0.01	2.4	86.35191729371492	101.38	0.627	0	1.22	74.5	0	0	1.87	0.1	0	0.299	0.285	0.375	0.4	0.246	-20.1	-6.9	-0.2	1.389	1.086	3.562	3.292	1.688	9.85	10.7	13.15	15.100000000000001	17.1	NA
2026-01-01 08:30:00	-93.639	32.4113	0	-0.01	2.5	86.01192915893577	101.38	0.629	0	1.23	77.2	0	0	1.8	0.1	0	0.299	0.285	0.375	0.4	0.246	-20.1	-6.9	-0.2	1.393	1.086	3.553	3.285	1.688	9.75	10.6	13.15	15.100000000000001	17.1	NA
2026-01-01 08:45:00	-93.639	32.4113	0	-0.28	2.2	86.89512002539989	101.37	0.622	0	0.99	74.5	0	0	1.56	0.09	0	0.299	0.285	0.375	0.4	0.246	-20.2	-6.9	-0.2	1.393	1.086	3.554	3.293	1.688	9.75	10.6	13.100000000000001	15.100000000000001	17.1	NA
2026-01-01 09:00:00	-93.639	32.4113	0	-0.27	2.5	86.83239271212118	101.37	0.635	0	0.4	109	0	0	0.92	0.1	0	0.299	0.285	0.375	0.4	0.246	-20.2	-6.9	-0.2	1.393	1.084	3.556	3.293	1.688	9.65	10.5	13.100000000000001	15.100000000000001	17.1	NA
2026-01-01 09:15:00	-93.639	32.4113	0	-0.19	2.8	84.9978697682852	101.37	0.635	0	0.71	82.7	0	0	1.34	0.11	0	0.299	0.285	0.375	0.4	0.246	-20.2	-6.9	-0.2	1.394	1.084	3.557	3.293	1.688	9.65	10.5	13.05	15.100000000000001	17.1	NA
2026-01-01 09:30:00	-93.639	32.4113	0	-0.33	2.5	86.55890486105937	101.36	0.633	0	0.63	94.8	0	0	1.18	0.1	0	0.299	0.285	0.375	0.4	0.246	-20.2	-6.9	-0.2	1.391	1.082	3.557	3.294	1.688	9.55	10.4	13.05	15.15	17.1	NA
2026-01-01 09:45:00	-93.639	32.4113	0	1.19	4.8	79.39945521129201	101.36	0.683	0	0.63	226.3	0	0	1.64	0.18	0	0.299	0.285	0.375	0.4	0.246	-20.2	-6.9	-0.2	1.395	1.083	3.557	3.293	1.688	9.55	10.4	13.05	15.100000000000001	17.1	NA
2026-01-01 10:00:00	-93.639	32.4113	0	1.02	6	74.53673307854905	101.36	0.697	0	0.47	203.4	0	0	1.74	0.24	0	0.299	0.285	0.375	0.4	0.247	-20.2	-6.9	-0.2	1.392	1.085	3.559	3.294	1.684	9.45	10.4	13	15.100000000000001	17.1	NA
2026-01-01 10:15:00	-93.639	32.4113	0	-0.51	4.4	76.15574569833315	101.35	0.637	0	0.77	71.7	0	0	1.39	0.2	0	0.299	0.285	0.375	0.4	0.247	-20.2	-6.9	-0.2	1.392	1.083	3.559	3.286	1.688	9.45	10.3	12.95	15.100000000000001	17.1	NA
2026-01-01 10:30:00	-93.639	32.4113	0	-0.59	3.9	77.14647116946605	101.33	0.623	0	0.62	83.6	0	0	0.93	0.18	0	0.299	0.285	0.375	0.4	0.246	-20.2	-6.9	-0.2	1.391	1.08	3.561	3.286	1.689	9.35	10.3	12.95	15.100000000000001	17.1	NA
2026-01-01 10:45:00	-93.639	32.4113	0	-0.89	2.8	80.98222237765755	101.31	0.605	0	0.86	90.3	0	0	1.4	0.14	0	0.299	0.285	0.375	0.4	0.247	-20.2	-6.9	-0.2	1.393	1.081	3.56	3.294	1.688	9.35	10.2	12.95	15.100000000000001	17.1	NA
2026-01-01 11:00:00	-93.639	32.4113	0	-0.7	3	80.63171662973946	101.3	0.611	0	0.41	112.5	0	0	0.93	0.14	0	0.299	0.285	0.375	0.4	0.246	-20.2	-6.9	-0.2	1.393	1.079	3.561	3.294	1.688	9.3	10.2	12.899999999999999	15.100000000000001	17.1	NA
2026-01-01 11:15:00	-93.639	32.4113	0	-0.46	3.8	78.19088205170037	101.29	0.627	0	0.36	113.5	0	0	0.85	0.17	0	0.299	0.285	0.375	0.4	0.246	-20.2	-6.9	-0.2	1.39	1.08	3.563	3.294	1.688	9.2	10.1	12.899999999999999	15.100000000000001	17.1	NA
2026-01-01 11:30:00	-93.639	32.4113	0	-0.45	3.9	77.76562422861105	101.28	0.628	0	0.61	100.4	0	0	1.41	0.18	0	0.299	0.285	0.375	0.4	0.246	-20.2	-6.9	-0.2	1.391	1.08	3.555	3.287	1.688	9.2	10.1	12.899999999999999	15.100000000000001	17.1	NA
2026-01-01 11:45:00	-93.639	32.4113	0	-0.57	4.1	76.92279741200936	101.28	0.63	0	0.5	109.4	0	0	1.29	0.19	0	0.299	0.285	0.375	0.4	0.246	-20.2	-6.9	-0.2	1.391	1.078	3.556	3.295	1.688	9.15	10.1	12.899999999999999	15.05	17.1	NA
2026-01-01 12:00:00	-93.639	32.4113	0	-0.57	3.9	76.89880994580805	101.27	0.621	0	0.6	99.2	0	0	1.11	0.18	0	0.299	0.285	0.375	0.4	0.247	-20.2	-6.9	-0.2	1.391	1.078	3.555	3.287	1.688	9.100000000000001	10	12.899999999999999	15.05	17.1	NA
2026-01-01 12:15:00	-93.639	32.4113	0	-1.06	2.5	80.6789160632307	101.26	0.59	0	1.06	78.1	0	0	1.52	0.14	0	0.299	0.285	0.375	0.4	0.247	-20.2	-6.9	-0.2	1.391	1.078	3.557	3.288	1.688	9.100000000000001	10	12.85	15	17.1	NA
2026-01-01 12:30:00	-93.639	32.4113	0	-1.11	1.8	82.37432366154077	101.25	0.573	0	1.1	80.1	0	0	1.72	0.12	0	0.299	0.285	0.375	0.4	0.247	-20.2	-6.9	-0.2	1.392	1.078	3.557	3.289	1.688	9	9.9	12.85	15	17.1	NA
2026-01-01 12:45:00	-93.639	32.4113	0	-1.23	1.2	84.65310449422529	101.25	0.564	0	1.18	78	0	0	1.88	0.1	0	0.299	0.285	0.375	0.4	0.247	-20.3	-6.9	-0.2	1.392	1.076	3.558	3.288	1.688	9	9.9	12.85	15	17.1	NA
2026-01-01 13:00:00	-93.639	32.4113	0	-1.42	0.7	86.36431837536882	101.25	0.555	0	1.03	76.1	0	0	1.42	0.09	0	0.299	0.285	0.375	0.4	0.247	-20.2	-6.9	-0.2	1.392	1.076	3.558	3.288	1.688	8.899999999999999	9.8	12.85	15	17.1	NA
2026-01-01 13:15:00	-93.639	32.4113	0	-1.24	0.9	87.8854656620792	101.26	0.573	0	0.86	82.4	0	0	1.18	0.08	0	0.299	0.285	0.375	0.4	0.247	-20.3	-6.8	-0.2	1.392	1.076	3.551	3.296	1.688	8.899999999999999	9.8	12.8	15	17.1	NA
2026-01-01 13:30:00	-93.639	32.4113	0	-1.3	0.8	89.75873333753295	101.27	0.581	6.4	0.82	76.9	0	0	1.43	0.07	0	0.299	0.285	0.374	0.4	0.247	-20.3	-6.9	-0.2	1.393	1.074	3.552	3.296	1.688	8.85	9.8	12.75	15	17.1	NA
2026-01-01 13:45:00	-93.639	32.4113	0	-0.29	1	90.90782232634207	101.29	0.597	20.9	0.96	79.5	0	0	1.34	0.06	0	0.299	0.285	0.375	0.4	0.246	-20.3	-6.9	-0.2	1.39	1.074	3.551	3.289	1.688	8.8	9.7	12.75	15	17.1	0.539
2026-01-01 14:00:00	-93.639	32.4113	0	1.4	2.1	91.31746860961279	101.31	0.649	45.4	0.81	86.2	0	0	1.34	0.06	0	0.299	0.285	0.374	0.4	0.246	-20.3	-6.9	-0.2	1.39	1.074	3.552	3.289	1.684	8.8	9.7	12.75	15	17.1	0.536
2026-01-01 14:15:00	-93.639	32.4113	0	4.81	4.9	86.92735560951648	101.33	0.753	84.3	0.88	152.4	0	0	2.2	0.11	0	0.299	0.285	0.375	0.4	0.246	-20.3	-6.9	-0.2	1.39	1.072	3.552	3.289	1.688	8.8	9.7	12.7	15	17.1	0.557
2026-01-01 14:30:00	-93.639	32.4113	0	7.39	7.6	76.15734482878462	101.35	0.795	121.4	1.58	179.8	0	0	2.92	0.25	0	0.299	0.285	0.375	0.4	0.246	-20.3	-6.9	-0.2	1.39	1.072	3.551	3.288	1.688	8.75	9.6	12.7	15	17.1	0.579
2026-01-01 14:45:00	-93.639	32.4113	0	9.28	8.8	71.07284263485079	101.37	0.805	163.7	1.52	182.3	0	0	3.21	0.33	0	0.299	0.285	0.375	0.4	0.247	-20.3	-6.9	-0.2	1.39	1.072	3.552	3.288	1.688	8.75	9.6	12.7	15	17.1	0.596
2026-01-01 15:00:00	-93.639	32.4113	0	10.95	9.8	67.2663120486873	101.38	0.815	203.2	1.22	184.5	0	0	2.12	0.4	0	0.299	0.285	0.375	0.4	0.246	-20.3	-6.9	-0.2	1.393	1.073	3.551	3.288	1.688	8.8	9.6	12.7	15	17.1	0.612
2026-01-01 15:15:00	-93.639	32.4113	0	12.99	11.1	63.79281187742602	101.4	0.843	240.9	1	201.8	0	0	1.92	0.48	0	0.299	0.285	0.375	0.4	0.246	-20.3	-6.9	-0.2	1.396	1.073	3.553	3.288	1.688	8.85	9.6	12.6	15	17.1	0.623
2026-01-01 15:30:00	-93.639	32.4113	0	14.1	12.4	57.36155129342678	101.4	0.826	278.4	2.13	248.1	0	0	4.21	0.61	0	0.298	0.285	0.375	0.4	0.246	-20.3	-6.9	-0.2	1.395	1.073	3.545	3.287	1.688	8.95	9.6	12.6	15	17.1	0.625
2026-01-01 15:45:00	-93.639	32.4113	0	15.52	13.3	53.29255992803009	101.42	0.814	318.8	2.35	251.1	0	0	4.7	0.71	0	0.298	0.284	0.375	0.4	0.246	-20.3	-6.9	-0.2	1.398	1.073	3.544	3.288	1.689	9.1	9.7	12.6	15	17.1	0.622
2026-01-01 16:00:00	-93.639	32.4113	0	16.83	14	50.85684528022006	101.42	0.813	357.2	2.44	265.2	0	0	4.39	0.79	0	0.298	0.284	0.375	0.4	0.247	-20.3	-6.9	-0.2	1.4	1.073	3.544	3.288	1.684	9.2	9.7	12.6	15	17.1	0.619
2026-01-01 16:15:00	-93.639	32.4113	0	17.67	14.8	47.69792107917286	101.42	0.803	389.4	2.83	261.5	0	0	5.06	0.87	0	0.298	0.284	0.375	0.4	0.246	-20.3	-6.9	-0.2	1.403	1.072	3.545	3.29	1.684	9.4	9.8	12.6	14.95	17.1	0.622
2026-01-01 16:30:00	-93.639	32.4113	0	19.26	15.7	45.69062221684238	101.41	0.815	420.8	2.66	258.8	0	0	4.53	0.97	0	0.298	0.284	0.375	0.4	0.246	-20.3	-7	-0.2	1.404	1.075	3.547	3.29	1.684	9.600000000000001	9.9	12.6	14.95	17.1	0.641
2026-01-01 16:45:00	-93.639	32.4113	0	20.78	16.8	43.64174540410949	101.39	0.835	450.6	2.61	261.1	0	0	5.24	1.07	0	0.298	0.284	0.375	0.4	0.246	-20.2	-7	-0.2	1.403	1.075	3.547	3.289	1.684	9.85	10	12.5	14.899999999999999	17.1	0.654
2026-01-01 17:00:00	-93.639	32.4113	0	21.52	17.4	41.51158130880425	101.38	0.825	470.6	3.16	266.9	0	0	5.59	1.16	0	0.297	0.284	0.375	0.4	0.246	-20.2	-7	-0.2	1.408	1.076	3.548	3.289	1.684	10.1	10.2	12.5	14.899999999999999	17.1	0.648
2026-01-01 17:15:00	-93.639	32.4113	0	21.92	18	39.825789734773835	101.37	0.822	469.4	3.34	274.1	0	0	6.5	1.23	0	0.297	0.284	0.375	0.4	0.246	-20.2	-7.1	-0.2	1.409	1.076	3.548	3.29	1.685	10.4	10.4	12.5	14.899999999999999	17.1	0.636
2026-01-01 17:30:00	-93.639	32.4113	0	22.83	18.6	38.96128896648386	101.35	0.835	474	3.01	269.8	0	0	5.6	1.31	0	0.297	0.284	0.375	0.4	0.246	-20.2	-7.1	-0.2	1.414	1.076	3.548	3.291	1.684	10.7	10.5	12.5	14.899999999999999	17.1	0.623
2026-01-01 17:45:00	-93.639	32.4113	0	22.59	18.9	37.55057006023254	101.31	0.82	454.9	3.36	266.5	0	0	5.75	1.36	0	0.297	0.284	0.375	0.4	0.246	-20.2	-7.2	-0.2	1.415	1.077	3.548	3.29	1.684	11.05	10.7	12.5	14.899999999999999	17.1	0.622
2026-01-01 18:00:00	-93.639	32.4113	0	23.96	19.6	36.343616917552495	101.28	0.829	485.9	3.68	262.8	0	0	6	1.44	0	0.297	0.283	0.374	0.4	0.246	-20.2	-7.2	-0.2	1.417	1.077	3.548	3.29	1.688	11.3	10.9	12.55	14.899999999999999	17.1	0.604
2026-01-01 18:15:00	-93.639	32.4113	0	24.87	20.3	35.97727338645268	101.25	0.857	474	3	261.6	0	0	5.62	1.52	0	0.297	0.283	0.374	0.4	0.246	-20.2	-7.2	-0.2	1.421	1.079	3.547	3.282	1.688	11.600000000000001	11.1	12.55	14.899999999999999	17.1	0.605
2026-01-01 18:30:00	-93.639	32.4113	0	25.07	20.8	35.25173999738182	101.21	0.866	481.2	3.02	261.1	0	0	5.11	1.59	0	0.297	0.283	0.374	0.4	0.247	-20.2	-7.2	-0.2	1.426	1.078	3.547	3.283	1.688	11.85	11.3	12.55	14.95	17.1	0.603
2026-01-01 18:45:00	-93.639	32.4113	0	24.66	21	34.17764999353616	101.18	0.85	465.9	3.03	246.1	0	0	5.62	1.64	0	0.297	0.283	0.374	0.4	0.246	-20.2	-7.3	-0.2	1.428	1.078	3.548	3.283	1.684	12.1	11.4	12.55	14.95	17.1	0.607
2026-01-01 19:00:00	-93.639	32.4113	0	22.78	20.9	33.86237331506225	101.15	0.837	387.1	3.62	260.4	0	0	6.4	1.63	0	0.297	0.283	0.374	0.4	0.246	-20.1	-7.3	-0.2	1.426	1.075	3.547	3.283	1.688	12.350000000000001	11.6	12.600000000000001	14.95	17.1	0.612
2026-01-01 19:15:00	-93.639	32.4113	0	23.3	20.9	33.94328699084495	101.12	0.839	414.9	3.11	259.3	0	0	4.96	1.63	0	0.297	0.283	0.374	0.4	0.247	-20.1	-7.4	-0.2	1.428	1.076	3.547	3.283	1.688	12.55	11.8	12.600000000000001	14.95	17.1	0.619
2026-01-01 19:30:00	-93.639	32.4113	0	22.08	21	33.735350993619804	101.1	0.839	345	3.01	265.7	0	0	5.67	1.64	0	0.297	0.283	0.374	0.4	0.246	-20.2	-7.4	-0.2	1.423	1.076	3.545	3.283	1.689	12.7	11.9	12.600000000000001	14.899999999999999	17.1	0.626
2026-01-01 19:45:00	-93.639	32.4113	0	21.69	20.9	33.61963228771413	101.07	0.831	330.1	2.95	246	0	0	6.26	1.63	0	0.297	0.283	0.374	0.4	0.246	-20.1	-7.4	-0.2	1.426	1.075	3.552	3.283	1.688	12.850000000000001	12	12.65	14.899999999999999	17.1	0.63
2026-01-01 20:00:00	-93.639	32.4113	0	22.04	21	33.41367899368064	101.05	0.831	357.5	3.43	260.6	0	0	6.19	1.65	0	0.297	0.283	0.374	0.4	0.246	-20.1	-7.5	-0.2	1.425	1.075	3.552	3.283	1.688	13	12.2	12.65	14.899999999999999	17.1	0.627
2026-01-01 20:15:00	-93.639	32.4113	0	22.19	21.2	33.681233839872576	101.03	0.848	342.1	2.45	239.5	0	0	4.39	1.67	0	0.297	0.283	0.374	0.4	0.246	-20.1	-7.5	-0.2	1.425	1.074	3.553	3.283	1.684	13.1	12.3	12.65	14.899999999999999	17.1	0.63
2026-01-01 20:30:00	-93.639	32.4113	0	22.62	21.5	33.02891461868448	101.01	0.847	384.9	3.17	231.3	0	0	6.15	1.72	0	0.296	0.283	0.374	0.4	0.246	-20.1	-7.5	-0.2	1.421	1.071	3.552	3.276	1.688	13.2	12.4	12.7	14.899999999999999	17.1	0.626
2026-01-01 20:45:00	-93.639	32.4113	0	21.42	21.3	33.04114772382246	101	0.837	300.7	3.01	237.1	0	0	5.49	1.7	0	0.296	0.283	0.374	0.4	0.246	-20.1	-7.6	-0.2	1.421	1.073	3.55	3.276	1.689	13.3	12.5	12.7	14.85	17.1	0.628
2026-01-01 21:00:00	-93.639	32.4113	0	20.5	21.3	33.39642888214313	100.99	0.846	245.6	2.68	236	0	0	5.76	1.68	0	0.296	0.283	0.374	0.4	0.246	-20.1	-7.6	-0.2	1.42	1.073	3.55	3.277	1.689	13.4	12.6	12.75	14.85	17	0.629
2026-01-01 21:15:00	-93.639	32.4113	0	19.47	20.8	34.55973124454638	100.99	0.849	196.3	2.72	241.3	0	0	5	1.61	0	0.296	0.283	0.374	0.4	0.246	-20.1	-7.6	-0.2	1.42	1.07	3.559	3.278	1.685	13.5	12.8	12.75	14.85	17	0.65
2026-01-01 21:30:00	-93.639	32.4113	0	19.47	20.6	35.40001984356431	100.98	0.859	193.6	2.96	238	0	0	5.05	1.57	0	0.296	0.283	0.374	0.4	0.247	-20.1	-7.7	-0.2	1.42	1.069	3.557	3.278	1.688	13.600000000000001	12.9	12.8	14.85	17	0.648
2026-01-01 21:45:00	-93.639	32.4113	0	19.15	20.6	35.72970570939494	100.96	0.867	170	2.39	242.2	0	0	4.23	1.56	0	0.296	0.283	0.374	0.4	0.247	-20.1	-7.7	-0.2	1.42	1.069	3.557	3.278	1.689	13.65	13	12.8	14.85	17	0.643
2026-01-01 22:00:00	-93.639	32.4113	0	19.69	20.7	35.67414905663735	100.95	0.871	196.1	2.56	237.8	0	0	4.71	1.57	0	0.296	0.283	0.374	0.4	0.247	-20.2	-7.7	-0.2	1.42	1.068	3.564	3.278	1.689	13.75	13	12.8	14.85	17	0.624
2026-01-01 22:15:00	-93.639	32.4113	0	18.35	20.6	35.44123057679314	100.94	0.86	135.4	2.24	223	0	0	4.18	1.57	0	0.296	0.283	0.374	0.4	0.247	-20.2	-7.7	-0.2	1.416	1.068	3.564	3.28	1.689	13.75	13.1	12.850000000000001	14.8	17	0.639
2026-01-01 22:30:00	-93.639	32.4113	0	17.02	20	36.30872002251706	100.93	0.849	91.3	2.38	215.9	0	0	4.72	1.49	0	0.296	0.283	0.374	0.4	0.247	-20.2	-7.8	-0.2	1.417	1.068	3.563	3.28	1.688	13.8	13.2	12.9	14.8	17	0.654
2026-01-01 22:45:00	-93.639	32.4113	0	15.83	19.5	37.40824226359525	100.92	0.848	53.6	2.34	212.2	0	0	5.05	1.42	0	0.296	0.283	0.374	0.4	0.246	-20.2	-7.8	-0.2	1.414	1.068	3.561	3.28	1.689	13.75	13.2	12.95	14.8	17	0.669
2026-01-01 23:00:00	-93.639	32.4113	0	15.33	19	38.4091455464879	100.92	0.844	24.6	2.5	219.1	0	0	6.05	1.35	0	0.296	0.283	0.374	0.4	0.246	-20.3	-7.8	-0.2	1.414	1.067	3.561	3.281	1.689	13.8	13.3	12.95	14.8	17	0.73
2026-01-01 23:15:00	-93.639	32.4113	0	14.2	18.3	39.89073865169485	100.91	0.839	6.4	1.89	215	0	0	3.76	1.27	0	0.296	0.283	0.374	0.4	0.246	-20.3	-7.8	-0.2	1.411	1.065	3.569	3.281	1.689	13.75	13.3	12.95	14.8	17	NA
2026-01-01 23:30:00	-93.639	32.4113	0	13.29	17.7	41.967511601621354	100.91	0.85	0	1.74	208.2	0	0	3.72	1.17	0	0.296	0.283	0.375	0.4	0.247	-20.3	-7.8	-0.2	1.412	1.062	3.567	3.282	1.689	13.7	13.3	13	14.8	17	NA
2026-01-01 23:45:00	-93.639	32.4113	0	12.81	17.2	43.56852942163684	100.9	0.855	0	1.6	203.1	0	0	3.4	1.1	0	0.296	0.283	0.375	0.4	0.246	-20.4	-7.8	-0.2	1.409	1.065	3.566	3.282	1.689	13.649999999999999	13.3	13	14.8	17	NA
2026-01-02 00:00:00	-93.639	32.4113	0	12.51	16.8	45.0529156147813	100.9	0.862	0	1.7	199.2	0	0	2.72	1.04	0	0.296	0.283	0.375	0.4	0.246	-20.4	-7.9	-0.2	1.407	1.062	3.565	3.282	1.685	13.55	13.3	13.05	14.8	17	NA
2026-01-02 00:15:00	-93.639	32.4113	0	12.4	16.5	46.079860196810685	100.9	0.865	0	1.81	204.8	0	0	3.05	1.01	0	0.296	0.283	0.375	0.4	0.247	-20.5	-7.9	-0.2	1.408	1.064	3.565	3.282	1.688	13.5	13.3	13.05	14.8	17	NA
2026-01-02 00:30:00	-93.639	32.4113	0	12.19	16.2	47.2403714282693	100.9	0.87	0	1.73	205.2	0	0	3.26	0.97	0	0.296	0.283	0.375	0.4	0.247	-20.5	-7.9	-0.2	1.405	1.062	3.565	3.282	1.688	13.4	13.3	13.05	14.85	17	NA
2026-01-02 00:45:00	-93.639	32.4113	0	12.17	15.8	48.96422336124607	100.89	0.879	0	1.79	201.8	0	0	2.92	0.91	0	0.296	0.283	0.375	0.399	0.247	-20.5	-7.9	-0.2	1.403	1.065	3.571	3.282	1.688	13.35	13.2	13.05	14.85	17	NA
2026-01-02 01:00:00	-93.639	32.4113	0	12.03	15.5	50.141312809879416	100.89	0.883	0	1.62	201.7	0	0	2.98	0.87	0	0.296	0.283	0.375	0.399	0.246	-20.6	-7.9	-0.2	1.4	1.064	3.57	3.275	1.689	13.2	13.2	13.1	14.85	17	NA
2026-01-02 01:15:00	-93.639	32.4113	0	12.28	15.3	51.824382316471954	100.89	0.901	0	1.49	196.5	0	0	2.58	0.84	0	0.296	0.283	0.375	0.399	0.246	-20.6	-7.9	-0.2	1.401	1.062	3.57	3.282	1.689	13.2	13.2	13.1	14.85	17	NA
2026-01-02 01:30:00	-93.639	32.4113	0	11.66	15.1	53.01929109341662	100.89	0.91	0	1.33	192.4	0	0	2.33	0.81	0	0.296	0.283	0.375	0.399	0.247	-20.6	-7.9	-0.2	1.402	1.062	3.568	3.282	1.688	13.100000000000001	13.1	13.149999999999999	14.85	17	NA
2026-01-02 01:45:00	-93.639	32.4113	0	10.85	14.8	54.23188287084036	100.89	0.913	0	1.16	179.8	0	0	1.88	0.77	0	0.296	0.283	0.375	0.399	0.247	-20.7	-7.9	-0.2	1.402	1.063	3.57	3.275	1.689	13	13	13.149999999999999	14.85	17	NA
2026-01-02 02:00:00	-93.639	32.4113	0	10.13	14.4	55.46830846948389	100.88	0.91	0	1.08	177.6	0	0	2.01	0.73	0	0.296	0.283	0.375	0.399	0.247	-20.8	-7.9	-0.2	1.399	1.063	3.568	3.283	1.688	12.95	13	13.2	14.85	17	NA
2026-01-02 02:15:00	-93.639	32.4113	0	10.91	14.3	56.38057767997661	100.87	0.919	0	1.27	167.4	0	0	2.54	0.71	0	0.296	0.283	0.375	0.399	0.247	-20.8	-7.9	-0.2	1.4	1.063	3.566	3.282	1.688	12.85	13	13.2	14.85	17	NA
2026-01-02 02:30:00	-93.639	32.4113	0	11.01	14.2	58.10538038426919	100.86	0.941	0	1.16	157.8	0	0	2.27	0.67	0	0.296	0.283	0.375	0.399	0.247	-20.8	-7.9	-0.2	1.4	1.063	3.567	3.283	1.689	12.8	12.9	13.2	14.85	17	NA
2026-01-02 02:45:00	-93.639	32.4113	0	10.35	13.8	60.647363674068416	100.85	0.957	0	0.92	145.5	0	0	2.51	0.62	0	0.296	0.283	0.375	0.399	0.246	-20.9	-8	-0.2	1.398	1.061	3.566	3.276	1.689	12.75	12.9	13.2	14.85	17	NA
2026-01-02 03:00:00	-93.639	32.4113	0	10.19	13.6	61.12052119004972	100.85	0.952	0	0.85	151.3	0	0	1.77	0.61	0	0.296	0.283	0.375	0.399	0.246	-20.9	-8	-0.2	1.398	1.061	3.567	3.284	1.689	12.65	12.8	13.2	14.85	17	NA
2026-01-02 03:15:00	-93.639	32.4113	0	10.48	13.5	63.13542367754277	100.83	0.977	0	1.09	159.7	0	0	2.2	0.57	0	0.296	0.283	0.375	0.399	0.247	-20.9	-8	-0.2	1.398	1.059	3.567	3.284	1.688	12.65	12.8	13.2	14.85	17	NA
2026-01-02 03:30:00	-93.639	32.4113	0	11.12	13.7	62.51007140874825	100.81	0.98	0	1.23	166.5	0	0	2.28	0.59	0	0.296	0.283	0.375	0.399	0.246	-21	-8	-0.2	1.399	1.059	3.566	3.283	1.685	12.55	12.8	13.2	14.85	17	NA
2026-01-02 03:45:00	-93.639	32.4113	0	11.42	13.7	62.82900034450717	100.8	0.985	0	1.15	157	0	0	2.09	0.59	0	0.296	0.283	0.375	0.399	0.247	-21	-8	-0.2	1.399	1.06	3.567	3.284	1.684	12.5	12.7	13.2	14.85	17	NA
2026-01-02 04:00:00	-93.639	32.4113	0	11.54	13.8	63.30900345913725	100.8	0.999	0	1.22	154.3	0	0	2.53	0.57	0	0.296	0.283	0.375	0.399	0.246	-21	-8	-0.2	1.396	1.059	3.566	3.284	1.689	12.45	12.7	13.2	14.85	17	NA
2026-01-02 04:15:00	-93.639	32.4113	0	11.04	13.4	65.49960748038092	100.79	1.007	0	0.9	144.1	0	0	1.77	0.53	0	0.296	0.283	0.375	0.399	0.247	-21.1	-8	-0.2	1.396	1.057	3.567	3.284	1.688	12.45	12.7	13.2	14.85	17	NA
2026-01-02 04:30:00	-93.639	32.4113	0	10.91	13.2	66.36007378547419	100.8	1.007	0	0.64	126.2	0	0	1.59	0.51	0	0.296	0.283	0.375	0.399	0.246	-21.1	-8	-0.2	1.397	1.06	3.566	3.285	1.689	12.45	12.6	13.2	14.8	17	NA
2026-01-02 04:45:00	-93.639	32.4113	0	10.87	13.2	65.89878230930903	100.8	1	0	0.8	132.6	0	0	1.55	0.51	0	0.296	0.283	0.375	0.399	0.247	-21.1	-8	-0.2	1.4	1.06	3.559	3.285	1.688	12.35	12.6	13.2	14.8	17	NA
2026-01-02 06:00:00	-93.639	32.4113	0	12.2	13.4	68.29651226852033	100.74	1.05	0	1.36	164.9	0	0	2.18	0.48	0	0.296	0.283	0.375	0.399	0.247	-21.2	-8.1	-0.2	1.398	1.058	3.567	3.286	1.688	12.25	12.5	13.25	14.75	17	NA
2026-01-02 06:15:00	-93.639	32.4113	0	12.47	13.6	68.63218188252432	100.71	1.069	0	1.64	167.7	0	0	3.25	0.49	0	0.296	0.283	0.375	0.399	0.247	-21.2	-8.1	-0.2	1.394	1.058	3.559	3.286	1.684	12.25	12.5	13.25	14.75	17	NA
2026-01-02 06:30:00	-93.639	32.4113	0	12.69	13.8	69.01251728428474	100.7	1.089	0	1.76	169.5	0	0	2.68	0.48	0	0.296	0.283	0.375	0.399	0.247	-21.3	-8.1	-0.2	1.398	1.058	3.558	3.286	1.685	12.25	12.5	13.25	14.75	17	NA
2026-01-02 06:45:00	-93.639	32.4113	0	12.65	13.8	70.15322004931426	100.67	1.107	0	1.63	160.7	0	0	3.1	0.47	0	0.296	0.283	0.375	0.399	0.247	-21.3	-8.1	-0.3	1.398	1.058	3.559	3.286	1.685	12.25	12.5	13.25	14.75	17	NA
2026-01-02 07:00:00	-93.639	32.4113	0	12.75	13.8	71.80090182102353	100.65	1.133	0	1.64	165	0	0	2.94	0.44	0	0.296	0.283	0.375	0.399	0.247	-21.3	-8.1	-0.3	1.398	1.058	3.559	3.286	1.688	12.25	12.4	13.25	14.75	17	NA
2026-01-02 07:15:00	-93.639	32.4113	0	12.69	13.8	73.76544547190765	100.63	1.164	0	1.53	158	0	0	2.74	0.41	0	0.296	0.283	0.375	0.399	0.247	-21.3	-8.1	-0.2	1.401	1.056	3.558	3.286	1.688	12.25	12.4	13.25	14.8	17	NA
2026-01-02 07:30:00	-93.639	32.4113	0	12.85	13.8	76.23696812947159	100.61	1.203	0	1.42	154.9	0	0	2.84	0.38	0	0.296	0.283	0.375	0.399	0.247	-21.4	-8.1	-0.2	1.4	1.056	3.559	3.286	1.688	12.3	12.4	13.25	14.8	17	NA
2026-01-02 07:45:00	-93.639	32.4113	0	12.86	13.9	78.32469054671998	100.59	1.244	0	1.37	154.3	0	0	2.56	0.34	0	0.296	0.283	0.375	0.399	0.247	-21.4	-8.2	-0.2	1.4	1.058	3.559	3.286	1.688	12.3	12.4	13.25	14.8	17	NA
2026-01-02 08:00:00	-93.639	32.4113	0	13	14	80.06981790735753	100.57	1.28	0	1.3	159.6	0	0	2.95	0.32	0	0.296	0.283	0.375	0.399	0.247	-21.4	-8.1	-0.2	1.4	1.059	3.559	3.286	1.688	12.3	12.4	13.25	14.8	17	NA
2026-01-02 08:15:00	-93.639	32.4113	0	12.88	13.9	82.16537071018453	100.55	1.305	0	1.13	158.7	0	0	2.39	0.29	0	0.296	0.283	0.375	0.399	0.247	-21.4	-8.2	-0.2	1.4	1.061	3.558	3.286	1.688	12.3	12.4	13.25	14.8	17	NA
2026-01-02 08:30:00	-93.639	32.4113	0	13.1	14.1	82.9703541321497	100.53	1.335	0	1.29	161.1	0	0	2.9	0.27	0	0.296	0.283	0.375	0.399	0.247	-21.4	-8.2	-0.2	1.4	1.056	3.559	3.286	1.684	12.3	12.4	13.25	14.8	17	NA
2026-01-02 08:45:00	-93.639	32.4113	0	13.54	14.3	84.35614179539482	100.5	1.375	0	1.68	165.1	0	0	3.29	0.26	0	0.296	0.283	0.375	0.399	0.247	-21.4	-8.2	-0.2	1.403	1.058	3.558	3.286	1.688	12.35	12.5	13.25	14.8	17	NA
2026-01-02 09:00:00	-93.639	32.4113	0	14.09	14.8	84.76330433372311	100.48	1.427	0	2.21	177	0	0	3.51	0.26	0	0.296	0.283	0.375	0.399	0.247	-21.4	-8.2	-0.2	1.403	1.056	3.558	3.286	1.684	12.35	12.5	13.25	14.8	17	NA
2026-01-02 09:15:00	-93.639	32.4113	0	14.34	15.2	84.8660128270908	100.46	1.466	0	2.6	177.9	0	0	5.03	0.26	0	0.296	0.283	0.375	0.399	0.247	-21.4	-8.2	-0.2	1.399	1.056	3.56	3.286	1.684	12.35	12.5	13.25	14.8	17	NA
2026-01-02 09:30:00	-93.639	32.4113	0	14.33	15.2	85.56068687478869	100.43	1.478	0	2.64	175.1	0	0	4.66	0.25	0	0.296	0.283	0.375	0.399	0.247	-21.4	-8.2	-0.3	1.402	1.056	3.559	3.286	1.688	12.35	12.5	13.25	14.8	17	NA
2026-01-02 09:45:00	-93.639	32.4113	0	14.46	15.3	85.99051227871871	100.41	1.495	0	2.54	173.7	0	0	4.74	0.24	0	0.296	0.283	0.375	0.399	0.247	-21.5	-8.2	-0.3	1.402	1.056	3.559	3.286	1.685	12.45	12.5	13.25	14.8	17	NA
2026-01-02 10:00:00	-93.639	32.4113	0	14.63	15.4	86.29746026306303	100.37	1.51	0	2.86	176.8	0	0	5.16	0.23	0	0.296	0.283	0.375	0.399	0.247	-21.5	-8.2	-0.3	1.402	1.056	3.559	3.284	1.689	12.45	12.5	13.25	14.8	16.9	NA
2026-01-02 10:15:00	-93.639	32.4113	0	14.93	15.6	86.32618741260218	100.34	1.53	0	3.4	185.1	0	0	5.49	0.24	0	0.296	0.283	0.375	0.399	0.247	-21.5	-8.3	-0.2	1.401	1.056	3.559	3.285	1.689	12.5	12.5	13.25	14.8	16.9	NA
2026-01-02 10:30:00	-93.639	32.4113	0	14.85	15.5	87.39239005028814	100.3	1.539	0	3.36	185.1	0	0	5.98	0.22	0	0.296	0.283	0.375	0.399	0.247	-21.5	-8.3	-0.3	1.401	1.055	3.559	3.286	1.689	12.5	12.6	13.25	14.8	16.9	NA
2026-01-02 10:45:00	-93.639	32.4113	0	14.77	15.5	87.50596040772841	100.28	1.541	0	3.04	184.2	0	0	5.5	0.22	0	0.296	0.283	0.375	0.399	0.247	-21.5	-8.3	-0.3	1.404	1.058	3.559	3.278	1.685	12.55	12.6	13.25	14.75	16.9	NA
2026-01-02 11:00:00	-93.639	32.4113	0	14.8	15.5	87.96024183748949	100.26	1.549	0	2.93	182.4	0	0	4.82	0.21	0	0.296	0.283	0.375	0.399	0.247	-21.5	-8.3	-0.3	1.404	1.056	3.558	3.278	1.689	12.6	12.6	13.3	14.75	16.9	NA
2026-01-02 11:15:00	-93.639	32.4113	0	14.66	15.5	88.35773808853044	100.24	1.556	0	2.88	182.3	0	0	4.67	0.2	0	0.296	0.283	0.375	0.399	0.247	-21.5	-8.3	-0.3	1.404	1.058	3.557	3.279	1.689	12.649999999999999	12.6	13.3	14.75	16.9	NA
2026-01-02 11:30:00	-93.639	32.4113	0	14.67	15.5	88.86880469701165	100.22	1.565	0	2.3	177.4	0	0	4.75	0.19	0	0.296	0.283	0.375	0.399	0.247	-21.6	-8.3	-0.3	1.403	1.055	3.556	3.278	1.689	12.649999999999999	12.7	13.3	14.75	16.9	NA
2026-01-02 11:45:00	-93.639	32.4113	0	14.73	15.5	89.20951576933246	100.22	1.571	0	2.08	176.1	0	0	4.27	0.19	0	0.296	0.283	0.375	0.399	0.247	-21.6	-8.3	-0.3	1.403	1.055	3.557	3.278	1.685	12.7	12.7	13.3	14.75	16.9	NA
2026-01-02 12:00:00	-93.639	32.4113	0	14.96	15.6	89.37299402716462	100.2	1.584	0	2.52	180	0	0	4.05	0.18	0	0.296	0.283	0.375	0.399	0.247	-21.6	-8.3	-0.3	1.402	1.057	3.547	3.279	1.689	12.75	12.7	13.3	14.75	16.9	NA
2026-01-02 12:15:00	-93.639	32.4113	0	14.8	15.6	89.54226106130697	100.2	1.587	0	2.35	180.7	0	0	4.64	0.18	0	0.296	0.283	0.375	0.399	0.247	-21.6	-8.4	-0.3	1.402	1.057	3.548	3.278	1.689	12.75	12.8	13.3	14.75	16.9	NA
2026-01-02 12:30:00	-93.639	32.4113	0	14.41	15.4	90.58375795824828	100.2	1.585	0	2.04	173.9	0	0	3.66	0.17	0	0.296	0.283	0.375	0.399	0.247	-21.6	-8.4	-0.3	1.405	1.055	3.548	3.279	1.689	12.8	12.8	13.3	14.75	16.9	NA
2026-01-02 12:45:00	-93.639	32.4113	0	14.02	15.2	90.8865212404724	100.18	1.57	0	1.99	172.1	0	0	3.93	0.16	0	0.296	0.283	0.375	0.399	0.247	-21.7	-8.4	-0.3	1.405	1.057	3.555	3.279	1.689	12.850000000000001	12.8	13.3	14.75	16.9	NA
2026-01-02 13:00:00	-93.639	32.4113	0	13.8	15	91.65294240928614	100.19	1.563	0	1.38	162.4	0	0	3.23	0.14	0	0.296	0.283	0.375	0.399	0.247	-21.6	-8.4	-0.3	1.405	1.057	3.556	3.278	1.689	12.850000000000001	12.8	13.350000000000001	14.75	16.9	NA
2026-01-02 13:15:00	-93.639	32.4113	0	14.47	15	92.180694476902	100.18	1.572	0	1.5	160	0	0	3.8	0.13	0	0.296	0.283	0.375	0.399	0.247	-21.7	-8.4	-0.3	1.405	1.057	3.557	3.279	1.688	12.850000000000001	12.8	13.350000000000001	14.75	16.9	NA
2026-01-02 13:30:00	-93.639	32.4113	0	14.76	15.2	92.21797983189335	100.16	1.593	0	1.63	164.3	0	0	2.73	0.13	0	0.296	0.283	0.375	0.399	0.247	-21.7	-8.4	-0.3	1.402	1.055	3.556	3.279	1.689	12.9	12.9	13.3	14.75	16.9	NA
2026-01-02 13:45:00	-93.639	32.4113	0	14.5	15.2	92.79687487164158	100.16	1.603	8.6	1.38	161.7	0	0	2.58	0.12	0	0.296	0.283	0.375	0.399	0.247	-21.7	-8.4	-0.3	1.402	1.057	3.556	3.279	1.689	12.9	12.9	13.3	14.75	16.9	NA
