timestamp	latitude	longitude	land_surface_temperature	body_temperature	air_temperature	atmospheric_pressure	vapor_pressure	solar_radiation	precipitation	max_precipitation_rate	wind_speed	wind_direction	tilt_angle	lightning_distance	lightning_activity	RH_sensor_temperature	gust_speed	VPD	drop_counts	spoon_tips	EC	NDVI	water_content_10	soil_temperature_10cm	saturation_extract_EC_10cm	water_content_100cm	saturation_extract_EC_100cm	soil_temperature_100cm	water_content_5cm	water_content_20cm	water_content_50cm	saturation_extract_EC_5cm	saturation_extract_EC_20cm	saturation_extract_EC_50cm	matric_potential_5cm	matric_potential_20cm	matric_potential_50cm	soil_temperature_5cm	soil_temperature_20cm	soil_temperature_50cm	date
2025-05-26T05:00:00Z	30.3734	-91.1636	24.58	24.05	24.3	101.71	2.877	0	0	0	0.85	264.8	0.2	0	0	24.3	1.26	0.16	0	0	0	0.187	NA	NA	NA	NA	NA	NA	0.288	0.383	0.415	2.72	1.413	3.336	-162.9	-56.3	-0.1	28.25	28.15	25.4	2025-05-26
2025-05-26T05:15:00Z	30.3734	-91.1636	23.41	24.28	24.6	101.71	2.925	0	0	0	0.92	274.9	0.2	0	0	24.5	1.37	0.16	0	0	0	0.145	NA	NA	NA	NA	NA	NA	0.288	0.383	0.415	2.721	1.413	3.337	-163.3	-56.1	-0.1	28.15	28.15	25.4	2025-05-26
2025-05-26T05:30:00Z	30.3734	-91.1636	22.45	24.19	24.4	101.69	2.897	0	0	0	0.75	278.5	0.3	0	0	24.4	1.16	0.16	0	0	0	0.149	NA	NA	NA	NA	NA	NA	0.288	0.382	0.415	2.723	1.414	3.336	-163.5	-55.9	-0.1	28.1	28.1	25.4	2025-05-26
2025-05-26T05:45:00Z	30.3734	-91.1636	22.16	24.03	24.1	101.66	2.873	0	0	0	0.65	264.3	0.3	0	0	24.1	1	0.13	0	0	0	0.128	NA	NA	NA	NA	NA	NA	0.288	0.382	0.415	2.725	1.414	3.336	-164.1	-55.7	-0.1	28.049999999999997	28.05	25.4	2025-05-26
2025-05-26T06:00:00Z	30.3734	-91.1636	22.32	23.99	24.1	101.66	2.887	0	0	0	0.6	270.3	0.3	0	0	24.1	0.93	0.11	0	0	0	0.098	NA	NA	NA	NA	NA	NA	0.288	0.382	0.415	2.726	1.412	3.336	-164.7	-55.6	-0.1	27.950000000000003	28	25.4	2025-05-26
2025-05-26T06:15:00Z	30.3734	-91.1636	23.04	24.04	24.4	101.63	2.903	0	0	0	0.6	220	0.4	0	0	24.1	1.84	0.15	0	0	0	0.106	NA	NA	NA	NA	NA	NA	0.288	0.382	0.415	2.727	1.412	3.335	-164.8	-55.5	-0.1	27.85	27.95	25.4	2025-05-26
2025-05-26T06:30:00Z	30.3734	-91.1636	24.05	24.52	24.9	101.61	2.998	0	0	0	0.5	145.6	0.3	0	0	24.7	1.45	0.16	0	0	0	0.106	NA	NA	NA	NA	NA	NA	0.288	0.382	0.415	2.729	1.413	3.337	-165.2	-55.3	-0.1	27.799999999999997	27.9	25.4	2025-05-26
2025-05-26T06:45:00Z	30.3734	-91.1636	23.79	24.76	24.8	101.58	2.999	0	0	0	0.33	136.6	0.3	0	0	24.8	1.11	0.14	0	0	0	0.107	NA	NA	NA	NA	NA	NA	0.288	0.382	0.415	2.723	1.41	3.336	-165.6	-55.2	-0.1	27.75	27.85	25.4	2025-05-26
2025-05-26T07:00:00Z	30.3734	-91.1636	23.87	24.8	24.9	101.56	3.005	0	0	0	0.59	208.4	0.2	0	0	24.8	1.58	0.14	0	0	0	0.099	NA	NA	NA	NA	NA	NA	0.287	0.382	0.415	2.725	1.411	3.335	-166.1	-55	-0.1	27.65	27.85	25.4	2025-05-26
2025-05-26T07:15:00Z	30.3734	-91.1636	24.24	24.98	25	101.54	3.029	0	0	0	0.99	192.9	0.3	0	0	25	2.88	0.15	0	0	0	0.092	NA	NA	NA	NA	NA	NA	0.287	0.382	0.415	2.726	1.411	3.335	-166.5	-54.9	-0.1	27.65	27.75	25.4	2025-05-26
2025-05-26T07:30:00Z	30.3734	-91.1636	24.11	25.18	25	101.53	3.04	0	0	0	1.31	206.9	0.2	0	0	25.1	2.41	0.13	0	0	0	0.069	NA	NA	NA	NA	NA	NA	0.287	0.382	0.415	2.726	1.412	3.335	-167	-54.7	-0.1	27.549999999999997	27.75	25.4	2025-05-26
2025-05-26T07:45:00Z	30.3734	-91.1636	23.91	25.09	25	101.5	3.02	0	0	0	1.05	212.4	0.3	0	0	25	2.42	0.14	0	0	0	0.078	NA	NA	NA	NA	NA	NA	0.287	0.382	0.415	2.728	1.409	3.335	-167.3	-54.7	-0.1	27.450000000000003	27.700000000000003	25.45	2025-05-26
2025-05-26T08:00:00Z	30.3734	-91.1636	24.05	25.02	24.8	101.5	3.017	0	0	0	0.72	211.6	0.2	0	0	25	2.3	0.12	0	0	0	0.07	NA	NA	NA	NA	NA	NA	0.287	0.382	0.415	2.729	1.409	3.333	-167.6	-54.6	-0.1	27.450000000000003	27.65	25.5	2025-05-26
2025-05-26T08:15:00Z	30.3734	-91.1636	24.19	24.91	24.8	101.5	3.012	0	0	0	0.56	206.9	0.3	0	0	25	1.87	0.11	0	0	0	0.094	NA	NA	NA	NA	NA	NA	0.287	0.382	0.415	2.73	1.409	3.332	-168	-54.4	-0.1	27.35	27.65	25.5	2025-05-26
2025-05-26T08:30:00Z	30.3734	-91.1636	24.3	24.88	24.8	101.47	3.013	0	0	0	0.61	207.3	0.3	0	0	25	2.28	0.11	0	0	0	0.06	NA	NA	NA	NA	NA	NA	0.287	0.382	0.416	2.724	1.407	3.332	-168.4	-54.3	-0.1	27.35	27.55	25.5	2025-05-26
2025-05-26T08:45:00Z	30.3734	-91.1636	24.32	24.96	24.9	101.45	3.029	0	0	0	0.6	200.3	0.3	0	0	25	1.67	0.12	0	0	0	0.03	NA	NA	NA	NA	NA	NA	0.287	0.382	0.415	2.726	1.407	3.34	-168.7	-54.2	-0.1	27.35	27.55	25.5	2025-05-26
2025-05-26T09:00:00Z	30.3734	-91.1636	24.08	24.91	24.8	101.45	3.017	0	0	0	0.53	238.6	0.3	0	0	25	1.29	0.11	0	0	0	0.076	NA	NA	NA	NA	NA	NA	0.287	0.382	0.415	2.726	1.407	3.34	-169	-54.1	-0.1	27.25	27.5	25.5	2025-05-26
2025-05-26T09:15:00Z	30.3734	-91.1636	24.54	24.87	24.8	101.46	3.027	0	0	0	0.67	220.8	0.3	0	0	25	2.01	0.1	0	0	0	0.09	NA	NA	NA	NA	NA	NA	0.287	0.382	0.416	2.727	1.408	3.332	-168.9	-54	-0.1	27.25	27.45	25.5	2025-05-26
2025-05-26T09:30:00Z	30.3734	-91.1636	24.59	24.99	24.9	101.47	3.047	0	0	0	0.79	222.7	0.2	0	0	25.1	1.84	0.1	0	0	0	0.072	NA	NA	NA	NA	NA	NA	0.287	0.382	0.415	2.728	1.408	3.332	-169.3	-53.9	-0.1	27.200000000000003	27.45	25.5	2025-05-26
2025-05-26T09:45:00Z	30.3734	-91.1636	24.3	25.02	24.9	101.46	3.048	0	0	0	0.79	207.2	0.3	0	0	25.1	1.85	0.1	0	0	0	0.085	NA	NA	NA	NA	NA	NA	0.287	0.382	0.416	2.729	1.409	3.332	-169.9	-53.8	-0.1	27.15	27.4	25.5	2025-05-26
2025-05-26T10:00:00Z	30.3734	-91.1636	24.57	24.99	24.9	101.46	3.048	0	0	0	0.7	193.4	0.2	0	0	25.1	2.21	0.09	0	0	0	0.068	NA	NA	NA	NA	NA	NA	0.287	0.382	0.415	2.729	1.409	3.332	-169.9	-53.7	-0.1	27.15	27.35	25.5	2025-05-26
2025-05-26T10:15:00Z	30.3734	-91.1636	24.72	25.07	25	101.44	3.059	0	0	0	0.88	202.7	0.3	0	0	25.2	1.92	0.1	0	0	0	0.081	NA	NA	NA	NA	NA	NA	0.287	0.382	0.415	2.724	1.406	3.332	-170.2	-53.6	-0.1	27.1	27.35	25.5	2025-05-26
2025-05-26T10:30:00Z	30.3734	-91.1636	24.65	25.19	25.1	101.43	3.071	0	0	0	1.16	189.3	0.3	0	0	25.3	2.56	0.11	0	0	0	0.047	NA	NA	NA	NA	NA	NA	0.287	0.382	0.416	2.725	1.406	3.331	-170.5	-53.5	-0.1	27.049999999999997	27.299999999999997	25.5	2025-05-26
2025-05-26T10:45:00Z	30.3734	-91.1636	24.5	25.2	25	101.43	3.065	0	0	0	0.82	190.8	0.3	0	0	25.2	2.31	0.1	0	0	0	0.058	NA	NA	NA	NA	NA	NA	0.287	0.382	0.416	2.724	1.407	3.332	-170.8	-53.4	-0.1	27.049999999999997	27.25	25.5	2025-05-26
2025-05-26T11:00:00Z	30.3734	-91.1636	24.67	25.13	25	101.44	3.062	0	0	0	1.01	187.8	0.3	0	0	25.2	3.61	0.1	0	0	0	0.042	NA	NA	NA	NA	NA	NA	0.287	0.382	0.416	2.726	1.407	3.332	-170.8	-53.3	-0.1	27	27.25	25.5	2025-05-26
2025-05-26T11:15:00Z	30.3734	-91.1636	24.65	25.13	24.9	101.45	3.064	0	0	0	0.87	195.4	0.3	0	0	25.2	2.06	0.09	0	0	0	0.163	NA	NA	NA	NA	NA	NA	0.287	0.382	0.416	2.726	1.407	3.332	-171.4	-53.2	-0.1	27	27.25	25.5	2025-05-26
2025-05-26T11:30:00Z	30.3734	-91.1636	24.63	25.03	24.7	101.45	3.05	8.5	0	0	0.63	165.5	0.3	0	0	25.2	1.76	0.06	0	0	0	0.279	NA	NA	NA	NA	NA	NA	0.287	0.381	0.416	2.726	1.404	3.331	-171.6	-53.2	-0.1	26.950000000000003	27.200000000000003	25.5	2025-05-26
2025-05-26T11:45:00Z	30.3734	-91.1636	24.79	24.94	24.6	101.46	3.045	26.1	0	0	0.75	171.2	0.3	0	0	25.1	2.52	0.05	0	0	0	0.329	NA	NA	NA	NA	NA	NA	0.287	0.381	0.416	2.727	1.405	3.331	-171.7	-53.1	-0.1	26.950000000000003	27.15	25.5	2025-05-26
2025-05-26T12:00:00Z	30.3734	-91.1636	25.14	25.05	24.7	101.47	3.071	43.6	0	0	0.61	154.6	0.3	0	0	25.2	1.75	0.04	0	0	0	0.352	NA	NA	NA	NA	NA	NA	0.287	0.381	0.416	2.728	1.405	3.331	-172	-53	-0.1	26.9	27.15	25.5	2025-05-26
2025-05-26T12:15:00Z	30.3734	-91.1636	25.53	25.19	24.7	101.47	3.089	71	0	0	0.65	180.1	0.2	0	0	25.4	1.66	0.02	0	0	0	0.378	NA	NA	NA	NA	NA	NA	0.287	0.381	0.416	2.728	1.405	3.331	-172.1	-53	-0.1	26.9	27.15	25.5	2025-05-26
2025-05-26T12:30:00Z	30.3734	-91.1636	25.91	25.44	24.8	101.49	3.122	91	0	0	0.71	166	0.2	0	0	25.6	1.79	0.01	0	0	0	0.375	NA	NA	NA	NA	NA	NA	0.287	0.381	0.416	2.728	1.406	3.339	-172.4	-52.9	-0.1	26.9	27.1	25.5	2025-05-26
2025-05-26T12:45:00Z	30.3734	-91.1636	26.22	25.64	24.9	101.51	3.141	119	0	0	0.92	150.3	0.3	0	0	25.9	2.76	0.01	0	0	0	0.38	NA	NA	NA	NA	NA	NA	0.287	0.381	0.416	2.722	1.406	3.339	-172.7	-52.9	-0.1	26.9	27.05	25.5	2025-05-26
2025-05-26T13:00:00Z	30.3734	-91.1636	27.07	25.97	25.1	101.51	3.172	151.6	0	0	0.95	176.8	0.3	0	0	26.2	3.24	0.01	0	0	0	0.376	NA	NA	NA	NA	NA	NA	0.287	0.381	0.416	2.722	1.407	3.331	-172.8	-52.7	-0.1	26.9	27.05	25.55	2025-05-26
2025-05-26T13:15:00Z	30.3734	-91.1636	27.82	26.41	25.5	101.51	3.238	184.1	0	0	1.05	187.1	0.2	0	0	26.7	2.83	0.03	0	0	0	0.379	NA	NA	NA	NA	NA	NA	0.287	0.381	0.416	2.722	1.407	3.331	-172.9	-52.7	-0.1	26.9	27.05	25.55	2025-05-26
2025-05-26T13:30:00Z	30.3734	-91.1636	28.97	26.91	26	101.53	3.286	227.4	0	0	1.53	189	0.2	0	0	27.3	3.67	0.07	0	0	0	0.373	NA	NA	NA	NA	NA	NA	0.287	0.381	0.416	2.722	1.407	3.33	-173.2	-52.6	-0.1	26.9	27.05	25.55	2025-05-26
2025-05-26T13:45:00Z	30.3734	-91.1636	29.82	27.34	26.4	101.55	3.33	240.7	0	0	1.94	189	0.2	0	0	27.8	4.66	0.12	0	0	0	0.37	NA	NA	NA	NA	NA	NA	0.287	0.381	0.416	2.716	1.404	3.33	-173.1	-52.6	-0.1	26.95	27	25.55	2025-05-26
2025-05-26T14:00:00Z	30.3734	-91.1636	30.44	27.79	26.9	101.55	3.352	276	0	0	2.65	192.7	0	0	0	28.4	5.23	0.19	0	0	0	0.383	NA	NA	NA	NA	NA	NA	0.287	0.381	0.416	2.715	1.404	3.329	-173.3	-52.6	-0.1	27.05	27	25.6	2025-05-26
2025-05-26T14:15:00Z	30.3734	-91.1636	31.21	28.04	27.1	101.54	3.358	323.6	0	0	2.7	189.8	0.2	0	0	28.7	5.34	0.23	0	0	0	0.373	NA	NA	NA	NA	NA	NA	0.287	0.381	0.416	2.714	1.405	3.329	-173.5	-52.6	-0.1	27.1	26.95	25.6	2025-05-26
2025-05-26T14:30:00Z	30.3734	-91.1636	32.05	28.44	27.4	101.54	3.377	360.2	0	0	2.82	189.3	0.1	0	0	29.2	5.86	0.27	0	0	0	0.381	NA	NA	NA	NA	NA	NA	0.287	0.381	0.416	2.706	1.408	3.329	-173.5	-52.7	-0.1	27.2	26.95	25.6	2025-05-26
2025-05-26T14:45:00Z	30.3734	-91.1636	32.21	28.64	27.6	101.53	3.374	417	0	0	2.81	188.6	0.2	0	0	29.5	6.11	0.33	0	0	0	0.384	NA	NA	NA	NA	NA	NA	0.287	0.381	0.416	2.705	1.408	3.329	-173.3	-52.8	-0.1	27.3	26.95	25.6	2025-05-26
2025-05-26T15:00:00Z	30.3734	-91.1636	34.75	29.17	28.2	101.53	3.39	541.9	0	0	2.83	182.6	0.2	0	0	30.1	6.14	0.43	0	0	0	0.393	NA	NA	NA	NA	NA	NA	0.287	0.381	0.416	2.704	1.408	3.329	-173.2	-52.9	-0.1	27.4	26.95	25.6	2025-05-26
2025-05-26T15:15:00Z	30.3734	-91.1636	35.9	29.71	28.5	101.54	3.378	574.4	0	0	2.94	191.3	0.2	0	0	30.7	6.21	0.52	0	0	0	0.389	NA	NA	NA	NA	NA	NA	0.287	0.381	0.416	2.701	1.407	3.329	-173.2	-53.2	-0.1	27.55	27	25.6	2025-05-26
2025-05-26T15:30:00Z	30.3734	-91.1636	37.98	30.34	29.2	101.55	3.406	677.3	0	0	2.9	191.1	0.2	0	0	31.4	5.61	0.64	0	0	0	0.392	NA	NA	NA	NA	NA	NA	0.287	0.381	0.416	2.693	1.407	3.329	-173.1	-53.9	-0.1	27.700000000000003	27.05	25.6	2025-05-26
2025-05-26T15:45:00Z	30.3734	-91.1636	38.3	30.67	29.5	101.54	3.367	617.2	0	0	3.01	201.7	0.2	0	0	31.8	5.75	0.75	0	0	0	0.382	NA	NA	NA	NA	NA	NA	0.287	0.381	0.416	2.69	1.408	3.328	-172.9	-54.4	-0.1	27.9	27.05	25.6	2025-05-26
2025-05-26T16:00:00Z	30.3734	-91.1636	39.3	31.45	29.9	101.53	3.371	693.7	0	0	2.88	182.4	0.2	0	0	32.6	5.89	0.85	0	0	0	0.368	NA	NA	NA	NA	NA	NA	0.287	0.381	0.416	2.681	1.411	3.329	-172.4	-55.3	-0.1	28.049999999999997	27.05	25.6	2025-05-26
2025-05-26T16:15:00Z	30.3734	-91.1636	39.96	31.61	30.4	101.53	3.343	637	0	0	2.52	184.4	0.1	0	0	32.6	4.99	0.99	0	0	0	0.365	NA	NA	NA	NA	NA	NA	0.287	0.381	0.416	2.677	1.411	3.329	-172.1	-56.2	-0.1	28.3	27.15	25.6	2025-05-26
2025-05-26T16:30:00Z	30.3734	-91.1636	42.08	32.25	30.9	101.51	3.322	794.3	0	0	3.75	192.8	0.3	0	0	33.4	6.8	1.14	0	0	0	0.372	NA	NA	NA	NA	NA	NA	0.288	0.381	0.416	2.667	1.412	3.329	-171.8	-57	-0.1	28.55	27.15	25.6	2025-05-26
2025-05-26T16:45:00Z	30.3734	-91.1636	41.39	32.48	31.2	101.5	3.171	728.4	0	0	3.63	208.4	0	0	0	33.6	7.56	1.36	0	0	0	0.376	NA	NA	NA	NA	NA	NA	0.288	0.381	0.416	2.664	1.415	3.329	-171.7	-58.2	-0.1	28.75	27.25	25.6	2025-05-26
2025-05-26T17:00:00Z	30.3734	-91.1636	41.82	33.08	31.5	101.49	3.176	802.9	0	0	3.6	199.2	0.1	0	0	34	6.33	1.46	0	0	0	0.374	NA	NA	NA	NA	NA	NA	0.288	0.381	0.416	2.66	1.415	3.329	-171.4	-59.3	-0.1	29.1	27.25	25.6	2025-05-26
2025-05-26T17:15:00Z	30.3734	-91.1636	41.7	33.14	32	101.48	3.069	781.9	0	0	3.65	210.6	0.2	0	0	34	7.41	1.67	0	0	0	0.37	NA	NA	NA	NA	NA	NA	0.288	0.381	0.416	2.656	1.417	3.329	-171	-60.3	-0.1	29.35	27.35	25.6	2025-05-26
2025-05-26T17:30:00Z	30.3734	-91.1636	43.42	33.94	32.5	101.47	3.066	893.8	0	0	3.42	211.8	0	0	0	34.7	7.32	1.82	0	0	0	0.369	NA	NA	NA	NA	NA	NA	0.288	0.38	0.416	2.646	1.421	3.33	-171	-61	-0.1	29.6	27.45	25.55	2025-05-26
2025-05-26T17:45:00Z	30.3734	-91.1636	41.14	33.7	32.2	101.48	3.014	708.9	0	0	3.25	211.5	0.2	0	0	34.8	6.04	1.8	0	0	0	0.377	NA	NA	NA	NA	NA	NA	0.288	0.38	0.416	2.643	1.42	3.331	-170.9	-61.7	-0.1	29.9	27.55	25.55	2025-05-26
2025-05-26T18:00:00Z	30.3734	-91.1636	39.27	33.33	32	101.48	2.911	613.7	0	0	3.68	209.2	0.2	0	0	34.5	7.71	1.85	0	0	0	0.379	NA	NA	NA	NA	NA	NA	0.288	0.38	0.416	2.64	1.42	3.331	-170.3	-62.4	-0.1	30.1	27.6	25.55	2025-05-26
2025-05-26T18:15:00Z	30.3734	-91.1636	39.02	33.02	31.8	101.47	2.901	583.4	0	0	3.65	209.9	0	0	0	34.3	6.92	1.8	0	0	0	0.376	NA	NA	NA	NA	NA	NA	0.288	0.38	0.416	2.637	1.423	3.331	-169.9	-63	-0.1	30.299999999999997	27.75	25.55	2025-05-26
2025-05-26T18:30:00Z	30.3734	-91.1636	NA	NA	NA	NA	NA	NA	NA	NA	NA	NA	NA	NA	NA	NA	NA	NA	NA	NA	NA	NA	NA	NA	NA	NA	NA	NA	0.288	0.38	0.416	2.641	1.423	3.331	-169.6	-63.6	-0.1	30.4	27.8	25.55	2025-05-26
