2025-05-07T05:00:00Z	4.835	276	12	21.828	20.762	20.525	101.388	2.415	0	11.55	2.015	124.475	0.175	8.5	1	21.25	5.955	0	0.01	0.286	0.089	-0.2	0.276	0.052	-22.775	0.289	0.113	-17.225	24.113	24.375	24.075
2025-05-07T06:00:00Z	2.519	147	7	21.012	19.34	19.25	101.455	2.229	0	6.3	1.265	99.225	0.125	0	0	19.55	3.19	0	0.007	0.289	0.085	-0.275	0.277	0.052	-17.45	0.289	0.113	-17.25	23.75	24.275	24.05
2025-05-07T07:00:00Z	5.357	315	14	20.415	19.115	19.2	101.43	2.21	0	10.5	1.862	59.75	0.15	6	0.25	19.275	5.115	0.01	0.011	0.293	0.082	-0.225	0.278	0.055	-14.125	0.289	0.113	-17.225	23.275	24.125	24.05
2025-05-07T08:00:00Z	3.915	214	10	20.16	19.08	19.15	101.402	2.207	0	10.2	1.65	57.825	0.125	5	1.5	19.2	7.35	0.005	0.013	0.299	0.076	-0.2	0.28	0.071	-7.05	0.289	0.113	-17.2	22.812	23.912	24.038
2025-05-07T09:00:00Z	16.387	964	42	19.952	19.107	19.075	101.518	2.202	0	36.9	1.297	98.15	0.1	1.25	3.25	19.2	4.588	0.005	0.007	0.306	0.077	-0.2	0.284	0.119	-0.65	0.289	0.113	-17.2	22.4	23.675	23.988
2025-05-07T10:00:00Z	7.749	456	20	19.915	19.163	19.125	101.502	2.212	0	13.35	2.045	109.35	0.15	0.5	0.5	19.3	10.19	0	0.005	0.31	0.076	-0.2	0.305	0.17	-0.5	0.289	0.113	-17.225	22.125	23.425	23.95
2025-05-07T11:00:00Z	2.928	172	7	19.848	19.12	19.1	101.388	2.211	0	6.6	1.43	114.975	0.125	0.25	0.5	19.25	3.657	0	0.005	0.312	0.077	-0.2	0.318	0.2	-0.5	0.291	0.117	-15.1	21.95	23.2	23.938
2025-05-07T12:00:00Z	2.741	161	7	19.762	19.15	19.35	101.262	2.23	0	5.25	1.978	148.8	0.125	0.5	1.75	19.275	4.58	0.015	0.004	0.313	0.078	-0.2	0.324	0.207	-0.5	0.297	0.121	-1.875	21.825	22.987	23.85
2025-05-07T13:00:00Z	3.115	183	8	19.727	19.058	19.425	101.275	2.208	9.15	6.6	2.075	138.65	0.1	1.25	0.5	19.15	4.077	0.048	0.003	0.314	0.077	-0.2	0.327	0.214	-0.5	0.3	0.124	-0.575	21.663	22.8	23.787
2025-05-07T14:00:00Z	4.323	254	10	19.637	19.09	19.4	101.46	2.22	2.275	8.4	2.223	155.575	0.125	2.25	3	19.2	5.667	0.032	0.004	0.315	0.075	-0.2	0.329	0.218	-0.5	0.302	0.126	-0.6	21.538	22.625	23.7
2025-05-07T15:00:00Z	2.178	128	5	19.565	18.678	18.725	101.447	2.157	20.475	4.2	1.635	99.15	0.1	2.25	1.5	18.8	3.802	0	0.004	0.316	0.073	-0.2	0.33	0.22	-0.5	0.304	0.129	-0.6	21.438	22.488	23.625
2025-05-07T16:00:00Z	0.34	20	1	20.825	19.273	19.075	101.502	2.203	154.5	1.8	1.393	146.75	0.125	0	0	19.425	3.135	0	0.001	0.316	0.07	-0.2	0.328	0.218	-0.5	0.306	0.136	-0.6	21.363	22.375	23.55
2025-05-07T17:00:00Z	0.493	29	1	20.632	19.7	19.8	101.613	2.302	72.825	1.8	1.952	188.2	0.125	2	0.25	19.85	4.445	0.007	0.001	0.314	0.069	-0.2	0.324	0.212	-0.5	0.307	0.137	-0.6	21.55	22.35	23.475
2025-05-07T18:00:00Z	1.31	77	4	20.727	19.965	19.925	101.752	2.325	75	2.7	2.442	225.95	0.125	6.75	0.25	20.025	4.952	0.005	0.006	0.315	0.07	-0.2	0.328	0.217	-0.5	0.307	0.137	-0.525	21.7	22.312	23.413
2025-05-07T19:00:00Z	4.392	258	11	20.03	18.965	18.8	101.782	2.168	46.375	6.9	1.62	162.85	0.1	0.75	0.75	19.075	4.182	0	0.006	0.317	0.069	-0.2	0.333	0.225	-0.475	0.31	0.138	-0.5	21.7	22.287	23.337
2025-05-07T20:00:00Z	0.119	7	0	20.732	18.962	18.35	101.315	2.108	224.725	0.75	1.942	124.125	0.125	0	0	19.075	5.005	0	0	0.316	0.066	-0.2	0.331	0.227	-0.4	0.313	0.14	-0.5	21.625	22.213	23.25
2025-05-07T21:00:00Z	0	0	0	23.142	21.035	20.3	101.268	2.38	403.175	0	1.388	90.925	0.1	0	0	21.55	3.005	0	0	0.315	0.066	-0.2	0.325	0.223	-0.4	0.312	0.138	-0.5	21.762	22.2	23.238
2025-05-07T22:00:00Z	0	0	0	23.863	22.767	21.95	101.195	2.515	396.45	0	1.538	101.55	0.1	0	0	23.55	3.905	0.125	0	0.314	0.066	-0.2	0.32	0.216	-0.4	0.311	0.138	-0.5	22.337	22.3	23.15
2025-05-07T23:00:00Z	0	0	0	22.502	23.183	22.7	101.213	2.356	243.375	0	1.44	129.25	0.125	0	0	24.075	3.495	0.405	0	0.313	0.065	-0.2	0.316	0.21	-0.4	0.309	0.136	-0.5	23	22.488	23.15
2025-05-08T00:00:00Z	0	0	0	20.382	21.972	21.3	101.295	2.265	54.175	0	0.77	168.9	0.125	0	0	22.275	1.685	0.272	0	0.312	0.065	-0.2	0.313	0.206	-0.4	0.308	0.137	-0.5	23.363	22.712	23.113
2025-05-08T01:00:00Z	0	0	0	18.508	18.855	18.7	101.415	2.063	0	0	0.422	186.275	0.1	0	0	18.725	0.925	0.092	0	0.312	0.064	-0.2	0.312	0.201	-0.4	0.306	0.136	-0.5	23.238	22.887	23.1
2025-05-08T02:00:00Z	0	0	0	17.628	17.407	17.5	101.442	1.964	0	0	0.375	261.775	0.1	0	0	17.425	0.873	0.04	0	0.312	0.062	-0.2	0.31	0.197	-0.4	0.306	0.136	-0.5	22.788	22.95	23.1
2025-05-08T03:00:00Z	0	0	0	17.093	16.692	17.025	101.468	1.896	0	0	0.3	313.925	0.1	0	0	16.675	0.613	0.043	0	0.312	0.061	-0.2	0.309	0.195	-0.4	0.305	0.135	-0.5	22.35	22.875	23.1
2025-05-08T04:00:00Z	0	0	0	18.64	17.1	17.275	101.493	1.958	0	0	0.252	221.925	0.1	0	0	17.225	0.625	0.007	0	0.312	0.061	-0.2	0.308	0.194	-0.4	0.304	0.133	-0.5	21.863	22.725	23.1
2025-05-08T05:00:00Z	0	0	0	19.49	18.238	18.3	101.495	2.098	0	0	0.268	244.875	0.1	0	0	18.35	0.593	0	0	0.312	0.06	-0.2	0.308	0.193	-0.4	0.304	0.132	-0.6	21.613	22.55	23.1
2025-05-08T06:00:00Z	0	0	0	17.725	17.945	17.95	101.493	2.05	0	0	0.405	288.95	0.1	0	0	17.95	0.762	0.007	0	0.312	0.06	-0.2	0.306	0.19	-0.4	0.304	0.131	-0.6	21.475	22.388	23.1
2025-05-08T07:00:00Z	0	0	0	16.415	17.06	17.075	101.482	1.924	0	0	0.56	162.5	0.125	0	0	16.95	1.302	0.02	0	0.312	0.06	-0.2	0.306	0.19	-0.4	0.303	0.13	-0.6	21.312	22.262	23.075
2025-05-08T08:00:00Z	0	0	0	15.87	16.462	16.425	101.48	1.845	0	0	0.44	169.55	0.15	0	0	16.275	0.982	0.025	0	0.312	0.059	-0.2	0.305	0.187	-0.4	0.303	0.129	-0.6	21.038	22.125	23.012
2025-05-08T09:00:00Z	0	0	0	15.475	15.62	15.825	101.47	1.763	0	0	0.277	185.7	0.1	0	0	15.525	0.618	0.03	0	0.312	0.058	-0.2	0.305	0.187	-0.4	0.303	0.129	-0.6	20.7	21.975	22.975
2025-05-08T10:00:00Z	0	0	0	15.062	15.262	15.35	101.485	1.715	0	0	0.358	166.375	0.1	0	0	15.1	0.787	0.028	0	0.312	0.058	-0.2	0.304	0.185	-0.4	0.303	0.129	-0.6	20.4	21.812	22.95
2025-05-08T11:00:00Z	0	0	0	14.883	15.005	15.075	101.535	1.692	11.2	0	0.315	232.15	0.175	0	0	14.95	0.733	0.022	0	0.312	0.057	-0.2	0.304	0.184	-0.4	0.303	0.129	-0.6	20.113	21.625	22.875
2025-05-08T12:00:00Z	0	0	0	16.857	17.32	16.675	101.592	1.899	162.375	0	0.368	105.175	0.125	0	0	16.925	0.887	0	0	0.312	0.057	-0.2	0.303	0.183	-0.4	0.302	0.129	-0.6	19.85	21.413	22.85
2025-05-08T13:00:00Z	0	0	0	20.54	21.442	20.4	101.64	2.393	370.475	0	0.695	92.55	0.1	0	0	20.9	1.908	0.002	0	0.312	0.059	-0.1	0.303	0.184	-0.4	0.302	0.129	-0.6	19.875	21.238	22.75
2025-05-08T14:00:00Z	0	0	0	24.1	24.895	22.8	101.65	2.58	554.75	0	1.312	68.45	0.1	0	0	24.4	2.947	0.192	0	0.312	0.062	-0.1	0.304	0.185	-0.4	0.302	0.128	-0.6	20.475	21.162	22.712
2025-05-08T15:00:00Z	0	0	0	27.16	27.127	24.5	101.632	2.356	684.325	0	1.445	44.85	0.075	0	0	27.05	3.525	0.713	0	0.311	0.064	-0.175	0.304	0.186	-0.4	0.302	0.129	-0.6	21.55	21.275	22.625
2025-05-08T16:00:00Z	0	0	0	29.455	28.718	25.675	101.615	2.22	911.45	0	1.74	50.6	0.025	0	0	28.525	4.475	1.078	0	0.31	0.066	-0.2	0.303	0.184	-0.4	0.302	0.128	-0.6	22.9	21.625	22.562
2025-05-08T17:00:00Z	0	0	0	31.312	29.735	26.45	101.552	2.162	1016	0	1.505	210.175	0.075	0	0	29.275	4.185	1.29	0	0.308	0.067	-0.2	0.302	0.179	-0.4	0.302	0.129	-0.6	24.337	22.175	22.512
2025-05-08T18:00:00Z	0	0	0	32.415	29.997	27.275	101.472	2.111	975.25	0	1.4	209.925	0.075	0	0	30.05	3.822	1.515	0	0.306	0.067	-0.2	0.302	0.173	-0.4	0.302	0.128	-0.6	25.738	22.788	22.5
2025-05-08T19:00:00Z	0	0	0	32.95	29.545	28.2	101.412	2.082	950.075	0	1.218	72.625	0.025	0	0	30.875	3.533	1.742	0	0.304	0.068	-0.2	0.301	0.169	-0.4	0.302	0.129	-0.65	27.012	23.5	22.537
2025-05-08T20:00:00Z	0	0	0	32.795	30.452	28.725	101.328	2.078	803.5	0	1.205	183.375	0.05	0	0	31.575	2.908	1.87	0	0.302	0.068	-0.2	0.3	0.163	-0.4	0.302	0.128	-0.7	27.987	24.2	22.575
2025-05-08T21:00:00Z	0	0	0	29.017	28.282	27.375	101.325	2.252	344.875	0	1.8	122.25	0.075	0	0	29.45	3.865	1.395	0	0.3	0.066	-0.3	0.299	0.159	-0.4	0.302	0.128	-0.7	28.587	24.863	22.663
2025-05-08T22:00:00Z	0	0	0	28.26	28.567	27.675	101.32	2.283	447.5	0	1.632	169.45	0.075	0	0	29.325	3.53	1.422	0	0.299	0.066	-0.3	0.298	0.156	-0.4	0.301	0.128	-0.7	28.488	25.387	22.8
2025-05-08T23:00:00Z	0	0	0	26.28	28.13	27.125	101.295	2.249	189.6	0	0.913	168.55	0.025	0	0	28.45	2.192	1.335	0	0.298	0.066	-0.3	0.298	0.153	-0.4	0.301	0.128	-0.725	28.25	25.688	22.95
2025-05-09T00:00:00Z	0	0	0	24.25	26.078	25.4	101.308	2.328	41.075	0	0.6	164.8	0.075	0	0	25.8	1.357	0.92	0	0.298	0.066	-0.3	0.297	0.152	-0.4	0.301	0.129	-0.8	27.837	25.837	23.125
2025-05-09T01:00:00Z	0	0	0	22.735	23.328	22.925	101.355	2.32	0.325	0	0.308	95.1	0.1	0	0	23.075	0.727	0.478	0	0.298	0.065	-0.325	0.296	0.15	-0.4	0.3	0.129	-0.8	27.212	25.863	23.3
2025-05-09T02:00:00Z	0	0	0	21.965	21.42	21.425	101.408	2.326	0	0	0.395	129.025	0.05	0	0	21.3	0.818	0.232	0	0.299	0.064	-0.4	0.296	0.149	-0.4	0.3	0.128	-0.8	26.55	25.788	23.462
2025-05-09T03:00:00Z	0	0	0	21.415	20.663	20.75	101.408	2.298	0	0	0.372	201.9	0.1	0	0	20.6	0.887	0.145	0	0.299	0.063	-0.4	0.296	0.149	-0.4	0.3	0.129	-0.8	25.9	25.587	23.6
2025-05-09T04:00:00Z	0	0	0	21.248	20.71	20.875	101.385	2.342	0	0	0.555	139.875	0.1	0	0	20.6	1.168	0.128	0	0.3	0.063	-0.4	0.296	0.148	-0.4	0.3	0.128	-0.825	25.337	25.35	23.713
2025-05-09T05:00:00Z	0	0	0	20.965	20.773	20.75	101.367	2.367	0	0	0.517	136.925	0.1	0	0	20.675	1.045	0.08	0	0.3	0.063	-0.4	0.296	0.146	-0.4	0.299	0.127	-0.9	24.85	25.125	23.787
2025-05-09T06:00:00Z	0	0	0	20.648	20.368	20.4	101.34	2.348	0	0	0.522	116.825	0.1	0	0	20.375	1.175	0.045	0	0.3	0.063	-0.4	0.295	0.145	-0.4	0.299	0.128	-0.9	24.45	24.875	23.837
2025-05-09T07:00:00Z	0	0	0	20.598	20.165	20.225	101.26	2.342	0	0	0.47	104.15	0.1	0	0	20.225	0.912	0.025	0	0.3	0.062	-0.4	0.295	0.145	-0.4	0.299	0.128	-0.9	24.1	24.663	23.863
2025-05-09T08:00:00Z	0	0	0	19.747	19.725	19.75	101.155	2.28	0	0	0.47	119.05	0.1	0	0	19.725	0.792	0.022	0	0.301	0.063	-0.4	0.295	0.145	-0.4	0.299	0.127	-0.9	23.8	24.438	23.875
2025-05-09T09:00:00Z	0	0	0	19.73	19.343	19.425	101.155	2.24	0	0	0.655	253.9	0.1	0	0	19.35	1.238	0.015	0	0.301	0.062	-0.4	0.295	0.144	-0.4	0.299	0.126	-0.9	23.5	24.225	23.9
2025-05-09T10:00:00Z	0	0	0	20.59	19.807	20	101.202	2.314	0	0	0.482	218.2	0.1	0	0	19.875	1	0.025	0	0.301	0.062	-0.4	0.295	0.144	-0.4	0.299	0.126	-0.9	23.2	24.038	23.9
2025-05-09T11:00:00Z	0	0	0	20.65	20.017	20.05	101.23	2.337	2.6	0	0.432	91.55	0.1	0	0	20.05	0.77	0.01	0	0.301	0.062	-0.4	0.295	0.143	-0.4	0.299	0.126	-0.925	23	23.825	23.863
2025-05-09T12:00:00Z	0.511	20	1	20.907	20.22	20.25	101.278	2.365	7.025	3	0.782	127.425	0.1	0	0	20.275	1.485	0.007	0.002	0.301	0.062	-0.4	0.295	0.143	-0.4	0.299	0.126	-1	22.888	23.663	23.8
2025-05-09T13:00:00Z	5.068	298	14	20.7	19.843	19.9	101.36	2.314	12.4	12.3	1.322	126.925	0.1	0	0	20	3.055	0.01	0.012	0.302	0.067	-0.275	0.294	0.149	-0.375	0.298	0.126	-1	22.788	23.525	23.788
2025-05-09T14:00:00Z	2.57	150	6	21.332	19.998	19.925	101.4	2.325	53.8	5.25	0.47	151.65	0.1	0	0	20.15	1.052	0	0.009	0.307	0.069	-0.15	0.295	0.184	-0.3	0.299	0.126	-1	22.612	23.387	23.738
2025-05-09T15:00:00Z	4.801	282	11	21.422	20.177	20.025	101.388	2.338	45	7.95	0.828	100.95	0.1	0	0	20.375	1.835	0	0.005	0.312	0.073	-0.1	0.314	0.242	-0.3	0.299	0.126	-0.975	22.55	23.25	23.675
2025-05-09T16:00:00Z	1.719	98	5	21.635	20.34	20.175	101.332	2.362	84.225	4.35	1.285	46.275	0.1	0	0	20.575	3.418	0	0.004	0.316	0.071	-0.1	0.333	0.269	-0.3	0.3	0.131	-0.55	22.55	23.138	23.65
2025-05-09T17:00:00Z	2.333	137	7	21.625	20.123	19.925	101.355	2.327	82.125	4.95	1.168	38.3	0.1	0	0	20.4	3.758	0	0.008	0.316	0.071	-0.1	0.334	0.273	-0.3	0.306	0.137	-0.4	22.55	23.062	23.587
2025-05-09T18:00:00Z	3.541	208	10	21.682	19.925	19.675	101.352	2.294	88.95	6.45	1.015	23.075	0.075	0	0	20.175	2.83	0	0.007	0.317	0.069	-0.1	0.335	0.276	-0.3	0.308	0.142	-0.4	22.55	22.988	23.538
2025-05-09T19:00:00Z	10.502	617	28	21.205	19.63	19.375	101.345	2.245	75.725	15.6	1.355	50.375	0.1	0	0	19.9	3.385	0	0.002	0.317	0.069	-0.1	0.335	0.281	-0.3	0.31	0.146	-0.4	22.562	22.95	23.488
2025-05-09T20:00:00Z	3.49	205	10	21.262	19.407	19.075	101.303	2.206	99.725	9	1.402	60.925	0.15	0	0	19.7	5.035	0	0.002	0.318	0.066	-0.1	0.335	0.284	-0.3	0.312	0.146	-0.4	22.488	22.938	23.438
2025-05-09T21:00:00Z	1.735	102	5	20.992	19.015	18.675	101.262	2.15	101.1	3.9	1.698	66	0.125	0	0	19.325	4.142	0	0.002	0.318	0.065	-0.1	0.335	0.288	-0.3	0.314	0.148	-0.4	22.413	22.85	23.4
2025-05-09T22:00:00Z	3.149	184	9	20.185	18.267	18.05	101.265	2.07	61.825	6.15	1.242	40.075	0.1	0	0	18.475	3.758	0	0.002	0.318	0.066	-0.1	0.335	0.289	-0.3	0.314	0.148	-0.4	22.35	22.812	23.35
2025-05-09T23:00:00Z	1.174	65	3	20.19	18.3	18.25	101.27	2.092	43.9	3.75	0.9	190.475	0.1	0	0	18.5	2.825	0.002	0.001	0.318	0.064	-0.1	0.335	0.291	-0.3	0.315	0.148	-0.4	22.138	22.738	23.3
2025-05-10T00:00:00Z	1.208	60	4	19.402	17.748	17.875	101.227	2.032	4.35	5.85	0.812	116.1	0.1	0	0	17.85	2.492	0.01	0.002	0.318	0.064	-0.1	0.335	0.294	-0.3	0.316	0.148	-0.4	22	22.663	23.3
2025-05-10T01:00:00Z	1.617	89	4	19.157	17.62	17.7	101.265	2.019	0	4.8	0.625	94.075	0.075	0	0	17.725	2.027	0.005	0.002	0.319	0.065	-0.1	0.335	0.296	-0.3	0.316	0.148	-0.4	21.762	22.538	23.238
2025-05-10T02:00:00Z	0.255	12	1	18.89	17.685	17.75	101.255	2.027	0	1.95	0.853	38.5	0.125	0	0	17.75	2.92	0.005	0	0.319	0.063	-0.1	0.335	0.296	-0.3	0.316	0.149	-0.4	21.525	22.413	23.2
2025-05-10T03:00:00Z	0.697	20	2	18.47	17.652	17.75	101.14	2.024	0	6.45	1.71	43.975	0.1	0	0	17.725	4.898	0.007	0.001	0.319	0.062	-0.1	0.334	0.298	-0.3	0.316	0.149	-0.4	21.325	22.288	23.163
2025-05-10T04:00:00Z	0	0	0	17.798	17.368	17.6	101.18	1.981	0	0	1.575	309.325	0.1	0	0	17.375	3.535	0.03	0	0.318	0.059	-0.1	0.33	0.291	-0.3	0.316	0.149	-0.4	21.113	22.137	23.1
2025-05-10T05:00:00Z	0	0	0	18.405	17.36	17.55	101.22	1.984	0	0	1.63	325.825	0.1	0	0	17.425	3.883	0.02	0	0.318	0.056	-0.1	0.324	0.278	-0.3	0.314	0.148	-0.4	20.9	22.038	23.075
2025-05-10T06:00:00Z	0	0	0	18.61	17.695	17.925	101.152	2.016	0	0	1.218	244.325	0.1	0	0	17.75	3.01	0.04	0	0.318	0.054	-0.1	0.32	0.271	-0.3	0.312	0.147	-0.4	20.738	21.913	23
2025-05-10T07:00:00Z	0	0	0	18.6	17.773	17.825	101.082	2.028	0	0	1.585	317.975	0.1	0	0	17.85	3.345	0.013	0	0.317	0.053	-0.1	0.318	0.266	-0.3	0.31	0.148	-0.4	20.65	21.775	22.95
2025-05-10T08:00:00Z	0	0	0	18.53	17.74	17.775	101.08	2.022	0	0	1.92	319.775	0.1	0	0	17.825	4.478	0.013	0	0.317	0.053	-0.1	0.317	0.26	-0.225	0.309	0.147	-0.4	20.575	21.675	22.9
2025-05-10T09:00:00Z	0.017	1	0	18.315	17.538	17.525	101.09	1.996	0	0.3	1.872	322.375	0.1	0	0	17.625	4.013	0.007	0	0.317	0.053	-0.1	0.316	0.26	-0.2	0.308	0.147	-0.4	20.488	21.587	22.85
2025-05-10T10:00:00Z	0	0	0	17.26	17.19	17.225	101.055	1.94	0	0	1.83	324.55	0.1	0	0	17.175	4.022	0.025	0	0.317	0.052	-0.1	0.316	0.257	-0.2	0.308	0.147	-0.4	20.4	21.475	22.762
2025-05-10T11:00:00Z	0	0	0	16.17	16.812	16.925	101.03	1.88	7.525	0	1.715	323.2	0.1	0	0	16.675	4.64	0.045	0	0.316	0.052	-0.1	0.314	0.252	-0.2	0.307	0.147	-0.4	20.25	21.4	22.738
2025-05-10T12:00:00Z	0	0	0	17.75	17.33	17.2	101.085	1.938	89.725	0	1.837	322.55	0.1	0	0	17.325	3.975	0.022	0	0.316	0.051	-0.1	0.313	0.249	-0.2	0.307	0.146	-0.4	20.038	21.288	22.65
2025-05-10T13:00:00Z	0	0	0	19.328	18.215	17.875	101.115	2.003	125.275	0	1.607	324.025	0.1	0	0	18.35	4.008	0.042	0	0.317	0.051	-0.1	0.312	0.246	-0.2	0.306	0.143	-0.4	20.012	21.175	22.6
2025-05-10T14:00:00Z	0	0	0	20.157	18.96	18.45	101.13	2.05	166.025	0	1.955	302.675	0.075	0	0	19.15	3.832	0.07	0	0.317	0.051	-0.1	0.311	0.244	-0.2	0.306	0.143	-0.4	20.212	21.1	22.537
2025-05-10T15:00:00Z	0	0	0	21.565	20.23	19.3	101.13	2.137	272.275	0	2.577	295.175	0.1	0	0	20.575	5.18	0.103	0	0.316	0.051	-0.1	0.311	0.241	-0.2	0.306	0.143	-0.4	20.462	21.113	22.475
2025-05-10T16:00:00Z	0	0	0	23.307	21.67	20.55	101.13	2.176	436	0	3.013	309.15	0.075	0	0	22.25	6.152	0.242	0	0.315	0.052	-0.1	0.309	0.244	-0.2	0.305	0.143	-0.4	20.925	21.175	22.425
2025-05-10T17:00:00Z	0	0	0	25.372	23.04	21.775	101.112	2.192	645.225	0	2.893	309.525	0.125	0	0	23.7	6.395	0.412	0	0.314	0.052	-0.1	0.308	0.242	-0.2	0.305	0.143	-0.4	21.538	21.312	22.375
2025-05-10T18:00:00Z	0	0	0	26.31	24.087	22.5	101.09	2.13	642.85	0	3.268	307.975	0.075	0	0	24.825	6.81	0.595	0	0.313	0.054	-0.1	0.308	0.236	-0.2	0.305	0.142	-0.4	22.312	21.55	22.312
2025-05-10T19:00:00Z	0	0	0	27.718	24.05	22.875	101.055	2.141	880.875	0	3.055	325.875	0.15	0	0	25.4	7.28	0.645	0	0.311	0.054	-0.1	0.306	0.229	-0.2	0.305	0.142	-0.4	23.15	21.863	22.3
2025-05-10T20:00:00Z	0	0	0	27.225	24.098	23.125	101.028	2.095	652.35	0	2.785	313.25	0.1	0	0	25.375	6.018	0.738	0	0.31	0.055	-0.1	0.304	0.223	-0.25	0.305	0.141	-0.4	24.038	22.262	22.262
2025-05-10T21:00:00Z	0	0	0	24.17	23.24	22.325	101.037	2.012	212.475	0	2.918	312.875	0.1	0	0	23.9	6.465	0.688	0	0.309	0.054	-0.1	0.302	0.213	-0.3	0.304	0.14	-0.5	24.65	22.712	22.288
2025-05-10T22:00:00Z	0	0	0	23.22	22.548	21.725	101.082	1.988	291.4	0	3.263	310.975	0.075	0	0	23.1	7.152	0.61	0	0.308	0.052	-0.1	0.301	0.208	-0.3	0.304	0.14	-0.5	24.562	23.062	22.35
2025-05-10T23:00:00Z	0	0	0	20.805	21.16	20.7	101.102	1.89	120.075	0	2.825	315.825	0.05	0	0	21.675	6.287	0.545	0	0.309	0.052	-0.1	0.3	0.202	-0.3	0.304	0.14	-0.5	24.238	23.25	22.4
2025-05-11T00:00:00Z	0	0	0	19.475	19.942	19.7	101.155	1.86	25.35	0	2.208	301.375	0.05	0	0	19.95	4.418	0.432	0	0.309	0.052	-0.1	0.3	0.198	-0.3	0.304	0.14	-0.5	23.75	23.3	22.488
2025-05-11T01:00:00Z	0	0	0	19.045	19.023	18.9	101.22	1.826	0	0	2.085	312.15	0.1	0	0	19	4.555	0.358	0	0.309	0.051	-0.2	0.299	0.196	-0.3	0.303	0.141	-0.5	23.163	23.238	22.538
2025-05-11T02:00:00Z	0	0	0	18.675	18.197	18.025	101.278	1.774	0	0	2.715	317.125	0.075	0	0	18.3	6.163	0.29	0	0.309	0.05	-0.2	0.299	0.194	-0.3	0.303	0.14	-0.5	22.587	23.075	22.637
2025-05-11T03:00:00Z	0	0	0	18.22	17.405	17.225	101.337	1.72	0	0	1.88	320.925	0.1	0	0	17.5	4.197	0.245	0	0.31	0.048	-0.2	0.298	0.193	-0.3	0.303	0.14	-0.5	22.075	22.863	22.65
2025-05-11T04:00:00Z	0	0	0	17.09	16.855	16.75	101.348	1.682	0	0	1.922	292.275	0.075	0	0	16.875	3.935	0.225	0	0.31	0.048	-0.2	0.298	0.19	-0.3	0.302	0.14	-0.5	21.625	22.625	22.713
2025-05-11T05:00:00Z	0	0	0	17.335	16.395	16.25	101.342	1.641	0	0	2.1	289.325	0.075	0	0	16.475	4.715	0.205	0	0.31	0.048	-0.2	0.298	0.19	-0.3	0.302	0.14	-0.5	21.2	22.387	22.75
2025-05-11T06:00:00Z	0	0	0	17.102	16.01	15.85	101.312	1.603	0	0	1.645	287.9	0.075	0	0	16.1	3.41	0.198	0	0.31	0.047	-0.2	0.298	0.189	-0.3	0.302	0.139	-0.6	20.812	22.137	22.7
2025-05-11T07:00:00Z	0	0	0	16.945	15.755	15.6	101.268	1.585	0	0	1.54	286.475	0.1	0	0	15.85	2.93	0.188	0	0.31	0.048	-0.2	0.298	0.188	-0.3	0.302	0.139	-0.6	20.512	21.9	22.7
2025-05-11T08:00:00Z	0	0	0	16.727	15.565	15.45	101.235	1.578	0	0	1.555	284.525	0.1	0	0	15.65	2.928	0.173	0	0.311	0.048	-0.2	0.298	0.187	-0.3	0.302	0.139	-0.6	20.238	21.7	22.675
2025-05-11T09:00:00Z	0	0	0	16.665	15.41	15.325	101.215	1.57	0	0	1.318	285.25	0.075	0	0	15.55	2.39	0.165	0	0.311	0.047	-0.2	0.298	0.186	-0.3	0.302	0.138	-0.6	19.988	21.488	22.6
2025-05-11T10:00:00Z	0	0	0	16.532	15.248	15.125	101.212	1.562	0	0	1.258	292.4	0.075	0	0	15.35	2.27	0.152	0	0.311	0.047	-0.2	0.298	0.185	-0.3	0.302	0.139	-0.6	19.775	21.3	22.562
2025-05-11T11:00:00Z	0	0	0	16.555	15.192	15.05	101.273	1.561	4.075	0	0.893	292.525	0.075	0	0	15.325	1.81	0.15	0	0.311	0.046	-0.2	0.298	0.186	-0.3	0.302	0.139	-0.6	19.6	21.113	22.488
2025-05-11T12:00:00Z	0	0	0	17.152	15.58	15.175	101.35	1.576	61.05	0	0.738	270.3	0.1	0	0	15.75	1.65	0.15	0	0.311	0.046	-0.2	0.298	0.186	-0.3	0.302	0.139	-0.6	19.462	20.962	22.45
2025-05-11T13:00:00Z	0	0	0	18.39	16.55	15.6	101.41	1.62	147.375	0	0.785	257.1	0.1	0	0	16.95	1.872	0.155	0	0.311	0.046	-0.2	0.298	0.185	-0.3	0.302	0.139	-0.6	19.425	20.812	22.35
2025-05-11T14:00:00Z	0	0	0	19.46	17.767	16.25	101.46	1.653	205.65	0	0.807	175.875	0.075	0	0	17.975	2.022	0.19	0	0.31	0.047	-0.2	0.298	0.186	-0.3	0.302	0.138	-0.6	19.625	20.738	22.288
2025-05-11T15:00:00Z	0	0	0	23.102	20.175	18.15	101.465	1.747	642.825	0	1.5	116	0.05	0	0	20.725	3.923	0.34	0	0.31	0.048	-0.2	0.298	0.186	-0.3	0.302	0.138	-0.6	19.987	20.7	22.225
2025-05-11T16:00:00Z	0	0	0	26.247	22.615	19.775	101.442	1.792	827.6	0	1.53	132.325	0.025	0	0	22.9	4.008	0.512	0	0.308	0.051	-0.2	0.298	0.186	-0.3	0.302	0.138	-0.6	20.913	20.788	22.137
2025-05-11T17:00:00Z	0	0	0	28.645	24.035	21.175	101.382	1.83	1001.3	0	1.81	152.15	0.075	0	0	24.15	4.535	0.682	0	0.306	0.052	-0.2	0.297	0.186	-0.3	0.302	0.138	-0.6	22.288	21.1	22.075
2025-05-11T18:00:00Z	0	0	0	28.292	23.882	22.025	101.342	1.814	788.525	0	1.758	135.575	0.025	0	0	24.625	4.918	0.83	0	0.304	0.053	-0.2	0.297	0.184	-0.3	0.302	0.139	-0.6	23.675	21.587	22.037
2025-05-11T19:00:00Z	0	0	0	27.985	23.98	22.65	101.308	1.786	749.675	0	1.775	139.6	0.05	0	0	25	4.077	0.96	0	0.302	0.054	-0.225	0.297	0.183	-0.3	0.302	0.139	-0.6	24.663	22.2	22.012
2025-05-11T20:00:00Z	0	0	0	28.462	24.567	23.5	101.255	1.828	802.475	0	2.183	173.15	0.05	0	0	25.625	5.197	1.062	0	0.301	0.053	-0.3	0.296	0.18	-0.3	0.302	0.139	-0.6	25.312	22.738	22.05
2025-05-11T21:00:00Z	0	0	0	26.8	24.752	23.55	101.19	1.839	457.45	0	1.852	186.325	0.025	0	0	25.525	4.362	1.062	0	0.299	0.055	-0.3	0.296	0.18	-0.3	0.302	0.139	-0.6	25.825	23.25	22.075
2025-05-11T22:00:00Z	0	0	0	24.918	24.262	23.4	101.158	1.879	276.325	0	1.335	164.775	0.075	0	0	24.875	3.04	1	0	0.298	0.053	-0.375	0.296	0.177	-0.3	0.302	0.139	-0.7	25.975	23.675	22.163
2025-05-11T23:00:00Z	0	0	0	23.708	24.067	23.125	101.138	1.866	217.65	0	1.912	198.375	0.05	0	0	24.425	4.748	0.965	0	0.298	0.053	-0.4	0.295	0.176	-0.3	0.301	0.139	-0.7	25.738	23.938	22.288
2025-05-12T00:00:00Z	0	0	0	21.675	22.958	22.4	101.135	1.796	54.1	0	1.688	207.875	0.025	0	0	22.95	3.865	0.915	0	0.297	0.053	-0.4	0.295	0.174	-0.3	0.301	0.139	-0.7	25.35	24.075	22.387
2025-05-12T01:00:00Z	0	0	0	18.265	20.75	20.55	101.205	1.617	0	0	1.472	239.875	0.075	0	0	20.475	3.24	0.805	0	0.297	0.052	-0.5	0.295	0.171	-0.3	0.301	0.139	-0.7	24.637	24.05	22.512
2025-05-12T02:00:00Z	0	0	0	17.113	18.372	18.55	101.265	1.648	0	0	1.067	258.7	0.025	0	0	18.2	3.1	0.488	0	0.298	0.051	-0.5	0.295	0.17	-0.3	0.301	0.139	-0.7	23.8	23.925	22.625
2025-05-12T03:00:00Z	0	0	0	16.482	16.762	17.175	101.288	1.651	0	0	0.492	247.125	0.025	0	0	16.675	1.03	0.308	0	0.298	0.05	-0.5	0.295	0.167	-0.3	0.301	0.14	-0.7	23.062	23.65	22.712
2025-05-12T04:00:00Z	0	0	0	16.13	15.593	15.8	101.278	1.641	0	0	0.385	104.55	0.05	0	0	15.425	0.772	0.155	0	0.299	0.049	-0.5	0.295	0.165	-0.3	0.3	0.139	-0.7	22.413	23.35	22.8
2025-05-12T05:00:00Z	0	0	0	16.018	15.065	15.35	101.257	1.649	0	0	0.395	87.925	0.05	0	0	15	0.812	0.092	0	0.299	0.049	-0.5	0.295	0.164	-0.3	0.3	0.139	-0.7	21.863	23.038	22.8
2025-05-12T06:00:00Z	0	0	0	15.795	14.822	15.05	101.225	1.654	0	0	0.308	202.45	0.075	0	0	14.875	0.725	0.055	0	0.299	0.048	-0.5	0.295	0.163	-0.3	0.3	0.139	-0.7	21.4	22.738	22.85
2025-05-12T07:00:00Z	0	0	0	15.482	14.67	14.875	101.168	1.648	0	0	0.385	159.775	0.1	0	0	14.7	0.815	0.048	0	0.299	0.048	-0.5	0.295	0.162	-0.3	0.3	0.14	-0.7	21	22.45	22.85
2025-05-12T08:00:00Z	0	0	0	15.383	14.295	14.575	101.14	1.626	0	0	0.228	213.05	0.025	0	0	14.35	0.527	0.035	0	0.3	0.047	-0.5	0.295	0.161	-0.3	0.3	0.14	-0.7	20.688	22.175	22.85
2025-05-12T09:00:00Z	0	0	0	16.715	15.23	15.575	101.112	1.734	0	0	0.37	105.55	0.075	0	0	15.3	0.848	0.035	0	0.3	0.047	-0.5	0.295	0.162	-0.3	0.3	0.139	-0.75	20.35	21.938	22.762
2025-05-12T10:00:00Z	0	0	0	14.74	15.31	15.675	101.13	1.723	0	0	0.958	226.025	0.05	0	0	15.25	2.277	0.057	0	0.3	0.048	-0.5	0.295	0.161	-0.3	0.3	0.139	-0.8	20.163	21.7	22.725
2025-05-12T11:00:00Z	0	0	0	15.37	15.008	15.25	101.165	1.692	9.075	0	0.415	221.7	0.05	0	0	14.95	0.95	0.043	0	0.3	0.047	-0.5	0.295	0.162	-0.3	0.3	0.139	-0.8	19.887	21.475	22.675
2025-05-12T12:00:00Z	0	0	0	16.447	16.095	16	101.205	1.808	84.65	0	0.863	241.725	0.075	0	0	15.975	1.698	0.015	0	0.3	0.046	-0.5	0.295	0.161	-0.3	0.3	0.139	-0.8	19.663	21.275	22.587
2025-05-12T13:00:00Z	0	0	0	18.71	18.952	17.575	101.245	1.97	296.4	0	1.48	262.425	0.05	0	0	18.35	3.41	0.038	0	0.3	0.046	-0.5	0.295	0.161	-0.3	0.3	0.139	-0.8	19.65	21.1	22.525
2025-05-12T14:00:00Z	0	0	0	21.758	21.455	18.85	101.282	1.98	358.6	0	1.148	261.025	0.025	0	0	21.075	3.17	0.198	0	0.299	0.048	-0.5	0.295	0.162	-0.3	0.3	0.139	-0.8	20	20.988	22.45
2025-05-12T15:00:00Z	0	0	0	24.84	23.72	20.375	101.278	1.949	618.575	0	1.878	254.35	0.075	0	0	22.95	3.825	0.445	0	0.298	0.05	-0.525	0.295	0.162	-0.3	0.3	0.139	-0.8	20.75	21.038	22.363
2025-05-12T16:00:00Z	0	0	0	25.84	24.323	21.25	101.248	1.892	537.725	0	1.958	254.9	0.025	0	0	23.9	4.58	0.63	0	0.296	0.052	-0.6	0.295	0.162	-0.3	0.3	0.139	-0.8	21.775	21.212	22.288
2025-05-12T17:00:00Z	0	0	0	25.695	24.345	21.7	101.21	1.847	493.575	0	1.55	273.15	0.075	0	0	24	3.357	0.748	0	0.295	0.052	-0.6	0.294	0.162	-0.3	0.3	0.138	-0.8	22.688	21.587	22.25
2025-05-12T18:00:00Z	0	0	0	24.26	23.108	21.55	101.185	1.838	323.7	0	1.995	300.125	0.075	0	0	23.375	4.157	0.732	0	0.294	0.053	-0.7	0.294	0.162	-0.375	0.3	0.138	-0.8	23.225	21.962	22.188
2025-05-12T19:00:00Z	0	0	0	27.17	24.718	22.925	101.128	1.859	827.5	0	2.143	267.75	0.05	0	0	25.15	4.875	0.938	0	0.292	0.053	-0.7	0.294	0.162	-0.4	0.3	0.139	-0.8	23.475	22.275	22.163
2025-05-12T20:00:00Z	0	0	0	27.45	25.84	23.825	101.058	1.837	666.625	0	2.788	261	0.125	0	0	26.175	5.617	1.115	0	0.291	0.054	-0.8	0.294	0.161	-0.4	0.3	0.138	-0.8	24.188	22.562	22.2
2025-05-12T21:00:00Z	0	0	0	25.715	25.455	23.9	100.975	1.824	499.625	0	2.53	257.6	0.1	0	0	25.75	5.495	1.143	0	0.289	0.054	-0.925	0.294	0.159	-0.4	0.3	0.139	-0.8	24.762	22.9	22.213
2025-05-12T22:00:00Z	0	0	0	24.053	24.765	23.45	100.94	1.822	281.9	0	2.118	269.625	0.1	0	0	24.95	3.945	1.068	0	0.288	0.054	-1.025	0.294	0.158	-0.4	0.3	0.139	-0.8	24.975	23.238	22.3
2025-05-12T23:00:00Z	0	0	0	22.508	24.718	23.4	100.918	1.806	228.325	0	2.265	263.15	0.1	0	0	24.75	4.385	1.07	0	0.286	0.053	-1.125	0.293	0.157	-0.4	0.3	0.139	-0.85	24.85	23.475	22.337
2025-05-13T00:00:00Z	0	0	0	20.562	23.675	22.225	100.918	1.885	72.225	0	0.58	232.975	0.05	0	0	22.925	1.345	0.798	0	0.286	0.053	-1.225	0.293	0.156	-0.475	0.3	0.14	-0.9	24.55	23.575	22.438
2025-05-13T01:00:00Z	0	0	0	18.5	19.685	19.1	100.97	1.856	0.625	0	0.43	233.125	0.025	0	0	19.025	0.788	0.353	0	0.286	0.052	-1.3	0.293	0.155	-0.5	0.3	0.14	-0.9	24.087	23.575	22.5
2025-05-13T02:00:00Z	0	0	0	17.365	17.093	17.3	101.023	1.796	0	0	0.295	259.175	0.025	0	0	16.95	0.635	0.18	0	0.286	0.052	-1.3	0.293	0.154	-0.5	0.3	0.14	-0.9	23.488	23.5	22.575
2025-05-13T03:00:00Z	0	0	0	16.517	15.982	16.25	101.065	1.755	0	0	0.238	223.5	0.075	0	0	15.975	0.55	0.092	0	0.286	0.051	-1.325	0.293	0.153	-0.5	0.299	0.14	-0.9	22.85	23.325	22.637
2025-05-13T04:00:00Z	0	0	0	16.028	15.575	15.85	101.115	1.731	0	0	0.292	112.725	0	0	0	15.5	0.627	0.07	0	0.287	0.051	-1.375	0.293	0.152	-0.5	0.299	0.14	-0.9	22.262	23.062	22.7
2025-05-13T05:00:00Z	0	0	0	15.603	15.17	15.4	101.14	1.701	0	0	0.332	192.7	0.075	0	0	15.1	0.757	0.048	0	0.287	0.05	-1.4	0.293	0.151	-0.5	0.299	0.139	-0.9	21.712	22.812	22.738
2025-05-13T06:00:00Z	0	0	0	15.435	15.31	15.825	101.105	1.717	0	0	0.43	133.5	0.05	0	0	15.175	1.095	0.078	0	0.287	0.05	-1.4	0.293	0.151	-0.5	0.299	0.139	-0.9	21.225	22.525	22.75
2025-05-13T07:00:00Z	0	0	0	15.412	15.983	16.6	101.062	1.798	0	0	0.355	226.825	0.05	0	0	15.825	1.03	0.085	0	0.287	0.049	-1.4	0.293	0.149	-0.5	0.299	0.14	-0.9	20.8	22.225	22.75
2025-05-13T08:00:00Z	0	0	0	15.11	15.528	15.75	101.06	1.75	0	0	0.272	91.775	0	0	0	15.4	0.617	0.035	0	0.288	0.049	-1.4	0.293	0.148	-0.5	0.299	0.14	-0.9	20.488	21.988	22.713
2025-05-13T09:00:00Z	0	0	0	14.785	14.87	15.075	101.068	1.684	0	0	0.21	127.075	0.05	0	0	14.825	0.55	0.028	0	0.288	0.048	-1.4	0.293	0.147	-0.5	0.299	0.139	-0.9	20.175	21.75	22.65
2025-05-13T10:00:00Z	0	0	0	14.675	15.195	15.475	101.062	1.706	0	0	0.292	153.7	0.075	0	0	15	0.743	0.052	0	0.288	0.047	-1.4	0.294	0.147	-0.5	0.299	0.139	-0.925	19.875	21.5	22.6
2025-05-13T11:00:00Z	0	0	0	14.59	14.865	15.1	101.098	1.681	14.3	0	0.23	214.925	0.05	0	0	14.775	0.685	0.035	0	0.288	0.048	-1.4	0.294	0.147	-0.5	0.299	0.139	-1	19.625	21.275	22.538
2025-05-13T12:00:00Z	0	0	0	16.135	16.86	16.3	101.155	1.824	119.55	0	0.24	231.25	0.1	0	0	16.15	0.645	0.03	0	0.288	0.047	-1.4	0.294	0.147	-0.5	0.299	0.14	-1	19.425	21.125	22.5
